""	EGFR	PARD3	KLRC2	CANX	NECTIN1	APLP2	TFRC	ERBB3	THY1	PLXNB1	ITGB8	F2R	KCNJ10	CADM1	NRCAM	NOTCH1	NOTCH4	SMAP1	LDLR	TSPAN5	PTPRZ1	CD99L2	TSHR	KCND2	TRPC3	ADCYAP1R1	LRP8	UNC5A	INSR	PLXNB2	ADCY9	IGF1R	PTPRA	ASGR1	LINGO1	GFRA1	LRP6	TSPAN15	NCAM2	S1PR2	VLDLR	ROBO1	AMFR	TSPAN17	SLC16A7	LRP1	PILRB	ITGAV	DCC	RTN4R	PTPRS	CHRNA4	CD9	SDC3	CDH10	GPR37L1	FGFR1	MCFD2	CD81	KCNQ3	NOTCH2	LRP4	ITGB1	SLC16A1	ERAP1	LPP	SIRPA	NCL	SCARB1	SORT1	C1QBP	ABCA1	TSPAN14
EGFR	1	0.899533720396114	0.932238454472398	0.918993503468394	0.904999606756308	0.919091574873489	0.869234555835137	0.884383062126408	0.838144353137723	0.886773072892732	0.948369346924483	0.888495797474774	0.904415925164868	0.881191944880482	0.951926806762959	0.91550279995038	0.8029773446607	0.889015002331179	0.91178796348348	0.915087361452451	0.939351153842652	0.86373041451193	0.888337577327913	0.908677951968737	0.88221309624679	0.901745508158841	0.930697446961721	0.832856742804373	0.936669725485434	0.869807765231231	0.853426729801645	0.948447596870917	0.920504915678473	0.837632523824018	0.911894117556641	0.940943874985673	0.930058995449638	0.756778567873878	0.954107664047179	0.889033938689069	0.85605838855951	0.944036196538303	0.881321444957377	0.787492452259775	0.914423339602395	0.929833361303508	0.895822604406901	0.938147156508629	0.886839911265382	0.774189728795652	0.888333842685714	0.827289719584063	0.667202667712537	0.911857740644449	0.907263227876959	0.800096824188138	0.943549727730227	0.909090796194482	0.851398938891975	0.905854021887274	0.927555648132902	0.947774092391646	0.906470005723057	0.884114601250753	0.895577622975564	0.91730045925033	0.847331850941842	0.905408545965533	0.839160951085804	0.82637625002304	0.804540858009151	0.653886866454659	0.761244536397269
PARD3	0.899533720396114	1	0.908017882052858	0.962837947913741	0.939181893814291	0.954376723834255	0.850074272658629	0.891977454332676	0.921877886354994	0.923499460115285	0.948691491700357	0.937425542072077	0.955028016375333	0.93424155620665	0.959159870644739	0.950384585089115	0.825266413897457	0.939493760128688	0.928724433804715	0.947522796172888	0.953237340494767	0.923172886301131	0.90488470956508	0.878192459598254	0.897800843347293	0.87050914542793	0.941939785080131	0.85469304264414	0.943292950430444	0.871645538509806	0.900473244058901	0.947388575445684	0.961025709849742	0.81331133103366	0.906404420054209	0.948899753649026	0.953981481645423	0.867523433983135	0.932411246591029	0.891366909361828	0.89940453970919	0.959716583305361	0.92426946204974	0.853114021281069	0.937815690273936	0.949955230285116	0.923349091912306	0.955735325663401	0.84195873282577	0.856821311045891	0.909827120350717	0.88652426621967	0.726352758862426	0.932163022847823	0.833910938766206	0.889142766975658	0.922472561756615	0.951684514281171	0.910604109060174	0.890030033025957	0.858599625876712	0.94726621325433	0.955179935244646	0.925454934433221	0.889702808755559	0.913878894386195	0.885309070473632	0.938956141130137	0.916315622293315	0.836929997410647	0.895034809822743	0.624155459451749	0.75771298803441
KLRC2	0.932238454472398	0.908017882052858	1	0.907948652218652	0.90434078717085	0.906271615211822	0.812960425660493	0.857971807462375	0.899568759275565	0.88714378301236	0.912278587240865	0.903018860281674	0.909825893296866	0.886463139272983	0.930068450585645	0.915281019691223	0.808151251179367	0.927782887308376	0.898700277277741	0.927132209307724	0.916435454387558	0.884757935222909	0.84876472614299	0.882127633890259	0.884582299994418	0.855002446884542	0.892569580536372	0.853473470964506	0.906271072546828	0.859085961691927	0.832517440742668	0.905646413539439	0.917855567647214	0.859374128035663	0.923010891174104	0.916768161101238	0.910411706023262	0.791342992238922	0.903904312979066	0.902638645584902	0.857478471457734	0.92301591274963	0.869581543039773	0.845787387498249	0.880489272900652	0.929803011355313	0.895954568354873	0.918082116724236	0.853489306493263	0.841693082168727	0.856904239402939	0.855665122973692	0.641776942504781	0.912174538635166	0.873801968391561	0.859148315481906	0.938781255807913	0.922271617168275	0.895646117831436	0.864687052033648	0.87942734486242	0.936964110007217	0.904980818219449	0.89616170434753	0.852222794059296	0.885571997297676	0.820308814564609	0.872860929877213	0.858499054770129	0.764505553950778	0.872321401767108	0.585384234204396	0.746721263862683
CANX	0.918993503468394	0.962837947913741	0.907948652218652	1	0.959907061077914	0.989839083883745	0.886746281351075	0.936998340428133	0.93546165491219	0.947946582055692	0.981646865211134	0.962807596849584	0.983325965836122	0.969197002292557	0.982519880910628	0.970247876171402	0.838202297792718	0.952256794611765	0.958201162682922	0.96246383042617	0.980779864109121	0.947106442988222	0.920832557901022	0.890366875941035	0.914725423522059	0.886270701344619	0.971709502545587	0.866863647168476	0.967383465111247	0.909592114934831	0.913219079840013	0.977339617635107	0.984086512777787	0.827315583367144	0.920365266240411	0.983222096340194	0.980075446757929	0.905349732423012	0.959872631237594	0.905345978626872	0.942124715528169	0.987728783716168	0.954101638507475	0.867564269888837	0.952620674670884	0.968591756394933	0.938152988065	0.978921010914051	0.861254567205298	0.87652226366393	0.93138355464948	0.911649430358738	0.755670618664787	0.960098339708371	0.825781314305672	0.910602313316318	0.938059279629984	0.965112906289817	0.925570484156305	0.907427632721764	0.889601637021649	0.970933047086717	0.980516092215409	0.946720175974424	0.934449041328751	0.937062988103127	0.905353925674122	0.975642210644998	0.952142131390589	0.872950242223784	0.908151154070578	0.647025813151953	0.788967851033584
NECTIN1	0.904999606756308	0.939181893814291	0.90434078717085	0.959907061077914	1	0.942603657565175	0.837704015647214	0.947532346793596	0.958347765024129	0.969680965278894	0.938454429036141	0.951112433957078	0.966770798105708	0.96721546998878	0.951811581285394	0.974894801166363	0.838790150670066	0.963767729333127	0.943218170286062	0.964620939803137	0.930889834045592	0.939380783254152	0.878995124087804	0.866118455738388	0.897966657330277	0.888879251896496	0.940233941783261	0.886442788954289	0.948734704139684	0.909304342615299	0.875331688803977	0.952268392951293	0.970889204254793	0.83470224358721	0.950393677034122	0.960050087253386	0.945898650955467	0.889779905865577	0.903376623974769	0.92007676222138	0.910902882733253	0.957738192818349	0.944844822406681	0.905288682705583	0.906338933772404	0.971635359864785	0.927476999830493	0.948340963321809	0.819690608731049	0.918808780672005	0.86391083738284	0.946589441493184	0.719941229874279	0.971554561651095	0.800793406683664	0.928166814329041	0.926456214349193	0.949886868674352	0.952507604741427	0.872557838669163	0.877038885900991	0.94258106025783	0.945480770560852	0.931696434551869	0.909632036278254	0.879029578941711	0.89314165887163	0.910919611035404	0.958168219444096	0.813552393662632	0.939205920715649	0.580559145689912	0.779285000991966
APLP2	0.919091574873489	0.954376723834255	0.906271615211822	0.989839083883745	0.942603657565175	1	0.898539899348396	0.920962492865866	0.915913108282171	0.931040345543965	0.98220596837356	0.950528763612897	0.974163411003416	0.951447978452357	0.981020489119999	0.957349369140879	0.843687388271903	0.939034462619588	0.946371272920689	0.945942153699206	0.98480437078704	0.931407319700802	0.921249936485066	0.886046158550486	0.917350847444003	0.873599848480039	0.964191879769084	0.851205499518568	0.957720537734971	0.893437145135447	0.915520509870568	0.971157646909939	0.975151725611523	0.809323090774702	0.901812059583857	0.974982312941443	0.97575493036393	0.8830593245711	0.960306388408446	0.898459386813038	0.930929863011738	0.98457933055528	0.941031808326662	0.845221083156119	0.951038291322809	0.954157633801102	0.927826410498139	0.975491715112896	0.853988451406208	0.847222103219822	0.940198673547453	0.890540402344526	0.746303060509197	0.943901946469647	0.833159366506168	0.892081272232637	0.935706491156231	0.961768999506985	0.905938859469981	0.911328399864449	0.892465817343834	0.96786434597085	0.977362964007191	0.942311716128502	0.924559030687148	0.942469899662145	0.892918071212663	0.981377707302954	0.934948729881873	0.868284573214956	0.887514787272705	0.656666645826037	0.792485950152449
TFRC	0.869234555835137	0.850074272658629	0.812960425660493	0.886746281351075	0.837704015647214	0.898539899348396	1	0.829857576308123	0.781302346582488	0.830304902108325	0.884221874481165	0.83010833927627	0.850601126088095	0.836317846975502	0.891664201381594	0.851437712398379	0.801289053075737	0.81930370437876	0.869524935718028	0.847434233123056	0.87755414421964	0.804026259684939	0.830987476776171	0.787354639698673	0.817067240640192	0.809537811935844	0.882300918813859	0.767066588230603	0.87929613965346	0.85097227224426	0.81279254259302	0.88722300203473	0.86542454698794	0.753281719404855	0.811040815148853	0.869199660465612	0.885307247409299	0.772410226657563	0.885600571125633	0.82358731940264	0.81198529167076	0.881250526198557	0.854713376993537	0.727778040563654	0.868365565242376	0.866205909875544	0.846963148704525	0.885163225891486	0.791821550432819	0.71430878390775	0.846505310613896	0.766839089435401	0.782993302102511	0.837996798780704	0.773930632671245	0.755131600807306	0.874590883885539	0.871312855693174	0.810800676066137	0.857479632011577	0.860649421246755	0.86750589075678	0.901642677631019	0.846705000400502	0.867074147630406	0.902396167369432	0.83994305825062	0.881027468722845	0.816183046991142	0.869789650714817	0.756835544470207	0.8222573966651	0.863387496309763
ERBB3	0.884383062126408	0.891977454332676	0.857971807462375	0.936998340428133	0.947532346793596	0.920962492865866	0.829857576308123	1	0.915890695104453	0.957090445354644	0.920366380038301	0.918559263404093	0.933631210014815	0.957467490260713	0.925571858060522	0.942717184397024	0.796219751099862	0.919534233146637	0.932664756579278	0.937778256230945	0.904837742848235	0.903074393886653	0.841145032674099	0.822156935840081	0.870943244164978	0.870173945976651	0.932435151898054	0.877346808479599	0.921048609258511	0.897749270490845	0.871472794404393	0.948159900689193	0.945678520370278	0.812297938191437	0.909647225740292	0.944520412892872	0.932860886652577	0.875298330139261	0.892801493581725	0.90339795305349	0.914893316630992	0.931932368193796	0.926781010373056	0.863466331886338	0.877066730113135	0.946667639853461	0.887863461853478	0.929517327117434	0.795287576864325	0.880384660310472	0.843327958378707	0.91458435333351	0.708412675277805	0.956389311347267	0.758840801649511	0.889632182392029	0.898469966969542	0.908778827288146	0.909103349768266	0.848732699737273	0.884030860245848	0.923053453071835	0.918639605542819	0.908276080238731	0.913524599530591	0.855493425653708	0.874968444751985	0.894675893363543	0.934105987998189	0.82186365806752	0.885537955832179	0.583995936969536	0.761328354022936
THY1	0.838144353137723	0.921877886354994	0.899568759275565	0.93546165491219	0.958347765024129	0.915913108282171	0.781302346582488	0.915890695104453	1	0.956847363507909	0.89357456073539	0.954191548709032	0.955001152454685	0.962212544086652	0.913215615021003	0.957429425636906	0.83417343315714	0.982228094377256	0.92956104865764	0.956599666573836	0.897303217250317	0.938854176256442	0.838306823244488	0.820579339555076	0.87232476259905	0.841045679889113	0.888536343572638	0.887400497812321	0.909000530453521	0.880305281529634	0.869764966946344	0.902190299702042	0.958319080272117	0.850070509884846	0.940327273793552	0.924834752953936	0.910768437995752	0.908574110489111	0.850819552585422	0.903860933276967	0.897863484432841	0.924621985159854	0.913203778461793	0.932074200100627	0.863744629235259	0.953823300792993	0.899381937267592	0.912582215184894	0.785731023033062	0.961993018799967	0.81199726898591	0.9552161436073	0.694098545389204	0.957611529374085	0.73790028627311	0.95702596608938	0.902083208147477	0.94197845440095	0.97154024477096	0.833007365030305	0.827207940616139	0.911750798120821	0.926622003479286	0.921240004560756	0.85044364179191	0.831051239416585	0.867614459288547	0.873037625917144	0.958713467633935	0.744211645023186	0.984404514593069	0.505099235027221	0.745549835794532
PLXNB1	0.886773072892732	0.923499460115285	0.88714378301236	0.947946582055692	0.969680965278894	0.931040345543965	0.830304902108325	0.957090445354644	0.956847363507909	1	0.925467285040503	0.943421867681165	0.957968321236959	0.965487704431929	0.94075932976849	0.973038397583771	0.821765333790903	0.955254521406488	0.94878579836722	0.956902099156798	0.91438137281246	0.926304569909664	0.85403224007002	0.833368487587569	0.880621481046531	0.888331037958723	0.932558000472035	0.906277704708223	0.936305397055307	0.910503929626723	0.870916217234105	0.946245152987783	0.961242089528947	0.835407074306982	0.943689550031582	0.949863236062881	0.940009735930865	0.892755190420399	0.889087452228841	0.922436645010505	0.911681343916769	0.944484050210071	0.931686988311337	0.910380538291759	0.879454783318609	0.969773104430318	0.909972137235116	0.936185062401822	0.805678458992788	0.921891825909538	0.846335292327357	0.93932737618818	0.707102155002323	0.97081417723976	0.765586018112581	0.930567541428446	0.917678547052581	0.939989815790934	0.946423188585896	0.845030867829303	0.880739977516114	0.936825918504567	0.933918639763495	0.925216761874419	0.89006831202425	0.86923833905708	0.882224876254374	0.889815741270889	0.960295221433593	0.807170903947336	0.935853405605945	0.569240190664448	0.770773209217273
ITGB8	0.948369346924483	0.948691491700357	0.912278587240865	0.981646865211134	0.938454429036141	0.98220596837356	0.884221874481165	0.920366380038301	0.89357456073539	0.925467285040503	1	0.942224082685026	0.966878716221296	0.942142023304054	0.98736326392788	0.956178406067531	0.825561538403783	0.924483700490885	0.953514699913239	0.939797482152805	0.990260863468956	0.917779118083435	0.930971572986501	0.904528463814141	0.913820631749261	0.886983870432699	0.970707817443643	0.839988832892533	0.965675342172888	0.891463085958172	0.904558515241036	0.978781847831339	0.965546843078724	0.82216628173933	0.909153280826296	0.983123606298831	0.983262086159703	0.853329431056224	0.978138733309736	0.888412779755124	0.928919209858925	0.986879265011127	0.932129889649408	0.829612530145899	0.954740042335417	0.957486627105638	0.931345352640381	0.977748572631836	0.894653339730723	0.822926998144922	0.945869715451544	0.87298014237356	0.711725249575291	0.939824257115262	0.864113934937794	0.865078697829872	0.947417113205175	0.950584423704493	0.881420712457152	0.926403168823993	0.899226578067058	0.975749334005254	0.962903839213736	0.931134105660032	0.931577853444238	0.95196715398768	0.885256159194549	0.971253569077529	0.9109746963616	0.868422204090716	0.855358798235165	0.637700487188169	0.764246769244882
F2R	0.888495797474774	0.937425542072077	0.903018860281674	0.962807596849584	0.951112433957078	0.950528763612897	0.83010833927627	0.918559263404093	0.954191548709032	0.943421867681165	0.942224082685026	1	0.965968918345859	0.959404377515733	0.949065447574989	0.963972594185381	0.841419317963217	0.96099654219489	0.944955711877958	0.958488921590219	0.941575208238957	0.942621554233333	0.883366096224347	0.859053419781068	0.897742219822007	0.861147006002251	0.934081659036452	0.873817807896278	0.945602026832116	0.896880496193009	0.890998576061204	0.938130315518956	0.968589010419242	0.838424315954241	0.930688990794804	0.949519537014099	0.949345664438783	0.889527295078174	0.91472369125522	0.890441469870524	0.921656232074284	0.957051121936977	0.926441591259059	0.887159315176585	0.901404038390082	0.963076612061198	0.929230958221232	0.944896517215549	0.836042677236758	0.910397914609759	0.878728981976886	0.922143935689163	0.715497396855067	0.956977853651511	0.788315542596986	0.920600931352044	0.924115556265584	0.949976454402031	0.936884757188753	0.878443491608767	0.849522206622818	0.947883414581753	0.948273664709654	0.921698107687388	0.890507246621435	0.895459300622746	0.891942535330135	0.92305145468415	0.942074257413038	0.807044481346546	0.934384720013427	0.575100759615908	0.759152856775757
KCNJ10	0.904415925164868	0.955028016375333	0.909825893296866	0.983325965836122	0.966770798105708	0.974163411003416	0.850601126088095	0.933631210014815	0.955001152454685	0.957968321236959	0.966878716221296	0.965968918345859	1	0.966931397612713	0.969842131987234	0.977989899031376	0.850350727163755	0.963956398686877	0.952669076523297	0.969405807662954	0.966201691863348	0.952765090133954	0.902667305259867	0.885605819358437	0.913324190308565	0.881953086067725	0.952083052731082	0.866975673614451	0.955275144706333	0.903711297308897	0.898474222925835	0.960398764148268	0.983731860415464	0.841565847473914	0.938020493678613	0.975664279523048	0.967366747401289	0.893069656837513	0.936631067055172	0.909864260965747	0.943550128377671	0.976203970182465	0.950767964839726	0.888438272982773	0.929538220870823	0.973272982408657	0.938186283257511	0.968413103279229	0.847659686449339	0.903843063386642	0.909350642143867	0.930626277528057	0.74043593243452	0.966863101884536	0.811880600766925	0.926409491237882	0.933541875955148	0.969800665458351	0.945752454355338	0.901734463031772	0.874600896297617	0.964273361230999	0.968928309357563	0.941271488487011	0.914410078426967	0.912980629136108	0.912484732296512	0.953710415931335	0.951532481524357	0.838908968953823	0.930144840505061	0.602227724323659	0.778518906243971
CADM1	0.881191944880482	0.93424155620665	0.886463139272983	0.969197002292557	0.96721546998878	0.951447978452357	0.836317846975502	0.957467490260713	0.962212544086652	0.965487704431929	0.942142023304054	0.959404377515733	0.966931397612713	1	0.94720815300552	0.964010376981917	0.811820275868772	0.958887929521409	0.957756426697634	0.965483431381083	0.931272043531582	0.944252497449134	0.869347484409373	0.841713369981428	0.891885619951047	0.873934862735003	0.937734049791013	0.887377596039884	0.944629807631154	0.901576661405988	0.898311228136916	0.951258367289945	0.971377927895272	0.822755729468463	0.929471630669615	0.960396095749032	0.948952192639781	0.93187089119958	0.905279871689729	0.90361103344174	0.942044299162152	0.954396361859491	0.935586186317651	0.907878439790883	0.907165636972675	0.962104046560431	0.912341723449014	0.944931091627359	0.824644696611535	0.924241898651482	0.860811962106822	0.940833542735093	0.743266801213989	0.972032161583215	0.760063522613499	0.939565018000838	0.910608620386622	0.944924054947899	0.946824717483391	0.863140651621543	0.860681464069356	0.942089349138696	0.948134768933011	0.929606491053717	0.906381137955652	0.884238525745479	0.890683378464819	0.9190406929734	0.972709297084417	0.817570174353772	0.941213183058402	0.563468384221993	0.756875816055423
NRCAM	0.951926806762959	0.959159870644739	0.930068450585645	0.982519880910628	0.951811581285394	0.981020489119999	0.891664201381594	0.925571858060522	0.913215615021003	0.94075932976849	0.98736326392788	0.949065447574989	0.969842131987234	0.94720815300552	1	0.966572724519544	0.835238977378315	0.939952202620263	0.955630825583004	0.955439706723734	0.984119642380857	0.929600769668019	0.928754607327491	0.905156009977477	0.9232286516725	0.897541990781878	0.975944878416872	0.866092605135824	0.968335599709641	0.907423177521233	0.903987181842197	0.982405897314063	0.974021788697053	0.838606869850204	0.925816429297071	0.981225774061544	0.98268332909972	0.86007595645782	0.972036129276398	0.913623668057191	0.923426130768811	0.988767273262866	0.937860417888955	0.849293460366743	0.953242766943405	0.966650705436725	0.942102478251708	0.975467593310407	0.879422970594948	0.845472202587705	0.941094336216252	0.889690321215617	0.704421161564496	0.947347109784931	0.865639937579755	0.879890124164649	0.952604758155467	0.962075969846541	0.900008431626185	0.920066024653809	0.909323804396635	0.979492937469177	0.967777560015294	0.942863490472887	0.92317330835031	0.945407850220766	0.889705372017654	0.964630103922021	0.922571238715227	0.863437146073498	0.880506052730332	0.644799061790767	0.776202419491599
NOTCH1	0.91550279995038	0.950384585089115	0.915281019691223	0.970247876171402	0.974894801166363	0.957349369140879	0.851437712398379	0.942717184397024	0.957429425636906	0.973038397583771	0.956178406067531	0.963972594185381	0.977989899031376	0.964010376981917	0.966572724519544	1	0.854771021776211	0.970488535441086	0.958135597737001	0.968946551441172	0.951111547079753	0.949460743575487	0.883595907972531	0.879836831287309	0.910337444325326	0.892275231121076	0.954811569289512	0.89590227900119	0.96029076224637	0.91577859138738	0.899823487402249	0.962537678090903	0.979359135066507	0.851263845119634	0.956288723018875	0.96620013061453	0.963001718411698	0.877786552825237	0.923608830654783	0.935406447164819	0.930511512229868	0.969744021305657	0.939819008623501	0.912871095097244	0.911538490300924	0.986923632268075	0.945349015255326	0.958627625399131	0.836238242284528	0.916831879904406	0.888607258177285	0.933923242404073	0.722891958322615	0.971209551135322	0.819813372109138	0.926385197895808	0.951927335864927	0.963432285344338	0.952277244166068	0.893629982660578	0.889944382449061	0.96196564997464	0.958623628584063	0.942846503470897	0.906920599569343	0.907789741692163	0.90320079240944	0.921769531652038	0.953851861357731	0.819730546677412	0.935206738214832	0.604685620539202	0.78344108976044
NOTCH4	0.8029773446607	0.825266413897457	0.808151251179367	0.838202297792718	0.838790150670066	0.843687388271903	0.801289053075737	0.796219751099862	0.83417343315714	0.821765333790903	0.825561538403783	0.841419317963217	0.850350727163755	0.811820275868772	0.835238977378315	0.854771021776211	1	0.859439958637096	0.816223184809034	0.842246148607617	0.837614382052348	0.804995301335233	0.767025364692151	0.759157988635448	0.78287342980805	0.775598984914112	0.804877949108566	0.764087635017288	0.834089006044184	0.791185824427917	0.783809782948302	0.820706354118401	0.856615296457467	0.760671738101006	0.832215434973499	0.827440540179447	0.828987354781848	0.729305894802842	0.823166833806229	0.808194007712463	0.765441191683257	0.841320098896949	0.838564833769588	0.79141057566221	0.802602572233464	0.857151919077628	0.814270607171198	0.843263471871534	0.712090571645167	0.778529066393285	0.770857869353249	0.798598432304456	0.68059893026173	0.828411620413473	0.727559258941044	0.783737495777475	0.831961619637838	0.865387836889407	0.843104739599529	0.799507998079562	0.799000281665362	0.821619455440188	0.860923803102118	0.817742146375271	0.793125141393614	0.776848552200669	0.817234980858263	0.827622890547593	0.802784931051187	0.726130831316092	0.80759620120952	0.612006630708264	0.762534124206622
SMAP1	0.889015002331179	0.939493760128688	0.927782887308376	0.952256794611765	0.963767729333127	0.939034462619588	0.81930370437876	0.919534233146637	0.982228094377256	0.955254521406488	0.924483700490885	0.96099654219489	0.963956398686877	0.958887929521409	0.939952202620263	0.970488535441086	0.859439958637096	1	0.937823967730197	0.966426800339032	0.926672706867901	0.946279630525422	0.859946367572908	0.867037177977094	0.89109969863427	0.869492042858101	0.913128772621405	0.882799822812491	0.931127311509169	0.891034640509776	0.882190851329155	0.925881489794917	0.973360142520198	0.867942695117445	0.95548339894011	0.944102450183019	0.931352047331884	0.889545422864706	0.88971487451116	0.917537003418561	0.904408131298377	0.946316094609528	0.921382266238814	0.920375600674514	0.890346991494648	0.971444930345444	0.919497645261151	0.93693182851546	0.818232353193556	0.944561186322249	0.846788156594178	0.943806220096197	0.712658327668228	0.965428005480271	0.804234892752225	0.941078653733552	0.933117130925462	0.956738934525916	0.971257570531503	0.869947942837187	0.863119628425609	0.937195162291901	0.944777680086112	0.928975561206139	0.878274697903619	0.868107992088388	0.886904777532435	0.898573875903862	0.949029645280115	0.776930424753654	0.965941562048266	0.565013579901445	0.773655948274228
LDLR	0.91178796348348	0.928724433804715	0.898700277277741	0.958201162682922	0.943218170286062	0.946371272920689	0.869524935718028	0.932664756579278	0.92956104865764	0.94878579836722	0.953514699913239	0.944955711877958	0.952669076523297	0.957756426697634	0.955630825583004	0.958135597737001	0.816223184809034	0.937823967730197	1	0.942946164457413	0.944495572732835	0.91988318502602	0.892590662595887	0.855978316670037	0.89511300763801	0.872957055251067	0.945796012293426	0.872215006237912	0.944872599105468	0.894279001041365	0.897701544582669	0.952593410030994	0.955873498833532	0.837506024883963	0.934970537883689	0.958904571605883	0.960680857507561	0.876969428754028	0.925170428203723	0.902616509190886	0.916175980495979	0.959720655433758	0.917499787619639	0.870947645461465	0.907354363766071	0.959241805460422	0.923253359858269	0.951135823482331	0.860560217313983	0.872875804581794	0.871002004996111	0.905382776458692	0.70015706347484	0.952205142906706	0.802882536324897	0.889560641229668	0.948884620491141	0.945923070805921	0.906589369785398	0.88198436887549	0.882892183108995	0.950945361632853	0.940183916314132	0.927431270205186	0.894241981333382	0.909946474210268	0.871160812340133	0.916407663346112	0.933851410169469	0.820327597535846	0.897876094753771	0.590246215205274	0.753141523993651
TSPAN5	0.915087361452451	0.947522796172888	0.927132209307724	0.96246383042617	0.964620939803137	0.945942153699206	0.847434233123056	0.937778256230945	0.956599666573836	0.956902099156798	0.939797482152805	0.958488921590219	0.969405807662954	0.965483431381083	0.955439706723734	0.968946551441172	0.842246148607617	0.966426800339032	0.942946164457413	1	0.936294505622575	0.943892670151625	0.871083404562077	0.872986048982822	0.898268453974145	0.898680290473001	0.935422754302837	0.899776796396519	0.947993628745048	0.914462494939925	0.892461351033011	0.948370471415843	0.974406071999582	0.867713990397731	0.947648359509425	0.9547052610327	0.946474657928366	0.891631676766868	0.919740363362294	0.92401042609359	0.923583571178778	0.956884671370481	0.937614435200958	0.900904641831868	0.91620370873914	0.973154447218428	0.928917032672403	0.9527960301552	0.84199743986245	0.927175103431584	0.878919450715241	0.932873366389768	0.749855796313434	0.967452272592752	0.818430991570825	0.92448539828484	0.926689973765335	0.959750302964751	0.961013364081216	0.883992501800797	0.881737975453247	0.954255793083657	0.950601860232062	0.929832801482967	0.908005952966132	0.892951005481546	0.912328538333247	0.918968121205818	0.947036265725473	0.833348835425619	0.940118667975268	0.615427787680416	0.786901499057751
PTPRZ1	0.939351153842652	0.953237340494767	0.916435454387558	0.980779864109121	0.930889834045592	0.98480437078704	0.87755414421964	0.904837742848235	0.897303217250317	0.91438137281246	0.990260863468956	0.941575208238957	0.966201691863348	0.931272043531582	0.984119642380857	0.951111547079753	0.837614382052348	0.926672706867901	0.944495572732835	0.936294505622575	1	0.920632791157321	0.938885146865586	0.907028173683862	0.91838438849788	0.868631655258057	0.965159951835972	0.830320864452686	0.960557075286028	0.877925992558109	0.907599442322865	0.972352405305035	0.963694300401059	0.811565265223944	0.902933729649637	0.97852565139846	0.978905962102505	0.845019785057352	0.97821176839058	0.883589495673044	0.919092729130105	0.988944764058627	0.926737576683169	0.818230788247179	0.956383196347697	0.953120101056446	0.930928149232292	0.980306332343904	0.877880485614122	0.822091503966935	0.955441249994981	0.873007476230674	0.69241059386857	0.930295270430388	0.860701127502777	0.864762327189858	0.946508707606124	0.951121436473317	0.877873777613413	0.924110983772515	0.898033901619107	0.973698497005747	0.963460908881686	0.933746243764804	0.921880901057673	0.941854284911085	0.872043120511874	0.980781577088189	0.905111811945453	0.848039839685593	0.859865817725045	0.625141036569211	0.759580418510143
CD99L2	0.86373041451193	0.923172886301131	0.884757935222909	0.947106442988222	0.939380783254152	0.931407319700802	0.804026259684939	0.903074393886653	0.938854176256442	0.926304569909664	0.917779118083435	0.942621554233333	0.952765090133954	0.944252497449134	0.929600769668019	0.949460743575487	0.804995301335233	0.946279630525422	0.91988318502602	0.943892670151625	0.920632791157321	1	0.858484097209549	0.863329794780792	0.876263714756948	0.849364815153223	0.903436315571579	0.856275772364116	0.920838594257282	0.887802020669747	0.883041014321717	0.918973879648299	0.952958616792609	0.81928969190725	0.919257440995651	0.930861309536396	0.917545253519418	0.876103486346487	0.894187950904985	0.881602328673009	0.914688295434408	0.936151650894686	0.909076485564493	0.886897640818954	0.885588158660867	0.944584344230846	0.903385602302807	0.923101143594937	0.810429039687249	0.9047855417187	0.850081067349295	0.916565823037415	0.718393500564457	0.94035005536402	0.7710504204226	0.912145161254147	0.91035255401455	0.932294965193296	0.936012522603091	0.859073496544764	0.840638078619058	0.924890526602353	0.928002105607265	0.915347794624091	0.867011317321109	0.867830834611936	0.8746071786221	0.903662612638405	0.932299423798635	0.789475799752997	0.91885350732036	0.55402211110155	0.731716440197075
TSHR	0.888337577327913	0.90488470956508	0.84876472614299	0.920832557901022	0.878995124087804	0.921249936485066	0.830987476776171	0.841145032674099	0.838306823244488	0.85403224007002	0.930971572986501	0.883366096224347	0.902667305259867	0.869347484409373	0.928754607327491	0.883595907972531	0.767025364692151	0.859946367572908	0.892590662595887	0.871083404562077	0.938885146865586	0.858484097209549	1	0.852134990894975	0.876116743447138	0.819783198341829	0.913546470851382	0.750875134356033	0.907740214489601	0.812955219363729	0.868234082653883	0.923621725690011	0.905425121848632	0.738373254285238	0.836776545513535	0.917330290809783	0.926470915374665	0.79906497614048	0.92647742758361	0.814313433825037	0.847750940614181	0.934658348310426	0.865699016852303	0.735335543899189	0.923640296425855	0.882646042131708	0.877205094473411	0.921870733927949	0.843549148550584	0.750654412558453	0.918290165494198	0.814369411968574	0.630538174388081	0.866519290676959	0.796381521424113	0.790791468208005	0.884203708683623	0.888324331357785	0.807161194022911	0.886594526114954	0.840261337227719	0.912802866677072	0.907083180599267	0.874023706656713	0.863541834682642	0.908972628182998	0.820188226494991	0.930053254584386	0.845374333375008	0.800114758982372	0.803937340714788	0.582910809080015	0.721083416769369
KCND2	0.908677951968737	0.878192459598254	0.882127633890259	0.890366875941035	0.866118455738388	0.886046158550486	0.787354639698673	0.822156935840081	0.820579339555076	0.833368487587569	0.904528463814141	0.859053419781068	0.885605819358437	0.841713369981428	0.905156009977477	0.879836831287309	0.759157988635448	0.867037177977094	0.855978316670037	0.872986048982822	0.907028173683862	0.863329794780792	0.852134990894975	1	0.828341747734012	0.824599397593273	0.877824611278657	0.765203278910669	0.875517957479928	0.831628248587853	0.796234195448406	0.8890988426418	0.882639210891535	0.790529719163199	0.870586730778525	0.904155866164917	0.878230165506894	0.737721525421384	0.894619752436269	0.836482973122654	0.831357508801381	0.899064472226824	0.848192572188435	0.760234117309978	0.865350579157418	0.886993211429296	0.865843904260416	0.89539211905771	0.822263424195573	0.769107600230681	0.843893043685675	0.797439933302384	0.628037800282842	0.877363525044379	0.860952501504472	0.790775345828905	0.906322274481105	0.868687797947708	0.829880933471861	0.861753711916478	0.852882817290354	0.906656330187358	0.872638201256657	0.854509451734366	0.822522547705658	0.85841710509669	0.808163265477685	0.878081239683231	0.809808016222926	0.769717838350955	0.784078303252156	0.60434772308533	0.691157733477093
TRPC3	0.88221309624679	0.897800843347293	0.884582299994418	0.914725423522059	0.897966657330277	0.917350847444003	0.817067240640192	0.870943244164978	0.87232476259905	0.880621481046531	0.913820631749261	0.897742219822007	0.913324190308565	0.891885619951047	0.9232286516725	0.910337444325326	0.78287342980805	0.89109969863427	0.89511300763801	0.898268453974145	0.91838438849788	0.876263714756948	0.876116743447138	0.828341747734012	1	0.834249645610413	0.911971795762691	0.811894524023285	0.899060225091461	0.844169886052624	0.869028873394501	0.913419809016523	0.914872203234732	0.768234632639369	0.879024962933081	0.900771379777654	0.919808560314729	0.820650230238388	0.893697550320196	0.868314953284551	0.873031455915849	0.919282430940314	0.884659397099961	0.805601170917068	0.880321312098192	0.912066345514735	0.887323892765448	0.913152348450971	0.811494802800034	0.814201175994328	0.889057121559623	0.8582473592717	0.639527165682131	0.892693817003587	0.812868443431341	0.829337839832682	0.894075518116039	0.911551713001965	0.857381636352202	0.861254700639738	0.844406977156191	0.917828081418532	0.908580445720718	0.901534444742826	0.87645902232023	0.878616606397445	0.825486120410267	0.894626153638098	0.875643539992273	0.78041651709193	0.846310480773231	0.588515730927162	0.768539555715957
ADCYAP1R1	0.901745508158841	0.87050914542793	0.855002446884542	0.886270701344619	0.888879251896496	0.873599848480039	0.809537811935844	0.870173945976651	0.841045679889113	0.888331037958723	0.886983870432699	0.861147006002251	0.881953086067725	0.873934862735003	0.897541990781878	0.892275231121076	0.775598984914112	0.869492042858101	0.872957055251067	0.898680290473001	0.868631655258057	0.849364815153223	0.819783198341829	0.824599397593273	0.834249645610413	1	0.882264503339241	0.820804386037387	0.887274595735391	0.866647528399387	0.822926261862496	0.897728120054622	0.905554976442577	0.800356250566634	0.88331777880451	0.893420341536993	0.881437602287173	0.783447349363531	0.879583555199294	0.854780827536048	0.835917863727294	0.887464811183268	0.862923405672194	0.79503383844574	0.850217220452894	0.900882391707594	0.870540251197324	0.898778594977092	0.810850587947618	0.798092019829293	0.814630698903142	0.829614817146123	0.747385201752233	0.906964425510437	0.818355001165011	0.819339543935931	0.875860932995149	0.888663854584567	0.875562887556318	0.826327617096698	0.869808807407956	0.893549607369007	0.874589832005692	0.844080350590305	0.864702778635347	0.862899899444738	0.893623125643002	0.842741548295414	0.85723651636278	0.805648735091397	0.82026192203761	0.646566882686344	0.732507815890023
LRP8	0.930697446961721	0.941939785080131	0.892569580536372	0.971709502545587	0.940233941783261	0.964191879769084	0.882300918813859	0.932435151898054	0.888536343572638	0.932558000472035	0.970707817443643	0.934081659036452	0.952083052731082	0.937734049791013	0.975944878416872	0.954811569289512	0.804877949108566	0.913128772621405	0.945796012293426	0.935422754302837	0.965159951835972	0.903436315571579	0.913546470851382	0.877824611278657	0.911971795762691	0.882264503339241	1	0.848857597534346	0.960044103431121	0.894965923521073	0.89503356120717	0.978561150840028	0.959601437829559	0.793282199572433	0.898634105453276	0.964450653324205	0.976145217726949	0.865185841515667	0.956985880092765	0.905839907501463	0.921035297114802	0.975227055614211	0.932767512527088	0.820321744873013	0.940525433606229	0.952854801226014	0.934313443177377	0.965751166240792	0.845087863914688	0.825774583894525	0.930553029401446	0.873058874345551	0.703618446687	0.934622071537707	0.841943648749632	0.863972647680646	0.933690191624385	0.93897270639433	0.874998916119754	0.896197536548885	0.895031232395004	0.962069992111384	0.956650840388464	0.924150187839469	0.926237331869385	0.931133947715334	0.875386473624532	0.949328936843793	0.922105118447069	0.874071470021642	0.851434725900504	0.649778837978587	0.765459940330741
UNC5A	0.832856742804373	0.85469304264414	0.853473470964506	0.866863647168476	0.886442788954289	0.851205499518568	0.767066588230603	0.877346808479599	0.887400497812321	0.906277704708223	0.839988832892533	0.873817807896278	0.866975673614451	0.887377596039884	0.866092605135824	0.89590227900119	0.764087635017288	0.882799822812491	0.872215006237912	0.899776796396519	0.830320864452686	0.856275772364116	0.750875134356033	0.765203278910669	0.811894524023285	0.820804386037387	0.848857597534346	1	0.856465180779381	0.880425013954168	0.824966165900161	0.862426385359552	0.876713310939943	0.802457425003782	0.878912872559305	0.868373906644434	0.850215393694399	0.821931302963613	0.812904739382193	0.879389984733948	0.845867127635675	0.863403059034702	0.85894057515482	0.861637351174323	0.81241982647318	0.892063119219452	0.829125894774681	0.855300569702149	0.741144286058219	0.864095940433496	0.757406443965014	0.861249325265186	0.663096767698275	0.892693361608952	0.725919027849537	0.859242447003262	0.854862945960641	0.86633484377131	0.88968335753779	0.765110855242105	0.8323676140254	0.865720849371568	0.865561945265161	0.854930652930123	0.821563106116429	0.799704730581418	0.80218915488482	0.806674413700689	0.882639844481957	0.743324872972297	0.875331884511709	0.531644378017329	0.698203638225747
INSR	0.936669725485434	0.943292950430444	0.906271072546828	0.967383465111247	0.948734704139684	0.957720537734971	0.87929613965346	0.921048609258511	0.909000530453521	0.936305397055307	0.965675342172888	0.945602026832116	0.955275144706333	0.944629807631154	0.968335599709641	0.96029076224637	0.834089006044184	0.931127311509169	0.944872599105468	0.947993628745048	0.960557075286028	0.920838594257282	0.907740214489601	0.875517957479928	0.899060225091461	0.887274595735391	0.960044103431121	0.856465180779381	1	0.907178780528927	0.896516095841775	0.966321215186384	0.957839643004199	0.830295045684243	0.918453807910653	0.965453197514528	0.961954026074922	0.862548684827111	0.956347322060633	0.901708808515137	0.922974293275395	0.973377767979794	0.933486271743645	0.865710550702669	0.927577425880303	0.961448469017598	0.933631981463818	0.961829759467936	0.853221927498904	0.855842859061035	0.917106223529103	0.889603522341306	0.743229868139647	0.941340896115126	0.836936436633175	0.885566894130669	0.93663161663607	0.953610526150938	0.90947829771588	0.895046331681784	0.902384034086641	0.961527913833158	0.954868660858957	0.921193297869062	0.917251272748032	0.936325078414932	0.893077003689928	0.940966256497799	0.923327300301011	0.856699435761497	0.880186227844027	0.646123723635442	0.792718350417582
PLXNB2	0.869807765231231	0.871645538509806	0.859085961691927	0.909592114934831	0.909304342615299	0.893437145135447	0.85097227224426	0.897749270490845	0.880305281529634	0.910503929626723	0.891463085958172	0.896880496193009	0.903711297308897	0.901576661405988	0.907423177521233	0.91577859138738	0.791185824427917	0.891034640509776	0.894279001041365	0.914462494939925	0.877925992558109	0.887802020669747	0.812955219363729	0.831628248587853	0.844169886052624	0.866647528399387	0.894965923521073	0.880425013954168	0.907178780528927	1	0.844895978782937	0.900157633308722	0.907484904192037	0.824243791451503	0.90103351687956	0.905758707611009	0.890996616075725	0.832982729504247	0.870573732223667	0.883457276899889	0.875791393202599	0.90198626559296	0.900619883138059	0.853748499215643	0.846362698903997	0.920987102624688	0.868071148923326	0.898916758460097	0.77666177089895	0.855448149639514	0.812733250656643	0.88040915125059	0.753571744243427	0.913339301096054	0.779625911467663	0.854215999123066	0.890970751746976	0.903289968888143	0.902627016562278	0.834784304091863	0.873136660085112	0.897178289423841	0.910620555103348	0.879696735165165	0.869970506484354	0.862662714878135	0.873372298050392	0.859769617146528	0.884850705657527	0.819643192654258	0.859774722249559	0.685911949702528	0.800606542786877
