""	EGFR	THY1	ITGB8	LRP4	LRP6	CHL1	GPR37	GPR37L1	CD9	SORT1	AR	CD47	SDC2	CD44	RAMP1	NRCAM	INSR	ADCY1	ITGAV	CADM1	ADORA1	PTPRK	CALCRL	LRP1	LPP	ITGA2	IL17RC	MRC2	TFRC	TSPAN12	FZD3	ATP5F1B	C1QBP	CD82	ITGA3	SLC16A1	NT5E	NOTCH1	ABCA1	TSPAN5	SCARB1	CANX	ITGA6	EDNRB	DPP4	PTPRZ1	CD46	SDC3	FZD7	PTK7	SMAD3	TNFRSF1A	FZD6	CD63	FGFR1	FGFR2	ITGB1	LIFR	TNFRSF21	RAMP2	PDGFRA	PTPRA	TNFRSF12A	TLR4	SORL1	CDH11	ADGRV1	RYK	RACK1	HMMR	PTPRS	SLC16A7	NOTCH2	PILRB	AMFR	SLC1A5	CELSR2	MCFD2	APLP2	KCND2	SDC4	TSPAN10	NRP1	CD81	TRAF2	NCSTN	JMJD6	TSPAN17	CD99L2	MERTK	NRP2	RHBDF2	STX3	TNFRSF14	SMAP1	SIGIRR	PLAUR	TSPAN14	CD68	TRADD	HLA.DPB1	APLP1	LAIR1	ADORA3	STX4	ADGRE5	CD74	ERAP1	LAMP1	GPNMB	TREM2	NCL	ITGB2	VSIR	CXCR4	LRP10	RPSA	CLEC2D
EGFR	1	0.928704288226926	0.986039102944845	0.801773994939877	0.919621583473326	0.992023240394526	0.861745791590199	0.928066225462734	0.965045242548084	0.975564796105041	0.955797110843451	0.964300301815339	0.961592994074877	0.851815971390202	0.912561974698099	0.985857469129394	0.811460897601595	0.949176685607023	0.959616189127613	0.982270879240412	0.973959950823308	0.611187725695825	0.944067082670653	0.962342295901733	0.946488172837031	0.84468014456167	0.887770756858853	0.962410690311796	0.628577006319578	0.971149944577964	0.970816957187366	0.957090063005401	0.94296472138735	0.96340275292253	0.922853015304622	0.963775849921522	0.968393110500502	0.941435011048659	0.851901847693973	0.959233963552046	0.821202906754951	0.987129547973251	0.937062701804014	0.865102968107792	0.751468782720101	0.980570628993287	0.836752999770901	0.887307760291857	0.932096795857991	0.878183075488788	0.975065480774287	0.955091249494111	0.867564543217866	0.961589011626887	0.84975132690488	0.832153107643713	0.831540296109693	0.961680650566089	0.9370220491396	0.891313879005171	0.949635291772657	0.970032714551042	0.892946030107201	0.697743947992771	0.735089279741215	0.908173515457951	0.769702458233347	0.961497127230909	0.867948758719531	0.889427909779134	0.83402671293395	0.894515483441729	0.909228112102613	0.986961412745655	0.624049191350838	0.548628790744224	0.979122872323144	0.826156572027434	0.962806871165587	0.970475152197159	0.883817086114441	0.669029981384239	0.735336318956563	0.582805304847884	0.889868584057111	0.935843399506579	0.869550479141572	0.904305044218556	0.831842297686463	0.523144800499197	0.759307638309679	0.534306135773164	0.652472010250656	0.598999536920799	0.803684272344515	0.606534141231462	0.0812913160793333	0.599811430220603	-0.037131835841527	0.385956752772846	-0.0636036667327264	0.916737358975375	-0.0656978449556716	0.0180361391741373	0.746800369450407	0.231355683111192	-0.0767508238849821	0.910039605730634	0.794163530325413	-0.0789385945662761	-0.0608470829416322	0.916730479961401	-0.143804387683613	0.132539674073135	-0.421887577399696	0.917849032192834	0.908360847032202	0.235797515941161
THY1	0.928704288226926	1	0.954643538497082	0.686426440673995	0.955425101285083	0.93718954982774	0.948310333333825	0.987141699491066	0.813068465270247	0.974723554582339	0.970768742459623	0.975798468081079	0.86862852281113	0.829471465899075	0.983146254529681	0.951822226160276	0.757211036261475	0.976976339165003	0.964838089354994	0.966410123277745	0.951134734391683	0.525309296164389	0.92316627165335	0.887403526917449	0.882897323419237	0.948837774344199	0.874180150031193	0.928727972444689	0.439237512924595	0.945769991063425	0.94574322831583	0.982998173645579	0.97008284792139	0.971977595629545	0.763981328469109	0.819408318812465	0.945042920406825	0.96447623756767	0.774793463903697	0.969876859002715	0.589147074699947	0.921586035478028	0.946123595452232	0.872374394800357	0.878492480073639	0.961893097169428	0.765036524265486	0.922748022322579	0.83407489394543	0.90233701810658	0.964615851512594	0.929619664141148	0.938785137435577	0.979794504106442	0.695546045361771	0.907007995526339	0.844585610995815	0.960800623999152	0.949538875601148	0.898929942855137	0.915689683264561	0.965441807139262	0.845764899603448	0.815663794271354	0.773736598658661	0.948312471995893	0.813548302222232	0.946699597934744	0.733964571053068	0.873300682655265	0.858162974656935	0.842997979241583	0.898974952202461	0.953230772997662	0.717045585898922	0.443165982517847	0.955208499005733	0.776459568442095	0.957946772432262	0.972937603658773	0.742734992646805	0.597192534081825	0.672620970678114	0.619915938207217	0.884354839335263	0.937532403184193	0.785097965156365	0.907779360803493	0.862941865675353	0.59242924801176	0.607477511349496	0.58396508043457	0.420707856205112	0.621076133610335	0.869532315309036	0.668778391395553	0.126010215553887	0.630257696021252	-0.0170624327697928	0.419103187978852	-0.0215018769208525	0.967209494796243	-0.0343680931675325	0.0567610209143132	0.704647203659252	0.339098495480536	-0.0273562337193418	0.916941281565726	0.821722996935634	-0.110540743103336	-0.00948969209946199	0.88679267683362	-0.0913239264394383	0.16813395991973	-0.443038097883804	0.955726059874362	0.903635220423942	0.183255934806217
ITGB8	0.986039102944845	0.954643538497082	1	0.793219766138823	0.956484101503743	0.991808206486798	0.909849838400705	0.950944633231129	0.928095502022641	0.9756770232676	0.957254422311108	0.965981060853256	0.951743367593939	0.827347281520948	0.948095950508058	0.989679726635345	0.794645826293264	0.95812036320176	0.973895582821203	0.978318830506689	0.973941229486292	0.635112768239572	0.953596573884837	0.961177703875817	0.948031898333759	0.897182811856722	0.882931746020187	0.962967558321814	0.57628872840494	0.969417632451307	0.967927019501668	0.966593912818236	0.963613175352272	0.964482577698032	0.902409477939003	0.92561384474416	0.974673344361448	0.962484062059362	0.84781130485656	0.971332138820731	0.746444141839549	0.972387703122166	0.957621502425781	0.871294696855254	0.788825814969359	0.994292171677023	0.822761629348024	0.908942918494368	0.890719207516808	0.880354834101143	0.978747961858316	0.961507127955895	0.895501791248599	0.981386135292536	0.810182430016664	0.854632979343724	0.836843423680918	0.990192071980201	0.957237896065573	0.908673468166498	0.946373641413848	0.979634600597961	0.885159147583078	0.746764929226563	0.73965323896923	0.936307171301519	0.803663278232914	0.95739135777399	0.825028505297666	0.873940274535632	0.830621286054382	0.871516875899587	0.913893429071316	0.987550246051289	0.651999317444019	0.544654664267588	0.985636487474322	0.820060059677285	0.96077213544616	0.981075222038278	0.849580616314458	0.625297141184072	0.734079955609973	0.594956636420974	0.847484728437136	0.955342118105316	0.865022194343896	0.920409095393867	0.842333705417103	0.532647280543887	0.697080664369531	0.534066061171653	0.575904448390737	0.591189893912234	0.814450345992877	0.632456096113866	0.0817979316085043	0.5982250185142	-0.0486763377200936	0.379970980648046	-0.0679282068483975	0.925957448992201	-0.0723831273313063	0.0131176017130235	0.725942306073891	0.255550257883127	-0.0799196808932779	0.90655128193425	0.797866793558508	-0.102706870655759	-0.0644230007519435	0.909359001693815	-0.147591066263927	0.126979896723572	-0.455709027036717	0.927560274805998	0.902680432696966	0.191763926552126
LRP4	0.801773994939877	0.686426440673995	0.793219766138823	1	0.63045651621124	0.773102936787594	0.606678495088397	0.727473484095919	0.825256073002059	0.727992125056756	0.665985176892648	0.75579598450857	0.792863236241456	0.637716385214301	0.768631885239026	0.743408330474831	0.390869438652018	0.707826517895108	0.695985955334843	0.782376554875186	0.755115577370077	0.296333526916131	0.60167946906663	0.766629339542109	0.677585953306516	0.679152771759741	0.905657217953656	0.695629189182843	0.380982142785009	0.849967184400335	0.664874080299903	0.736308060760208	0.70877264938641	0.785125121649151	0.811820538752031	0.790208794607483	0.677089800023478	0.760970156566307	0.511643781707678	0.790836421235879	0.766209363508203	0.783307204465151	0.661945945395322	0.878817957765504	0.638348688664577	0.74001961129717	0.481873469383534	0.558054457874733	0.634590192683984	0.802230907071354	0.748479544638946	0.663272124058677	0.782721066236252	0.702659285315413	0.498634581127513	0.768016794968285	0.535458317160686	0.778563230170097	0.851541696672891	0.577213598611065	0.60932573335162	0.685194759239201	0.497322550525054	0.616707574732473	0.392463378018485	0.730913048277961	0.884793812448105	0.697744659484779	0.617322273127833	0.580668876674972	0.378188953610908	0.918047211313065	0.515768828145064	0.779277808738899	0.200983389902521	0.676634994666788	0.781995681732848	0.707560235374109	0.749388978791626	0.727432515922746	0.567579142916797	0.862641668679297	0.460105998192586	0.292305543096325	0.680196336900529	0.816709099339222	0.606093075791497	0.5613495042356	0.418743690982963	0.171450493624941	0.485598995499803	0.212499784526025	0.434054429108696	0.110112411086466	0.643345606878621	0.258197810759486	-0.134349589602378	0.145575223269339	-0.214596646297028	0.0842706463525625	-0.219624827808857	0.750173927915277	-0.222960376617802	-0.0922822186599506	0.302519676375996	-0.0723302509585743	-0.221780381304921	0.579222675646648	0.481118581389961	-0.209936044644525	-0.197398621982188	0.61155670375812	-0.296028496783834	-0.0857925532112698	-0.456708104398091	0.70501600522651	0.677144619891766	0.104312616271239
LRP6	0.919621583473326	0.955425101285083	0.956484101503743	0.63045651621124	1	0.943968424679036	0.94983885045779	0.932865072980251	0.829832137470991	0.941586153425235	0.933661435042642	0.930034985553907	0.89052772328563	0.799528576378992	0.930037585936938	0.959158231826684	0.823060721183627	0.925839162336268	0.973940178089692	0.933368374423075	0.938213066520643	0.695761152893637	0.964844399695532	0.92140816685316	0.941287008896441	0.920653075378558	0.779315621232099	0.95053965992216	0.564349944517177	0.893372098699415	0.958090860380425	0.939816801997403	0.960276298866724	0.919615905272352	0.832034771152095	0.832975686183717	0.95462885007352	0.946143146459819	0.860193414637709	0.939145241054282	0.616718588327061	0.919062409130212	0.973312513164415	0.776919227194942	0.78325410443587	0.971466714805002	0.849051231008033	0.949910965090479	0.836133657919326	0.802880696115245	0.952286488269201	0.960221900040471	0.854758636351501	0.975531274543136	0.783718054987559	0.807473418608694	0.875249631143927	0.970642639260758	0.891033588638663	0.940117654129652	0.932172749816534	0.966372411325129	0.905797922300392	0.776250365241803	0.797213585244929	0.924054622649418	0.715288052708054	0.938483840376976	0.788175604656384	0.859598119782755	0.881889773015666	0.748007432100785	0.938532316235827	0.94727026039702	0.773354823278254	0.47667315344371	0.934087929048821	0.801460515158927	0.926700941940688	0.962124979318986	0.825636094995405	0.489513116157724	0.762982628410375	0.684441056996251	0.798720254241367	0.91861154280545	0.846300568987965	0.960799996253961	0.909854668806811	0.639564245428707	0.666710652410604	0.607358648163123	0.524595143474618	0.677496955131875	0.820447452840379	0.737922583271261	0.189792478332015	0.703055476077116	0.0518027876490234	0.465316962788054	0.0416469100307391	0.883940676764303	0.035024538119376	0.0969076709885601	0.784229050880476	0.366767351198925	0.0292392798655344	0.908616348510074	0.833020641836867	-0.0521899632825353	0.0369914431595568	0.916851367278676	-0.0357969663417373	0.231094254930836	-0.390175030834674	0.921637552732931	0.88938270706683	0.186962922776606
CHL1	0.992023240394526	0.93718954982774	0.991808206486798	0.773102936787594	0.943968424679036	1	0.886423617451454	0.935395735286477	0.946432911352874	0.973545267417022	0.958795561301338	0.957653701005636	0.9598330440327	0.828667438805918	0.916934667818861	0.992111274999931	0.825256948409575	0.952471844641366	0.970313183094504	0.977472325335534	0.980501065979257	0.639084125400403	0.961579752948506	0.965948488465951	0.9575594503985	0.855392181886382	0.859633052188204	0.968270005318433	0.617829936294307	0.962779662645401	0.97766446296602	0.955067611353343	0.950232732973239	0.955299598853747	0.917731793816555	0.940957409415244	0.972855527359654	0.947613802407762	0.863286062860077	0.958168451403392	0.785684235393888	0.977057711736179	0.955910212840957	0.839481098524802	0.751222528217761	0.993270341063045	0.844874486048298	0.909833181683563	0.927219458629787	0.859418657272732	0.973413498054413	0.966851149700918	0.858882588104387	0.972462282939309	0.851143698705864	0.8245947489364	0.840292528788174	0.974280560241447	0.936060569897336	0.912206587441821	0.959666767346737	0.97808273807506	0.907565973647005	0.697383847863898	0.746111146369287	0.903355107367002	0.748635089912404	0.959953952677448	0.851724982600498	0.882363088986013	0.855231363911335	0.859748240308499	0.921205524917644	0.983566321006749	0.644955608576263	0.529318402642439	0.976004553983414	0.809844969615996	0.955758760314411	0.981417454880247	0.89039792262909	0.60945217226396	0.741622070973337	0.597336021417932	0.856207462954695	0.936565630326309	0.867612462824904	0.92263180351524	0.859181605262522	0.537422137559542	0.72744371966292	0.542095347913134	0.626472436897034	0.624361955181835	0.792672783892795	0.632020539915081	0.0921985213849074	0.628144980561841	-0.0338495021403574	0.397246363999878	-0.0566411070906774	0.908096614366003	-0.0608597608395249	0.0198828032792461	0.760468353488994	0.261420590677652	-0.072265158416782	0.922736026862481	0.801235137619995	-0.0926363835949856	-0.0585967297860288	0.923152787342313	-0.139033948500917	0.141716146002535	-0.426774499692623	0.920300281488863	0.902150316334802	0.223098991611387
GPR37	0.861745791590199	0.948310333333825	0.909849838400705	0.606678495088397	0.94983885045779	0.886423617451454	1	0.913168212854936	0.748664068255968	0.914661331782841	0.892022073264906	0.914390915362693	0.857271160078854	0.750310582947809	0.931934040105653	0.896026404576114	0.741095802091914	0.900701968693459	0.921496802047958	0.890212133750867	0.876493531042095	0.578269364286764	0.914344595946651	0.828059411763649	0.855670471995891	0.93244256799536	0.787463817071433	0.861822266564345	0.382676368276833	0.87988497912049	0.897371163774661	0.927777256705508	0.919117402273026	0.895634063523937	0.71937364017539	0.754609549328656	0.899535535122958	0.883083524300321	0.754422365752734	0.936064667901044	0.499571117727899	0.860528718347432	0.915782761861205	0.812277204629139	0.885695336056136	0.922654349093477	0.753118244854123	0.866858538863561	0.744460512912945	0.846829691841441	0.914135694538651	0.883698930761464	0.900178919261496	0.926684637149988	0.653569883610798	0.884334050216012	0.811477087162488	0.936996161845898	0.882861278923691	0.842091619535237	0.902313649171893	0.923246936296848	0.80088809162488	0.784066093869961	0.722868858255104	0.92895769850741	0.749244824251303	0.890254274530907	0.66292742993436	0.824296666277446	0.802605381878418	0.756143799854315	0.870362604424388	0.912459270426828	0.773889086065044	0.477019306330493	0.898008177184748	0.750062876924008	0.893767098236818	0.922599151332694	0.694626722026288	0.484210114280683	0.664411244785405	0.59448211023247	0.775991147218028	0.892956411836914	0.763455441418167	0.885550965019523	0.867288982338215	0.567962101829944	0.514462036448123	0.533672905508523	0.327802898467804	0.58951165167646	0.830540972578934	0.655962710266068	0.116755972313419	0.61686826546718	-0.0478163590913893	0.421701431073831	-0.0372565730313298	0.888752353766752	-0.0465238005964714	0.0333291595387008	0.650103567136894	0.445851594950337	-0.0443377348140858	0.849144798376258	0.787298622843757	-0.15035544793785	-0.037603700188253	0.846883052504419	-0.101381120925998	0.150822546632541	-0.407236131596697	0.874133130163455	0.836411135193456	0.172020293127147
GPR37L1	0.928066225462734	0.987141699491066	0.950944633231129	0.727473484095919	0.932865072980251	0.935395735286477	0.913168212854936	1	0.81034419381158	0.966545317428933	0.970217657088874	0.967923656608279	0.853100351353457	0.829950142420468	0.979220829843445	0.947904168305014	0.736841617181857	0.979668710572287	0.949790525334377	0.968946023460488	0.95924624833315	0.48276846381703	0.89335166747444	0.877283759861401	0.863345533885502	0.932841401418594	0.886660955136472	0.924669436200617	0.416808014858278	0.952738943287262	0.93091954020333	0.972260936818555	0.956608636270779	0.970909866374109	0.768904851044171	0.814942008337253	0.921590118659608	0.973340598520767	0.747879035349599	0.957836513380342	0.600089258118893	0.908220437357029	0.927862978402812	0.87928392044559	0.864351332465319	0.952774771095897	0.7311454330513	0.9127103865431	0.841772190695227	0.906113475997525	0.947655963561532	0.912240541464227	0.933480403101227	0.969146254451361	0.674822201671499	0.914251673144237	0.810403482012908	0.952085457740625	0.961767414715748	0.88609417746121	0.886546968228769	0.951738067284228	0.823500091957563	0.795378824677561	0.747955404645138	0.923718780126548	0.837080459903568	0.924543681805549	0.722215252636562	0.840861597371066	0.838713545032553	0.863842813363617	0.865753576687111	0.940075185242138	0.643435209975078	0.417941372589958	0.952223094312001	0.742626693989909	0.944696017226696	0.972588087204074	0.726021386867768	0.631686290785342	0.631999545428729	0.574229581528727	0.888869911982498	0.934621301090742	0.762239844910141	0.875685500083901	0.810263340624358	0.542626759820126	0.595207751093154	0.5498215076463	0.429779695183609	0.590483235182052	0.846002664573475	0.627760412870443	0.0837650760753217	0.587383671096032	-0.0503356268809137	0.382149672623477	-0.0606662296531329	0.971273656310571	-0.0769706792623401	0.0218598625260065	0.676014608742927	0.287268274075974	-0.0662291088871971	0.908872819532833	0.786565328003348	-0.11539789663017	-0.0445031552640053	0.860390048768755	-0.12839501485164	0.12941937188798	-0.453272402593488	0.957102065180485	0.891447669061021	0.174658983764205
CD9	0.965045242548084	0.813068465270247	0.928095502022641	0.825256073002059	0.829832137470991	0.946432911352874	0.748664068255968	0.81034419381158	1	0.897826064681507	0.854740973810281	0.888102190674844	0.959981157067422	0.8139825674364	0.804903286392076	0.927179453038042	0.770066752052645	0.841778511623619	0.88996955728257	0.914896334979668	0.90692308561374	0.621584582370793	0.882982558233565	0.95132494114136	0.921491224701815	0.723278070826891	0.843208843750007	0.907277134501151	0.728658244959532	0.910358791356072	0.906781056471159	0.868029091600526	0.863767005122302	0.884731071631362	0.959804861226601	0.988330224416011	0.909495544157026	0.853528393438873	0.847503518327084	0.888729792851873	0.923488302220119	0.965696370735805	0.871924919306419	0.809673096333224	0.618462185185929	0.914204443796006	0.832842106575592	0.794570056764369	0.899507364166207	0.802400331359197	0.913845107518082	0.903994845204345	0.767502377164034	0.878741527429127	0.878916265128534	0.721712296637969	0.787293118524078	0.892526841146378	0.850593424008667	0.818159339072714	0.889641053046884	0.894953610557353	0.847822717966923	0.605144624586508	0.675052152433422	0.829997729924498	0.694899826059647	0.903727651208067	0.900331586072621	0.831910903450713	0.729338954286493	0.869101700463325	0.843398238317026	0.936620831337662	0.545808308501348	0.646816379967759	0.912551880799386	0.840413356788113	0.904542489232706	0.884578581765762	0.904059406264059	0.683817964950086	0.758823347994167	0.560128672293575	0.824119002957794	0.875004753043398	0.860104851024392	0.842112361443272	0.760308495234115	0.472897089103752	0.815225063967492	0.48634522445066	0.743804898542941	0.529327315537603	0.727010165082329	0.548602236921389	0.0940662363459809	0.54874272894084	-0.000131375230858163	0.370383709622891	-0.0331866366082132	0.809919963296441	-0.0251415286393945	0.0478028563807407	0.718580389185333	0.167709379789234	-0.0485923406694728	0.831192290161967	0.739399210150033	-0.0402772959390517	-0.0359262228319677	0.881312117315459	-0.116939287847703	0.146114206121794	-0.35809989653448	0.82876926971403	0.85873485957856	0.265935146842422
SORT1	0.975564796105041	0.974723554582339	0.9756770232676	0.727992125056756	0.941586153425235	0.973545267417022	0.914661331782841	0.966545317428933	0.897826064681507	1	0.986461087617	0.987191880231938	0.92943697973108	0.870826095149258	0.949793986553509	0.978564736970043	0.824271493936165	0.979493274756992	0.976896046106074	0.989854429429909	0.97725209823748	0.575228838673261	0.952050622629254	0.931777527267811	0.932351367961189	0.898409077966333	0.883945243730269	0.954180970610412	0.561814070827734	0.970078666177901	0.975444159013263	0.987241928387886	0.973482175721743	0.985183423070646	0.832603490916386	0.903953786307812	0.974874870849301	0.956641911289184	0.844008357551021	0.976988159501501	0.722442510114145	0.970169098516868	0.956828943068988	0.873146837581385	0.829420682575257	0.979240472176323	0.832286767819984	0.921076848755856	0.908688747758285	0.901809236058729	0.987545345509867	0.960651882347862	0.906447638535463	0.98259451837714	0.793447236345636	0.887953936239983	0.874715695042251	0.965491847680669	0.945255645251897	0.913095432698905	0.955637064470252	0.988616402758988	0.890597394787636	0.769962932523482	0.796385671515862	0.938078566500974	0.779028785114435	0.981944387063501	0.824598168499049	0.913725804481684	0.869036509893716	0.874468536163499	0.932951113124792	0.9853703780487	0.709141910960076	0.504971158772065	0.981459378944159	0.822070219975603	0.98356093329834	0.979587031448886	0.826090161683438	0.628408553442532	0.73353957444639	0.63707139223021	0.915460135851774	0.946703350594886	0.855407081778053	0.928551125266425	0.879845900732849	0.605490584362173	0.715165997860845	0.61198111077237	0.551831113271513	0.664222359742624	0.863366651744411	0.679148158022747	0.15177327088465	0.666560777947586	0.0212360285004098	0.463281104009071	0.000612601110882728	0.958518773932004	-0.00353656379683207	0.0827008961648614	0.771221051939483	0.350958241746952	-0.00741829649971475	0.947916666204925	0.854643058933542	-0.0466979077648338	0.0100773625950238	0.934647025939181	-0.0659531675920051	0.203372920553798	-0.37995997078193	0.957368101545025	0.932086988134989	0.263638333744116
AR	0.955797110843451	0.970768742459623	0.957254422311108	0.665985176892648	0.933661435042642	0.958795561301338	0.892022073264906	0.970217657088874	0.854740973810281	0.986461087617	1	0.969735251893154	0.877484665285314	0.848236317938794	0.932754353015273	0.970246209133041	0.833222778529694	0.989400083995269	0.961742341159468	0.976091416217641	0.972482436246791	0.558111604298781	0.943684612188157	0.901687235625318	0.908140442202911	0.882651944819356	0.838728572406475	0.949255553283899	0.526678654406572	0.944556417668782	0.969938296696564	0.973766079229383	0.956024785558628	0.966629551704997	0.794955044933154	0.869075439622785	0.965534334248677	0.950612874382996	0.826382979181465	0.945456677947958	0.667059070514581	0.938560990602041	0.938157557850686	0.827312637427252	0.802741429182702	0.967457954449582	0.811643504353063	0.930740168407578	0.918785025982012	0.872360243824623	0.963777520323649	0.948392104530172	0.878751916581702	0.974858636570867	0.787548483874724	0.854432106741095	0.842662991152278	0.941732508564926	0.928039052875332	0.911697629100216	0.95176590398666	0.979974268105629	0.898057328281843	0.729626053763116	0.789156901677029	0.901644456933362	0.736000093807282	0.959220150708262	0.797474950403893	0.907068642088287	0.909222215520487	0.82733494097319	0.935916132680225	0.957907395035615	0.687094574085214	0.38683068406244	0.968109653689173	0.755575033165195	0.957836849354596	0.977843298292924	0.817545599254143	0.57035286818305	0.693418648863398	0.605558885830718	0.903164340420392	0.913235176693224	0.825151571596252	0.916559073323282	0.870347206323637	0.594007479228147	0.692469329854171	0.60345985982959	0.539832121079735	0.694213134905323	0.82702537233312	0.664466624675093	0.133406989160754	0.676188720256593	0.00614719648223389	0.437798314491655	-0.0182491228419415	0.951186310408037	-0.029338130451421	0.0510354404397169	0.780388220632817	0.315678189356922	-0.028795647219821	0.955681315623252	0.832174687035137	-0.0417704626695991	-0.0104759898106965	0.910486324282892	-0.0838543273055841	0.180606825061308	-0.395039418484865	0.947322311854562	0.909180457148017	0.233343839169047
CD47	0.964300301815339	0.975798468081079	0.965981060853256	0.75579598450857	0.930034985553907	0.957653701005636	0.914390915362693	0.967923656608279	0.888102190674844	0.987191880231938	0.969735251893154	1	0.909747531198194	0.890448343813063	0.967706353326627	0.963946978328444	0.768436127177424	0.97421387472637	0.963764149413139	0.9836716209082	0.964118601944228	0.518521495695445	0.924871464609551	0.914784408886652	0.906148816365891	0.91614724447396	0.92105686105719	0.930406580894433	0.522651177595534	0.977032233350858	0.950993785329466	0.994477490489018	0.974009725089761	0.987098911139228	0.825459695015512	0.895674343279911	0.96015503853659	0.955140272480359	0.812117502440532	0.983259479982452	0.708059219555199	0.967761400203577	0.945572852846884	0.915628564345236	0.865145829607632	0.963551508427301	0.803791339476375	0.897497429032153	0.866698364134142	0.935650367870989	0.979064054431981	0.944489980553717	0.948379095970659	0.974713217533512	0.740898520448095	0.91259146751816	0.858334221043734	0.95892156594646	0.957295385376313	0.877866817388503	0.93088025191066	0.97356363616001	0.84666131068102	0.809132416749213	0.784279368230851	0.947666916935751	0.825912168167523	0.962940340363542	0.812794474701309	0.903551492685451	0.825804474021218	0.906418395060889	0.902983211676201	0.977555365746701	0.680911705452458	0.550309457630567	0.969220365538153	0.845027722918441	0.985892029525284	0.967777083147739	0.775974455652691	0.682932517937434	0.729597402274129	0.624097712462651	0.929390424310042	0.967297960944837	0.832832061727264	0.904513324404584	0.848684743736155	0.589518849749778	0.692330951843769	0.591014654544576	0.505351665098343	0.609955780238206	0.903579086982705	0.651313973052374	0.148189111053594	0.619367722867608	0.0151418267591502	0.451562399785386	0.00668402283669491	0.968341933942729	-0.0044666451416081	0.0949714703293999	0.712584533277077	0.325278489160355	1.29833248258956e-05	0.92226235325955	0.847591023444539	-0.0584084216676167	0.0173004126039379	0.915034600197186	-0.0651687708230358	0.195443658796729	-0.395321116798554	0.95856368569828	0.94337565331973	0.253001245116336
SDC2	0.961592994074877	0.86862852281113	0.951743367593939	0.792863236241456	0.89052772328563	0.9598330440327	0.857271160078854	0.853100351353457	0.959981157067422	0.92943697973108	0.877484665285314	0.909747531198194	1	0.79435153182025	0.856038772245578	0.935742263716063	0.771021929399008	0.870857609312882	0.918263574093488	0.927579357194049	0.914545739227801	0.649579825991655	0.922926824103099	0.942300950658467	0.932240711701665	0.806523713474285	0.851788560687352	0.905630395261497	0.633161643246968	0.931764706053283	0.926568039469496	0.906735912770154	0.899436859931813	0.907494120130306	0.919395133912377	0.950859811135934	0.921760363373544	0.871905793488053	0.833937927062473	0.93921262583799	0.826173970963116	0.958137895981127	0.907450371235406	0.838441414785263	0.729442093068502	0.944461433938663	0.827033024053789	0.816082972063797	0.863668505411806	0.833779206510975	0.948514217470738	0.912392074086151	0.819654250189987	0.911497124632755	0.829917094635181	0.803353923687908	0.814504035591175	0.940187419915537	0.879787450243713	0.840305323032362	0.924734041001544	0.925267902076267	0.851335152194783	0.663314254455585	0.677758953821785	0.902479966935813	0.735057595079214	0.936816200846602	0.842553649478687	0.864148474141743	0.747230118853359	0.862718124878094	0.867874334096434	0.960407244268672	0.633363315085729	0.636482948557496	0.935996881382181	0.840610639145728	0.918333659691776	0.916185987293658	0.869487148175751	0.645445932698234	0.725645286530324	0.567696730778588	0.813762789121355	0.897556702627436	0.865326394734196	0.876521006436921	0.817065862045695	0.490403569609516	0.736056105054021	0.484967972510858	0.64635914037724	0.541583254907618	0.765063718278873	0.591488775913124	0.0673058677131955	0.565874845889734	-0.0522784034458508	0.378781912203449	-0.0720167051560493	0.848184640241291	-0.0599480791883134	0.0193331696285591	0.711762615094777	0.298481084851895	-0.0838514320093915	0.841030149492555	0.760119427063003	-0.122172277276232	-0.0739290679398182	0.897579301818106	-0.149622644616096	0.126379815358038	-0.369584328899347	0.850727048298041	0.861108848858416	0.255890340777564
CD44	0.851815971390202	0.829471465899075	0.827347281520948	0.637716385214301	0.799528576378992	0.828667438805918	0.750310582947809	0.829950142420468	0.8139825674364	0.870826095149258	0.848236317938794	0.890448343813063	0.79435153182025	1	0.813296615878043	0.85580945641104	0.785246908500118	0.838800730198004	0.857335417323674	0.871076912182753	0.847648433353082	0.591441148201868	0.812923885344745	0.822217824982431	0.836274950704217	0.775692124966904	0.795643621938218	0.830086027584943	0.619785384382997	0.835882398277614	0.850183714430586	0.870203258444539	0.871350372887332	0.870140436456323	0.734566530368012	0.855330724083569	0.852103280435744	0.838648683708003	0.811307810940659	0.845282690404938	0.70705421002738	0.883341824150123	0.849891204052942	0.772103251790729	0.736413909376876	0.822807253256527	0.852037186443934	0.807349125191398	0.808411925137801	0.795267504697796	0.855209191505795	0.854667080938261	0.804930192962406	0.86114778994426	0.743359890861237	0.770445146134625	0.832848792805162	0.809183374433675	0.798558971241031	0.806810986946701	0.802776044063814	0.869840995138918	0.821174641913944	0.715964479099844	0.791618656739171	0.8261960019203	0.679347064181588	0.86922749050937	0.890711796856585	0.771529735038366	0.738243526199094	0.795328483440628	0.831372882880007	0.855211455764068	0.693594395958093	0.569638197362062	0.834305935298171	0.797805967306345	0.889358126880466	0.826286916320899	0.745377458273354	0.591348660081811	0.759207827376005	0.64033633401606	0.880892805317409	0.832620941907307	0.876426386832274	0.827211237983228	0.782417789960265	0.607445137313448	0.821935757462937	0.629549051924849	0.651128853727583	0.717556285827197	0.858169191327266	0.720347715119915	0.311994166960257	0.647089490435864	0.201548142723345	0.637749421107019	0.169053828618525	0.833342582593919	0.146029064951968	0.205201952506049	0.724369483707062	0.47716213529799	0.151649941720213	0.851277584926613	0.833674219685115	0.19587447638846	0.144057492643258	0.876036168309698	0.125647237710844	0.345875462006675	-0.0861824534473685	0.878426732672736	0.942512862652395	0.432361118568764
RAMP1	0.912561974698099	0.983146254529681	0.948095950508058	0.768631885239026	0.930037585936938	0.916934667818861	0.931934040105653	0.979220829843445	0.804903286392076	0.949793986553509	0.932754353015273	0.967706353326627	0.856038772245578	0.813296615878043	1	0.927924093748048	0.66754597925551	0.955425116799956	0.939971782114996	0.952804423970757	0.930021382496237	0.469229368156279	0.872196504768727	0.874262805091268	0.850049909730285	0.965454369536851	0.922467764173446	0.895507619128057	0.388614938450287	0.955454845238792	0.901309282582428	0.972470229289487	0.959782740223199	0.968876890948624	0.767617908862049	0.804274972639477	0.913278194554783	0.963700316221757	0.723457074512123	0.970568417318872	0.584543851667999	0.908628145327208	0.921164089596921	0.924054264931228	0.898446354475488	0.940326812135744	0.705192947586054	0.879982422068491	0.769859463165029	0.928697059275635	0.947139461145197	0.897264967867989	0.972574657152544	0.959215096490555	0.619105619337174	0.936282485514186	0.808509614684639	0.960717713126732	0.973267775665703	0.856397751355686	0.861616836235874	0.933868586251261	0.770273826794178	0.860279542301231	0.727720360175192	0.95333378170272	0.894594533417489	0.916107647709857	0.696870043479376	0.82533058440822	0.765258096212934	0.886583221312958	0.835965049290629	0.940812180229623	0.645702646418918	0.519592872216947	0.944480685294667	0.791870418593156	0.947459786242942	0.948866679982154	0.674117269327668	0.674153776013828	0.646894801901167	0.584896856582484	0.861986402581244	0.961149679285676	0.75605006768081	0.863803532100652	0.789771505781662	0.53986616403295	0.550146344373313	0.533837404442118	0.361323477059958	0.512475794275506	0.884033776434507	0.616722341864501	0.0935176981807018	0.536566575879287	-0.0485078592303787	0.366802829630833	-0.0442404773572348	0.968042454423862	-0.0597415619242279	0.049707888433941	0.609451208400991	0.278760404581045	-0.04674964281766	0.864437251195161	0.785212426801708	-0.137773141217592	-0.0258607086364065	0.844706662176161	-0.117440881619236	0.131956020085995	-0.478959359408008	0.94463660292299	0.889536475694	0.151105159048216
NRCAM	0.985857469129394	0.951822226160276	0.989679726635345	0.743408330474831	0.959158231826684	0.992111274999931	0.896026404576114	0.947904168305014	0.927179453038042	0.978564736970043	0.970246209133041	0.963946978328444	0.935742263716063	0.85580945641104	0.927924093748048	1	0.849966325853276	0.960738163636355	0.983536748899923	0.983330428698502	0.985631607038579	0.660483371316503	0.969941364509067	0.9639147459625	0.9643231451371	0.877069346041948	0.845193701014248	0.984263695488109	0.626877554277035	0.950994605138544	0.988750071421963	0.959559473328193	0.961406245199534	0.960050429094276	0.896829683673269	0.927740549898284	0.981374590470192	0.964090873007071	0.879460837297939	0.957111418270677	0.761601782544818	0.974726444247928	0.966640384770912	0.824561419903004	0.757864444054487	0.994346119596225	0.865451310518734	0.937695605098448	0.934379205272803	0.8492222927408	0.975541835114183	0.977448066642873	0.861387325808096	0.983768678462678	0.856423157286528	0.822672039514617	0.862453722417254	0.974369689361338	0.931293288191722	0.937214989213807	0.957462490982779	0.988222764663176	0.929031459027703	0.717684915409262	0.780125702372704	0.910504120809415	0.744080582891565	0.963053463002004	0.860185918199429	0.880712799188485	0.884781665969416	0.840503687399065	0.939738417808499	0.982856542353905	0.688052587307444	0.501259853250757	0.975155671729911	0.808606386115471	0.962644303666299	0.988077888777542	0.892347818181845	0.586073946782103	0.761679304362967	0.62968388119339	0.866793917185071	0.936787025356356	0.876674045157383	0.937811503826895	0.878061503593863	0.576039894349169	0.748511398998531	0.578985022341123	0.628940883831252	0.669670134659665	0.803229489165194	0.672725975456232	0.13187714108448	0.665404596796111	0.00566432931039912	0.43886655379946	-0.0208055808871842	0.918065451984836	-0.0286125305592724	0.0435208706174065	0.78683881479691	0.287798285509794	-0.0365248706127622	0.942186094579503	0.82190209053169	-0.0485300912596686	-0.0242538996643662	0.933014317830335	-0.0987370993628418	0.176893695043926	-0.404854240283684	0.938775681896657	0.917145303809165	0.228092819934624
INSR	0.811460897601595	0.757211036261475	0.794645826293264	0.390869438652018	0.823060721183627	0.825256948409575	0.741095802091914	0.736841617181857	0.770066752052645	0.824271493936165	0.833222778529694	0.768436127177424	0.771021929399008	0.785246908500118	0.66754597925551	0.849966325853276	1	0.778532857776695	0.848033476769742	0.795770584564983	0.821543548629118	0.784813521958087	0.898093885692212	0.809280743440484	0.882493885243146	0.625505398522962	0.513290598549037	0.857475649712998	0.734330757169489	0.707254582112539	0.887510802499171	0.762960987045298	0.788656463301571	0.754146806890614	0.729747869764547	0.794613948282817	0.863816807801087	0.747593989572886	0.906340759412461	0.735582983322675	0.65920028196788	0.812259376750352	0.844730622718804	0.488931552882123	0.49754681210296	0.828817846806628	0.922342951473161	0.858787307922173	0.905317252960439	0.585299950108493	0.801888942755237	0.874977445299603	0.567326337221581	0.823971220069397	0.92250248112998	0.55316486330676	0.821618300328736	0.77010409194605	0.654688973123472	0.872296840497655	0.874706068370221	0.866320153278413	0.944408855884746	0.476773412432604	0.79550351789992	0.691597228826644	0.351223036359977	0.845195994809738	0.843776295085619	0.763737385448056	0.905685072436399	0.530355679712579	0.920702462344086	0.809000676378971	0.800586026412125	0.315358587128542	0.797331382799691	0.651455673061877	0.787770018655573	0.810082865909769	0.89669009042481	0.233290806912694	0.789636092224492	0.661867378117131	0.707850540345939	0.689657078079001	0.86101559223647	0.883929496114408	0.890083487200756	0.644951116682854	0.814327628254703	0.653211856500345	0.718188290112555	0.876355652303837	0.625195487674739	0.747616583649025	0.306675491944532	0.834827431025486	0.208196429733765	0.617697853941161	0.15593063248091	0.684875934188669	0.15798501780866	0.145550767337246	0.910311245136249	0.492203940850359	0.132795779496054	0.885686263603475	0.800339530541894	0.184923703964728	0.124152855374285	0.878825092897198	0.110367442663728	0.348951125640065	-0.0913548312847601	0.767074921267701	0.792106149105766	0.361773489230199
ADCY1	0.949176685607023	0.976976339165003	0.95812036320176	0.707826517895108	0.925839162336268	0.952471844641366	0.900701968693459	0.979668710572287	0.841778511623619	0.979493274756992	0.989400083995269	0.97421387472637	0.870857609312882	0.838800730198004	0.955425116799956	0.960738163636355	0.778532857776695	1	0.951790553936157	0.975448744751106	0.967346929807549	0.523396089760105	0.921318524002301	0.8898844561994	0.8842876983939	0.908037623703953	0.874972336635612	0.928525875980386	0.466772955468572	0.95712793811903	0.948398097675151	0.979230195743979	0.958298496407171	0.971412166900709	0.788035157403574	0.853811393912086	0.949545115491398	0.954899370288704	0.7826415336307	0.952029082945569	0.639699038296866	0.930320482446068	0.924154341272653	0.866858148964251	0.839047550352177	0.961899606363382	0.768901053655624	0.909338566204586	0.882179884275287	0.894427675056976	0.960208747696446	0.929338077889316	0.912071331691908	0.972294062568417	0.734469680340914	0.884788771551778	0.812638896155003	0.948865373766993	0.957133620821714	0.890074349053125	0.93043642492637	0.967860612439486	0.859385846499407	0.758596648206312	0.753011168158832	0.908522465131821	0.79299525617726	0.946235045033185	0.770142259278963	0.878992592377647	0.873154140640772	0.859822428929847	0.903032136116415	0.952263350430079	0.642205131653978	0.406992415554731	0.969470778675278	0.752070932738252	0.954426771308288	0.975988163560659	0.772386616950765	0.61937619653869	0.655567921261803	0.56738094331315	0.89895193972656	0.927452430397928	0.811342849658947	0.889330970672664	0.832811921454562	0.551412591930243	0.643824384367306	0.565031951409024	0.496613297017253	0.628061269855749	0.84462403808456	0.626046917636582	0.0938596601200491	0.61143697203964	-0.0394450346315731	0.393022032035351	-0.0565476674243188	0.960755452445635	-0.0730295568727994	0.0214636718417598	0.711803731610478	0.276777227955082	-0.066464205868026	0.927780839311986	0.807444647550826	-0.0782561901985029	-0.0468897703491273	0.884050385022096	-0.124846056915543	0.137060135418873	-0.441076366467234	0.946127295380517	0.906313530180515	0.196788813482458
