""	PARD3	EGFR	F2R	ITGB8	KLRC2	PLXNB1	SMAP1	CD9	THY1	KCND2	CD44	IGF2R	TNFRSF21	ITGAV	SMAD3	IL1RAPL1	FZD3	ANTXR1	ADGRV1	KCNJ10	LRP6	LRP1	NOTCH1	CANX	PTPRA	IGF1R	C1QBP	CD81	S1PR1	CD47	ADCYAP1R1	PTPRS	CELSR2	PTPRK	VANGL2	LRP5	TGFBR3	AR	SDC2	ADCY8	GPR37L1	TSHR	INSR	LRP4	RYK	EDNRB	ASGR1	CACNA1C	LRP8	CD99L2	MCFD2	LINGO1	APLP2	NOTCH2	SLC16A1	ITGB1	SEMA4C	PLXNB2	CD46	PILRB	SLC16A7	S1PR2	LPP	TFRC	ABCA1	SCARB1	SORT1	TLR4	SORL1	SIRPA
PARD3	1	0.749496188659272	0.896685665617211	0.898715109484151	0.514660254196366	0.822490582123571	0.871915988251598	0.445067219598383	0.553461274945646	0.816357722138726	0.491760728277843	0.846261184258382	0.766089112970887	0.862199721824731	0.742899621316557	0.831427235272152	0.915701334940424	0.869095766832647	0.403190040244051	0.925649976292462	0.932697625158518	0.850424842706373	0.830872492434931	0.921476019333274	0.897205961652655	0.854748767181559	0.641579197387735	0.732967649041089	0.471352507148225	0.885274229151082	0.462464262349087	0.708727607548717	0.886898234055814	0.780782446799978	0.902108780125302	0.737128478153906	0.546941109153054	0.870698777744959	0.426883421332627	0.423604031649598	0.78599487692807	0.589052725104995	0.855290778257526	0.901585374149291	0.823587547459703	0.444058640546413	0.57648290022174	0.680256738956956	0.71476079719621	0.847470520966101	0.911660961255367	0.620198456840548	0.942053495959972	0.87401990707288	0.799340519201618	0.827147457319143	0.733101503079706	0.803497955174647	0.747015963388135	0.862442455712309	0.856156703758296	0.633878984910675	0.826363824354576	0.804792487679978	0.740662108330472	0.736815550887804	0.903649901319675	0.413330161336193	0.603246076861053	0.551435116835392
EGFR	0.749496188659272	1	0.637512688580978	0.562198250648961	0.886113032953257	0.771903771008741	0.780373351975334	0.0198888375966335	0.898267876659341	0.913037419358093	-0.0818673282914223	0.916794126021486	0.909818449571531	0.490028917306321	0.961954681072445	0.844931264644132	0.626765787418963	0.859583864814882	-0.124850427243262	0.777196799832056	0.863653367440801	0.913252836224643	0.905627995175511	0.785466124717	0.635005091294305	0.941419182341185	0.841624624785048	0.641042860782032	-0.0898555045206026	0.62559862755184	-0.0140224308042745	0.94678167174964	0.66911649838062	0.950354717434515	0.829983148745271	0.897918250850517	-0.0468414447628433	0.793200338477686	-0.108657736700474	-0.173894137252316	0.757798386105018	0.871522634283356	0.900650123415294	0.860152425445087	0.940228823252664	-0.125113789077628	0.870103632355198	0.910014679891045	0.932496554720491	0.796565572450293	0.713915140249524	0.914624382187384	0.766486363996443	0.907786353329226	0.935247751938951	0.953181089183123	0.869200712233085	0.739224778396475	0.882122088345833	0.779858501737808	0.865932698142226	0.90876292104228	0.393658604487441	0.730287650701393	0.216143797205883	0.778273523419323	0.611187511056733	-0.0610640932700323	0.0409525243173802	0.0867748138450925
F2R	0.896685665617211	0.637512688580978	1	0.892672423703331	0.453891160187712	0.860488655870269	0.884610593767064	0.57295773405717	0.503712820362395	0.730196527313369	0.620442839089971	0.79794277428763	0.730021778776546	0.912297772332455	0.66100193196636	0.704265352521353	0.934355088830353	0.860364534383956	0.526573660924476	0.898436536473326	0.870024312693229	0.8166532695066	0.802530750996259	0.933885923844237	0.939948496275948	0.782625838629928	0.658664128791927	0.810740268199993	0.607532648411431	0.883786285528406	0.587107583368827	0.575865211135785	0.901295200681754	0.678855259531882	0.805741800175438	0.694044833275628	0.659073501011158	0.869544266056326	0.570714046232196	0.571091867497159	0.831907196585434	0.570820719493859	0.808926270256119	0.883153798626578	0.748217833223897	0.577928138309717	0.561548168741809	0.581053322008492	0.612603326341248	0.87178804152626	0.931593087803578	0.578544522738898	0.921924249410334	0.853267547175384	0.739349896023516	0.763337943545138	0.68715724017905	0.857585990836611	0.589816008529925	0.847539020645971	0.784043822550559	0.560501298818773	0.85231323941566	0.740165810470993	0.810149456430792	0.756488824219183	0.89858334884088	0.532840413477867	0.715416443577381	0.652247818246583
ITGB8	0.898715109484151	0.562198250648961	0.892672423703331	1	0.295085034199119	0.687064930902031	0.738655946382766	0.448779365610564	0.321969322661705	0.667493990938239	0.622667613463738	0.700314425496198	0.555006205314775	0.868577159409644	0.546000707821449	0.742540295168159	0.937285370397924	0.745161004143258	0.499824687984951	0.836078749544944	0.847580215853222	0.693114291089914	0.650544429680035	0.828701605209875	0.859246433062958	0.706947502134026	0.416998129005684	0.584430589350798	0.614681761924564	0.839925473282642	0.505746660856333	0.534153469569284	0.827568059079507	0.642909574985609	0.829894276278129	0.575879464887464	0.726552028215506	0.783362036163771	0.534393045119164	0.607906922384731	0.631637911689254	0.398465710599451	0.719257944530278	0.790879448943718	0.658182590872284	0.554716902670561	0.380997707439877	0.511613654812903	0.516718483409733	0.730598507163364	0.83139123842857	0.407197752254376	0.866144822783475	0.74057960332272	0.608138443833319	0.651574495422636	0.585112542278333	0.707680868563232	0.638478282239682	0.754819694194132	0.734266647822598	0.424409698417816	0.857713577412991	0.713158803831043	0.873490321755075	0.541924167914559	0.894881281279712	0.455658180963574	0.721456092170937	0.572883566621373
KLRC2	0.514660254196366	0.886113032953257	0.453891160187712	0.295085034199119	1	0.661885106464009	0.668450789625147	-0.0948532946954645	0.940313806714457	0.805500213138818	-0.25873529951089	0.785117437175776	0.855416448845546	0.289056445365434	0.886463452219028	0.639769843113277	0.421017559706323	0.75189762469859	-0.309961499477149	0.573200901844799	0.669691314256892	0.813890971555564	0.824791473494751	0.624458899841748	0.451452543764037	0.818608777453055	0.877589875356861	0.577607732339112	-0.293654588170772	0.409578747962409	-0.138347085187549	0.885307130032062	0.464939480989406	0.832434052568323	0.621525550209858	0.861293590412788	-0.279124987365332	0.614297933415264	-0.273934216671861	-0.365772877530088	0.699243196132343	0.863880263382209	0.791049473240694	0.668911887018124	0.833040582902234	-0.300044724644235	0.886150758207977	0.857199897998388	0.848483899234656	0.685317986739725	0.557696073702974	0.940756646929324	0.576449662216157	0.751940554484441	0.859657268636368	0.836758089950677	0.777350255046988	0.63581647429439	0.743498669178792	0.575719425601104	0.713194299997135	0.892337898374941	0.144656348080405	0.562060019560469	-0.0347077279184513	0.719179418635711	0.360290136376987	-0.211360915367139	-0.165241140236159	-0.0750884849125746
PLXNB1	0.822490582123571	0.771903771008741	0.860488655870269	0.687064930902031	0.661885106464009	1	0.944940594204519	0.509478883964779	0.745723626546752	0.803245478459754	0.422363204351013	0.87493570254301	0.897201479327321	0.795885710607128	0.817270006348213	0.682395942819698	0.814440336356616	0.924958912329032	0.341076033847551	0.891640847658696	0.850008301947579	0.914217209666001	0.929692332947672	0.940653053520479	0.891230075232758	0.845562376780123	0.86941568363554	0.932660081107986	0.3721836324748	0.829967463696452	0.488122105804835	0.69172670975823	0.875420376866092	0.763498533590509	0.77118121551884	0.803533502915871	0.372211059491564	0.893856760674168	0.407306180196354	0.3079620641332	0.939262580613383	0.746793292941895	0.8752224958567	0.891716896344478	0.847305500041649	0.383321747588475	0.756156236078827	0.693502212107926	0.750969593517444	0.917844373754567	0.913226925161587	0.780452633128226	0.887833916615409	0.911326429319104	0.869434524581126	0.874206732557483	0.826950198038883	0.917436661553438	0.605143232044816	0.894042556325412	0.803012274538479	0.744490600478423	0.703070269352046	0.695718342630431	0.567833374392369	0.923632227632649	0.79787536348856	0.411257481797523	0.512437883114924	0.561126992705113
SMAP1	0.871915988251598	0.780373351975334	0.884610593767064	0.738655946382766	0.668450789625147	0.944940594204519	1	0.572094382400618	0.721472598784651	0.868440169905522	0.468382526649624	0.886942409406927	0.903096195733498	0.856798787008366	0.827662088407844	0.727137618307457	0.859687652604374	0.948823599589697	0.392582527471982	0.929942345230731	0.8821919791827	0.937029298734999	0.938799551810115	0.971981120193893	0.933987270913214	0.864919139364552	0.852067594507222	0.935989324715922	0.430648632918981	0.883835873634993	0.55051522740694	0.705261943284446	0.914469131512972	0.769896058700435	0.805804288580607	0.817344999371212	0.414652490894261	0.861259077426821	0.450177156806748	0.344515812768028	0.955925405849262	0.6935157991013	0.894432651762518	0.907946465123952	0.844567008576633	0.443788785095054	0.731748877898787	0.727181741502757	0.761203901662626	0.940003356155015	0.952378177761923	0.779410405982727	0.945090768769258	0.903684291453561	0.879036573322034	0.866388938041682	0.819188255915412	0.896729262552299	0.654017472954785	0.863668592829069	0.854841973850761	0.72489713433251	0.766240759863269	0.717266221786779	0.629526249640778	0.921536738987272	0.828787531278652	0.478593236568554	0.567950047818479	0.613293805991479
CD9	0.445067219598383	0.0198888375966335	0.57295773405717	0.448779365610564	-0.0948532946954645	0.509478883964779	0.572094382400618	1	-0.0450974613123125	0.267748769809216	0.837362675024575	0.247049469614395	0.274064373539049	0.766126749838615	0.10384046113028	0.155116981492151	0.541142100592508	0.414933605758068	0.880550663681002	0.545921910974606	0.3160010576678	0.329541724815977	0.336888077473613	0.551850208891059	0.698514080922641	0.17626282229402	0.227237022596407	0.673012824013568	0.851236857724816	0.672836161817648	0.959709049986614	-0.0387935963536395	0.662794523695799	0.0408647411576848	0.242289230104705	0.119489437746691	0.708870320527332	0.308940497300167	0.90518681993933	0.751930463561537	0.574271171994808	-0.00519336302759898	0.275267927066212	0.384488950109986	0.132617348595755	0.925774713650137	0.00401664469108624	-0.00738378663967603	0.0797528153957201	0.458805656006399	0.588592125153169	0.0620209027308703	0.53403232732517	0.290808602572896	0.194594434423103	0.164285172945166	0.191918729663237	0.455727762161251	-0.0560038778468762	0.389896208358221	0.279856301172278	-0.0194716557795932	0.751034826897287	0.219803681457043	0.720115126010553	0.481082842692345	0.593028804050543	0.949223864223766	0.872530600020633	0.947707277583301
THY1	0.553461274945646	0.898267876659341	0.503712820362395	0.321969322661705	0.940313806714457	0.745723626546752	0.721472598784651	-0.0450974613123125	1	0.785066380879187	-0.204778233009138	0.827509211784334	0.905933825959754	0.324807347369335	0.912480946533583	0.632509873710542	0.457011344471339	0.774361540106976	-0.257965941984224	0.615142121054552	0.694130385221816	0.851502062136704	0.861587218794079	0.673824607323106	0.501671959922949	0.830512088337019	0.934694193446605	0.671670023825282	-0.237012895184181	0.458060742482909	-0.102799327186047	0.844555303714622	0.518900392152831	0.847390329672629	0.623433145599906	0.881035667523691	-0.228405459472785	0.708473461236612	-0.224001171876986	-0.304591383061628	0.743378062890185	0.885373771784194	0.81828919626479	0.729271976290138	0.86036807208046	-0.254462766423231	0.933466435307528	0.862994917217676	0.845890064055149	0.744316852615539	0.610838803324693	0.94521475314867	0.62208330139167	0.812030860686211	0.877462992140065	0.882738312516087	0.823258183767322	0.707178829804336	0.716094109458486	0.672055897374511	0.710027749067094	0.895872850409526	0.194472877557184	0.586177240770036	0.0175837309133292	0.802648814572369	0.41495499255558	-0.163813557392305	-0.105657264024315	-0.0288380298007669
KCND2	0.816357722138726	0.913037419358093	0.730196527313369	0.667493990938239	0.805500213138818	0.803245478459754	0.868440169905522	0.267748769809216	0.785066380879187	1	0.171921056910919	0.886261119017915	0.873506643044248	0.675193989971908	0.900268947767246	0.844076590137883	0.74571025415019	0.901696294394181	0.109267491612348	0.855071258068999	0.884744243850457	0.939031999106137	0.915611138178667	0.85932026820415	0.76644935642027	0.921820650651853	0.787592060800965	0.719404355438971	0.138191010861572	0.739548007401285	0.262113759623144	0.857654313404047	0.78320225229698	0.875874336111577	0.818214019610448	0.849199401258242	0.153931983151621	0.747109112773422	0.135549390846322	0.0486257554559719	0.840373279652241	0.730596147148196	0.884168338804297	0.862466813004808	0.876452280121115	0.131835707012256	0.767210840832135	0.857162296997744	0.889449430947442	0.845829612352576	0.805664312611299	0.869487928680105	0.845103403921738	0.86256692398698	0.901553406485453	0.884721122979799	0.817070634755334	0.767823228764499	0.823971105085942	0.767038112960253	0.890873861262844	0.823662508827128	0.569808661642331	0.698631381594445	0.411055538870235	0.799640233270237	0.708077431651908	0.182995088524179	0.276271816698487	0.329361208401515
CD44	0.491760728277843	-0.0818673282914223	0.620442839089971	0.622667613463738	-0.25873529951089	0.422363204351013	0.468382526649624	0.837362675024575	-0.204778233009138	0.171921056910919	1	0.185719842216858	0.120219905379063	0.785721285051964	-0.0171202710607717	0.140677410168979	0.654355363477674	0.351206504247754	0.873251337239636	0.496405667747896	0.332468264036718	0.238104630855966	0.220211503623833	0.508677869811707	0.682425840503693	0.135186669169324	0.0497427775993097	0.503900733904923	0.908603767597717	0.634907671853482	0.912373523345433	-0.121229003047825	0.616147500328893	-0.00438534389781816	0.290204734349043	0.0307104388157572	0.899724955029605	0.337875610509596	0.935239910364754	0.901999372341533	0.415168146144688	-0.12922113483039	0.198956227148459	0.34060474319159	0.085283982063261	0.941427101301636	-0.124132029234913	-0.0842086662932862	-0.033004988410455	0.394143656830637	0.573540543326638	-0.109943253511495	0.522143542451464	0.23923488074159	0.10523849141897	0.0930054091290315	0.0880717249824474	0.408239576680522	-0.0528683723417229	0.380897638462688	0.240814672442678	-0.13687515284695	0.813746680063943	0.248154477826997	0.875166516670424	0.292686772042922	0.60976655643883	0.857753931908805	0.944201443197724	0.878242540750604
IGF2R	0.846261184258382	0.916794126021486	0.79794277428763	0.700314425496198	0.785117437175776	0.87493570254301	0.886942409406927	0.247049469614395	0.827509211784334	0.886261119017915	0.185719842216858	1	0.931653631902012	0.68222116120104	0.911651093687088	0.826666349542858	0.784020994546212	0.938820471249643	0.139332373304467	0.887549223206534	0.921358076921174	0.939693736273489	0.941187632758249	0.906337622861265	0.80129654514797	0.953807770168958	0.863187516003037	0.771500564175142	0.180807806282338	0.767753321742381	0.229642645091847	0.871143090613834	0.799122769075564	0.910612934669464	0.87759474053906	0.885354153784533	0.20775863119009	0.902085254753694	0.149110883899854	0.1070773051692	0.851348006924346	0.850297284064585	0.939986539103919	0.922317722959603	0.93925394043941	0.141088826593652	0.82172927007267	0.865999931736281	0.871945716859993	0.893106067341333	0.863986024474438	0.848139225036374	0.881073235034711	0.95760771218726	0.950486279454682	0.959207601638634	0.866021918759653	0.84532062903167	0.832747091168842	0.866160743286555	0.905616521296142	0.837818388726844	0.599933110111376	0.794196472799036	0.457304820386972	0.857572937325086	0.761091203608223	0.18128448272918	0.313234954312236	0.318976318153791
TNFRSF21	0.766089112970887	0.909818449571531	0.730021778776546	0.555006205314775	0.855416448845546	0.897201479327321	0.903096195733498	0.274064373539049	0.905933825959754	0.873506643044248	0.120219905379063	0.931653631902012	1	0.625819464037157	0.925280763696767	0.72835120085847	0.681898352509435	0.918716574060507	0.074748930124419	0.8330085989853	0.847311451033804	0.948087314812731	0.953613062669408	0.879875079448311	0.75981976261812	0.90634635157087	0.954252773436019	0.8470289987738	0.0937001497130171	0.726285871227803	0.220578753533535	0.848164516354523	0.771401875798547	0.873201907493158	0.786369360438761	0.896177668142315	0.0834187968501438	0.855214932339988	0.104543703912398	-0.00412242792916105	0.89621982087298	0.852608013342538	0.923113644010616	0.878733264408875	0.928202094906565	0.0898084068292718	0.889019733459914	0.850044495743829	0.8745866907404	0.894740724479306	0.83295582621053	0.920598704429899	0.839673737182547	0.928788491235515	0.953269732216878	0.947427577512923	0.898636698304538	0.846557203615294	0.755851599536235	0.835465605276451	0.84481546365427	0.875450888471268	0.507187255921126	0.720060987002773	0.326740497125066	0.924591407373872	0.675212223541106	0.165772306941219	0.233036591804872	0.299716386764064
ITGAV	0.862199721824731	0.490028917306321	0.912297772332455	0.868577159409644	0.289056445365434	0.795885710607128	0.856798787008366	0.766126749838615	0.324807347369335	0.675193989971908	0.785721285051964	0.68222116120104	0.625819464037157	1	0.52736339881725	0.61929207340074	0.920594189482915	0.792138127571861	0.70544087825459	0.888529226391546	0.784346625233955	0.728541515092621	0.706316195288548	0.894284620832385	0.958848205052808	0.649691378975995	0.520708171011918	0.801795884149662	0.755086777621437	0.934638351141354	0.788659590342905	0.439030770468372	0.925741080270356	0.539570611879373	0.730233070744918	0.547418233285943	0.760258280676163	0.744470826284292	0.749538305596749	0.697950284184197	0.80445980347113	0.3801208365522	0.703693140306598	0.785925962662126	0.602361449523503	0.765523071094062	0.384817563709949	0.450416458839575	0.489465762973549	0.802207781290045	0.902394509349684	0.433877786506348	0.905036081456201	0.726205760610957	0.623134350277597	0.619090704410618	0.580199361225683	0.761001579699657	0.464191124177327	0.771673284657318	0.711675721360943	0.40693423136176	0.938111738081653	0.647157795792523	0.891360619162056	0.704215143841337	0.908456089410562	0.733065862357878	0.863353688223882	0.831588988505542
SMAD3	0.742899621316557	0.961954681072445	0.66100193196636	0.546000707821449	0.886463452219028	0.817270006348213	0.827662088407844	0.10384046113028	0.912480946533583	0.900268947767246	-0.0171202710607717	0.911651093687088	0.925280763696767	0.52736339881725	1	0.790698230168251	0.650004004752181	0.8744809468662	-0.0722517044981483	0.797027430376934	0.845523913129046	0.934009856725832	0.925218340261052	0.809430205405197	0.671998167359627	0.934745847139276	0.884071236229124	0.714847676280027	-0.0363515538769156	0.640243212226552	0.0748168030593622	0.907102466755166	0.692645833430995	0.922720386836123	0.805303904145797	0.90022214458419	-0.011411642702983	0.788186675134994	-0.0320724405111589	-0.117590457033287	0.820066411128799	0.894518151629414	0.900226415081074	0.866119850790604	0.911469835685132	-0.0556085495682847	0.878627062136995	0.901589093489623	0.920880786461994	0.820871360829142	0.744016883821957	0.936596635493928	0.779723541375974	0.899537189864288	0.936004994202826	0.943624503271257	0.844821621163029	0.774907149460609	0.820171687755891	0.77436270400706	0.848795483623029	0.898896043426442	0.43105119903339	0.706838599848617	0.251406582897907	0.834109168130304	0.61090483560256	0.0102918126055572	0.0981678762181769	0.161799978419257
IL1RAPL1	0.831427235272152	0.844931264644132	0.704265352521353	0.742540295168159	0.639769843113277	0.682395942819698	0.727137618307457	0.155116981492151	0.632509873710542	0.844076590137883	0.140677410168979	0.826666349542858	0.72835120085847	0.61929207340074	0.790698230168251	1	0.728297762943484	0.796069747191122	0.111798363275736	0.806137374490313	0.87700467852578	0.806265095767437	0.794775498123906	0.782707256728513	0.697837275290261	0.865050087084706	0.613690975704497	0.542888347869439	0.164698965055439	0.720198258425839	0.142930448712926	0.826940019343226	0.726177262523975	0.863834380603574	0.863182207927249	0.762295319354396	0.237059757268278	0.755789502773799	0.090860621829711	0.0829189923732614	0.653836164480067	0.643904806974103	0.834701394069009	0.825485638017404	0.833347657651156	0.10850537989725	0.639019787769065	0.759234728093021	0.789042018835122	0.732828760852003	0.728031337820915	0.690465029627685	0.799432738966766	0.827175219309452	0.806931938210669	0.838731306606623	0.727110808783216	0.663334418805831	0.876721883697018	0.753044184715985	0.848662158781163	0.724977367694003	0.584160509092555	0.768545868255754	0.459261052176162	0.624892906669273	0.758462052256953	0.132445324167111	0.275777389283372	0.260701474220833
FZD3	0.915701334940424	0.626765787418963	0.934355088830353	0.937285370397924	0.421017559706323	0.814440336356616	0.859687652604374	0.541142100592508	0.457011344471339	0.74571025415019	0.654355363477674	0.784020994546212	0.681898352509435	0.920594189482915	0.650004004752181	0.728297762943484	1	0.852180517658525	0.531097687737848	0.910034176176589	0.884576864670994	0.801821058640651	0.780415541221775	0.919138660222694	0.940147238886912	0.779204234493632	0.5836222778922	0.741952444584684	0.616319982009613	0.886413097243663	0.598925913039518	0.585353106861308	0.895139012180913	0.693367802084586	0.836377974888452	0.667083410978112	0.672803819152792	0.835839575412425	0.571207983487378	0.596801599439901	0.787401117619105	0.52795614726282	0.782424874023947	0.850962615850684	0.723604683249896	0.580951132055849	0.505214215619263	0.583201103210069	0.613372408578028	0.837478597991007	0.915531173354152	0.535435341493898	0.918688766003163	0.818269565968391	0.721043152580812	0.738656918854378	0.642831134161653	0.809241064240951	0.614867001203146	0.822350005440133	0.793507594299143	0.530689833676721	0.873732865639619	0.704551905025527	0.847719489502993	0.691726897504571	0.888888594284665	0.521558010573067	0.731934488201256	0.642401449109456
ANTXR1	0.869095766832647	0.859583864814882	0.860364534383956	0.745161004143258	0.75189762469859	0.924958912329032	0.948823599589697	0.414933605758068	0.774361540106976	0.901696294394181	0.351206504247754	0.938820471249643	0.918716574060507	0.792138127571861	0.8744809468662	0.796069747191122	0.852180517658525	1	0.278320578857727	0.91860089484845	0.934446565930167	0.949033598742348	0.960925351357786	0.963135993542536	0.893436222944359	0.933019022015593	0.863393780594154	0.853718711349883	0.316020129778485	0.835682269454611	0.411890758427946	0.815735251550632	0.859314252298019	0.855025380137686	0.855335622728675	0.863311475632042	0.32598309834405	0.89282401573608	0.316130494961445	0.24817857659097	0.916299161867695	0.77982803517297	0.924918866272742	0.927882173268481	0.91699627995485	0.307081914420975	0.783234860237866	0.808445070908104	0.83190027732977	0.930878230363757	0.927975367952113	0.823011270086697	0.933867500284659	0.945566575960019	0.935945922066428	0.921278961340994	0.857425354489745	0.895172701062115	0.763045254151486	0.873448888530385	0.884768662840064	0.820150216107881	0.696747756817299	0.766674632741086	0.560435218643607	0.893447340266585	0.791807055949378	0.342602996472429	0.453588678155077	0.471360017741541
ADGRV1	0.403190040244051	-0.124850427243262	0.526573660924476	0.499824687984951	-0.309961499477149	0.341076033847551	0.392582527471982	0.880550663681002	-0.257965941984224	0.109267491612348	0.873251337239636	0.139332373304467	0.074748930124419	0.70544087825459	-0.0722517044981483	0.111798363275736	0.531097687737848	0.278320578857727	1	0.465607791142263	0.262965700159638	0.166759684614742	0.16175103213325	0.438154534766286	0.613189897636148	0.0616759791882573	-0.0135120508516648	0.44294615165177	0.936081126911534	0.578618577612855	0.902967219380066	-0.170651123554492	0.571577138709322	-0.0566817964209411	0.209977419233078	-0.0489049453373903	0.803441339735425	0.246788184419623	0.902287793517564	0.884933910408346	0.367885253716239	-0.135503283980232	0.129367118667848	0.294308525851467	0.0016826863885925	0.94044833730986	-0.183394415257381	-0.144282958169322	-0.0672547225638264	0.321585116162916	0.475700799750688	-0.163780574731487	0.432716740622159	0.179081771014459	0.0418681136308084	0.02798429610707	0.0218353844751069	0.323315993506057	-0.134563650438891	0.320424523542381	0.196223966213904	-0.177466107281582	0.726464147204288	0.150065219438836	0.784192215934049	0.251722859616116	0.56176127837511	0.911539099384782	0.904988418119133	0.86639832349852
KCNJ10	0.925649976292462	0.777196799832056	0.898436536473326	0.836078749544944	0.573200901844799	0.891640847658696	0.929942345230731	0.545921910974606	0.615142121054552	0.855071258068999	0.496405667747896	0.887549223206534	0.8330085989853	0.888529226391546	0.797027430376934	0.806137374490313	0.910034176176589	0.91860089484845	0.465607791142263	1	0.922982843089255	0.907088745927107	0.890377791139067	0.960296383472089	0.942994207132365	0.864227913551795	0.720367909647492	0.826997462171274	0.502092654624651	0.917436674455952	0.551484249807566	0.723103610522625	0.939624232636036	0.801373551042543	0.87337883189832	0.748982119954019	0.484934606641679	0.855359726820799	0.4776812744996	0.409903283212431	0.894325887723885	0.679016091396965	0.879980000907695	0.9250097802569	0.81898694226343	0.479164960870501	0.633212101154476	0.703875050581519	0.754755229887202	0.896140177647239	0.933129034447829	0.696238142884722	0.949203121498312	0.901372338182918	0.840683300328662	0.854881928674003	0.74907471034679	0.844318406208958	0.70019229638771	0.880146017996998	0.883216021864351	0.670741959719312	0.819446781975891	0.762348594994391	0.71501276296014	0.832971000475797	0.905554769858345	0.487781344985396	0.618062780084324	0.626369680541597
LRP6	0.932697625158518	0.863653367440801	0.870024312693229	0.847580215853222	0.669691314256892	0.850008301947579	0.8821919791827	0.3160010576678	0.694130385221816	0.884744243850457	0.332468264036718	0.921358076921174	0.847311451033804	0.784346625233955	0.845523913129046	0.87700467852578	0.884576864670994	0.934446565930167	0.262965700159638	0.922982843089255	1	0.911992223554169	0.89533523797475	0.934046191005131	0.866530792876188	0.94340764535294	0.748729925807441	0.726162074091215	0.320455679754259	0.837058681266227	0.329227577219951	0.833058425531741	0.84770633056995	0.891348829834577	0.925729188607661	0.837890176112796	0.383177664456456	0.901547366440217	0.271483587129893	0.270956824261932	0.811435053465587	0.728740208638128	0.921992518166715	0.931270454454305	0.916630344194686	0.276910889565877	0.708004669670091	0.798280220722421	0.823535528450475	0.879373517185121	0.894747515379798	0.746599550252331	0.93539678324353	0.93453405779934	0.896010060843671	0.913678508573116	0.831105253280229	0.824517770819058	0.844595489281579	0.879253486032413	0.907894942294748	0.773259478978167	0.714028671596184	0.823892482005346	0.612403224786563	0.791464684518024	0.850294733913631	0.275088006767737	0.453633508969763	0.41768681469613
LRP1	0.850424842706373	0.913252836224643	0.8166532695066	0.693114291089914	0.813890971555564	0.914217209666001	0.937029298734999	0.329541724815977	0.851502062136704	0.939031999106137	0.238104630855966	0.939693736273489	0.948087314812731	0.728541515092621	0.934009856725832	0.806265095767437	0.801821058640651	0.949033598742348	0.166759684614742	0.907088745927107	0.911992223554169	1	0.971267565218656	0.931686952534893	0.834825382360073	0.944339253214411	0.895221228344588	0.846564449273528	0.2080386357931	0.792074831530336	0.314759896184092	0.849644450530667	0.842563001127673	0.886450362313291	0.845406017217941	0.89214537375863	0.217735963736055	0.865130137788812	0.210548556382918	0.125751471570763	0.923003684577806	0.811961151209149	0.937405282583899	0.923418972300679	0.9277314127843	0.192134520613863	0.844103937947557	0.850486519392025	0.880748983806551	0.926122836543919	0.889113800015694	0.896408619783172	0.899389783105028	0.940312686010943	0.945777624881152	0.945785933522445	0.8720916673542	0.879453255430427	0.776105542815845	0.859462179295564	0.901326143231073	0.848139110428269	0.618477901642991	0.759003601760693	0.467423466437687	0.899262303918943	0.762047693293025	0.235919840592838	0.35059332892954	0.391539935899707
NOTCH1	0.830872492434931	0.905627995175511	0.802530750996259	0.650544429680035	0.824791473494751	0.929692332947672	0.938799551810115	0.336888077473613	0.861587218794079	0.915611138178667	0.220211503623833	0.941187632758249	0.953613062669408	0.706316195288548	0.925218340261052	0.794775498123906	0.780415541221775	0.960925351357786	0.16175103213325	0.890377791139067	0.89533523797475	0.971267565218656	1	0.927164241868984	0.828931314147923	0.941540241383929	0.917498651364214	0.858397392588598	0.195078271582518	0.774585517954762	0.312134147626951	0.840139429784173	0.82097328333504	0.879522986372521	0.829944070211336	0.904643206930854	0.185738474046056	0.873573464203177	0.203848370457386	0.111108227249825	0.919610412675215	0.837127612004029	0.929235980531742	0.915466472433375	0.933119465704449	0.187435422813186	0.848209745826883	0.825940411096362	0.874261266815021	0.918489670530794	0.880953408510009	0.894379970258946	0.881267677045384	0.950020284056183	0.955934528636814	0.950393381811636	0.863168161038899	0.883694994945843	0.752021553737745	0.858904104865553	0.88305416873758	0.871514059300535	0.604584784620808	0.732583263874671	0.43884934869749	0.911091750238021	0.736885987058608	0.235532627072615	0.332683310810386	0.388003516723816
CANX	0.921476019333274	0.785466124717	0.933885923844237	0.828701605209875	0.624458899841748	0.940653053520479	0.971981120193893	0.551850208891059	0.673824607323106	0.85932026820415	0.508677869811707	0.906337622861265	0.879875079448311	0.894284620832385	0.809430205405197	0.782707256728513	0.919138660222694	0.963135993542536	0.438154534766286	0.960296383472089	0.934046191005131	0.931686952534893	0.927164241868984	1	0.961825337140577	0.887973362286664	0.80528310284785	0.895548667291977	0.485640343763214	0.914748193461916	0.548131678696471	0.724574720246719	0.940097997481662	0.798014689971944	0.861359761444337	0.809580639080381	0.49245104983977	0.911636610147011	0.475000447149087	0.414043459664449	0.929545131733377	0.689006834238017	0.907218054882686	0.938455073824134	0.867494068688999	0.473265199429716	0.707226468851072	0.727056261999493	0.761744682761066	0.94730496529978	0.974113514494028	0.735417459660417	0.974276482048648	0.933416023000024	0.8816204304392	0.881047436578426	0.821316958013155	0.910191597232619	0.698550522879974	0.905573199547704	0.87885231905689	0.716574026684877	0.814555482534586	0.782252228125462	0.703960317468972	0.883014540630487	0.889844839527031	0.487815509510631	0.617903870732478	0.616970452887234
PTPRA	0.897205961652655	0.635005091294305	0.939948496275948	0.859246433062958	0.451452543764037	0.891230075232758	0.933987270913214	0.698514080922641	0.501671959922949	0.76644935642027	0.682425840503693	0.80129654514797	0.75981976261812	0.958848205052808	0.671998167359627	0.697837275290261	0.940147238886912	0.893436222944359	0.613189897636148	0.942994207132365	0.866530792876188	0.834825382360073	0.828931314147923	0.961825337140577	1	0.77224406053159	0.676926846223275	0.876292265975161	0.660324652810873	0.943739855088844	0.708584828005723	0.57513261058331	0.952087453319242	0.67029214930988	0.798583304425617	0.679730086081043	0.647221060360151	0.837929695484758	0.647028876533806	0.586824859122951	0.888092531217841	0.549222223018193	0.817152670901895	0.880381089176765	0.734138356285098	0.654078253194711	0.542774615247241	0.577460964825752	0.628656390051709	0.886899822094394	0.959098776427644	0.581442747366368	0.950350339020272	0.838359838254907	0.75761100034088	0.754219516252321	0.695193566020173	0.857734121983628	0.56624817716599	0.852735566230966	0.798185395405332	0.551758369760459	0.891513080223564	0.706308061997011	0.820992688469874	0.812877351878257	0.912954946497638	0.644928605086381	0.771602119313318	0.758115309127435
IGF1R	0.854748767181559	0.941419182341185	0.782625838629928	0.706947502134026	0.818608777453055	0.845562376780123	0.864919139364552	0.17626282229402	0.830512088337019	0.921820650651853	0.135186669169324	0.953807770168958	0.90634635157087	0.649691378975995	0.934745847139276	0.865050087084706	0.779204234493632	0.933019022015593	0.0616759791882573	0.864227913551795	0.94340764535294	0.944339253214411	0.941540241383929	0.887973362286664	0.77224406053159	1	0.845536847775475	0.716219515748476	0.117665616467224	0.729601597571369	0.167586017816973	0.906074977813891	0.755427700593376	0.930574274823272	0.890538342795174	0.90938183438436	0.170846347680533	0.876125852016732	0.0866387018416469	0.0565434894195066	0.822840105436877	0.843951099513119	0.940107198880976	0.915669231944781	0.957619265494581	0.0782904619860661	0.828332741491122	0.885389613690719	0.908454697604038	0.87435956984333	0.841042034668617	0.866419761141776	0.870724016622364	0.941968720690522	0.950146489536308	0.963521835544115	0.858797015159026	0.826624332021807	0.877448194832282	0.839421038491226	0.912746015685033	0.88244979806635	0.572366770535989	0.808042016494281	0.423781416600203	0.819644541298766	0.722603966479228	0.108187448394469	0.250343838041238	0.258644614705711
C1QBP	0.641579197387735	0.841624624785048	0.658664128791927	0.416998129005684	0.877589875356861	0.86941568363554	0.852067594507222	0.227237022596407	0.934694193446605	0.787592060800965	0.0497427775993097	0.863187516003037	0.954252773436019	0.520708171011918	0.884071236229124	0.613690975704497	0.5836222778922	0.863393780594154	-0.0135120508516648	0.720367909647492	0.748729925807441	0.895221228344588	0.917498651364214	0.80528310284785	0.676926846223275	0.845536847775475	1	0.847029635007614	0.00688011189234376	0.611456204113009	0.16455513731591	0.785371491572521	0.661700439430038	0.796638877379464	0.665283914496788	0.885839952785587	-0.0154747837339233	0.797886607514031	0.0447869485434359	-0.0722884361199069	0.873776489291126	0.858207087789863	0.864033984049576	0.80096989096052	0.876843787132903	0.0157187832944446	0.911343541189287	0.802626059826841	0.808566561703981	0.852940895262035	0.766423458129219	0.917582376936649	0.741363229221746	0.865168081774457	0.913424178644806	0.896235145730178	0.847707312462574	0.829622019710464	0.655959296635727	0.75878647912407	0.754911886568082	0.858017990514575	0.386457811847408	0.646730282362047	0.209453310503533	0.910028358835036	0.544342096662574	0.0988244967113021	0.141945538717601	0.230800448363083
CD81	0.732967649041089	0.641042860782032	0.810740268199993	0.584430589350798	0.577607732339112	0.932660081107986	0.935989324715922	0.673012824013568	0.671670023825282	0.719404355438971	0.503900733904923	0.771500564175142	0.8470289987738	0.801795884149662	0.714847676280027	0.542888347869439	0.741952444584684	0.853718711349883	0.44294615165177	0.826997462171274	0.726162074091215	0.846564449273528	0.858397392588598	0.895548667291977	0.876292265975161	0.716219515748476	0.847029635007614	1	0.4574330856332	0.820651614517171	0.618222018388337	0.548251454160094	0.861603431880607	0.620496936867458	0.630896882967078	0.715377145989139	0.397710309829116	0.785113097866807	0.521390635975319	0.360470656958194	0.943564459341989	0.623303979452841	0.783838791483042	0.808831623773328	0.724673226873447	0.497340220770438	0.688200543935965	0.589909962728846	0.629523078254903	0.884127696398636	0.886337763813806	0.708370068233546	0.846127189927161	0.810228216370415	0.775746076582773	0.760375691974077	0.745165090344336	0.87747622058315	0.454059674560877	0.80230790740955	0.707575399945084	0.616490159668764	0.709047141002012	0.611675327715599	0.56490532441744	0.9241349677625	0.74751409906341	0.554691080706206	0.585272616434012	0.667773631407957
S1PR1	0.471352507148225	-0.0898555045206026	0.607532648411431	0.614681761924564	-0.293654588170772	0.3721836324748	0.430648632918981	0.851236857724816	-0.237012895184181	0.138191010861572	0.908603767597717	0.180807806282338	0.0937001497130171	0.755086777621437	-0.0363515538769156	0.164698965055439	0.616319982009613	0.316020129778485	0.936081126911534	0.502092654624651	0.320455679754259	0.2080386357931	0.195078271582518	0.485640343763214	0.660324652810873	0.117665616467224	0.00688011189234376	0.4574330856332	1	0.627907502805662	0.890291457581952	-0.137310205512858	0.607975360658126	-0.00354010580667088	0.288381054795066	0.0135670005841219	0.889216435521165	0.323351933375333	0.910169052368663	0.923420875570734	0.382109920055298	-0.115208555145596	0.193277599024857	0.345495452514419	0.0557950799889288	0.954509486949216	-0.154918491901104	-0.111185737382327	-0.043565545640117	0.360183406436031	0.539134625646473	-0.140833472728532	0.48836780963891	0.233248071698328	0.0772055416354073	0.0762273352445576	0.0593426902825399	0.373917335753232	-0.062032807505345	0.366161076628228	0.237793814886955	-0.160712275006576	0.792645148055833	0.245888132998579	0.877183006728299	0.259511375460904	0.630410345131532	0.877924132068715	0.947513173719446	0.868921426430319
CD47	0.885274229151082	0.62559862755184	0.883786285528406	0.839925473282642	0.409578747962409	0.829967463696452	0.883835873634993	0.672836161817648	0.458060742482909	0.739548007401285	0.634907671853482	0.767753321742381	0.726285871227803	0.934638351141354	0.640243212226552	0.720198258425839	0.886413097243663	0.835682269454611	0.578618577612855	0.917436674455952	0.837058681266227	0.792074831530336	0.774585517954762	0.914748193461916	0.943739855088844	0.729601597571369	0.611456204113009	0.820651614517171	0.627907502805662	1	0.657888494548328	0.581922874882333	0.942419737579208	0.662576832311694	0.786298504838263	0.647501289237714	0.62538723108329	0.795738828016178	0.61256400258086	0.527489113219358	0.834432145583008	0.499801093226702	0.793291627442036	0.84167152798766	0.713451974655609	0.618717290560244	0.49840147499999	0.55728775248373	0.612265688665535	0.835650206148223	0.899049774931877	0.540278374397468	0.932808629709352	0.802575476521868	0.720678611314527	0.727956166076983	0.682201305886899	0.779725273082919	0.587526669608862	0.840767446835682	0.793919566095032	0.524339036517647	0.868188698123394	0.7306917766099	0.787430023679777	0.770365966565508	0.941232588481441	0.639629599783631	0.740457957846346	0.74077383881034
ADCYAP1R1	0.462464262349087	-0.0140224308042745	0.587107583368827	0.505746660856333	-0.138347085187549	0.488122105804835	0.55051522740694	0.959709049986614	-0.102799327186047	0.262113759623144	0.912373523345433	0.229642645091847	0.220578753533535	0.788659590342905	0.0748168030593622	0.142930448712926	0.598925913039518	0.411890758427946	0.902967219380066	0.551484249807566	0.329227577219951	0.314759896184092	0.312134147626951	0.548131678696471	0.708584828005723	0.167586017816973	0.16455513731591	0.618222018388337	0.890291457581952	0.657888494548328	1	-0.0603643250838948	0.662121461930173	0.0232863072960631	0.260463234128589	0.0892540356472174	0.769686198310107	0.29578882660533	0.943551195080449	0.823390864512265	0.545485726280126	-0.0373083983667457	0.240758077866146	0.364749307860777	0.107974644297323	0.952999079635063	-0.0480293389572995	-0.0294524348810798	0.0561566417822616	0.441101422284951	0.591953573610756	0.0145360025034307	0.531837817305774	0.265817856037784	0.175846598880158	0.132365103051158	0.132985503229654	0.441424506184739	-0.0696121971525872	0.37461617968548	0.279612746572785	-0.0542072502203842	0.776748021513378	0.204584539993955	0.785895050754571	0.426545532258444	0.592904644829809	0.937783299924286	0.912720038144723	0.953201719683432
