""	THY1	SDC3	ITGB1	LRP1	C1QBP	CD47	LRP6	VLDLR	LRP8	SCARB1	ERBB3	TNFRSF1A	CD9	GPR37L1	SORT1	CAV1	INSR	CD81	ABCA1	AR	MRC2	ADORA1	CD46	ITGB8	PTK7	VANGL2	KLRC2	SMAP1	RAMP2	CD44	TYRO3	CANX	TNFRSF21	LPP	NOTCH1	FZD3	IL1RAPL1	KCNJ10	ATP5F1B	KCND2	RAMP1	ANTXR1	IGF1R	PODXL	CALCRL	CD63	CELSR2	MCAM	ITGAV	F3	CD82	ACKR3	GRIN2B	EDNRB	ITGB5	APLP2	TRAF2	PTPRA	PLXNB1	RYK	FGFR1	FZD5	MYLK	PDE1C	GPC1	TSPAN12	LINGO1	NRCAM	CAP1	CHL1	NCSTN	PLXNB2	S1PR2	AMFR	CADM1	LIFR	TNFRSF12A	NOTCH2	EPHB2	CD99L2	TSPAN5	SLC16A1	STX4	PARD3	JMJD6	TFRC	RACK1	PILRB	GPC2	TSPAN17	PTPRZ1	MCFD2	APLP1	TRADD	DCC	RXRA	SLC16A7	NCAM2	GPNMB	ROBO1	NCL	ADGRE5	TSPAN14	HLA.DPB1	LAMP1	RPSA	LRP10	CD74	CLEC2D
THY1	1	0.809786714647416	0.805716354225021	0.823512638017324	0.964768371805688	0.871020092363864	0.885600245745847	0.791142058696732	0.838391486435431	0.428407498672743	0.932371783106886	0.643079285077247	0.639421780711632	0.837673079193973	0.840522893343212	0.750634646497836	0.596015522417449	0.835217763598937	0.137175008712657	0.797723340022031	0.472758183321902	0.819603201414981	0.725755271803805	0.727859367286236	0.708186035503554	0.772744334372622	0.933188068999297	0.899549227394997	0.891701637316275	0.0684809644072603	0.857022168105948	0.779738492154935	0.815575582923361	0.81787099314436	0.888014868026417	0.640320181160601	0.767801756036747	0.89211221448169	0.954796049812066	0.956425616280316	0.790821196155199	0.85714608299543	0.493244312203912	0.727158648848719	0.885288004394363	0.78843849481966	0.801553386354589	0.927162069554536	0.730996888510728	0.20985158875989	0.928238191361897	0.794575704452692	0.81465252040474	0.81481488751934	0.91141780151917	0.848385024739348	0.790923688240735	0.819531395754714	0.800087059022749	0.848337780993877	0.796692615870742	0.81634999809686	0.131781482624698	0.77727501266632	0.796491832877095	0.941499188759271	0.890995919478631	0.730202569135319	0.896470583630065	0.598423957999424	0.745631533888712	0.681422264780009	0.875811551675356	0.794211364307509	0.828085444481976	0.792285715533139	0.76351279493015	0.670447904823643	0.82437738627	0.870707669608818	0.779290995418143	0.671948763719893	0.826147149901731	0.705963814564632	0.773405542334789	0.811481721880479	0.741730201010422	0.596568455261981	0.907430712845764	0.915089961515541	0.930583698213105	0.772725024986923	0.874891290637008	0.464881594038536	0.899476625731702	0.434009897886959	0.538872958364125	0.859014220263667	0.183006738287241	0.713049818905328	0.943932882683436	0.805013275032628	0.798549813996301	0.563425909942835	0.837532022523115	0.904597800305224	0.58211654073062	0.101789280660216	0.6892391803485
SDC3	0.809786714647416	1	0.941952659027513	0.963129940932375	0.839857615203458	0.937246742193624	0.902659534734461	0.870913725593429	0.885222295874835	0.577856718127412	0.902604265814818	0.89372731112587	0.883319876661274	0.781520380205111	0.948591364370413	0.923187416072398	0.795353312800223	0.977353513628761	0.58917166572286	0.911296751257308	0.830782941465044	0.845019791871105	0.888419524737755	0.919426502055778	0.861971287725215	0.935000886308547	0.810364752137693	0.922676898723844	0.891905026530829	0.386068970333869	0.926074752727382	0.90230545288939	0.917650309120604	0.958513342854594	0.945442805946385	0.89469236572504	0.720156172546232	0.923200353488855	0.830443347367605	0.869312294078524	0.923478766606098	0.931447169681198	0.814912938846111	0.933655573869044	0.89735164556616	0.945976136739429	0.947821919804026	0.876844215924583	0.947304973715223	0.520179555816904	0.847315046919319	0.870044757701608	0.928204048103904	0.844531798643891	0.867831325043051	0.956286144316473	0.731579042379068	0.954817962356687	0.934019573431643	0.924162091241279	0.907967022794521	0.875008993636516	0.543523944925522	0.911923719927365	0.966029521202268	0.822210655389696	0.937486273541059	0.942404911897577	0.926550792864211	0.883589607319179	0.906947445390409	0.881442978293229	0.862498855815528	0.932619634599762	0.92152571577046	0.937210948030187	0.853465841637339	0.897317799926512	0.881124116430066	0.940101172482387	0.888565303988898	0.798713726608262	0.909957303076661	0.865285210952832	0.799495859427858	0.888150573221554	0.829079392437008	0.826182030768371	0.785245477092271	0.847357908519549	0.907659024966014	0.925961300734058	0.933491941227287	0.761573314545019	0.853565080137886	0.798230835477459	0.801309832935486	0.938896699391613	0.450424534589508	0.934839014715841	0.828543934671159	0.905323710746284	0.893774076541369	0.690003061014727	0.920731692947333	0.858676298232257	0.802529310262654	0.346200820781341	0.851209771496857
ITGB1	0.805716354225021	0.941952659027513	1	0.942811662276177	0.840623896146631	0.938418514551165	0.889435679728761	0.856854646125946	0.891909520171544	0.604081762245749	0.838514292047804	0.902294373405935	0.898813032385978	0.710242292909148	0.935109497583148	0.926965571574529	0.838950195984976	0.950852344918199	0.643310828185845	0.913273210935953	0.849260502192346	0.805324883785414	0.891256456742988	0.913103165933458	0.867235935304334	0.902368198255294	0.779069170076304	0.939221804267453	0.839189893779074	0.420818287358084	0.885557618934679	0.943388099938636	0.868830853905805	0.965560906068799	0.921697496773364	0.906327052673997	0.692649453651606	0.863395239903973	0.855697362955461	0.843263891925231	0.889456007594621	0.906957393372383	0.844315779623567	0.883092627892428	0.883480610333264	0.957150719419622	0.915526099368183	0.857236705788901	0.93230763532145	0.52819529163866	0.815836894438121	0.866879899639111	0.890533676430668	0.807055324647995	0.85723864679345	0.974280341454224	0.814816574925759	0.954249516787468	0.890954362745324	0.942933193792667	0.934519469899126	0.887760063285357	0.544953024741918	0.845652938788683	0.957540262675341	0.787449462374518	0.912419769211014	0.928243584177036	0.934139002676459	0.851764761551033	0.909493212360965	0.888868015164686	0.856594557907002	0.928684796293892	0.925735516795715	0.927599173053108	0.857106365415065	0.895399031388472	0.900395573040553	0.915104375304186	0.915503485844442	0.881232196210058	0.893194962119892	0.899787353444656	0.859437060894362	0.871114796439111	0.865903268654349	0.852977873699815	0.767292044934097	0.848400859449279	0.867982439788036	0.946902496538019	0.915969422230799	0.79510171352637	0.821781424279387	0.812907541522325	0.854023117562683	0.897791524450182	0.472475077566924	0.919040291668588	0.87151908652892	0.868924801173044	0.888350178789221	0.728294526354623	0.932143697151241	0.872693700436131	0.779792143130814	0.348847348396397	0.854774989787322
LRP1	0.823512638017324	0.963129940932375	0.942811662276177	1	0.844032630092591	0.928627724684952	0.924221345695711	0.888513422582863	0.907189434880586	0.610219422197979	0.908591317079953	0.870789871031297	0.84512184421501	0.774998961468661	0.945484935732364	0.916775808416567	0.832392784631118	0.967949873076396	0.586738579532503	0.900844276789251	0.826966678584313	0.823507007696959	0.899797883629967	0.905226580921331	0.855474202567009	0.931636308817999	0.824662042636355	0.92584362595235	0.8872423588337	0.338134251022043	0.940022549930234	0.924580642723207	0.904450303808799	0.970491834300866	0.949954103784079	0.897234335680853	0.746865372950063	0.922581047331325	0.833595660324179	0.891083417676787	0.901793502944387	0.932712732914295	0.814133426634915	0.887969479013907	0.917752308521613	0.923309630466087	0.944661988092961	0.878487235010438	0.937306861762765	0.464364792448397	0.85702744155372	0.853361344007811	0.93259178099272	0.855393546255695	0.884801349875323	0.957384688136617	0.761935250435276	0.965457462155499	0.933097439537481	0.949140611823002	0.921120865935884	0.880392813003786	0.505054367109377	0.892814147200884	0.955020658727347	0.821207541262945	0.939519906293402	0.947879575337495	0.919900620474046	0.85399579000856	0.90567094283905	0.892179821690775	0.891519769869842	0.925064685132734	0.930382575279616	0.919840831933058	0.837391943598342	0.902272389220147	0.902455655986263	0.94043817538064	0.899553388477515	0.840590876943323	0.910217301537026	0.877809842428186	0.796821774455287	0.885747368541254	0.852884617445342	0.838197860754383	0.806496094602576	0.862024843513142	0.928502944780223	0.927624476165088	0.936417022353456	0.779998070851302	0.892183437015445	0.798373918894222	0.818369150343824	0.935945080690477	0.477334382597243	0.933957323066413	0.855037253523389	0.912450444264575	0.901924456695942	0.672102527776213	0.907332777243861	0.865353342028242	0.791933206852251	0.297964785217802	0.882079384355862
C1QBP	0.964768371805688	0.839857615203458	0.840623896146631	0.844032630092591	1	0.893808228714476	0.866995807353992	0.782853268849953	0.863153399239959	0.548343990475746	0.904441744715227	0.705008796556748	0.717018390138762	0.765035607258759	0.870227344262109	0.807715363099869	0.633790904426003	0.868906780775339	0.227131461741922	0.832926313752003	0.533979594266365	0.813646979304513	0.748694685013286	0.760113215782852	0.740146189310461	0.807621642139911	0.905809981045845	0.932615582407134	0.923447552054966	0.176830467953182	0.844911929841746	0.819963303611951	0.816809522390924	0.845197318321383	0.915229134892009	0.694661953440202	0.729873236316881	0.878394309568396	0.981419051713732	0.940848500119173	0.803731174497679	0.881555217490498	0.555414657020901	0.785464321493219	0.883422071475271	0.835410827033494	0.819376909479596	0.928726713611962	0.76252196825541	0.297385811541315	0.905314045504791	0.825075013796728	0.821511349390037	0.775161167394973	0.94115982929159	0.871368498662499	0.817021305026155	0.84406260992882	0.816097740563916	0.855864638140422	0.833064092396491	0.837786058100008	0.239472095237637	0.781246904134129	0.82083098799883	0.927544981278135	0.892708824396987	0.74356252149729	0.941064878059711	0.626398695955132	0.785717607748432	0.73389792333267	0.875853767954296	0.842388199103165	0.86431418674737	0.837540042678313	0.786758171977873	0.7083017144199	0.857489388737039	0.88449318617497	0.799854563831791	0.731082520559345	0.854616494845455	0.739429560378857	0.83513195095926	0.865824823130971	0.816457500110256	0.624575288014666	0.900855850209208	0.924778786671481	0.898384814203645	0.813742212141358	0.872134144095136	0.517370002915205	0.886062948656091	0.512660522093043	0.574937590805341	0.858325894658	0.214042348879797	0.741917661030922	0.961933370170575	0.824206725548844	0.824858717092379	0.645791756518896	0.872560541616643	0.958207214726832	0.602998707795729	0.191917977933823	0.696278746898477
CD47	0.871020092363864	0.937246742193624	0.938418514551165	0.928627724684952	0.893808228714476	1	0.898055093639049	0.830408436846652	0.872915186518674	0.523857760406374	0.896369525477815	0.894862047267057	0.866830711511164	0.791223650370776	0.949705628232519	0.905201840560122	0.757248112755582	0.959088599507134	0.523983615878305	0.928461414729909	0.774961298431024	0.879602314309919	0.838981726876264	0.93504687533925	0.824140385252763	0.917410660048566	0.853179788920929	0.949094282533166	0.885338015813559	0.460808316956022	0.92094825571631	0.899759072034858	0.899097179281113	0.944992530368484	0.934470120252018	0.873563370745467	0.727211154748079	0.921137922061776	0.899760398735325	0.898182475080973	0.949154515203081	0.942503581178555	0.768970877575822	0.913476978923298	0.912753449213551	0.962694126238191	0.921003740931287	0.897291904917912	0.932277106146909	0.586505214181505	0.876109796269179	0.900081300317702	0.894376113792599	0.854152036906418	0.892495829341952	0.961788808719611	0.772875771775434	0.94329940967717	0.905937233972474	0.924866479894638	0.910957924521633	0.857108209441509	0.452986550937625	0.859253796149528	0.931268726233053	0.873916500463731	0.90540902968561	0.91964484961512	0.950533456045484	0.862226769605521	0.90263934580725	0.84773212974042	0.885523820710707	0.939554324583446	0.919293282356127	0.936463212233635	0.844570231790292	0.869124322047025	0.853322463509171	0.943100143787508	0.908630109630786	0.781635527748236	0.897843430391839	0.845099786780208	0.822071093420028	0.862420235227287	0.825125202885493	0.795238562744596	0.811712209365536	0.866813997283551	0.899193953550816	0.901761790178002	0.917470392428213	0.721018297353786	0.858673655534863	0.687485416002368	0.780117778626719	0.938677332730082	0.391893081509423	0.909434721749079	0.877205295679637	0.860182136400242	0.888131558287469	0.783530779128818	0.966780200557114	0.89571452281624	0.826129328320489	0.430629697812913	0.802748612036016
LRP6	0.885600245745847	0.902659534734461	0.889435679728761	0.924221345695711	0.866995807353992	0.898055093639049	1	0.854539387860256	0.897991095316201	0.475430887431632	0.940360692664826	0.774720312157918	0.735472609980454	0.769032238692854	0.929871161882422	0.834188473583748	0.745847966389866	0.921248986523967	0.422430991873554	0.903116944353812	0.699060388017944	0.816976237115535	0.861737396178934	0.866657025937604	0.797830200003356	0.896357948828172	0.871090837857478	0.908664208301027	0.852206937286876	0.246738542440266	0.925800899791351	0.849320174242941	0.885940475085179	0.919785464840801	0.944113616306705	0.823703591271212	0.778267227109307	0.929739771968824	0.85552403418394	0.928461459895038	0.868316302621101	0.931100268805474	0.705039726675509	0.85174532767698	0.942017991544776	0.836765878715476	0.912708042738291	0.930791177832458	0.885129828506738	0.386347807040673	0.868029661484954	0.864914079640959	0.897065809370299	0.854889850080764	0.899767741981901	0.921095752493342	0.739260227114947	0.907865287811955	0.903075467746919	0.941126551168056	0.854927034072533	0.873971383173365	0.36432066067698	0.859263178823813	0.877790661768799	0.89517965576624	0.928024621064634	0.884423143380189	0.907893418727116	0.772591940427821	0.845733514527155	0.798107864328425	0.855626392558121	0.872539813688143	0.926029401215372	0.884794089195122	0.763474053201204	0.853589403872135	0.878270642855414	0.91267305198146	0.862958927573899	0.741101169941189	0.875554756359763	0.827787943904602	0.76095933643214	0.86662731882951	0.778510225444571	0.788752555758945	0.839579534645777	0.888246043040641	0.952704727218435	0.865012142863838	0.897915531683221	0.647653737886758	0.894025219812829	0.635873142182043	0.732819323938453	0.926069708102909	0.32464837158747	0.87969964913248	0.89120418920511	0.879418277534485	0.865360019248972	0.637536532551622	0.87670814864557	0.873880675052197	0.723754836267084	0.238466330197545	0.85648661112462
VLDLR	0.791142058696732	0.870913725593429	0.856854646125946	0.888513422582863	0.782853268849953	0.830408436846652	0.854539387860256	1	0.844412726799564	0.569236747706573	0.8617398410811	0.75930964703629	0.755325175233395	0.747611890429133	0.846979665329576	0.84919139091868	0.73690699559297	0.86987709441687	0.489674765742627	0.794417228639944	0.702311065011947	0.756433652969225	0.858640144132492	0.789043308493577	0.791498069199614	0.842449582289801	0.765288888249861	0.861259443606449	0.810791513510017	0.20084968591136	0.83803237151855	0.836543966022297	0.830528669688955	0.889620891194643	0.869191178746693	0.783154954744291	0.734550437604388	0.854551376948495	0.773736964525026	0.837748281789867	0.787375601088956	0.834632662751572	0.711606379179669	0.77508340402685	0.833484347833442	0.825343659231265	0.849311616193788	0.820044576829016	0.833681507263213	0.315752404632877	0.811210186667356	0.737599899691907	0.851332326950771	0.771301802128237	0.794602175687896	0.871886294667292	0.683564621546526	0.870657375204279	0.833393762838118	0.876793014720258	0.84121352320501	0.807541680549102	0.440640836325205	0.82373456482379	0.869711752413977	0.7765639517903	0.886451779340439	0.824385984947001	0.841805717224982	0.735801286623633	0.811639614534697	0.781730342195616	0.830714334174633	0.815855984014196	0.86530665851178	0.815339644360497	0.783317126682238	0.817503380497842	0.828114139966178	0.853929722197748	0.816362672722727	0.784834797435328	0.831212255632629	0.821220318303493	0.755764629280176	0.814597433175499	0.779094839847173	0.759232695890978	0.751519851405295	0.788446917680138	0.872612207854238	0.871431512174513	0.869781597647072	0.679201555952352	0.839150424134564	0.715900576331748	0.729167331567407	0.842974221737594	0.431216706001494	0.822175571680565	0.796924115641434	0.859070814040922	0.77804880116285	0.51860963030492	0.794367170575771	0.784233123531575	0.675778593101681	0.150030833987589	0.843004453461724
LRP8	0.838391486435431	0.885222295874835	0.891909520171544	0.907189434880586	0.863153399239959	0.872915186518674	0.897991095316201	0.844412726799564	1	0.624016478991044	0.867679366748527	0.756244989651218	0.753293100601848	0.694075815730939	0.910204152724298	0.838593849641223	0.754562569157265	0.920172881532341	0.450138966623765	0.860063680289808	0.703331637725794	0.775476936917243	0.827003625001986	0.817154350275691	0.812865779057879	0.862284655726475	0.807234680196327	0.923592573357664	0.855483291477186	0.223632485027534	0.869442818250439	0.857418071186549	0.818829000756871	0.902938963671254	0.928925830586889	0.79829841219224	0.703679823072873	0.870649146134958	0.860765915309779	0.888348882179128	0.81228878947868	0.85919789040345	0.709598282772495	0.840605860823169	0.896942055059406	0.844066455799583	0.868872794642705	0.907814757087966	0.837271068172841	0.348376607855446	0.839558383506551	0.820340817780638	0.866255992265151	0.764797593968434	0.906752640655229	0.911967636781215	0.771805109595081	0.897153268317667	0.856290906522029	0.916082305611745	0.847257466872062	0.877578379173625	0.396896743125433	0.822774895812136	0.881151429383166	0.833706849783369	0.925514561490751	0.84086327259171	0.90961025681571	0.722285742817915	0.803256302498077	0.842218547125698	0.837073984993124	0.868430104743304	0.900094773775497	0.868504307043771	0.763713597616134	0.827628832859691	0.910706207402581	0.886564003950568	0.838849691092756	0.808745399039447	0.862868967161536	0.867193521350532	0.813566146778604	0.87468870385882	0.818139836137269	0.784575734406406	0.829564686695132	0.868870030036429	0.885692824660929	0.879658539802679	0.883787175047874	0.673610321948004	0.872394723398847	0.704270322051346	0.728866527082447	0.857978889750631	0.309890489207593	0.863346219573086	0.893602924536515	0.855354029241867	0.832986398017398	0.619889170275404	0.842459286527124	0.878335534511388	0.667379493745169	0.198068858972003	0.816188492528958
SCARB1	0.428407498672743	0.577856718127412	0.604081762245749	0.610219422197979	0.548343990475746	0.523857760406374	0.475430887431632	0.569236747706573	0.624016478991044	1	0.473354430113209	0.515960929741847	0.632303503207278	0.246938674401642	0.54729692742342	0.671183582567844	0.652358788667267	0.604835661199226	0.507124989028747	0.516481833446733	0.538297434486668	0.357613781434389	0.601561844990615	0.463341054793602	0.564233025507288	0.557880703245879	0.40443904961852	0.61827940957007	0.550284494638353	0.196228126124074	0.462767664341027	0.710975145943418	0.455400069820116	0.614671383126844	0.598030158984483	0.550120032334985	0.361811704575717	0.452885161103637	0.554696251375496	0.513950966231043	0.403308910465884	0.518958901335535	0.577917893114263	0.526919968453349	0.508963390828161	0.588821098498609	0.505036833347166	0.507450867093882	0.51332885259338	0.182884463882618	0.455430148559224	0.419082065783713	0.531749940238251	0.36595841122436	0.598966131879168	0.588863351761145	0.566283510489505	0.60153368506733	0.511554855924286	0.570202640079694	0.64111537381505	0.627459963359476	0.493058523755853	0.490440086468474	0.558889300906341	0.43971179678192	0.569058719092154	0.497674494667555	0.624949414028872	0.39689857256716	0.556468033524082	0.642649619185726	0.538156312361432	0.606625501477261	0.646363255192655	0.575177371810066	0.45306526114724	0.563804673548964	0.648839196061418	0.544798041476087	0.52614696128413	0.782757230130456	0.615333536798775	0.613558432516385	0.660210104722787	0.677701833390821	0.790610648456216	0.492959360837496	0.48710136520131	0.537565743893336	0.455852967384166	0.683971072860497	0.543335678421471	0.575671151671914	0.542551914195632	0.723629673856231	0.534543917144994	0.469811140812123	0.487370365572875	0.518206215748536	0.576397217036275	0.606898088784595	0.546698002754486	0.389556517441355	0.517052250929759	0.642024633263989	0.382323292254098	0.0851817893480183	0.573413292047804
ERBB3	0.932371783106886	0.902604265814818	0.838514292047804	0.908591317079953	0.904441744715227	0.896369525477815	0.940360692664826	0.8617398410811	0.867679366748527	0.473354430113209	1	0.722028296510059	0.70517452137633	0.872277931802013	0.898968521326688	0.820143627169268	0.692450075722654	0.911197750910751	0.293713497621548	0.847930165902875	0.609510854670597	0.862667146411271	0.816665951321778	0.808865413875723	0.76219682807164	0.861597639679857	0.929582143483304	0.90130364596528	0.904391410142332	0.14012962114474	0.928632597419405	0.823659856591593	0.904233378666075	0.878857671988791	0.934517984098369	0.741121745497195	0.79328278094954	0.964466556306545	0.882474427724017	0.956964279472389	0.861667282168757	0.916917616854963	0.614495600104289	0.831018910430319	0.924367999147207	0.833823986436603	0.883633104387015	0.928212918647557	0.833071557300686	0.289896086644948	0.914354744409205	0.81290823029884	0.882504796034304	0.868801069972848	0.912891184896797	0.891369816855295	0.698226207251911	0.88540834781801	0.893391037566448	0.895168685799464	0.846417066827743	0.854018700315625	0.277564509262283	0.866650730857857	0.859538508538011	0.913850572963821	0.937008446587908	0.838788352109384	0.894944949896893	0.728695394190962	0.808598057558843	0.741451722341872	0.895400267619688	0.858404792797342	0.883680360980375	0.851243741095683	0.767671681892615	0.783596749506899	0.842099176773763	0.913781779875836	0.814639529214105	0.685933894363724	0.88635501163918	0.767965571062913	0.750883956730451	0.847014387307895	0.774014924230388	0.69227979035154	0.889688340276605	0.903048193316546	0.967901726178038	0.83347936991466	0.924697812073761	0.580210164756907	0.935209921225289	0.573984624596976	0.638522226758638	0.925189032381482	0.314315665786009	0.824713245008654	0.878971462634843	0.883521007053466	0.849529319950888	0.563420255348535	0.855213533185556	0.881756091052745	0.700787334832753	0.159328848904523	0.796122120243108
TNFRSF1A	0.643079285077247	0.89372731112587	0.902294373405935	0.870789871031297	0.705008796556748	0.894862047267057	0.774720312157918	0.75930964703629	0.756244989651218	0.515960929741847	0.722028296510059	1	0.913148000979357	0.62249432022603	0.873595749033804	0.886789382593921	0.757207106513628	0.890060802526554	0.746865162848594	0.880955511764354	0.900601015259299	0.767253843581839	0.808845047096698	0.945528031046406	0.796012676654617	0.883425342095323	0.638540894282268	0.821294969636691	0.748895358872143	0.655341408171991	0.823842471805515	0.84573913031454	0.82777834869709	0.904022772837274	0.816268041406954	0.927713047200955	0.617543101133116	0.78486836717787	0.715181840798954	0.708509080537655	0.901985021979983	0.865933519774093	0.861886245710642	0.90144910832509	0.778683944910342	0.930769005556536	0.883841410528399	0.726493877175906	0.941305058851033	0.741517017493997	0.686499050502426	0.842596146902962	0.823262271916337	0.7483697624046	0.728310328382971	0.891004697569811	0.652402579276974	0.890191961405875	0.837639974866087	0.838246321288476	0.85891194637672	0.7578882292777	0.675357703013889	0.814126414880064	0.904093650765141	0.662849530445558	0.781720335179348	0.914457359994217	0.839707413377653	0.925454250240065	0.89995730149553	0.837321284349584	0.736034836403981	0.877913418213363	0.839492129119746	0.891231275460924	0.81737418766764	0.894731255358513	0.75887045962591	0.837251182227181	0.857615854831599	0.756649509520815	0.807228456787051	0.811473433792765	0.721129124586257	0.783716666855061	0.756121427030862	0.84529594795016	0.625703036383272	0.681128640836905	0.75073110470726	0.859279665604187	0.800302917909312	0.794772987164397	0.694931552441995	0.788723710720702	0.821515991331515	0.864824616419818	0.503922966080458	0.899330594234175	0.695124126899232	0.774458695517331	0.836326845912633	0.821724074573027	0.910123408310091	0.742253353162907	0.851704865643554	0.594272376976452	0.801171341032369
CD9	0.639421780711632	0.883319876661274	0.898813032385978	0.84512184421501	0.717018390138762	0.866830711511164	0.735472609980454	0.755325175233395	0.753293100601848	0.632303503207278	0.70517452137633	0.913148000979357	1	0.573346882004229	0.833837634601643	0.92467820664085	0.735833170290749	0.869022008512689	0.701296017992615	0.831239510304132	0.84729984737012	0.725778885222228	0.80155032462508	0.86792121321503	0.78634417998042	0.831134172684739	0.626981868234711	0.823016149223625	0.763427108455038	0.561891416833638	0.766364641730701	0.863306792557421	0.778875507037486	0.879501057188242	0.796530783911709	0.867636231750608	0.569914481039353	0.755861291334144	0.737400707201008	0.686380914678572	0.823217858530069	0.80843873079119	0.823335278815647	0.861869301362619	0.74974353174735	0.929123677310733	0.827370784270727	0.707562092589816	0.889588289155867	0.664117487547192	0.673436491697062	0.767588828679417	0.773028477703828	0.696312842338598	0.729342115905297	0.887258421966437	0.66123319201599	0.859374557882702	0.778783314466223	0.810921467268855	0.849467599377592	0.771781423613206	0.690560181702658	0.757116161729033	0.878439392971647	0.656014100217867	0.772204207553996	0.849174955785201	0.840869714108186	0.862926336776737	0.858204262433499	0.810754814373698	0.751432269766189	0.863552499631617	0.844810662677751	0.892809373834592	0.78493201131714	0.85934737251988	0.761429442971866	0.813951072933714	0.820864254311351	0.820760086399447	0.808556696669908	0.819659115321312	0.760301320896703	0.797367897063637	0.795924159193097	0.781950707390701	0.621572390556959	0.704175636338615	0.717032366922054	0.879173290532959	0.789260487230134	0.80008885904821	0.674858937522225	0.834721514387259	0.80397885860832	0.818696680866911	0.490476369937912	0.859420431062978	0.718547739488994	0.763324486366313	0.81261163048945	0.721035640175885	0.880887662236798	0.766419801101129	0.779451171528648	0.451839817383706	0.743289524933338
GPR37L1	0.837673079193973	0.781520380205111	0.710242292909148	0.774998961468661	0.765035607258759	0.791223650370776	0.769032238692854	0.747611890429133	0.694075815730939	0.246938674401642	0.872277931802013	0.62249432022603	0.573346882004229	1	0.754955214949705	0.658072749060935	0.570997986850239	0.767005804301151	0.192023376177734	0.687981309351574	0.501178956981519	0.823976683121503	0.683368364461902	0.703344645061905	0.636432195331224	0.700118160341642	0.819409721531269	0.757242307631009	0.767565187680932	0.0888649179765125	0.852480391721063	0.674519394133477	0.802213291490667	0.74811859478787	0.760234237900928	0.590269572545406	0.736490392165688	0.864724688579006	0.734056694648707	0.824967909311848	0.801329848141016	0.757518291108685	0.460523833532264	0.683306226297821	0.750966266174352	0.745607960777269	0.746797132194485	0.7946935755053	0.704072300420158	0.246529633614793	0.856186140802198	0.701562305440302	0.763899274173205	0.865944759501324	0.744070644773833	0.760722539023791	0.604044184706292	0.76294278023674	0.765692078112537	0.726786444339685	0.72082604143239	0.690937838824233	0.164376937146715	0.778062877236252	0.76381585092261	0.786142471301254	0.814608867459702	0.753931941723446	0.733907301553034	0.694813771715457	0.690313890910012	0.613518141459954	0.800919410239423	0.713693445420621	0.691350726140288	0.704967206259112	0.732971889265082	0.615445237199247	0.652546819617133	0.812261211460474	0.713374737518284	0.524829072296987	0.726703070340817	0.601637462063167	0.597589079546084	0.639434966786245	0.559858020864601	0.530206509676206	0.796771490825847	0.756657502672029	0.872976630148422	0.678491870220614	0.842877526876051	0.472739046284446	0.792719359894007	0.416383060361996	0.540999076921038	0.828106634021314	0.289347448618501	0.702368734169178	0.716311951236019	0.759953150550613	0.704233411542	0.452191906836581	0.747018559205828	0.665361846251018	0.637735019717272	0.127086021077802	0.619537980904426
SORT1	0.840522893343212	0.948591364370413	0.935109497583148	0.945484935732364	0.870227344262109	0.949705628232519	0.929871161882422	0.846979665329576	0.910204152724298	0.54729692742342	0.898968521326688	0.873595749033804	0.833837634601643	0.754955214949705	1	0.887274905366168	0.788315250877426	0.965166106505093	0.54177537574553	0.937768734737924	0.791052520697112	0.822435041007118	0.868826115522974	0.926538461869602	0.839414310137041	0.939566497891863	0.830883268502831	0.936533824859353	0.874073321590618	0.398657239653022	0.928592254255691	0.888375662758648	0.894189468333263	0.953799243084358	0.953863404166552	0.895085550952616	0.718084171789811	0.916220691445277	0.864346514622845	0.896375110912941	0.926591651498715	0.943696943440021	0.78800376727175	0.92018208649942	0.93066574160561	0.924061340112343	0.942230091373369	0.906109323374505	0.937171857207144	0.531928414501292	0.854221186668887	0.903357519696912	0.931662178271321	0.842826554453673	0.890401748757353	0.960665406930701	0.7680684006433	0.948714350656459	0.935814991624413	0.937865070000518	0.905006382054234	0.864714715368138	0.486858486516971	0.888383977834618	0.933160858522076	0.866770324886867	0.933302283280933	0.932529478104156	0.939772030482904	0.849503097296163	0.899506814222408	0.875686143537795	0.852327624412074	0.925567475359966	0.941045848892333	0.928968156882299	0.818605937223052	0.899813958341291	0.897599855214575	0.940401315413569	0.908684165441656	0.785416600099218	0.889192118699102	0.842534145695568	0.799681552839542	0.885743942859097	0.815138377592648	0.824985694670022	0.801323437612306	0.867741322136179	0.911318143069167	0.907046916607516	0.921968813552799	0.728829915425051	0.861195262219513	0.730700275581711	0.797608694434092	0.937459132689335	0.383194865236184	0.928828948396145	0.87455190333864	0.897562283831738	0.88803321903451	0.738839992344604	0.930113869192091	0.881203486054273	0.79687095609442	0.377097493648863	0.852488427608815
CAV1	0.750634646497836	0.923187416072398	0.926965571574529	0.916775808416567	0.807715363099869	0.905201840560122	0.834188473583748	0.84919139091868	0.838593849641223	0.671183582567844	0.820143627169268	0.886789382593921	0.92467820664085	0.658072749060935	0.887274905366168	1	0.78938551398049	0.924585953010665	0.662700599458188	0.866362441609285	0.827883189011977	0.768626501931561	0.857771653985211	0.87944129948105	0.837290722908658	0.888721339944611	0.742286101448319	0.893820685438094	0.843032447685375	0.466095864166705	0.838436887368135	0.915601825940207	0.846329650630909	0.933507499555897	0.880286384568101	0.886620557503133	0.653139861309789	0.84572547553251	0.811226531585054	0.801812747661379	0.854664491719781	0.896791310289912	0.844441727172201	0.879880772805582	0.848888832296568	0.942523973428816	0.875228776835492	0.806676620876998	0.911530429392571	0.554839657714716	0.769588906290321	0.78366511859891	0.83828517443168	0.748013735193353	0.827276387650481	0.920508990280336	0.698178507500016	0.912740429260907	0.850283970258919	0.883358218956083	0.909996551894111	0.82599100660509	0.597455358194143	0.813920364622057	0.927412771221117	0.75295687386441	0.855528203141604	0.883962416894315	0.899461447015173	0.828133902237916	0.883588684294382	0.851058941716035	0.835042124753819	0.900394596907015	0.890137886413038	0.917404569649436	0.844832699044217	0.890369232782819	0.837974013624762	0.873683562498453	0.85198901164433	0.857851167880778	0.876256828281689	0.871649311962909	0.819734410215054	0.880571259873942	0.887583261016442	0.803418596550264	0.727946327979766	0.799598227254171	0.822923785242379	0.926998818095398	0.858884403070868	0.788212547843278	0.789234367027412	0.821721216991987	0.830385507956724	0.879119729920693	0.533349553179903	0.883828619821957	0.803143581171549	0.865350527543336	0.86080704186667	0.707340215104453	0.896877934315033	0.861213998180839	0.782733777576419	0.374827516531601	0.82867829854483
INSR	0.596015522417449	0.795353312800223	0.838950195984976	0.832392784631118	0.633790904426003	0.757248112755582	0.745847966389866	0.73690699559297	0.754562569157265	0.652358788667267	0.692450075722654	0.757207106513628	0.735833170290749	0.570997986850239	0.788315250877426	0.78938551398049	1	0.804693299424104	0.699536688328607	0.764177393227967	0.797244338963681	0.627510631244074	0.839043826497241	0.761125233925079	0.752828064864461	0.775919621925869	0.602486611101232	0.773552794111718	0.641949606410205	0.335528450212766	0.755463502515156	0.875304645864971	0.706667528607139	0.844173191567225	0.771776850233728	0.803733042225427	0.564380120125142	0.703756783132306	0.647534222962922	0.680982108273204	0.715825697350291	0.76716093084198	0.786925321655657	0.71840422646616	0.731923871262794	0.791150049214699	0.781900091499159	0.687312111672538	0.797499567554102	0.390857138873794	0.648959910413645	0.684135429634158	0.762814673807323	0.693182653281773	0.705550984108219	0.820548718905615	0.674950665839694	0.830931206426981	0.771703334370806	0.802892605666871	0.832013853042307	0.775055974628933	0.559934947424404	0.747640937601592	0.80733042772563	0.59488784191368	0.778191113187043	0.813503225825471	0.750424868450987	0.726459218342467	0.779237175035649	0.81895957665794	0.70908312518163	0.806584524796307	0.799012050756817	0.746595132791111	0.686365596501739	0.795314407212801	0.792044006316891	0.760335440222145	0.801582218921934	0.839959634516251	0.778596190803364	0.786989234484072	0.741375091398773	0.731028063533663	0.825635265620313	0.77135647210602	0.624390034704483	0.693830062706114	0.720659885957441	0.84201575351484	0.783458328865616	0.75498077251024	0.714423167978713	0.833023981407097	0.800568256845218	0.74770595386085	0.604264847096877	0.820910059098743	0.703748914241393	0.783251681353943	0.763682728497977	0.554961594589471	0.733922350728394	0.705245348037279	0.658979960087723	0.225766616859678	0.805631805674592
CD81	0.835217763598937	0.977353513628761	0.950852344918199	0.967949873076396	0.868906780775339	0.959088599507134	0.921248986523967	0.86987709441687	0.920172881532341	0.604835661199226	0.911197750910751	0.890060802526554	0.869022008512689	0.767005804301151	0.965166106505093	0.924585953010665	0.804693299424104	1	0.585436857053682	0.930153473009917	0.826220676967766	0.852895220366735	0.890108089111025	0.930999304755874	0.852867167709633	0.946874080104492	0.831770104206898	0.952124383872016	0.900770413062012	0.41155557308833	0.933988750060353	0.916006634149241	0.913442840546863	0.969953692000333	0.96439032822398	0.899696898815534	0.722433389968897	0.930151676552917	0.863623751205049	0.89518615143104	0.931679313990057	0.946251859056063	0.818406607124115	0.944720702416238	0.921496321334643	0.954800970899104	0.952216984719064	0.903907182469486	0.953174663300171	0.532502194765762	0.860147787764266	0.886543350157305	0.925433793937756	0.845087512211052	0.908393812986132	0.970058748605592	0.753437091884788	0.968983572539754	0.948045511142717	0.94902660485495	0.9253143786033	0.894110798471486	0.528985021290279	0.905847308077596	0.957457444883621	0.848562428021074	0.947686858534169	0.944873319777378	0.953697098973018	0.868823409190296	0.906208960579919	0.890599159251415	0.876261050527785	0.954503580006366	0.943053749067689	0.944435686734409	0.832542765937742	0.909253934100116	0.903618800512895	0.951744590304074	0.900325671634238	0.814798747877016	0.930770635742723	0.891210798272605	0.831790029851308	0.904601187112073	0.856760577528721	0.837698805475924	0.811982850330526	0.874322154765792	0.910468915331311	0.936522432568255	0.934672242881406	0.765651577829795	0.881953586280334	0.777228626794399	0.807857332555625	0.945811339901293	0.445608826627341	0.943407519509075	0.861390594272677	0.90268103132553	0.909956957167009	0.741999969323628	0.934415042668659	0.895281297297979	0.806664936807493	0.385651146208563	0.859464311974475
ABCA1	0.137175008712657	0.58917166572286	0.643310828185845	0.586738579532503	0.227131461741922	0.523983615878305	0.422430991873554	0.489674765742627	0.450138966623765	0.507124989028747	0.293713497621548	0.746865162848594	0.701296017992615	0.192023376177734	0.54177537574553	0.662700599458188	0.699536688328607	0.585436857053682	1	0.566692493033692	0.860441016957381	0.361311783229193	0.629703892046544	0.663389297720007	0.583329058810974	0.604049930335479	0.179962676925309	0.469134175463385	0.322677681676297	0.683489174633202	0.461899796764326	0.630821090305349	0.482605079237599	0.633458464690472	0.461286028659356	0.754121418213729	0.252092478324831	0.3854960133246	0.25507604267269	0.261443174009623	0.550440142439052	0.511520338223616	0.85230138164996	0.609410933464246	0.414225127256772	0.638289592969976	0.575357565850486	0.305051253398044	0.694341378247991	0.677846707688781	0.248569958361702	0.475289676830618	0.508624926325904	0.36820768474741	0.338943349026906	0.579469211460532	0.367874650487599	0.601774652162413	0.542999938376926	0.54805053883854	0.608756469456327	0.481265960977356	0.776280528564681	0.495552516321072	0.629359293020843	0.19127345813341	0.431132205645444	0.682871694331222	0.469538203477569	0.711264903986902	0.631716522400793	0.679264093553368	0.369731074644085	0.609289633259674	0.551343436676609	0.586300353241571	0.497858066466607	0.723230116592406	0.473689866433939	0.483314857024245	0.576805425069179	0.639008167672419	0.505583143847282	0.648736101493664	0.460590367064206	0.495827628893634	0.5649751225447	0.711604576293979	0.188626456623801	0.289751032397562	0.334477515795046	0.644488447253428	0.453212028693326	0.769864190123625	0.307327373373267	0.822847635137313	0.789322645158754	0.49416894157882	0.651483434464498	0.67644654907101	0.286237456833852	0.488818844548699	0.53494993531012	0.577660511450827	0.543680391169013	0.359500650655495	0.639143122118682	0.521385601225347	0.628072029177592
AR	0.797723340022031	0.911296751257308	0.913273210935953	0.900844276789251	0.832926313752003	0.928461414729909	0.903116944353812	0.794417228639944	0.860063680289808	0.516481833446733	0.847930165902875	0.880955511764354	0.831239510304132	0.687981309351574	0.937768734737924	0.866362441609285	0.764177393227967	0.930153473009917	0.566692493033692	1	0.783392699171133	0.827465378670082	0.848482652487339	0.924567552701695	0.820596259010326	0.918962944339441	0.793347065594834	0.908001889151003	0.824775761362217	0.48513463213382	0.891422175305038	0.853951606903594	0.860168468057897	0.925975249905944	0.922552865539751	0.895223875419907	0.702252870040558	0.876747046105467	0.828167074853708	0.854258523132407	0.905175982041125	0.924959461093912	0.790345929551881	0.909156441624913	0.900135225134986	0.898096246068276	0.917761237221705	0.873088884458248	0.925858942390421	0.603901030966929	0.796334201765477	0.88683274808833	0.882295023115631	0.792838178353606	0.866960452102883	0.928218166856151	0.735140168114717	0.921642208130628	0.900238113632572	0.91000436522096	0.879984095477361	0.829872919575333	0.502183560525409	0.835909772751121	0.896068297422127	0.82614719351933	0.877117338150219	0.89709186695747	0.913820832708579	0.837960401761495	0.881355438702011	0.836879023057892	0.810332086009457	0.908927581988887	0.912605776035534	0.906810338223872	0.79494417254152	0.887231447751718	0.858875813478807	0.900361216904803	0.885856725103063	0.762083471058178	0.856577552964446	0.851701636813304	0.766165887096233	0.839968791109957	0.789561541987754	0.824886589795168	0.767938726078297	0.820416731704849	0.866093164126342	0.871664106513251	0.865608254595202	0.711076978891154	0.83766349991123	0.709993311436794	0.773908829700999	0.907143836703478	0.347551405026146	0.901523306956971	0.840359245091578	0.835604159724085	0.866790401822911	0.784529224892849	0.920475474496472	0.855979015088305	0.776645558407359	0.461572198899689	0.825634105013981
