""	CD69	ITGB2	LAG3	SIGIRR	RPSA	CD4	IL2RA	SPN	ITGB1	ITGA4	ITGAL	CD2	PTPRC	CD47	CXCR6	CCR4	CCR5	PTGER4	SELL	TNFRSF1B	CTLA4	CD3D	TIGIT	LDLR	CD3G	IL2RG	CD82	CD44	TSPAN5	CD96	RIPK1	CD7	CXCR3	ITGA6	CD28	RACK1	NOTCH1	CCR6	CD6	MCAM	ITGA2	TFRC	ADGRE5	CD46	DPP4	C1QBP	TSPAN14	ICOS	LRP10	HAVCR2	S1PR4	CCR1	CD247	SLC16A7	PTPRJ	SORL1	CD226	CD74	CD8A	SMAD3	SLC1A5	CD63	CD8B	SDC4	KLRD1	F2R	NOTCH2	TNFRSF14	SLC16A1	TSPAN17	CXCR4	FZD6	IFNAR1	PDCD1	AMFR	IGF2R	ADCY7	CLEC2D	ACTR2	NCR3	RHBDF2	RYK	PTGER2	TRADD	CAP1	FAS	HLA.DPB1	TRAF2	SIRPG	CD151	NCSTN	JMJD6	PLSCR1	SMAP1	PTPRA	KCNA3	LPP	STX4	IL6R	TNFRSF1A	CANX	MCFD2	KCNN4	ERAP1	APLP2	LAMP1	VSIR	PILRB	ITGAM	ABCA1	CD81
CD69	1	0.335213486376654	0.077792079133561	0.635650011345743	0.83471996435621	0.425368218942889	0.191757450495978	0.369194538453895	0.679246107042587	0.665133213415623	0.342461217292131	0.376524260127185	0.639476602621425	0.774471978982978	0.193200970230599	0.572724156645904	0.203044578328438	0.869689113062158	0.61339589029491	0.411178093941984	0.390140860573263	0.608540471131417	0.362984684032513	0.761573265146482	0.649491476200658	0.334126101601464	0.389816159261461	0.675726473996639	0.620657740326849	0.338784125641328	0.57878957552412	0.424698081076965	0.170963208817003	0.550734737827934	0.547173056839132	0.818192479029643	0.69880022720652	0.509267682747404	0.502201759223724	0.272729532734277	0.115273065209172	0.363500982769698	0.269938315682859	0.505891519834063	0.46267663650177	0.75536475166115	0.632374650076071	0.671583775534518	0.698080609108026	0.054460580463066	0.765927029181711	0.0588648590724032	0.545641774999986	0.755571216962893	0.260763368234241	0.574490203624441	0.306865905533758	0.218736227458972	-0.289625057100452	0.712725512761595	0.623051198224291	0.349006471674174	-0.190839642590022	0.197932669560765	0.105810327164365	-0.258213326943586	0.389658797561764	0.845341841940292	0.432552278060105	0.462635430266791	0.769386510045098	0.343011659407358	0.639314834543945	0.392678600191832	0.274238764737807	0.23044530734852	0.56394982896138	0.696505797137095	0.546687758061	0.461327513301985	0.269274831601124	0.668299329212803	0.354133089199984	0.534696443014537	0.491038359381799	0.681282837628224	0.166912333477581	0.483206433027178	0.435914073894498	0.321158607026081	0.313754975616192	0.609140436383641	0.271979688979707	0.628582503510851	0.630147829031052	0.41817209383292	0.588035219381375	0.576056942521396	0.538790670998028	0.244581411955649	0.509268510957204	0.490061212411732	0.374340564229426	0.495632384339899	0.180100655071554	0.429377905717909	0.793742022082167	0.461721666136071	0.0512647344325306	0.33244746112015	0.610065042011874
ITGB2	0.335213486376654	1	0.792212460702259	0.658361571861628	0.281281979656911	0.93031118698124	0.87596202836818	0.973395998294736	0.793487955451157	0.565980680127077	0.750127054403987	0.943284725372855	0.711083864716477	0.546183191677909	0.870068513361529	0.0716285776996915	0.845091296727087	0.232693565144173	-0.224711278766175	0.742080117803611	0.867935429955423	0.861657211184273	0.265207240221129	0.174229292764572	0.830645106158577	0.963954054016125	0.955636915466101	0.466983821755637	0.846737572254067	0.895743375230259	0.620354968318887	0.908259524276281	0.851833619922228	-0.324160697567729	0.850002836572885	0.265070952383217	0.598047663159915	0.328851835612194	0.869957043625323	0.835868995868368	0.788816713725587	0.947406754343153	0.95242734055809	0.851985756394486	0.783499092464938	0.555696306487328	0.80432024701367	0.48811466124873	0.786713926988916	0.819876210493418	0.497021436090153	0.835828346149529	0.906473018334738	0.668419295635703	0.789659432587064	0.278529930218375	0.956633679009735	0.46762411212835	-0.390854678315598	0.518223915092995	0.713486229517465	0.948349842275168	-0.407931295874851	0.810372392788326	0.789227507801044	-0.0377591573495883	0.924196127583532	0.55082018699568	0.724869981310187	0.892639031798062	-0.105833914371045	0.901122740331426	0.467398046068149	0.898531966527156	0.813257675191103	0.892477412461149	0.313766795234191	0.333638920015595	0.832247422028056	0.830943266207076	0.677231117574455	0.60394586095476	-0.321008504793928	0.833798525958718	0.939740535434664	0.405796278307164	0.386813251621286	0.757079419332176	0.853165823730408	0.926563134886341	0.719438413383274	0.819675056433569	0.889484256618651	0.847131613971062	0.878194980942604	0.59106510487602	0.529838721937985	0.706070344043978	0.570802553895867	0.706481391153548	0.877263746606728	0.760677261976002	0.844415409670247	0.489256250602203	0.652141176653924	0.945412792895045	0.286708568154448	0.315659462839841	0.775048359791612	0.395138060322088	0.785115192882647
LAG3	0.077792079133561	0.792212460702259	1	0.536383917137383	-0.0389194420423536	0.796964418508146	0.91500960868261	0.820415396909202	0.551788186550125	0.36328000133858	0.697509267208713	0.827271866413504	0.488241803940174	0.220575763881025	0.913233428198824	-0.144141948139521	0.747621083698981	-0.0950311586720774	-0.470058548697045	0.540441118289189	0.718667074878448	0.72194126141134	0.110857650540138	-0.01649435109753	0.708725763286284	0.845902653769421	0.765219714796577	0.153886006944975	0.720392759804194	0.84653901541755	0.62234781313182	0.757769911713372	0.895356703918847	-0.464377477909635	0.712452718754212	-0.0630530983990813	0.363704732854901	-0.0140523695812041	0.777502188098175	0.775647674164048	0.85603831388926	0.807824805082198	0.838595301492609	0.667513830460585	0.772996197247058	0.20242565720957	0.549385764900863	0.220494261070361	0.621281939304966	0.944933046983408	0.258515839930586	0.79790692700248	0.787528985086953	0.461052839764809	0.545605946032415	0.373233953847106	0.821158176213532	0.0465951740649585	-0.170202937865189	0.310868382496716	0.278008577291181	0.807803835678405	-0.201474902470964	0.533781171001845	0.782734831962265	0.18897112518255	0.679094818865993	0.305770865620408	0.537487242709245	0.666458539476643	-0.270083341476059	0.851601203106539	0.0801639968630706	0.78277250358668	0.660348640310168	0.832225891645342	-0.0990045259448014	0.167353560278344	0.48025981087782	0.745563070937085	0.37105007208299	0.332606947434757	-0.295971735254075	0.717537605662827	0.648352899222469	0.208264175819844	-0.0323957616385105	0.434372333366679	0.709091271325072	0.701497786215213	0.416194916508297	0.519119223099031	0.660461958512412	0.599195374982939	0.693241727863579	0.597744904971155	0.211279264226219	0.276928252373396	0.339085850432011	0.495048898583005	0.652570173883703	0.489204401881014	0.529806358560805	0.15765458372683	0.450580242245339	0.767778637838948	-0.00911811788218031	0.0461327488337668	0.439784483238229	0.0399373620536804	0.601517438114632
SIGIRR	0.635650011345743	0.658361571861628	0.536383917137383	1	0.573210385085333	0.717454937828338	0.582738414787791	0.692440231632994	0.776139371161282	0.651832149124738	0.599597106331011	0.752325775133038	0.742268370177672	0.648242413454765	0.656442529025127	0.456845496160619	0.654016446441526	0.535403441764883	0.218802538599931	0.633461218346096	0.699950767405548	0.878970257862649	0.368851514692881	0.438938692528311	0.894009301553896	0.715484634583165	0.699492880792463	0.615974401390474	0.82533909290083	0.71422259757352	0.7221393595889	0.745051699895377	0.60176326570882	0.101132184577852	0.80129934945271	0.566384520100212	0.762687442213175	0.388279753820065	0.793363641138847	0.601782311636579	0.544335488075699	0.711203024008236	0.64186225111386	0.681722738302869	0.713471802742212	0.663328801472897	0.776350563891089	0.590309705000246	0.814424179591837	0.487031719941106	0.754459693136151	0.419982641562141	0.815911023098643	0.654773406776819	0.577266928381394	0.527975580704968	0.658140796799839	0.149773120555215	-0.266670993768516	0.647380359548019	0.586902805642645	0.637855621814792	-0.1984286967376	0.394704727382572	0.530729489225626	0.0323120278414276	0.659868151487817	0.75668741810718	0.605977302257986	0.728369925137522	0.420612138446634	0.671133729144335	0.452322308522831	0.733938488196432	0.554402184976473	0.598104380267622	0.456416671709769	0.614422216900877	0.671393566668634	0.689085966417455	0.511037223933796	0.705240901056229	0.166489776591003	0.790057636139293	0.692482786223762	0.609875797283879	0.0592774798260247	0.510759973860287	0.75210536543859	0.565677833652114	0.48925833003637	0.693486121183396	0.433036236574981	0.734981368319402	0.72424139116283	0.67100448400339	0.483417721062564	0.570862732049479	0.495266982998928	0.452811918544928	0.659975778263226	0.595723853643085	0.551831210667154	0.367859371983861	0.361331399162588	0.735885183792264	0.580581335681097	0.478277910081261	0.285143939225379	0.202842506100283	0.814239902754458
RPSA	0.83471996435621	0.281281979656911	-0.0389194420423536	0.573210385085333	1	0.398710410808597	0.104209529100087	0.295379337704432	0.703987175830079	0.604951185346796	0.185406478920639	0.267138657628349	0.561773729203637	0.874769986092281	0.0769996329607369	0.677653320337037	0.12480881424214	0.958722625222068	0.840493650268364	0.393935444367749	0.325172812556281	0.490710086942648	0.324123342061936	0.766577880643296	0.528409964022958	0.264103642982328	0.337734584853521	0.727970913137274	0.471401102790801	0.196179184220367	0.576804058566326	0.367857266533266	0.0549748974449165	0.62805708360394	0.487966985472083	0.9908230335537	0.612719765528922	0.68196658654397	0.321486302232986	0.226856273390336	0.028530162012866	0.237471072373742	0.169000491455611	0.434985973933278	0.436400839143763	0.914456252576204	0.627966502948934	0.645358879252448	0.614380997256345	0.00622056697357275	0.750473133073484	0.0399652342016936	0.447850540747891	0.532487944971142	0.321332899320141	0.528957872827062	0.26414517978672	0.466965786207375	-0.424283132699626	0.571411844242945	0.674045094948517	0.291615280978941	-0.343096504971395	0.172047867957196	-0.0647821336116101	-0.384185047789538	0.422591320743071	0.789717182363888	0.373836667921443	0.336406505976823	0.798491415804359	0.248662019367761	0.738948824242389	0.227359774035522	0.381282116566652	0.10961950138745	0.767521833967436	0.724897790232672	0.615341596422098	0.415637168335891	0.385804704978611	0.716791273505553	0.568235941187708	0.584518364890954	0.499461345792803	0.668946531450167	0.431955265368016	0.572677076665011	0.371728487551228	0.326589769815315	0.309692061895912	0.632248764751796	0.329480881600703	0.600887024952568	0.498769458000464	0.188772474014422	0.680136411539256	0.704132733932233	0.656987762341058	0.276136708006472	0.584769236843157	0.449642656668764	0.42265969386114	0.527066810258329	0.215536221992921	0.38710475124783	0.937894622097623	0.48729871673593	0.158299168615547	0.45699603714419	0.576238312973144
CD4	0.425368218942889	0.93031118698124	0.796964418508146	0.717454937828338	0.398710410808597	1	0.885082509769658	0.938560854669349	0.892837540391505	0.665678560907362	0.727072487339565	0.933905808180352	0.801192597377023	0.640244375653562	0.830241903034088	0.266722482861129	0.844960458250311	0.364210629308223	-0.0820097149999406	0.858181876392094	0.948662518925297	0.910217486983731	0.421898577539717	0.394523262682689	0.895456762987503	0.953320329970525	0.950347888960097	0.552677253089509	0.888807835013553	0.868836333747392	0.741807667530305	0.948964493354845	0.776641904584319	-0.208117272044471	0.957185220170046	0.382052185098052	0.657434845139698	0.485359829530596	0.884910652231475	0.823145306404118	0.760256801994697	0.924061292424573	0.891300003244269	0.916832232274865	0.88020446690885	0.644946332671474	0.874644455108056	0.660870929734279	0.856900604953915	0.832168936993311	0.621988996862704	0.834622830074999	0.95431186907168	0.69384143512998	0.826008258366217	0.38430797772266	0.962158832545784	0.432250763867225	-0.524874224709869	0.659625271072535	0.711842261095895	0.908963983301983	-0.52509271778742	0.709851016007452	0.681790142624876	-0.139659136462361	0.902764352440604	0.609665279175049	0.807345742338249	0.898013031458604	0.0450849924492147	0.892421689963209	0.532986510280197	0.841168980115471	0.84445248661293	0.853832095728304	0.306161926475722	0.503356892815113	0.879337713367631	0.86660164230124	0.673356330641632	0.622438961804376	-0.229408958886894	0.887520641211163	0.935568860708239	0.555652097199019	0.333350329844936	0.774040105985653	0.93202478168384	0.925473141535945	0.641929274566839	0.80078048659136	0.853635883653492	0.933295592914783	0.916263431942467	0.545009259315297	0.663442211126067	0.740711028184262	0.733265043838672	0.617701745412643	0.907241249374079	0.851192194480145	0.865353661024588	0.514010873384013	0.705022971986463	0.930721328287434	0.447863401213616	0.383553271600495	0.664174781853964	0.487750094079583	0.765059481455733
IL2RA	0.191757450495978	0.87596202836818	0.91500960868261	0.582738414787791	0.104209529100087	0.885082509769658	1	0.885474646651907	0.678876854600228	0.414612690038076	0.651222197726834	0.902950034859628	0.55839098206533	0.341565305562058	0.919981580404143	-0.0628786641769794	0.750419606282162	0.0474050482461393	-0.365330804332205	0.637358966989741	0.817869064750976	0.777558367147603	0.141964252890569	0.085256221067302	0.787752110753392	0.928026564233292	0.889950133654842	0.253854687914257	0.788660185098958	0.902222520202789	0.646188901759262	0.81684764974018	0.889318905962265	-0.419849459380569	0.803038715736262	0.0623262365116937	0.428654728290141	0.118639782563366	0.861791767810521	0.864653324861368	0.869639196081501	0.923880066457684	0.930685226916184	0.735005922157574	0.873613956084236	0.350342962012074	0.647668961445544	0.361940241952725	0.689948264627972	0.94329728704833	0.30743223689802	0.889976772742087	0.866104857907024	0.598098462675945	0.603260786361552	0.289709507823038	0.914660018581919	0.134153765912371	-0.407867649596917	0.36303060409746	0.453662134873336	0.869485858580511	-0.43800818501378	0.718626588136768	0.85762994190595	-0.0164600415032024	0.751933877586199	0.342451574839303	0.616191837202108	0.772805585224248	-0.242447133870594	0.90599901259194	0.19065053364317	0.863450216277741	0.728255474983608	0.869701814042517	-0.0111773196711455	0.206746730663435	0.606418301145937	0.803178536315343	0.469845034071069	0.428765481742641	-0.297196829057923	0.820600352308801	0.769754782272563	0.251722542642284	0.0550098182195827	0.552605365992718	0.800233756296848	0.820198511254379	0.511878583770746	0.620350038200276	0.770968346246453	0.744038132376253	0.795427992535416	0.592386143274103	0.350833361710875	0.431549806436054	0.434668529673614	0.604625817890503	0.769988987917276	0.61975805373855	0.636820611474691	0.297953338321877	0.54326047297915	0.866821980539021	0.146255048782439	0.0983594333092233	0.582275216823053	0.139542029494806	0.610669826185862
SPN	0.369194538453895	0.973395998294736	0.820415396909202	0.692440231632994	0.295379337704432	0.938560854669349	0.885474646651907	1	0.815712868309097	0.583600911071863	0.726526867076903	0.941822980547783	0.687239266167556	0.538912821486394	0.900295520424409	0.0644912138005064	0.810854226774147	0.259343634561028	-0.210569488212657	0.708117379532884	0.860065686038922	0.874464679855384	0.212735216534913	0.197420363349491	0.861866241732446	0.964699901037052	0.94420983904676	0.424500314709435	0.879135948842063	0.928202629609581	0.656118687046828	0.906535941250348	0.878641960459133	-0.322705537190795	0.869701812152884	0.272505788205487	0.604978749625341	0.296040670869275	0.903340868096023	0.884632423942333	0.847073267401878	0.94188783661794	0.950186114803114	0.845567655329615	0.836533535207733	0.53927694800957	0.783913098378989	0.46702241288659	0.814184324799663	0.849451152798197	0.480147237550684	0.836769033410497	0.920428958698465	0.67591571681389	0.751601556180131	0.314470891880605	0.959640561069991	0.393107132436764	-0.456791550119525	0.522891317081645	0.680015825237359	0.958163146616494	-0.472616085284166	0.732569823682375	0.806283657167241	-0.0830357025343802	0.932609600999847	0.585065347747683	0.674552810910341	0.877989009504166	-0.0897950895064991	0.934410431807091	0.44306239070922	0.908481500060528	0.782616017582531	0.91240000260176	0.263774064022494	0.3512200477429	0.813152442738091	0.885438018112758	0.641746067044045	0.611329986781379	-0.272724909189434	0.866696184185993	0.929657190251709	0.392130280318749	0.311011268984625	0.742632973367531	0.85280696712628	0.913000545114179	0.668638776833333	0.776952754314732	0.86476523920487	0.848025986825526	0.904869523939074	0.648105002614407	0.494590308449026	0.67111799046911	0.563038807071793	0.740561517384193	0.882308680428258	0.738042934978906	0.793671069546285	0.439056270519304	0.64001382970337	0.940031099738044	0.316892259160815	0.255777204805888	0.695867818226391	0.340315256368374	0.74429399613978
ITGB1	0.679246107042587	0.793487955451157	0.551788186550125	0.776139371161282	0.703987175830079	0.892837540391505	0.678876854600228	0.815712868309097	1	0.73777791837264	0.611286224643706	0.807177266926166	0.836885914541472	0.842381583653745	0.635052148477702	0.531704045877948	0.698170390646619	0.680262087210667	0.296773679842044	0.82719563502961	0.853389146533865	0.893078572968648	0.495668803726979	0.617263884003819	0.892509975536118	0.816087478370504	0.84803075925325	0.755263349414906	0.862352356598189	0.719274083241125	0.806849536623908	0.87917071869539	0.584427375895174	0.105714430956764	0.923923744415429	0.68824120325569	0.75825797119137	0.687138261178002	0.778919126459282	0.685432010804001	0.562616287588981	0.780780240526869	0.723598323759231	0.885577578458859	0.830181051453584	0.832918169839156	0.924584381228879	0.766325684162235	0.875293473636247	0.603718859702579	0.785134530028706	0.624596912807823	0.890676771162191	0.752096732344367	0.781063424277492	0.48533180755173	0.819507203484185	0.50524841300011	-0.569723589895343	0.72648163164918	0.847851631484599	0.785971252738171	-0.532014524594154	0.592918720545671	0.463170689712625	-0.252096859980014	0.847532331583732	0.790873188829144	0.757920354850135	0.789150348723671	0.391240890689632	0.779002309847095	0.716479219080719	0.697615380812468	0.771094827733364	0.697643230369084	0.54735422146541	0.716053709120194	0.918905634446677	0.791988525530553	0.649644420273514	0.7731734117942	0.0481303697603078	0.883906898212167	0.894653669004633	0.729662562753127	0.402820799125364	0.826676828210473	0.869551316542732	0.813642731730849	0.590986249648574	0.844861907158826	0.740029663127443	0.934813462785478	0.893583507075163	0.494786109200752	0.797089279801897	0.843917197685782	0.825224882761574	0.553500314449427	0.882773130308557	0.848884170012201	0.84180671009839	0.626757925015312	0.625544287551034	0.857853616805329	0.746301784753929	0.488977066473385	0.556562503110802	0.579479696121731	0.786751879644652
ITGA4	0.665133213415623	0.565980680127077	0.36328000133858	0.651832149124738	0.604951185346796	0.665678560907362	0.414612690038076	0.583600911071863	0.73777791837264	1	0.517438875331656	0.562781341627724	0.871272845284851	0.807787356790002	0.345083041059055	0.643442911069591	0.581315039482993	0.616095953914634	0.368897247703053	0.701342765762126	0.653820522574068	0.690828406873824	0.63286731188952	0.734461710947591	0.684263530918305	0.531482127829723	0.551703540711384	0.746265673763432	0.717262137496476	0.417280403605379	0.70191758146502	0.604876440010267	0.304726234504554	0.355727818674443	0.742374017639612	0.629245415547836	0.72151644212149	0.671180680719821	0.571903495980691	0.364244373683703	0.233066175418077	0.549268242999776	0.419667376395606	0.7603894189856	0.576676963336138	0.738778976259009	0.675351866531741	0.755062342982719	0.770257624741979	0.325474172792377	0.750991977058705	0.354371050531762	0.659107099583966	0.672329138713721	0.601688076500518	0.369705994718685	0.510820147496564	0.508701298691032	-0.217096494645559	0.754037694938892	0.673716355496002	0.539000307568798	-0.156839228333502	0.328689929928919	0.168056075261471	0.0307092855372367	0.604949806024732	0.741281101944716	0.708652750212622	0.663346831183987	0.554649864338436	0.415144838240985	0.645472697420551	0.479124121467983	0.493869083498714	0.525526850699223	0.592083712161376	0.772338665889267	0.757186825923641	0.515396841061241	0.662300107594665	0.77996578598607	-0.0326618964750996	0.572192716802847	0.707151343078001	0.779111496268829	0.423398287672306	0.548357520111313	0.650058305042165	0.543681403845428	0.440805879557673	0.655592214155902	0.558324925473669	0.735369575375178	0.732020835022241	0.306916162173886	0.697116468324937	0.746969790581559	0.756174830391783	0.340378757166472	0.697232594833454	0.776206431416143	0.657421873698649	0.648371316670581	0.578914700018794	0.51803656842839	0.639146017590263	0.729100043175789	0.309638669554028	0.609229392677581	0.719025149319653
ITGAL	0.342461217292131	0.750127054403987	0.697509267208713	0.599597106331011	0.185406478920639	0.727072487339565	0.651222197726834	0.726526867076903	0.611286224643706	0.517438875331656	1	0.793296691923457	0.747610893852179	0.421732665666246	0.686192866471955	0.199718571564082	0.833434155089515	0.148505687947958	-0.199495627586182	0.700637838201847	0.753456638128982	0.769026374857374	0.44996876733828	0.235812051999328	0.724914250819224	0.752826239606386	0.727699991620725	0.483054296861276	0.745087101103268	0.724839514958707	0.470813294281491	0.797442686781784	0.652522380316528	-0.126739347211051	0.72250656666811	0.163433869146447	0.523809333066642	0.281022689171433	0.746100000299571	0.556465481244922	0.571197239768015	0.725392012169664	0.733232079597377	0.745681515055671	0.555182697140119	0.358293257831092	0.733441508727774	0.543610242232319	0.703207617277475	0.610547270616404	0.546711993701516	0.5491495353259	0.785052730240511	0.643043191511671	0.704446149172614	0.427915307910239	0.745050630050212	0.222765639244826	-0.0151808794819464	0.541342794847915	0.493402014003681	0.644688856301849	-0.0711320593179984	0.525336108949946	0.581829760716948	0.296769538972692	0.641486177645824	0.548416413611477	0.7705050488769	0.768381129464834	-0.00412771933269746	0.711651241661088	0.242580323159809	0.718332548212557	0.625032826384295	0.694763922798052	0.168693808753804	0.499953487169569	0.595324401044123	0.59647835238399	0.567952198175024	0.427814217195216	-0.319080191252878	0.571120044415903	0.674619481116641	0.523201803167071	0.11108217202767	0.562726901055638	0.765355307867409	0.653723973748569	0.637056469555059	0.688182395546288	0.527301374222411	0.702903255788177	0.722045666559593	0.433983550940882	0.544757805825331	0.507971567503419	0.501934584995705	0.380217816810639	0.571412299687905	0.65125281584373	0.69549318001323	0.384318448544595	0.435316370197616	0.679262097855081	0.146246909900001	0.426576578393524	0.4148698562892	0.304921065358234	0.709407806182419
CD2	0.376524260127185	0.943284725372855	0.827271866413504	0.752325775133038	0.267138657628349	0.933905808180352	0.902950034859628	0.941822980547783	0.807177266926166	0.562781341627724	0.793296691923457	1	0.741405476264075	0.508337523442284	0.912273908789327	0.148406454579429	0.882259495109325	0.217795497527027	-0.234687655613749	0.786468294245729	0.924150040895516	0.936839355427337	0.326203254822248	0.192565075890987	0.914422345809314	0.985833452089453	0.968203542492262	0.459641113724347	0.912237314804598	0.941706968010728	0.651444336384766	0.959331520281638	0.874305203230626	-0.306422143304201	0.917001514733429	0.239535922963823	0.631611194222673	0.324147608035365	0.941528736576897	0.861782864391109	0.812099839144817	0.970273342835303	0.962796869079636	0.84486479550871	0.814862392506034	0.498169349280414	0.830466652635004	0.562882113932348	0.8060059462795	0.811006795617607	0.52398553568489	0.779012421835117	0.96311993218322	0.688245235244016	0.773489299455476	0.297242656699877	0.961938656862974	0.261999578973321	-0.387079988907414	0.551219403832463	0.659934239869084	0.899872725794	-0.393035582503879	0.760932726071899	0.831362402775762	0.00261617016358953	0.87880090850647	0.582199989775847	0.759555631339492	0.917281150430002	-0.072169819582391	0.935672478037759	0.353801217023092	0.939534516502258	0.764658759871693	0.889283081681981	0.191094451797302	0.404110578633792	0.767917117280372	0.833523309676318	0.585889234577035	0.557541739704975	-0.311543326715401	0.850390945662988	0.877370531794034	0.447194976763816	0.152860983782554	0.716917478491082	0.923540087216389	0.865255203317189	0.632406291430851	0.793471195452144	0.752351978611602	0.860736314601318	0.886749394972363	0.646493274743381	0.507005097013908	0.616602023515901	0.545912468776387	0.631458793104148	0.806358129241239	0.762540450780046	0.797112328126541	0.44107864717267	0.566454118767489	0.942256127706087	0.290954864688716	0.333327304539376	0.601751869270505	0.29481202750573	0.76638315242309
PTPRC	0.639476602621425	0.711083864716477	0.488241803940174	0.742268370177672	0.561773729203637	0.801192597377023	0.55839098206533	0.687239266167556	0.836885914541472	0.871272845284851	0.747610893852179	0.741405476264075	1	0.797337359685769	0.481289179683157	0.668313807137917	0.783922244510009	0.562126572946509	0.242237345719392	0.884355727133433	0.837031516144317	0.839777112931691	0.772205123942948	0.683958091755362	0.817860075587695	0.70013265155298	0.724003868901759	0.84408993333036	0.802973475422226	0.56467950110584	0.705303332995858	0.80488994754682	0.420808716871921	0.210164664948217	0.861407839404691	0.573516823883557	0.765579463610624	0.710062141184261	0.699639745528214	0.440847538549299	0.324365350037991	0.701435806028852	0.60003457437674	0.901785213021787	0.643758298880579	0.739113279413984	0.865830311582692	0.880066326929816	0.857478816646488	0.444864031031089	0.856398605680679	0.476314495055721	0.813864908985481	0.773418340653848	0.792607510878236	0.440638967104251	0.694017460723314	0.503410959189658	-0.203103772752769	0.841656275347873	0.756015102584254	0.622946601809184	-0.174556735225529	0.536035127233251	0.324853599954121	0.0963129908662778	0.687800843452148	0.732808818170904	0.91723408831104	0.813038077382571	0.45228869810421	0.583315927360013	0.646880645975008	0.624827612207799	0.667246026020069	0.622870172585564	0.552585266393299	0.802578844570108	0.849824647414559	0.568125475835769	0.737309541531502	0.736902365918978	-0.154827402409738	0.645185120553276	0.801729455530888	0.850095814145558	0.390944659814423	0.629606579443526	0.841420026979984	0.687477770438116	0.62468433632324	0.769340257498658	0.612636633546674	0.856350424416734	0.815864583593385	0.36413601947749	0.831826138848905	0.798850945214159	0.809218336613517	0.323230641139714	0.732929601000931	0.90861075263314	0.828489647512103	0.711060341072927	0.645048437270728	0.691260147090221	0.605226609980329	0.779006806945101	0.463476023528724	0.667038742372099	0.825850933728451
CD47	0.774471978982978	0.546183191677909	0.220575763881025	0.648242413454765	0.874769986092281	0.640244375653562	0.341565305562058	0.538912821486394	0.842381583653745	0.807787356790002	0.421732665666246	0.508337523442284	0.797337359685769	1	0.25824321666064	0.705767042533307	0.444638087798544	0.834188457510236	0.635195459100232	0.662510367122086	0.597467583935017	0.666058165321377	0.546626371189353	0.773870907407334	0.663781196185762	0.502172493937727	0.571236369963359	0.867816285758672	0.643244429618649	0.363801798078475	0.690934670495268	0.603732158580751	0.236152001481393	0.493584628497632	0.694734411410918	0.881259797949477	0.715267895173139	0.820951489157854	0.480096447809896	0.379568083437425	0.161815909444065	0.48455159943175	0.395848017907147	0.714431872291018	0.559351559000202	0.928711969047269	0.792178068778552	0.766043602075779	0.746807258936266	0.241818421746481	0.823812643104642	0.286390945584306	0.637449409886415	0.663060827618853	0.607152697319978	0.463237398587502	0.500121131128213	0.669282644682959	-0.369523349566771	0.68512150174584	0.84486234381027	0.511835437825605	-0.316772877509012	0.42549232546654	0.088334564953282	-0.176032897884295	0.639650557000614	0.832244411672273	0.634651636043582	0.547712274302598	0.695308159735247	0.416805959274043	0.851188604006025	0.419117773136036	0.651994201596847	0.411613782696764	0.803728859969651	0.815104370222813	0.821069252250842	0.512406042267317	0.646380902817524	0.827839841356437	0.280516062202632	0.662721252546253	0.724885117049829	0.82309261868786	0.583441758489404	0.728125853201419	0.614993897215919	0.577660828112037	0.505204953807648	0.798113895643911	0.58494156374764	0.764839984827615	0.716626743853765	0.276381717444146	0.828040563889094	0.861070537035275	0.837405338165477	0.346516364333622	0.766785204574864	0.7205526393213	0.704980142610162	0.736366070097415	0.485945285230219	0.581873824138486	0.879041751195972	0.680299858703616	0.398597089483906	0.669739434250383	0.761240133543707
CXCR6	0.193200970230599	0.870068513361529	0.913233428198824	0.656442529025127	0.0769996329607369	0.830241903034088	0.919981580404143	0.900295520424409	0.635052148477702	0.345083041059055	0.686192866471955	0.912273908789327	0.481289179683157	0.25824321666064	1	-0.154901984437725	0.744890262740964	0.0113995308062753	-0.427545055607862	0.542361398839626	0.762030252618612	0.816052096264049	0.0139910811202887	-0.0476515204927623	0.811615323644653	0.929014535987784	0.863236271740759	0.160557235375549	0.812843306638452	0.967130548041596	0.573305793895645	0.824944186283053	0.96499914567048	-0.508780739105543	0.765716047350832	0.0387928927488194	0.432891766288752	-0.00929319774934487	0.892334995975313	0.901737377324794	0.947274589119673	0.900051328708564	0.940526965288144	0.657529735455711	0.809887352420014	0.290479938067394	0.638919460159234	0.263360093746829	0.677118860923946	0.905547345492913	0.303525254043386	0.797924197566082	0.860284502185805	0.507341819599037	0.580234129007088	0.317756864690498	0.894990079681898	0.0412274249560222	-0.358563041803814	0.346991368571794	0.405325213637679	0.886821203075095	-0.364387782407178	0.611930314348727	0.91414361939236	0.0166215753774024	0.78215026486635	0.42284126228282	0.520448423728823	0.775160126328931	-0.27815331483465	0.944570680755383	0.133010648398323	0.913495355747973	0.649900654061129	0.844795866217549	-0.0336073737327571	0.139621430227515	0.559790850692706	0.871945775985273	0.393963907847	0.386539977425882	-0.266979977268729	0.821801449225099	0.741622224789857	0.170156376140397	-0.0297939150800351	0.554766513046212	0.773100604524362	0.760827884541467	0.500993445917957	0.608795744334479	0.674150418810701	0.688376935339503	0.750897877076599	0.722873762562969	0.201193705374157	0.363232181030523	0.293189440197712	0.663172322120747	0.706768334103192	0.502707289652162	0.567379354582466	0.14293030332893	0.421305161413195	0.876415588908697	0.0759382503460581	0.0174879812560416	0.494533232215087	0.00451252273656618	0.633095777339286
CCR4	0.572724156645904	0.0716285776996915	-0.144141948139521	0.456845496160619	0.677653320337037	0.266722482861129	-0.0628786641769794	0.0644912138005064	0.531704045877948	0.643442911069591	0.199718571564082	0.148406454579429	0.668313807137917	0.705767042533307	-0.154901984437725	1	0.275380598694775	0.684639130463049	0.707145248461101	0.556544986572341	0.373085861097382	0.366279089864162	0.794511735341108	0.79892904263604	0.356898813544261	0.0979715114213815	0.156619202345957	0.818134328311233	0.31854242042267	-0.0744425127636587	0.444849449664274	0.308404062854499	-0.206352386326482	0.609180628577411	0.430992057393253	0.704775658215235	0.480661880111668	0.835658805299324	0.106401429572012	-0.114971707472822	-0.292254334246247	0.0699105094344056	-0.046556538487248	0.448309063660791	0.189859377451011	0.656236765562728	0.500094025401154	0.771484043911117	0.451029495798332	-0.174359953316516	0.744682973326709	-0.130067620204125	0.287144615870255	0.333161125791808	0.453130556339536	0.274003762533492	0.0937768879374355	0.399258416571004	-0.136496703307249	0.596448834284264	0.529653129647172	0.0202363265491274	-0.0593915861531994	0.0442758294910688	-0.326514928843537	-0.00711632403323502	0.190313643382029	0.570181571563013	0.560457905275237	0.265573437692401	0.773277998328664	-0.0109083481604987	0.583951962962732	-0.0246076386305048	0.222312247474317	0.0105853586048242	0.630390973851246	0.851045422774973	0.488464962919265	0.0442451409761728	0.436290209144044	0.563561234368091	0.204675874627234	0.222526253007118	0.291617349051935	0.833079661408873	0.3171070119967	0.317461149163834	0.407195040568912	0.138810668878465	0.164693591142208	0.389848613898278	0.0655944488203588	0.42312784508729	0.294622850990933	-0.10733680360633	0.724743144985573	0.591712906701309	0.682244895116617	-0.101940482030236	0.272802552570973	0.564453193483732	0.441059214093944	0.567763931499241	0.317628186048268	0.12013621776011	0.773230089525563	0.761825960189402	0.0237167296896379	0.648373077681051	0.406367362711555
CCR5	0.203044578328438	0.845091296727087	0.747621083698981	0.654016446441526	0.12480881424214	0.844960458250311	0.750419606282162	0.810854226774147	0.698170390646619	0.581315039482993	0.833434155089515	0.882259495109325	0.783922244510009	0.444638087798544	0.744890262740964	0.275380598694775	1	0.0942892541267913	-0.269208984755674	0.869321838747079	0.908545174508172	0.832038488213461	0.577170319785235	0.188951500277432	0.759226457145918	0.859726553259737	0.844087496070762	0.523137665307355	0.777322035241362	0.75738724248745	0.574688448817543	0.900180797571967	0.688794867045452	-0.301771353267432	0.845529273501429	0.135514009084503	0.594952964894294	0.430369667904534	0.762410528663823	0.630331855590201	0.616645127517405	0.835189906907701	0.801180486362509	0.856372482119982	0.633444276131488	0.405535595654017	0.758275155752551	0.576042270538633	0.692207252786427	0.710216549601315	0.55901118954822	0.703248657240338	0.834187580338912	0.5619651951376	0.874366908536133	0.218918259948087	0.8437295205927	0.373247406318275	-0.162324456462903	0.540781145026327	0.602741185657055	0.752610646103158	-0.173539052983502	0.652382743718164	0.616782988992664	0.215290561468014	0.774771352133933	0.468601109022975	0.830393154061058	0.850382374596952	-0.0679966867519665	0.749596598674781	0.338609569787723	0.750851433561486	0.717872042899765	0.8061031815441	0.235934210550022	0.474476917961669	0.743312847584372	0.61786589093625	0.698140532357924	0.494764882847551	-0.456493132333273	0.635110889982904	0.797623302534012	0.55110028059341	0.260523043709554	0.620722358608785	0.891922651934596	0.796302502709013	0.625731691514337	0.704573246519705	0.671328700775234	0.747077199434454	0.749714253597637	0.438951392855215	0.573889831767862	0.608753347343832	0.591349655478761	0.444980992391052	0.66137181641211	0.804534194878931	0.846371613637241	0.424533851584965	0.631664503184035	0.775639626229811	0.186947188598712	0.472502778205165	0.602911950045526	0.456180091475362	0.716852611314854
PTGER4	0.869689113062158	0.232693565144173	-0.0950311586720774	0.535403441764883	0.958722625222068	0.364210629308223	0.0474050482461393	0.259343634561028	0.680262087210667	0.616095953914634	0.148505687947958	0.217795497527027	0.562126572946509	0.834188457510236	0.0113995308062753	0.684639130463049	0.0942892541267913	1	0.8289304549117	0.3776504247015	0.293703522450365	0.457287121291494	0.354641881818597	0.821691660826624	0.503173476087084	0.210209740053859	0.287019499340025	0.717100982222231	0.442694732895314	0.152329656584178	0.545896209990529	0.328246909156746	-0.00657870765535406	0.636816164165167	0.460055233358644	0.95449456713909	0.656092682337575	0.676122239133231	0.299769710176042	0.163196270490672	-0.0269500314061413	0.201252028762244	0.114288410600414	0.437463789803996	0.393863355235352	0.859014015959439	0.591688263629573	0.656936296221615	0.591980810166638	-0.0457098238339842	0.76114643996278	0.0106319355066455	0.410564786489023	0.573770793270827	0.287218571396622	0.534956199650324	0.222297619324474	0.442140446898002	-0.419103357254448	0.638828171589008	0.649894773927092	0.242145649100676	-0.333044716404401	0.140260980278987	-0.118705156026039	-0.410662326394725	0.369004983952828	0.748270640918821	0.365888168397247	0.324922113917981	0.827444962364085	0.206607041755362	0.74307590940941	0.181506076278254	0.312899610920313	0.0973077329151112	0.741010601722713	0.714948746244804	0.595716359143606	0.36345091252489	0.36619674839206	0.694788702416503	0.526402116182187	0.50862899015513	0.459483175887273	0.663411863852847	0.397045465973056	0.517653442599141	0.333251328823202	0.302006140305424	0.288819076726478	0.550033495242766	0.293814734203782	0.58017356909204	0.484877638058014	0.177025139419607	0.674484319552924	0.690001708365884	0.638128883171145	0.221092012315747	0.523743339597826	0.459950107851936	0.39080698608533	0.530292864436025	0.238618624050127	0.341738503961979	0.929496822165364	0.491301726097337	0.13115536821277	0.482141389849209	0.513712796669287
SELL	0.61339589029491	-0.224711278766175	-0.470058548697045	0.218802538599931	0.840493650268364	-0.0820097149999406	-0.365330804332205	-0.210569488212657	0.296773679842044	0.368897247703053	-0.199495627586182	-0.234687655613749	0.242237345719392	0.635195459100232	-0.427545055607862	0.707145248461101	-0.269208984755674	0.8289304549117	1	0.0524088105189896	-0.114198498112437	0.0161403965461526	0.26122480649391	0.708110114361053	0.0610842377066101	-0.249169377522374	-0.167372136582929	0.555032625303342	0.0145568138222887	-0.31971775438608	0.253988738753309	-0.10974108201952	-0.42597378335443	0.852233868477878	0.047524690290418	0.846226744759822	0.30967393929051	0.587186894598151	-0.17259050374274	-0.266490565488321	-0.441006468628857	-0.26322499864727	-0.345625378592681	0.0268742633301369	-0.0024077961217187	0.640098716396642	0.203402316545812	0.405116845071441	0.191235568924037	-0.435442127916765	0.491096229125465	-0.37155026336994	-0.0459326114373522	0.198378527140496	-0.0276830160533267	0.333688954947728	-0.236342291076939	0.325389086537373	-0.182214860966129	0.277192675925509	0.337691670624273	-0.213773432623071	-0.101855363034243	-0.221557483312225	-0.522507318817426	-0.289863928201187	-0.0375131792011419	0.477595273831139	0.039788146809207	-0.128987118357529	0.869171670160878	-0.257074174374149	0.517839340568203	-0.286863485219302	-0.0071012511531557	-0.314203271712321	0.670409390890408	0.603943671779177	0.217770524591254	-0.0879245645907891	0.135572640472512	0.476912390631066	0.701736082084849	0.119551172030618	0.0274611981488118	0.506452282106894	0.318636538470179	0.159390647753086	-0.0726698977622511	-0.151726255743052	-0.0541502327571	0.217887229851818	-0.0913283045782227	0.152399313363404	0.0270085825854782	-0.211215630563542	0.464319555329808	0.394870341839163	0.422777380232613	-0.0861919071632681	0.14688762449739	0.108503870295122	0.0401613751103204	0.356871740882029	-0.0255720215745732	-0.123071974074438	0.807195406221267	0.431509209143765	-0.163601605999431	0.353265429854492	0.178377392659248
