""	CD2	GPR171	PTGER2	CD44	CXCR4	CD3G	CD3D	CD69	PTPRC	CLEC2D	ITGA4	RPSA	PDCD1	SORL1	CD8A	CD74	TNFRSF14	CD8B	CD247	S1PR4	ITGB2	NCR3	CD6	KLRC1	KLRD1	VSIR	NCL	TNFRSF1B	SLC16A7	ACTR2	DPP4	CXCR3	CD63	HAVCR2	TRADD	FGFR1	CD47	ITGB1	PTPRA	CD46	S1PR1	TNFRSF25	LAMP1	KLRF1	CAV1	TSPAN14	LY96	PDGFRA	APLP2	MCFD2	STX4	RACK1	PTPRZ1	CD81	RHBDF2	TREM2	CANX	RAMP1	PTGER4	SMAP1	HLA.DPB1	TNFRSF1A
CD2	1	0.916476136948573	0.945354645084104	0.970004307665861	0.950736223548961	0.94998770359104	0.949518042789725	0.898726727710847	0.962688812612762	0.649127139269788	0.882466482546552	0.535199192483393	0.914679497847468	0.209727447354135	0.700600216204721	0.366342789821387	0.895797801759577	0.720718601246256	0.866867837033177	0.916586293486091	0.635099595151706	0.562365795352372	0.836539059829016	0.326888995411932	0.587603075558865	0.670341460788004	-0.411678736870606	0.437540647402748	0.679920619920199	0.0864419491977799	0.82860898427141	0.831447206537627	-0.621502862574142	-0.0572656981847434	0.822774847185213	-0.515594951480179	-0.510380977978243	-0.373360253965769	-0.34129323811809	-0.254286976576173	0.866394681220211	0.795392314409668	-0.570440360826994	0.279056354184452	-0.667006858014099	0.744955958654739	0.274733179562082	-0.649788498847304	-0.782865244352687	-0.607753776722886	-0.407506521512248	-0.272350688336571	-0.704763077738756	-0.696500859168237	0.457995765778597	-0.0068386914220874	-0.703253240296549	-0.662172562246272	0.877758291640147	-0.458091227706157	0.460971121103022	-0.626832851773538
GPR171	0.916476136948573	1	0.87343617583812	0.905827230622518	0.94053362694973	0.834268612230795	0.929283434997785	0.957036700059	0.887228662137818	0.734315836075779	0.880608115193055	0.623378501176056	0.748737691077214	0.116535963796497	0.500825743615237	0.370473774553451	0.90716306733005	0.494591021795396	0.702969702008932	0.818365754491126	0.631245480884288	0.607783994960764	0.86519192138974	0.202042643127634	0.361667175650138	0.634995696681084	-0.445730072108124	0.371034606109875	0.683115172989709	0.0510928634160227	0.80729016719297	0.657900812600658	-0.627428739158264	-0.168743614708892	0.865870492896348	-0.582124636521793	-0.497404692230355	-0.426206846587151	-0.319042492881049	-0.120420014493052	0.923952138826692	0.90193649100156	-0.590586743501294	0.103360020452633	-0.65940696939095	0.622342093912577	0.288725749828354	-0.661285231364399	-0.781069574660208	-0.528323316990799	-0.47873170063728	-0.210974744575999	-0.706233870431456	-0.714508649268518	0.493385477310392	-0.0535076706026188	-0.664132126187613	-0.652673235378895	0.884979780904812	-0.471774559239672	0.438453779961281	-0.67952991642301
PTGER2	0.945354645084104	0.87343617583812	1	0.93653773373964	0.936116394397167	0.92346761496116	0.900415152113145	0.839536752303536	0.888502719200355	0.670630735201185	0.800508448648853	0.517309901449006	0.916054861090841	0.29046302616143	0.754989291041083	0.308915271980685	0.902838295407829	0.74703754662837	0.866522931991092	0.851637511021677	0.532189168255586	0.54873134545444	0.736842211938589	0.339038277564654	0.626064271418425	0.616541553652216	-0.305640614706028	0.348342737196717	0.701641849343598	0.0685206278108592	0.699635614243919	0.838317570449002	-0.556179400250756	-0.105075058436388	0.781133669704588	-0.375043806302744	-0.415137969442439	-0.305047353534702	-0.167961290087941	-0.127090501395168	0.801488714570871	0.789948069606755	-0.484320389345702	0.257484426822076	-0.527596766843817	0.72642640608833	0.236479134081199	-0.567710219592768	-0.684044666245123	-0.473653217802097	-0.31100004415343	-0.118042410647033	-0.617537466550179	-0.624607719995396	0.335213445804859	-0.0666241241342843	-0.562811404655362	-0.56950966957384	0.802473651768981	-0.317600091065617	0.474201338511781	-0.508369408376725
CD44	0.970004307665861	0.905827230622518	0.93653773373964	1	0.951972577522115	0.960097555032301	0.948793475799834	0.904892040330795	0.967283511733859	0.601727612780897	0.834428187137929	0.530092518840805	0.906653534523058	0.253792131130709	0.661533334067866	0.388680241983121	0.916624024981742	0.715957491606769	0.851724684375167	0.928392733708535	0.639095846566279	0.477380720532838	0.853211490090091	0.203650643370998	0.556473631628788	0.68040305422007	-0.425032494054951	0.524033200153408	0.716510417963627	0.0294427247898343	0.846215540217339	0.829493697391185	-0.612058973496955	-0.0533882134200932	0.866942469770667	-0.476470839365216	-0.515581036187302	-0.36459726138481	-0.333445538205239	-0.267878515359227	0.842330889913305	0.784353886065782	-0.546224179929746	0.226276172574489	-0.661553233497438	0.672232810546104	0.332782673192874	-0.671146675113986	-0.765638054869069	-0.605182993681527	-0.360069845785394	-0.239459371136976	-0.723922278697753	-0.685094464351691	0.481518268644035	0.0306910180489952	-0.686798209394615	-0.677471117730148	0.853835672626033	-0.451276168312722	0.488661974590961	-0.608108531442975
CXCR4	0.950736223548961	0.94053362694973	0.936116394397167	0.951972577522115	1	0.902572099471099	0.937663231479584	0.896649730732888	0.944403994149561	0.721982650305158	0.877615518772197	0.504012624544588	0.863119605162195	0.319171661824043	0.720763435659675	0.43469973921333	0.937519496009464	0.720217610692396	0.813593383609037	0.86553122194514	0.67096480830917	0.61682666326829	0.767148587899723	0.227925725604733	0.564789715510771	0.693282272280701	-0.431406464818338	0.464512006112405	0.67739804409439	0.0769512286287194	0.738121939991358	0.747751363248349	-0.611737243683803	-0.0297171952858727	0.780665181293137	-0.53795260236594	-0.533613825514834	-0.391673346202397	-0.293447002977413	-0.207351996965156	0.863397125890819	0.798853258482305	-0.540218187689638	0.165226401855539	-0.663360510357377	0.728558698920467	0.333022654395942	-0.675384495489314	-0.745526488221647	-0.536351707113325	-0.376600714594752	-0.237383467131798	-0.713858762073523	-0.691326767862128	0.487114408372137	0.0381647069782922	-0.664072437083135	-0.667806651758067	0.859234807602671	-0.462517619436172	0.560506628730299	-0.605864873635894
CD3G	0.94998770359104	0.834268612230795	0.92346761496116	0.960097555032301	0.902572099471099	1	0.920070968988499	0.845857399604593	0.929421478911665	0.538030386180043	0.744402538724429	0.463440206148077	0.921795360376288	0.235153981116369	0.690163435252243	0.260676820841037	0.878195251944842	0.743446179716012	0.891919487487747	0.915131842579088	0.500580572914406	0.395498062968531	0.849847266293978	0.209387553672648	0.578947444451633	0.588760143802284	-0.381933126361534	0.448458477934809	0.750775940863793	-0.0424172145103832	0.833933413618411	0.875545661856189	-0.611375457217684	-0.124400225443671	0.820021459035616	-0.339155767865068	-0.463367748550211	-0.320089703247346	-0.240339688530299	-0.24275033038244	0.77285762819374	0.737967813346654	-0.556601231190293	0.184251132146483	-0.634798225160072	0.609513461462474	0.212471736034348	-0.598588319012699	-0.728436745387238	-0.629254787250412	-0.304793030424628	-0.271934820268905	-0.632812870732977	-0.671298877626207	0.368938130744741	-0.0632900684229252	-0.641803727984603	-0.612741821816186	0.796469114440051	-0.406126338275951	0.398857631364375	-0.587427032707651
CD3D	0.949518042789725	0.929283434997785	0.900415152113145	0.948793475799834	0.937663231479584	0.920070968988499	1	0.971031569991686	0.918506071801808	0.777578729078165	0.895869466371589	0.486581818541388	0.804737811054712	0.0350480278047244	0.621102582061892	0.223820914335801	0.906342268102615	0.632960620201548	0.710108749082106	0.941818349835246	0.521523730580772	0.497685507501864	0.865249393508098	0.105399437261973	0.361545345807063	0.529984435299191	-0.529332525073153	0.484188613265187	0.676418475844523	-0.154017382178287	0.807261091266398	0.824874979064622	-0.735652427654459	-0.253146167340998	0.880454436288127	-0.583410133850167	-0.600572448740367	-0.522362994686789	-0.434812547810089	-0.320326614437464	0.919416477762539	0.86742282070214	-0.69182422426323	0.0209732781108678	-0.725336501445673	0.571087922564508	0.107131117600055	-0.724662962884303	-0.873447847019615	-0.676894886814651	-0.548016738291322	-0.358790907273314	-0.760089395004367	-0.815590275052865	0.408609510215841	-0.155712100976822	-0.764676712080254	-0.726289463776997	0.949723360989189	-0.553585490875247	0.298019456485557	-0.762486867538182
CD69	0.898726727710847	0.957036700059	0.839536752303536	0.904892040330795	0.896649730732888	0.845857399604593	0.971031569991686	1	0.871760549856907	0.768255084622783	0.886832780635249	0.559389642735859	0.709723347234544	-0.066365193969952	0.451986221378771	0.232895621982522	0.883367745501836	0.460334946575105	0.615108004526173	0.893421644646057	0.533219540580736	0.495300355049646	0.898099928253426	0.0691213299621338	0.219372952249664	0.522229303937642	-0.534656032034413	0.443136020288775	0.647169936815863	-0.144155996074259	0.830486483837166	0.715024817529537	-0.722914833901534	-0.295362758341438	0.923053680864012	-0.629626810692291	-0.579321388459587	-0.533597135037832	-0.45271222931192	-0.275159078969809	0.95393216673008	0.910114299443839	-0.690996768839208	-0.0279929634829305	-0.71874658952284	0.508133901582248	0.121204168918563	-0.712257399615876	-0.869613427389526	-0.643302317963986	-0.603496547147809	-0.331596148164995	-0.747686432689462	-0.801440617118009	0.456165240834539	-0.157554338691889	-0.754165986340884	-0.706516774511609	0.946852975467192	-0.557103982198426	0.261857414959141	-0.790364341936265
PTPRC	0.962688812612762	0.887228662137818	0.888502719200355	0.967283511733859	0.944403994149561	0.929421478911665	0.918506071801808	0.871760549856907	1	0.566509433655489	0.853867234980297	0.445345508997597	0.90735918595622	0.292978204499921	0.683660405837772	0.477929477683405	0.859103617736515	0.742631617647161	0.842873459352385	0.935321388879227	0.734466930255113	0.468844059161336	0.809360297659652	0.191349531438272	0.585524121869474	0.743427254872288	-0.489964990114491	0.578467513464642	0.638471984611911	0.0865136514890551	0.82557794805407	0.804925423371513	-0.630211199955864	0.068780695728302	0.803886532721611	-0.552544035014638	-0.58610674370318	-0.408117961432674	-0.420247892904848	-0.355724735319756	0.810290949766264	0.717499904958888	-0.54792307006307	0.26847461434787	-0.73958015223166	0.720340426872097	0.375553657056129	-0.707989889657566	-0.76708674256883	-0.645917199175756	-0.412373804849842	-0.335923597959349	-0.74680550585989	-0.681674594200294	0.550435920319676	0.143878015599073	-0.734505619769751	-0.712569863597154	0.83879843068559	-0.524579096550669	0.54998164264045	-0.619013964233862
CLEC2D	0.649127139269788	0.734315836075779	0.670630735201185	0.601727612780897	0.721982650305158	0.538030386180043	0.777578729078165	0.768255084622783	0.566509433655489	1	0.794200254261338	0.346108538512244	0.438385510544809	-0.110987269195002	0.533893645351331	0.0432842738627527	0.674066665231121	0.410922176619962	0.305237071491904	0.639685560992454	0.264253089086638	0.618468264737504	0.480220827325317	0.0726616083122011	0.0697540925143746	0.241493938595934	-0.405114828633306	0.264607102182612	0.420503468878589	-0.210809309008392	0.352453201617	0.580482221181777	-0.582272342334477	-0.356620398306839	0.588659114011114	-0.58415071017818	-0.482196504537321	-0.516109916998752	-0.357513997924483	-0.208705302029729	0.779607110547211	0.777711205786403	-0.559491794381669	-0.205764051761012	-0.478766083669339	0.428180674607045	-0.163117467034839	-0.549352621077461	-0.70023269502293	-0.395374331616282	-0.593444400519328	-0.241034383061813	-0.58033682791393	-0.685623695101943	0.207097318036358	-0.31539069074272	-0.56012743465489	-0.541288439113795	0.842393851373794	-0.413627870896258	0.0973837787011192	-0.628849814363864
ITGA4	0.882466482546552	0.880608115193055	0.800508448648853	0.834428187137929	0.877615518772197	0.744402538724429	0.895869466371589	0.886832780635249	0.853867234980297	0.794200254261338	1	0.427704689597795	0.732053501144419	0.034092316163308	0.598098834901519	0.389415401495179	0.77263425808367	0.588172038745076	0.593416538471967	0.825068313884338	0.674178644092939	0.638695231212722	0.699904056700951	0.172768205778828	0.365849224520681	0.603478169904788	-0.55819349444045	0.438356913728365	0.410419326100574	0.0198050940446598	0.671311251764197	0.662437263289303	-0.689601011406652	-0.0452390934150964	0.737440119501796	-0.784370160588145	-0.63517393624013	-0.566330567804005	-0.560248957060377	-0.421088362427164	0.911452393186395	0.778820743176456	-0.644450888180242	0.127837328120662	-0.723015954522648	0.694303675289882	0.20117965437544	-0.73716851498418	-0.852779343377923	-0.613563249380618	-0.656200292065719	-0.404886142971394	-0.783324620728766	-0.746596263296356	0.519926120240417	0.0377169419004694	-0.808293566988509	-0.725618819285702	0.906760864297007	-0.608900100307548	0.373572466496675	-0.729764002074434
RPSA	0.535199192483393	0.623378501176056	0.517309901449006	0.530092518840805	0.504012624544588	0.463440206148077	0.486581818541388	0.559389642735859	0.445345508997597	0.346108538512244	0.427704689597795	1	0.332429738434806	0.0357531934473399	0.0502236295774365	0.195524135729036	0.604415421752282	0.037593482628135	0.499591577737497	0.355942118877421	0.317910776906666	0.562903537754269	0.617678710149636	0.587200614656407	0.20425761644081	0.358932174415739	0.315305694877841	0.0489440443953733	0.696759383919018	0.496865627812532	0.656843898651779	0.239455752395931	0.116456252874257	-0.0926644900813318	0.667055068623069	-0.080416393731782	0.28375506205416	0.318426438201354	0.242194637901248	0.357097285047603	0.566550955902434	0.671097057383525	0.0753096467940963	0.376116320360042	0.0657486039870977	0.407558786329085	0.328921716648644	0.0733226825020663	-0.17863216042412	0.168174192152802	0.095223715655964	0.492359363363615	-0.0540605227225517	-0.0382021101274799	0.333399336910493	-0.108368767981662	-0.0110670865650716	0.0450724525793364	0.468138767990055	0.282770205789339	0.259751646155414	-0.0536026434197525
PDCD1	0.914679497847468	0.748737691077214	0.916054861090841	0.906653534523058	0.863119605162195	0.921795360376288	0.804737811054712	0.709723347234544	0.90735918595622	0.438385510544809	0.732053501144419	0.332429738434806	1	0.402180946687352	0.796610537626884	0.426134941694212	0.762514276639752	0.847809048157196	0.933313169010678	0.846314626890552	0.614648381984264	0.418875823029648	0.667035114689443	0.304434126834794	0.770861980668371	0.701022640294307	-0.349911241639638	0.397636631938296	0.562358371656254	0.130367475852141	0.689545964676889	0.849461426506476	-0.54345031413712	0.12096587799859	0.657894523530757	-0.352460459040487	-0.461948792174438	-0.278361365662064	-0.24676109118753	-0.311668423406848	0.669628258540766	0.574432558628458	-0.457752942495435	0.38623499911463	-0.601502889875546	0.763476424376024	0.335059215599072	-0.579261777121935	-0.647349271009538	-0.574167250991219	-0.26553202860366	-0.277542052664409	-0.614517832826798	-0.56257943008762	0.384270742949703	0.144659330954958	-0.624217232288226	-0.5917932014398	0.675940364758419	-0.384654429587206	0.554619437590066	-0.456851628704427
SORL1	0.209727447354135	0.116535963796497	0.29046302616143	0.253792131130709	0.319171661824043	0.235153981116369	0.0350480278047244	-0.066365193969952	0.292978204499921	-0.110987269195002	0.034092316163308	0.0357531934473399	0.402180946687352	1	0.475105696973252	0.719341095413055	0.278507322890402	0.50385428296947	0.510702579726452	0.0513678103233176	0.529552190109898	0.324509668266016	-0.0645841664263919	0.307246740414741	0.698416352987313	0.653640932751546	0.13117495282355	0.35736083609005	0.23991771762974	0.504978159983312	0.00786315719748209	0.155191818278907	0.209305984687125	0.716797782139975	-0.0858760562303226	0.122263848952801	0.00849102376983572	0.301875006286187	0.291516497102992	0.172587893943861	-0.0602538333382651	-0.0595191621033159	0.359601927828924	0.41374760449728	-0.0103405123365567	0.551036284806273	0.740577968690958	-0.0446654365365607	0.227039578554504	0.160956204136184	0.506342946686718	0.210105330454477	-0.0548625141307648	0.23844592624819	0.439363942390609	0.675252449985673	0.126052401178117	-0.0109132388510937	-0.0520891610775484	0.130758443853407	0.877894128253529	0.349677446800472
CD8A	0.700600216204721	0.500825743615237	0.754989291041083	0.661533334067866	0.720763435659675	0.690163435252243	0.621102582061892	0.451986221378771	0.683660405837772	0.533893645351331	0.598098834901519	0.0502236295774365	0.796610537626884	0.475105696973252	1	0.249151498469873	0.575676596876203	0.955348113324107	0.736575098548564	0.653061944387768	0.383317738697282	0.437341660667836	0.252405666697475	0.294760726369081	0.777654944338316	0.439590542334726	-0.22363374847031	0.310128221953897	0.398114380217764	0.0595362461971146	0.244427179030783	0.762556891462333	-0.407483839206104	0.134730432528963	0.28709584899889	-0.281203752011626	-0.384494264561564	-0.233855463702281	-0.14508478707352	-0.351806601393705	0.414627353357459	0.327570494969714	-0.311019083441395	0.263608902271964	-0.402401440870654	0.714270556035805	0.092052964185432	-0.422123008876974	-0.476374599676102	-0.400271707573722	-0.155961995278214	-0.249988214231256	-0.439774030796823	-0.454113194166667	0.119944790179339	0.0326209905310214	-0.467248979212174	-0.423334212283446	0.536858543368837	-0.264716013306078	0.453119959411928	-0.267008127381191
CD74	0.366342789821387	0.370473774553451	0.308915271980685	0.388680241983121	0.43469973921333	0.260676820841037	0.223820914335801	0.232895621982522	0.477929477683405	0.0432842738627527	0.389415401495179	0.195524135729036	0.426134941694212	0.719341095413055	0.249151498469873	1	0.353270796826179	0.326880085104602	0.426184449562562	0.241286784750407	0.904792241716778	0.47317426639177	0.200464604025654	0.239010322590818	0.495977433192386	0.905676556457355	-0.211002585658259	0.573955741810529	0.114713424888877	0.560298564394754	0.300657663913071	0.126581557382252	-0.0449263011503429	0.800177689838256	0.205057562659899	-0.364523179120568	-0.293567988015106	-0.0124808885959898	-0.207710641033044	-0.081949275957778	0.295766637525373	0.180629717694894	0.0958080413251805	0.462408945305809	-0.367760696265934	0.667220271684046	0.895698528140066	-0.366122446832431	-0.0999904188335648	-0.0946865736239214	0.0294948231767448	-0.0643904061367384	-0.405510107683391	0.0107793201965011	0.859702995125364	0.889019305746031	-0.247983838039814	-0.345877825500131	0.23310462131756	-0.254548351863192	0.928705599593254	-0.034104683862435
TNFRSF14	0.895797801759577	0.90716306733005	0.902838295407829	0.916624024981742	0.937519496009464	0.878195251944842	0.906342268102615	0.883367745501836	0.859103617736515	0.674066665231121	0.77263425808367	0.604415421752282	0.762514276639752	0.278507322890402	0.575676596876203	0.353270796826179	1	0.580294664214774	0.769969618532363	0.796888791925507	0.557551316853912	0.588029882002022	0.815785099700066	0.240541256102158	0.453549298721318	0.625991322668372	-0.347081125716272	0.444251302986315	0.795454234625188	0.0282649134274713	0.776588395035956	0.693319500252797	-0.536016643975636	-0.14041884449475	0.818122944267799	-0.419404240343092	-0.422824534630184	-0.290051389182035	-0.154714285566521	-0.0257606378823327	0.859292553883152	0.853763780663927	-0.462687417850032	0.0817697835862533	-0.551458456721529	0.621071677515598	0.33427392466023	-0.586778330053309	-0.66487539061284	-0.432997399851401	-0.266334941266808	-0.0955660415327505	-0.617559712227937	-0.622204353471978	0.452694674570298	-0.0505868765520492	-0.544895808263433	-0.556190859884652	0.831331521997464	-0.363587580661402	0.500612965413827	-0.543336245506346
CD8B	0.720718601246256	0.494591021795396	0.74703754662837	0.715957491606769	0.720217610692396	0.743446179716012	0.632960620201548	0.460334946575105	0.742631617647161	0.410922176619962	0.588172038745076	0.037593482628135	0.847809048157196	0.50385428296947	0.955348113324107	0.326880085104602	0.580294664214774	1	0.78269303163947	0.702229504864647	0.45860649052611	0.329011681255401	0.327440286203323	0.21356983810285	0.821695666883425	0.496711164954592	-0.283030013288909	0.429294876566475	0.408184063193802	0.0533042916499532	0.353010077237414	0.793210727816161	-0.432084056629436	0.210467502928565	0.348386346392281	-0.275927416471401	-0.422086150359124	-0.24145353625101	-0.222030375994398	-0.411290605743826	0.40959391399977	0.303503753926656	-0.317730063842494	0.33892681125885	-0.46656046505513	0.687247515952471	0.195307160486951	-0.475138589149268	-0.496656643265882	-0.469974916723429	-0.155466727843865	-0.293199843838604	-0.493200068911314	-0.450422120401897	0.1887096732347	0.144914210744948	-0.513030440670929	-0.479991050107918	0.503350381648735	-0.321049036453858	0.499140987251735	-0.284659271955539
CD247	0.866867837033177	0.702969702008932	0.866522931991092	0.851724684375167	0.813593383609037	0.891919487487747	0.710108749082106	0.615108004526173	0.842873459352385	0.305237071491904	0.593416538471967	0.499591577737497	0.933313169010678	0.510702579726452	0.736575098548564	0.426184449562562	0.769969618532363	0.78269303163947	1	0.725331503956059	0.563513135893876	0.467867587309946	0.65213449890347	0.50189829229657	0.84101106939167	0.688990905589935	-0.0901762946162054	0.297807097330737	0.704379488458869	0.328171825512124	0.701229062941491	0.747768009228008	-0.308596654789193	0.173140243930249	0.60534855711334	-0.15525551464144	-0.199464548424729	0.0074545524954191	0.0235918540737388	-0.0762711613753681	0.572274978187108	0.53273092180289	-0.237985758966919	0.496471255795938	-0.401110665625717	0.774560276224266	0.429353893563086	-0.348867866332472	-0.45453061800359	-0.36071639820536	0.0057230344819446	-0.0406126458754431	-0.400746046775412	-0.363860360627715	0.360237700765611	0.142656140538096	-0.412366838587787	-0.363243045822342	0.561964233279922	-0.141078887684344	0.611937110756991	-0.249906393569357
S1PR4	0.916586293486091	0.818365754491126	0.851637511021677	0.928392733708535	0.86553122194514	0.915131842579088	0.941818349835246	0.893421644646057	0.935321388879227	0.639685560992454	0.825068313884338	0.355942118877421	0.846314626890552	0.0513678103233176	0.653061944387768	0.241286784750407	0.796888791925507	0.702229504864647	0.725331503956059	1	0.530689753764401	0.346034249325889	0.796956200363241	0.0645200295967673	0.41207196526986	0.54729819016024	-0.540703225576053	0.578352835075664	0.607718093126424	-0.155027839926259	0.780141058700283	0.898027220113764	-0.719145003961978	-0.137617092626619	0.842822055718437	-0.544326347803954	-0.628164630121263	-0.506399147282349	-0.520137398040657	-0.495598114314128	0.802726895460963	0.72858130504889	-0.647836578134819	0.109263275295325	-0.75192336162082	0.5685110306681	0.0957251292715316	-0.717145489322257	-0.84760878611128	-0.739948894275503	-0.553516737050218	-0.437502103363747	-0.749274162798718	-0.773710194792718	0.403262872577178	-0.0621920434297089	-0.792458156824053	-0.734997336302755	0.89465575366493	-0.566264444078536	0.290108830059234	-0.720322717749551
ITGB2	0.635099595151706	0.631245480884288	0.532189168255586	0.639095846566279	0.67096480830917	0.500580572914406	0.521523730580772	0.533219540580736	0.734466930255113	0.264253089086638	0.674178644092939	0.317910776906666	0.614648381984264	0.529552190109898	0.383317738697282	0.904792241716778	0.557551316853912	0.45860649052611	0.563513135893876	0.530689753764401	1	0.546737505740023	0.46239489430516	0.234744742397891	0.518797887975501	0.935369729466508	-0.401533932563946	0.634321623828802	0.236402497679066	0.448855226638127	0.555330795194258	0.325759993091407	-0.314058396386987	0.598824978607843	0.463046699184539	-0.591578150606132	-0.502794681733626	-0.250614378183468	-0.426892973834137	-0.244121078486917	0.567481002517195	0.411757122466648	-0.202711210431538	0.440290212829789	-0.600232756214827	0.754419467015466	0.777243642980192	-0.585203617712764	-0.415509960452692	-0.341981297786513	-0.231734236581735	-0.231755891850901	-0.636742233336895	-0.300454094862304	0.865803870840127	0.696765510077997	-0.520856275588115	-0.579304121704957	0.514013098057814	-0.461655159311337	0.838273991425153	-0.335890446920207
NCR3	0.562365795352372	0.607783994960764	0.54873134545444	0.477380720532838	0.61682666326829	0.395498062968531	0.497685507501864	0.495300355049646	0.468844059161336	0.618468264737504	0.638695231212722	0.562903537754269	0.418875823029648	0.324509668266016	0.437341660667836	0.47317426639177	0.588029882002022	0.329011681255401	0.467867587309946	0.346034249325889	0.546737505740023	1	0.310478225213799	0.593759682341033	0.373073832956836	0.571962127281159	0.022431190118349	0.202945710056412	0.397724135803552	0.471556762953439	0.313818629195541	0.288742509288667	-0.078054764974603	0.2370859648079	0.372519365296748	-0.353163177120437	-0.107068059478402	0.0404496298776065	-0.033252267056052	0.0999772062694881	0.578891239274412	0.58985611665858	-0.0516330782952039	0.264142108905942	-0.218386732006518	0.723868231820062	0.367750065225515	-0.209892215127858	-0.283468869658129	0.0276018518075662	-0.078871104748538	0.0727938613385953	-0.3080290992343	-0.202114433644712	0.50204607323906	0.16672830255486	-0.248436912407665	-0.231209722565946	0.569585277726059	-0.0834654849596312	0.520080075846854	-0.214350084865151
CD6	0.836539059829016	0.86519192138974	0.736842211938589	0.853211490090091	0.767148587899723	0.849847266293978	0.865249393508098	0.898099928253426	0.809360297659652	0.480220827325317	0.699904056700951	0.617678710149636	0.667035114689443	-0.0645841664263919	0.252405666697475	0.200464604025654	0.815785099700066	0.327440286203323	0.65213449890347	0.796956200363241	0.46239489430516	0.310478225213799	1	0.0736499220195213	0.19855109080108	0.501553764649234	-0.445157233699343	0.385933455805313	0.723907194300525	-0.107084167484973	0.955599772647239	0.644576788150401	-0.617914118860295	-0.300426496450075	0.92786784376435	-0.414927602896503	-0.432489021256945	-0.378687719963657	-0.307934691385374	-0.106669499827764	0.834240735293998	0.842172859874019	-0.617636186787763	0.0327051941310098	-0.640774806404184	0.366862326326296	0.21738191499387	-0.595679691280174	-0.745275337904044	-0.611200176815462	-0.421006279305663	-0.237405677317976	-0.628895929730895	-0.676867517670216	0.448410086303707	-0.13512076974709	-0.62161133180628	-0.599057449910335	0.792329910455279	-0.44890098330767	0.224220306719636	-0.69280803338431
KLRC1	0.326888995411932	0.202042643127634	0.339038277564654	0.203650643370998	0.227925725604733	0.209387553672648	0.105399437261973	0.0691213299621338	0.191349531438272	0.0726616083122011	0.172768205778828	0.587200614656407	0.304434126834794	0.307246740414741	0.294760726369081	0.239010322590818	0.240541256102158	0.21356983810285	0.50189829229657	0.0645200295967673	0.234744742397891	0.593759682341033	0.0736499220195213	1	0.576975626144408	0.311517752179578	0.571928251468257	-0.191994195342044	0.28304648070875	0.76493555027431	0.180490194210111	0.129024215584146	0.399466844188642	0.29864759039267	0.0772952205704092	0.135173337382973	0.414631718108555	0.53563236746029	0.34559016310393	0.351881855006474	0.1570902421644	0.14416707625743	0.368441402181839	0.737926724803209	0.293942718377341	0.656608002166222	0.267590914805478	0.337044983366556	0.161431505777024	0.333628046136836	0.375054723380224	0.456569840616157	0.203958246940473	0.277835470224984	0.133744390905109	0.0868053924046002	0.193975012099589	0.272344017645379	0.108208438468201	0.439652284446227	0.340093864715363	0.31202218169113
KLRD1	0.587603075558865	0.361667175650138	0.626064271418425	0.556473631628788	0.564789715510771	0.578947444451633	0.361545345807063	0.219372952249664	0.585524121869474	0.0697540925143746	0.365849224520681	0.20425761644081	0.770861980668371	0.698416352987313	0.777654944338316	0.495977433192386	0.453549298721318	0.821695666883425	0.84101106939167	0.41207196526986	0.518797887975501	0.373073832956836	0.19855109080108	0.576975626144408	1	0.589178485602903	0.087249339798363	0.163194402847125	0.331779561226927	0.507532982478202	0.296255509702228	0.500750089749069	-0.0472089956528571	0.463277431089929	0.164090125064881	-0.0391466695694201	-0.0641355776947269	0.155141031126005	0.0959712412329491	-0.0712327476993858	0.22701319770427	0.102559262774447	0.0345634575978494	0.696685741985564	-0.166616779119182	0.787789751550242	0.467011072831878	-0.147647410072688	-0.148074465012326	-0.134386002570568	0.214440605142771	0.0352491192126138	-0.200246745701596	-0.0667679017998488	0.220416194539314	0.34290416238018	-0.190474178412103	-0.168710236577363	0.200550017028994	0.00706320959187823	0.681776880868527	0.0742130411252888
VSIR	0.670341460788004	0.634995696681084	0.616541553652216	0.68040305422007	0.693282272280701	0.588760143802284	0.529984435299191	0.522229303937642	0.743427254872288	0.241493938595934	0.603478169904788	0.358932174415739	0.701022640294307	0.653640932751546	0.439590542334726	0.905676556457355	0.625991322668372	0.496711164954592	0.688990905589935	0.54729819016024	0.935369729466508	0.571962127281159	0.501553764649234	0.311517752179578	0.589178485602903	1	-0.323223824448818	0.60483005673067	0.394201610800171	0.454110744944662	0.573384039110115	0.437663590838195	-0.274996734276241	0.586531482673609	0.499322620330651	-0.420894830079037	-0.427818650533224	-0.138899837191507	-0.252768907432337	-0.130830082218463	0.536188712049265	0.459346842771018	-0.14893507105484	0.426509669161966	-0.548833552186342	0.798086916117901	0.821849252651175	-0.537276593858794	-0.366953768010884	-0.308419379724263	-0.0990260469750029	-0.139122415746628	-0.581544189722016	-0.261961343081463	0.855718357297196	0.681103170267745	-0.449850105752444	-0.524790285800242	0.517475820579349	-0.361809835061061	0.899103018110155	-0.262978461992473
NCL	-0.411678736870606	-0.445730072108124	-0.305640614706028	-0.425032494054951	-0.431406464818338	-0.381933126361534	-0.529332525073153	-0.534656032034413	-0.489964990114491	-0.405114828633306	-0.55819349444045	0.315305694877841	-0.349911241639638	0.13117495282355	-0.22363374847031	-0.211002585658259	-0.347081125716272	-0.283030013288909	-0.0901762946162054	-0.540703225576053	-0.401533932563946	0.022431190118349	-0.445157233699343	0.571928251468257	0.087249339798363	-0.323223824448818	1	-0.489695892771002	0.0175282096725214	0.583277063980036	-0.348515793987417	-0.391444612179134	0.914993585595818	0.155054852606892	-0.382160430874314	0.710606044200039	0.955332983153621	0.940546312657179	0.797943080922225	0.583390575907697	-0.504294598725762	-0.368349481283389	0.846755826838011	0.414513330158587	0.904268572292754	-0.109326610040309	-0.0193134404426666	0.928848585075569	0.779811997187824	0.853610800239121	0.781254356812169	0.82623606568861	0.835021177870704	0.822389435617767	-0.353082542424489	-0.0877712610540307	0.828275364132632	0.87073530951737	-0.553969618009724	0.958162375298723	-0.0992578141179058	0.844153945794729
TNFRSF1B	0.437540647402748	0.371034606109875	0.348342737196717	0.524033200153408	0.464512006112405	0.448458477934809	0.484188613265187	0.443136020288775	0.578467513464642	0.264607102182612	0.438356913728365	0.0489440443953733	0.397636631938296	0.35736083609005	0.310128221953897	0.573955741810529	0.444251302986315	0.429294876566475	0.297807097330737	0.578352835075664	0.634321623828802	0.202945710056412	0.385933455805313	-0.191994195342044	0.163194402847125	0.60483005673067	-0.489695892771002	1	0.321129283365435	-0.0732086363112706	0.433935699828786	0.486661654713615	-0.361017471550747	0.391274290654618	0.463111900382212	-0.399926882218423	-0.565314145113065	-0.323044006770325	-0.501756352087719	-0.401008658141945	0.370986361810571	0.359133545173956	-0.194668653059917	0.0611986443590491	-0.570751580066439	0.332623703770741	0.436001482553798	-0.585425619162562	-0.37120768991584	-0.424161556993468	-0.243734716222361	-0.322439299246085	-0.614365833202568	-0.335389668715226	0.710037825903642	0.516204297191553	-0.45367081365965	-0.590587391697859	0.517059583491205	-0.478355938879529	0.499104126794596	-0.365356181845799
SLC16A7	0.679920619920199	0.683115172989709	0.701641849343598	0.716510417963627	0.67739804409439	0.750775940863793	0.676418475844523	0.647169936815863	0.638471984611911	0.420503468878589	0.410419326100574	0.696759383919018	0.562358371656254	0.23991771762974	0.398114380217764	0.114713424888877	0.795454234625188	0.408184063193802	0.704379488458869	0.607718093126424	0.236402497679066	0.397724135803552	0.723907194300525	0.28304648070875	0.331779561226927	0.394201610800171	0.0175282096725214	0.321129283365435	1	0.0920113039990811	0.700424366125098	0.634324673636341	-0.204443779267682	-0.205316404564275	0.734906133535122	0.023384621317597	-0.00117164605001452	0.100344954936388	0.23347831531741	0.221668007520768	0.528140991930906	0.74175124267854	-0.160492519589524	0.0961768343351557	-0.202574265032485	0.356747675214883	0.244413804071775	-0.203660826995792	-0.362177740099798	-0.141356595254523	0.0711986729510163	0.235573160098544	-0.257269027005474	-0.336891985842051	0.230078478249672	-0.195500370039708	-0.179522422041966	-0.206529848817232	0.59417637131016	0.0505926661287919	0.320565469188502	-0.232846205227114
ACTR2	0.0864419491977799	0.0510928634160227	0.0685206278108592	0.0294427247898343	0.0769512286287194	-0.0424172145103832	-0.154017382178287	-0.144155996074259	0.0865136514890551	-0.210809309008392	0.0198050940446598	0.496865627812532	0.130367475852141	0.504978159983312	0.0595362461971146	0.560298564394754	0.0282649134274713	0.0533042916499532	0.328171825512124	-0.155027839926259	0.448855226638127	0.471556762953439	-0.107084167484973	0.76493555027431	0.507532982478202	0.454110744944662	0.583277063980036	-0.0732086363112706	0.0920113039990811	1	0.0690481578984655	-0.190360405508793	0.602315433255241	0.671676340593841	-0.0801674448036241	0.130564301549978	0.486762708552335	0.654460694042983	0.363382663819636	0.340870641461052	-0.0585424815351569	-0.0805344614377529	0.608434022684212	0.791224453719934	0.351863547912688	0.526498990233149	0.633032376918068	0.396371500883603	0.391965164152228	0.53386703346766	0.494034164614656	0.546402124923006	0.274518390926543	0.533301388950882	0.344434625713315	0.509117724960383	0.338226497921694	0.346193462119496	-0.162248031364089	0.491744501758804	0.578391527249106	0.517398498682368
DPP4	0.82860898427141	0.80729016719297	0.699635614243919	0.846215540217339	0.738121939991358	0.833933413618411	0.807261091266398	0.830486483837166	0.82557794805407	0.352453201617	0.671311251764197	0.656843898651779	0.689545964676889	0.00786315719748209	0.244427179030783	0.300657663913071	0.776588395035956	0.353010077237414	0.701229062941491	0.780141058700283	0.555330795194258	0.313818629195541	0.955599772647239	0.180490194210111	0.296255509702228	0.573384039110115	-0.348515793987417	0.433935699828786	0.700424366125098	0.0690481578984655	1	0.598869265333472	-0.492906389662228	-0.120585268420703	0.883869377765444	-0.384711515985096	-0.361554218945045	-0.24194069919715	-0.29209284271815	-0.123291991740687	0.788617726068469	0.749690133297581	-0.491855413160571	0.213158720730463	-0.585551432236771	0.433953122483319	0.338442211295704	-0.521895327317138	-0.658776729713277	-0.536775904500509	-0.306087836231181	-0.17538761225535	-0.575500482522501	-0.554865987498023	0.510951764809089	0.00450215595041814	-0.577481097922176	-0.541685900444883	0.722317482842464	-0.373099849345936	0.306694854728989	-0.578092062157643
CXCR3	0.831447206537627	0.657900812600658	0.838317570449002	0.829493697391185	0.747751363248349	0.875545661856189	0.824874979064622	0.715024817529537	0.804925423371513	0.580482221181777	0.662437263289303	0.239455752395931	0.849461426506476	0.155191818278907	0.762556891462333	0.126581557382252	0.693319500252797	0.793210727816161	0.747768009228008	0.898027220113764	0.325759993091407	0.288742509288667	0.644576788150401	0.129024215584146	0.500750089749069	0.437663590838195	-0.391444612179134	0.486661654713615	0.634324673636341	-0.190360405508793	0.598869265333472	1	-0.606288269214314	-0.138502071616734	0.70081237180902	-0.291074803364306	-0.480048217895225	-0.36935643121186	-0.316800119564108	-0.395840566879467	0.606259915262705	0.631663420646292	-0.517207142751317	0.147432542788141	-0.574473432524505	0.54019529102085	0.00200108430184236	-0.567142515287735	-0.700768466823062	-0.627955573056129	-0.391894703694765	-0.324196743373472	-0.596770788483503	-0.646095314841557	0.210806001588941	-0.122243719107717	-0.622994515375713	-0.589257022651136	0.762610743614259	-0.388985422286417	0.242906372058037	-0.532042095647732
CD63	-0.621502862574142	-0.627428739158264	-0.556179400250756	-0.612058973496955	-0.611737243683803	-0.611375457217684	-0.735652427654459	-0.722914833901534	-0.630211199955864	-0.582272342334477	-0.689601011406652	0.116456252874257	-0.54345031413712	0.209305984687125	-0.407483839206104	-0.0449263011503429	-0.536016643975636	-0.432084056629436	-0.308596654789193	-0.719145003961978	-0.314058396386987	-0.078054764974603	-0.617914118860295	0.399466844188642	-0.0472089956528571	-0.274996734276241	0.914993585595818	-0.361017471550747	-0.204443779267682	0.602315433255241	-0.492906389662228	-0.606288269214314	1	0.377246907493351	-0.565125853021164	0.672916748981519	0.886154583094708	0.912871330987156	0.687590930818291	0.543810859553543	-0.676994459067157	-0.564257246191964	0.957490947821839	0.367650453753847	0.898792380926381	-0.210936404050882	0.142168632300664	0.902425627175923	0.91727441617835	0.902767740962699	0.813775826231779	0.773008081199902	0.82448766809218	0.945433462679333	-0.217221125476405	0.178242279398922	0.878630743671603	0.859710487686341	-0.717169962107758	0.881905779602855	-0.0222848116271244	0.931657076647061
HAVCR2	-0.0572656981847434	-0.168743614708892	-0.105075058436388	-0.0533882134200932	-0.0297171952858727	-0.124400225443671	-0.253146167340998	-0.295362758341438	0.068780695728302	-0.356620398306839	-0.0452390934150964	-0.0926644900813318	0.12096587799859	0.716797782139975	0.134730432528963	0.800177689838256	-0.14041884449475	0.210467502928565	0.173140243930249	-0.137617092626619	0.598824978607843	0.2370859648079	-0.300426496450075	0.29864759039267	0.463277431089929	0.586531482673609	0.155054852606892	0.391274290654618	-0.205316404564275	0.671676340593841	-0.120585268420703	-0.138502071616734	0.377246907493351	1	-0.279446530252937	-0.0127377727223034	0.0549913015119823	0.339346678225414	0.00525499877226462	-0.0821423760998991	-0.228844134808976	-0.336135929566088	0.503262004166119	0.578988566120851	0.0356853793791488	0.461591367673901	0.726440515255431	0.0787926869153276	0.349132627302891	0.234360159402769	0.353832069589692	0.0799757201868689	0.0337448881807269	0.448632304229053	0.569082759239338	0.935121647985065	0.119692306725262	0.0670914437886526	-0.234977127425688	0.0890711094345565	0.721780323481277	0.407749487412741
TRADD	0.822774847185213	0.865870492896348	0.781133669704588	0.866942469770667	0.780665181293137	0.820021459035616	0.880454436288127	0.923053680864012	0.803886532721611	0.588659114011114	0.737440119501796	0.667055068623069	0.657894523530757	-0.0858760562303226	0.28709584899889	0.205057562659899	0.818122944267799	0.348386346392281	0.60534855711334	0.842822055718437	0.463046699184539	0.372519365296748	0.92786784376435	0.0772952205704092	0.164090125064881	0.499322620330651	-0.382160430874314	0.463111900382212	0.734906133535122	-0.0801674448036241	0.883869377765444	0.70081237180902	-0.565125853021164	-0.279446530252937	1	-0.417367993655219	-0.395169952528672	-0.352964007231671	-0.323222170458963	-0.149919334049878	0.835349926743682	0.898203025022688	-0.537414996354269	0.0719269481881034	-0.565483722895382	0.390330431477575	0.194458605166619	-0.578858927981442	-0.732189965522655	-0.517749349920157	-0.464496522416806	-0.123549903214958	-0.648456225373662	-0.65267631224172	0.444905004619443	-0.13366956359222	-0.581910750933375	-0.600309329608667	0.839722218190828	-0.36757867501302	0.219779899461125	-0.659002635104227
