""	CD74	APLP2	LRP1	NCL	PLXNB2	SDC3	SDC2	CXCR4	ENG	SORL1	SIRPA	PILRA	LAMP1	TREM1	TSPAN15	NRP1	RPSA	STAB1	ITGA5	CD93	CD44	ITGB2	ITGB1	TLR2	LRP10	TNFRSF21	ITGAM	ITGA4	ASGR1	NCSTN	LILRB3	LILRB2	MERTK	CD163	CD81	TLR1	TLR4	ITGB5	AXL	NRP2	PLAUR	ACTR2	BMPR2	CSF2RA	TGFBR2	VSIR	KCNQ3	KCNN4	CSF3R	THBD	TLR7	CD36	HAVCR2	ADCY7	NECTIN2	PECAM1	CD46	EPHB2	NOTCH2	MCFD2	PLXDC2	PTPRA	ABCA1	FPR3	DIP2A	GPR84	ITGAV	TREM2	CD33	ERAP1	AMFR	ACKR3	GPNMB	CD69	ADORA3	CCR1	STX4	ITGA6	CD63	CD47	CADM1	FPR1	TSPAN14	RHBDF2	RACK1	CLEC2D	PTPRC	PTPRJ	C5AR1	LILRB1	RXRA	IL6R	UNC5B	TMIGD3	TRADD	ST14	TNFRSF14	C3AR1	TFRC	SCARB1	HLA.DPB1	C5AR2	CD4	PTGER4	TNFRSF1A	TNFRSF1B	ITGAX	IGF2R	CD68	TNFRSF12A	SORT1	SMAP1	CD180	JMJD6	CANX	C1QBP	SIGIRR	MRC2	SLC1A5	LPP
CD74	1	0.58643817535486	0.554923460676492	0.410294800774152	0.433484056905801	0.479505837348694	0.254983728701171	0.740883396435933	0.555987142945171	0.74497583189625	0.661231397938846	0.744615640592204	0.5152582520803	0.100639205419657	0.60629489927008	0.480289321636342	0.403513862880734	0.496291769585793	0.190994414466122	0.54891518890741	0.435577467253438	0.641658081114479	0.638529991200682	0.736484187037713	0.766250918454269	0.429531588898596	0.517431073022276	0.586372657642334	0.364761341686732	0.588085863274703	0.615605721541114	0.770539719672037	0.598505839671498	0.593195670798965	0.640404747189983	0.876311949869853	0.678629511978	0.362837267750362	0.91243696423984	0.304128699093924	0.572909825059649	0.526163093157947	0.685885216063633	0.910233968655493	0.720710009515188	0.83047390803718	0.697360870145518	0.317279774937631	0.834337726910103	0.293992566967194	0.796290332643661	0.0138615393156393	0.69054982702093	0.681309189879566	0.649055659397073	0.827758065373492	0.711355927516906	0.539556683395767	0.449460699768975	0.468706870372197	0.837793840307385	0.559913283786922	0.00595502396921613	0.613186393185531	0.470444049145082	0.678052136456778	0.790358536235695	0.824382914852333	0.620178792772721	0.554553913621631	0.450147694569435	0.118662501196241	0.07375435299662	0.61986232552743	0.810213177366787	0.408487451542141	0.687492506761001	0.713503968858665	0.59552778106031	0.590629122722863	0.74910378583344	0.891415931043721	0.693993079958913	0.778166420582521	0.537144305132271	0.626794052205943	0.699690252039484	0.530216531344402	0.674592669807101	0.821440484504121	0.318144033575826	0.328984319973465	0.782510310163918	0.501839978470113	0.731368709037252	0.44763186819746	0.509450188152388	0.833671555336106	0.748884750125878	0.636164041884196	0.981483924156781	0.135899542164784	0.545020395530107	0.817026856600675	0.703870961582211	0.696556890551739	0.171204474034647	0.172774354129425	0.59712291711176	0.274670430979923	0.524581308633886	0.579191247575344	0.295915999255062	0.404150658518196	0.529064496853586	0.40064740131446	0.595344975971369	0.62066454550448	0.48000959632482	0.596374621409094
APLP2	0.58643817535486	1	0.884176941132713	0.687219353920429	0.899689125243141	0.630669253446227	0.577458635608575	0.571759148471552	0.908184905407277	0.755382574036904	0.92581717546307	0.447906378826694	0.869855109427587	0.68948602782288	0.884937767774592	0.894884454217275	0.681171334844752	0.804143104407425	0.770243432188917	0.834056416907934	0.821788593263938	0.874458381631687	0.961022241281621	0.870732825899472	0.804553639568904	0.83743243917396	0.8971457591555	0.763944149861315	0.695088735278566	0.882116236305418	0.710133679268758	0.758471896853764	0.779928279436286	0.916286620596335	0.956362190617208	0.744495227149588	0.852740306015178	0.838495737459807	0.501443377694529	0.824679510659055	0.916856925592296	0.867129339181705	0.835430578261207	0.66410078071893	0.867389793311781	0.679275591581231	0.759647141942041	0.669596455595282	0.708148175725816	0.721097568552729	0.745965000902327	0.642983757367305	0.838871803091173	0.831082191407947	0.863398263633414	0.607987001831727	0.854919528045202	0.842354337521012	0.748744415001622	0.894017451525965	0.825416769775106	0.815267441186842	0.478158959443124	0.88887544267468	0.800162021970438	0.742039021382381	0.839907695119987	0.848329059360409	0.850018135679059	0.820795994844972	0.818878362661197	0.671109476284968	0.540550805202725	0.558127741824288	0.755324922796007	0.901769306786476	0.905768452915109	0.759384101966277	0.945789719297599	0.840555863947244	0.66127738813213	0.727693532766488	0.868475866071881	0.802670737173913	0.768107857047078	0.719509049956181	0.788874966020719	0.874464796683714	0.610578707984194	0.829553286599274	0.810126940457763	0.740246943823542	0.73107883117857	0.772603044405829	0.838266853198795	0.907643758556527	0.762848321535664	0.842378146247271	0.740858854086008	0.846792911401385	0.468546678495513	0.592949425943753	0.940614758612256	0.654684556744168	0.900830626905435	0.820900192903336	0.550626085939949	0.729090484982856	0.781389773800647	0.7469373299186	0.67284097341548	0.868177875200768	0.716056917781453	0.693333429004245	0.91285880397822	0.646726760615927	0.798443530789009	0.779227756630635	0.687919646197449	0.895559931993816
LRP1	0.554923460676492	0.884176941132713	1	0.384095682303507	0.755083866559341	0.807832559682949	0.616299679430484	0.402192361787725	0.780541209179449	0.562634358324187	0.821654221153025	0.590441837720277	0.852255285038545	0.546962109536809	0.741612636367679	0.879272810109318	0.383284940771708	0.860073215582394	0.57430910006144	0.758386552725207	0.634049077417182	0.672070637234033	0.859314065512687	0.797175815045152	0.679943173731786	0.76802663332056	0.767226047320665	0.510844960053439	0.412170855201818	0.736850381165948	0.714463342848037	0.643856075338494	0.883902595488911	0.918417964346676	0.874765377966478	0.647831206872603	0.870389135814458	0.888098123452969	0.462114683683296	0.793891030776244	0.786377989755516	0.640759093550166	0.731471531309975	0.642624392729205	0.883008678380733	0.482080287668598	0.720576482959791	0.375440559561895	0.745393278042404	0.495236037405083	0.656578344960631	0.502016029650815	0.655787264042829	0.690732262516509	0.655925367438659	0.704008829991338	0.727110910468528	0.793710483870657	0.651424525830913	0.704463113153422	0.726692221829857	0.622001752947858	0.582867740963421	0.888566804535481	0.707914133591931	0.543692497546121	0.79462748705579	0.767211104407313	0.636904387441951	0.685577240403614	0.752539560942551	0.590420532467457	0.60814442136438	0.308971176923686	0.77626743526179	0.796429331312241	0.815040754838325	0.624092663392886	0.790721880709337	0.595766537041642	0.738147321653225	0.592023610717111	0.849896485273163	0.778878839902006	0.516965667327654	0.671379825074428	0.564643779881131	0.78784484681548	0.756968071970452	0.723407709917804	0.621966612258571	0.508049954009824	0.735380018620517	0.839156819716809	0.68497514724853	0.739380240044351	0.766057921582809	0.715079734115537	0.744629902017698	0.759807784205571	0.46040990066107	0.571277836116845	0.869917842936106	0.56307952084473	0.729077088751294	0.766026796546261	0.657108537004953	0.734812265160771	0.836723272631546	0.520428166306358	0.511567571433242	0.715361127512559	0.438644389523931	0.508903902203037	0.702442477850647	0.336015475488226	0.58975480569102	0.686750989110561	0.394069190881163	0.840871011359533
NCL	0.410294800774152	0.687219353920429	0.384095682303507	1	0.752538433919004	0.0582517616277807	0.102564223588287	0.636687889414708	0.792852384910708	0.811586521951199	0.732197041597837	-0.0347649049014554	0.431139865085475	0.568240691641227	0.784310778340495	0.518825322386027	0.963800125959318	0.397578521653967	0.761473114191933	0.652633418782613	0.804877815381284	0.810114356570487	0.69387940190771	0.678293935684498	0.710354167406966	0.631593176697595	0.746187837480931	0.908657946422	0.910732283592934	0.748082213878114	0.392096858520522	0.698802824657657	0.285995856004924	0.511159079033274	0.688475106189277	0.531302166660942	0.4523670267766	0.321267070764011	0.351272148356717	0.466404267805683	0.708714703855357	0.907820353963077	0.675630537888466	0.431283432524048	0.48307463763582	0.735101420796153	0.458493988648499	0.950603065794152	0.387375567899745	0.886168711795686	0.631890012824304	0.561399874146026	0.769752356480373	0.764518107081079	0.848000834656961	0.201548671146362	0.705269266333371	0.575694233612159	0.579764918523989	0.831828374540925	0.686742286145563	0.83338415932871	-0.0225256672073334	0.541818636954622	0.659909651610612	0.835264377690565	0.583762633238432	0.591483388381769	0.865682115899571	0.733707870283852	0.6132166112452	0.480375939706039	0.0426846179779176	0.783269032492735	0.343581191599693	0.615717135993795	0.68799323583537	0.650595073845701	0.74099406597047	0.923310765834717	0.215839709431663	0.641823077130418	0.513445641761009	0.489835021350661	0.924420493340009	0.542582395853837	0.855488288698098	0.672773581381284	0.0724302163315456	0.655495112242894	0.79994002592055	0.838342054721875	0.414189217560415	0.205944160642666	0.724564005374403	0.794755001437405	0.339673891861746	0.686476802056866	0.491138199993751	0.646357077618723	0.31663031610869	0.380112191181048	0.63268437814946	0.564077050125488	0.831929941087562	0.516685189702536	0.0598906466315939	0.338140161796322	0.248043440898995	0.819705015171433	0.66802888280695	0.729574900263272	0.858260971521802	0.722282813468417	0.884776316570105	0.988431667419156	0.847236491153957	0.625365256443646	0.96025528066523	0.666130656371918
PLXNB2	0.433484056905801	0.899689125243141	0.755083866559341	0.752538433919004	1	0.461365382971833	0.417402826592011	0.535893136007802	0.853056462137229	0.747699750172598	0.870079205189282	0.214820177074353	0.701142783954535	0.691416421870415	0.827372602869154	0.796594451437176	0.745725803114253	0.710808678762406	0.821871306106756	0.807821729722697	0.837760683338268	0.829145907229451	0.885469564376667	0.797806929353609	0.723113505460235	0.776125526080692	0.871669510294836	0.791575700377059	0.742209655751446	0.851434325872184	0.581131340515465	0.679223745675373	0.636579760021167	0.775215578250365	0.877583044325376	0.604610085167424	0.73439602276415	0.714934873948444	0.361174400927214	0.781063085828066	0.839104827710045	0.881287584067909	0.788564755372813	0.538454808995888	0.742508430542165	0.619050789439836	0.666520034087845	0.727277232496581	0.59057234581075	0.77022814029472	0.667438242811772	0.6170581092224	0.768410494425909	0.775467302103514	0.838972234333834	0.445465389559198	0.775080210375507	0.777976225209899	0.724347077476354	0.870635957533965	0.758123775263023	0.823719637124576	0.407356278465906	0.785128772147433	0.777266854413896	0.697670342304155	0.74293903808417	0.709634691037523	0.805319263112808	0.791161022900118	0.817840713492505	0.711973278656247	0.439589165618997	0.585089306570251	0.574401382402068	0.815547306917692	0.819273390743692	0.717396341276698	0.844854372739359	0.813809313486918	0.5260502516837	0.611346470503056	0.761042656087018	0.700555150822224	0.787479157605947	0.684502471422134	0.775799757876369	0.835942081309982	0.442095335684058	0.723198726262048	0.852149030511957	0.776019838401959	0.609222044608101	0.604351768032722	0.754109975125002	0.8888893906893	0.668786245483722	0.72817152372658	0.632523702198505	0.77266062065474	0.31166230428145	0.647885783549199	0.891332909065497	0.591754013309542	0.845268433294813	0.730025241115595	0.45007065832566	0.659321241560483	0.564214536877331	0.773118020447942	0.669234190446922	0.82530592855856	0.778396478672481	0.693124963665353	0.88994948270779	0.701890975862041	0.812257395297542	0.764036812510542	0.7303336997602	0.84593331499268
SDC3	0.479505837348694	0.630669253446227	0.807832559682949	0.0582517616277807	0.461365382971833	1	0.444912900532021	0.113067823418567	0.550499639920308	0.268763615429934	0.602284799788509	0.615145407258546	0.687556541327002	0.163806383816058	0.497220015575602	0.732141039453185	-0.00296159184875751	0.844944203414971	0.235680416039842	0.581324457184502	0.231779729976385	0.320768311229306	0.584826377057951	0.571105359577158	0.393574643260778	0.527914491576331	0.468315110075967	0.191187450302593	0.0618509112513817	0.471419257083152	0.496329224867303	0.492495451400643	0.87352881428173	0.805938013555995	0.6763289145319	0.489531236670979	0.720408861827206	0.793501061928446	0.36014960353612	0.521029157077558	0.457983595628686	0.353174343235208	0.483467911128708	0.475832373012902	0.737564397395661	0.200106146755879	0.532809673956383	0.0524253714929952	0.599332814859738	0.147462284225453	0.494456166577866	0.215425004326427	0.357238943285003	0.480421574907256	0.353140194522572	0.677829583444665	0.467646565895339	0.636877545455427	0.325981717406779	0.361388586360753	0.507162823283764	0.321780017341875	0.426054981806421	0.759196754243344	0.42806961225463	0.287340690541765	0.651476369474897	0.585380050507581	0.315069977270933	0.465697545106322	0.453974971006301	0.249541562592492	0.398837600570617	0.031116912623628	0.732665591959186	0.553143291471771	0.579467834958385	0.468708623670576	0.507437623601819	0.301267783967243	0.612782045110092	0.411122147231522	0.683578888666148	0.601621034380225	0.126543067097368	0.457542187330713	0.222415812638118	0.56636856162818	0.691949211603456	0.582616687828686	0.254612583295961	0.168356091560273	0.661082325455799	0.786729754717842	0.419764070699148	0.476949481095137	0.505306993365128	0.485766738393726	0.56827005169133	0.553890864319649	0.412594745295624	0.222246218078133	0.646552172986612	0.366315054055995	0.456567272612796	0.499013480318152	0.507606850715267	0.515070930676696	0.718439011252096	0.180896741444477	0.197954660929311	0.365515354886219	0.0556487220700881	0.110003099412376	0.366256993390466	0.0168572639127618	0.210253205846441	0.505999462013623	0.0945803778439329	0.575163117522362
SDC2	0.254983728701171	0.577458635608575	0.616299679430484	0.102564223588287	0.417402826592011	0.444912900532021	1	0.287124410645474	0.360969144708699	0.185933668981628	0.434765001319038	0.54986344000008	0.742989625953937	0.640427671008729	0.34576147820847	0.54099740563171	0.157704278997318	0.340974882848859	0.405740737717229	0.24746776058377	0.502467649721574	0.446545023614265	0.547798451804973	0.407998660297548	0.444067006099318	0.538334843563133	0.483468412967962	0.162829233424344	0.169331274173387	0.382446841938971	0.641052284250772	0.246796172000275	0.461552148033737	0.530818787057372	0.472179349665883	0.344200511923433	0.577351059198975	0.614179615849912	0.230016816452504	0.679166848259629	0.618211890532085	0.249582147231161	0.349349793146141	0.327271383117483	0.501555207609315	0.220570417837712	0.404764066058588	0.144506920655246	0.343489386218166	0.224059756979482	0.172452309945645	0.481519581958577	0.414594882284196	0.271609375045626	0.362424367025486	0.389535921080565	0.4490901626345	0.430789574063376	0.542120448300444	0.467532195138801	0.284266018924093	0.299678172513482	0.780500987737318	0.479470714831894	0.392721367438403	0.220664239287017	0.356009143712843	0.431808202909999	0.358023809310105	0.296972659009064	0.544887088436362	0.445457535605476	0.853352558877369	0.0645030723590179	0.390420204551829	0.628743085510806	0.506719149792247	0.194242315514294	0.578955124506298	0.290911856788005	0.487310793901778	0.266679763418508	0.531469004112052	0.416789727313541	0.286167920155856	0.376514422521334	0.279193496086035	0.374917532404007	0.648074646326516	0.322226735520126	0.415040516648498	0.347710448516081	0.306315597315563	0.611538156067624	0.443136126966037	0.393013291916457	0.721612870251811	0.398161871304397	0.465766530991148	0.440492442546757	0.215524718131693	0.473233037847258	0.474765043868016	0.246188811856254	0.352786760938238	0.549471323929261	0.766440103302236	0.658426625069592	0.797994687374877	0.346328652372155	0.286056689958434	0.518550533452865	0.308700157652865	0.406016476956131	0.431251963658879	0.086048468547959	0.359771254578318	0.235463195859546	0.130351758586617	0.466150575549581
CXCR4	0.740883396435933	0.571759148471552	0.402192361787725	0.636687889414708	0.535893136007802	0.113067823418567	0.287124410645474	1	0.534276714152839	0.779359454298863	0.618984475200211	0.390414871273335	0.446869172906738	0.459186215817965	0.598658031526684	0.342282012250183	0.704425142591435	0.234752031961702	0.464453968073674	0.455809109354289	0.727518151155719	0.794613413306969	0.64631726513058	0.669414276111313	0.826633847314222	0.494701428848241	0.665698452527737	0.77216250146571	0.641877828840284	0.625703063085485	0.653158913210396	0.64988589830331	0.275357240374181	0.399076423793919	0.560320508223867	0.72775667742123	0.549920994433526	0.228336576693646	0.748596327526069	0.390455489355577	0.695958263926828	0.638352240929192	0.675057543491815	0.781938711391131	0.54192465584453	0.872883063143734	0.594402299302131	0.581567993046967	0.665344006207483	0.52485707727287	0.611672431163992	0.207215182138496	0.797795921737487	0.673855612187198	0.758556205966905	0.516897430574467	0.734090291157768	0.448009774671579	0.585731322089682	0.624497002130293	0.760808672512994	0.690810885913382	0.100831812696929	0.469891618024712	0.584090628262806	0.756420402084121	0.616332007535817	0.666182454627512	0.725138293562304	0.52609915754089	0.581320526487756	0.321980099357723	0.212747643541469	0.856279663368405	0.478825021703447	0.480429228994606	0.66261752046088	0.611079048369139	0.661672532816144	0.707827143108244	0.536517286283427	0.798100928134883	0.605893992533925	0.62827557078982	0.780206175928227	0.659929617578995	0.873046707799211	0.480001166010915	0.425546532282394	0.680601716149568	0.592955600994075	0.582160516197074	0.545364952031159	0.259873209462183	0.791404092490058	0.513502074051952	0.548532689522967	0.760201075359147	0.649657762360962	0.602515020466706	0.716625316897021	0.364803435568249	0.51666715563261	0.831477013646864	0.721958007929916	0.697407296401641	0.256550198417157	0.252373351077362	0.447821004464596	0.522532060964697	0.719921612695329	0.745752905594971	0.642590494888938	0.700797279509472	0.663369538257219	0.633695586879439	0.785833281982302	0.555015752014486	0.670724758253323	0.606543756854834
ENG	0.555987142945171	0.908184905407277	0.780541209179449	0.792852384910708	0.853056462137229	0.550499639920308	0.360969144708699	0.534276714152839	1	0.781093422491069	0.934046532884392	0.275733167980157	0.707636162165179	0.626849361420909	0.940736150200523	0.864108340524442	0.75423698733931	0.818439109125796	0.755071113113766	0.900248541868909	0.756688327734552	0.856378312699718	0.897000421440584	0.881369940490437	0.77414346536841	0.803552649757734	0.85876916483783	0.834541369366969	0.771136158356644	0.853166691068557	0.605454472746454	0.800868509965659	0.740161293539202	0.875199899611368	0.942908895684944	0.697328968939886	0.733727055516236	0.739228018009467	0.467637732099865	0.662145372103708	0.860869693093368	0.928521792167568	0.800072692313432	0.608819328454318	0.80370891776616	0.691858539337848	0.68433753982231	0.785768485101282	0.647272989459369	0.811564538872006	0.771417685949214	0.600916058812117	0.840071060354758	0.876759092915958	0.872650378482992	0.522128479807076	0.793032058719498	0.819941236739277	0.617069634543153	0.865686939302241	0.828989208648594	0.838133821173804	0.210017843755375	0.863533893610892	0.742561656054486	0.822716957436261	0.790347093895301	0.83655874770879	0.866771186497203	0.848663942831706	0.717713701225624	0.616582026128872	0.270089933823489	0.617913223052426	0.719297358485735	0.810945316609791	0.871057925692415	0.781043787098803	0.891374927760152	0.884515913785858	0.524730523585678	0.742273644808795	0.800278493587986	0.755506687205081	0.801258687683899	0.646706825242704	0.794275720874978	0.891061632487837	0.420739528355431	0.828088223844154	0.81365000564897	0.714929445434139	0.71187063082125	0.657304865303918	0.805389557601779	0.923451140162433	0.54213740958667	0.834110712447116	0.688448311089738	0.82916047892066	0.437272277740251	0.493630559741658	0.904275066310725	0.660098340448976	0.907572410325064	0.691321521346399	0.326680761103922	0.567631428991232	0.598239362730389	0.788761634533207	0.638591552312069	0.776029102757808	0.706737795616609	0.650754634581494	0.890799591777837	0.759685576678151	0.777444252146187	0.794950645898611	0.78172030860281	0.854432664585295
SORL1	0.74497583189625	0.755382574036904	0.562634358324187	0.811586521951199	0.747699750172598	0.268763615429934	0.185933668981628	0.779359454298863	0.781093422491069	1	0.814854428597833	0.347815873230743	0.520739191143959	0.432767930431941	0.799635750429248	0.573834921484846	0.808835208333372	0.52233484824605	0.601373590950784	0.733066337411957	0.763522834707602	0.857339392306408	0.800445613467886	0.833226655427153	0.856825648482144	0.617995866255138	0.769687494941427	0.891551458160962	0.750606426434709	0.789588556105711	0.585375227929996	0.804122573445076	0.504615023687807	0.617873879889897	0.771416694222664	0.797988298837203	0.673054629317029	0.416055550097102	0.709008526992318	0.502068706051645	0.752767056938973	0.8490035796489	0.838258970416809	0.770525005126909	0.698366179975351	0.893258892640295	0.719284671775055	0.727500152776702	0.730710579962133	0.707021970640028	0.824303587920646	0.32042130839887	0.856193605404012	0.843355878442253	0.872251958813624	0.583192975528104	0.834841969166773	0.653862702751756	0.656604385095172	0.776219179276297	0.897934073605658	0.860791031748424	0.0476050638039159	0.6551054244943	0.7222432761242	0.852225556405884	0.820691162757223	0.802302110330091	0.860404931360313	0.760169966377856	0.678739821772657	0.445936105002967	0.100489072967573	0.833081843724516	0.640967105828471	0.592402485690075	0.810335015669879	0.818983558369985	0.762448491313572	0.857177143819483	0.598307144505948	0.847296775369788	0.728330900795991	0.78114710949493	0.870409979808608	0.742099725079261	0.918932466595023	0.744232115971523	0.416793918832385	0.833620554478988	0.706266197777933	0.697879069184345	0.699030678934753	0.39504533254195	0.828746507454324	0.722521334749828	0.519967531167396	0.869202819824291	0.70946123712315	0.740781835458521	0.666779032830543	0.398058352525501	0.728909018824457	0.78925031702859	0.89021296492679	0.761199797116612	0.166838694831719	0.350642062086875	0.438334743785177	0.662164900397452	0.767098122644977	0.785332950871242	0.689085164788963	0.693473508198414	0.822747209222558	0.781738303273899	0.864294293557691	0.772094024703654	0.813208869261197	0.79946672606733
SIRPA	0.661231397938846	0.92581717546307	0.821654221153025	0.732197041597837	0.870079205189282	0.602284799788509	0.434765001319038	0.618984475200211	0.934046532884392	0.814854428597833	1	0.411432101774155	0.755300025193662	0.608358518629455	0.902566973528299	0.859373051512765	0.706481569750964	0.80892795432278	0.693054537289251	0.878474345246648	0.770763166806069	0.88230671716441	0.935809589272289	0.902720321486904	0.831479764310926	0.791243986857326	0.87072441157461	0.824761336937661	0.706395401887667	0.870958763562987	0.690487449810668	0.810233351772036	0.769313206078447	0.874048505398855	0.95354464567217	0.777492913203889	0.815895403005754	0.757179284191429	0.584056498219347	0.692775064834359	0.886557845638147	0.895108357792953	0.848908392330764	0.715267035842127	0.857330662112116	0.744044980607542	0.768708475074865	0.7095318883599	0.744055111375177	0.730426197167275	0.787713605438115	0.498297869546896	0.873419051363803	0.873682065922566	0.88712705390699	0.649554322062466	0.849444495372027	0.819048907777108	0.65937388887728	0.850271888960698	0.8903970411324	0.84201266712085	0.292564064220613	0.869578100660782	0.76295320601161	0.819122967298483	0.86373789503262	0.889487141836274	0.859777569687756	0.844331228955553	0.762626663972424	0.597118811433254	0.352879575414758	0.653025535248832	0.781389262662553	0.815503442808274	0.905348426788819	0.828155129780176	0.899785207798822	0.859213677450891	0.654046191394173	0.801465044071571	0.861139600749586	0.843642282700838	0.784097421338068	0.735616046590586	0.82596660149242	0.88560562040558	0.550875866640226	0.875894776246702	0.784900743477607	0.693913599329165	0.779246015689125	0.712936849987615	0.8386467393075	0.876966699452242	0.639273603586039	0.87958253847045	0.765061214394462	0.852810198350089	0.547614438484165	0.516544974655198	0.914369088998268	0.735327582671124	0.914764796646727	0.78737979068561	0.415324581669099	0.572981824487206	0.672643346574811	0.747134529840867	0.693794279025042	0.808822457051021	0.688228784436644	0.668165299416028	0.872340169575118	0.692640113453643	0.803121583620122	0.81819748799809	0.735317886862986	0.880193932545504
PILRA	0.744615640592204	0.447906378826694	0.590441837720277	-0.0347649049014554	0.214820177074353	0.615145407258546	0.54986344000008	0.390414871273335	0.275733167980157	0.347815873230743	0.411432101774155	1	0.628741223875857	0.0380941359821034	0.294889279904557	0.406939974632928	-0.0207977833482962	0.390177797614443	0.000775959032060167	0.230979219372899	0.233166639388617	0.319530059883554	0.454889505796591	0.487294743591188	0.496110772311575	0.317891363645914	0.297109325240683	0.104188568024068	-0.0499953590717824	0.30597271293748	0.612404288898395	0.480212506401339	0.583075466159259	0.53315901807836	0.423357194250988	0.615092083946866	0.653719741792187	0.427779785661343	0.661285589751003	0.402791620070919	0.397751666578411	0.127776752223674	0.428205102699631	0.661592465035342	0.633241976228315	0.421792308915468	0.522636765135488	-0.094458121246838	0.66119257020779	-0.0387892068827875	0.476324286206975	-0.0011376349600902	0.368804946050508	0.354363635243244	0.281136445914739	0.7498391960008	0.495989012007089	0.426999932162175	0.386771573668889	0.254975002580377	0.493339141473095	0.214770760378969	0.410722111147703	0.495286494142385	0.279734543424945	0.277461389630511	0.580877141725893	0.581029259567058	0.287246142200711	0.252322842181863	0.369701632071275	0.0204945837731081	0.452406535598674	0.113119311475888	0.668220647354704	0.367569998167013	0.487757553412092	0.345255857213514	0.405766935168033	0.207731011424931	0.690417451000797	0.523649628897105	0.572439512588516	0.586581939140227	0.16075191682163	0.445167966110099	0.303641069506219	0.302593801216102	0.875573321441289	0.525207439238312	0.0713844735870858	0.101120574966819	0.53973727643707	0.605693618655273	0.466623228497423	0.186717339394335	0.619604498095121	0.542444410582929	0.641804697443547	0.431179472859383	0.753463005510526	0.12814552526505	0.357955369118826	0.442789725515485	0.378299832192565	0.618621649819549	0.497085796313327	0.321554759496539	0.782319034597337	0.000100291620521834	0.214628922680192	0.386664006951486	-0.0138411560069725	0.200550363581575	0.265947451482239	-0.043265310003204	0.276353478574576	0.286098507894493	0.0334662665484013	0.429369488492772
LAMP1	0.5152582520803	0.869855109427587	0.852255285038545	0.431139865085475	0.701142783954535	0.687556541327002	0.742989625953937	0.446869172906738	0.707636162165179	0.520739191143959	0.755300025193662	0.628741223875857	1	0.617093740796785	0.691596303094812	0.794240609787527	0.443976167264349	0.680129600426551	0.61213927674148	0.582136496318928	0.688358884777798	0.692845209361246	0.822123830401847	0.69433609916196	0.672767682853652	0.751204420488571	0.75254945437433	0.491935672286932	0.457547289758428	0.703384028564002	0.730107132884003	0.609230736733041	0.705616802024524	0.855010414509296	0.80012661326854	0.636538430380505	0.809744459906056	0.814759405048935	0.429847810249725	0.807693625933713	0.805736306819229	0.618855586688052	0.658284431260648	0.550376143524354	0.793234201128185	0.497079043340046	0.614897415059396	0.435056575782711	0.598850484187084	0.519102736520638	0.565752296142673	0.609171568577566	0.675953070650648	0.644163931858701	0.665708075380553	0.562537450189882	0.729609790901589	0.734316581968349	0.661190509202909	0.747199047556362	0.616816690147881	0.568667596163114	0.632216507024912	0.78942874422304	0.65389712122082	0.540236661850463	0.686265205757712	0.72078365422795	0.67201871256671	0.599059595469852	0.708289907262893	0.51340717436873	0.72983438891185	0.310794144289552	0.674367327389009	0.854393902117449	0.785958871828253	0.518320867514474	0.850007871526206	0.63231733170683	0.582793180127836	0.576156268233747	0.772010461253747	0.665837146673268	0.558833531446975	0.572719545420601	0.58220901202531	0.669852810977645	0.70281094027981	0.684227222128492	0.624984940822414	0.609602886627826	0.578807029672575	0.808136651489698	0.72533350438867	0.71819269261017	0.809298537762606	0.690200127709651	0.663857212634627	0.71989543536065	0.430949890233043	0.459441976548164	0.775557554557	0.470515900868366	0.712317104469783	0.758557818637583	0.712743346376703	0.73709096463009	0.929650668698733	0.560258780382644	0.471127801955909	0.754063790575009	0.521807274968262	0.586761150185335	0.748631947243311	0.41008549431961	0.60985127634561	0.534583602417133	0.442916550428485	0.746444399816934
TREM1	0.100639205419657	0.68948602782288	0.546962109536809	0.568240691641227	0.691416421870415	0.163806383816058	0.640427671008729	0.459186215817965	0.626849361420909	0.432767930431941	0.608358518629455	0.0380941359821034	0.617093740796785	1	0.618920372704365	0.605489526654058	0.630194907481661	0.367489829349192	0.777494735500509	0.508620901861035	0.767966381066446	0.743044372246246	0.689255789656274	0.537891514774805	0.550706338672983	0.692835340849318	0.742240064961003	0.586286483295949	0.663733682715418	0.603884518449087	0.548176865978172	0.328444992409611	0.312058218824342	0.532491406756777	0.623337218491705	0.333027107662092	0.454037402964646	0.592100443913755	0.123973815554254	0.689922231111504	0.814961886654528	0.64033139363618	0.478878967228343	0.271743073708559	0.459180542716047	0.398707690972702	0.429039451548019	0.65105162312535	0.271793030011659	0.690840765555901	0.27408915528471	0.701936813738171	0.650052958561059	0.486013739982364	0.654605758566963	0.113550336844915	0.527838484917745	0.493541425190858	0.569632883140421	0.722623967765806	0.421219346067284	0.577040541640749	0.529305262925792	0.525010420649637	0.56693398490195	0.507450259409107	0.338670647538777	0.492270040984641	0.641164530636634	0.500744899969083	0.665427783320343	0.765329927617354	0.667480758861157	0.415078473448301	0.275662936367258	0.740161461002844	0.596941759692744	0.356956235268157	0.751980668001876	0.612132904096906	0.287417472122878	0.359872242206761	0.532027401078423	0.42762050719343	0.653262876570022	0.392609643829597	0.581989397014832	0.569500714972651	0.240278430955771	0.391529152124769	0.805525042252861	0.63184761020618	0.270500261349894	0.482017942866699	0.579089800335196	0.710166135189868	0.57757834523284	0.493365802877621	0.39901016167864	0.528916329623146	0.0026742301547975	0.687105077899676	0.649091057605979	0.359904473679273	0.57258984483795	0.525463563344552	0.564893567995462	0.623019014188155	0.524176368751733	0.783451346868309	0.525008831436384	0.696657311469853	0.741653844823606	0.705440280012852	0.700963890744722	0.542395738111388	0.625052525033344	0.428570228812622	0.544808563371729	0.592823594286302
TSPAN15	0.60629489927008	0.884937767774592	0.741612636367679	0.784310778340495	0.827372602869154	0.497220015575602	0.34576147820847	0.598658031526684	0.940736150200523	0.799635750429248	0.902566973528299	0.294889279904557	0.691596303094812	0.618920372704365	1	0.826535126460361	0.757799131150945	0.751158390843231	0.729404220550872	0.881122501139818	0.749536349494088	0.872433804696131	0.880209628752154	0.875168575971328	0.791077225347613	0.769733378264472	0.824501249940567	0.850522551585098	0.785899448281964	0.85909086024649	0.59142868943095	0.805608399699326	0.695326683433197	0.840813024345646	0.921821419013237	0.733969744453766	0.700839621467095	0.689561520149553	0.515172667917879	0.633823036634818	0.858540065693549	0.909586732197469	0.793251206708682	0.643255199852582	0.795858470368343	0.740847869860368	0.688481768428814	0.768267447837256	0.657579559206916	0.786188190213294	0.787392529583497	0.573496267044453	0.854408545564469	0.859173406704648	0.87987256773783	0.511835657624484	0.800428260826168	0.768664619914839	0.606134693478745	0.843626342105229	0.833158220982709	0.820131974390252	0.173412670158381	0.83301392302474	0.729686391588457	0.823180808542535	0.777894787780332	0.847431340269894	0.876080680560224	0.824620883174819	0.693513646894832	0.592937731487183	0.248528499726454	0.64842886736212	0.737909765398841	0.790334342945573	0.847926516532777	0.777433118772875	0.88885724922378	0.88477981743246	0.547517381513716	0.775070662557219	0.770133922142481	0.764355880677004	0.810198923825184	0.634309117787654	0.820359953707226	0.839463018095101	0.421613735458222	0.846675704215701	0.78147626371922	0.687653487501788	0.709181792002391	0.653311928231891	0.832355415739512	0.903443154578155	0.559672984344578	0.854867553960529	0.679506684105432	0.805327221912961	0.497641957936382	0.466434901679989	0.866952260221392	0.700430779784117	0.914503823423335	0.68977157340213	0.296390143982105	0.523005356648148	0.597835058298257	0.775607603876581	0.634640390666403	0.786020218036313	0.711410723443791	0.6661117862405	0.877892895088239	0.751598711018604	0.780491683522522	0.779472176538143	0.791055112904452	0.821441753965313
NRP1	0.480289321636342	0.894884454217275	0.879272810109318	0.518825322386027	0.796594451437176	0.732141039453185	0.54099740563171	0.342282012250183	0.864108340524442	0.573834921484846	0.859373051512765	0.406939974632928	0.794240609787527	0.605489526654058	0.826535126460361	1	0.464720321277457	0.882949670442535	0.625725915423473	0.833678680605214	0.603329619217645	0.726064401477997	0.864634446561002	0.800805888593987	0.640054101169378	0.778540899309822	0.76654881535591	0.600408129682926	0.517836616479105	0.770417053718052	0.58131626753157	0.652179023538267	0.854631791753604	0.930685176318215	0.911284711303832	0.630603760178347	0.771018225274007	0.882825707818562	0.377138621956806	0.727390013071872	0.806196550441637	0.744642420356173	0.700396041358595	0.537755085181519	0.826853194105966	0.484030865169381	0.685992849798224	0.531703810908899	0.609911675400302	0.600212629705723	0.663566932450231	0.5745953479343	0.704962681626993	0.720607497725457	0.721509449407124	0.58019198527153	0.712558958090273	0.806561790100303	0.552623618989105	0.735942238898159	0.711848191097415	0.663888800471275	0.431106819845076	0.860393015091297	0.693852336132883	0.602791300334079	0.747774013346875	0.796351564117949	0.686426093917951	0.748902019170573	0.693798345623712	0.611069543808656	0.475278017645121	0.34378543562044	0.768496241314824	0.825281673782802	0.803707393063951	0.685662299856237	0.827276720334254	0.678806093900154	0.619711937818795	0.608430981492001	0.792276294840043	0.749837657666007	0.549408161948582	0.590796501546661	0.585399304128197	0.844967854317242	0.563626535300678	0.739736168905361	0.673277507660168	0.53531465991821	0.711787305121346	0.825985639071857	0.676775796323547	0.831596706441833	0.614468608473695	0.729087023401797	0.637297533273166	0.773482698295363	0.360350716575385	0.503775670824461	0.889047129782892	0.51892062341011	0.7630601061543	0.669275148505869	0.523622434665379	0.680984133798918	0.723228681905366	0.657881716906887	0.485135537267658	0.66277318587125	0.510143460313479	0.517079688037956	0.750797468665237	0.467803554654784	0.592391581396278	0.729794619395703	0.531221085698968	0.79390859766791
RPSA	0.403513862880734	0.681171334844752	0.383284940771708	0.963800125959318	0.745725803114253	-0.00296159184875751	0.157704278997318	0.704425142591435	0.75423698733931	0.808835208333372	0.706481569750964	-0.0207977833482962	0.443976167264349	0.630194907481661	0.757799131150945	0.464720321277457	1	0.326613011386425	0.80256937140837	0.606179278036707	0.873720296343806	0.832787984883388	0.693278767321978	0.661308545421846	0.737638627850051	0.638700605970699	0.758911103128092	0.903321865125025	0.930090708783618	0.736070412205422	0.475332379450706	0.669940380752719	0.23310157365514	0.46475840426771	0.653777022608733	0.525293339159764	0.459377648127173	0.299697837489378	0.366556078359078	0.51935760989735	0.729649288481517	0.885458136258768	0.669174642869595	0.466153249064566	0.474287922241806	0.766195630131668	0.444943437708083	0.917920323278362	0.409901088454759	0.897099612823174	0.596073742420667	0.598496697043381	0.782170370420772	0.738208572645831	0.839615326021142	0.182448654174444	0.712555433391179	0.547150276053927	0.643613587099571	0.846514869666164	0.672829541682921	0.818701904000188	0.0546210308911156	0.517633261673948	0.666133278235182	0.815987314350149	0.557135982749659	0.562569819559751	0.877659103108164	0.688462661359576	0.641564918679257	0.536011940505885	0.132820145882992	0.812715476105749	0.30640109629865	0.623529889367074	0.684879906440129	0.619963712280977	0.7458175144377	0.907573158368534	0.22633791171547	0.625528963748955	0.524709415343546	0.480389010742522	0.974310284603698	0.553818504384033	0.885979338302823	0.636738510336171	0.110428631073443	0.619947722701033	0.826156538517285	0.87229956248427	0.36847880001752	0.194593311219513	0.749902442398949	0.778474422367431	0.420842324463611	0.673935752632104	0.509674038342349	0.631152585865181	0.322624465931845	0.450820954426162	0.622574132448252	0.599729380954723	0.822772587497039	0.56732578351623	0.129864673017335	0.378623099131239	0.288214836478953	0.799780315509535	0.704740468518412	0.799878562132878	0.885477306288552	0.777400940958351	0.884455209875439	0.964895425900832	0.877280078351813	0.580152047023322	0.92456848750832	0.673168394624211
STAB1	0.496291769585793	0.804143104407425	0.860073215582394	0.397578521653967	0.710808678762406	0.844944203414971	0.340974882848859	0.234752031961702	0.818439109125796	0.52233484824605	0.80892795432278	0.390177797614443	0.680129600426551	0.367489829349192	0.751158390843231	0.882949670442535	0.326613011386425	1	0.499525440738934	0.863454915010635	0.447952562437139	0.57153047458369	0.774930135194138	0.755474615516257	0.54316647873974	0.673104139237536	0.693952144328188	0.51959707496944	0.396573124200142	0.700401477221437	0.488079282255317	0.637209743470924	0.916632055134507	0.902463631196099	0.873932313564382	0.587531863777173	0.743439516330594	0.854455805507141	0.379425562163489	0.59866090646623	0.649062410077446	0.6756186406136	0.665858941073311	0.54164318159023	0.822798458521148	0.394881639055174	0.665432448481858	0.389927562402439	0.651998540646197	0.470543433264253	0.679824761091808	0.392175115323762	0.580470403483663	0.706307988965071	0.612535154557128	0.64166416907342	0.615603154437054	0.776363421065775	0.434546954445296	0.604998427902683	0.703623184192986	0.588179539950733	0.289350680710542	0.874107749747866	0.612429545507829	0.531605577287154	0.763487715700239	0.736252991176668	0.566729542470139	0.719017283613379	0.595084074306788	0.50017333464304	0.278147932000062	0.289924913582625	0.79535578685466	0.686967927530467	0.737744110347467	0.687649334886528	0.687472640397248	0.566750238287572	0.615323170233622	0.56863988468829	0.782460603011663	0.715203052195746	0.410668729828505	0.566469168208102	0.467585888063381	0.815694360404911	0.542400386484774	0.726144608533603	0.548270581319754	0.402612524951441	0.770842384210852	0.780404324412229	0.575242189988626	0.744135044360947	0.497213283647289	0.65176708833086	0.618524013810985	0.72291011927229	0.383084532164737	0.385544463007286	0.863584194454644	0.516288398666949	0.686016805608414	0.575078398127781	0.382085220257015	0.562730133106557	0.619167299407397	0.486768747736373	0.398974621282302	0.534901244008715	0.348068520239449	0.3283556127818	0.618875396613798	0.340979344520613	0.462956468809522	0.748307127509373	0.404945041588372	0.745060759857119
