""	TREM2	C3AR1	SORL1	CD74	LRP1	ITGAX	ABCA1	CD4	CD81	CD33	ITGB2	ITGAV	ITGAM	TNFRSF1B	AXL	RHBDF2	ADCY7	LAIR1	HAVCR2	TMIGD3	PLXDC2	SLC1A5	ADORA3	KCNQ3	MERTK	SORT1	GPNMB	LPP	TLR2	P2RY12	TNFRSF1A	PTPRC	C1QBP	TLR4	C5AR1	LILRB1	CD46	ITGB1	ADRB2	INSR	PLAUR	PILRA	PLXNB2	IL6R	TLR7	FPR1	TLR1	CXCR4	LILRA4	ENG	CD47	CD9	TSPAN14	NCSTN	CD69	PTPRA	CANX	SIRPA	APLP2	SMAP1
TREM2	1	0.48610939143839	0.830823086762372	0.881690601162696	0.58917313646179	0.412281817842746	0.341215410553646	0.817641729204477	0.834313177710725	0.62800585944957	0.877949727900802	0.329873076023428	0.606099124196149	0.600651059602524	0.68388955238085	0.607626860915134	0.57141194454132	0.679528403698007	0.630019088380313	0.631898052421368	0.748048739936633	0.817989203177881	0.623503673637844	0.700183078176477	0.525160609247818	0.657556898864186	0.846480485552009	0.527418317362778	0.652794668991355	0.818558426740467	0.658786344230725	0.776566742598727	0.821445359816065	0.371348006520599	0.0454252230199627	0.608389104779905	0.602582648276563	0.637054747998687	0.276274101229608	0.353381868625072	0.215124545515848	0.727538798688696	0.358113267646622	0.657509021048137	0.609272513365619	0.233092099154223	0.574912610407472	0.199311683501691	0.865699277820263	0.715277222287489	0.305285499732182	0.854246167455817	0.583005187987233	0.581145814667503	0.148361894041557	0.479070928937102	0.838325845726573	0.591793001605718	0.703702324463895	0.507644620135182
C3AR1	0.48610939143839	1	0.709993633712033	0.658586157033215	0.49611277158932	0.477388130392772	0.380900659136379	0.641007479365763	0.564475233382956	0.760629737026652	0.618074838740664	0.596364568928899	0.457414456848221	0.613795860593639	0.776600848283279	0.773623423867957	0.612781854849519	0.775342907476766	0.624191304101001	0.475586217812013	0.679353340744252	0.643221866655809	0.639521847503594	0.653719689202465	0.599659647133602	0.692309261208672	0.628276946051516	0.653809097216872	0.637885897823597	0.683084487769152	0.411666048103345	0.802279920580004	0.415741603581522	0.492863874704463	0.247532915671429	0.802764427722955	0.684073088605731	0.719142424803078	0.705703289277696	0.8186003197727	0.368696305924613	0.524970627065108	0.302529324943659	0.731683927253951	0.624262407204771	0.392605906231977	0.585704010690925	0.329002551922157	0.528439963463181	0.420804780347451	0.711898079140633	0.356895917263135	0.852424204461003	0.537358979327127	0.361011472055056	0.842202653110365	0.690059507794445	0.684268636410439	0.695311310241744	0.449339338517632
SORL1	0.830823086762372	0.709993633712033	1	0.950515326834477	0.723770227014465	0.604112508890127	0.617896135914955	0.917639052600873	0.93055428896654	0.747376220744229	0.917437591353478	0.517500676649688	0.671020705808105	0.77446462982379	0.902127184950339	0.903108888839029	0.780815903908937	0.877778420154426	0.867028270378615	0.741988521297942	0.931303937820139	0.843211270478843	0.763308468608749	0.758200418318106	0.75736939170068	0.85348711505849	0.863866475520143	0.812559867261985	0.829946073964785	0.719855970294862	0.718729901432691	0.9274885818233	0.787931936254496	0.620757931774699	0.342000600569242	0.853079631539103	0.624907391452424	0.853652166487919	0.549994627730193	0.706646594251916	0.385847538892452	0.852108813211387	0.545503217169593	0.847625361105032	0.75239119238314	0.483794404223604	0.507616153169861	0.474276465572845	0.884826206089424	0.803653585219012	0.67990065704508	0.697584717402567	0.810288141473223	0.750885103622326	0.412630567724995	0.682916876854032	0.90894850484368	0.721956775835131	0.890798046195709	0.566353890057561
CD74	0.881690601162696	0.658586157033215	0.950515326834477	1	0.822576320991025	0.688394465363399	0.649603894941312	0.950943050860701	0.974436592744588	0.727318971718459	0.95414291235355	0.575976008483743	0.797098921559655	0.834176104553824	0.917019421508267	0.826076059649558	0.803085536443607	0.879142485589179	0.876258654191474	0.825134104250732	0.92021495664815	0.882396728270689	0.856342047768293	0.75616864369208	0.750501056524442	0.821730807374371	0.887485781755036	0.757874895144806	0.777875447150367	0.731766303574214	0.749764675891397	0.921218271501358	0.780608993827108	0.693949780592783	0.420697370523826	0.735857024275214	0.502369092744075	0.842495788511952	0.524102812336085	0.660236843975575	0.496814424693918	0.886633749068828	0.64285469578252	0.872162465861663	0.829752182955383	0.599816670707812	0.422330217324926	0.563333539227954	0.88241360318988	0.817334164395516	0.625316628838292	0.835225958144887	0.815718319812863	0.740096132990086	0.511790226703485	0.693812917103262	0.886515905064211	0.584100678252076	0.912772759519948	0.687681608382177
LRP1	0.58917313646179	0.49611277158932	0.723770227014465	0.822576320991025	1	0.901506889906226	0.877672233037205	0.850421507432877	0.863691046558763	0.554408185932733	0.719304360396521	0.829123320762927	0.823909075035336	0.92629643880471	0.85602263042443	0.67760266750402	0.744906883318716	0.819685364393527	0.816153710810645	0.8827591235986	0.768445423654809	0.753000518995526	0.867341470149319	0.448498726320985	0.699606061908878	0.535850250681298	0.697770705929284	0.68961011430828	0.529987601494161	0.394429302300209	0.603089218653615	0.779786681990104	0.544120727692363	0.866051641997264	0.762468820710777	0.511946728546679	0.144307500718083	0.730178266310699	0.591151788212646	0.622260798475391	0.824443914375033	0.738770493500703	0.818221394779164	0.744286027445393	0.774368239769589	0.803543026842818	0.105684055431018	0.856449026366427	0.63052672227846	0.666120266022799	0.67292301634282	0.768873282187063	0.711430236709079	0.645252885881959	0.822997441652222	0.601463781028762	0.582986674024882	0.171695939167037	0.882750224330457	0.787421674651119
ITGAX	0.412281817842746	0.477388130392772	0.604112508890127	0.688394465363399	0.901506889906226	1	0.888668774147221	0.729027526474791	0.737794420386785	0.499686120986297	0.550851146835234	0.886347767683979	0.754584495332377	0.892834472998292	0.767689628865151	0.650434648132672	0.755421712131865	0.7472729406135	0.757820005887531	0.738310597058739	0.725328653734057	0.696711487123104	0.837575656234325	0.303276315025324	0.670714118446196	0.510363362197312	0.623871230632034	0.695653133332042	0.513339970379342	0.193141129380656	0.455878960286352	0.712268064140402	0.361139340015014	0.909005761595152	0.844902288606128	0.420457936591552	0.114151831091697	0.684463151318133	0.652427050122425	0.585986715063599	0.890731164893111	0.632662283640479	0.829912480588631	0.725702932768208	0.671959312739209	0.799318670016582	-0.00371411637315938	0.890927484229826	0.461778118376513	0.606899887624883	0.666277578759243	0.620125680925004	0.731699882418229	0.535918811374094	0.886121379986186	0.549801226515615	0.475255459385085	0.0792546479889011	0.814071850396158	0.830030456893378
ABCA1	0.341215410553646	0.380900659136379	0.617896135914955	0.649603894941312	0.877672233037205	0.888668774147221	1	0.713536643010286	0.738394493012588	0.417923859027731	0.53543185640999	0.774751507532532	0.728196309472939	0.865006915685548	0.737700294164234	0.662410723105307	0.66524445943627	0.676277522147988	0.745196058515941	0.766628410481199	0.680288074987768	0.598607997577823	0.733459980089639	0.259031347588356	0.595118039017729	0.455534612904457	0.554192872400282	0.655547996094287	0.537952439341771	0.108337161285673	0.457700265967751	0.654672195215785	0.408667307943744	0.843006392858874	0.838667548345582	0.49622314902553	0.0111966013442201	0.587138021888995	0.540737096564975	0.574685265629004	0.777751426940481	0.618774255896669	0.766004254664971	0.638997638994982	0.567431108836121	0.798219553790469	-0.080560860208934	0.914785397037971	0.48112993558282	0.586366404791028	0.649275679461347	0.535283270052035	0.57716733777339	0.595383702092895	0.864500152253812	0.463143532936149	0.47546072753353	0.128961784840107	0.749101222920588	0.649250409772176
CD4	0.817641729204477	0.641007479365763	0.917639052600873	0.950943050860701	0.850421507432877	0.729027526474791	0.713536643010286	1	0.943646669576838	0.670008197040358	0.863505664102379	0.650484882222041	0.794648603872845	0.895002218878141	0.903144266311838	0.803498542603858	0.724212459374836	0.835578089890715	0.840829132801168	0.814943677132431	0.893802825702982	0.897581415292556	0.862059682079575	0.745951852410347	0.721191776492419	0.753387254162112	0.880619902640323	0.709556826141065	0.671478996846829	0.623590145446974	0.712198401516481	0.894093290582708	0.657334351091326	0.758801387847113	0.491064133725304	0.688318984790566	0.425240834704038	0.77288584092347	0.610770912665062	0.668698505473919	0.55583291780203	0.833007897330441	0.613882393004569	0.829566504802519	0.758747127064379	0.614683268291879	0.407060799627435	0.632347686832346	0.814839237602045	0.73074792640177	0.644906379821194	0.771718804811261	0.79514010924093	0.752937605576143	0.583880124840185	0.680978657070955	0.807613239049468	0.48448393381784	0.898491294049276	0.689416421455876
CD81	0.834313177710725	0.564475233382956	0.93055428896654	0.974436592744588	0.863691046558763	0.737794420386785	0.738394493012588	0.943646669576838	1	0.700487772298569	0.920341688420672	0.604642294308715	0.821299558216908	0.84584399985111	0.901557409043692	0.801357192572926	0.782238777516904	0.851280207257512	0.875412747690171	0.847968115355851	0.901187504801706	0.869889333476987	0.846047628532788	0.681229802328895	0.723821570897977	0.787073619845116	0.871823027240098	0.774147371465217	0.750384965774181	0.633284058148706	0.703773055462911	0.884229349786102	0.758337437659273	0.729426907001451	0.511989969460256	0.694824117381662	0.396880791570995	0.817176986890783	0.48924376684559	0.622680249464869	0.564751777065346	0.888672492002014	0.69469315552249	0.838285950498536	0.795255632581309	0.625522425785313	0.303219068145669	0.637223526495993	0.871597613158986	0.835201745119147	0.615921083821649	0.832733372937222	0.76777739362326	0.707545301198846	0.568198906620029	0.606808515828087	0.835856673240372	0.502184128674853	0.918002790158005	0.684670809355588
CD33	0.62800585944957	0.760629737026652	0.747376220744229	0.727318971718459	0.554408185932733	0.499686120986297	0.417923859027731	0.670008197040358	0.700487772298569	1	0.733438996708011	0.572493879673719	0.659348930791484	0.55212596331903	0.756520889910744	0.675513481868426	0.504219436914868	0.764697481043556	0.571857920987617	0.481089462049688	0.637192860702013	0.728072227522756	0.597883216476336	0.620106529112349	0.476477717337568	0.651985436755319	0.732068541236193	0.58601235450639	0.71443857043573	0.68533718779204	0.227458470579367	0.759895770492617	0.530289959120289	0.429697569226487	0.295054325712412	0.680652163070999	0.615574344922095	0.61669068663964	0.470852448828032	0.705353539931096	0.444997898466105	0.504308241720292	0.410869145450663	0.75043418538669	0.582884003416629	0.308844109579604	0.455438943487966	0.315360047517804	0.570815141411948	0.563175365245519	0.487235945138324	0.52222628639936	0.727457792236004	0.432733447730258	0.331839865524233	0.632845966089119	0.782417317828045	0.590341347899751	0.737376808340196	0.318360766440161
ITGB2	0.877949727900802	0.618074838740664	0.917437591353478	0.95414291235355	0.719304360396521	0.550851146835234	0.53543185640999	0.863505664102379	0.920341688420672	0.733438996708011	1	0.475483017743931	0.716439292066309	0.726011625947983	0.841178001790888	0.73962002821175	0.724068096371851	0.811844700078374	0.820353565546344	0.725063433865448	0.840712996973711	0.808855859556317	0.791417850219186	0.696832674657973	0.701641991063641	0.760104226222433	0.856886238052631	0.690292712828619	0.776035388392877	0.758767658790127	0.672915263399289	0.827462110233697	0.823041951986477	0.530704254306325	0.289278988407658	0.732758600852209	0.550846513912714	0.796049909084063	0.397243475733702	0.597815634882217	0.402523080417324	0.797798189029998	0.607837691727193	0.839946208375321	0.828421811038965	0.507894507236686	0.427564485722169	0.447011630542259	0.857329507006983	0.856186933562402	0.548296720385968	0.821064750345723	0.735712535015749	0.704888140069769	0.403826027728512	0.677679844897033	0.916664944451534	0.629417720956027	0.841479087023909	0.589770205938906
ITGAV	0.329873076023428	0.596364568928899	0.517500676649688	0.575976008483743	0.829123320762927	0.886347767683979	0.774751507532532	0.650484882222041	0.604642294308715	0.572493879673719	0.475483017743931	1	0.672497160247153	0.835235210654851	0.714330704180721	0.550919000587894	0.58283696956141	0.726535777400918	0.595583160225027	0.591369174942303	0.564865506214515	0.648835554853642	0.765487381301092	0.217361686151948	0.539019469220179	0.369580014788374	0.582387393543156	0.555278005014396	0.387444326397301	0.250698761656526	0.253611902785466	0.639809372034819	0.244497297627038	0.772854241144061	0.766671225341933	0.438735012305645	0.158971786678255	0.587513662352538	0.63977058288334	0.644917973557585	0.915975296435823	0.422831455215401	0.663157556272298	0.651381905479676	0.612805271964473	0.695845880391766	0.0686948271108734	0.7884521683371	0.335456348483602	0.445758313258821	0.629302869740698	0.500628983368577	0.686909856941412	0.456533495623764	0.844775803231393	0.610126814680726	0.431051877890889	0.0952993679061682	0.757580404315111	0.697581637309334
ITGAM	0.606099124196149	0.457414456848221	0.671020705808105	0.797098921559655	0.823909075035336	0.754584495332377	0.728196309472939	0.794648603872845	0.821299558216908	0.659348930791484	0.716439292066309	0.672497160247153	1	0.760570309560122	0.782732711126692	0.558083746399768	0.56846974314948	0.704805371552112	0.645075141093866	0.74623662350859	0.668793947425669	0.726553058832236	0.791971625997859	0.558493126636384	0.529745651371102	0.5788218731694	0.725575371162031	0.541483544472907	0.560123490138341	0.46058024369	0.382197878393466	0.700419207729963	0.482018180611398	0.685559996191137	0.629646102385485	0.44402039420369	0.182866993911848	0.544970611969013	0.460038510711669	0.590421563327927	0.662687805310204	0.611921266548691	0.669844916977433	0.725160865782069	0.652877039823386	0.635716324884208	0.152078661155237	0.693195732914416	0.555888807230969	0.632202167776233	0.403821425529751	0.716780531835731	0.660734862146615	0.515451973726599	0.659056890056364	0.562857314495674	0.674282545345721	0.19901875954221	0.761341559069506	0.576026844106467
TNFRSF1B	0.600651059602524	0.613795860593639	0.77446462982379	0.834176104553824	0.92629643880471	0.892834472998292	0.865006915685548	0.895002218878141	0.84584399985111	0.55212596331903	0.726011625947983	0.835235210654851	0.760570309560122	1	0.851460784498357	0.750418119687507	0.758814306997417	0.804637992745949	0.832471301126928	0.776026162458241	0.814144943576785	0.843119790869538	0.897255309653323	0.496585836057186	0.686675674177594	0.611461523571294	0.787368112799833	0.679072156778437	0.598353526678033	0.400724682518	0.6306342701972	0.824860030521474	0.523534733355449	0.880219652124697	0.684375057331891	0.585736912797381	0.243714079189554	0.746912907587185	0.681290423254237	0.665049415121103	0.787862145828963	0.726839968631777	0.739848669992367	0.798305262064357	0.751003844612682	0.803189765783172	0.159852171344991	0.823754386893923	0.683442082583963	0.650340198420834	0.712006688903619	0.693921252674502	0.78502836003575	0.6774308653991	0.816029571351678	0.678307379302222	0.649674842803593	0.303392904934189	0.877349540289316	0.826795542129363
AXL	0.68388955238085	0.776600848283279	0.902127184950339	0.917019421508267	0.85602263042443	0.767689628865151	0.737700294164234	0.903144266311838	0.901557409043692	0.756520889910744	0.841178001790888	0.714330704180721	0.782732711126692	0.851460784498357	1	0.887269547888877	0.818782437500848	0.947039410502522	0.890367417446037	0.845914703378195	0.88775636002591	0.779583473231259	0.863604845409396	0.708832669603316	0.822418968597923	0.771526100221104	0.770158945446816	0.820624242954495	0.744224924611357	0.629692923264826	0.664597813209884	0.927851758012562	0.590110304603603	0.77933252807221	0.582197488772725	0.79602132409394	0.4795878244811	0.875244896506468	0.665719309892615	0.846853678868428	0.602229534585148	0.812882360865478	0.668155188220716	0.884791047610087	0.833252115186068	0.693033266799295	0.398220369441323	0.700098197288971	0.72279969799284	0.728785632511378	0.791207544649175	0.661310798651841	0.874912679288306	0.737879439834659	0.649690201377801	0.795684701354684	0.798065507571381	0.545905520870178	0.93656758911382	0.657459141910553
RHBDF2	0.607626860915134	0.773623423867957	0.903108888839029	0.826076059649558	0.67760266750402	0.650434648132672	0.662410723105307	0.803498542603858	0.801357192572926	0.675513481868426	0.73962002821175	0.550919000587894	0.558083746399768	0.750418119687507	0.887269547888877	1	0.835392860754383	0.883264447346581	0.874599260828194	0.710250461345329	0.921053619475334	0.721109158416263	0.682202588850623	0.69412578126376	0.781691585114732	0.833003508980996	0.679865009502084	0.858812516318696	0.816955082040204	0.544747926929387	0.69028657055483	0.914379653266225	0.61796366967743	0.709391127537034	0.447589256396493	0.857499532736351	0.569258948112251	0.859251397746549	0.691625304611169	0.790959352745982	0.395554239724851	0.807186358098751	0.549395042363566	0.808092467572774	0.674413113557858	0.548796512933971	0.448282742280023	0.538049105871105	0.731679382649246	0.655108667812512	0.820869965946628	0.488409680163354	0.834096930791814	0.74161555377515	0.481215168553391	0.682032387848288	0.778180577579565	0.689837214229983	0.838744797164474	0.541384972532881
ADCY7	0.57141194454132	0.612781854849519	0.780815903908937	0.803085536443607	0.744906883318716	0.755421712131865	0.66524445943627	0.724212459374836	0.782238777516904	0.504219436914868	0.724068096371851	0.58283696956141	0.56846974314948	0.758814306997417	0.818782437500848	0.835392860754383	1	0.865463593666368	0.898118516889421	0.750045360742249	0.895671089294387	0.63942539470944	0.790640474855116	0.495187625164074	0.854759061384434	0.77970886174239	0.624342586637363	0.886597239748747	0.706868500521753	0.454233696197916	0.756642440113914	0.828106827433632	0.636427446683747	0.763699239384724	0.565490205085923	0.654760030001072	0.39317348393773	0.946208559460412	0.592157839155729	0.628936183624328	0.543097366152433	0.851551966170958	0.724487816165277	0.79445027647888	0.840918987916977	0.69115299520746	0.255949924096693	0.624359246541352	0.690720460794339	0.756437432818504	0.757066648903795	0.620124324371175	0.833548592603338	0.704516956767901	0.590576060443677	0.652207616243691	0.641285502878159	0.439075784975272	0.848158569991834	0.800870970005206
LAIR1	0.679528403698007	0.775342907476766	0.877778420154426	0.879142485589179	0.819685364393527	0.7472729406135	0.676277522147988	0.835578089890715	0.851280207257512	0.764697481043556	0.811844700078374	0.726535777400918	0.704805371552112	0.804637992745949	0.947039410502522	0.883264447346581	0.865463593666368	1	0.847505435454654	0.774279370210855	0.874196555665952	0.73476351919457	0.792719431470832	0.631397859313067	0.801527863706192	0.740859959371462	0.736501294795389	0.831673964017987	0.73923002849868	0.659029359588995	0.625555124800514	0.92474323712528	0.634812394720831	0.718658508708448	0.544705054814155	0.799214896702487	0.531561099213918	0.908170480504862	0.614406424240735	0.813275484386959	0.599408702897224	0.781218195656148	0.638692820336385	0.857379195021403	0.822655798836774	0.625606485663701	0.432490148722962	0.605364376432583	0.711411059281796	0.70221028411251	0.758740105256288	0.645235887023577	0.859663452693255	0.676016633330802	0.591502583743762	0.768495127509783	0.779208384709794	0.571965398113459	0.939154332363082	0.650658076550379
HAVCR2	0.630019088380313	0.624191304101001	0.867028270378615	0.876258654191474	0.816153710810645	0.757820005887531	0.745196058515941	0.840829132801168	0.875412747690171	0.571857920987617	0.820353565546344	0.595583160225027	0.645075141093866	0.832471301126928	0.890367417446037	0.874599260828194	0.898118516889421	0.847505435454654	1	0.832710563617726	0.924088231638827	0.726569155717002	0.854131634036724	0.602685196915984	0.903245285915231	0.763479474965894	0.708816899788394	0.87554357188626	0.711241067436041	0.474106918037865	0.793525240268214	0.83453842633639	0.646881482582	0.800838684931516	0.585854352366853	0.721904951485351	0.415977081738594	0.89752093926273	0.653280926774579	0.686526775017581	0.564391716684609	0.882802449244137	0.767150696123279	0.841501631204037	0.859131712166052	0.733506017793586	0.299518639015613	0.705601122749749	0.731992610827648	0.813348081936789	0.832434747433154	0.660358228682762	0.828254555602164	0.769467773801351	0.644958479685791	0.675937855851117	0.707785373959848	0.457741863017068	0.892331830929076	0.751760389056793
TMIGD3	0.631898052421368	0.475586217812013	0.741988521297942	0.825134104250732	0.8827591235986	0.738310597058739	0.766628410481199	0.814943677132431	0.847968115355851	0.481089462049688	0.725063433865448	0.591369174942303	0.74623662350859	0.776026162458241	0.845914703378195	0.710250461345329	0.750045360742249	0.774279370210855	0.832710563617726	1	0.80378524335026	0.651002867054082	0.769295681572279	0.555026690995853	0.758263384291778	0.59756462351233	0.575930718918684	0.727450812882939	0.524226351766548	0.449663175498569	0.732128001446364	0.772622284260521	0.629056107578133	0.775545607079279	0.649894052676125	0.558608431273359	0.194297041961455	0.734221356862819	0.577866467178186	0.545621690313524	0.567049170391942	0.852047411736066	0.697535114299272	0.625848022419841	0.716395118534043	0.687127313092943	0.236649435871811	0.731656516667476	0.645710271589848	0.624673589974589	0.640238399490271	0.758616571739215	0.662048845676061	0.780973469678752	0.626926477477559	0.52464367393966	0.589300561063704	0.251061561079159	0.822673744019327	0.667400118673949
PLXDC2	0.748048739936633	0.679353340744252	0.931303937820139	0.92021495664815	0.768445423654809	0.725328653734057	0.680288074987768	0.893802825702982	0.901187504801706	0.637192860702013	0.840712996973711	0.564865506214515	0.668793947425669	0.814144943576785	0.88775636002591	0.921053619475334	0.895671089294387	0.874196555665952	0.924088231638827	0.80378524335026	1	0.820157120161906	0.802856598498613	0.719493477624314	0.852331592777006	0.877028309762764	0.784748368574744	0.895414402716924	0.792962571802822	0.581284261413614	0.769387175461895	0.910232011848528	0.729804374956871	0.76781635942011	0.483689305729497	0.754698820450021	0.527638595840422	0.897475311428905	0.687206198714955	0.665720420681861	0.462428594626337	0.903358487668245	0.678099616548628	0.843665221342135	0.778674189288845	0.578623630145518	0.449789116922461	0.578400666981265	0.805527428178731	0.798871488335304	0.731318712328348	0.713669681369362	0.869954497354041	0.780740561835485	0.511250880754866	0.648313026402147	0.807806357516486	0.566405688526844	0.901459801283715	0.713157123457635
SLC1A5	0.817989203177881	0.643221866655809	0.843211270478843	0.882396728270689	0.753000518995526	0.696711487123104	0.598607997577823	0.897581415292556	0.869889333476987	0.728072227522756	0.808855859556317	0.648835554853642	0.726553058832236	0.843119790869538	0.779583473231259	0.721109158416263	0.63942539470944	0.73476351919457	0.726569155717002	0.651002867054082	0.820157120161906	1	0.787201545369461	0.64878068028897	0.556770743406373	0.728575899482366	0.912566087269687	0.6309555581409	0.697032889262784	0.616687773867709	0.566239184188375	0.849251558548566	0.669861903113714	0.680066418195759	0.374089271868578	0.591493962992841	0.476746977465628	0.692467291247178	0.600271039888213	0.536227239013583	0.561540030464308	0.717322543013358	0.560008302704743	0.769406702133089	0.64952216515493	0.485824451159467	0.367120972579875	0.499693294633585	0.813066706233075	0.671244307832199	0.509443668581554	0.777082406192479	0.783565002115468	0.599118890242884	0.477339820080863	0.567209844462657	0.790500764538453	0.482962214489288	0.824138928421405	0.684743130694249
ADORA3	0.623503673637844	0.639521847503594	0.763308468608749	0.856342047768293	0.867341470149319	0.837575656234325	0.733459980089639	0.862059682079575	0.846047628532788	0.597883216476336	0.791417850219186	0.765487381301092	0.791971625997859	0.897255309653323	0.863604845409396	0.682202588850623	0.790640474855116	0.792719431470832	0.854131634036724	0.769295681572279	0.802856598498613	0.787201545369461	1	0.5451612988364	0.781265913003619	0.675779641905934	0.798789192350278	0.701610539221426	0.579289939343987	0.500568279582895	0.651378540635147	0.793020742906379	0.504377785504115	0.816459278760425	0.642564294724061	0.572035070339966	0.300459912437759	0.803129711305841	0.613899349199946	0.692395658967938	0.741442140570554	0.752064342226033	0.748867154947963	0.860418032841249	0.895928718592271	0.808274055118939	0.205248876156532	0.775983380880269	0.640173148626805	0.752013487164558	0.712684843514914	0.733295573689604	0.851317145458233	0.674899355708137	0.778921186009244	0.783641682757232	0.669193905060106	0.302631647937409	0.870822601542754	0.865446185941857
KCNQ3	0.700183078176477	0.653719689202465	0.758200418318106	0.75616864369208	0.448498726320985	0.303276315025324	0.259031347588356	0.745951852410347	0.681229802328895	0.620106529112349	0.696832674657973	0.217361686151948	0.558493126636384	0.496585836057186	0.708832669603316	0.69412578126376	0.495187625164074	0.631397859313067	0.602685196915984	0.555026690995853	0.719493477624314	0.64878068028897	0.5451612988364	1	0.545256044594931	0.770018887947756	0.677856940625998	0.535886202001475	0.571949896973093	0.743685357481887	0.585400539347092	0.739194132850268	0.501088013683772	0.413821040794167	0.0612921124312273	0.630089944630463	0.580500109443162	0.589090327571242	0.492622712626557	0.626231431758295	0.0809156435517847	0.675578816506782	0.267463078824868	0.683840606171726	0.528561504723918	0.244561158731936	0.62584692482167	0.1861388614706	0.670296927595576	0.488945530936928	0.455823170536499	0.50356667011785	0.681761343086575	0.512266938639939	0.140754638281175	0.628722292862707	0.719612016593087	0.629836048788512	0.618567590438451	0.306105663311614
MERTK	0.525160609247818	0.599659647133602	0.75736939170068	0.750501056524442	0.699606061908878	0.670714118446196	0.595118039017729	0.721191776492419	0.723821570897977	0.476477717337568	0.701641991063641	0.539019469220179	0.529745651371102	0.686675674177594	0.822418968597923	0.781691585114732	0.854759061384434	0.801527863706192	0.903245285915231	0.758263384291778	0.852331592777006	0.556770743406373	0.781265913003619	0.545256044594931	1	0.66511321400594	0.563641383753709	0.846889286503706	0.562463547908913	0.435005788279508	0.729685713032187	0.734756978955658	0.511972078179016	0.693905837135035	0.527701193099971	0.667080328560918	0.467329108958379	0.870079867150213	0.662641540446802	0.671650646785694	0.471240375703534	0.771420411811942	0.692171692950585	0.755548324137354	0.8353019663629	0.61360485029948	0.405713747328869	0.613073009545382	0.540056102554655	0.748621825552144	0.802732185464253	0.557153993463986	0.785705891545762	0.713525886635659	0.569893389999589	0.691337446729735	0.597174628309129	0.386328593532547	0.809148596309133	0.682283475387818
SORT1	0.657556898864186	0.692309261208672	0.85348711505849	0.821730807374371	0.535850250681298	0.510363362197312	0.455534612904457	0.753387254162112	0.787073619845116	0.651985436755319	0.760104226222433	0.369580014788374	0.5788218731694	0.611461523571294	0.771526100221104	0.833003508980996	0.77970886174239	0.740859959371462	0.763479474965894	0.59756462351233	0.877028309762764	0.728575899482366	0.675779641905934	0.770018887947756	0.66511321400594	1	0.739656217477623	0.795853867297535	0.793618990271733	0.637584444697573	0.647915563042504	0.826592028458546	0.641817485650513	0.594961707477508	0.290417615635211	0.712163750907689	0.534849054884651	0.80334424146668	0.559418461918241	0.653663317869371	0.265169831181387	0.816123845861983	0.477662237589175	0.796675328734435	0.673804951024636	0.423824325248731	0.423061333070246	0.365837883201226	0.776108092842335	0.697613891509553	0.606196257614881	0.551258612525583	0.851788788414373	0.633413684619193	0.305098646272845	0.607738005080238	0.788696060241548	0.665267189090605	0.745571619084864	0.550325828599362
GPNMB	0.846480485552009	0.628276946051516	0.863866475520143	0.887485781755036	0.697770705929284	0.623871230632034	0.554192872400282	0.880619902640323	0.871823027240098	0.732068541236193	0.856886238052631	0.582387393543156	0.725575371162031	0.787368112799833	0.770158945446816	0.679865009502084	0.624342586637363	0.736501294795389	0.708816899788394	0.575930718918684	0.784748368574744	0.912566087269687	0.798789192350278	0.677856940625998	0.563641383753709	0.739656217477623	1	0.607831896340349	0.708462162464602	0.732954506307476	0.553195821996171	0.833769824373404	0.679789604698627	0.559484463248047	0.265828915969813	0.661708481122543	0.575991206709441	0.687569621309245	0.438517550456499	0.581289942198503	0.493072181859726	0.677045171570508	0.493152965092606	0.836300425697546	0.698362940450127	0.439675708323079	0.442022235583617	0.429220039204576	0.833848411621927	0.770888601439088	0.47410532927536	0.769269443824592	0.769025452622917	0.503458676418908	0.433209477916448	0.651243861557399	0.837372956633798	0.573736319371141	0.800709607101711	0.646000786092656
LPP	0.527418317362778	0.653809097216872	0.812559867261985	0.757874895144806	0.68961011430828	0.695653133332042	0.655547996094287	0.709556826141065	0.774147371465217	0.58601235450639	0.690292712828619	0.555278005014396	0.541483544472907	0.679072156778437	0.820624242954495	0.858812516318696	0.886597239748747	0.831673964017987	0.87554357188626	0.727450812882939	0.895414402716924	0.6309555581409	0.701610539221426	0.535886202001475	0.846889286503706	0.795853867297535	0.607831896340349	1	0.725452898948476	0.460437077955578	0.61889590676651	0.800539176484809	0.629801564038105	0.691773270281859	0.525402600586316	0.746851146251591	0.513184264082942	0.896816970846279	0.64585020805258	0.645571110262253	0.472811049137647	0.808511431473702	0.665528998569048	0.754242613123902	0.737012775711284	0.513960844207282	0.377492039429339	0.556974985349267	0.666596871836238	0.775203286807969	0.759387206742921	0.539062176927033	0.828332465576985	0.648810463000775	0.480739266345167	0.590154329250786	0.651527516844447	0.489041886439808	0.842153670918459	0.649112827600132
TLR2	0.652794668991355	0.637885897823597	0.829946073964785	0.777875447150367	0.529987601494161	0.513339970379342	0.537952439341771	0.671478996846829	0.750384965774181	0.71443857043573	0.776035388392877	0.387444326397301	0.560123490138341	0.598353526678033	0.744224924611357	0.816955082040204	0.706868500521753	0.73923002849868	0.711241067436041	0.524226351766548	0.792962571802822	0.697032889262784	0.579289939343987	0.571949896973093	0.562463547908913	0.793618990271733	0.708462162464602	0.725452898948476	1	0.587306103696584	0.504820212324028	0.805383500159339	0.731127460600644	0.499421387183471	0.254282687421463	0.778578852666853	0.583904539368823	0.720622181470186	0.402246823319644	0.611881882323126	0.269593045118755	0.652305190372096	0.519231770653597	0.788126067687857	0.586474202430675	0.396189446199586	0.351852290760231	0.376319433298282	0.752520989931247	0.735517824630358	0.536180624430552	0.558675659623993	0.705403832897208	0.551360687031465	0.304480248070759	0.55148027240904	0.856196349171117	0.72239226667687	0.70877074979405	0.427508602084493
P2RY12	0.818558426740467	0.683084487769152	0.719855970294862	0.731766303574214	0.394429302300209	0.193141129380656	0.108337161285673	0.623590145446974	0.633284058148706	0.68533718779204	0.758767658790127	0.250698761656526	0.46058024369	0.400724682518	0.629692923264826	0.544747926929387	0.454233696197916	0.659029359588995	0.474106918037865	0.449663175498569	0.581284261413614	0.616687773867709	0.500568279582895	0.743685357481887	0.435005788279508	0.637584444697573	0.732954506307476	0.460437077955578	0.587306103696584	1	0.502327127172855	0.721874716877166	0.681918585550628	0.157858842701496	-0.148076646658151	0.708100416008206	0.742478558408191	0.589746003118473	0.230938350801518	0.517901390670054	0.0673766698172172	0.554084837029642	0.12185860461134	0.620220758347438	0.570355559936207	0.0996870760617271	0.717851459437962	-0.0099102674514363	0.72518023902565	0.52707037500402	0.316878901762661	0.620131067225531	0.607087403720183	0.369568970690555	-0.00643305954033126	0.63703245217494	0.773203499321588	0.750458798222981	0.586856645563822	0.316198295403453
TNFRSF1A	0.658786344230725	0.411666048103345	0.718729901432691	0.749764675891397	0.603089218653615	0.455878960286352	0.457700265967751	0.712198401516481	0.703773055462911	0.227458470579367	0.672915263399289	0.253611902785466	0.382197878393466	0.6306342701972	0.664597813209884	0.69028657055483	0.756642440113914	0.625555124800514	0.793525240268214	0.732128001446364	0.769387175461895	0.566239184188375	0.651378540635147	0.585400539347092	0.729685713032187	0.647915563042504	0.553195821996171	0.61889590676651	0.504820212324028	0.502327127172855	1	0.706208677573488	0.615934577511653	0.577106860397076	0.242815578934199	0.567960244893176	0.328674070858153	0.740091375437424	0.405284559674421	0.41986257581105	0.200296984044654	0.845317272227428	0.450771958444486	0.597081610529224	0.691975054450543	0.552461187113691	0.352893170255565	0.435565785566333	0.741843166073721	0.593355917206626	0.638455392001814	0.624299268832523	0.589190680500158	0.728781992717678	0.357535576173803	0.520071550242487	0.550711051099766	0.460803712842771	0.623690391957938	0.658350829989715
PTPRC	0.776566742598727	0.802279920580004	0.9274885818233	0.921218271501358	0.779786681990104	0.712268064140402	0.654672195215785	0.894093290582708	0.884229349786102	0.759895770492617	0.827462110233697	0.639809372034819	0.700419207729963	0.824860030521474	0.927851758012562	0.914379653266225	0.828106827433632	0.92474323712528	0.83453842633639	0.772622284260521	0.910232011848528	0.849251558548566	0.793020742906379	0.739194132850268	0.734756978955658	0.826592028458546	0.833769824373404	0.800539176484809	0.805383500159339	0.721874716877166	0.706208677573488	1	0.706446288242693	0.703373426218942	0.412198116324997	0.824683329551189	0.60358837851563	0.868487049508898	0.638729057656166	0.756363165666622	0.489297155855446	0.824112163779823	0.552985461835037	0.854738263438783	0.741620288275306	0.550865149029389	0.494734776288633	0.533670760749597	0.824175310944274	0.685796899174373	0.727629165295933	0.695312672039385	0.879234147101463	0.706791044314179	0.49822216395414	0.759256937904818	0.838416649806427	0.663210515677237	0.88735191296493	0.660710351741946
C1QBP	0.821445359816065	0.415741603581522	0.787931936254496	0.780608993827108	0.544120727692363	0.361139340015014	0.408667307943744	0.657334351091326	0.758337437659273	0.530289959120289	0.823041951986477	0.244497297627038	0.482018180611398	0.523534733355449	0.590110304603603	0.61796366967743	0.636427446683747	0.634812394720831	0.646881482582	0.629056107578133	0.729804374956871	0.669861903113714	0.504377785504115	0.501088013683772	0.511972078179016	0.641817485650513	0.679789604698627	0.629801564038105	0.731127460600644	0.681918585550628	0.615934577511653	0.706446288242693	1	0.312940585802439	0.0863759116455577	0.643620106335449	0.542658112909648	0.652561336400968	0.251714082699148	0.282192793480079	0.168232759968278	0.717363766568878	0.442823037065562	0.545228332956553	0.563570348405735	0.211588432270653	0.418182511461219	0.183788491244717	0.848264176723569	0.731751654830553	0.314718972431967	0.777921510966223	0.516829381233632	0.59806730995912	0.103217373945615	0.369625942711799	0.787768522378113	0.600412939624603	0.657071950342354	0.442063625756108
TLR4	0.371348006520599	0.492863874704463	0.620757931774699	0.693949780592783	0.866051641997264	0.909005761595152	0.843006392858874	0.758801387847113	0.729426907001451	0.429697569226487	0.530704254306325	0.772854241144061	0.685559996191137	0.880219652124697	0.77933252807221	0.709391127537034	0.763699239384724	0.718658508708448	0.800838684931516	0.775545607079279	0.76781635942011	0.680066418195759	0.816459278760425	0.413821040794167	0.693905837135035	0.594961707477508	0.559484463248047	0.691773270281859	0.499421387183471	0.157858842701496	0.577106860397076	0.703373426218942	0.312940585802439	1	0.856748854756553	0.387822180940026	0.00719161087856082	0.711010149797608	0.731482054761328	0.621421069064837	0.805095203193053	0.714561215492108	0.801203305115825	0.696623253790052	0.689899966622674	0.862397973481933	-0.0306887778682722	0.896687167785907	0.485141953124606	0.512413105513644	0.737394299319606	0.543911376729107	0.755022535444924	0.627203595077872	0.861628331397877	0.51290863474602	0.419791304620638	0.0774375597703487	0.809109888403134	0.808251173438588
C5AR1	0.0454252230199627	0.247532915671429	0.342000600569242	0.420697370523826	0.762468820710777	0.844902288606128	0.838667548345582	0.491064133725304	0.511989969460256	0.295054325712412	0.289278988407658	0.766671225341933	0.629646102385485	0.684375057331891	0.582197488772725	0.447589256396493	0.565490205085923	0.544705054814155	0.585854352366853	0.649894052676125	0.483689305729497	0.374089271868578	0.642564294724061	0.0612921124312273	0.527701193099971	0.290417615635211	0.265828915969813	0.525402600586316	0.254282687421463	-0.148076646658151	0.242815578934199	0.412198116324997	0.0863759116455577	0.856748854756553	1	0.170620965731141	-0.274518910491154	0.484650857175976	0.537749421788895	0.493872566874836	0.863546027989879	0.466548017672571	0.759021597527416	0.455910126877669	0.517774065025552	0.822931227913353	-0.31854605256696	0.925978640222063	0.148871448012328	0.348556828870637	0.576044003046757	0.333178828504694	0.496780572846566	0.459579880197768	0.908368896257106	0.321280478840764	0.165416793451237	-0.212874503717276	0.639028661033757	0.603994366878128
LILRB1	0.608389104779905	0.802764427722955	0.853079631539103	0.735857024275214	0.511946728546679	0.420457936591552	0.49622314902553	0.688318984790566	0.694824117381662	0.680652163070999	0.732758600852209	0.438735012305645	0.44402039420369	0.585736912797381	0.79602132409394	0.857499532736351	0.654760030001072	0.799214896702487	0.721904951485351	0.558608431273359	0.754698820450021	0.591493962992841	0.572035070339966	0.630089944630463	0.667080328560918	0.712163750907689	0.661708481122543	0.746851146251591	0.778578852666853	0.708100416008206	0.567960244893176	0.824683329551189	0.643620106335449	0.387822180940026	0.170620965731141	1	0.736721348082741	0.745103721953064	0.47494114694646	0.765472057343764	0.19927204891741	0.646961706096787	0.312343183479062	0.733807045528177	0.592050669406633	0.332787561220053	0.601662395480911	0.316276423897281	0.696235285653305	0.638369369963572	0.69556983675196	0.418755239022031	0.702655316669939	0.605970443720574	0.276263666090053	0.733088434299982	0.811733692081844	0.851404693279073	0.709018471337877	0.343114225771042
CD46	0.602582648276563	0.684073088605731	0.624907391452424	0.502369092744075	0.144307500718083	0.114151831091697	0.0111966013442201	0.425240834704038	0.396880791570995	0.615574344922095	0.550846513912714	0.158971786678255	0.182866993911848	0.243714079189554	0.4795878244811	0.569258948112251	0.39317348393773	0.531561099213918	0.415977081738594	0.194297041961455	0.527638595840422	0.476746977465628	0.300459912437759	0.580500109443162	0.467329108958379	0.534849054884651	0.575991206709441	0.513184264082942	0.583904539368823	0.742478558408191	0.328674070858153	0.60358837851563	0.542658112909648	0.00719161087856082	-0.274518910491154	0.736721348082741	1	0.501357135594094	0.360259835440893	0.434858029782741	-0.0988984424236645	0.324726312676952	0.0200072732551874	0.525846612764992	0.357903547549768	-0.148412879225937	0.866949739274085	-0.165154637725395	0.507315221599562	0.500380501280371	0.355932240526165	0.316664963723074	0.558546664866276	0.308767504945572	-0.166704431314101	0.554319090743257	0.67903956615297	0.769351108796288	0.421422431286087	0.166834470288294
