""	SIGLEC10	CD40	CCR1	FPR1	LILRB1	TNFRSF1A	CCRL2	LTBR	CD53	C5AR1	SIRPA	KCNQ3	PILRA	HAVCR2	AXL	TREM2	CD163	LILRA1	LILRB2	TLR2	TNFRSF14	SIGLEC1	ITGAL	ITGB2	ITGAM	PLXNB2	CD4	CD9	ENG	PDE1B	INSR	TLR4	GPNMB	ADRB2	KCNQ1	KCNN4	TLR7	CD81	ITGB1	CD47	ADGRE5	SMAP1	RIPK1	TREM1	P2RY12	ABCA1	IL6R	PLD1	CD300LF	SELL	ADCY7	RXRA	CADM1	CANX	ADGRE2	CD74	RYR1	UNC5B	APLP2	TNFRSF10B	TLR6	NECTIN2	TNFRSF11B	TRAF3	LILRA4	TLR1	P2RY6	PLD2	TSPAN15	ASGR1	NOTCH1	SORL1	TSPAN14	NOTCH2	FAS	LPP	PTPRC	TNFRSF12A	CXCR4	LRP1	RACK1	ITGB5	TRADD	ITGAV	CD226	SORT1	AMFR	CD69	PTPRA	SMAD3	ERAP1	CD99L2	CD63	MCFD2	TFRC	SLC1A5	TSPAN17	SCARB1	PILRB	NRP1	CD44	CD33	MRC2	SLC16A1	TNFRSF1B	PTGER4	EGFR
SIGLEC10	1	0.924900366232439	0.929546068695681	0.946071942751999	0.962244921315456	0.962732701187896	0.87299616643307	0.957323621698774	0.970236860931777	0.864368286258179	0.953007815017223	0.946595073707482	0.912398905523071	0.92162852456454	0.977322393860023	0.913370483898345	0.86696467009752	0.755676300360506	0.868633207826535	0.966239184458844	0.94788371810303	0.948813089190761	0.944542219391014	0.974637127816662	0.954979940742675	0.934935262832165	0.950539388168681	0.893438644499462	0.945210183308751	0.884574144092987	0.728050795796114	0.957061097332647	0.812540106468348	0.916772221081468	0.935423802031747	0.880729542162823	0.95371818351103	0.93515370453781	0.955609844464679	0.939261449954164	0.929416377846173	0.963156824879275	0.913349961534293	0.779956864376097	0.808081360590542	0.929140348031591	0.967766117443557	0.887757021060135	0.886630643094179	0.917887523047599	0.964391694528478	0.963365395940547	0.939958222975867	0.946971197446881	0.839707566021432	0.968381058458032	0.859334360103882	0.955795492972218	0.955429725277564	0.878745368604703	0.938741034647297	0.91469941429857	0.780794202747106	0.882068668627566	0.858315047218638	0.922660701118234	0.853242437918976	0.880933607598119	0.767273106122182	0.642022554296647	0.890261184296152	0.966576822082208	0.944385895962538	0.933715541326788	0.860353504439269	0.930358368901022	0.967997025714906	0.904939107400589	0.724512906259326	0.951074302443093	0.965906935551051	0.953156498177027	0.933267850172286	0.93819013802398	0.837894074986661	0.9446006656471	0.866323927291478	0.756169624096619	0.939262107620283	0.905125965181528	0.853689957125922	0.79221291525913	0.861124318465076	0.941077896646341	0.846407846661625	0.956288469495161	0.870055417675392	0.938977784837828	0.705935695604994	0.889971059806664	0.857765684732129	0.952777491991423	0.866999924043055	0.918422247656015	0.952792691742004	0.873054412275847	0.417426332045601
CD40	0.924900366232439	1	0.903833857804268	0.894454828893712	0.894767765118131	0.922788086608195	0.851385208606416	0.92391288228645	0.937215596155737	0.778804712645531	0.92306941475224	0.869926932376693	0.929346572116523	0.914241357713519	0.921919901272424	0.914642274493166	0.712543350007152	0.674792505661163	0.795068032667944	0.897855817937013	0.901088963856085	0.893609167170216	0.889718721721321	0.92011785923024	0.917592288886633	0.872325091067257	0.906214737604583	0.878540304129192	0.909747933393118	0.825466326473972	0.558144856088387	0.934025019849455	0.794786032571594	0.886453837326898	0.90350700034332	0.880668644967886	0.884070069009699	0.924698676770182	0.915525475380843	0.89014992340649	0.902005032534434	0.910474538468288	0.878469413971273	0.737072376838957	0.841745317648818	0.87456118785565	0.88790586765106	0.863980281000641	0.841263629194602	0.876959237118893	0.920580811698421	0.902833816476695	0.848320986969053	0.886100324447229	0.740643639893208	0.882927072536856	0.800584489182157	0.930566294772792	0.900769451775775	0.85175575852185	0.845600849302978	0.904082363481933	0.832888178360918	0.863762488287421	0.876505718961188	0.85147424020541	0.921523499651754	0.874302400839973	0.841074544220959	0.47461051741227	0.810442630367567	0.931657841536993	0.886073194402167	0.859277986226406	0.846957632445295	0.879331657168677	0.896795327376234	0.877053991809047	0.583516811777821	0.894466940356293	0.91473185428277	0.921902034844137	0.910313329229515	0.899100642709534	0.844862951116395	0.887858132335431	0.804430063877579	0.687703852711312	0.891765221033317	0.841764356479645	0.765606843707976	0.769339608657374	0.850231430687262	0.902420180225601	0.762498799687304	0.91182270045745	0.851125992611574	0.895673927971981	0.579322604165095	0.849800177668112	0.719656608882937	0.92504210905927	0.780851212080902	0.879061723530929	0.866057434869889	0.747120639768907	0.347837458459731
CCR1	0.929546068695681	0.903833857804268	1	0.938768712190666	0.921946989358456	0.9459530767024	0.939377020248837	0.942048563714623	0.954808396169233	0.846449112268441	0.953939447439299	0.914317013243745	0.959736308111477	0.970086300184517	0.948584014874292	0.955348418355774	0.758422184342449	0.702343037521603	0.805820202725554	0.933629817988413	0.935729728223292	0.931934612930949	0.915849639142262	0.950247464094126	0.952080996277742	0.907797574425709	0.935467845891476	0.927267373584074	0.940063000120723	0.834763369064396	0.608060650179688	0.94300624632654	0.898377397227448	0.925328192220812	0.952371279116019	0.901994700653296	0.907909078919874	0.963475065962335	0.96114097797132	0.942472167086174	0.94129111806484	0.959850653871	0.904102508051622	0.816459283871127	0.857865262026601	0.924445516930432	0.915170884866649	0.917606644811439	0.935232049451637	0.8853720671537	0.934538022746426	0.92485629860458	0.893837639377077	0.949287795266405	0.715723833250416	0.907371658698666	0.80822257796491	0.941148762460078	0.953745784241972	0.871703299185669	0.8947250784016	0.877981763756916	0.800497955207251	0.882748286645346	0.925119264487421	0.882818949421403	0.857234415400811	0.885173334939771	0.799854655184112	0.531072288377489	0.869960088336831	0.956973285182589	0.927211156789415	0.900389745018346	0.900193189971638	0.928316242339563	0.942505411207047	0.923516648761538	0.659339152591582	0.929605401056273	0.943657867436464	0.920468685076689	0.914476517495532	0.937460646220866	0.846445384620782	0.941485283520083	0.823976919578706	0.765077032804732	0.946499030251937	0.912343191948994	0.783462633582986	0.803329489756444	0.922709514766693	0.944387049548814	0.816753224565744	0.956361871772747	0.886543912462213	0.926846926265048	0.667744753542031	0.881899429056869	0.762351388482835	0.943939966426167	0.798519721279845	0.914777596167663	0.924097778379487	0.813437979996941	0.404593366766871
FPR1	0.946071942751999	0.894454828893712	0.938768712190666	1	0.967350312294199	0.95982075801234	0.925692905430578	0.925111611457086	0.950835317074384	0.939928474779192	0.94828266406443	0.945138718064005	0.920105020987146	0.938569776733335	0.940192387598496	0.919518091594729	0.752577524273988	0.745206583278653	0.892108115112716	0.94182212154043	0.9262835260728	0.930460944158411	0.961419982835912	0.942556420659457	0.97042353617816	0.94356778890842	0.981303046996274	0.865109529671208	0.933876767673043	0.889721820874537	0.664300602577068	0.951308528463273	0.822045950850541	0.951153254256607	0.941054837828864	0.90753403530421	0.905017201998647	0.925037309281525	0.952223184479278	0.923491233384016	0.965343282847029	0.942577219277691	0.950951046824642	0.878357648553322	0.890279298632672	0.945109127600649	0.957255057058253	0.924366520599768	0.878144535646259	0.922825323528494	0.957110104551504	0.958178372514295	0.869934139505175	0.947170601376088	0.78283667984848	0.923957407455898	0.864819605265357	0.967364168330207	0.958421641939481	0.931392292958227	0.907502995917943	0.851768406106326	0.81012637432505	0.909646327195132	0.871967993469078	0.896444904520615	0.825577582092243	0.863837049477287	0.791044710371074	0.4918877336044	0.911728967396891	0.96240452733088	0.970164583271137	0.90994060138162	0.908972775566881	0.94633325284322	0.954476156224568	0.920776705015715	0.764976603096379	0.956355973383746	0.935816851701782	0.923688855246687	0.898594720168704	0.959347046541554	0.901808130453501	0.966311217769741	0.78840685701487	0.865341238116214	0.948451993612576	0.906943268878721	0.797754802648456	0.811648982593131	0.852832774578772	0.933805894695514	0.897888075924467	0.965318959058427	0.851215253730528	0.920800943086969	0.745197103209428	0.934730939640289	0.754663261257691	0.909692609365278	0.887384051843059	0.898188901653051	0.945681021669521	0.881526260409868	0.473360952210954
LILRB1	0.962244921315456	0.894767765118131	0.921946989358456	0.967350312294199	1	0.966869818587587	0.873572519698152	0.940439235072457	0.939844953426286	0.92908802187234	0.938470887256944	0.974928188277704	0.89041204946149	0.902843623639114	0.950694039659492	0.880040994364384	0.829680123362227	0.759162583048991	0.906700508845713	0.972060210514055	0.93710931142514	0.944492064397561	0.970710732133031	0.945529592078357	0.965009391539854	0.959597120617964	0.958836730655525	0.843629223784717	0.917827643175672	0.907651235397591	0.736754782532331	0.957430994693186	0.782788969549088	0.936493300423505	0.939857566232332	0.866128414832841	0.929729360843096	0.899249832394567	0.946610707987969	0.916394066614368	0.954664211312114	0.948256234123777	0.942723769440151	0.815494463319844	0.84192099633692	0.948249968570023	0.970366912904456	0.89278869865771	0.854274192480801	0.915631031663083	0.971320739105025	0.963889616197573	0.906366798220265	0.953493967658237	0.849142337764455	0.946892404980142	0.906172497067164	0.97357300230211	0.959721170505652	0.918248203585409	0.947180284201762	0.859994818894971	0.767674398428107	0.914773102512773	0.826410319863566	0.930755463036349	0.825066986057508	0.878124979171513	0.739541380586977	0.575739053509289	0.927156863701034	0.965857600604808	0.973746045256309	0.945903350680368	0.893186848839136	0.950495640254181	0.978638305426659	0.885544558668801	0.772660670729449	0.96529815130521	0.932171089361949	0.947837305572565	0.900160717674453	0.953993184402447	0.90424572181104	0.958219624993766	0.839085356084133	0.811779899752337	0.95687276504898	0.888780948864614	0.859706856515549	0.813986584519597	0.816230372141876	0.935059124911362	0.909147606162578	0.951530287578233	0.86814570533244	0.936245834685042	0.773211960355914	0.923435433113199	0.829862979855995	0.918862468660958	0.919509226502809	0.900260452269789	0.971055909373983	0.91496270919947	0.499503449703614
TNFRSF1A	0.962732701187896	0.922788086608195	0.9459530767024	0.95982075801234	0.966869818587587	1	0.89059801314978	0.947617711628942	0.957769344488373	0.897387314930888	0.93709250682637	0.956749126013234	0.908627421638244	0.921338810408265	0.955855255800941	0.897788844114458	0.811578562924433	0.734479578834417	0.85859347416245	0.963032051830609	0.93420733374353	0.938449790516754	0.963430663224378	0.952759426029787	0.963197302237418	0.953528950989922	0.946593173256476	0.867744896929159	0.927502307988558	0.884597330761903	0.725233122300784	0.954527783782937	0.796527206272543	0.943066622622852	0.937832631082002	0.876085831440164	0.934395716015756	0.919721020790677	0.942695766482281	0.918133875304565	0.94136352655067	0.957090168343805	0.927163368726209	0.82708881431908	0.852710138489325	0.945004944455155	0.958505405887073	0.89422391428803	0.893715112574986	0.930218310965063	0.973103315790927	0.957200290047953	0.907197236816094	0.947740224494487	0.834519898093273	0.948642202937109	0.894281174702521	0.966095796612257	0.948323181204397	0.924646127173019	0.928934074756958	0.894912063540636	0.783591371411098	0.905247623412391	0.842327956644709	0.922867517063117	0.885041570636033	0.91397094609971	0.786772035865929	0.579996139142906	0.912698576787893	0.961783639304256	0.959560886184534	0.932415627522718	0.872140270268734	0.934462230373115	0.966983759651325	0.905597163047498	0.750333300858531	0.95006461233569	0.949171117479183	0.94493842487154	0.908333963972375	0.936533622603728	0.884470503182184	0.940360756582128	0.860438456733078	0.804624141359863	0.954391694078326	0.896360082423023	0.836359385913081	0.805253385799521	0.839180266860847	0.936968029626934	0.875585945405933	0.967223336977437	0.871560472938618	0.937693597559728	0.742196238224071	0.898308560832775	0.818888607913015	0.94998326349452	0.893161134829572	0.919751396565657	0.958958384811957	0.891161689066809	0.48379110528182
CCRL2	0.87299616643307	0.851385208606416	0.939377020248837	0.925692905430578	0.873572519698152	0.89059801314978	1	0.89233416904141	0.920370971870571	0.860841295187207	0.942768352194589	0.873039621904234	0.945207773186714	0.958778596853265	0.899709159073845	0.960859444116275	0.695297422029719	0.635190720030954	0.777808270771149	0.867789237275587	0.901970423947076	0.893329721794583	0.877099318875732	0.920999313548472	0.913231823642376	0.870852516786248	0.926707838414365	0.932512101314342	0.933460670097977	0.805033374750482	0.548230992905484	0.889593125276252	0.928572699336343	0.883224269411422	0.926971813796397	0.920373612868183	0.836805197263685	0.952367747822633	0.949014974987226	0.929719095493036	0.929703778350831	0.920421516656475	0.904780950579478	0.852025057349799	0.844242950964422	0.908094284868015	0.884150823522311	0.923496755402148	0.914053218415271	0.826501749996571	0.885851921231106	0.899262417855152	0.834769189144766	0.929686906556259	0.648217379943499	0.842473794873998	0.740356473664131	0.905102749760559	0.932813331754103	0.898039688970289	0.796486379708146	0.854016696919859	0.792275333611551	0.856033796577374	0.94269606022041	0.804757708230621	0.802366037742926	0.848745036991389	0.812599142848177	0.421836359517306	0.841791697467927	0.919647278572833	0.900128622535143	0.849270385821865	0.90758678267429	0.924147459248409	0.882622684480218	0.938142836431709	0.634565545489134	0.912549085730371	0.89930705119551	0.870751794119711	0.899920164693338	0.928400678611642	0.818071532940533	0.941491599975449	0.732491733853337	0.794281931539998	0.919131475149137	0.89907640815357	0.696444638052164	0.795430120160248	0.945016561656131	0.935538379510237	0.821433707940074	0.919700447350989	0.821630417764239	0.893972713306915	0.65906223240526	0.879632240269405	0.686646112417111	0.870488818733986	0.752499224665577	0.876682568725015	0.873800538446175	0.765633128226371	0.418501127977095
LTBR	0.957323621698774	0.92391288228645	0.942048563714623	0.925111611457086	0.940439235072457	0.947617711628942	0.89233416904141	1	0.959262667551933	0.821759569552285	0.956558623432435	0.94388415708965	0.937528671065691	0.9302973444546	0.969646191169479	0.936924037184355	0.834760932821965	0.739583781176292	0.854057467841908	0.930519964710671	0.96392576833832	0.968372587955777	0.922031958363079	0.977863591276758	0.939220535596042	0.914728980974217	0.949389763578271	0.910736163310873	0.926571019827092	0.852609378384757	0.666757821574881	0.947099073160801	0.863967312083428	0.905726453281545	0.927388104702721	0.883041651868653	0.918564644388988	0.959681211582951	0.959820311882486	0.945097647017758	0.920927433521493	0.970286210110874	0.885462621373503	0.728691732404852	0.802959779931774	0.896731558699199	0.951350544631268	0.912823612510126	0.930612059059105	0.884706301035722	0.960591395982333	0.959484344686857	0.930979547336188	0.935764653333901	0.752607388163464	0.960133571717784	0.810029897856136	0.952488330336623	0.937562996779462	0.874292903275344	0.904451615543621	0.872571823085501	0.712428146773583	0.855045795819334	0.907977896433411	0.881820075014318	0.852352802167508	0.851252918720013	0.731811732250034	0.625899871436906	0.877958681310999	0.966023585094961	0.919767983694759	0.907844378855369	0.863749786457156	0.931569172539024	0.937389864785242	0.922221087161456	0.622186542656708	0.936371290298995	0.958796509824933	0.9211082103135	0.931369963964239	0.92649876737355	0.809866354401755	0.938263460201101	0.823149143375071	0.685157525672767	0.930034981787729	0.912441103565805	0.788439850138717	0.735542497136265	0.900106593732663	0.936527062464955	0.784621990939887	0.942898483398351	0.858906596107685	0.947464506751206	0.637376327406106	0.83657482940279	0.817068536941229	0.940311763461142	0.794528516147761	0.90584462820403	0.910744557015345	0.806140636388348	0.386217094458686
CD53	0.970236860931777	0.937215596155737	0.954808396169233	0.950835317074384	0.939844953426286	0.957769344488373	0.920370971870571	0.959262667551933	1	0.849069492845013	0.972017399566582	0.929659115817612	0.956021036125938	0.96245333260263	0.984625489584043	0.961001447986562	0.821644589303169	0.753206023246025	0.84422539251764	0.944123189684186	0.949091169513418	0.942226915898362	0.922703323044727	0.983209890523781	0.95674782680801	0.932443636717613	0.957663303605186	0.938042016676571	0.96435638185124	0.865119923608689	0.672309898421518	0.957735116994872	0.854682701919607	0.933289131862848	0.951500283873694	0.927161982690433	0.957304163775024	0.974531096043667	0.973946645012562	0.963897496592598	0.939861788480801	0.969246765048056	0.921264923813496	0.792217544228774	0.859775691048094	0.935346755581837	0.946060254477628	0.916710186952435	0.912558557242545	0.929852283635407	0.949081477775563	0.960028715190171	0.92980039576727	0.9529851781146	0.808814330731325	0.955955324955048	0.81897485077066	0.941693391126643	0.960823451539472	0.901010670859795	0.905421656809193	0.936766871137253	0.819432612185475	0.895730977134419	0.907395125516321	0.919247100051743	0.898975286721222	0.900289203132276	0.82190330521612	0.608741374122812	0.870395249144555	0.966747957612439	0.935199505639175	0.905010623989588	0.893725632519602	0.923686584425696	0.957809862028906	0.93240578397204	0.676133185157458	0.949757653312493	0.98462604084766	0.936903884813918	0.961118868633104	0.945468932423284	0.838132796561349	0.953306379832966	0.851818157249027	0.765704174997815	0.937471168714518	0.913710785840673	0.813972526183555	0.787089852806316	0.915795503406245	0.963416653060647	0.814760852493399	0.971954134952046	0.880458389696338	0.932806109194931	0.664743040856582	0.880699997520797	0.815364474391912	0.969471199135252	0.832266198184654	0.915257937543653	0.932129914898944	0.835084201153571	0.387037653380796
C5AR1	0.864368286258179	0.778804712645531	0.846449112268441	0.939928474779192	0.92908802187234	0.897387314930888	0.860841295187207	0.821759569552285	0.849069492845013	1	0.868119007222183	0.910260581367629	0.804006826361031	0.84301144357862	0.850136379790739	0.807985116222362	0.728506613606098	0.660353809942224	0.862910114916541	0.90469201439468	0.850244729448491	0.856218478069062	0.932638271446659	0.854824770509198	0.915488834624401	0.912879031264682	0.916954530767915	0.758763969626826	0.861596813036151	0.876120155710981	0.702637175194224	0.867666951440611	0.730972277712175	0.866866952632815	0.884149443668812	0.824234579224732	0.822000029248427	0.809180126856752	0.877074181459331	0.82864044429745	0.927433268645337	0.862016420097257	0.933590493622915	0.904040121186842	0.798433857863586	0.924449741241082	0.907581470983179	0.835846488273237	0.784326912523645	0.842903385234535	0.889414657614218	0.895743764324244	0.800835795554452	0.896124114791713	0.789570423624153	0.842727968318512	0.878974462220956	0.911657742451799	0.912076292454647	0.913369775515313	0.857560826467211	0.776804413796198	0.738444716791716	0.886438266796704	0.753732209073334	0.835912603713198	0.721253924563657	0.82055284786366	0.690847550291687	0.417000046721816	0.907382025848504	0.877454033287699	0.955158848300938	0.8864871807118	0.871227468210933	0.90993411098388	0.900088690778105	0.83845485228132	0.86613429746551	0.91975463635818	0.83247160635021	0.86791095886158	0.80029517453247	0.908540623747014	0.894282055421451	0.908716789790803	0.724539768071401	0.925665976356978	0.904685182407378	0.813233611616334	0.778096013788908	0.807871812878953	0.745278187685532	0.861023320092927	0.949726112548555	0.891230024606331	0.780771082437508	0.86351075943772	0.823808776968647	0.927764800265577	0.721315702560647	0.800071777871221	0.905458454375802	0.823562284093514	0.932471749048483	0.916991617608525	0.55238000579374
SIRPA	0.953007815017223	0.92306941475224	0.953939447439299	0.94828266406443	0.938470887256944	0.93709250682637	0.942768352194589	0.956558623432435	0.972017399566582	0.868119007222183	1	0.93134957078337	0.960182637742703	0.973500304845902	0.969398592721467	0.972284429344466	0.804787923341993	0.714994883433368	0.844118614923291	0.940323500730383	0.946421447299009	0.957415489823355	0.923344602419789	0.980089367818827	0.960001962327319	0.92540802780095	0.959572786438682	0.947988861585862	0.971875669121015	0.860354755026816	0.617675901835837	0.964175059521689	0.904229033422576	0.91618272699084	0.962297171890015	0.920941153302744	0.927528598897155	0.977097544905604	0.989338511377718	0.959564136825685	0.954092883116874	0.963287279918751	0.935069007934883	0.803722137678215	0.841700973921357	0.952765164289584	0.94700941102304	0.943230504109968	0.912862842614096	0.884715301223554	0.942458568959599	0.947113915807392	0.923760774328391	0.96682582648698	0.769270391967933	0.92032370071363	0.798287314161703	0.955460852134334	0.979871221409917	0.892418697531577	0.894811895833192	0.911315007147921	0.799070598813604	0.888415722352241	0.941321800891059	0.888157601236127	0.858999772803954	0.881569150923629	0.804879557156496	0.554493038917749	0.882774478749217	0.973662584465813	0.941703635900156	0.921036038243516	0.914064224823627	0.957477249502361	0.945822845287908	0.946493041033259	0.644818923656112	0.966252472012327	0.947787023671843	0.951210568018682	0.943677062599991	0.975733008021782	0.853305656504961	0.974322753390143	0.82844689473711	0.764704271694047	0.951382854409479	0.921323019818986	0.80501200274823	0.808081219778302	0.938743521030757	0.971883434446598	0.833288690777475	0.958627175583872	0.862312445807605	0.954716406021833	0.675965557388155	0.909698431729448	0.790697686346694	0.933199390845489	0.82095081227516	0.922740863778502	0.931079828728416	0.821571572907031	0.415942576156164
KCNQ3	0.946595073707482	0.869926932376693	0.914317013243745	0.945138718064005	0.974928188277704	0.956749126013234	0.873039621904234	0.94388415708965	0.929659115817612	0.910260581367629	0.93134957078337	1	0.876017057053939	0.892156781847593	0.945293915186958	0.874463326213553	0.853582157137257	0.740846193766622	0.881255305075164	0.954966814009903	0.946849443340407	0.95366195308714	0.96177504993063	0.95132274794597	0.951543615360214	0.934663697913003	0.946743556591314	0.851030982757108	0.902206759914903	0.859073909498233	0.756991923676329	0.932959319179938	0.797118603595298	0.91739538921401	0.932499640724477	0.857514801745571	0.912696518366981	0.896773296544641	0.947628850891336	0.917102015386831	0.944647786483443	0.947878472327003	0.923601596743569	0.774045890757244	0.809930938620601	0.935687123394947	0.973047908090957	0.902563519935938	0.869760293522205	0.885777546178691	0.959877863334154	0.966678061698169	0.920554376574986	0.948933635922576	0.837455149147983	0.950895301435935	0.867880764238347	0.960435658506569	0.952330736611942	0.912066402839074	0.948796101641307	0.841602684229721	0.701843744366326	0.888314638264603	0.824499233727026	0.930884254824814	0.801350304555232	0.861903598749961	0.693008772045738	0.597190136212006	0.9372639682236	0.960743499209138	0.956011480434906	0.945228797201568	0.881220234794093	0.9529488285594	0.963996359472424	0.886277883778012	0.733639491847033	0.953125371647949	0.922123871284475	0.930349407665753	0.889712286440819	0.944443356761593	0.874772759630289	0.950073008671037	0.824265591656291	0.773335654057108	0.941323805463114	0.874538814143471	0.817837158819945	0.780044350990987	0.824366290058977	0.927564249542107	0.876884927515282	0.935752901052914	0.842272338304095	0.943861081391369	0.762655300628936	0.888276963501602	0.830126461619997	0.894716184686109	0.893422888438757	0.886973377751074	0.950076124993602	0.883768962651667	0.497568866823663
PILRA	0.912398905523071	0.929346572116523	0.959736308111477	0.920105020987146	0.89041204946149	0.908627421638244	0.945207773186714	0.937528671065691	0.956021036125938	0.804006826361031	0.960182637742703	0.876017057053939	1	0.981568524491331	0.935518018496248	0.988677586450556	0.711599349848184	0.665641801846282	0.790153185635933	0.889670081353603	0.925975909264262	0.911202982233339	0.878881963025369	0.948116993737137	0.928102312566022	0.879535123544975	0.932724548438966	0.956170514394142	0.951976038969237	0.806728745422649	0.519569308246518	0.930234769099445	0.925159187858243	0.899145960783251	0.941266907483649	0.941246973399327	0.872135169523386	0.986045770331411	0.961495951823984	0.943871277839352	0.931549015001055	0.943252957798632	0.89740269372207	0.792057120582667	0.865523615259869	0.893592875621307	0.885232194244127	0.920746855415241	0.923016990651139	0.847705942146819	0.911346398675824	0.910488383814826	0.857276159535524	0.930730967146447	0.659724487715383	0.873847565391495	0.738964336129527	0.924464755974006	0.937637024787754	0.868125779229475	0.831127293477204	0.891288855330813	0.833403354511401	0.86155712512455	0.973096998002821	0.833458667999337	0.877528861527671	0.861540595692798	0.849739856670659	0.453056971115718	0.816868545328367	0.94937030312895	0.892700917691064	0.854396124276679	0.908232910308885	0.917655177908552	0.90026327077433	0.939172203998013	0.57211118357207	0.919498014604572	0.937920320875587	0.902821181574918	0.935132095569988	0.930905869329233	0.812328787496596	0.940151597804514	0.785787953930692	0.713660406569153	0.921020804225186	0.908216518994023	0.732673909047256	0.806052890050944	0.960975706569593	0.947633020608816	0.771713770099068	0.942917874468939	0.857057526892512	0.908808922518297	0.583965066798446	0.868514507285232	0.707353625164442	0.922393102990789	0.73174346279397	0.893022301372223	0.879272193037307	0.748157066733889	0.352582262709813
HAVCR2	0.92162852456454	0.914241357713519	0.970086300184517	0.938569776733335	0.902843623639114	0.921338810408265	0.958778596853265	0.9302973444546	0.96245333260263	0.84301144357862	0.973500304845902	0.892156781847593	0.981568524491331	1	0.94093293409019	0.986070684311876	0.730989609660639	0.663090745420667	0.779293388067867	0.914475892031914	0.919092197209494	0.91661035238156	0.900921103945421	0.955670196357475	0.944305168175566	0.897650255354707	0.942519444672523	0.95692076331419	0.967483982558063	0.824804433453864	0.546270939774998	0.943041637090045	0.921576701889868	0.916408696858227	0.952936044550031	0.942274858729275	0.888734337739015	0.980282815767819	0.975409848732142	0.945221003328528	0.941710840715248	0.944441836085893	0.920307549307787	0.83474366828108	0.880334995407546	0.922808612426499	0.908280114434617	0.943629187987187	0.924168283489291	0.866051987108484	0.920136754613467	0.918797443144573	0.869192776070799	0.942772515395323	0.698837300180998	0.876687108073988	0.748002309874961	0.933721824412984	0.956947555911012	0.874466358819173	0.857756242728262	0.895722757878875	0.831550622837451	0.888115813923796	0.957501081833963	0.857469486069146	0.874855664373526	0.868677004942516	0.852058172617148	0.465279850242458	0.840663485894074	0.961185702716543	0.915066316061467	0.874534946459509	0.917356160708034	0.930536682618097	0.924745123831777	0.947141182627637	0.614034724765413	0.929832709184567	0.933380893555108	0.916758923269622	0.930988086557118	0.94894331439148	0.837144542391341	0.953328045816025	0.78384284854878	0.771838570827867	0.931040027280569	0.907193612974696	0.747998914287473	0.825125903482621	0.957330400178773	0.950652686461164	0.800747470717106	0.953741862925295	0.864644514111264	0.916308103505367	0.62069444333638	0.897243074156234	0.710778322657334	0.919664216307933	0.764727347509898	0.891963958502871	0.902929721013626	0.775474549033108	0.355251208290531
AXL	0.977322393860023	0.921919901272424	0.948584014874292	0.940192387598496	0.950694039659492	0.955855255800941	0.899709159073845	0.969646191169479	0.984625489584043	0.850136379790739	0.969398592721467	0.945293915186958	0.935518018496248	0.94093293409019	1	0.941493331340278	0.875214815705281	0.776034505010404	0.863749943374464	0.958125798201092	0.9650684814951	0.960311909397638	0.922098801840937	0.987697901445774	0.953515135872786	0.928002373405542	0.95037355193938	0.931924541102443	0.946203906383174	0.868161871311431	0.716549199843518	0.95667046961129	0.856495172670081	0.922599143913362	0.947110234905871	0.896119128317046	0.967406041610944	0.96366727192817	0.973179373389886	0.962750756532128	0.929661012915776	0.979579016130996	0.912264170025576	0.76534260133799	0.808420567292152	0.937652976240466	0.951537416063139	0.897736421890935	0.917144418920969	0.905352170288518	0.953681257272694	0.963865186900738	0.962110959537462	0.960171749706724	0.831590198227413	0.974373967777289	0.837166288722329	0.945340551206343	0.962857004926937	0.885429157586169	0.929043966801145	0.91323194264072	0.768947046200652	0.87314550377403	0.891814376832665	0.929562314633631	0.864636374930312	0.888571651908991	0.762173511052163	0.675738934842619	0.887455476020373	0.961951200414817	0.938841951049154	0.926713728357972	0.876107518046906	0.92873658894334	0.96259465770968	0.909332078115911	0.69309436705908	0.955653387293679	0.981390894971317	0.941506720521078	0.946853712968211	0.944229893571426	0.822478696442113	0.952871909051971	0.876377957343049	0.738257658594281	0.938285763889597	0.914012991207887	0.853377644642681	0.76863780256624	0.903833667843758	0.965007784466482	0.818067491385	0.966195084278434	0.887207382369912	0.944496982276097	0.673896728836311	0.864764323781517	0.864431787655886	0.966483123791225	0.846672014682397	0.922772426608211	0.944419302288828	0.854584767486652	0.396305396175096
TREM2	0.913370483898345	0.914642274493166	0.955348418355774	0.919518091594729	0.880040994364384	0.897788844114458	0.960859444116275	0.936924037184355	0.961001447986562	0.807985116222362	0.972284429344466	0.874463326213553	0.988677586450556	0.986070684311876	0.941493331340278	1	0.731270588719709	0.669559400999001	0.786905816515503	0.886697295404973	0.927243812465766	0.919220678269742	0.87455908537607	0.958547348911096	0.926956944751336	0.87027031482963	0.937175298823629	0.973423340175755	0.961950090475948	0.799818190773877	0.527588201510826	0.921161925392404	0.942563369059709	0.888023561905624	0.94214454843552	0.942016649821421	0.876194914972143	0.994309365535823	0.972818827985204	0.956880206454218	0.93023730202118	0.946153727363673	0.897184664517976	0.792777118373757	0.845277422965775	0.897007809042105	0.892239701227339	0.930505653217742	0.931492553749836	0.844861435099379	0.904046241474406	0.915127031428451	0.873462854886142	0.935589374686404	0.659930062780756	0.879309325347622	0.721625772214321	0.918479090818039	0.944815858948227	0.865843491163603	0.826632599891246	0.898769930653618	0.813125282364805	0.851991740853615	0.981818705577234	0.828137303888138	0.856717476904173	0.852428947799091	0.83414167136152	0.479649059413076	0.823473655236096	0.946898689169942	0.891104641706676	0.85804104230076	0.901915290074137	0.922479120543958	0.896281553417635	0.948522848954854	0.569885517753604	0.922316014005717	0.941328952147681	0.899962993472481	0.940140023426407	0.937500620581219	0.800061269356981	0.944746771338658	0.776061976052894	0.724272531471803	0.917890364079494	0.915659202318403	0.721343983321356	0.792658379362991	0.978571952723901	0.952069685106908	0.768543740145692	0.939974034308834	0.843762288533614	0.912038774079804	0.587579238923853	0.865695235768394	0.71668614680058	0.916186109897944	0.727068373625339	0.89472913496949	0.872620686620175	0.73851718307673	0.344673131424407
CD163	0.86696467009752	0.712543350007152	0.758422184342449	0.752577524273988	0.829680123362227	0.811578562924433	0.695297422029719	0.834760932821965	0.821644589303169	0.728506613606098	0.804787923341993	0.853582157137257	0.711599349848184	0.730989609660639	0.875214815705281	0.731270588719709	1	0.672001926671206	0.723777742975937	0.860611422241058	0.854289559488089	0.856471916887842	0.778772513102051	0.869528401828276	0.775684184714729	0.777215704651469	0.767540752515806	0.790863569481104	0.789376815237815	0.734990559966648	0.816656269117592	0.792727265450129	0.700159615824964	0.723506433782293	0.784424227497931	0.704287153444866	0.879498510405028	0.777339917993378	0.824618966527527	0.829644813556255	0.73233068013632	0.85633210972248	0.764518020400549	0.583430305884922	0.501770904085893	0.808325733923832	0.842898879029362	0.697511897731796	0.781354770659681	0.708310169856651	0.810355610682423	0.838511010566989	0.930050425995107	0.834545349956471	0.849404877226043	0.894703678480324	0.736368658802451	0.777112859125919	0.827813832032857	0.73113499686246	0.860412523146594	0.781831228464347	0.499210122832991	0.701603840850128	0.664216559435705	0.842970623728961	0.657456289800009	0.750046931798541	0.486932799313865	0.840015619395564	0.792297304437043	0.795965676898755	0.791665630725429	0.85900236249345	0.683327573432879	0.781724338666135	0.841884204089467	0.730448370775974	0.678995320609555	0.835057785486197	0.843766877920123	0.805139952448201	0.796097203088421	0.77922773171159	0.604077147171197	0.801047885742308	0.829870016368048	0.565529372646393	0.788495305024848	0.750654864043173	0.820159546622651	0.630069720315378	0.741433651274959	0.821076473246782	0.702076513548117	0.803571437806471	0.752847458437071	0.817521995251347	0.633103661501897	0.681951368275592	0.93794551997028	0.818091519948258	0.77231615934826	0.778919910725942	0.847040169963457	0.816817535083727	0.372281755259436
LILRA1	0.755676300360506	0.674792505661163	0.702343037521603	0.745206583278653	0.759162583048991	0.734479578834417	0.635190720030954	0.739583781176292	0.753206023246025	0.660353809942224	0.714994883433368	0.740846193766622	0.665641801846282	0.663090745420667	0.776034505010404	0.669559400999001	0.672001926671206	1	0.771393652900821	0.753769460826556	0.742093705490211	0.739887979960673	0.707290078655565	0.729967015555475	0.762983025191231	0.721313875260576	0.76628574118306	0.609510569766686	0.635861753207108	0.716969908962387	0.612049743894648	0.738176377510875	0.526337701608807	0.761716754094601	0.707521797570367	0.593456891307427	0.788548900108966	0.694440440957533	0.708166895849663	0.728058066769366	0.696620295855835	0.739329056725013	0.676791792411082	0.54335889729824	0.666079760433886	0.6951018716577	0.745657627260667	0.638140314250692	0.63707443696898	0.787226873938365	0.739409076861703	0.750343804114826	0.756093499229937	0.709946163378306	0.692891674708216	0.797612236184316	0.734513106341331	0.725599064612461	0.722973551094742	0.626792828573494	0.73784224976835	0.61846545773832	0.562411900804995	0.637917518029047	0.598073910836458	0.781361949948374	0.579879395524611	0.626163437635167	0.49349081763957	0.635931905096234	0.715392923284672	0.718806005547928	0.732768272130835	0.687118659725357	0.607209224897674	0.678364762229016	0.764870385389631	0.631375338781541	0.610351594957213	0.708907554951428	0.790458991985395	0.688309464129644	0.680862470350576	0.703632447746919	0.656385691875224	0.711472123306817	0.589777918156618	0.626746331298134	0.695676443723848	0.69938538735467	0.68724332835981	0.437727454765093	0.580160987375446	0.703675564643003	0.612323804841916	0.726506622034717	0.693498724055805	0.671952965137751	0.50413681700307	0.630509896934275	0.67663343708433	0.760645976013087	0.723278709964219	0.69366270885642	0.727287892821904	0.668528956282247	0.28032008319723
LILRB2	0.868633207826535	0.795068032667944	0.805820202725554	0.892108115112716	0.906700508845713	0.85859347416245	0.777808270771149	0.854057467841908	0.84422539251764	0.862910114916541	0.844118614923291	0.881255305075164	0.790153185635933	0.779293388067867	0.863749943374464	0.786905816515503	0.723777742975937	0.771393652900821	1	0.858111294675212	0.857290988114323	0.861915044355358	0.873133169656917	0.846779755967475	0.881007550076467	0.86258157024988	0.905978859332858	0.722901037583006	0.792784348423215	0.844518429437841	0.671421867862042	0.853009176363753	0.685970385119058	0.838678589348332	0.847315998138049	0.76942868701244	0.826036707321141	0.804402829429512	0.845593307219563	0.822400558127324	0.880246830232208	0.854396329315677	0.836918423069992	0.696035178351677	0.750553731896161	0.837655252499762	0.885687992000447	0.788516211338231	0.762501941014551	0.838919884306712	0.876253362176039	0.884456702817787	0.811879837145484	0.852056393861909	0.744272165988855	0.882671441072193	0.860056007944697	0.878838548095635	0.861520764104204	0.84285105594695	0.837626240797458	0.733117044708646	0.654276377265847	0.807264276991495	0.748641257460239	0.824127582912774	0.690925089221635	0.750765057115256	0.60380649503712	0.511489203530411	0.859971181238311	0.858822164529315	0.891866389451095	0.839691263226657	0.806039570023617	0.853869052503002	0.859259465444617	0.794266985557316	0.730529815963684	0.873663745140217	0.854639601528297	0.835523169986273	0.798882090461972	0.85890782237727	0.832249460294408	0.863433082466386	0.722182794311275	0.748418541143905	0.853837486099484	0.809778360471695	0.750779220685697	0.658637688252284	0.705596468526122	0.840280946544167	0.836264364901805	0.85283244545017	0.754108046739538	0.853279136177332	0.710863200836722	0.824584059182594	0.747708498258633	0.812499444606619	0.8358307223448	0.806412133472085	0.868090154769517	0.821991942056858	0.478185220012329
TLR2	0.966239184458844	0.897855817937013	0.933629817988413	0.94182212154043	0.972060210514055	0.963032051830609	0.867789237275587	0.930519964710671	0.944123189684186	0.90469201439468	0.940323500730383	0.954966814009903	0.889670081353603	0.914475892031914	0.958125798201092	0.886697295404973	0.860611422241058	0.753769460826556	0.858111294675212	1	0.933108634690406	0.935941993951952	0.949647344974748	0.949832122137633	0.96426383125212	0.940560741764024	0.936178632650616	0.865822281659773	0.928052715837409	0.888056920336491	0.739138314471895	0.948474196859305	0.794192949655746	0.916967359931923	0.939262205698351	0.860215296654979	0.943450222655491	0.904777286673241	0.946428102775435	0.921977524543109	0.939137391295615	0.955085466056522	0.934571270117043	0.817999995283238	0.805076937358294	0.944131332704542	0.955576492430379	0.874476377295355	0.868934495246309	0.899488139782645	0.958208490443536	0.944417591608465	0.931266883070692	0.952363360773107	0.853443558511625	0.941704746707609	0.888842600053322	0.958632652900031	0.96338969163829	0.881965465130503	0.953424492171627	0.883832819603159	0.768279140313079	0.90255770161762	0.825112772687039	0.936207105548143	0.836916727014588	0.875510793371012	0.746395451802699	0.612847228373297	0.91460515153425	0.954188955818291	0.963629542829671	0.952888166321642	0.864723834374978	0.932088074701701	0.977892527966139	0.87607763145365	0.77900087298571	0.953124364738803	0.935609336927601	0.951657808696344	0.896299976855955	0.939788008408044	0.876007882035631	0.941196864608609	0.858486561933549	0.80741102471521	0.952024916504227	0.87996955351512	0.867482625606803	0.810995734019889	0.833390017604091	0.930873122085615	0.895331179502011	0.943774730094515	0.893100247780079	0.924494873262248	0.756581568831683	0.911544208780036	0.854978416568331	0.929922003600475	0.896401381730079	0.904828517098242	0.974680783106358	0.905841564998065	0.465968932587871
