""	CD44	CD69	SIGIRR	IFITM1	ITGAL	PTGER4	ITGB2	CD3D	PTPRC	CD7	ITGA4	ITGB1	CD8A	CD8B	CD47	CD3G	CD28	KLRD1	CXCR4	IL2RG	ADGRE5	CD4	CD2	CD247	KLRC1	LAIR1	CD226	TNFRSF1B	C1QBP	SORL1	CD46	F2R	CD68	SPN	TREM2	KLRB1	ICOS	CCR6	CAP1	CXCR3	CD27	S1PR4	CXCR6	FAS	CD81	CD96	HLA.DPB1	TRADD	SDC3	TNFRSF1A	CD74	TNFRSF25	NOTCH1	CD6	TIGIT	PLXND1	NOTCH2	TNFRSF14	ATP5F1B	TSPAN14	TSPAN17	SLC16A7	RACK1	ERAP1	GPR171	LPP	SMAP1	JAML	CLEC2D	VSIR	CD9	CANX	RXRA	CD163	PTPRA	PTGER2	CD63	NCL	LAMP1	RPSA	APLP2	PTPRZ1
CD44	1	0.92727454356132	0.903857679527833	0.882623955732623	0.79658265819864	0.933745089560077	0.502695460736504	0.902729124009968	0.891397295412366	0.799744233329141	0.803348855974455	-0.660036149402015	0.837292031440543	0.364476134498968	-0.752621698205626	0.909332240839847	0.903041924037655	0.79408895431951	0.956909340761157	0.908309145521096	0.680821980521243	0.273346857697354	0.903538904502134	0.779033661313238	0.752439979637118	0.208482690532093	0.473917679082644	0.57071366693293	-0.468774909661607	0.464727051024236	-0.854828512415589	-0.0181733966583459	-0.0687780951277068	0.892494883646786	0.13440525666243	0.945286501331838	0.785459994089458	0.786021842895337	0.0165593148694153	0.681566399692697	0.877843469550867	0.84778007915288	0.822767118787666	0.192060694592085	-0.741613297447651	0.785608413892981	0.13867488701712	0.816043220323282	-0.792479433771914	-0.890694534507422	0.1326630501992	0.531652237712777	-0.723609505145955	0.920840300880006	0.628954304136219	0.079390688275885	-0.746543732827144	0.81337666290385	-0.645370722917508	0.307886843074276	-0.14983913628322	0.0592877462989332	-0.509578080986304	0.15426471824573	0.848125866075178	-0.801096799118242	-0.737290356736358	0.819912934661523	0.811625742538012	0.178386301898186	-0.818929314546894	-0.696169517691908	-0.829811474046679	-0.0768244341192936	-0.771380703292956	0.911382825344184	-0.786424111055229	-0.640743020254654	-0.672046192000319	0.549530346801227	-0.795660400518392	-0.742424967328429
CD69	0.92727454356132	1	0.874634759356357	0.809895707747438	0.793246729446908	0.944371147014697	0.585326096646732	0.917569961481182	0.82383387750628	0.889136689059225	0.701638882996666	-0.806410124625196	0.906324121924471	0.200127415730305	-0.787066467592336	0.884021733107861	0.923468556424256	0.798772068512385	0.967290667567955	0.900452026481549	0.531876832645547	0.300593759599588	0.874478039614151	0.694379282742972	0.778848451975196	0.339269733596717	0.597414250267139	0.459578338418828	-0.62490325612722	0.500201489523791	-0.852900264444618	-0.267597008576577	-0.0303383695789751	0.857775086649076	0.223039094848359	0.921390121522427	0.8499742595117	0.881452378473679	-0.0665882804594353	0.793933967712025	0.842051991430415	0.877562281424684	0.901741399302558	0.133384369115051	-0.790777475916209	0.896674973956472	0.165448398602024	0.841764529215959	-0.874925319620728	-0.919816144928354	0.206207657186657	0.456581023349936	-0.749033025437148	0.944351219654483	0.491167734587776	0.275384858428595	-0.784573133076835	0.774566404903815	-0.746728397747365	0.413993493822896	-0.0829207405000028	-0.10645304457617	-0.665909108736607	0.104043569692516	0.76615454753671	-0.884943149934684	-0.875645530991272	0.735424510160858	0.805555340680995	0.320604306135088	-0.904915928190853	-0.788989151328249	-0.877738272987988	0.0128123171550481	-0.870217012247218	0.958931151484193	-0.874769143875829	-0.756444365641678	-0.676567012378348	0.355602978897284	-0.856688703000344	-0.836858085209766
SIGIRR	0.903857679527833	0.874634759356357	1	0.936288003115464	0.818548075299478	0.947087996815707	0.513330997247806	0.865846354204318	0.935161403245009	0.765504478659585	0.864605209523085	-0.629831214505071	0.802250427792591	0.497923422686453	-0.789829789389243	0.904931753929802	0.825878691311416	0.810093773637356	0.92542389958953	0.887238780456602	0.775076928928427	0.315663512365157	0.920738958069383	0.846604566154981	0.802300132697199	0.20107409205306	0.367931044113872	0.617095280824036	-0.438155281868558	0.534536806614478	-0.821901096874711	0.118001914849814	-0.089263696432385	0.850630479551937	0.149893082490675	0.947793624379176	0.732883561392087	0.74488452619481	0.0167240881644142	0.568963822353726	0.89428165186179	0.812386427734374	0.758593621821124	0.294041651896816	-0.731336649982947	0.693392010865656	0.138360960478046	0.736207499090836	-0.795907593814768	-0.87210883710329	0.148303072154415	0.678615190005217	-0.756181834895607	0.910537226446543	0.741826712652013	0.0803185373826294	-0.719619732342706	0.82682425504875	-0.686014650627492	0.17602900889369	-0.167158845362138	-0.00815975564422979	-0.555872245774736	0.0295543568292227	0.837749168225665	-0.780259469369202	-0.761172719792184	0.697508708501061	0.849588408175296	0.0954522093021514	-0.839442758643477	-0.765850365487157	-0.828751427043091	-0.0503230619563547	-0.737133903246323	0.840364550025757	-0.819978186272047	-0.625614368584897	-0.718163302771597	0.571841650484562	-0.842387009122718	-0.714921038871091
IFITM1	0.882623955732623	0.809895707747438	0.936288003115464	1	0.794932428386018	0.912947054685958	0.4491298442687	0.874183597950627	0.985097466142422	0.692870979310633	0.911851171608084	-0.558040329513584	0.721282579886286	0.646613990459492	-0.732981144164711	0.945931802295041	0.73858393451425	0.834162322349371	0.855595546677904	0.883629687952175	0.883639764433091	0.214809393069273	0.944579876325545	0.876123313827953	0.770048024102388	0.0041203068726375	0.182244315945222	0.61481489997027	-0.414038145277991	0.371882628717273	-0.831127079469456	0.243564797922278	-0.201719474849382	0.881351767942068	-0.0158494739554214	0.911303397316523	0.545446653901368	0.630448820125907	-0.0836973780500402	0.558462249194791	0.957128265877339	0.798691407336715	0.716748818771623	0.138953232221487	-0.737217756462157	0.616902960532761	-0.0217015439440067	0.622496817375841	-0.733024441142104	-0.862195425725435	0.00440679211696267	0.704952800736538	-0.718658987046219	0.869642811750491	0.761460652206953	-0.113712057998043	-0.640885757277575	0.880938303808656	-0.657051410984935	0.0230903108404718	-0.187431697549856	0.0489986921782178	-0.497798134666029	-0.0932104913856766	0.924788184139252	-0.75453985061752	-0.663677317883623	0.664648679384056	0.911977468129641	-0.0703607672230114	-0.78304354871703	-0.729083096785054	-0.823979875891079	-0.166852817955811	-0.653146100210873	0.784945545710627	-0.788159606307199	-0.557870283265402	-0.75114479210146	0.626901437080468	-0.824962654364158	-0.636238458375723
ITGAL	0.79658265819864	0.793246729446908	0.818548075299478	0.794932428386018	1	0.841067055212754	0.714286997232675	0.792856250088639	0.816492220857316	0.582315766171958	0.775139977919098	-0.712413058538457	0.854436906186003	0.606776441079628	-0.834623406007795	0.844346355794449	0.785977979774422	0.800176190615548	0.826669655514904	0.926707759367854	0.739141440933645	0.504028112250893	0.812359109689196	0.869899552860705	0.737857969720765	0.377485087425253	0.514568552247348	0.785564816304453	-0.653486853058593	0.515213056643528	-0.758133564443896	-0.0174253715092697	0.144904892100271	0.900183185383723	0.287954491919698	0.746166181256784	0.619280398695434	0.476379090449797	0.0463456761144209	0.706139561690817	0.793566035964695	0.720076577657272	0.600114103691231	0.200597581962912	-0.638520160045568	0.599010606783931	0.253553004237415	0.466212458194402	-0.823642270970508	-0.748391482550756	0.307580999229997	0.291344326123722	-0.754997688907124	0.725501257372988	0.677713078475794	0.18716686770146	-0.75446458682519	0.608934036722607	-0.729288533218458	0.0494465183539669	-0.331799419321972	-0.0611304147372322	-0.679107669245383	-0.116990994462922	0.81102483633691	-0.81747250077639	-0.754282388795932	0.793414569363018	0.731323729219104	0.349422169796344	-0.850568732437995	-0.772296275088668	-0.868275897538631	0.197154833291047	-0.804946568634858	0.681383983245431	-0.782373718724758	-0.744298620814952	-0.555724925591385	0.247323691361574	-0.783547898058879	-0.765211509443499
PTGER4	0.933745089560077	0.944371147014697	0.947087996815707	0.912947054685958	0.841067055212754	1	0.53093186570682	0.961906396339254	0.919727369778725	0.864352987826522	0.774463783517668	-0.722503430366391	0.814386581830299	0.389410142342543	-0.78707342179626	0.951877877361634	0.8456642714473	0.888700211285636	0.936487343690979	0.947369071573491	0.724817296239165	0.246563626220145	0.961471911376039	0.758007868458337	0.848658083054853	0.210869507705944	0.428982467630307	0.565798659014432	-0.578498206859916	0.429616740492354	-0.837774548546873	-0.0781856859645975	-0.152239417881656	0.926667755111861	0.0802543237385172	0.964641367490039	0.724592207783275	0.819291677567302	-0.118182663663952	0.769328557370385	0.933575907835414	0.93471037283317	0.886212686681358	0.0606946865713724	-0.825349086656408	0.840451034965649	0.0428147608949715	0.749281739936181	-0.86028837738845	-0.929430120273438	0.0873345278346367	0.604656764864608	-0.771628561600504	0.959795146237701	0.581592879406513	0.119919117953089	-0.722070136983159	0.863790879787695	-0.755573725632688	0.32488861997809	-0.0616503138970762	-0.0561633858948087	-0.612249776302221	0.0100436489519121	0.886034463494336	-0.866839447137359	-0.827845082215878	0.723500328397401	0.873659057270949	0.156850035408179	-0.886430570447504	-0.795340782536829	-0.885952334715126	-0.0907911230262034	-0.82373225654228	0.929425490947994	-0.882473423081389	-0.689285815548454	-0.742732581878279	0.486550978824849	-0.892728177489551	-0.79458038006929
ITGB2	0.502695460736504	0.585326096646732	0.513330997247806	0.4491298442687	0.714286997232675	0.53093186570682	1	0.392801450985118	0.459869573185797	0.252754987567937	0.505751300926287	-0.589309431969871	0.721475181780445	0.379221817727933	-0.741063625678469	0.44068966924407	0.719247859227573	0.348333137781943	0.600848522622817	0.564129670156475	0.265088219693509	0.902357703304727	0.373791788974878	0.667050778954548	0.30219306804497	0.822656700868865	0.777107953704867	0.782406539608661	-0.456603646935298	0.78386512211481	-0.422731226846367	-0.257627748358802	0.705854688598384	0.601172430616511	0.792130630218051	0.407501896775345	0.546604093732792	0.2368606711208	0.425966305524999	0.574944672731979	0.353308504960885	0.329981860682517	0.263763620836349	0.421018783152982	-0.186041365981445	0.331059857345341	0.729943335047174	0.291362195001806	-0.636052892391266	-0.354049725110954	0.820661914526774	-0.16173663082668	-0.585622342144244	0.357247582097408	0.500273311351576	0.673612235109659	-0.721683623135939	0.196246759643201	-0.462969524756046	0.00620764366378126	-0.509414009847344	-0.285099945324605	-0.635593407021011	0.0455076660533273	0.361211710361248	-0.63364925343318	-0.607756314136278	0.698852168773294	0.247037358888561	0.792960643396269	-0.667449226793021	-0.633593636184588	-0.711070623554128	0.762252725820354	-0.713129260637643	0.373545078624307	-0.458125294667596	-0.67533748161706	-0.112723432838584	-0.0708233405860104	-0.497672704342843	-0.637143670666226
CD3D	0.902729124009968	0.917569961481182	0.865846354204318	0.874183597950627	0.792856250088639	0.961906396339254	0.392801450985118	1	0.887686061448387	0.898726438145526	0.710038846061849	-0.702955355364367	0.77679669938494	0.328514110296583	-0.66848602425834	0.966379334216396	0.753179285016177	0.939820176376454	0.880994992172601	0.948859843865576	0.721438137962044	0.0551726808539597	0.971589660887633	0.660754421657989	0.879373872893836	0.0423500598688452	0.323281691133709	0.431406807240046	-0.585722544556591	0.220598917964853	-0.834624727129949	-0.106014959557673	-0.327327426720603	0.918503630608324	-0.109790706035511	0.93759953237727	0.631776319186967	0.818053691445807	-0.256831664778828	0.817841823001227	0.948956867622505	0.963094837007189	0.932623055595121	-0.133850008765404	-0.868932566038469	0.878940150757637	-0.151162227353162	0.71604244363549	-0.801246088300702	-0.942780488993295	-0.105856947252686	0.585977964565137	-0.673871346401435	0.950029921086787	0.463247238024222	-0.0139472404703965	-0.618086153257611	0.891195039288977	-0.716965041373465	0.38725322303602	0.0691740568878152	-0.0277244531689585	-0.563476500354675	-0.0185640839856156	0.913991300040026	-0.832598392640487	-0.769625755281367	0.678231698629822	0.902385640599176	0.0366027626538131	-0.83026231206044	-0.735437869180603	-0.838619717787676	-0.263794648936221	-0.759896612342268	0.940928519964307	-0.867843058974172	-0.617233792865238	-0.753565171880745	0.488636639851624	-0.858485134024462	-0.728693720203848
PTPRC	0.891397295412366	0.82383387750628	0.935161403245009	0.985097466142422	0.816492220857316	0.919727369778725	0.459869573185797	0.887686061448387	1	0.684756340362824	0.926033121963861	-0.596386437125908	0.743002215147971	0.650807919830842	-0.769652363026983	0.960355039975214	0.736208647819247	0.829234856443518	0.880394146130704	0.904556052613595	0.892029855988193	0.227435061447096	0.960437819923909	0.878776915853968	0.766492957908118	0.0115527252185789	0.196068409896271	0.633014902069223	-0.480791532838531	0.393404686456574	-0.867848363599604	0.258594524946337	-0.191203415196713	0.884504063445634	-0.00276869278187555	0.930923281036346	0.548544721389995	0.637528466151307	-0.10905315846812	0.561367172418683	0.967994525286446	0.795150542312204	0.714054768078161	0.143396374711953	-0.771149472708175	0.61634151865647	-0.0117756016127667	0.639147380466047	-0.770655248842671	-0.881812139847299	0.0123288463560366	0.709279326645794	-0.774298578820496	0.874442709105183	0.783157358543744	-0.135598559151645	-0.701400271883586	0.909380242991197	-0.705366336269377	0.0233783528143401	-0.255903319658376	0.0903757145031695	-0.509857686147997	-0.138762348582809	0.942171369777479	-0.79059937411088	-0.699806576596427	0.688469140986398	0.912892874422759	-0.0584531133929461	-0.805904059984126	-0.733268296606448	-0.8281217956691	-0.165316746064079	-0.679404395964908	0.79106526646138	-0.815385813289237	-0.617701551396267	-0.79590076999208	0.597286699119543	-0.852402433264618	-0.690315793539982
CD7	0.799744233329141	0.889136689059225	0.765504478659585	0.692870979310633	0.582315766171958	0.864352987826522	0.252754987567937	0.898726438145526	0.684756340362824	1	0.459437172793794	-0.672115019631496	0.695943544528656	-0.0530650862177628	-0.51697369243451	0.787774661664357	0.72136593668925	0.834066509098745	0.801840513911246	0.791093754070135	0.426225411742132	-0.0859937386485159	0.817213209828748	0.407922600351684	0.86854202946863	0.0820635085978164	0.394678908836922	0.121864304679194	-0.518269694133774	0.171799101797452	-0.723565591978189	-0.348507540115872	-0.367574227162454	0.727222403912387	-0.114681037738146	0.850438199685786	0.716599027126583	0.944266860534608	-0.303950175947931	0.765859850889566	0.779911910415204	0.924142625381138	0.978769067410091	-0.173820251988956	-0.819236318564869	0.974195234579249	-0.1771628042803	0.81571147093417	-0.716472865876955	-0.884288999655089	-0.142147538401517	0.532041162746122	-0.533560000042243	0.932153888671988	0.201724075729518	0.139500740153317	-0.507158833519114	0.767149832178727	-0.627350163503408	0.617351652100279	0.336612771909519	-0.0811340487602408	-0.497580410887824	0.1625320670761	0.671421025638124	-0.737719041119208	-0.742067154159647	0.507339179193468	0.769684400610124	0.0780816601499459	-0.734833890523547	-0.628082445483747	-0.702725597949256	-0.310032158679765	-0.701940870689481	0.965876747794536	-0.788781800545791	-0.53211127747245	-0.65800675075602	0.401897128650499	-0.749042541008665	-0.670081444581526
ITGA4	0.803348855974455	0.701638882996666	0.864605209523085	0.911851171608084	0.775139977919098	0.774463783517668	0.505751300926287	0.710038846061849	0.926033121963861	0.459437172793794	1	-0.523409043605609	0.749855934896069	0.763776250552933	-0.744858801144937	0.847854025491831	0.690714323376849	0.653916238292259	0.813313470725206	0.777093366520818	0.857623491817656	0.379147927701068	0.822983481672839	0.950281784168528	0.571831638515583	0.093347243336629	0.177229819490285	0.721221786374166	-0.3143041602551	0.531801540587225	-0.789985481939956	0.395145034346301	-0.00104083441607703	0.787050837478198	0.157789201561367	0.796755296938544	0.524557986524416	0.447584171277062	0.132698457935867	0.355961045881783	0.83735588705629	0.573408876010585	0.491579669107099	0.414191318002355	-0.571770601121372	0.383793171085402	0.198741722447733	0.515711436316391	-0.647267495798914	-0.736663042221699	0.18466438554462	0.594067277883388	-0.681448200667986	0.712046381158577	0.908882040465108	-0.0905636117185172	-0.675300386806852	0.739635759274205	-0.563189267679638	-0.217783893792245	-0.458106644655387	0.0602261195960338	-0.481062825914726	-0.150561841153645	0.842928276670627	-0.663174904467858	-0.583335745809547	0.710720060582555	0.802001970965789	0.0075540069584873	-0.734846273811971	-0.694232848141946	-0.750182798916406	0.00583636098813986	-0.574391462338637	0.605845467865163	-0.700413556970097	-0.533249050802083	-0.65434169703374	0.566289254250804	-0.732224934332795	-0.553303495579687
ITGB1	-0.660036149402015	-0.806410124625196	-0.629831214505071	-0.558040329513584	-0.712413058538457	-0.722503430366391	-0.589309431969871	-0.702955355364367	-0.596386437125908	-0.672115019631496	-0.523409043605609	1	-0.815869696386912	-0.132863442521287	0.838626988159517	-0.667757974230149	-0.724442314101372	-0.608536848861122	-0.779219305806022	-0.697204922016712	-0.32715290826777	-0.308150193949604	-0.650339578516855	-0.537405109668135	-0.619581540880301	-0.412606527553486	-0.500018356852093	-0.445506907218221	0.765856115105667	-0.422393049860178	0.824266648566903	0.476851165916043	-0.101895863101247	-0.722500165977989	-0.27206870550386	-0.64490511785537	-0.690226401862828	-0.643698962249147	0.25633141893285	-0.716075557267523	-0.63005019018717	-0.697719103458023	-0.670610111059679	-0.108817872431189	0.786866555571735	-0.742314961026534	-0.190753764994903	-0.481013229561331	0.914309860823252	0.810742795255449	-0.266024323561767	-0.159733441460759	0.742503205223279	-0.705953859492149	-0.330768233362559	-0.358701955486304	0.811617513344255	-0.490502594060951	0.840421900017926	-0.137115213986993	0.255609033625188	0.485127755430956	0.935555450314451	0.324044401588596	-0.597033967174931	0.929725475253326	0.947329901680433	-0.654110772183617	-0.573327076559671	-0.456786412804668	0.93898832122738	0.917376756086138	0.887473633246756	-0.141586534506358	0.942666342296512	-0.732936451758216	0.913996647571697	0.873817352757548	0.657252546851546	0.143752367315736	0.883899286622661	0.866607613108518
CD8A	0.837292031440543	0.906324121924471	0.802250427792591	0.721282579886286	0.854436906186003	0.814386581830299	0.721475181780445	0.77679669938494	0.743002215147971	0.695943544528656	0.749855934896069	-0.815869696386912	1	0.316986650197418	-0.797912999311943	0.792815027787888	0.904880157473274	0.703152177271575	0.919728659289049	0.848715570717351	0.49774403731728	0.502399991029872	0.747155585054899	0.783649575517802	0.675909704718999	0.493361140611525	0.667344424371994	0.593232457647837	-0.564211424760229	0.627840438932731	-0.802676237242164	-0.225087452876208	0.211708714468498	0.816588921544497	0.428381784477417	0.774115370024559	0.834188071283386	0.671212672876108	0.148765109519545	0.700948934501848	0.714543272079748	0.68561451707896	0.691450638508448	0.358632948384198	-0.61627463783745	0.714300818079622	0.39233676853097	0.682974489848687	-0.812195421523275	-0.792591025275965	0.415655685396727	0.224683370804657	-0.67533930227632	0.778661186228061	0.585523955630225	0.3781405766474	-0.805176374292672	0.574919856237699	-0.654168583640004	0.214973339240943	-0.279212835124229	-0.183781302407671	-0.725214327291949	0.0699797656660836	0.681362499215409	-0.823221030409289	-0.813466105198362	0.821869174942536	0.686745515183993	0.486715227616797	-0.885932436759795	-0.797428387873602	-0.862321003278382	0.24441033587205	-0.838338357326766	0.791610218725976	-0.794240283703432	-0.747435216648714	-0.509976820162526	0.224777905285842	-0.764649796771108	-0.762455382594061
CD8B	0.364476134498968	0.200127415730305	0.497923422686453	0.646613990459492	0.606776441079628	0.389410142342543	0.379221817727933	0.328514110296583	0.650807919830842	-0.0530650862177628	0.763776250552933	-0.132863442521287	0.316986650197418	1	-0.484436349596764	0.53430931267758	0.238218636754223	0.403255915565734	0.338443587363333	0.481732150037782	0.835994288604759	0.361241398383054	0.493971598274637	0.794537225735947	0.274354842073764	-0.0785705689454038	-0.15427516682518	0.75546758316935	-0.160258629822824	0.25920218067364	-0.398036947540494	0.647473310137704	0.0573600017449315	0.517760902852922	0.0406726676282031	0.358414368591047	-0.0372061179464367	-0.149193949408109	0.114395257816729	0.0801782332414969	0.547716875144337	0.203720365664327	-0.000673859076746089	0.264741457052936	-0.220763977693115	-0.120274463593076	0.083266924491126	-0.0691377299134705	-0.313688645682888	-0.29195339496482	0.104049713218679	0.362746867261643	-0.448003004991358	0.236294210752035	0.791453221610558	-0.316245011142138	-0.34173960597168	0.397916164808154	-0.321961499419175	-0.605024929148657	-0.560311489502543	0.135424864565377	-0.234673586137657	-0.39800583086646	0.637610666449151	-0.318408636756144	-0.178828466849542	0.407400574965243	0.49055924805886	-0.15822049709788	-0.357529313163113	-0.38793196254087	-0.44171263681167	0.078773440810134	-0.213064271481256	0.0795514222647025	-0.323903384641636	-0.258033748810339	-0.373018525639719	0.369091919233772	-0.397474012362168	-0.218786619425675
CD47	-0.752621698205626	-0.787066467592336	-0.789829789389243	-0.732981144164711	-0.834623406007795	-0.78707342179626	-0.741063625678469	-0.66848602425834	-0.769652363026983	-0.51697369243451	-0.744858801144937	0.838626988159517	-0.797912999311943	-0.484436349596764	1	-0.724966755473843	-0.819577915897481	-0.567614171394002	-0.85156037854452	-0.761296456611377	-0.552424000667218	-0.578135194654966	-0.712358805709151	-0.810694368809506	-0.560001502126082	-0.467816390544636	-0.516852417597324	-0.75766971920734	0.722206919169351	-0.66379747073125	0.832363234384633	0.107257415215934	-0.288248945956547	-0.76960218002617	-0.444934724929608	-0.73420666888304	-0.682190567118111	-0.524033768137038	0.0434645575899398	-0.56320615804763	-0.701716099128527	-0.623894650845282	-0.523984409322578	-0.38378637272749	0.698883265032479	-0.550587252175157	-0.382564960281719	-0.508056363292147	0.944348266929536	0.767071581456247	-0.444739101756781	-0.326390254247617	0.94186987721779	-0.701181449013315	-0.681610386649589	-0.267890350010663	0.952361556972529	-0.573171174997987	0.876181586746554	0.0768668439519012	0.573802443908101	0.240048337856517	0.824123441638387	0.284539732691566	-0.681071260958177	0.916541058455811	0.905648626450726	-0.708881617616603	-0.608361922900861	-0.422652195167571	0.928137865008025	0.880956806002112	0.900546720324341	-0.293660604601717	0.91787762199408	-0.655836186318059	0.852496296156844	0.927716964611925	0.694875746471753	-0.044596217309296	0.89108138028053	0.916470221747168
CD3G	0.909332240839847	0.884021733107861	0.904931753929802	0.945931802295041	0.844346355794449	0.951877877361634	0.44068966924407	0.966379334216396	0.960355039975214	0.787774661664357	0.847854025491831	-0.667757974230149	0.792815027787888	0.53430931267758	-0.724966755473843	1	0.751531391581849	0.91377519776642	0.890436375120078	0.95470048235388	0.842563320800103	0.14507033439254	0.988399239452434	0.801180368977821	0.828057556578747	0.0171788256883091	0.251712626582801	0.557076637728041	-0.542800193422685	0.284402959299628	-0.866551818109824	0.0753930478978349	-0.268899990118839	0.930082113039011	-0.0694025980166139	0.937701949405313	0.587297648224232	0.711100709623943	-0.180847581019138	0.723073564968399	0.985297183726981	0.898563648696684	0.831857647930409	0.00195629646745522	-0.828144198139058	0.749884235330617	-0.091178475610276	0.655558031707328	-0.794124189459143	-0.923227847639536	-0.053340299931595	0.631472506840846	-0.715278002476556	0.916136026572681	0.626412185085338	-0.0926516465744917	-0.653243700173267	0.89536719092567	-0.71322532654227	0.179041642975063	-0.110242515724926	0.00591382640735841	-0.561949980261373	-0.104395821886257	0.969197098251012	-0.820019560262371	-0.734653593429088	0.708845955662066	0.934822834955914	-0.0110540674453558	-0.836131159233737	-0.756888962921621	-0.857223043587808	-0.211696705768253	-0.728995134183437	0.868088558732601	-0.861001429268825	-0.616389581507426	-0.778979763610777	0.546741955889801	-0.866581644031997	-0.701811260306019
CD28	0.903041924037655	0.923468556424256	0.825878691311416	0.73858393451425	0.785977979774422	0.8456642714473	0.719247859227573	0.753179285016177	0.736208647819247	0.72136593668925	0.690714323376849	-0.724442314101372	0.904880157473274	0.238218636754223	-0.819577915897481	0.751531391581849	1	0.6342781804109	0.937259265052579	0.812595899806724	0.436027731809839	0.537328455788143	0.724671619964593	0.749676042526977	0.623528883993379	0.53974012227286	0.744063543098076	0.590313929589546	-0.525729151835017	0.687694012353782	-0.757217242627484	-0.243010771971723	0.260602609692488	0.797131451900476	0.476440087586053	0.816662548782335	0.899179598218897	0.742078788123856	0.178474279393531	0.680357847612254	0.692776801994016	0.709944864895623	0.714679629894529	0.390017020546293	-0.595095948725575	0.747298089719255	0.441415933897055	0.798478591414712	-0.819823104108678	-0.773240487883718	0.459678635109595	0.290116032038206	-0.740371346619099	0.817822525935438	0.560571904107186	0.416427697622513	-0.835659483403235	0.590943504927599	-0.649327229305475	0.314741276917125	-0.258927525711134	-0.087016439203722	-0.621613854361279	0.23644117091015	0.629983392028202	-0.805427402126884	-0.800078777481242	0.792831478262211	0.639587745887865	0.509148023202164	-0.840942123250632	-0.722648023913187	-0.829132564916873	0.260532624448617	-0.847377471245168	0.836418658459028	-0.733257903408776	-0.7511572024045	-0.501267899774452	0.295627966908663	-0.737489817682527	-0.806452344295171
KLRD1	0.79408895431951	0.798772068512385	0.810093773637356	0.834162322349371	0.800176190615548	0.888700211285636	0.348333137781943	0.939820176376454	0.829234856443518	0.834066509098745	0.653916238292259	-0.608536848861122	0.703152177271575	0.403255915565734	-0.567614171394002	0.91377519776642	0.6342781804109	1	0.754355649994685	0.930993022870955	0.756726119756466	-0.000103920040739477	0.912662298674601	0.636679820537257	0.954496022247128	-0.0175469607154621	0.228014227696872	0.434453205906396	-0.550509049610869	0.101602419828844	-0.725394798758184	-0.0739369523574019	-0.36915981951408	0.891858565443698	-0.204581029876223	0.82185272991097	0.47032901986623	0.66726487557203	-0.287038685906832	0.783314140140023	0.898297958423186	0.917049824520453	0.845361133661609	-0.235870316291643	-0.79777126974704	0.798749851540084	-0.241362472198674	0.536998934217462	-0.707799139680587	-0.852302649141738	-0.184140451448718	0.502889406682026	-0.574091342390601	0.85112680995608	0.410556386240704	-0.0581503738915621	-0.486049813603087	0.787201926590275	-0.651435645922739	0.304229227339946	0.167144538874336	-0.0160934560381395	-0.510095754176752	-0.0744737315606716	0.889979786993149	-0.746114651929728	-0.65839748961574	0.608022320145223	0.846061997108082	-0.0188322153822278	-0.740838932973514	-0.674638308401083	-0.782887539654932	-0.291221516253169	-0.667058672516588	0.827467880895863	-0.786084260730615	-0.508482589160304	-0.677003897324818	0.453605791757301	-0.780761431460714	-0.622484099380382
CXCR4	0.956909340761157	0.967290667567955	0.92542389958953	0.855595546677904	0.826669655514904	0.936487343690979	0.600848522622817	0.880994992172601	0.880394146130704	0.801840513911246	0.813313470725206	-0.779219305806022	0.919728659289049	0.338443587363333	-0.85156037854452	0.890436375120078	0.937259265052579	0.754355649994685	1	0.89996353159418	0.618115072724577	0.377176855856802	0.884380140768092	0.803252351014122	0.737983600053491	0.332248043780147	0.558480632622998	0.580009602747807	-0.574635562327955	0.589220478572146	-0.893362812113353	-0.0916887974553637	0.0338686978261656	0.860902389391802	0.278182972028479	0.94311665364872	0.855412592057391	0.814056430905285	0.0124549818886741	0.678877980024483	0.853662854732883	0.814474010328661	0.805891243176894	0.306103857236525	-0.767211899981687	0.790034723428273	0.246667214562841	0.832163914878503	-0.880223530812551	-0.913192047648575	0.258863806071781	0.509851085661653	-0.80833249730456	0.923534653055747	0.65227357771764	0.197816008690505	-0.853283050138961	0.787819507515269	-0.746382758058277	0.273857865435385	-0.253657369480491	-0.0448524331412653	-0.647042647179448	0.0732407689892113	0.796043690093938	-0.876934289231456	-0.858010070224966	0.793940602647141	0.801914244975943	0.288727134644257	-0.907818321708149	-0.793731360426187	-0.877617640174131	0.0424193425558378	-0.855336561508024	0.910974507128658	-0.86296477985779	-0.771410246237979	-0.708122428166236	0.412734231981706	-0.865482746920372	-0.838061966540121
IL2RG	0.908309145521096	0.900452026481549	0.887238780456602	0.883629687952175	0.926707759367854	0.947369071573491	0.564129670156475	0.948859843865576	0.904556052613595	0.791093754070135	0.777093366520818	-0.697204922016712	0.848715570717351	0.481732150037782	-0.761296456611377	0.95470048235388	0.812595899806724	0.930993022870955	0.89996353159418	1	0.771017590093671	0.273090037022687	0.941006185218192	0.799177044428968	0.874673850393057	0.193207531893758	0.445119328222562	0.621934685206673	-0.643464785641689	0.370850834251145	-0.826064210708715	-0.0384967159984869	-0.112346354922507	0.949017858569757	0.0730678338381538	0.897596647241558	0.640781021211786	0.687200535867951	-0.108798551650875	0.794763145656717	0.919454931181505	0.884123106693616	0.812181503516527	0.0102411613271436	-0.782847906384064	0.781908237789539	0.0326874106222396	0.657287818274614	-0.832266075318692	-0.884868673040248	0.0807948412474497	0.471850231645804	-0.749571799703713	0.884454913187248	0.596424569075304	0.0578182978978244	-0.717730929863585	0.812108087866711	-0.741557364553867	0.266629207682794	-0.118457893350866	0.0415120904301537	-0.585613304447218	-0.0150982418372267	0.908563523234176	-0.849635277643082	-0.769013791274792	0.764849710902867	0.851675937597667	0.176178574944673	-0.848057647503074	-0.738154632797401	-0.870606193503364	-0.0661032133790837	-0.793367058167698	0.862403663037764	-0.832488755288619	-0.696446315263598	-0.688416781100664	0.430172488476994	-0.837212025276383	-0.779232102768257
ADGRE5	0.680821980521243	0.531876832645547	0.775076928928427	0.883639764433091	0.739141440933645	0.724817296239165	0.265088219693509	0.721438137962044	0.892029855988193	0.426225411742132	0.857623491817656	-0.32715290826777	0.49774403731728	0.835994288604759	-0.552424000667218	0.842563320800103	0.436027731809839	0.756726119756466	0.618115072724577	0.771017590093671	1	0.0963980045163706	0.840980831074116	0.818414545148836	0.660459504738206	-0.225414433629292	-0.106901466833362	0.629673855782387	-0.297945575482903	0.157974727728261	-0.676053164171775	0.530781100820026	-0.308146496133333	0.756291387146011	-0.210513037033001	0.72729609331136	0.229924110974725	0.321707892060296	-0.120675282710727	0.359642396160212	0.865789358229481	0.623521391877252	0.471355123991481	0.046823240460374	-0.597638095025941	0.334021241919623	-0.186246153816195	0.323240960575352	-0.524601593484421	-0.664566230926523	-0.174688464443526	0.685097894287818	-0.567365104332897	0.649272758252713	0.767375255720585	-0.394947772800938	-0.430190923370406	0.774651031025114	-0.503791580316835	-0.203037894223085	-0.235370037606879	0.214423452060947	-0.295885664903624	-0.259879302222586	0.899454663401615	-0.544323028341302	-0.407120181097235	0.537388986769633	0.820110652170672	-0.301955206356718	-0.561362439070002	-0.528808125978212	-0.621976951398915	-0.276802656105213	-0.401708990110608	0.516013178729316	-0.603769612509623	-0.353449444116083	-0.657026039085295	0.642275399568216	-0.647515274177308	-0.414151593677791
CD4	0.273346857697354	0.300593759599588	0.315663512365157	0.214809393069273	0.504028112250893	0.246563626220145	0.902357703304727	0.0551726808539597	0.227435061447096	-0.0859937386485159	0.379147927701068	-0.308150193949604	0.502399991029872	0.361241398383054	-0.578135194654966	0.14507033439254	0.537328455788143	-0.000103920040739477	0.377176855856802	0.273090037022687	0.0963980045163706	1	0.0853216071430118	0.5560820404558	-0.0362345391987716	0.864270223226863	0.719536561223552	0.753575605543262	-0.191643939857542	0.866894305692216	-0.157934213590352	-0.0700262610323512	0.8923039008344	0.313897589517117	0.930756461321547	0.161847281075039	0.430284358890009	-0.0252933462682771	0.677501920069402	0.215475256970453	0.055820580911333	-0.0231578544445956	-0.0816384258670606	0.670961452901814	0.146971837624301	-0.0194814190145837	0.914731068015362	0.125915134088037	-0.36982382218079	-0.0376129090826777	0.952797995083181	-0.275803033585537	-0.410118055545292	0.0630121082549518	0.518266275102634	0.671976901874376	-0.577607713243556	-0.0648951496925504	-0.205015939450615	-0.143641874660309	-0.64982039350766	-0.183936158976045	-0.404437221357942	0.146437458431269	0.0822911147592557	-0.329350873332582	-0.349014582902147	0.543040080073833	-0.0250479118025566	0.7929956357561	-0.400213377622183	-0.381479742806154	-0.422550694983209	0.909574233660279	-0.452253465386814	0.0606896355265594	-0.154756813855489	-0.473394100885038	0.145204816421774	-0.119272454845356	-0.205133098687145	-0.396353882552796
CD2	0.903538904502134	0.874478039614151	0.920738958069383	0.944579876325545	0.812359109689196	0.961471911376039	0.373791788974878	0.971589660887633	0.960437819923909	0.817213209828748	0.822983481672839	-0.650339578516855	0.747155585054899	0.493971598274637	-0.712358805709151	0.988399239452434	0.724671619964593	0.912662298674601	0.884380140768092	0.941006185218192	0.840980831074116	0.0853216071430118	1	0.763638295673575	0.847719631393498	-0.0245317980407701	0.215386240363015	0.516754277954533	-0.535023010955155	0.268393361210185	-0.863183631021481	0.0985198222635658	-0.331367544455379	0.910686057338606	-0.118603725775637	0.958659686809079	0.59036375820566	0.750839772438014	-0.224465465759466	0.691335652984581	0.988096772646621	0.914557638164458	0.852051263964752	-0.022402084446949	-0.858877137189631	0.765701983586001	-0.140260769233035	0.6814791211771	-0.790791065029874	-0.938529051907814	-0.109951769241427	0.70499666172741	-0.72386471529339	0.938407479145776	0.621657245503904	-0.124479223023538	-0.638010874572251	0.932842804903838	-0.72564623573296	0.219801682553144	-0.0579785498286381	0.0324197832483432	-0.533652133268739	-0.0961753901181734	0.959095702222732	-0.810943192402585	-0.741345957013423	0.663505509779345	0.943808251674639	-0.0686544092673794	-0.824254907304001	-0.742254993955513	-0.830143377826793	-0.278781102625745	-0.714766616946922	0.884382487086738	-0.868018525950526	-0.60391808700557	-0.812894813940777	0.57336042704409	-0.87535047234863	-0.703780898061777
CD247	0.779033661313238	0.694379282742972	0.846604566154981	0.876123313827953	0.869899552860705	0.758007868458337	0.667050778954548	0.660754421657989	0.878776915853968	0.407922600351684	0.950281784168528	-0.537405109668135	0.783649575517802	0.794537225735947	-0.810694368809506	0.801180368977821	0.749676042526977	0.636679820537257	0.803252351014122	0.799177044428968	0.818414545148836	0.5560820404558	0.763638295673575	1	0.567123559191737	0.264551193004736	0.338548532550015	0.829711832547019	-0.399721933387577	0.616272424426319	-0.749603786712829	0.31695498095074	0.194383561113659	0.791313202980998	0.32967223431805	0.733647144901575	0.553784068201239	0.363427218185758	0.21327929690772	0.411347018061221	0.7781534578631	0.539856104353373	0.425523382552839	0.464531634744799	-0.501082172127442	0.3615883154902	0.337930688082589	0.464918474669945	-0.691555190528808	-0.673488414588015	0.351273258882995	0.445393637535011	-0.727282949805829	0.656557042919526	0.904516594062971	0.0446152274125391	-0.732590416139705	0.6255048520697	-0.592598284874482	-0.237031428054579	-0.533904751678338	0.0464670174852605	-0.53170604343185	-0.11236570342851	0.784264450700245	-0.68972778921062	-0.602849030595757	0.734281470727996	0.723746068981563	0.17992020207119	-0.750821051351453	-0.698729816186318	-0.785097991871041	0.202969414571339	-0.634679869807577	0.55639314021845	-0.667996136650744	-0.613593714056401	-0.556595676549126	0.446273074945286	-0.705069852548692	-0.613871655200423
KLRC1	0.752439979637118	0.778848451975196	0.802300132697199	0.770048024102388	0.737857969720765	0.848658083054853	0.30219306804497	0.879373872893836	0.766492957908118	0.86854202946863	0.571831638515583	-0.619581540880301	0.675909704718999	0.274354842073764	-0.560001502126082	0.828057556578747	0.623528883993379	0.954496022247128	0.737983600053491	0.874673850393057	0.660459504738206	-0.0362345391987716	0.847719631393498	0.567123559191737	1	0.00471164031751308	0.251846508022036	0.33557931422126	-0.570375895548907	0.123894948330836	-0.73078842271324	-0.126335853734847	-0.354664649105181	0.79565459120253	-0.18100103897531	0.794008480774338	0.514667682471279	0.706975441826693	-0.333072596095533	0.703805190584774	0.82882251162155	0.878074378491138	0.829488334314898	-0.203336900946423	-0.804002999225209	0.81840834616831	-0.235034291042114	0.586384611919194	-0.715993531185499	-0.843542454148964	-0.184648941361497	0.509822130047592	-0.587498664651213	0.849300436108293	0.364776767612159	-0.010948792851596	-0.508559681715811	0.740494435705221	-0.671873433188091	0.34133816184021	0.214684178766256	0.0072654586540316	-0.502647625816055	-0.0570776334209873	0.778227639867331	-0.742394498810095	-0.680235858713587	0.540053320209198	0.782967638813875	-0.0112504859137196	-0.722364190129899	-0.642910837835676	-0.73903792724526	-0.303663623790962	-0.666167362604872	0.827309989594084	-0.774039170401269	-0.532750138540583	-0.687043147987806	0.392083246506791	-0.765628659075147	-0.652972970761949
LAIR1	0.208482690532093	0.339269733596717	0.20107409205306	0.0041203068726375	0.377485087425253	0.210869507705944	0.822656700868865	0.0423500598688452	0.0115527252185789	0.0820635085978164	0.093347243336629	-0.412606527553486	0.493361140611525	-0.0785705689454038	-0.467816390544636	0.0171788256883091	0.53974012227286	-0.0175469607154621	0.332248043780147	0.193207531893758	-0.225414433629292	0.864270223226863	-0.0245317980407701	0.264551193004736	0.00471164031751308	1	0.883341560866783	0.49309260806556	-0.24417196756964	0.803279230032007	-0.0589716006865683	-0.49449803932217	0.852410984108018	0.23590910629115	0.923569089440794	0.0889032434704666	0.555070393113857	0.148552415368577	0.590710378147555	0.343086615976436	-0.0902337306670456	0.0453718420511346	0.0585095618085105	0.511093367595998	0.120088823899525	0.191968312227794	0.890991359736194	0.196372109509632	-0.363705944847493	-0.0333349474008813	0.933163568358581	-0.440721453992475	-0.289220779852437	0.0799208682124077	0.166782695038313	0.925759436088756	-0.495887177059943	-0.196273814943348	-0.187831423230742	0.191803122382914	-0.332208717859787	-0.360997498818742	-0.457163573925201	0.286513611725103	-0.0970669032289218	-0.323295644020061	-0.417616457027085	0.470458198071814	-0.150874583474011	0.968382519563559	-0.395187170280309	-0.365934530489238	-0.368472482824266	0.892094141501727	-0.5139199228862	0.15140121238274	-0.166547200407211	-0.462490532381488	0.234482696770791	-0.317650962312091	-0.16666615412911	-0.418246869339947
