""	CD3D	CD3G	CD8A	KLRD1	KLRK1	CD44	CD247	CD69	LAG3	CD8B	SIGIRR	ITGA4	CD2	IFITM1	PTGER4	PTPRC	CXCR4	KLRC1	CXCR6	CCR5	CD47	TNFRSF14	IL2RG	CD4	CD226	ADGRE5	ITGB2	CCR4	TNFRSF1A	ITGB1	TGFBR3	ADRB2	CD28	TNFRSF1B	CD5	ICOS	CD46	CXCR3	S1PR4	LDLR	F2R	TRADD	CTLA4	ADCY7	SORL1	PILRB	CLEC2D	RACK1	FAS	SPN	SLC1A5	HAVCR2	DPP4	ITGAL	TSPAN5	CD96	TIGIT	TFRC	TNFRSF13C	NOTCH1	SEMA4C	SIRPG	PTGDR	IGF2R	PDCD1	CD81	CRTAM	JMJD6	PTGER2	HLA.DPB1	LPP	STX4	TSPAN14	SLC16A1	CD82	CD63	C1QBP	VSIR	KLRB1	LRP10	CD74	PTPRA	ATP5F1B	RPSA	CANX	LAMP1	CADM1	ERAP1	APLP2	HLA.DPA1	SMAP1
CD3D	1	0.994726199413124	0.957066132747115	0.954190379244693	0.992194001993804	0.973330378063053	0.975570829386126	0.968350259840259	0.895340485297458	0.977567797159187	0.974435256415191	0.702055139340006	0.995268925076773	0.922574980042912	0.937537476394808	0.901906099530128	0.955583789956202	0.896675267898928	0.915226253948336	0.363437441721099	0.755653768675689	0.744660083463885	0.96618869522058	0.196324566590921	0.905859681738927	0.985586784722184	0.60736260600688	0.90532779401396	-0.141586088666357	0.748761524121143	0.911613327708082	0.523588342796906	0.690317708756954	0.587454096960922	0.918168571515667	0.887763805673511	0.305791311675601	0.85492632764271	0.8575408861337	0.839836291420601	0.809126858040666	0.814222302220726	0.162356928240307	0.528617461133628	-0.179162621159116	0.56113639255701	0.989875707478651	0.828447652703469	0.839271564610552	0.703112688216375	-0.371567642506281	-0.118667476630076	0.912041891723329	0.816687531136324	0.945609060163558	-0.000957644313388141	0.74230069989605	0.344690836986237	-0.667574302531212	0.822020233384914	0.855807894531195	0.920745117161195	0.893222363018982	0.872036445411924	0.701781720127572	-0.358892587098283	0.0972268275446524	0.760752978709795	0.893572966704464	-0.440292030544168	0.123744202377689	0.452534989540606	0.171189613504926	0.873839852595613	-0.279702073586631	-0.312545723484819	0.324038168475382	-0.658723542943196	0.924991922799991	0.770794861692877	-0.537177319992047	0.714412047978208	0.267878858770103	0.93062617104963	-0.136455648241079	-0.0143039054166429	-0.451859134491882	0.521407196520489	-0.204448438140669	-0.463780860144827	0.472856044045151
CD3G	0.994726199413124	1	0.933853877455571	0.969399096826842	0.986820341042938	0.989793231523859	0.964694970395591	0.985311116619377	0.885484352057342	0.976747779983954	0.974623169219391	0.67869249271497	0.989465182123261	0.914850999577293	0.952043154400122	0.881943456232811	0.95827176142103	0.907669011750794	0.918814440244335	0.298067600688512	0.756368299482032	0.730759788983704	0.946005446680208	0.158926314782917	0.901867596234123	0.991013275012312	0.576869549562602	0.904046479882717	-0.142607041948624	0.761155090979454	0.92042213938071	0.513445390331644	0.674479768799813	0.558746112244298	0.91617371752184	0.897537474566294	0.342622578570591	0.837891655962085	0.856212898306825	0.852574549197245	0.785855063011178	0.79640610688565	0.11737403070563	0.552793861368808	-0.179883878978814	0.576619554086118	0.985214775675404	0.810375298879873	0.875681046981935	0.75374449916705	-0.40095443860455	-0.0897327184654434	0.944976653514824	0.797817113166666	0.951011628247236	-0.0485992587847432	0.692096419162293	0.374141182743207	-0.718239783942324	0.810869048463662	0.896644905066149	0.92104561410096	0.909387448246684	0.87581069375673	0.635076070830962	-0.381455324846216	0.027620312901234	0.775837017661256	0.915542435290579	-0.467578255527424	0.11865135762271	0.503013429201706	0.195334953882292	0.890104884482994	-0.276189220772945	-0.344840368018	0.293632013291472	-0.668850298618341	0.953409080009027	0.793053578633344	-0.563341554387786	0.715461389428642	0.248586154450106	0.925310458461821	-0.165448414268878	-0.0592379914421564	-0.478419248113157	0.510557079762077	-0.223769876329688	-0.48623001235415	0.452774592073646
CD8A	0.957066132747115	0.933853877455571	1	0.900348279661449	0.941856997158111	0.895333100418627	0.975918618531497	0.907933380370221	0.917573146808092	0.932189026437645	0.887063363350515	0.606735900193301	0.970023160511657	0.916406858555152	0.82106961702748	0.87071767516528	0.914890391518318	0.778420101579871	0.787902654512571	0.591812061536893	0.602035127131687	0.619581243749012	0.927663973914284	0.362535776595385	0.792803415034725	0.901079192427027	0.723335735396826	0.783793191063219	0.0358239458900384	0.623816809873469	0.883317370641234	0.389007614986912	0.579142963115052	0.584722683033132	0.870546908805977	0.771879408155597	0.0890209825451383	0.788643406249463	0.878123692158045	0.685003390112943	0.735855959109469	0.857734247331583	0.359690428945217	0.306393717290915	-0.157198200030943	0.367526975511385	0.964144226040439	0.869259004836956	0.686272354076881	0.623004558242596	-0.362317505503497	-0.278700714156158	0.830725627263877	0.727681963339432	0.877804607487087	0.249132289855786	0.756301988011315	0.148143075135054	-0.490657131093078	0.789651740757544	0.707927489664988	0.830288942759818	0.852470469524212	0.786077512064049	0.834048924010169	-0.317462917285869	0.179071438830113	0.641227580585134	0.847369573879103	-0.284698231695257	-0.028869768669171	0.217978808532226	-0.00519931992831918	0.805476069690108	-0.293223874902922	-0.193654967778579	0.413516871776782	-0.660130111271788	0.825671944875577	0.762951927178662	-0.420505685240835	0.607709344180133	0.219044530188942	0.932239808044221	-0.16803417433528	0.0857972881658421	-0.474934342797539	0.390648525325684	-0.229139184366088	-0.32475896335344	0.404196410686799
KLRD1	0.954190379244693	0.969399096826842	0.900348279661449	1	0.94669016830793	0.986042084434147	0.905907757728691	0.98736657669118	0.932461519593739	0.981782886712635	0.946222108308175	0.555557509938719	0.955546662087173	0.834075647430529	0.900953201786561	0.816549104018318	0.942031657419056	0.872708985694477	0.860412216560066	0.282687778674301	0.709334024744829	0.676610138498094	0.889290192677351	0.139004882777843	0.80668254866678	0.953425864025914	0.523270471255295	0.840973134767639	-0.0357026020537296	0.707175232101728	0.871219119545516	0.457909941427248	0.554481010085375	0.524256072953793	0.815371945038557	0.834966630051433	0.317618625303754	0.722071263039966	0.918225920256841	0.798122627110373	0.668106415538823	0.816397270327984	-0.0018392713616208	0.4910800901633	-0.17544404451674	0.607068031382737	0.969107683567362	0.751490756584763	0.847540196489625	0.864399813897561	-0.455697355431627	-0.0230959648266472	0.976076454189695	0.739990736827888	0.908014232400166	-0.102551581886259	0.54116373669326	0.371400381540135	-0.748062808393088	0.791428113997132	0.881032057664546	0.852415488760795	0.97435475853308	0.868486376929121	0.559779866392498	-0.429161017249513	-0.150510989233299	0.80102290040215	0.945803704867015	-0.458331317952029	0.0505311137419528	0.569225303426437	0.197595803350259	0.950513120090861	-0.329500044563229	-0.399643396368983	0.193384678159871	-0.645326261040939	0.928438217236528	0.863893445557217	-0.551334723707883	0.698213629685713	0.175360399973164	0.873612549395391	-0.247977005878122	-0.0638059195945164	-0.583033837144424	0.429350105041328	-0.305985437280329	-0.475892792627848	0.399431484950225
KLRK1	0.992194001993804	0.986820341042938	0.941856997158111	0.94669016830793	1	0.962035696334651	0.9667018304041	0.954283364031743	0.869100062655089	0.978044944454063	0.976413861422014	0.765673996921473	0.981005767587943	0.921283327247435	0.956614449175438	0.922575394642982	0.951382684503659	0.935867567463433	0.944290174733075	0.322041213989007	0.811174264640264	0.792423387810111	0.980122190574982	0.159016603469351	0.932047385913342	0.987601776871833	0.575560218148338	0.93895983812904	-0.171040059465891	0.803859969189164	0.923605878438114	0.603373636613898	0.755030527428942	0.622010032967976	0.926428494294245	0.923512702902274	0.377998327131263	0.89191611318102	0.816259931482448	0.875833109103115	0.853594911394412	0.766068532327606	0.137635495578811	0.589096492886509	-0.150928215875172	0.603060688825847	0.972314607748429	0.821594377097975	0.858360577992742	0.672559075411969	-0.308807440494358	-0.0727903254307365	0.894412383385971	0.868650039036255	0.962228314421123	-0.0587042475457511	0.765959624759657	0.413418119861846	-0.674154032075485	0.858510018734527	0.863807522071997	0.952765418482927	0.881179090386818	0.908728314655066	0.689555117189532	-0.309669646271007	0.150722229607125	0.801836259629571	0.850818892018539	-0.454766348978503	0.216299187800304	0.478001707433058	0.247661142977875	0.881180001626415	-0.194840926305988	-0.283871637718074	0.339261924878894	-0.609177372278041	0.929638109446623	0.717207280010873	-0.52564167990313	0.764592207409415	0.339614422961011	0.919705306500519	-0.050344589390288	0.0293513280560428	-0.389574088694226	0.592550797878334	-0.133157056825569	-0.470932141913522	0.520803536007622
CD44	0.973330378063053	0.989793231523859	0.895333100418627	0.986042084434147	0.962035696334651	1	0.927175698991551	0.995052466241421	0.889720092870725	0.972036722981532	0.966718188269896	0.606722739991306	0.970088697597389	0.870675484165259	0.93840290051101	0.832295465549029	0.944345146285128	0.893151465292551	0.897163674866702	0.223796416545131	0.737769916951433	0.700769702293619	0.904016513336433	0.112744417577251	0.861345881301653	0.979937947310473	0.522089464471709	0.877306885983364	-0.12757304875691	0.735863137688884	0.892982548558224	0.478183174784448	0.608781816163562	0.509262856990537	0.86663946059262	0.871632409724301	0.356555144745064	0.769465869729808	0.878464054260022	0.839207757357195	0.713694981794938	0.798899454393896	0.0208874763931641	0.547735619675445	-0.194074734098011	0.61184208316234	0.974040525519504	0.761569459790073	0.886645555673146	0.833675616257665	-0.458088616840709	-0.0433445863890904	0.9786006061247	0.756110757671149	0.927255631227674	-0.115029305289934	0.586575360262987	0.388357973638739	-0.772685936672263	0.775013725020484	0.92031954199676	0.885683749575436	0.940858260575285	0.864832116068201	0.556220426780332	-0.432614610121446	-0.107080178837401	0.781808941665677	0.947645998878032	-0.493834126873854	0.0833949450203187	0.576946160071466	0.206222238580136	0.915175374593843	-0.318891733488651	-0.410851573875654	0.208912419931689	-0.675254756244308	0.957946212373436	0.842275161926611	-0.591093736736468	0.698718580601163	0.190106383800147	0.893256041360562	-0.234697768807423	-0.113441595342658	-0.544915226224874	0.464697919999129	-0.286144835976448	-0.511026385498535	0.41141753823768
CD247	0.975570829386126	0.964694970395591	0.975918618531497	0.905907757728691	0.9667018304041	0.927175698991551	1	0.936289735168138	0.851454687397235	0.927387583289785	0.907861295400468	0.681087944427129	0.980317842853758	0.967488732536596	0.895648512432659	0.887411072552993	0.929218431537679	0.845140207656339	0.849574032231376	0.459878423497409	0.660493658746661	0.650311197599875	0.937055840007271	0.280123022143413	0.866121030054101	0.941781212282042	0.685270956777232	0.844150061024939	-0.0518952002525314	0.708122924685117	0.949547496541366	0.440850991241129	0.666698801028625	0.56124535412119	0.947912807796623	0.85380440029386	0.203897326578887	0.855962374187993	0.812337780538939	0.760839587703059	0.793723328033462	0.784491378071277	0.361955406676431	0.421159013383213	-0.164886656051191	0.395084539360311	0.961952806098934	0.872617139401657	0.787404838814175	0.631582278141652	-0.364094222878074	-0.269545050298035	0.866743428484396	0.756433064316076	0.926731687964898	0.180797560523428	0.781109318414023	0.230526183811817	-0.572084086313855	0.795939765519347	0.806658815554659	0.898566323379003	0.82881699337071	0.814563835443269	0.763847419498082	-0.314399691783632	0.200824694802329	0.663676104269056	0.851367836645351	-0.360117477761781	0.0439899031149987	0.273132450708667	0.0650212205194339	0.793709855697399	-0.201779509904276	-0.212363355539519	0.421913088362934	-0.68444938729886	0.906978582240882	0.732719649312389	-0.485987968107721	0.637587216456688	0.257936845987769	0.957908113216622	-0.134583065225979	0.010592488096964	-0.430357765583868	0.44945051456646	-0.186509698769241	-0.390512070092877	0.412936993638428
CD69	0.968350259840259	0.985311116619377	0.907933380370221	0.98736657669118	0.954283364031743	0.995052466241421	0.936289735168138	1	0.896093735412466	0.96694220790667	0.946754230592484	0.576567492933556	0.970541505862134	0.880312363911068	0.926548629938373	0.83483443532898	0.95568432345777	0.875673136627865	0.868362889195715	0.277864278136031	0.698553623247216	0.658279498592415	0.89331185754432	0.177676018747209	0.836598093993576	0.969807676922095	0.570297759417278	0.848594307291714	-0.0455455687414672	0.726806490040459	0.910304506268169	0.437616846414537	0.579764521286537	0.518735365031153	0.871993017742007	0.860624760568266	0.325240004559998	0.755080253677195	0.887294879863046	0.810207990149285	0.694181414613201	0.808168686491906	0.0797585509316428	0.50288510371447	-0.157759269780491	0.554491796241579	0.974285294660192	0.792892035922935	0.879533740877353	0.842737555563963	-0.449835199745861	-0.0698867445952368	0.981955517178841	0.728435569745625	0.923911118871218	-0.048408497178646	0.577184496468355	0.360572595554169	-0.734711389515577	0.779977337213142	0.906696510964547	0.875603688322798	0.944692920368218	0.85284748121892	0.571201275947777	-0.407461574166196	-0.105617607657071	0.771325652187838	0.950326248295555	-0.4429749236838	0.0434880870817036	0.527537638014619	0.1796286588711	0.9094463999021	-0.302086638900268	-0.36691810365868	0.253594372500421	-0.67230360417909	0.959859406474669	0.859853932175222	-0.549438074301605	0.673493819820006	0.190699868000367	0.914699488167614	-0.246026297393852	-0.0842163898479975	-0.555518292774443	0.430427470745241	-0.278464961560888	-0.459810085715514	0.402270582883668
LAG3	0.895340485297458	0.885484352057342	0.917573146808092	0.932461519593739	0.869100062655089	0.889720092870725	0.851454687397235	0.896093735412466	1	0.936727529156254	0.867952009363796	0.418017908706017	0.912177499921908	0.75281717323554	0.739856345946716	0.751386450504795	0.874931151252776	0.713874636323368	0.721259792728968	0.530900175005905	0.560068626425056	0.580326334411274	0.841752545771844	0.278915138888764	0.663795187203277	0.847917962916464	0.587477844301139	0.703379051772899	0.0950253314336682	0.517252416683395	0.735752834874802	0.319093740389165	0.394409281464115	0.513494173315952	0.686155928435827	0.659133163065167	0.0714048618320676	0.605305131977695	0.97580597284	0.62379481579963	0.558814497594035	0.89434162557126	0.0780470175424644	0.256144623173836	-0.196065132603134	0.486450905146429	0.937143651991576	0.728625585930756	0.625524088010371	0.775177849876924	-0.455169232312801	-0.12020231163952	0.863891043754872	0.646737551709968	0.78953774760268	0.0808523711663037	0.534328481393699	0.160353621564668	-0.575816235265639	0.725870790138102	0.67266610755876	0.70793972757785	0.933476085661251	0.746596927657412	0.674894467013088	-0.430761368107056	-0.128961742180407	0.681146277900888	0.899441877012308	-0.313708561073069	-0.111232346798342	0.400540682240203	0.0243195505945781	0.90564763468963	-0.462276884865829	-0.344799456968974	0.184143728952023	-0.6132227874506	0.759927278433293	0.865121570126392	-0.437963540001834	0.582202160149813	0.0695914792068409	0.810535072413433	-0.318098477003841	0.0157732355596898	-0.636067509361348	0.275048027835902	-0.391679476595859	-0.355985032815592	0.333725291970345
CD8B	0.977567797159187	0.976747779983954	0.932189026437645	0.981782886712635	0.978044944454063	0.972036722981532	0.927387583289785	0.96694220790667	0.936727529156254	1	0.975840484019098	0.664952700849923	0.972457719329035	0.854811353996185	0.920133335880809	0.887681357212883	0.957362025156806	0.904452523832964	0.907936565591001	0.343370393101262	0.779180721794704	0.767903076579525	0.953692571748783	0.171290481209546	0.866322778723282	0.972010393619775	0.556422356248255	0.896785337516702	-0.0919869495370571	0.753798717300305	0.869828339298255	0.559022760659524	0.654550228893509	0.618009747128521	0.845201814135691	0.872096191038867	0.345042581575942	0.802192477010372	0.896571037213684	0.840702482387561	0.767185607330224	0.822946652513692	0.0292987509651976	0.542350490447713	-0.145343031386568	0.641369557624108	0.981043831643708	0.786748441904584	0.8341478018072	0.765740943294159	-0.351803669805062	0.00017004204358961	0.92548148078887	0.831085426993852	0.929848623129434	-0.0998967262092731	0.661083483299683	0.408105120917694	-0.689223809861997	0.845568700630704	0.844927364790436	0.897811403518978	0.949196010503828	0.904568629149754	0.652463490277181	-0.357198133135839	0.00108955335802955	0.834580073507829	0.895329256643043	-0.439947747702666	0.153068542165364	0.543317725609553	0.242581326230185	0.942795246643502	-0.297551405560519	-0.339288361203521	0.260174393182237	-0.593457846987111	0.903516907517346	0.796961983742331	-0.510942721931075	0.753500083778075	0.273489450226039	0.887017394480615	-0.131370902293571	0.0344715754920904	-0.484446647913826	0.534075560143904	-0.210085377767426	-0.456765702799414	0.494689857542643
SIGIRR	0.974435256415191	0.974623169219391	0.887063363350515	0.946222108308175	0.976413861422014	0.966718188269896	0.907861295400468	0.946754230592484	0.867952009363796	0.975840484019098	1	0.735132773900943	0.959610504807673	0.851149900958155	0.950605184717967	0.899924603422443	0.93898596304252	0.927054365334795	0.954284577086639	0.216202686726116	0.848536024760782	0.837052867778434	0.961023531239782	0.118771578065839	0.925088565027759	0.987156286668863	0.51644289223043	0.943351647125963	-0.229151839391403	0.80024043192019	0.843784048062197	0.639155285004986	0.727668917352901	0.630699403964133	0.858240047889171	0.906055965197791	0.443913025332832	0.838859540730184	0.828173842200613	0.903750965863987	0.818056845544001	0.793221733060924	-0.0342189884408461	0.647555479259129	-0.12945283560428	0.710104621165647	0.96048177159714	0.765439212788695	0.865116154416813	0.711606718713707	-0.303118421577981	0.0664168650982744	0.900075103909725	0.8744043150734	0.929397481650734	-0.197899018082771	0.68824646051861	0.490541694961807	-0.713023542618226	0.818943505328226	0.872924235701419	0.922583561265897	0.902881103132404	0.91244418660246	0.622245679473462	-0.323982486587936	0.0376406272055815	0.836226420803354	0.864786451502755	-0.473236568352923	0.263156494017756	0.611515853531078	0.324507534267303	0.903953637194611	-0.275268541192001	-0.34371792924083	0.256674109619637	-0.560452621665722	0.903224073067536	0.748527786921597	-0.527291126515168	0.788093490642902	0.33050425097371	0.869954717923202	-0.0631123822610901	0.0183783053171735	-0.404375970345031	0.623256868602375	-0.145580078226727	-0.484560510418479	0.55299458428076
ITGA4	0.702055139340006	0.67869249271497	0.606735900193301	0.555557509938719	0.765673996921473	0.606722739991306	0.681087944427129	0.576567492933556	0.418017908706017	0.664952700849923	0.735132773900943	1	0.652706325366839	0.709585648578851	0.814327160870255	0.844153266104025	0.675222162425058	0.86222122616751	0.875709732092096	0.0788619265817166	0.902912349830176	0.8890514065061	0.828772022683488	0.00650067350639474	0.908056432457495	0.744221624295011	0.350896541133984	0.899820325136085	-0.407848413698109	0.883767502896962	0.701001452372416	0.890728595487772	0.995488260056091	0.697855357836942	0.795021478702836	0.883489414506073	0.658906893598934	0.945277832460845	0.284383560765979	0.856896806530232	0.96655006822875	0.298405791858293	0.106006564570873	0.816288729333301	0.0698300941195812	0.610850687579869	0.6101435319802	0.620382477280601	0.720177888291397	0.147922359563451	0.214070478922546	0.16752654704337	0.466697826820642	0.934384244376163	0.769969206143646	-0.261540395712516	0.870921382990857	0.652004764232221	-0.405642807206946	0.765110292744101	0.628619402281782	0.892292857456654	0.440812828251889	0.788933337000414	0.522575169554715	0.123295148416115	0.606636115212578	0.733373330066703	0.3372483968364	-0.350498299424961	0.706768832266916	0.405019024608354	0.572385377440314	0.554246713686361	0.270809255033366	0.0326000500541226	0.442546235042105	-0.153669715751403	0.667982256693539	0.147341597970092	-0.26998006267365	0.787141380359273	0.681323191393564	0.645104305499664	0.497828496009431	0.26120670577864	0.189645085734518	0.876888290215703	0.384965077941326	-0.326631479207916	0.693059911935211
CD2	0.995268925076773	0.989465182123261	0.970023160511657	0.955546662087173	0.981005767587943	0.970088697597389	0.980317842853758	0.970541505862134	0.912177499921908	0.972457719329035	0.959610504807673	0.652706325366839	1	0.927014683127124	0.911466127249318	0.888164174501367	0.952660485600837	0.863765793802068	0.879141718310483	0.407475391230501	0.706606681257752	0.706802275604878	0.952374967342821	0.248273295970617	0.869099450571591	0.971597222990444	0.65342016398562	0.868140884004341	-0.0722541187458077	0.711739579168809	0.907645207252344	0.472666832074383	0.638493524784362	0.577041094767019	0.902608554855238	0.85466885669202	0.245727481114345	0.820386446586093	0.882248110232427	0.79512846568743	0.767959703460197	0.849754764964166	0.20733010046139	0.46383159397247	-0.163039799494254	0.512554835774034	0.992668552017088	0.848860932226636	0.81126263881432	0.719977310160878	-0.397336388949677	-0.157370463016427	0.915696406416208	0.780435164591903	0.927742156693935	0.0661021409635008	0.718556957450636	0.285590324140964	-0.636608450012611	0.79719114315462	0.83612557301265	0.892241221597809	0.901382560394227	0.848034558751214	0.730263594863093	-0.359768985377024	0.0721239060659263	0.726269236838774	0.908545789748322	-0.386880136590438	0.0568219242737541	0.407746318907537	0.11947531166903	0.866934109612332	-0.297977791684423	-0.290495783625766	0.331456373888854	-0.672477349078627	0.913671636090202	0.811420440357724	-0.508676144802634	0.680896126618331	0.233354791241974	0.94496835338129	-0.17910207303483	-0.00115941033451755	-0.495088157822798	0.462769274124361	-0.241888135225564	-0.418346074079995	0.441355321919163
IFITM1	0.922574980042912	0.914850999577293	0.916406858555152	0.834075647430529	0.921283327247435	0.870675484165259	0.967488732536596	0.880312363911068	0.75281717323554	0.854811353996185	0.851149900958155	0.709585648578851	0.927014683127124	1	0.877666095134747	0.855913160863559	0.872030369856507	0.837176032697203	0.826109841255905	0.398022876384313	0.649657309452313	0.6270566843662	0.893866551464849	0.25358597692385	0.859470262195765	0.897967090842887	0.673233213351436	0.822429951351404	-0.0454971035920117	0.732258161588857	0.954671209857171	0.464691856309572	0.701688548541657	0.539926557894296	0.956010243102625	0.848254965416214	0.252572412589798	0.87257592495062	0.693932702172115	0.745028315821706	0.796121121530788	0.675295014916267	0.438744666050122	0.437607644241862	-0.118694696469798	0.325313810262685	0.886685472458663	0.861653361231389	0.776374371297896	0.543461818524738	-0.310993051442729	-0.30396797389763	0.80716569378965	0.737096873854673	0.90517556175112	0.202316196695628	0.803511163366759	0.244300875053083	-0.544622439383877	0.74517507378643	0.803639006192137	0.894268986354142	0.724258726786163	0.775325847378285	0.716285002796334	-0.227676020540439	0.283476072324723	0.60746951409968	0.767026945078325	-0.318461626775758	0.0868782249245869	0.220567719830347	0.0981109259652936	0.746819373084073	-0.0451454950092282	-0.114523731317033	0.469688116888313	-0.628993347631114	0.895847649289624	0.641447300361674	-0.44626190409908	0.619404192911884	0.294232030964952	0.938854069146562	-0.0529313380911266	0.0160657589640589	-0.360453399910433	0.449790722250554	-0.113329818177441	-0.347121344472837	0.380817063035153
PTGER4	0.937537476394808	0.952043154400122	0.82106961702748	0.900953201786561	0.956614449175438	0.93840290051101	0.895648512432659	0.926548629938373	0.739856345946716	0.920133335880809	0.950605184717967	0.814327160870255	0.911466127249318	0.877666095134747	1	0.904310023072061	0.931157031082325	0.977989174390811	0.976487104837022	0.111019040009696	0.878946438237048	0.820612149652413	0.92831344855378	0.0666516123904048	0.965592931529833	0.977184127191279	0.474071781444068	0.967234712605986	-0.249973125635004	0.904029675972559	0.915487230953609	0.687686435428021	0.827102219550212	0.623608865725575	0.932587616103738	0.98384610847169	0.589135217189477	0.908911851586287	0.682632626003599	0.95018744197524	0.876302294617152	0.620193156937753	0.026201195726838	0.75785161075818	-0.0689160889191904	0.668286607099225	0.896872458144145	0.763485199621469	0.953108397291806	0.661456293930084	-0.206804456333996	0.0888127978152841	0.883533500443979	0.880231638646591	0.956491734877809	-0.236804689583617	0.714359209446583	0.595678124073433	-0.730279006607122	0.839682714546598	0.930063551256779	0.980749818450467	0.819847040826068	0.911050166108124	0.502850804226661	-0.229250481323471	0.131094373751243	0.860013556319208	0.786740161800637	-0.497504175668756	0.374584077294138	0.607601711795085	0.435819109069323	0.852206532988278	-0.0669062282402079	-0.268635942166659	0.333155834158704	-0.506483303078907	0.962818806459689	0.632373033625783	-0.51479759857812	0.792239161618197	0.424919981223469	0.870576147399579	0.0442807443275167	-0.00233845240761269	-0.279636318228465	0.687958835968136	-0.00352312813146564	-0.486253536318351	0.569456458144127
PTPRC	0.901906099530128	0.881943456232811	0.87071767516528	0.816549104018318	0.922575394642982	0.832295465549029	0.887411072552993	0.83483443532898	0.751386450504795	0.887681357212883	0.899924603422443	0.844153266104025	0.888164174501367	0.855913160863559	0.904310023072061	1	0.938213471561971	0.89329024497015	0.896701981460757	0.396252370401738	0.838407191776602	0.844513522217871	0.962980227402753	0.393472289872215	0.912671805616285	0.908452237369984	0.712120229766146	0.903243640185064	-0.0406818888918474	0.889036715305783	0.845708136032023	0.731965372903992	0.83392269398391	0.855719691743814	0.885034127779542	0.921444514131979	0.492258865791235	0.911148045059478	0.665702601955612	0.866141589755826	0.920347083225064	0.708334157004645	0.21169701537582	0.641273217714096	0.186634592056404	0.552371004423675	0.869821728878418	0.903179551271676	0.80599283221941	0.472256986644957	0.0553477604468307	0.122615169002171	0.72925581934557	0.920349319519967	0.901041922629009	-0.0207221783163393	0.835209373169287	0.554998814197141	-0.401836332713439	0.894273995604554	0.722667409226091	0.938507753643075	0.763759061186758	0.904669630876925	0.739136233667711	0.0516914581359853	0.370270202990102	0.844652309754425	0.658551638747306	-0.182663181940348	0.431996048931126	0.394853462378376	0.430813125768148	0.775619424311509	0.00835404439756915	0.0494453831502127	0.595427797076952	-0.313414742110214	0.813586484470822	0.573377450569075	-0.196377925969035	0.817796748265336	0.619446765870098	0.909036711205381	0.254293458263629	0.369633999226389	-0.114543983135321	0.751408956662468	0.213835888858253	-0.173300650274322	0.7383913335199
CXCR4	0.955583789956202	0.95827176142103	0.914890391518318	0.942031657419056	0.951382684503659	0.944345146285128	0.929218431537679	0.95568432345777	0.874931151252776	0.957362025156806	0.93898596304252	0.675222162425058	0.952660485600837	0.872030369856507	0.931157031082325	0.938213471561971	1	0.890518520928372	0.883012712496407	0.389731997089236	0.756297313216273	0.737020062280228	0.93584018693121	0.346291021865321	0.867840393522891	0.957368216473194	0.686099493436177	0.870758989443229	0.0330435268583697	0.817300587617246	0.891865519411189	0.556997882517968	0.677651975819902	0.726779292917924	0.886819917507004	0.900699966677751	0.407361228076029	0.822652665416768	0.829634321375091	0.840023669752863	0.793049147550709	0.797702810485058	0.144383328999146	0.5608386872447	0.045975361662085	0.548112404832275	0.954207460787903	0.880439400731784	0.867098641637841	0.721324735928106	-0.200573027068476	0.062901397591555	0.89877906976529	0.81393263542967	0.925074060188289	-0.0189119932840417	0.689697092002476	0.473012841407754	-0.56785051687209	0.857759432329804	0.830503569252791	0.912300512584447	0.903229010868592	0.886931419898213	0.643321203342464	-0.179322822062171	0.0809179799003609	0.849245710120509	0.850391220469739	-0.286495846192609	0.204043072887751	0.487403365951733	0.320502741819084	0.886239331445229	-0.188102619328377	-0.15248264397667	0.448105433009877	-0.488376043179472	0.912687879177792	0.77547436294446	-0.345008060516746	0.747087301431521	0.391191820001873	0.938988327121545	-0.0363851957254366	0.152803673067433	-0.382897718763288	0.569718395675173	-0.0452414077140421	-0.284916947322309	0.56873184353478
KLRC1	0.896675267898928	0.907669011750794	0.778420101579871	0.872708985694477	0.935867567463433	0.893151465292551	0.845140207656339	0.875673136627865	0.713874636323368	0.904452523832964	0.927054365334795	0.86222122616751	0.863765793802068	0.837176032697203	0.977989174390811	0.89329024497015	0.890518520928372	1	0.982120328375995	0.0740183194716081	0.929537567177156	0.87443388014934	0.922643183621572	-0.0141554973215883	0.956260345020254	0.943630883820947	0.401298936975482	0.9810248258823	-0.26753521936877	0.928806187972838	0.879992330301135	0.781739176939751	0.87295273872007	0.650146033441073	0.88498682285763	0.982618446260794	0.648267367683711	0.915354174827701	0.631101051082542	0.955314008667687	0.890322194362426	0.544995773016422	-0.0357540064410142	0.803140623829689	-0.0519678103848388	0.731616156927442	0.848382655568006	0.713000876512563	0.932078654249692	0.61449320145204	-0.139051060486942	0.159697710023015	0.830449090914545	0.927739980781158	0.938266298181177	-0.320074904753931	0.719177078758468	0.661187635816589	-0.721690521033518	0.858364149124033	0.899518887376825	0.981901040901726	0.788123309221757	0.937345087739042	0.475608339981982	-0.175726638201992	0.177309266552	0.897528356234226	0.710166340213004	-0.50571556759626	0.470514128051829	0.643376799957339	0.518659425865269	0.867901024853426	0.0259888272275266	-0.241037676280927	0.299065693940436	-0.415175352332161	0.924655719674563	0.549738060155261	-0.490071911091395	0.849375686737745	0.478892036441436	0.813167542387913	0.146933275135362	0.0560264878565129	-0.221305722875146	0.74375296938242	0.0551139445905511	-0.490158793607366	0.591520018587423
CXCR6	0.915226253948336	0.918814440244335	0.787902654512571	0.860412216560066	0.944290174733075	0.897163674866702	0.849574032231376	0.868362889195715	0.721259792728968	0.907936565591001	0.954284577086639	0.875709732092096	0.879141718310483	0.826109841255905	0.976487104837022	0.896701981460757	0.883012712496407	0.982120328375995	1	0.0762251569091962	0.937397260793677	0.903430383301157	0.941418795148075	-0.027918300983743	0.982331244542166	0.955767246926378	0.391856870009222	0.996351393107988	-0.367383297833975	0.897148940490997	0.842963509727774	0.779893415024805	0.879648373298716	0.639507455986287	0.884301883898455	0.970426648237582	0.614538239803488	0.926298962433833	0.644850094936539	0.966814201071617	0.910976579232242	0.584336371061707	-0.062509985825248	0.81249031159499	-0.108625255667185	0.755561767187979	0.865815999365854	0.695249457193114	0.908441496523448	0.579938760725064	-0.159511115311804	0.149892617946059	0.814782883336668	0.936515421769821	0.92895715388813	-0.332144027732664	0.755140233629707	0.632023463056427	-0.725427894399356	0.833112874342746	0.88312438957488	0.973547730251667	0.778044842155183	0.919677026572269	0.508717480197387	-0.224307615271746	0.191972784836707	0.872212220109723	0.722954123983759	-0.542403996574751	0.466727487462686	0.649649145213326	0.482555633062987	0.841481178654135	-0.0775009341922836	-0.296436344903514	0.269554433867591	-0.450197102493587	0.899133386244614	0.546726618132561	-0.530769350919675	0.835855546207618	0.449071305359525	0.800171397147239	0.119991411050571	0.01830027726826	-0.218055152914332	0.758581569415069	0.0227710353699672	-0.532546269120732	0.599921830089318
CCR5	0.363437441721099	0.298067600688512	0.591812061536893	0.282687778674301	0.322041213989007	0.223796416545131	0.459878423497409	0.277864278136031	0.530900175005905	0.343370393101262	0.216202686726116	0.0788619265817166	0.407475391230501	0.398022876384313	0.111019040009696	0.396252370401738	0.389731997089236	0.0740183194716081	0.0762251569091962	1	-0.0716201664737832	0.0253862444310744	0.38039908225982	0.699936394468171	0.121460182921942	0.23092785929995	0.703742006901376	0.0866455794474982	0.500393021364375	0.00898269434147984	0.311248213810494	-0.13455471755767	0.0291717673927234	0.377282103312254	0.313478568657389	0.0963257318101955	-0.464353507729433	0.250253478219739	0.478181892089263	-0.0339450463111487	0.226914381569171	0.524652203314259	0.681134558188031	-0.364244380688589	0.0606595651867559	-0.290631665591436	0.410954221149434	0.564495245408306	-0.052339472210741	0.0497105068703984	-0.028792537553839	-0.435496897523918	0.163618723409555	0.149529277159661	0.252988515960716	0.758494635432019	0.486707018363478	-0.369421553645211	0.287657987018412	0.357104120057474	-0.0866693654728325	0.186400353294206	0.281702042406841	0.149679604412986	0.732330167116078	0.040088547121307	0.354877668008344	0.0760855155270138	0.270127081759793	0.320452659288609	-0.347406792980167	-0.467616288553604	-0.382386909211532	0.229070409874821	-0.201741709320533	0.273024557397842	0.499345953868301	-0.231125524624786	0.124752700039743	0.320015626634824	0.185077438309344	0.0430741984222348	0.051436790670766	0.466076349846557	-0.0975674489910889	0.355980762170176	-0.198707413352602	-0.100565459799597	-0.0839426121308361	0.267914713259347	0.12545972555536
CD47	0.755653768675689	0.756368299482032	0.602035127131687	0.709334024744829	0.811174264640264	0.737769916951433	0.660493658746661	0.698553623247216	0.560068626425056	0.779180721794704	0.848536024760782	0.902912349830176	0.706606681257752	0.649657309452313	0.878946438237048	0.838407191776602	0.756297313216273	0.929537567177156	0.937397260793677	-0.0716201664737832	1	0.956510981812906	0.844559887373239	-0.0630140986746452	0.903569648493893	0.828270301430399	0.267833287714319	0.947324133328195	-0.40844907810662	0.920707206624359	0.669975308224205	0.914040161642094	0.909560257850469	0.700602494041377	0.722499916769393	0.91329722541124	0.79340995643918	0.851651858076725	0.457546464454665	0.950086703257989	0.887812292730787	0.433888116093377	-0.227684748659565	0.894772881220393	0.0661774053317727	0.865605453595065	0.695547109546715	0.582364413871859	0.825722176451525	0.427665551348177	0.0890148491649152	0.388372201307382	0.639704037779059	0.962516881520539	0.813997525083021	-0.514210725542337	0.673325908388624	0.798427684473367	-0.603519711511439	0.811765176003527	0.757419086733913	0.897590975171258	0.647656094770503	0.885496046349718	0.397926661031953	-0.000352239729611083	0.249440672463345	0.891509993413568	0.508271170563393	-0.442427680875667	0.709357163412912	0.729204417042983	0.702336967740008	0.75367465395999	0.118854575100485	-0.154290460047438	0.262076209986193	-0.175378705893665	0.74667360848221	0.367888004056726	-0.351941059191555	0.896435697406068	0.631708337842174	0.646821457648276	0.369298614673747	0.190788281351824	0.0229674253183089	0.87922413787485	0.25486012493306	-0.412642074016793	0.743168909049846
TNFRSF14	0.744660083463885	0.730759788983704	0.619581243749012	0.676610138498094	0.792423387810111	0.700769702293619	0.650311197599875	0.658279498592415	0.580326334411274	0.767903076579525	0.837052867778434	0.8890514065061	0.706802275604878	0.6270566843662	0.820612149652413	0.844513522217871	0.737020062280228	0.87443388014934	0.903430383301157	0.0253862444310744	0.956510981812906	1	0.856205202636977	0.00202817350276784	0.87165792863813	0.794355765245301	0.352961206979365	0.915098032542478	-0.335288781616062	0.860578696879288	0.60458941472424	0.927870766365667	0.881720116520511	0.75964805092404	0.672022383177588	0.852470448635121	0.688005364503212	0.83063875431386	0.47605960721692	0.875767854879837	0.864816440955096	0.494458044523554	-0.181651002248492	0.845127312516762	0.113473482300289	0.831366884825398	0.687901093452892	0.601886649570817	0.744165770217865	0.378538087448986	0.120038061551107	0.398059390947495	0.581653942577146	0.960254853817669	0.748276815084001	-0.436102033847957	0.711689382179183	0.725138206355404	-0.492001935801018	0.736599159463789	0.67752648436013	0.851304537421987	0.624326490919591	0.851632920787198	0.497824683025046	0.0380211141260777	0.301660167556911	0.847513795583844	0.481553291113743	-0.328837230615544	0.671811608516837	0.662218699067254	0.65807294895652	0.715927944679297	0.0372145845837829	-0.0938054984850566	0.251833790079495	-0.122384269052253	0.671156500117417	0.377120031141416	-0.263962613256221	0.866023058953477	0.593527967472858	0.637991346850002	0.36011554986145	0.279142529260326	-0.0195150515811754	0.848176167094469	0.22448700745294	-0.314956317288531	0.707105949856508
IL2RG	0.96618869522058	0.946005446680208	0.927663973914284	0.889290192677351	0.980122190574982	0.904016513336433	0.937055840007271	0.89331185754432	0.841752545771844	0.953692571748783	0.961023531239782	0.828772022683488	0.952374967342821	0.893866551464849	0.92831344855378	0.962980227402753	0.93584018693121	0.922643183621572	0.941418795148075	0.38039908225982	0.844559887373239	0.856205202636977	1	0.227847034129938	0.938800984461773	0.958792701619955	0.621145401664774	0.944251879541462	-0.161814472780833	0.824788956546138	0.870729521488599	0.688003586537733	0.810084995078042	0.724797665867978	0.901294036481915	0.916432930024467	0.401102327833963	0.919246944211935	0.764640720359115	0.874343071646704	0.90415250504828	0.755052641454247	0.159291473242913	0.615178347656081	-0.0493562869425047	0.611810307499239	0.938490822549834	0.84452918474739	0.810825618866272	0.556896499127597	-0.161381835406221	-0.00258584223097821	0.805131727642341	0.920891166337469	0.934880178117664	-0.049460488424681	0.838782824110784	0.452699142084801	-0.557817481532661	0.876747877041169	0.783509030055684	0.950378855489019	0.825430198609118	0.913042413166617	0.752682093677556	-0.177447609517225	0.280292085838535	0.817507466898502	0.761813753712578	-0.360070608997349	0.316529009761552	0.440440430747494	0.307681676214601	0.844349588984236	-0.140027684463307	-0.165527088303635	0.415692167089882	-0.489728510865446	0.859135504987033	0.639227788053039	-0.408189456793984	0.802141869469823	0.447782631335897	0.904286190673495	0.088002536164153	0.175998921671938	-0.272304138987039	0.673832919708933	-0.00723511216424113	-0.373152478795249	0.616136055307653
CD4	0.196324566590921	0.158926314782917	0.362535776595385	0.139004882777843	0.159016603469351	0.112744417577251	0.280123022143413	0.177676018747209	0.278915138888764	0.171290481209546	0.118771578065839	0.00650067350639474	0.248273295970617	0.25358597692385	0.0666516123904048	0.393472289872215	0.346291021865321	-0.0141554973215883	-0.027918300983743	0.699936394468171	-0.0630140986746452	0.00202817350276784	0.227847034129938	1	0.0354124429350003	0.133836115177271	0.83498091296515	-0.0234652083522952	0.679620797356099	0.139938052731553	0.185424204672238	-0.0510509778052365	-0.018148504723558	0.558167399990389	0.19274263174093	0.0767760227384478	-0.161200690882904	0.101429296100323	0.267342929281758	-0.0218898249999295	0.143455430308227	0.494773194786198	0.549298397142078	-0.257345684989066	0.63528399841656	-0.299867195845875	0.238198850887548	0.638264647464037	-0.0199771768376892	-0.00111742814293872	0.347660201545592	-0.0477407202623143	0.0723288518886195	0.0971482853052087	0.136741437512944	0.627431762849349	0.248718658806338	-0.0847046443491926	0.485709686042834	0.271093110369712	-0.126664456783796	0.101284194711314	0.200070199819691	0.120912776953045	0.569520108858134	0.495255824689206	0.25886994297008	0.0971566319506337	0.120786619776422	0.706274238889187	-0.0887173904957923	-0.371153804193271	-0.0452253329423121	0.0744530708652245	0.0631338763675034	0.646847014630396	0.747424572584882	0.138406857036018	0.046261497535341	0.324221823875893	0.607830722997592	0.0753119770311956	0.383613294398944	0.453421859166645	0.165553601504918	0.687700606978131	0.0574090500841219	0.0430032940535018	0.313062244968125	0.696303178342721	0.418280176299635
