""	PARD3	EGFR	CHRM3	ADGRV1	F2R	CANX	ERBB2	NOTCH4	ITGB8	NRCAM	CD9	PTPRA	SMAP1	KCND2	TNFRSF1A	TFRC	APLP2	TSPAN5	TSPAN12	PTPRZ1	LRP6	AR	TNFRSF12A	ADCYAP1R1	THY1	PDE1C	PLXNB2	HMMR	NOTCH2	NOTCH1	IGF2R	CD99L2	CADM1	NT5E	LDLR	PILRB	KCNJ10	TRAF3	NECTIN2	PLXNB1	ADCY1	ADORA1	ITGA2	MCAM	CDH10	CNR1	PTPRS	S1PR3	FGFR1	EDNRB	PRTG	ITGB1	SDC3	LRP1	LINGO1	TNFRSF10B	SMAD3	LRP4	TNFRSF19	SLC16A1	LRP5	GPC1	RIPK1	NOTCH3	GPR37	TSPAN17	DCC	ITGAV	GPR37L1	IGF1R	LRP8	CD81	APLP1	INSR	MCFD2	TNFRSF21	AMFR	RXRA	LIFR	LPP	SORT1	ITGA6	CD63	NCL	ERAP1	NCSTN	SIRPA	LRP10	ABCA1	ADGRE5	RPSA	LAMP1	C1QBP	CD46	CD44	NRP1	TSPAN14	CD74	SORL1	CLEC2D
PARD3	1	0.814999622977251	0.840085394543117	0.654436690335468	0.77169933486649	0.895824169552186	0.828082809070905	0.73224284462791	0.859545361640299	0.825794438103466	0.834738336187648	0.890468863196945	0.86315066670444	0.857688182357281	0.824473680397127	0.848404659675325	0.901886945718539	0.869604569092687	0.893366259345057	0.835790887633514	0.899764012832343	0.805738537117713	0.701617020530415	0.179288603958872	0.635234025986392	0.817782762650081	0.922643544823208	0.758740702604309	0.922295392708442	0.910963068855438	0.859720232241605	0.874497624680252	0.885051574380915	0.852101177498768	0.69974034195997	0.865551499114329	0.82475589258735	0.878659308894294	0.82537422711674	0.711750234388772	0.859267883880708	0.644280253204945	0.644284992420658	0.636912292443349	0.731490642926072	0.841566501189717	0.842883658821905	0.681778038531209	0.919269689131983	0.806385941464019	0.861342247491941	0.825695403702272	0.766436863590912	0.857050156812196	0.778926376218611	0.852567307153131	0.844078734124991	0.827917741560377	0.906485919898405	0.908664175362968	0.836774450268185	0.675953615471721	0.894500813467551	0.717309385052642	0.723798878164294	0.8552714557092	0.778860875684515	0.878210345126428	0.744252502518661	0.743410981849363	0.843699929560271	0.844046884268946	0.825510248602252	0.497895995240877	0.895548762743601	0.863358932096974	0.886740982494196	0.875646834294359	0.66850350731256	0.791810555580997	0.905307994450111	0.415989165056919	0.856809002374707	0.89985467558616	0.849152199028149	0.913397682595235	0.712264287298355	0.770065272680542	0.819881775929303	0.77324522896694	0.88864152977705	0.850174235008804	0.831561341954565	0.87137261898551	0.155357095451764	0.650980908310289	0.77244674407959	0.600713061639865	0.622330663800242	0.848739933250618
EGFR	0.814999622977251	1	0.790720008410344	0.762891209421435	0.666794870625353	0.877074334042577	0.789732543941728	0.652326926576131	0.901060038821016	0.809494171650437	0.823054852947864	0.881600035731944	0.838586676147724	0.870087449591838	0.780478520812893	0.853093378228684	0.865245143820743	0.806785544888688	0.846320469137714	0.907892312765838	0.83882093330573	0.788186814020687	0.688579263273051	0.156570903259303	0.636882083508515	0.823646352331209	0.825195309230296	0.621071426148869	0.892064364116845	0.882414282456565	0.821880510443404	0.848924220158751	0.862039284838408	0.844036348175413	0.636919109866426	0.779128066568943	0.857755863461544	0.819842571813952	0.766672043751253	0.736324793105046	0.88024844714317	0.752173393838874	0.538434468956923	0.532091310340399	0.816301021240403	0.730163115023988	0.852624898239866	0.532616035158057	0.865684616845972	0.777158912181367	0.798491307439966	0.72740691880449	0.877209392928545	0.878572824044105	0.811243180990859	0.80766020914036	0.820562475210606	0.872460192188547	0.793217087686199	0.85484634077351	0.819740060178035	0.680605137420289	0.847454640204648	0.619846002338667	0.715401268536242	0.826176889653075	0.718029469099517	0.896849772748021	0.869789571069225	0.720646945718098	0.810078304685305	0.834703950748491	0.78560907858925	0.417162747832644	0.86961130958494	0.874449733163598	0.870546477983563	0.82827894089148	0.602809234035427	0.821435187021681	0.842594562273447	0.378236429646558	0.814419994080669	0.845480423192413	0.813820303188382	0.855655067931961	0.604394367903601	0.723536176462219	0.795086870174327	0.803121017744719	0.821785714012318	0.827079564396766	0.817142568985532	0.837095931710858	0.0458057886961332	0.558759716254219	0.680658906797416	0.549849416503959	0.572558608572371	0.759588704024731
CHRM3	0.840085394543117	0.790720008410344	1	0.696507782615676	0.674049612496505	0.887910819568846	0.756622489269396	0.613821512002735	0.894834290037498	0.777515778739906	0.764652872410941	0.899152837610757	0.849950591417641	0.852355008320943	0.801125408221183	0.907550282312103	0.893906085299096	0.876636613203746	0.865882533043549	0.903969676147122	0.822556740419933	0.735109693149799	0.856741300464231	0.0510069542221808	0.523801708318207	0.876347918157814	0.847392135104045	0.554319232830244	0.866971745603336	0.816120674829733	0.775674205005847	0.82474604233559	0.845295886666165	0.906279682210713	0.603862039235716	0.69555902475387	0.796766440567262	0.847643875691882	0.734408729216116	0.621353546403382	0.857760822471191	0.748299686791927	0.475597243102984	0.497615980930703	0.797009166019241	0.859403855697828	0.80329020090694	0.549550304856729	0.86175514805479	0.746182678616679	0.833150457681885	0.713400364949372	0.805634590066571	0.907039499347263	0.779436095791358	0.853656432744446	0.754662863558483	0.840266423993462	0.844276790974941	0.895697590258066	0.838636417466189	0.70762139131178	0.864477775583664	0.578939937282254	0.728130101347445	0.858725658786233	0.78091891440094	0.878646683270206	0.849480313210006	0.625620325615872	0.849246928649411	0.823937619263498	0.752150884078951	0.355413704482347	0.894444346589981	0.852681138865794	0.851582999608538	0.788571148666971	0.586826984280957	0.80245836077245	0.804227870303278	0.246834559638639	0.919256499294528	0.922912361239004	0.770106364335654	0.879887753265387	0.577674962342211	0.670091238618985	0.714923875124512	0.8368996755311	0.868949767645998	0.802140788455851	0.898619448446352	0.788511033892369	0.00727081710194648	0.542856489323402	0.649833476461724	0.481606371621984	0.484644820302764	0.706391675063577
ADGRV1	0.654436690335468	0.762891209421435	0.696507782615676	1	0.747097916722871	0.834618497899772	0.764522658374016	0.612391410090332	0.869610307501988	0.748227266156819	0.687430480261945	0.857080941145089	0.824770020943735	0.725982739185628	0.849324535620959	0.786269792027723	0.812014622199785	0.761523158501577	0.769774595673057	0.825373310563783	0.701643490022008	0.828464954045121	0.696048056664408	0.489591000756095	0.494259989410947	0.794764892599223	0.726193787965045	0.447591305765069	0.765037788812906	0.721259938517027	0.744454401816021	0.792865415760078	0.807316410782615	0.776666283123765	0.730423943595141	0.689056818934767	0.822495640953805	0.757022016752487	0.714158340998407	0.760631691492599	0.726445254203253	0.865013282057904	0.617017718361119	0.413439261693511	0.748585004717685	0.694935770625338	0.681680554633883	0.680062221477769	0.733070454698061	0.883448964996378	0.657686326460886	0.64555589589519	0.911483993405222	0.813625943808744	0.559356285685555	0.698003909476811	0.748566978212482	0.802560075425978	0.686662798868462	0.786693306150263	0.686710921445018	0.802201937630592	0.797722612842409	0.591319083024775	0.751378002659532	0.721092266778722	0.625203510214807	0.862188913516456	0.834892525358983	0.684677064065589	0.788615243142553	0.868329652683934	0.780722097131801	0.382431842409673	0.819756848742487	0.790546776651911	0.815712882664347	0.749713467552678	0.7854851562235	0.799624253674054	0.798289447642553	0.597601927060695	0.755594941066688	0.749417972970173	0.794408580057606	0.77852857172595	0.757831581300591	0.827325063486077	0.772524079854629	0.653445830845886	0.692032206642838	0.869049469041551	0.766193473637676	0.742398360893985	0.324503137343246	0.594341189863799	0.566885641989005	0.511756859651885	0.646867471507957	0.631122445916741
F2R	0.77169933486649	0.666794870625353	0.674049612496505	0.747097916722871	1	0.826500712441049	0.840242730501341	0.748344795284802	0.796408760814292	0.821861224155472	0.777952362330609	0.807892610704275	0.820503082344929	0.641355074336951	0.88444241791116	0.754857194862568	0.79806370800759	0.717107459109028	0.723797125636686	0.694602455682006	0.790656619438544	0.88926455992007	0.647024983489815	0.593014252080291	0.677356018383542	0.741334177702583	0.808299870829857	0.581607684290299	0.794433249816122	0.762490596110665	0.840726735721975	0.773704094756848	0.780192602733906	0.698292647765511	0.866162116197138	0.800633366024831	0.786268782300352	0.81026713814972	0.83127237187293	0.827366453537388	0.695853985239927	0.713722085095792	0.865098829462063	0.671681803695223	0.60827447243979	0.701234582588539	0.706768642140715	0.896531341613023	0.782157154421921	0.858163251932447	0.689748593088258	0.819276003071588	0.756078620627251	0.741151170736332	0.570822061743074	0.706378614263454	0.763234954437958	0.696002667429456	0.705933206291516	0.784959439197172	0.697530324003332	0.796790912482833	0.808913862161188	0.723858646521274	0.82027638722391	0.730998823335192	0.611772863562529	0.82018437225672	0.617908123802586	0.785677290989205	0.783664799708391	0.878903483647741	0.816045314994264	0.604749876644223	0.827519958650336	0.768238158615914	0.816825734409851	0.847848897582894	0.89313449460999	0.820728664549156	0.864010080261108	0.778569641900281	0.720380417347191	0.742402280009432	0.823341338591566	0.803600004787914	0.896164966925788	0.925931520192121	0.831720805563502	0.591857478375561	0.714027701898505	0.891105643648687	0.717987560781189	0.822481642118762	0.556762050941738	0.769226966519701	0.74269564470518	0.699699060593712	0.80441846524681	0.750850661269773
CANX	0.895824169552186	0.877074334042577	0.887910819568846	0.834618497899772	0.826500712441049	1	0.894593893825429	0.747451123696396	0.957636380030312	0.880704614492528	0.87573182741323	0.983146813893401	0.973109340270834	0.886713921661291	0.935683437867768	0.950401280710723	0.987129809996173	0.957879851733122	0.956584780916082	0.929788025231704	0.886791761576268	0.895124826467012	0.815665619145002	0.316102876274665	0.658736397818753	0.910769364165618	0.943203869422197	0.686476589611376	0.955281546548754	0.922267421301197	0.904385375755593	0.945191809639584	0.958154635222502	0.948192555768126	0.762947659540823	0.852822260067171	0.8917016286656	0.952806645226391	0.860179768190384	0.788113240600505	0.905999878781936	0.820132718616648	0.666551275323258	0.58200680480432	0.848034225219317	0.897213558007844	0.841095500876041	0.737968500595207	0.942465124151989	0.926179377473466	0.850957280204481	0.826114869839943	0.897677020627497	0.953465090195492	0.80585757447583	0.862311721640418	0.888674670385013	0.909570560648198	0.923541753455278	0.984180922081247	0.892708058169851	0.829673195831286	0.968004627024343	0.713277246665982	0.828016841842507	0.914438137053751	0.817927116204869	0.962400869105483	0.900341736354849	0.735820578002052	0.934338507313166	0.969301368847244	0.903944535471952	0.473827546727993	0.978154282053984	0.957845369661643	0.973047514680939	0.903187529543587	0.764887396852235	0.858766083650438	0.951892884926252	0.512336295601124	0.959029060302717	0.974025246785606	0.930358785125453	0.96383228112628	0.798299034809859	0.868556585181584	0.860298801974331	0.834448189518955	0.956023083282184	0.964530365220908	0.958813112654559	0.885262455287358	0.202822002067422	0.683828877076399	0.7452110310303	0.641538782359398	0.701137451198231	0.817882880359799
ERBB2	0.828082809070905	0.789732543941728	0.756622489269396	0.764522658374016	0.840242730501341	0.894593893825429	1	0.692148224535743	0.869946298431589	0.830254397485637	0.809831397754133	0.892604584128882	0.876114792722159	0.792131170698732	0.871443347689544	0.82891573049481	0.881433082028405	0.851023949070605	0.845457242593741	0.808854098461391	0.849130375284081	0.891398579890518	0.702832799164139	0.387196902986261	0.63000218290925	0.823088830553415	0.870165870365514	0.698918396201751	0.893060012615002	0.848887028010566	0.864152664492635	0.867579262809873	0.882754858654648	0.823954514222741	0.798987274816549	0.853923194847631	0.821112723674621	0.884273666836463	0.819794486386466	0.767957111891229	0.81445734729133	0.721764093909542	0.702680875478866	0.589123347535288	0.726886056387278	0.778214311608783	0.765380516973617	0.777381958194552	0.866153770761225	0.856329117238613	0.775013826563954	0.777964257161582	0.793601775081701	0.85638649948621	0.646329920792433	0.804317846667299	0.825080588533158	0.815872030449184	0.835394980015028	0.876864345992312	0.773428673627138	0.776327470343105	0.880351226496756	0.712125032955934	0.783366126237972	0.83142082393512	0.713051308612123	0.891378050885496	0.74396948901065	0.758521363699245	0.856535409701406	0.8863898029605	0.857501683287372	0.465789657184659	0.881611928604727	0.846586882545016	0.891727274010385	0.854460065672673	0.767568991043337	0.821356782900298	0.898464123922172	0.537073969683594	0.824433303576366	0.854040726916736	0.87954713720772	0.872240001766239	0.821062832865015	0.872137258466979	0.854670369137697	0.735004844222991	0.837654886409337	0.900807454915391	0.838280615473014	0.836432457182279	0.333740723904075	0.658364534354638	0.690423943206805	0.645248515929878	0.714357232817223	0.804438703859494
NOTCH4	0.73224284462791	0.652326926576131	0.613821512002735	0.612391410090332	0.748344795284802	0.747451123696396	0.692148224535743	1	0.675617766594806	0.680284446804323	0.678604929713245	0.710898175872719	0.715480648419768	0.688919975846469	0.7365883549586	0.760770601284626	0.770704355877365	0.703998148853294	0.69781098472244	0.66855422667204	0.74556888591666	0.680350571123176	0.54332752291892	0.193590680556681	0.647485166630628	0.742938923737549	0.811206490512361	0.619633711997682	0.775637191667416	0.738784506286377	0.876700604331165	0.748874280345179	0.741150176077002	0.715555598179426	0.708249556724618	0.793075576855959	0.694938684913198	0.771903859141224	0.855949611917238	0.707865732095841	0.700825378433174	0.55613031551378	0.678008857136805	0.891431590590962	0.57031913561752	0.657559426794254	0.635673052895259	0.802963308815938	0.799356475860794	0.68128299249917	0.672266965495742	0.944131253656581	0.647350777282124	0.72130765815747	0.588980797366066	0.740645632965028	0.737140780116324	0.674033896546915	0.697417496779792	0.740823538499352	0.731519279699329	0.554414666738767	0.802007999478545	0.826254661626173	0.645574674830505	0.707629459228769	0.631028134440713	0.754530109169868	0.624824687624862	0.777782400938973	0.744746142216989	0.748807021488779	0.737570649360265	0.902155202447855	0.740511736305108	0.792588331683318	0.736804740185442	0.777323384981354	0.591450342737709	0.764159775734386	0.796857178498064	0.594819233308717	0.659420610670695	0.707500438242321	0.745832185669031	0.799209435758944	0.669197706818873	0.727927881995375	0.75235337368162	0.596330748622263	0.688923804197818	0.744696055370501	0.691093350457163	0.86165882079607	0.171952434469466	0.900355743333812	0.879248222603207	0.791560534790011	0.784451482017018	0.725516591498704
ITGB8	0.859545361640299	0.901060038821016	0.894834290037498	0.869610307501988	0.796408760814292	0.957636380030312	0.869946298431589	0.675617766594806	1	0.877021325902651	0.85347942627249	0.977933524526122	0.939570158226059	0.903008761318097	0.905761791058639	0.942049187327419	0.938926096187524	0.902947258696373	0.923260829789765	0.969582466551623	0.891384001725728	0.892500449611535	0.815281586880957	0.313907403148326	0.613399137316801	0.903405461256604	0.88304192668697	0.600336523231083	0.943810409886448	0.892523720332446	0.855317170799679	0.910760221393604	0.9262331224635	0.930077919066676	0.729112935318726	0.804685580835699	0.925570393608466	0.890787313454176	0.816510961630721	0.791526865670592	0.903910452501204	0.841716257163898	0.63734202077702	0.525270886155142	0.873403998826839	0.859656114123134	0.863353018476711	0.665320396059022	0.905225101445079	0.901354837808539	0.835218489303968	0.755942155958053	0.948411498396877	0.960743436282967	0.790371321707873	0.870289484976251	0.87245444231448	0.928707783707614	0.861008818473103	0.926805032496822	0.861886607074214	0.80267947145604	0.915278042562453	0.639149793125429	0.841577599165369	0.87480295053906	0.785405047482588	0.975581941669352	0.922877418950063	0.761750288064212	0.894610209712821	0.946740411751349	0.849586597810474	0.40951429096657	0.959769477123926	0.919163390675008	0.934089711823032	0.88070037250767	0.776915317654749	0.893412190854282	0.894994568499394	0.476927873781723	0.918168043449414	0.928731131033224	0.874192282617865	0.924805075775002	0.740314304461313	0.848994840246378	0.847551058779119	0.839439019736158	0.88563250248753	0.9350678957542	0.914637235145288	0.873277329839377	0.183744792775244	0.617193301696635	0.684694737175185	0.558439173384209	0.631530657949053	0.779451136914749
NRCAM	0.825794438103466	0.809494171650437	0.777515778739906	0.748227266156819	0.821861224155472	0.880704614492528	0.830254397485637	0.680284446804323	0.877021325902651	1	0.878815427610501	0.858614533846875	0.86911062293284	0.745853325927725	0.880184768262283	0.840783110413442	0.858833500678536	0.776016642057115	0.778263039525266	0.842754246440167	0.876246982234614	0.854431785479164	0.779050347549649	0.327600783564602	0.782667589005761	0.832705892973037	0.81692338186171	0.602520264634638	0.862555504711687	0.861674354609237	0.862647593855891	0.841713714976675	0.867781734368555	0.79772442497535	0.772543295255238	0.790788448435933	0.867980859795124	0.859761018333079	0.831622051797479	0.821512798728654	0.782586577582576	0.773128471436496	0.687672179243883	0.593295921726205	0.707399271624342	0.735148348234522	0.866340231575171	0.688443720336229	0.860532899949921	0.797223894459123	0.78925211407316	0.773741798310282	0.813966057035158	0.822522497584247	0.737894125912756	0.808483279192993	0.835595278729704	0.778064049553546	0.741207561341957	0.845957320755763	0.763438955920231	0.852486375165632	0.847711948191369	0.593311888816831	0.767942182643792	0.81380929467827	0.6654037465637	0.887657168294841	0.755686185998402	0.786106078861792	0.816976737739577	0.882176683533405	0.860707233746415	0.483174301712217	0.893317247552896	0.850539212347662	0.862041393458183	0.872723382575223	0.757331700152703	0.899895502261033	0.86023519644415	0.560491125008512	0.813239606493455	0.837389028354357	0.84817996607769	0.859516838019294	0.739556227563759	0.843408457368183	0.854047809295645	0.729076565440169	0.798991420963404	0.874827952211829	0.823509724550163	0.875814293169363	0.360025652938346	0.689437166021578	0.737887572588523	0.6420406125075	0.69672985055981	0.761061015424873
CD9	0.834738336187648	0.823054852947864	0.764652872410941	0.687430480261945	0.777952362330609	0.87573182741323	0.809831397754133	0.678604929713245	0.85347942627249	0.878815427610501	1	0.860983546352613	0.881164677060152	0.824060650647205	0.830567989897618	0.820188331548082	0.845752045151084	0.79012294013978	0.843365293438032	0.8471872078473	0.876316174698566	0.833836224946736	0.652067454740005	0.335778067395462	0.847866066849987	0.795244328019207	0.821637316121219	0.645397455919989	0.866420264436023	0.896664123838884	0.819038074877406	0.828280829704808	0.878405149924401	0.801542733746588	0.757226729571829	0.790720716286297	0.886132114172732	0.858855610549502	0.79195445506408	0.835188633525811	0.814225009781253	0.740292501266979	0.710615628507772	0.602621875694077	0.692501800205797	0.732371688677587	0.85327022791632	0.668149157197436	0.864462163936262	0.803909474413032	0.810974381783033	0.744192751614449	0.824433293442855	0.82601921375333	0.816225509505647	0.796024951889419	0.819526894588998	0.788556732591191	0.763257247693092	0.86046755864631	0.769356981734554	0.744109719427968	0.83384188655241	0.608790983756714	0.708456813353879	0.83055744193571	0.637682397535734	0.853740490167738	0.77909813645439	0.733045190811013	0.793950474619095	0.881681940775509	0.846184750410032	0.458987278100209	0.862381476477993	0.857042256664435	0.860600826883264	0.890326850126203	0.731101642258693	0.77713589903104	0.850897755355729	0.541702459487401	0.787097195834297	0.845788517170028	0.809558405797951	0.840268276889769	0.734602360590533	0.797193806938037	0.787177280811318	0.790163658479721	0.851116036001282	0.86666792894106	0.825256838809259	0.852336357364069	0.231819282732381	0.585169733763595	0.719581095847752	0.607007361650623	0.653987960599758	0.79373157654111
PTPRA	0.890468863196945	0.881600035731944	0.899152837610757	0.857080941145089	0.807892610704275	0.983146813893401	0.892604584128882	0.710898175872719	0.977933524526122	0.858614533846875	0.860983546352613	1	0.963674355511242	0.910255698120256	0.919855194673534	0.947790200004702	0.972460384357685	0.955826327153194	0.965169055813857	0.953013439652093	0.893586436578017	0.894909676141618	0.801592439903112	0.312170206768059	0.615743679601891	0.907576670479801	0.926653715709926	0.671789531487434	0.957151871393281	0.915653124487016	0.874497401595178	0.9367109676026	0.954242704138192	0.953690252191364	0.744416155006189	0.845043639443571	0.907167614231074	0.938105070417717	0.832284151829767	0.774587942628111	0.91313415648378	0.820861583346636	0.646953226323293	0.548369458408899	0.867809023882406	0.898495042649582	0.849111680447369	0.708890527538153	0.930676818582105	0.93004128852748	0.854320542259298	0.790942770726302	0.923118818874461	0.966763597804058	0.791416405719733	0.876668877812279	0.890157849603745	0.931011222694343	0.92352293294019	0.967488074352792	0.882323826963465	0.799424856946568	0.952938080736848	0.686612544935722	0.828274726511325	0.909855413499276	0.821196242785308	0.973721798196856	0.912281219216264	0.735710501760194	0.929082082381789	0.960964516531413	0.875489666083744	0.433366313924805	0.973460682944821	0.941091980362163	0.963226384549018	0.895943843805792	0.767945165771849	0.859026599881443	0.934557795940257	0.481424646164274	0.948166605442352	0.963196767579675	0.908315740802377	0.954131082677325	0.77847451029168	0.860971526228945	0.851489036793189	0.842476802726015	0.938965681641898	0.95584753074874	0.944798478724466	0.875698784053714	0.170516734779748	0.633250028537792	0.709203308579992	0.588498922737356	0.653886827108244	0.805209996808806
SMAP1	0.86315066670444	0.838586676147724	0.849950591417641	0.824770020943735	0.820503082344929	0.973109340270834	0.876114792722159	0.715480648419768	0.939570158226059	0.86911062293284	0.881164677060152	0.963674355511242	1	0.863049087923358	0.929011853495899	0.919115375958704	0.951544911526537	0.926040308182893	0.931847664984136	0.909954847937593	0.855758909698734	0.900014460570181	0.793321598279049	0.383046048360513	0.67606275867864	0.895485565440493	0.898790039823672	0.620418552705106	0.918422769198442	0.885821127272669	0.862209887576962	0.919178744875994	0.921372890644897	0.912763632313749	0.760216171033289	0.812731052489531	0.876328619702547	0.913559994281837	0.815833804211159	0.793783949868165	0.883928539003741	0.811738192964086	0.684800771372734	0.552581477408863	0.833943547459575	0.863230747419133	0.810813774130095	0.733790766784177	0.905204826566295	0.924403171560611	0.801723548715627	0.782543772109651	0.899578749923209	0.924897121891328	0.766434023629839	0.817387624120125	0.861629052361226	0.874630559748079	0.876883189403534	0.959012322806341	0.858938183608253	0.833039119641128	0.926956876268836	0.682548617155352	0.796880462980829	0.872682685734024	0.771306985412131	0.934833168558697	0.881753018699603	0.712621638929946	0.899423842558075	0.968682756465295	0.88672051295878	0.438710308192997	0.960127576894392	0.919975035223016	0.948356691672505	0.872649593265647	0.789708305729502	0.832998145839449	0.912711285214517	0.551283380408546	0.932194888251718	0.950110639696345	0.885473219807913	0.932320720123072	0.815670360853829	0.86729243074254	0.830437233552045	0.813219291059849	0.941284536480046	0.961887789374634	0.940346101843857	0.845401272105573	0.252292074416833	0.639641823311607	0.705021856586517	0.617428644944711	0.683672838174706	0.781148025748522
KCND2	0.857688182357281	0.870087449591838	0.852355008320943	0.725982739185628	0.641355074336951	0.886713921661291	0.792131170698732	0.688919975846469	0.903008761318097	0.745853325927725	0.824060650647205	0.910255698120256	0.863049087923358	1	0.759746889368618	0.884484820820367	0.891915220754403	0.877677408945149	0.932391983216345	0.937828953065397	0.880682311119436	0.750878411641286	0.680649725395842	0.087412861393188	0.615353940717789	0.873490639849702	0.875733526961156	0.689933254264809	0.918031121407549	0.90083180817738	0.800147820385687	0.886809606203766	0.881869330516829	0.90579872412911	0.590159483273813	0.818165228736136	0.855744618215718	0.842028017538268	0.747846547614111	0.674649810467471	0.928713435095525	0.692092816696223	0.501356953837096	0.576151110172933	0.824199431646868	0.794241647186218	0.824930225561355	0.561762799978103	0.913523892081636	0.790481577341438	0.817978552183847	0.74396293364701	0.859696757088914	0.926816973164964	0.830739857564418	0.872607717337974	0.826890672332227	0.92596681700253	0.888668273043082	0.889689456191286	0.852112300813938	0.605021725514262	0.884080701313285	0.658519357627553	0.678370012748191	0.845570254478157	0.785691984765095	0.906607976454026	0.881773777035304	0.699572893502147	0.840648646004108	0.827682952356412	0.775436314788156	0.435975644638949	0.880011739941342	0.884757793937618	0.882289944511511	0.83244396163883	0.582005233984116	0.77684590812601	0.841905367421374	0.289465738907285	0.845611653830064	0.895669927734976	0.802366164981204	0.889433742381303	0.601278153117668	0.694646122215474	0.741920066584431	0.834565203228009	0.873492777863078	0.823562733199135	0.850581552877074	0.834736462610003	-0.0826826372620186	0.533060054786762	0.666402564411681	0.505543398862068	0.520499869786227	0.791317645507169
TNFRSF1A	0.824473680397127	0.780478520812893	0.801125408221183	0.849324535620959	0.88444241791116	0.935683437867768	0.871443347689544	0.7365883549586	0.905761791058639	0.880184768262283	0.830567989897618	0.919855194673534	0.929011853495899	0.759746889368618	1	0.871403771897522	0.925136904606493	0.86510989013537	0.850613940009984	0.848930610898931	0.809404082000053	0.909814052514665	0.821462406250531	0.452688083486162	0.63282014529903	0.871852081805472	0.87236292951699	0.622278387344884	0.882092004511444	0.830153255793976	0.876035603258302	0.87228275646653	0.910530751946682	0.853226021353413	0.83715420860838	0.807851285851518	0.876257076710153	0.89436710291511	0.86833270355784	0.821949658551925	0.7877663943845	0.852165610684559	0.741110897357477	0.583153380330353	0.734229640556204	0.814898093790023	0.765026977361536	0.808838991812665	0.868241955139311	0.917589601831984	0.76849361901583	0.811596336131299	0.876208983744784	0.862475361940089	0.675044285260395	0.78184426834566	0.823483170253035	0.78929489408968	0.805317063672518	0.905737351231182	0.806446084995934	0.872277428211446	0.908541830720937	0.695356009617867	0.831562430723703	0.834978782946963	0.69122865618421	0.928486508233618	0.813277706952824	0.737096064076995	0.859920136682925	0.962484553587136	0.898368416397894	0.501185672187594	0.922241680890932	0.881526565006402	0.90713516909949	0.860869451670527	0.849523391712925	0.871538809255835	0.920190428094717	0.67039413019848	0.878962971394107	0.879555514624393	0.903889138314841	0.900477314117557	0.872579622869703	0.909748863509691	0.855102255893597	0.750318562673965	0.850232591750979	0.95734361558276	0.890213048898665	0.86121740058602	0.40907851770361	0.742942363363815	0.747034535729769	0.705705361137307	0.787808497976807	0.776951008865158
TFRC	0.848404659675325	0.853093378228684	0.907550282312103	0.786269792027723	0.754857194862568	0.950401280710723	0.82891573049481	0.760770601284626	0.942049187327419	0.840783110413442	0.820188331548082	0.947790200004702	0.919115375958704	0.884484820820367	0.871403771897522	1	0.942419790265323	0.927436045861215	0.915808773744906	0.943065272932701	0.886483018765913	0.825959030889989	0.803170671915464	0.171207366330937	0.64116538687033	0.89920289146346	0.896360662481834	0.578072316759012	0.935050667407404	0.877800741261364	0.896084499458047	0.887529493891795	0.899686931948384	0.963435072861666	0.655124061980024	0.791291414562442	0.862051171839627	0.914289326506555	0.843962513618315	0.720099930331482	0.894069825963961	0.771974478578298	0.568341806246226	0.632921301699347	0.889871100538712	0.903360926436693	0.839940386153396	0.667181162541176	0.909716600835499	0.840211853247093	0.869729152751198	0.831544087303566	0.866349225186368	0.972964216762413	0.821100338481425	0.893891462119679	0.874606518362437	0.917464892627614	0.878661901200658	0.930071376156151	0.901926636954808	0.730358582892243	0.928266985742813	0.68129033960801	0.828327736532842	0.899092337246729	0.844952387691886	0.942159148811638	0.912235042867472	0.738007590476019	0.927255690222189	0.91993761274691	0.815584380813695	0.534022571660833	0.94855299590695	0.961782998100217	0.920549518454962	0.864131221333978	0.665317862262698	0.882417527358914	0.873117341858212	0.412530831276877	0.936144169205863	0.947316401771503	0.846517658225355	0.943777424706802	0.66502313381319	0.785959245109083	0.834823744107524	0.818856934365956	0.913680985398698	0.893118593223267	0.948687590029152	0.890205062017838	0.0550434344689875	0.706848643619272	0.758236513613158	0.625878343279554	0.639861683196746	0.752213850060829
APLP2	0.901886945718539	0.865245143820743	0.893906085299096	0.812014622199785	0.79806370800759	0.987129809996173	0.881433082028405	0.770704355877365	0.938926096187524	0.858833500678536	0.845752045151084	0.972460384357685	0.951544911526537	0.891915220754403	0.925136904606493	0.942419790265323	1	0.963774765364629	0.955097581519503	0.923313646168632	0.873388392987161	0.857378527545792	0.829497734871161	0.231155696844478	0.620743901124335	0.9147133730929	0.954138846707077	0.730816707338718	0.956654281519314	0.921074940167624	0.908157480867443	0.949795787511228	0.966357179762398	0.954242491881864	0.747781586676265	0.860876414295054	0.876354327204357	0.952680851986963	0.871316537576014	0.756491960476688	0.899140262905044	0.804452276594851	0.627379807485827	0.608454051756188	0.820082130230113	0.888771259160324	0.821428529737749	0.73308454677189	0.94913109572705	0.901180637055688	0.845139828038442	0.851837331124137	0.879548730278275	0.94378054783729	0.799357029580102	0.873287534297301	0.87377918935296	0.895747829304471	0.937923810829828	0.985281252797329	0.899895869561319	0.803573760665748	0.970944025092665	0.741368249091923	0.787060760360285	0.926954214518792	0.808278337644094	0.960560009430672	0.892589982392089	0.715487898779448	0.92578599942169	0.944129441219681	0.893463365041011	0.503719770245703	0.971914937091327	0.953509842166129	0.967850375134019	0.884861047225381	0.713987960879312	0.849639127494024	0.957973600569769	0.473852310716144	0.962428737089679	0.972784091959186	0.932097549257077	0.97024949986454	0.765574517968867	0.836367880791547	0.842655913091749	0.842690705508735	0.953071309393104	0.942958853752999	0.95625646633145	0.884974284838532	0.149603435792754	0.699174468770783	0.763854498654166	0.653900102838647	0.694194798115848	0.829172753302322
TSPAN5	0.869604569092687	0.806785544888688	0.876636613203746	0.761523158501577	0.717107459109028	0.957879851733122	0.851023949070605	0.703998148853294	0.902947258696373	0.776016642057115	0.79012294013978	0.955826327153194	0.926040308182893	0.877677408945149	0.86510989013537	0.927436045861215	0.963774765364629	1	0.965004691418185	0.889084697620852	0.841766546356853	0.817143431702368	0.781025570262386	0.19564926175152	0.535017112366788	0.873239009309244	0.923610734912915	0.700433077128999	0.923994421387443	0.875659946370145	0.846090248663173	0.91745523140294	0.930742734245365	0.953017489418674	0.654800621679699	0.816037167740544	0.805602767207772	0.929369255423608	0.789078601809551	0.657629273277338	0.890824156832977	0.719183699661501	0.5475565807101	0.529726660097752	0.839648183804434	0.91717019216374	0.777750763728355	0.66987587174085	0.912572652714656	0.868820737269777	0.833237127724446	0.778105676283269	0.815016998350295	0.93407833772574	0.749375771963109	0.848045438740602	0.859255589101727	0.885327279247403	0.958160669272102	0.96719526280905	0.867120979279938	0.735418608671254	0.940608924737533	0.690291865392721	0.754933600263316	0.898864766871044	0.843604465230056	0.910001804825773	0.872016993793001	0.643685978456619	0.92397634926814	0.902198025897009	0.839060829867191	0.415389399528511	0.935075938422465	0.923344110276801	0.934463689810113	0.842226191281637	0.64910970686995	0.76989377970919	0.903621428865505	0.362551433096782	0.963384916125765	0.97183537087458	0.8850975632021	0.945522910148928	0.715964932132035	0.776039544821999	0.788367030580834	0.810670719815689	0.962582647209322	0.897722560711586	0.957831256109082	0.818237859689664	0.0624709095614389	0.611713531806259	0.674095483678721	0.561247020675238	0.601096198997173	0.776344491735339
TSPAN12	0.893366259345057	0.846320469137714	0.865882533043549	0.769774595673057	0.723797125636686	0.956584780916082	0.845457242593741	0.69781098472244	0.923260829789765	0.778263039525266	0.843365293438032	0.965169055813857	0.931847664984136	0.932391983216345	0.850613940009984	0.915808773744906	0.955097581519503	0.965004691418185	1	0.916781324858392	0.871864267344919	0.828494649612315	0.723659213277463	0.225171312902439	0.587723091291364	0.862849611885238	0.927853656712727	0.723508999938068	0.942744788442797	0.920999549868153	0.83681044391119	0.930926943893949	0.937817033311636	0.946566464991877	0.668698610381826	0.846564133686376	0.860018497733726	0.919835862327584	0.787792009461091	0.699328293559211	0.910823327047714	0.728275708184387	0.587127079264295	0.535681610722538	0.841674428312432	0.893945068055892	0.809630905110235	0.657960916264562	0.931479533665416	0.892128561308256	0.840242870734879	0.766119062844505	0.85711312678768	0.944835275289258	0.813696661754261	0.86616702502628	0.871012210902911	0.918252953682555	0.956872772817824	0.959003100156842	0.879613196889821	0.695594101987111	0.93790270100974	0.681983522007982	0.757052604450235	0.892765700807212	0.81955022288875	0.926180397678851	0.884757477946245	0.66713734695669	0.904151728343836	0.911440305918424	0.841056097449087	0.409650894631231	0.93419213508853	0.924928595280758	0.938323072502731	0.865505276791992	0.683677294582538	0.761791597852879	0.910699614036233	0.390417988274719	0.928024422523895	0.955832930281643	0.880643035841044	0.934576556719822	0.727994164988361	0.78872337191961	0.781958138228425	0.83326783983119	0.959599437071583	0.907980996846768	0.924231202375858	0.838407569784667	0.0474034589417766	0.573541769508609	0.690714743862339	0.557222207004631	0.604610539473625	0.814596489088648
PTPRZ1	0.835790887633514	0.907892312765838	0.903969676147122	0.825373310563783	0.694602455682006	0.929788025231704	0.808854098461391	0.66855422667204	0.969582466551623	0.842754246440167	0.8471872078473	0.953013439652093	0.909954847937593	0.937828953065397	0.848930610898931	0.943065272932701	0.923313646168632	0.889084697620852	0.916781324858392	1	0.876649170258169	0.81134056696629	0.805643143251913	0.147067163751497	0.631992525550371	0.914088983370343	0.857272943447133	0.591475607876501	0.926416912526165	0.889314615305562	0.826621302381668	0.888889035162254	0.914272149398655	0.943959316380915	0.643908568814486	0.771182765148449	0.914134551336126	0.873472122006193	0.787794728439855	0.746647253135693	0.914579504359959	0.831230538236843	0.522369373747711	0.538000883987625	0.888935900543693	0.831782422620845	0.871154453535355	0.568492993370647	0.902809062891765	0.833207500286632	0.839280713765319	0.74100467932287	0.940235361962883	0.964877542539115	0.837658225242476	0.883009067569122	0.847741512725307	0.934575750518279	0.844957587357038	0.909761064248839	0.874004989100199	0.732141401437514	0.898324115013389	0.61323975691916	0.76366449605593	0.873604435154036	0.784298558196805	0.959154224005627	0.958027477571044	0.7161578363121	0.869988270916452	0.898722732315114	0.817520454096479	0.405964002760247	0.931935404794413	0.925537612295313	0.905949534396308	0.846664680240262	0.651914331098177	0.867932385693455	0.849391019195866	0.361831546718931	0.903050890229015	0.924060059357217	0.829892159217241	0.911954908856984	0.624971571515762	0.746305376319305	0.792923493021307	0.871130409947177	0.879081943912578	0.875218161713556	0.916566011663977	0.861413369325057	0.00313567176692916	0.575240205979084	0.678697096768473	0.532835912658696	0.560270065273432	0.74545804858463
LRP6	0.899764012832343	0.83882093330573	0.822556740419933	0.701643490022008	0.790656619438544	0.886791761576268	0.849130375284081	0.74556888591666	0.891384001725728	0.876246982234614	0.876316174698566	0.893586436578017	0.855758909698734	0.880682311119436	0.809404082000053	0.886483018765913	0.873388392987161	0.841766546356853	0.871864267344919	0.876649170258169	1	0.843524241137633	0.646214825209334	0.220264024434522	0.745054635527842	0.836028270361572	0.897813893739927	0.678691247157419	0.932425372165556	0.935228412140296	0.890736679623746	0.874356736828614	0.875172635058781	0.858744236745	0.68236715877428	0.879091465958875	0.869262755768713	0.880292801553053	0.841077538596759	0.767967736218793	0.872025849085946	0.647222998685571	0.659174658259564	0.687251179361947	0.800286234199851	0.820786073712253	0.901195801900267	0.68456568738403	0.918608923268487	0.800437455493404	0.892589067017943	0.825873416271058	0.801275752790353	0.899802995126807	0.826762992221714	0.900013125998777	0.910318783989684	0.875671969358171	0.862194219037707	0.866325116725026	0.840649003119372	0.657320884278026	0.884793954043837	0.67890575894745	0.776508915173706	0.847495250033298	0.814815527702866	0.900348821728243	0.769785491857038	0.840811307347948	0.889677448927889	0.857161664362104	0.812585524520364	0.555661390061157	0.899097076822193	0.893000649441727	0.874902456489028	0.923908176768165	0.696447680346919	0.866990906344067	0.876463657142944	0.445720765337271	0.811668254311736	0.872045264660801	0.826053424345243	0.911637960547804	0.690733775983296	0.800843835663713	0.885610167927594	0.754753905141141	0.840754218221819	0.855053256791524	0.816595692935828	0.92980097703964	0.145684275052277	0.685583641446261	0.780118009089641	0.619795343327077	0.649058921385674	0.850578549353817
AR	0.805738537117713	0.788186814020687	0.735109693149799	0.828464954045121	0.88926455992007	0.895124826467012	0.891398579890518	0.680350571123176	0.892500449611535	0.854431785479164	0.833836224946736	0.894909676141618	0.900014460570181	0.750878411641286	0.909814052514665	0.825959030889989	0.857378527545792	0.817143431702368	0.828494649612315	0.81134056696629	0.843524241137633	1	0.663544291603485	0.567157139373411	0.654632506011549	0.807053978189078	0.830809997922273	0.608687546725716	0.861221082944827	0.832204920461995	0.84570155937699	0.854290747466911	0.863444124386958	0.786036789355989	0.821866401639799	0.838560119054538	0.875885388075717	0.846378364084706	0.830979542488656	0.843983739295548	0.774972281333444	0.769122319345581	0.800641667934023	0.536084106545136	0.745014256005325	0.76920608050692	0.773813957718685	0.784880077689297	0.835613762315767	0.919815263413455	0.758607876185326	0.744655384957888	0.846377750948184	0.838799114219577	0.641087437931307	0.775862546625014	0.843928833399953	0.802707709583524	0.780463307559899	0.854521256314252	0.772191812069424	0.794967618598762	0.855185877424303	0.65280282889855	0.835340102712987	0.770229507657664	0.678743106202189	0.893278237737606	0.753112897592126	0.799066913952483	0.849728592398215	0.939335389252648	0.866780021768731	0.465542705684002	0.895655039177373	0.839514487987094	0.88389351021457	0.880828372396338	0.890706912753753	0.849509819290209	0.890299967650829	0.701936571309242	0.792083621303712	0.817646070444569	0.859545257819801	0.859743120252785	0.887743946004758	0.933154744321521	0.87791014003961	0.686165212260198	0.805520532372238	0.940019816480706	0.804777645888854	0.833501388472388	0.4510755037877	0.681451309029976	0.713961929867644	0.657907057711247	0.768881750393201	0.784031760580227
