""	CD74	TLR2	SIGLEC10	TNFRSF1B	VSIR	ABCA1	HLA.DPB1	TREM1	C5AR1	TLR1	FPR1	LRP10	TFRC	ITGB5	HAVCR2	ADCY7	CXCR4	NRP1	CD163	TNFRSF10D	TLR4	SORL1	ACTR2	PLXNB2	PLAUR	SDC2	KCNQ1	LAMP1	NOTCH4	MERTK	ENG	STAB1	ITGB1	SIRPA	ADRB2	SORT1	AXL	CD4	TREM2	P2RY12	ADORA3	TNFRSF14	NCSTN	GPNMB	LILRB3	APLP2	CD9	TMED5	PLSCR1	PLXND1	NRP2	RHBDF2	RPSA	FGFR1	PLXNA1	KCNQ3	CD33	TSPAN14	TLR7	CD93	PECAM1	INSR	LRP1	UNC5B	FLOT1	ITGA9	MILR1	PLXNA2	CX3CR1	NECTIN2	ACVR1B	IL6R	ITGAV	RXRA	TRADD	CD40	SDC3	TNFRSF13C	SCARF1	PTPRG	NCL	ERAP1	JMJD6	STX3	BMPR2	PTPRA	MCFD2	SCARB1	CD46	CD47	ATP5F1B	TNFRSF1A	STX4	TNFRSF21	PTPRZ1	NOTCH1	SLC16A1	CADM1	LILRB1	DDR1	CD82	RGMB	SMAP1	PILRA	CANX	CCR1	THY1	PTGER4	CD81
CD74	1	0.677641076087036	0.786255280777321	0.607248207608429	0.744013398508832	0.743920504771779	0.968266496283017	0.32102759564341	0.534774755431583	0.760209962720859	0.608369669535547	0.840118728580403	0.647797219129042	0.809937988747205	0.806514694992538	0.673047306836085	0.694579497005452	0.620434344809275	0.924190492089448	0.341503895466822	0.825145035082457	0.681670870388438	0.855032848625727	0.75474499630257	0.552360692954445	0.662386301639547	0.62663554897434	0.856037837883487	0.748538029304008	0.674819390846424	0.741991261304566	0.573115185472443	0.879659349877436	0.853265708472103	0.683659022894341	0.584643696379542	0.820917365023512	0.846200801096515	0.846833307132796	0.625883605285593	0.729685787689221	0.902694524504698	0.844652698395771	0.835363007139475	0.858081638749941	0.775054832649095	0.897232125568005	0.769861719290467	0.788332752941661	0.620870727712759	0.574774618901943	0.574703065827129	0.817733637706096	0.624704682092898	0.411306854332449	0.694695978309477	0.793649465858104	0.818562054893498	0.642002213200727	0.685620481833884	0.914610960287525	0.694222061182532	0.779206392471404	0.585988660487191	0.682780329261068	0.489624446358318	0.89262462435722	0.439563883895227	0.38454877036836	0.748816624953545	0.681269680923839	0.65509801341365	0.628687390751491	0.766383899060582	0.755530120049071	0.614930098682257	0.724172564949494	0.722363806032498	0.547695541170813	0.358209508885528	0.624742680584248	0.622511397275421	0.565753639410964	0.649298565964493	0.628455357659632	0.521411156880188	0.789998358292702	0.733133312357127	0.751716199473345	0.711602637920961	0.795672235439039	0.793040668559274	0.66212300970471	0.490127707411691	0.0840639108958666	0.2512800202497	0.475145700955485	0.319541845609566	0.853220489900844	0.0513471714516091	0.885086453404443	0.0948204246653828	0.791317880324328	0.863382074603542	0.824042257160875	0.646581274704329	0.0692443901509106	0.754551615847044	0.925250968201524
TLR2	0.677641076087036	1	0.898483958145938	0.941529273869473	0.868382314705763	0.93851611706495	0.497131562599138	0.817932468209435	0.929761508102296	0.917269136793548	0.910766581600662	0.814022483468794	0.807008098344857	0.81698789397647	0.894603650256611	0.833694966200737	0.905026965377204	0.513176648170098	0.515718616268429	0.686322501323801	0.772365604973676	0.893698767300398	0.864515975004746	0.816327358417558	0.907505318505528	0.888745907817788	0.712097864181704	0.82198446836763	0.761596523296138	0.942821587114919	0.911440593277711	0.827121875400042	0.772681827096231	0.86840987462185	0.881929389354661	0.897731566810291	0.871943129268756	0.83904153271818	0.824043107941223	0.933297318414872	0.835995646926361	0.817641403472552	0.685170667352312	0.389851233556855	0.59872710850755	0.850604687504981	0.64128806113019	0.879628346682254	0.879807169258347	0.945984343227812	0.934121269782002	0.913864902378571	0.612108675142713	0.749731769221085	0.51709319233391	0.763547994748645	0.708384263879612	0.899559292662285	0.792086673428632	0.88021352204341	0.733117054173168	0.623455681976684	0.730221641718451	0.838748839377376	0.853296085889923	0.605270092739055	0.608309154386826	0.875853195679237	0.746145154642191	0.78615926025758	0.760249625049403	0.9120174046196	0.794238249911815	0.896950144037054	0.645080322605158	0.852859253582793	0.630968322628264	0.736637784931509	0.868612580345493	0.559258006909639	0.75377670829357	0.642112678272296	0.869326740582575	0.85607333291313	0.628172210953688	0.47083400644793	0.714747835711822	0.703443606952846	0.668229379185401	0.65264317212533	0.719967405735477	0.819684709646882	0.851470030145365	0.565225160268929	0.00801227075427594	0.32276297155194	0.623845069329986	0.133327138119672	0.856057768703817	0.0216414144033499	0.661367536798225	0.0289994043560823	0.577625131243757	0.847587802047861	0.751242915257779	0.754102557527344	-0.0314104265765706	0.90205293655189	0.798303331028269
SIGLEC10	0.786255280777321	0.898483958145938	1	0.888995561128159	0.937668535630338	0.910821378022913	0.619976007314501	0.652710655385311	0.817966006576811	0.889945658919605	0.894178760191355	0.923680125285895	0.760091822812035	0.935966789716495	0.954186302702299	0.823944886665031	0.842614349662554	0.629755195537941	0.585817643659744	0.625675974584572	0.853797840050929	0.941378222149758	0.91718771964255	0.872591823580915	0.776634925216385	0.875637590239907	0.81578682034377	0.922136410724473	0.779984950827278	0.902733439506227	0.919780940155538	0.876415384209127	0.861550455655468	0.944816928420944	0.846670242582814	0.870890166806053	0.965503624548792	0.952529497341767	0.931248168299293	0.891383043271197	0.927175260271057	0.87283034784384	0.82298868268172	0.527557297172911	0.722996218416856	0.877347858507901	0.76855631025499	0.94097305532085	0.918384905517833	0.84260252114447	0.846767921335719	0.874679195012396	0.723776546527778	0.752607830198455	0.489106082704931	0.790478802475169	0.896710192703129	0.924299829426179	0.85879015516358	0.903708149668886	0.833160856149278	0.643070287437763	0.83574519542738	0.862561879884812	0.92382951557516	0.713854365352677	0.782075213560831	0.805655655980158	0.730466924560136	0.78931913363752	0.765265250699723	0.872807836013163	0.800505165151112	0.888769797360433	0.80129361851315	0.81488122125298	0.688394241965402	0.851134160683457	0.837151516696519	0.556177581727908	0.702398947453969	0.704833083650964	0.813279504086179	0.867078166505126	0.658632597706749	0.50862665637794	0.812360109639175	0.771964788804332	0.709213657850353	0.67994069292283	0.803707604476305	0.928156969482667	0.801099131128962	0.536029233016592	-0.000298103208751483	0.269001546637963	0.528575904169777	0.162011531217243	0.942440274656937	0.0120110473842415	0.79369912274793	0.0216120975489431	0.639825432395114	0.938075242630817	0.831129804259928	0.80821898786302	-0.0328758204545712	0.869694618951893	0.905495145683699
TNFRSF1B	0.607248207608429	0.941529273869473	0.888995561128159	1	0.890349405247995	0.911607835575767	0.415846535658595	0.857148078429944	0.947619955522593	0.830643089276431	0.972962785265429	0.771053513509644	0.785860673473848	0.793344937733404	0.886814337748868	0.776268816637106	0.929655996568561	0.405465778288724	0.418725821498192	0.741744783802654	0.761403995401575	0.866303474297146	0.817419821307762	0.7458168251465	0.894335673388726	0.895014578510432	0.792372084035019	0.764147798891878	0.643509041245644	0.95117840268396	0.870623984408948	0.838220641535994	0.686367132119495	0.817056840926797	0.868349746295665	0.917303071331292	0.844075621234741	0.800595803405255	0.781454794031286	0.919408268890031	0.84610332982	0.769537523253434	0.636141443405017	0.289669347972383	0.571010597231216	0.810038932051483	0.583312335270452	0.891256653406762	0.8809788076915	0.926286871867679	0.926414952096174	0.96257743039935	0.554861050527118	0.711559667549307	0.539072293423845	0.689208925262376	0.695093032143593	0.882406719667944	0.836409751204612	0.84623369898693	0.679887442795822	0.585991994786146	0.674914438686579	0.830734835940967	0.858351048705186	0.539060836219897	0.535017369082715	0.906853471065761	0.69858389639899	0.771655326867622	0.736447324888423	0.933295164734229	0.748583166944022	0.820849837758794	0.593902865404642	0.823288568065667	0.592511883529404	0.717873903749301	0.885232988855627	0.535500818661764	0.713607156623995	0.624783322207208	0.908686182775565	0.80954345656902	0.582534637691898	0.461301254956981	0.666439087559003	0.64546991792869	0.59218211665783	0.59366400023867	0.682862048182659	0.788855277302358	0.854476478698452	0.525440559405	-0.0255948603902631	0.303493292509501	0.626758925030517	0.0600721361532968	0.820326445579686	0.0191202238546783	0.578227469922821	-0.0120609645171913	0.514846877035862	0.816362997908081	0.690557853344425	0.846784784117556	-0.0658123990870095	0.879815105305363	0.744721754284924
VSIR	0.744013398508832	0.868382314705763	0.937668535630338	0.890349405247995	1	0.827598918572494	0.581630630426933	0.647583454939982	0.789749262346427	0.845438728777477	0.917574584783771	0.900732174432164	0.627921954777141	0.872588798235238	0.882389826836634	0.877826442381624	0.853060658026933	0.621749058143677	0.495928645122908	0.600966553745309	0.794701949000408	0.909328217654234	0.819517272074057	0.775794037024904	0.714849360308145	0.811401913705184	0.864843703922898	0.845784296975913	0.733337629844209	0.898882460259247	0.863484370911438	0.904999772729294	0.753178467515422	0.86710829127542	0.793453069198967	0.860822524138991	0.933888475218229	0.911563818312076	0.847971280387803	0.86378442332357	0.955756630834337	0.799184469232363	0.742657727898755	0.389482140098627	0.621954121580217	0.773427672909551	0.642863123749386	0.868634811318744	0.859496205294013	0.820712590329986	0.787877111386257	0.891620922999394	0.651443299400186	0.588888905107359	0.434224402205093	0.695679880487754	0.866230322757322	0.861161040313749	0.886199163383902	0.908278153962103	0.803103121416918	0.53957253091152	0.743197248937578	0.805895706720902	0.907818039597544	0.705197926460688	0.729744772384737	0.761035378822728	0.730760330972705	0.73744078858368	0.683295965720391	0.811926285492664	0.698595809624757	0.844702687558899	0.650929168279753	0.748156403434628	0.616499828285472	0.870704526794134	0.848498010955249	0.45519210290233	0.588785633594613	0.558532566175892	0.797090700758986	0.824608744703672	0.561248881018949	0.46088334666132	0.747156194721547	0.662366717707843	0.569768259302103	0.556675619544315	0.723780651827291	0.92725126572822	0.70171726866663	0.434492963421649	-0.0911199717059849	0.173895631990948	0.472946950782211	0.0408122747310063	0.898942667110431	-0.0766612115008914	0.727903381766547	-0.0689419081684177	0.518949261525322	0.867038655663534	0.730212659552195	0.844957078003275	-0.115615184590749	0.78272633744828	0.828493079415435
ABCA1	0.743920504771779	0.93851611706495	0.910821378022913	0.911607835575767	0.827598918572494	1	0.579210268093752	0.769745562159445	0.90146624778139	0.904583849256015	0.881587253428394	0.812917259835769	0.904132405514597	0.849638728291476	0.944376061930116	0.707822994480734	0.903244676011936	0.478673198067765	0.625527103654964	0.733071716996197	0.866758578442668	0.855398132942432	0.916756338730453	0.861600013258597	0.902265484984057	0.869126187082782	0.677968608656343	0.858401869259427	0.736568754157157	0.92993199963266	0.914817494350484	0.749621750113431	0.843665017660177	0.903507021946269	0.886532097086472	0.890075229138425	0.878899497561626	0.868218365118034	0.847821901746129	0.888025830806146	0.803093889682749	0.875675747661462	0.772819840278673	0.540039103261596	0.712335791340978	0.919556920540177	0.75264872339871	0.934645763311984	0.939845862970697	0.91374673282997	0.920883874692341	0.866971007159157	0.671096641374002	0.839274607282992	0.620866530993963	0.782199613944328	0.73650807731661	0.931246402521898	0.800302833559677	0.810358700191239	0.757245450447312	0.726065995407958	0.790332083182319	0.813225385585387	0.820380588009987	0.559909759387051	0.637463555089621	0.831052308756685	0.628766120428569	0.81333067591827	0.812833506287221	0.934849763699289	0.829632801074622	0.851119069525022	0.724914369424592	0.806533823488678	0.698235812846531	0.70055353570046	0.814137412201566	0.599430700051247	0.816913221072498	0.804363265554044	0.869342052071748	0.832024267114684	0.679347070082282	0.524855577497173	0.733525838380067	0.778178210961648	0.782451833490642	0.73556151399305	0.767946695580475	0.818707367513927	0.937182762698441	0.61493229319036	0.090710439673572	0.394634500968983	0.640765012108136	0.245915271500782	0.859370009154625	0.110994219990414	0.68972159225669	0.111049232627299	0.691177228296465	0.876081125676456	0.815318697556251	0.761052389644231	0.0463724809991495	0.962904571343143	0.846403367479647
HLA-DPB1	0.968266496283017	0.497131562599138	0.619976007314501	0.415846535658595	0.581630630426933	0.579210268093752	1	0.123861481183929	0.342116629194948	0.611288153927956	0.41856372319765	0.719849380593372	0.50531476392741	0.678877225999303	0.656210426776386	0.535411679736991	0.536597834488924	0.550283200781411	0.939472871044696	0.162682123488935	0.713285007405844	0.505389600922018	0.731891972592485	0.610623786398163	0.377822477002085	0.499984113773589	0.481445813369567	0.742898753251579	0.641831293144026	0.491336556972865	0.582226551687847	0.391125247372297	0.792468764536089	0.724438309097337	0.531636898779138	0.392286161125467	0.675426808327672	0.714271631608522	0.733246296678017	0.446814907763562	0.574058379475029	0.803730654793774	0.767005815256611	0.874546847122998	0.815240445556805	0.640375157305576	0.855761301081722	0.617789011253871	0.641882252774338	0.441130567101448	0.387986220312154	0.388742016140951	0.769609836961313	0.496104827157789	0.313128009478227	0.572219927758574	0.680322787567829	0.682734989064566	0.480068792033908	0.519377178646385	0.85403164872611	0.623912759250061	0.672327860442474	0.41749010132293	0.520495039563942	0.357998569900862	0.85743233673127	0.235446042893056	0.214396851708991	0.63998005292204	0.564850597737011	0.485986327204065	0.483948276922355	0.626557139636184	0.670377254884863	0.463260222081774	0.647965136776462	0.600290136700627	0.363234139639829	0.228298801621238	0.506324401030075	0.49759863435138	0.390012637936973	0.486509080145295	0.545926015360665	0.45799462388308	0.689718134524733	0.633215550266811	0.680133064316181	0.63251391562962	0.707377975349207	0.655485595285482	0.514096094422118	0.406570951868945	0.0975000279296743	0.198954215546311	0.378866591218487	0.337544833576031	0.721405535187952	0.0519306746623854	0.83020387967806	0.103686603065526	0.760503323292486	0.74821768530543	0.726371613046064	0.500874546857249	0.0948061368035783	0.612615156458642	0.838218708622395
TREM1	0.32102759564341	0.817932468209435	0.652710655385311	0.857148078429944	0.647583454939982	0.769745562159445	0.123861481183929	1	0.91956310690266	0.631308477800466	0.818933318605007	0.46642271429601	0.751934657897225	0.4676919355027	0.64698682892598	0.524975486834337	0.8497283558285	0.104291984281566	0.199318555678307	0.764253550815923	0.535600649885783	0.70699296342171	0.593107689523887	0.546827583420084	0.897566117975845	0.766448565080908	0.553438867116268	0.484644217977666	0.427019605396814	0.829897021590972	0.681896951565016	0.588362784759964	0.445603033914307	0.540506925025765	0.72864676348682	0.843642203688075	0.614511753016453	0.560768001730883	0.518806686978699	0.740049458618563	0.554706559206526	0.572330672199897	0.348778132260257	0.0552346769146247	0.369477329247935	0.632383079505335	0.342993388809848	0.693644835840273	0.723681422403062	0.868020289939164	0.857459656533659	0.834267273684248	0.276621611628219	0.587602296415661	0.535518255836397	0.466243287171673	0.40308958235136	0.705361684663863	0.606515147722699	0.633261024657966	0.346150997342205	0.436361164062448	0.425061971710616	0.659264762934648	0.639861143438867	0.335089585603759	0.214433665160598	0.828940297343205	0.544166093571099	0.540664674292365	0.550703844385738	0.817518151205028	0.545653827419784	0.637458459251831	0.37428127125578	0.69776290091992	0.360595844523445	0.509348945802035	0.775791991871257	0.486818634020199	0.615702244673045	0.496112135659115	0.853146473607832	0.684096985644858	0.367127387895817	0.324597675971802	0.410163873462787	0.379492503714207	0.398809595541093	0.414853668076755	0.434874504367191	0.479202876597895	0.773724722606969	0.398962823906573	-0.0425822235371864	0.282593758353837	0.527381899267722	-0.0381285919151993	0.548575993339516	0.0123348859739011	0.233456940966017	-0.0193129005644843	0.304633903615742	0.579864102617597	0.452346143147428	0.693920078555243	-0.0956472530867974	0.749006846899101	0.456976362606252
C5AR1	0.534774755431583	0.929761508102296	0.817966006576811	0.947619955522593	0.789749262346427	0.90146624778139	0.342116629194948	0.91956310690266	1	0.788544131170291	0.915820627989843	0.696949680257436	0.851104069965913	0.705242973794776	0.828412228014881	0.672371431582475	0.936491675732527	0.233661794917151	0.387892370918458	0.702658163965448	0.66719999440063	0.83547295931597	0.783309714638076	0.708182578351872	0.966208064834142	0.909935824229819	0.701778981079114	0.712313938308218	0.650197547157212	0.910961877713658	0.856653499040176	0.712681727107482	0.657082002979203	0.740332661701039	0.795808877414657	0.896100367239457	0.800194662948802	0.732587318097509	0.722835359849896	0.885023198733322	0.734001456952455	0.743870705085421	0.584208056219258	0.267572256398572	0.555938367102953	0.79975415449378	0.553359703989198	0.860356866598036	0.861500575682397	0.930326358818107	0.955719171076685	0.911163285665802	0.505009484354911	0.75930237449825	0.554532114536171	0.613511622554044	0.602821151759163	0.877751215007782	0.739209236883681	0.762409518968219	0.583044839801222	0.561915207089436	0.64748820388628	0.776090352981929	0.783595931439732	0.417147482399822	0.44913406135286	0.906777683809839	0.680484953448753	0.765456684956089	0.688323685726487	0.941254863070436	0.72634385672387	0.80377763250738	0.553579429724024	0.855401030529283	0.537783582551193	0.629372764413269	0.8487481914672	0.50472158769393	0.744759222929726	0.595567208685045	0.929152965582942	0.783169109385053	0.529525499023309	0.431164096796423	0.628965602371706	0.61822273564923	0.574623383647574	0.563458931488496	0.633218279860665	0.658394388818965	0.860104802314059	0.549237483035233	0.00577776457271389	0.344942079384752	0.616279836184182	0.0761660674868696	0.754349278571019	0.0356327691957956	0.45456486219912	0.0161292254994449	0.500622652827479	0.786069899082446	0.652097710520205	0.723355275843348	-0.0341348535434694	0.887788087408249	0.682671655658409
TLR1	0.760209962720859	0.917269136793548	0.889945658919605	0.830643089276431	0.845438728777477	0.904583849256015	0.611288153927956	0.631308477800466	0.788544131170291	1	0.823249446371908	0.851431496990101	0.770524060843254	0.850215560519179	0.888586039503396	0.805520762422354	0.808479374305355	0.63951637942067	0.623770052545447	0.628383012691349	0.820629739738826	0.867283120789654	0.882697776204135	0.877028139758946	0.774750395640347	0.790761905942912	0.660957319798564	0.86527948670574	0.798569254357603	0.853327925682394	0.86663353304394	0.767174374338536	0.842840137390684	0.914649143837125	0.823476475656875	0.828578627117194	0.87099346599576	0.864283846162903	0.863964938620475	0.835250238329453	0.864892016450374	0.844103038887174	0.804020508932256	0.539529667943531	0.681443526556575	0.852257524022948	0.742817166414768	0.866751957114689	0.84332212579415	0.824197617467785	0.816972225577844	0.814660425171379	0.693146613493141	0.726803834333407	0.561601879883434	0.815535650370744	0.768187182066707	0.872755294035195	0.76043844558773	0.828067855138145	0.811456082618812	0.685032100707452	0.782623963644674	0.782446541211698	0.830284096995475	0.654829024757476	0.720559168230673	0.737868612631651	0.677262660798044	0.798614377738349	0.789098077085466	0.829557208947999	0.792413139995268	0.870268194301216	0.733526286154068	0.715936061611067	0.687776835558125	0.730342252153375	0.742865104353966	0.562156630350984	0.731921101168528	0.711329269979774	0.760255148365866	0.826578743987158	0.670245531271622	0.491004899122637	0.769851593783054	0.766411706837058	0.742548962835654	0.695590904679433	0.763102281132842	0.863147004740343	0.807887376055341	0.557644194379397	0.0592810548601482	0.325600102872082	0.581105101686185	0.231434791337949	0.86680842832775	0.0762224585404825	0.752130136933047	0.0773036244704212	0.65433986538592	0.84124139905278	0.801369101554586	0.685792552706193	0.036988325886469	0.867154925315789	0.851601904644217
FPR1	0.608369669535547	0.910766581600662	0.894178760191355	0.972962785265429	0.917574584783771	0.881587253428394	0.41856372319765	0.818933318605007	0.915820627989843	0.823249446371908	1	0.796407455129208	0.748643116882151	0.795933322924876	0.877680650121605	0.791182730151822	0.904596132009413	0.435483627140421	0.392717800867636	0.718194593900505	0.736211455272572	0.876578623823558	0.805919970138644	0.752668806415779	0.852827884982573	0.875241694005461	0.802286379251641	0.768512866270077	0.662240514975256	0.917764881154378	0.851174742731386	0.844743716140866	0.692069645154459	0.813353787338155	0.811796997940832	0.899124676952932	0.864210225080978	0.822191470317046	0.801708682052132	0.902173154939429	0.873097237364209	0.746091110991114	0.650551909302432	0.277760904217448	0.576647995041641	0.782937968968713	0.593520079691967	0.895681570432364	0.885256558653315	0.881063834971709	0.872087971308497	0.961091234333699	0.555626712802436	0.668911402643632	0.512829509463721	0.680670908522996	0.756857957837479	0.870555597973455	0.850737233204968	0.837143366573005	0.669700426398445	0.533020745539045	0.669736992585795	0.821886314270383	0.885514673269042	0.568441525895204	0.565603630837629	0.858797474593615	0.738168414658249	0.748160587343081	0.705394846734063	0.909932271400764	0.731044916279646	0.80148825593953	0.602268904182762	0.778724123768169	0.573440144531984	0.727132530554668	0.861369103946832	0.516154203912525	0.662006949127453	0.613965451505421	0.897621558988189	0.77701749428808	0.548300000823503	0.443158467191091	0.675971650903556	0.625225921503727	0.550463047310025	0.551787010791727	0.673012180414324	0.812560677747683	0.818367470590749	0.491352245563724	-0.0630300648686089	0.259624391951458	0.578798551893853	0.0301858729808111	0.81637144960125	-0.0164549202622775	0.572780880455063	-0.0481843035530695	0.480435615093851	0.818855210684072	0.681089318653266	0.826469836687812	-0.0936077934626986	0.845163792870458	0.748664462586924
LRP10	0.840118728580403	0.814022483468794	0.923680125285895	0.771053513509644	0.900732174432164	0.812917259835769	0.719849380593372	0.46642271429601	0.696949680257436	0.851431496990101	0.796407455129208	1	0.647684855869631	0.927236741036835	0.902805150032244	0.852747164795562	0.762840055152123	0.662407686844075	0.627299804096844	0.459244907613901	0.767896483259464	0.842011636906235	0.878363755668713	0.806398011306681	0.662618541198345	0.791471414280559	0.786374922674675	0.91823536836156	0.82292739329469	0.789645343079755	0.844027861182874	0.796040946364839	0.864004960790025	0.906177783162359	0.750607712958047	0.729298164092731	0.923189076187215	0.919318429937817	0.927327065297306	0.829924908351676	0.893732133939359	0.839139566605207	0.848499941304513	0.586799051965222	0.70769142708035	0.817812651554574	0.789055068691067	0.871254726736826	0.85101990573571	0.731857436915388	0.728093729559422	0.774605695920462	0.772045027749897	0.667632834920195	0.357821981478648	0.772671458353438	0.898322917395246	0.87320785871893	0.824418810093611	0.858756792232516	0.862194494593555	0.573400341977823	0.821931886971779	0.793477112120438	0.89495546139417	0.702433981925964	0.847816554431544	0.666689945160141	0.679651893348072	0.780753967663869	0.712183722198863	0.770692768220313	0.767546391548739	0.863119715552393	0.732613193975317	0.789766275168073	0.718114378152721	0.779392210357078	0.720845922819282	0.457679080376491	0.626982694057653	0.621024163207153	0.713108617669604	0.751972534840522	0.647795656574999	0.489873715717579	0.835679452642968	0.785133408398771	0.671106437657405	0.65752387069503	0.804280018100941	0.930924912070857	0.700034450321913	0.510933998619588	0.00582019707826409	0.227035952541437	0.464203579140537	0.192246619728033	0.931654562021364	-0.0106990406489265	0.843625617249365	0.0201338136072549	0.662130000050475	0.9252520629562	0.812279313075553	0.707700790373376	-0.0102196684837897	0.802776689175591	0.919312384122931
TFRC	0.647797219129042	0.807008098344857	0.760091822812035	0.785860673473848	0.627921954777141	0.904132405514597	0.50531476392741	0.751934657897225	0.851104069965913	0.770524060843254	0.748643116882151	0.647684855869631	1	0.668097608317549	0.840244885626707	0.502226932075221	0.843454468090902	0.276750388379743	0.622504189780218	0.724266129542714	0.760744990209758	0.695633523631297	0.847979434808419	0.810778986310654	0.886132861434806	0.827074546775663	0.532260918541069	0.743573736234643	0.675168623634971	0.808388105616146	0.808049572528371	0.525887562945371	0.793101229244169	0.763157924001835	0.770363502518569	0.788860531209315	0.742507825372947	0.719708282839113	0.743297370730027	0.719099041777418	0.590416358549405	0.824762227037866	0.694410769949924	0.564349572374266	0.746411384150258	0.880241536271239	0.761901115586019	0.852802819813109	0.893016385732356	0.823211924620164	0.852325865938732	0.736330556066109	0.615556434475385	0.893209570612036	0.684007890443635	0.660486924070058	0.601964400874125	0.861634281244159	0.653336067087302	0.613105238674388	0.592494655868847	0.71687067051891	0.707257401626068	0.728615461500986	0.680605604749328	0.34580761533337	0.50495552953989	0.755303363257394	0.464362554250773	0.744777046997141	0.740614588148165	0.910006401134487	0.754576267266765	0.760916428525447	0.687910356176357	0.721511349275841	0.657053833664266	0.503326016101963	0.713621764256754	0.593547995504205	0.833248792702592	0.805994801946869	0.823456564660559	0.668344373522697	0.629390242922059	0.537878541741483	0.693167934019517	0.732690824759155	0.780641751622229	0.743980979430586	0.712826680403541	0.596111741781798	0.930908709279709	0.645562668616042	0.210444321434339	0.487536921208355	0.676992290286259	0.343165350451148	0.721252883779305	0.22735372473379	0.525672177665638	0.217799384419901	0.710925207241285	0.770039469011249	0.754130691951169	0.630351765264989	0.15473993724719	0.913847568810196	0.740042516841356
ITGB5	0.809937988747205	0.81698789397647	0.935966789716495	0.793344937733404	0.872588798235238	0.849638728291476	0.678877225999303	0.4676919355027	0.705242973794776	0.850215560519179	0.795933322924876	0.927236741036835	0.668097608317549	1	0.921003075051204	0.791493228266474	0.735092164809329	0.643070510344849	0.619890053745906	0.476417216480622	0.818996491166369	0.840396382771381	0.887950184272638	0.826368422290209	0.664532194343476	0.788632145012179	0.776812623886387	0.920953794990125	0.781490321294518	0.791537567081385	0.869332283043908	0.813250959246415	0.866336372597783	0.936542770276698	0.753435927143435	0.728902739788287	0.924560508321646	0.899557962032256	0.91967263792782	0.842028314076039	0.89277514772966	0.843357452730408	0.836829684988788	0.583730751983253	0.71112943351115	0.830735895742297	0.785704336507426	0.881421090545393	0.842510245223524	0.734697480204862	0.750122935180324	0.762582421600688	0.761227070021923	0.720285896851322	0.370404204552997	0.790667597890482	0.89799174878822	0.861680949796646	0.793974713043581	0.839019266553324	0.866733518720371	0.628654996675283	0.842709252340885	0.782465733877767	0.861688825337157	0.659891617475988	0.823167220074618	0.700366250104881	0.691373908787152	0.79764913762183	0.709550843450815	0.792887659594232	0.795819114811795	0.823591269999192	0.786146349366379	0.775301193402438	0.698304661682555	0.77657617859084	0.715580378010002	0.478372471458331	0.666092574263139	0.670187214172832	0.693567042196684	0.768591090002966	0.680091119768281	0.511554144630632	0.824984051953727	0.827025127637737	0.725838981331319	0.679190628830633	0.800840680005504	0.912313406004624	0.739231502071856	0.5441019553247	0.0389158450794694	0.26047810489007	0.499040460167577	0.220904281409041	0.936025485346351	0.0341625077603405	0.846919009067518	0.0486812290092497	0.6665573358136	0.916425045895162	0.830437420059292	0.696659146282545	0.0213819758841071	0.794982570928009	0.912404514370593
HAVCR2	0.806514694992538	0.894603650256611	0.954186302702299	0.886814337748868	0.882389826836634	0.944376061930116	0.656210426776386	0.64698682892598	0.828412228014881	0.888586039503396	0.877680650121605	0.902805150032244	0.840244885626707	0.921003075051204	1	0.78735906207176	0.851474346823929	0.586470929026221	0.639557810747815	0.678690117577995	0.888934363555747	0.869985200085624	0.939329655196218	0.88467375644131	0.807111633834312	0.881169802722573	0.756986463744732	0.913488261263204	0.808840754560625	0.889092087547945	0.925583809506519	0.817760670040515	0.893527403169444	0.935309983632833	0.848469711333057	0.826640199684878	0.935972670242594	0.928420376673786	0.930526558901597	0.889888515916513	0.871937477054924	0.883165408098433	0.831112991580676	0.56858170372831	0.743426121456469	0.9025743264016	0.819067053409965	0.956953330217042	0.944905474623051	0.856893419434539	0.858211284220284	0.865453062457826	0.732692164807739	0.821699503185886	0.505954820303531	0.807146191709806	0.86284836338921	0.933365750432931	0.863929607992069	0.867213747143961	0.819256147386864	0.670301945833485	0.813389842323249	0.853703094032047	0.896392338072202	0.625806210176232	0.743136787348511	0.790647255721995	0.68898148140854	0.814730407799576	0.78236440368028	0.917901121441419	0.824929177493818	0.859608427734695	0.763559685701227	0.804422032858	0.712078033605115	0.729730966035976	0.802259303006726	0.535625758119071	0.750737765179913	0.777598443193278	0.82285902958309	0.789545542862242	0.686507767174888	0.517748656927514	0.810437017118102	0.804185632704805	0.769057805252019	0.735397117146259	0.804067961015223	0.899968694216019	0.881961125116488	0.585878845210461	0.045680304592178	0.319201430078724	0.60665213784895	0.220906567896409	0.922185311193807	0.0649245618058183	0.768681661276338	0.0589738951259383	0.698139761311422	0.930879671371882	0.834318652355227	0.77632470903728	0.00594450759674586	0.921846770629052	0.907172275372274
ADCY7	0.673047306836085	0.833694966200737	0.823944886665031	0.776268816637106	0.877826442381624	0.707822994480734	0.535411679736991	0.524975486834337	0.672371431582475	0.805520762422354	0.791182730151822	0.852747164795562	0.502226932075221	0.791493228266474	0.78735906207176	1	0.695815437773133	0.736693370019262	0.440810754018555	0.498386364847366	0.664349014860838	0.783262056510769	0.763763855781637	0.729193410160519	0.625241464261927	0.713000112706049	0.686565210626895	0.777081055875	0.766712619471639	0.767764989815148	0.764311937075128	0.882424290616842	0.710973257567776	0.808014547439284	0.737012276193754	0.701158824971062	0.810882442444866	0.810592351511304	0.80363406267115	0.828509017030239	0.853048846985622	0.694983690637117	0.66527978596741	0.323153607505914	0.467615330105447	0.682050444433595	0.574639039533001	0.722823168172038	0.723335660494707	0.733532856888202	0.68172508467465	0.793554999201242	0.627732310449083	0.504338708614877	0.293950191546365	0.73818275672066	0.780320538117093	0.726830092459485	0.784486712053045	0.90246165486268	0.742099742759943	0.450278543005818	0.663449444502543	0.772470048699836	0.862122312662099	0.719307316177138	0.703127705467988	0.685960236911989	0.782155744543456	0.651316616964136	0.612119340128914	0.697302526886043	0.69758322152423	0.832958108024087	0.587675184210428	0.747335018981048	0.590794772583716	0.727526794504781	0.771449161187697	0.452596487760943	0.53962091760258	0.448279815163693	0.656535898076586	0.709200160144035	0.58464383875732	0.439728760196502	0.734921652008504	0.632744632703451	0.513091448580421	0.548082668304287	0.687480345270624	0.868270481004399	0.607563050427161	0.452140437766093	-0.0354527073406272	0.192935497515499	0.479387818145715	0.0915632112183385	0.818041393591898	-0.0411118635910273	0.747507184067086	-0.0168933027869513	0.483195674221835	0.767465357095784	0.67579062203541	0.688114050954224	-0.0580184535693291	0.674693779823213	0.769708442531684
CXCR4	0.694579497005452	0.905026965377204	0.842614349662554	0.929655996568561	0.853060658026933	0.903244676011936	0.536597834488924	0.8497283558285	0.936491675732527	0.808479374305355	0.904596132009413	0.762840055152123	0.843454468090902	0.735092164809329	0.851474346823929	0.695815437773133	1	0.298632498339456	0.563401256094226	0.681916944673547	0.76784663451088	0.818009320354665	0.819525234542465	0.709411323523025	0.91289121131824	0.882180938891676	0.777751666728779	0.777870155297093	0.648939064366687	0.937690631266186	0.8542778967609	0.703861241933562	0.719824215327704	0.791067317011667	0.844104374408264	0.914132911249943	0.831629351717458	0.786796320327337	0.767065056948478	0.831105550147765	0.783155348408082	0.844704886790675	0.669291382522167	0.448400999631087	0.707467357445791	0.833225603541724	0.669831180663864	0.880511913468849	0.908383767577988	0.911298764757852	0.917615320948178	0.899034474860487	0.597697680350416	0.733313388526677	0.610787873440164	0.587027286140129	0.671802313180334	0.928025946579378	0.779986889839644	0.760899110000934	0.715072610123247	0.645309927074195	0.695945529876929	0.777586469401838	0.778987504179815	0.438924626978191	0.576319298157547	0.818127523339074	0.550505229986321	0.795322169027016	0.739141896194415	0.92101494618261	0.684929492467278	0.823771421678128	0.602803577350979	0.806728406206847	0.63003267875716	0.709489827368771	0.849178930870555	0.480188649657009	0.731588285598179	0.598273380602659	0.922839800484753	0.8014994790309	0.550861947887904	0.493173106952872	0.684127621453066	0.642093723602343	0.637316216980039	0.6063001494974	0.702957784206407	0.728601946615746	0.848694375225434	0.52609456108526	0.00325680669279786	0.314587647097319	0.632087618103589	0.113237744415176	0.823821619276672	0.0249397318207101	0.571461654515875	0.0180186969934034	0.590047993037751	0.833719830035745	0.706471120589275	0.838086000176444	-0.0356860815526098	0.912534619569518	0.76941667413981
NRP1	0.620434344809275	0.513176648170098	0.629755195537941	0.405465778288724	0.621749058143677	0.478673198067765	0.550283200781411	0.104291984281566	0.233661794917151	0.63951637942067	0.435483627140421	0.662407686844075	0.276750388379743	0.643070510344849	0.586470929026221	0.736693370019262	0.298632498339456	1	0.483756937404813	0.346740760561593	0.617330176480523	0.564007019747987	0.59765228660252	0.69812898949979	0.241888475718009	0.348751731665594	0.358009067512265	0.612992873977727	0.613739742827351	0.480723847008022	0.501222373325384	0.68085228759698	0.632199348688784	0.670813419998976	0.546673357288069	0.421005087751109	0.618320799529684	0.698596832141199	0.628082525926395	0.505389140834752	0.631546773890543	0.501858875977035	0.58496241312635	0.427371183118043	0.351352854477737	0.513743683740025	0.501784602412122	0.484258515000682	0.491462002242272	0.423516775875232	0.291986190517584	0.424462383856762	0.537015199174758	0.295646490385432	0.170752141897538	0.698121339611275	0.678763004235078	0.429858354999771	0.566738738830145	0.708870689686149	0.593957350288228	0.371854768605586	0.549139559610022	0.543688289060587	0.619668116195523	0.795254142341466	0.651581103108333	0.319724880164186	0.538304080973176	0.317320903794453	0.452750603598938	0.357479465335705	0.538434347176282	0.596755426476606	0.575962059754329	0.319507415465395	0.482099973916546	0.620317021463566	0.456284507215448	0.428201470173981	0.32797823997865	0.514498310528955	0.262667678937149	0.50322673931317	0.498408636427895	0.322542261379008	0.554532471001266	0.511858096907618	0.486132503274234	0.481306066666147	0.544814978197562	0.774175842497047	0.36507064668366	0.29600245300659	0.0273092980015804	0.100629651511911	0.179891526654438	0.197398977628136	0.606221879743839	-0.00389595960773689	0.770155533792941	0.0627436702967356	0.427137262076033	0.537327951833633	0.580716212189536	0.457758591441764	-0.00191122993866394	0.387451578463693	0.634944009909822
CD163	0.924190492089448	0.515718616268429	0.585817643659744	0.418725821498192	0.495928645122908	0.625527103654964	0.939472871044696	0.199318555678307	0.387892370918458	0.623770052545447	0.392717800867636	0.627299804096844	0.622504189780218	0.619890053745906	0.639557810747815	0.440810754018555	0.563401256094226	0.483756937404813	1	0.225682896587822	0.719131127686604	0.458295983279339	0.738723355410562	0.646606047734087	0.455717659164818	0.506032457854313	0.414005620595524	0.711209765120665	0.599810964877504	0.506372265735056	0.570792464634093	0.324537790405918	0.77528493464648	0.705861939203232	0.555406131876529	0.430076243256689	0.617461571467581	0.646880091480554	0.675301093512954	0.412371163982352	0.486426827020914	0.818634862790113	0.733955541797332	0.910869984503962	0.856466803295057	0.686993961718929	0.852593541808144	0.614202601950593	0.647934073380468	0.468210764231928	0.439700140225547	0.36135274278307	0.733873761437794	0.57858787241629	0.421809741537875	0.550875395591283	0.581400867417066	0.689445925366089	0.444675975278125	0.461438756230248	0.791861167905642	0.695755507743756	0.672878551122074	0.405422123337421	0.453481683238057	0.284509186832295	0.751955118404822	0.277409385548463	0.147258728680462	0.668500560679118	0.605290791939848	0.523795035058773	0.510167624238914	0.633499998011337	0.682838214331935	0.445993049444992	0.671429085543456	0.520625534329571	0.369059959853682	0.30611811006653	0.5841197786246	0.599171341680435	0.42407900879742	0.490349264542915	0.554008571970433	0.477110848896379	0.665321592083613	0.656758688670109	0.748038528721829	0.676321272046039	0.699014021594407	0.567759258585396	0.569775976093166	0.4702787417743	0.180473609535478	0.290561682775226	0.447073325678351	0.414567166300483	0.689746323159103	0.13240379864428	0.775743063204279	0.177917981428512	0.789268382923921	0.69515130824329	0.740149213580643	0.498687673777551	0.165716794126507	0.649333852752474	0.794797723512294
TNFRSF10D	0.341503895466822	0.686322501323801	0.625675974584572	0.741744783802654	0.600966553745309	0.733071716996197	0.162682123488935	0.764253550815923	0.702658163965448	0.628383012691349	0.718194593900505	0.459244907613901	0.724266129542714	0.476417216480622	0.678690117577995	0.498386364847366	0.681916944673547	0.346740760561593	0.225682896587822	1	0.690480373508349	0.589251555582845	0.565653287313651	0.635437830123768	0.717869600634749	0.583088801912863	0.418190406751517	0.44687052016041	0.431402108989102	0.761666823564669	0.589805665505855	0.575360834641701	0.481464863231135	0.551011460104374	0.754165246187123	0.751749733569157	0.558236001578539	0.577338390068698	0.502837521482094	0.625714662094266	0.509444614421723	0.54307103223549	0.423347256970772	0.121662255234895	0.325104128941621	0.603753841758053	0.386331524702823	0.642082689305795	0.693588532762954	0.732995038402197	0.712794668187049	0.739167750666158	0.263784766601455	0.543506539119796	0.534534294396558	0.557551478830801	0.442704362904486	0.572163415684562	0.615669817030597	0.574855127926283	0.332563601318571	0.46121739213521	0.381504589364683	0.609638621108505	0.613065901615415	0.474584839975153	0.235846170134073	0.710147670623145	0.406362597923191	0.40027180021242	0.536113076240767	0.716656168569169	0.542658844078257	0.521999623340497	0.363143491025402	0.472099808763811	0.405249844974077	0.436414718512197	0.659560638883469	0.585202083490882	0.544286340678363	0.690212517046196	0.682274179520137	0.580525377182241	0.412455402916975	0.341262313046192	0.373865048370468	0.427326937293941	0.440022794932274	0.470042152767699	0.400060545356898	0.557216166215903	0.789895766918738	0.341985600658034	0.0151383827332209	0.27246310213892	0.473952523359865	0.0480200864267037	0.479537758656009	0.0901576565823911	0.316017043949099	0.0525734512683726	0.32308039276499	0.488458384836858	0.440690061069415	0.66779372337205	-0.0643097794751383	0.689041449578642	0.436999316381818
