""	PARD3	TFRC	EGFR	NECTIN1	TNFRSF1A	CD9	NOTCH4	NRCAM	LRP6	ITGB8	SDC2	MYLK	CAV1	ADCYAP1R1	TNFRSF12A	AQP1	CD99L2	PLXNB1	F2R	KCNN4	IGF2R	TNFRSF11B	PTPRA	APLP2	TSPAN5	TSPAN12	CANX	TNFRSF10B	RIPK1	LDLR	KCNJ10	CXADR	LTBR	VASN	ITGB1	ADORA1	NOTCH3	THY1	MTTP	CNR1	NOTCH1	EDNRB	IGF1R	SLC16A1	CD81	CADM1	SMAP1	SMAD3	PLXNB2	PTPRS	MCAM	PILRB	LRP8	NOTCH2	PTPRZ1	GPR37	MCFD2	SORT1	GPR37L1	SIRPA	INSR	LRP1	TNFRSF14	TRAF2	STX4	SDC3	TNFRSF19	LPP	LRP4	LRP5	AMFR	ITGB5	CD44	ADGRE5	ITGAV	LSR	CD63	NCL	ABCA1	C1QBP	NRP1	SLC16A7	GPNMB	RXRA	SCARB1	TSPAN14	SORL1	CD74
PARD3	1	0.827025559134004	0.876011737031984	0.726124973402035	0.891150436390327	0.814757647651581	0.841405197581808	0.902616925088477	0.869891687019842	0.889533634113954	0.783394660330537	0.763255672798205	0.655372255856964	0.695482234400888	0.750285711883736	0.713396438419904	0.861542116971198	0.807671787447601	0.731345130516773	0.788115416695123	0.816995655649268	0.868327445937945	0.924661621063098	0.840546422092731	0.875713525493905	0.868667700423877	0.870118499315392	0.8092094955436	0.906527383020171	0.675782825446711	0.840036787488869	0.896734270474118	0.876278006417315	0.644925104077819	0.879822987310023	0.830356253136301	0.758041482249312	0.79821779267877	0.872511975585347	0.777972059001267	0.852474706728373	0.845545812564056	0.650762801268837	0.788469310168876	0.875220738860268	0.854472327812533	0.893719725737336	0.842067534449161	0.868755114692233	0.843703774622916	0.823382071809756	0.836890642119963	0.809800515999859	0.840684878288634	0.87567418665394	0.802482401127659	0.890022331848729	0.891166614660869	0.82559181404563	0.797091957421434	0.433681723341907	0.850044537504163	0.760902902592257	0.830213403009536	0.877817398310587	0.864826220365484	0.881464242091755	0.846007827673889	0.560248786274749	0.777847264701142	0.870776594091188	0.792827201639755	0.758474093895014	0.786963204671845	0.86196776207658	0.829438827078836	0.854144654527742	0.891352179316835	0.50249738641291	0.826369750083439	0.872421590387543	0.794845878886627	0.428346043555221	0.797274072897963	0.760722994020392	0.800202948341293	0.606736664536189	0.285983393616661
TFRC	0.827025559134004	1	0.931850775021626	0.81303286414636	0.898718059467802	0.923364920050069	0.856195238414961	0.847719159726829	0.902905356920578	0.915779299499644	0.883456882698809	0.781185512695443	0.702995982956837	0.787516769882549	0.875754313565787	0.798024546004579	0.866804168725052	0.809401816317067	0.852450537254329	0.875978911587644	0.835043916891671	0.927425809752518	0.917699085498825	0.898374795558166	0.885175742629417	0.919557868868345	0.937596663467026	0.932041611010207	0.881778957370746	0.832617774286455	0.87647341666555	0.925763519565219	0.923213254140139	0.496616849951092	0.908331199760276	0.789868095491828	0.91145969855115	0.806448621831551	0.877746931849565	0.884098574168332	0.910182222314548	0.913593292528681	0.826463723923958	0.92727608479299	0.857397626838664	0.845859512898352	0.903959980981134	0.880750167125277	0.869174730068605	0.852473228427447	0.861643142911968	0.814436779122086	0.865370869844196	0.903028398017979	0.854575613594434	0.857739134400856	0.880509893743282	0.76543849701606	0.824759154959303	0.922280635424021	0.510894448851074	0.953365470146418	0.691275769481615	0.788333038726963	0.846246965991718	0.863753167405776	0.883424337232941	0.883636824806648	0.804704941106644	0.880703374795068	0.915300203217381	0.807291990098232	0.782008489608006	0.844865611075147	0.892416642613974	0.757397168632654	0.864473800246487	0.924114594899967	0.645417246407507	0.806993679843276	0.837688214928621	0.922980042817747	0.558814112127492	0.861172904606433	0.921322505638428	0.826183530411253	0.637651868216442	0.287348933963313
EGFR	0.876011737031984	0.931850775021626	1	0.778227218923877	0.902015347242289	0.898577088759202	0.848977147646216	0.850070470708899	0.895477423783969	0.93817971411896	0.812935809155665	0.734165613444302	0.570077746755033	0.809212765205549	0.759835995775894	0.706024849046217	0.865330327889119	0.836814221850259	0.786470450915796	0.896318021257492	0.793800859384926	0.944182806754214	0.936287067725326	0.878721429699734	0.905719642256285	0.949036517614752	0.915966446570462	0.906387174650448	0.867930779050546	0.851627784410794	0.932936737136113	0.944540754077875	0.894735606954121	0.505992965645326	0.877282976736493	0.822366575124724	0.817146971592652	0.814451313424392	0.917260738302572	0.805327363844031	0.938408557885231	0.935456508282342	0.732235905947004	0.851781260713682	0.867648449531623	0.875581001487833	0.914454057811294	0.880434478371731	0.836471305912259	0.864285772356648	0.837077551562778	0.842035283858683	0.879861049741496	0.900276116523396	0.912503207510036	0.854166550941456	0.869626660080676	0.813942019068241	0.909788647985257	0.868407884776031	0.425289538259026	0.940670109821392	0.696095897188863	0.806737052543614	0.843300570823516	0.929240842156733	0.92748773525009	0.858056646495333	0.703113656460137	0.878603722123255	0.90846568938511	0.77422967235194	0.710002018929018	0.86080953506495	0.891722862474927	0.792125517738583	0.877486928771813	0.904240625229593	0.512602434930225	0.830761729325746	0.81881253939608	0.884346533463438	0.42440118257472	0.844644997547001	0.853229298225841	0.845093860708321	0.58173280058388	0.248397047004999
NECTIN1	0.726124973402035	0.81303286414636	0.778227218923877	1	0.797170171586901	0.746824730339665	0.704220191223996	0.817870316389498	0.819260736738921	0.859770095098588	0.876468080259182	0.870023483274997	0.589257176031376	0.763789812646124	0.746898994922817	0.803165532423189	0.875767509689976	0.777417494992046	0.833746963713125	0.836292478463626	0.723755873089181	0.825423958782632	0.841348136171349	0.924147654534681	0.880208308959283	0.849673002431233	0.89599934233927	0.869310985907198	0.805254622595333	0.857473180120321	0.84996778150916	0.730539024786272	0.829584793937955	0.562204561005953	0.849749942937957	0.725942306378818	0.786275001977835	0.854952189133469	0.840808556055415	0.828746633630339	0.868055337742129	0.836166257867679	0.68799874799958	0.732070939480276	0.811697915751728	0.881736948289748	0.796168853572796	0.834578806249766	0.83078547453356	0.695286037010999	0.837025611965185	0.740939713213934	0.813673038553499	0.84768337048295	0.728614741966764	0.876111210552399	0.834567759197314	0.792245939031417	0.736733687563083	0.84031289774401	0.384554636433636	0.845654858780547	0.614644331029013	0.713299771772112	0.686488936781945	0.845503863752303	0.78509724189533	0.839267108227832	0.5457877856379	0.812719135780678	0.853873577279023	0.859694746187231	0.835382978143123	0.845492352725439	0.864373156701807	0.695678106490277	0.818117653272112	0.844073736434548	0.426527210480962	0.701891081673921	0.80934741238488	0.861515747837799	0.448465023941793	0.641366156547344	0.811184588239472	0.746573466169188	0.653104232288906	0.235784525954772
TNFRSF1A	0.891150436390327	0.898718059467802	0.902015347242289	0.797170171586901	1	0.89839046138121	0.889832488889017	0.930412886890772	0.92955460566526	0.952136956245024	0.857136337826454	0.853969421247565	0.701975638928901	0.811844735239857	0.834542419133262	0.817219471068687	0.909871248472375	0.87428045007577	0.824577630867928	0.882542053036158	0.845059152871241	0.953092111104858	0.96679277454146	0.905679290040731	0.936491356362368	0.924118267993144	0.936460634715853	0.901272030242478	0.955711377196536	0.791344734989611	0.92649774747453	0.93275341807279	0.962047578978568	0.63799348279887	0.948964872756313	0.900715790341969	0.834587529667051	0.890632135641355	0.946099137706215	0.85249012578245	0.912571637005026	0.937860960166565	0.692028853480522	0.836693950933276	0.965222624053958	0.941016035133882	0.942741007714955	0.876345444662154	0.918977011719858	0.837329311711373	0.890890643537587	0.839662171167418	0.900174323421023	0.933986342994038	0.910161537827361	0.93267700460686	0.950347820367881	0.885978299285884	0.874713146544201	0.868422314619967	0.441678629712941	0.919563983595833	0.810781989543205	0.887465919855483	0.923777406378032	0.917177394557596	0.926662662788523	0.911996497161187	0.612421549361458	0.876603189235247	0.946167874755939	0.868020727835024	0.845344163697533	0.845504067062668	0.945474679718233	0.859481824022548	0.940781121018998	0.938863724260874	0.546454851671524	0.889190901938567	0.915949098481537	0.880627855457148	0.441376632519465	0.810205203765484	0.868038044590951	0.837448896766791	0.672348533173185	0.300748366658894
CD9	0.814757647651581	0.923364920050069	0.898577088759202	0.746824730339665	0.89839046138121	1	0.821824764483829	0.795690520208978	0.834352262343735	0.87740270695156	0.876728490777865	0.711696956715069	0.762422615616357	0.770487659733784	0.871011895157817	0.758661580671862	0.824581379156271	0.794926656897127	0.784533328715544	0.873596566952942	0.725906703741887	0.938554871815059	0.890245755789886	0.836538051892338	0.875492927473122	0.890147112725885	0.887711176394055	0.880946909029986	0.848641424446089	0.777063819512097	0.85029886724532	0.905483285492181	0.884591918977916	0.585553153040071	0.866265233671902	0.797756961681891	0.884679707712148	0.813635395822779	0.877413804925358	0.838982463415081	0.864005630591243	0.884646493288916	0.722759968072558	0.92984830743885	0.893548111772415	0.841769421547984	0.905425275980826	0.82426744472033	0.818789378403094	0.770955766187254	0.811198843316169	0.749114277839766	0.825185957794054	0.8655257727099	0.791956669327073	0.819086118381071	0.890689169695573	0.756787712686422	0.801421392820078	0.866413676374533	0.405094330372057	0.881110880250725	0.640100933809941	0.804254339733578	0.891208697755855	0.832019595173742	0.863506907318643	0.811982710387995	0.774165938038256	0.838847517063428	0.90596836145802	0.738525986076122	0.714451189410394	0.823352861561977	0.829752856568333	0.806332839082752	0.897390229354892	0.904077609542039	0.563714276331833	0.857210188147529	0.801061586845154	0.835357575976016	0.464944351136209	0.822159324124956	0.888818178828168	0.786545374134492	0.544117002499845	0.193990614330529
NOTCH4	0.841405197581808	0.856195238414961	0.848977147646216	0.704220191223996	0.889832488889017	0.821824764483829	1	0.845871258664083	0.874286209400762	0.870299533557988	0.768982978775859	0.773986810606473	0.659104980676994	0.709455358404065	0.773129930670804	0.750871087533119	0.830922782334806	0.829705257350248	0.792706280764597	0.771929097435929	0.833553300933465	0.869375506857089	0.881893887005495	0.814663362133859	0.835446247160341	0.842663897856709	0.855029306724462	0.838557184968278	0.872587210698985	0.723411684099025	0.81033562122276	0.902738963475058	0.90958250761558	0.546488646045472	0.887146469406009	0.776823232043999	0.769054274529272	0.774351798436292	0.839581799681977	0.791934815004661	0.851230276913949	0.863945021235085	0.713256380617414	0.807074620261857	0.845484615610991	0.821472562653714	0.843507984841018	0.81777762307505	0.848862253307688	0.812046002423731	0.863915341726786	0.805692359965718	0.816938815976277	0.848001274483108	0.845033677003708	0.834839548582934	0.85264753568514	0.782589522566967	0.788171016017926	0.798314087495599	0.648740266742274	0.856718378219273	0.801382195479951	0.791309273358262	0.849944669860763	0.81619848789179	0.844381338653878	0.866863288686377	0.629912412567958	0.796720175400761	0.878874307868226	0.776853007554177	0.759094207116275	0.747676094596022	0.856452016192869	0.75430013913568	0.82939905861507	0.86397667300407	0.613295931267405	0.794422103295278	0.872721412152129	0.850596397473274	0.54400002730725	0.817824427966002	0.815467593531031	0.820229594969186	0.620751452159253	0.354983515003253
NRCAM	0.902616925088477	0.847719159726829	0.850070470708899	0.817870316389498	0.930412886890772	0.795690520208978	0.845871258664083	1	0.943678917170638	0.947321374929689	0.858414348431226	0.87827689626064	0.66998952683519	0.739332013113216	0.778555963963351	0.839142835577793	0.940853996223893	0.834636991360203	0.816022306951845	0.787386240760383	0.906261875344334	0.86440624870141	0.950782479750007	0.927809367745004	0.913604155300512	0.877496105307902	0.931179549370752	0.872709058024515	0.945639543916539	0.77603077689755	0.895823916324238	0.884527428706809	0.932912518070219	0.689264944261838	0.926648001470188	0.870614751031595	0.785114885047135	0.852035180143025	0.92289846155267	0.857180232735441	0.901418588559906	0.882239938297649	0.676845842214385	0.782545208082888	0.899800408620049	0.923149219662755	0.884222004432682	0.87029519325392	0.933179080000728	0.86955602187991	0.888952235956099	0.8798018989099	0.841170870795549	0.9211077045272	0.906681653707069	0.922160537547185	0.922807191032205	0.946825322532706	0.823759113846881	0.857916340497111	0.456325299509839	0.899477274757943	0.826838254447517	0.827474527650792	0.848304328412483	0.908123187417084	0.915536424773572	0.920218794112328	0.534209786885096	0.815312933463805	0.896772404339078	0.873904492278542	0.899219965378959	0.845635189443961	0.950157802386557	0.818539076448321	0.870402077567591	0.896346580740469	0.53199881134546	0.78251346879168	0.948634951287151	0.847008439481312	0.484254561114481	0.751650261922608	0.788224065240669	0.823741839857665	0.699734730731396	0.33308473885796
LRP6	0.869891687019842	0.902905356920578	0.895477423783969	0.819260736738921	0.92955460566526	0.834352262343735	0.874286209400762	0.943678917170638	1	0.956445611988518	0.865152312292834	0.838045723019092	0.658470662584833	0.728789069070334	0.774833751433535	0.826696908746397	0.91759094496622	0.841250232882274	0.839341588609764	0.826428770909787	0.917659137904732	0.898450538723237	0.956126868224298	0.914488801138071	0.920757538766663	0.890570757191877	0.934492059145597	0.930916244364572	0.919352786227495	0.82528872970631	0.904298951004559	0.913222201444592	0.948167113165011	0.611880856534004	0.921424906547781	0.792304601629979	0.842844408917042	0.791669248599558	0.931079009053973	0.896347674877102	0.939189481363328	0.917496855526564	0.771951992466644	0.848285689019331	0.872046384100234	0.907735855225368	0.879656807722258	0.904727289128174	0.927427401094346	0.878509294529662	0.888940684232654	0.918321150226164	0.846235308967439	0.951875869597253	0.897219472458245	0.908141811167752	0.902000790594463	0.878987972318961	0.814202206500625	0.906862429052373	0.528322706738681	0.928260111868916	0.794173622713959	0.778248674936445	0.832874703687218	0.891096354568997	0.933078527044657	0.931514182459635	0.647724693963907	0.87345046778062	0.914348353425508	0.831405177005974	0.852420806799135	0.847970107833256	0.941785926617177	0.799463887071773	0.843946764096977	0.894318680101939	0.651051091661079	0.760099896463114	0.923776960415098	0.893611436585071	0.562353770239159	0.807680447576386	0.8541312128838	0.84760462920555	0.691176114352898	0.352161389687133
ITGB8	0.889533634113954	0.915779299499644	0.93817971411896	0.859770095098588	0.952136956245024	0.87740270695156	0.870299533557988	0.947321374929689	0.956445611988518	1	0.900550007011797	0.867716756797688	0.663602564980451	0.807720034490398	0.805067703134167	0.8221190661555	0.943880329599018	0.858673183861068	0.864048121429032	0.885332854257059	0.878086669102254	0.940044689517095	0.972536959901941	0.961704057300624	0.964196255877089	0.942154078193601	0.973742415559239	0.948677089973571	0.939434022175082	0.867458223413753	0.956701947409895	0.923961881758893	0.951827915725427	0.645257949797661	0.953115377515678	0.863132880317378	0.843401363513748	0.886750283667414	0.957554052648915	0.87207262709164	0.970363792677603	0.954790879456864	0.727340288414395	0.853906562377249	0.933021715985977	0.963990494749142	0.938408952806902	0.907469870209482	0.925262690109994	0.885902358419766	0.926210939977992	0.903126824658133	0.903742091087673	0.971082077313094	0.899055048083938	0.933707907677326	0.946663782142561	0.923949948929781	0.882776686948643	0.910488074002349	0.483871306185211	0.945187616849109	0.778246804133285	0.851266084047257	0.870633544261307	0.950835947071695	0.943860775295512	0.942766459843851	0.627417009346556	0.908335921139134	0.948263176296194	0.870641631962811	0.856148091675901	0.913108350039396	0.968188911532581	0.846241242969597	0.918092391072177	0.942325316786321	0.557609937288881	0.838032349050477	0.921817545614571	0.910891009593547	0.489090238939783	0.826073007830015	0.879150937501323	0.89130179129425	0.69158189637564	0.339424245791658
SDC2	0.783394660330537	0.883456882698809	0.812935809155665	0.876468080259182	0.857136337826454	0.876728490777865	0.768982978775859	0.858414348431226	0.865152312292834	0.900550007011797	1	0.859643124989669	0.798862495028303	0.759014989919214	0.879849025018899	0.905102833791951	0.897953069160744	0.763635918854519	0.868568872681334	0.80624212659543	0.797287171791711	0.865361455556933	0.877396097313535	0.927140094122549	0.907451340572687	0.84633599644618	0.931959483681829	0.923250785711619	0.856959707622812	0.844757694574383	0.83611372256622	0.809436545996465	0.897630313479422	0.674204998621502	0.884495417794059	0.733438748108445	0.896568750538999	0.841315263859918	0.873612325562027	0.897353937353826	0.88089561536132	0.862125420500268	0.801551971841767	0.905005877359692	0.872725199184607	0.894853760638454	0.856907501457224	0.842091546904781	0.873197778874398	0.765911351820417	0.859522486340176	0.78781970535789	0.77662450467287	0.906252810505934	0.711979437000576	0.878599123488888	0.900721723499343	0.827521120650397	0.693145063381098	0.930725627321636	0.458594029129656	0.869848575945005	0.627658933497685	0.756583779486202	0.806870983773771	0.817824079987097	0.821862627780726	0.882823811946642	0.721526160194376	0.826624640032022	0.900376631022032	0.8321995511591	0.885700463600309	0.869908673310917	0.870977752443165	0.776472280610611	0.859724416512458	0.893333812883276	0.618886096827477	0.748424631753442	0.862496399906821	0.866703302990936	0.593191164334024	0.741220384808828	0.890065811805447	0.774621849423329	0.632450237211337	0.259770700343324
MYLK	0.763255672798205	0.781185512695443	0.734165613444302	0.870023483274997	0.853969421247565	0.711696956715069	0.773986810606473	0.87827689626064	0.838045723019092	0.867716756797688	0.859643124989669	1	0.675896397754179	0.737190784861807	0.765085913318239	0.862646020029508	0.883773556404261	0.802121407716578	0.830161289373455	0.77860003430402	0.790169467992933	0.793531514489053	0.841453359296736	0.909157674044656	0.876203989005879	0.816254309482109	0.881504674865621	0.836437944167639	0.866552692730396	0.784535465072217	0.82253648789683	0.749834884161337	0.870135997133693	0.614657421757778	0.88878969759004	0.772197244309791	0.753595652897593	0.877589676641257	0.831967457439878	0.836759147395508	0.823782146493944	0.83782083238858	0.693860031725833	0.69552017639629	0.85702531232767	0.89087250035385	0.810401168662672	0.830008231019961	0.853589429129374	0.718421752500501	0.8674599767074	0.734686588875155	0.80700342185119	0.854035209149752	0.748100483669566	0.908284212873543	0.863068168789167	0.828071296623303	0.70889000494817	0.815469059216856	0.462710120138361	0.822626614866722	0.723566290765768	0.790694808435692	0.753063563207804	0.811846720945101	0.773825444236903	0.887901987919754	0.477421844022997	0.762724642163579	0.859864938296404	0.877354431113123	0.912738591135817	0.79074580061131	0.901720954793479	0.748911031525955	0.840001769211786	0.859011360334473	0.478974347670291	0.739285424748306	0.872853799057061	0.860339191268703	0.45230410518699	0.646537008159942	0.773108506807908	0.738576219567205	0.677560724922602	0.31496157689248
CAV1	0.655372255856964	0.702995982956837	0.570077746755033	0.589257176031376	0.701975638928901	0.762422615616357	0.659104980676994	0.66998952683519	0.658470662584833	0.663602564980451	0.798862495028303	0.675896397754179	1	0.443690493805468	0.844898601036513	0.722895585999626	0.637154980971129	0.625875840225691	0.660349707450028	0.591464060231188	0.610501468758678	0.664333804524364	0.674807758543333	0.65040035414792	0.706614567444712	0.591678503208086	0.690032729106321	0.678986087393681	0.737963544093127	0.474386621986786	0.534423029816162	0.678534335455379	0.742544778077597	0.680368684903454	0.742677234277019	0.559894429264602	0.786722366851809	0.646199871448622	0.661573725652676	0.736858255244783	0.598540581452779	0.644262487382938	0.60288431151195	0.796726350777792	0.730242523751615	0.668776973711329	0.715503244940478	0.643577903187714	0.715289943222573	0.536871946752898	0.712398088045596	0.591859738411796	0.566497127856574	0.673341272272647	0.483283691414026	0.63325738932973	0.785891915814443	0.632173074370195	0.452602533051942	0.692614863905944	0.418906043709557	0.605059695466897	0.532221806023795	0.676600801093343	0.765480444913711	0.521832485989755	0.619709838479234	0.691437283935338	0.607356670333989	0.610028414222049	0.735465135936458	0.585130719824616	0.714250760585271	0.63247296265876	0.627759087655023	0.705814692620303	0.699739921186199	0.767800033274943	0.612714636332157	0.684389605148629	0.719784454116042	0.666019663652486	0.547611573085391	0.62498291728808	0.711687585155397	0.59022793013599	0.46867952456798	0.225067336555293
ADCYAP1R1	0.695482234400888	0.787516769882549	0.809212765205549	0.763789812646124	0.811844735239857	0.770487659733784	0.709455358404065	0.739332013113216	0.728789069070334	0.807720034490398	0.759014989919214	0.737190784861807	0.443690493805468	1	0.723408710878306	0.744708428178702	0.7676146426495	0.680916837500389	0.769810883788018	0.830950330511786	0.646666438966897	0.836415941422496	0.792702192329868	0.804771774304448	0.783966939231152	0.841670995861036	0.821932289759531	0.788933085301436	0.751212293193881	0.809145752703782	0.86218231796982	0.742976903305187	0.792324370758113	0.420367535486253	0.765881579533814	0.823480883962311	0.710096156619704	0.826140319204471	0.786785794924624	0.713717404925752	0.790491041157002	0.803291200219037	0.652989748559442	0.699581065312311	0.817299168244167	0.805041208190147	0.782075909803644	0.740375175526533	0.713345872118101	0.67621286401047	0.734278499686392	0.611817123016403	0.804126645887737	0.776328711310982	0.787950301877544	0.832068014864067	0.765994094659513	0.692412959749927	0.824172254120987	0.778494811651426	0.367940360001547	0.823999961725729	0.629467999629105	0.762239413886578	0.732919802182285	0.833000043782197	0.745580605319684	0.747065425222892	0.586691995118566	0.716840673096129	0.797181293644327	0.805593851846273	0.720550256611583	0.726891960625982	0.829312059971593	0.668766469837772	0.825277220817156	0.778519947093027	0.330245411188923	0.75066733704157	0.711218702331573	0.77498229454315	0.30947565875124	0.652598754614023	0.769705225363989	0.681270699291741	0.571253311371451	0.197357253134284
TNFRSF12A	0.750285711883736	0.875754313565787	0.759835995775894	0.746898994922817	0.834542419133262	0.871011895157817	0.773129930670804	0.778555963963351	0.774833751433535	0.805067703134167	0.879849025018899	0.765085913318239	0.844898601036513	0.723408710878306	1	0.806774852178952	0.773509908225181	0.679071904924465	0.794174008336625	0.781947651195218	0.735464183313422	0.821567651417906	0.815274818378446	0.799738772367204	0.806106132867208	0.784428426750632	0.857270451289603	0.815739453281006	0.846738181401073	0.690266555007922	0.744753473450719	0.813400503936526	0.855945783169342	0.567929396316418	0.839514875888262	0.753350901429251	0.859207667384432	0.80480070984129	0.76228089319139	0.828272934453411	0.758972485848866	0.781835554826746	0.709587243218791	0.875101607758978	0.843913193152735	0.780423111532686	0.862013877874938	0.754942370878966	0.784547451193731	0.689438297947424	0.805336403930257	0.677741068205965	0.768163881432853	0.789916418903365	0.69482449871775	0.782446755670474	0.866967306780689	0.710860303580717	0.689191802875455	0.834193989056286	0.458426661747156	0.796290900567398	0.643474999190139	0.799455843266137	0.858815289211277	0.718078884809806	0.752424629061861	0.801878647370013	0.723405577934916	0.748806936712788	0.836488229317185	0.775195284590529	0.80484971026779	0.748778392738602	0.786101276179457	0.78642437980063	0.856422355543686	0.891051112230678	0.578498335128733	0.819057514609652	0.781367935761509	0.801580306107321	0.535461613956014	0.739653923472589	0.849666788264684	0.721888461407653	0.569231028232251	0.255640661528271
AQP1	0.713396438419904	0.798024546004579	0.706024849046217	0.803165532423189	0.817219471068687	0.758661580671862	0.750871087533119	0.839142835577793	0.826696908746397	0.8221190661555	0.905102833791951	0.862646020029508	0.722895585999626	0.744708428178702	0.806774852178952	1	0.82574219075929	0.696964142665057	0.829157411824161	0.700090701959978	0.797994189577496	0.780282121070444	0.799413598818645	0.852930979132985	0.813102281268123	0.751346913073296	0.856595005913844	0.840938854203191	0.814211651309508	0.775389297787419	0.760811880708357	0.732398648308098	0.874297317591362	0.600130732695645	0.815480045998916	0.711688036613392	0.847416258232924	0.766948737909197	0.809960640735923	0.865992127850427	0.786153611874662	0.770957175626689	0.811840808496124	0.819923188443297	0.800151527526133	0.821349793269325	0.750386035850956	0.768064613616364	0.850237174396889	0.678853303405132	0.794262343038838	0.718495500259394	0.70782854318781	0.852848776470243	0.681004804176378	0.869980102335879	0.822042404818906	0.758718044897831	0.623254055087201	0.881159348515453	0.51260995515793	0.82218539139191	0.646534390642168	0.685530822649094	0.725579085320498	0.738323160898301	0.742104276422668	0.869185621189516	0.679599140402649	0.744390922791621	0.818021798658642	0.835554570150794	0.912383770889395	0.735090905727053	0.846128241959224	0.689688337306158	0.761911654064441	0.787070586777412	0.666515411009091	0.641900507966674	0.849825002537106	0.79982191934606	0.634950678270698	0.673877077351351	0.819407265055667	0.692228714845758	0.643941156438127	0.295771039161222
CD99L2	0.861542116971198	0.866804168725052	0.865330327889119	0.875767509689976	0.909871248472375	0.824581379156271	0.830922782334806	0.940853996223893	0.91759094496622	0.943880329599018	0.897953069160744	0.883773556404261	0.637154980971129	0.7676146426495	0.773509908225181	0.82574219075929	1	0.883293645501959	0.834414943378231	0.819809655509708	0.857668096375381	0.878680361057144	0.938962126901303	0.954621694687893	0.92715965816277	0.903613698514595	0.945159393886732	0.91976537702836	0.91247766273271	0.843200092339004	0.914057206604873	0.874274691623562	0.91592290765855	0.704547649564467	0.925671603201787	0.821420175680551	0.794996895227358	0.879366446667181	0.923307814436999	0.838899612720091	0.936911564664593	0.909284866036665	0.710718229234456	0.795228658433054	0.898577475245587	0.940397783578511	0.879289273651666	0.868864682469618	0.922106943834334	0.856349034937467	0.889424732131988	0.844670107287398	0.860791829248225	0.932048702256569	0.857036510463476	0.919674966446427	0.915420197315873	0.919926921826267	0.80718313974026	0.872519404729435	0.428656359010455	0.909473584940812	0.744928911127167	0.799123444547834	0.826309028753747	0.923792957054711	0.894519995179881	0.898293983086928	0.569808481130359	0.844514544063661	0.916270949457761	0.870360762396372	0.850538060873747	0.880009504376337	0.934698209175694	0.795368261965558	0.883500631673414	0.902777480701212	0.503143999115443	0.78312856091082	0.905493651860979	0.880178049660039	0.456623883042538	0.744994740135015	0.835471697003368	0.807827039144438	0.664015817184373	0.267731441783114
PLXNB1	0.807671787447601	0.809401816317067	0.836814221850259	0.777417494992046	0.87428045007577	0.794926656897127	0.829705257350248	0.834636991360203	0.841250232882274	0.858673183861068	0.763635918854519	0.802121407716578	0.625875840225691	0.680916837500389	0.679071904924465	0.696964142665057	0.883293645501959	1	0.724886518704795	0.806273134403979	0.744370053060051	0.847328633600391	0.880084924634085	0.845152348004571	0.878146542537712	0.857124664202768	0.827447351069958	0.86031460043256	0.85055193074599	0.751832132954396	0.8404626265839	0.872371176492021	0.863458010085553	0.666752887213631	0.881342320161467	0.749404122447468	0.731453496768089	0.826089583672962	0.893094880886138	0.744211304921006	0.86691454687096	0.901381903927323	0.6271815875718	0.709715817096252	0.844652493051503	0.875910621822457	0.81899127804018	0.818825637919241	0.851226488939362	0.749866347981341	0.833827802581122	0.759939125273729	0.834919050464163	0.847515610400936	0.815463771039635	0.857659779549521	0.867392395727317	0.802636055887505	0.768085969541303	0.75379255231954	0.379529996459105	0.825598819156175	0.684563371360442	0.764238783764201	0.784421735955677	0.860690153428294	0.85948000257222	0.813878220406917	0.491084747273246	0.830732570510271	0.890035785545015	0.74663058852786	0.705815511170822	0.802155868118669	0.852062074166021	0.765191680827828	0.839558733727906	0.846875465014839	0.429746463736317	0.791426488640376	0.837941202318426	0.854508480967609	0.349270085402119	0.701517811147467	0.781533232310894	0.739613563765242	0.561731864982092	0.168674706666507
F2R	0.731345130516773	0.852450537254329	0.786470450915796	0.833746963713125	0.824577630867928	0.784533328715544	0.792706280764597	0.816022306951845	0.839341588609764	0.864048121429032	0.868568872681334	0.830161289373455	0.660349707450028	0.769810883788018	0.794174008336625	0.829157411824161	0.834414943378231	0.724886518704795	1	0.801892048713214	0.772081532599469	0.831363798111406	0.831353859146948	0.879478747150566	0.833072231963412	0.82514175401741	0.889752831992819	0.877032194599671	0.815888761398061	0.831228733668612	0.823683318387267	0.784718703961275	0.861745694585559	0.55887196762474	0.873687032106906	0.712984482735186	0.824609624139218	0.799293778990944	0.804726093552215	0.848296344129037	0.863014678176813	0.825379460576616	0.785195138676801	0.812603869678575	0.804666155306715	0.831275774797579	0.809466137140282	0.833938328456248	0.842020122613901	0.753506310828876	0.88079985293512	0.753510646252593	0.774985966777709	0.86128883424121	0.738589330125521	0.849655997665441	0.829443020197877	0.752798378702667	0.728514294130424	0.872047958310322	0.612273458951946	0.849271130780229	0.685143523631329	0.711516235997507	0.727428237187676	0.79070099873021	0.783528762638544	0.861692451535122	0.64762363660697	0.770061447433875	0.835460968203665	0.812008516405218	0.852114420310768	0.822656665335728	0.867911682582574	0.665482195649937	0.790776259253167	0.837600417164126	0.591288890690096	0.694166655685291	0.816199170971816	0.869999484652501	0.553320535545942	0.778366262579968	0.847484918790862	0.783014843602408	0.705836408756104	0.391702562192091
KCNN4	0.788115416695123	0.875978911587644	0.896318021257492	0.836292478463626	0.882542053036158	0.873596566952942	0.771929097435929	0.787386240760383	0.826428770909787	0.885332854257059	0.80624212659543	0.77860003430402	0.591464060231188	0.830950330511786	0.781947651195218	0.700090701959978	0.819809655509708	0.806273134403979	0.801892048713214	1	0.685780832592051	0.929952508694817	0.891104899577293	0.869109752858338	0.886066343881366	0.925809892563934	0.88218949374863	0.865812772203654	0.840322972388572	0.809929882888678	0.905541821543202	0.845319187854106	0.856425258316799	0.482424049958352	0.866530196246212	0.824460942824789	0.821817939966353	0.867565320102953	0.877185226497414	0.794063196229837	0.87582270080308	0.908739437134285	0.654962789374231	0.779475323121721	0.885347603552709	0.863583507040131	0.897793111845743	0.862045873236032	0.788617964152246	0.755627952199285	0.816271201651009	0.734098027786095	0.87215906307993	0.854243307843324	0.84633326154776	0.8548744825233	0.862593127943255	0.745332111558763	0.886145799269361	0.816280191004678	0.367450642068447	0.876325558000333	0.670226201613108	0.817387341396793	0.819729487408896	0.871411012510054	0.855714995122217	0.80619128003157	0.590549560854815	0.851931071910413	0.876452118146764	0.807511315769484	0.724379976329328	0.828013826555648	0.868858517390714	0.766693103092118	0.90833419565824	0.894027496164263	0.400179640174452	0.855155243807998	0.771641665358907	0.862648261210218	0.333815021103215	0.748635474205713	0.842319321055768	0.789808144410654	0.606610765669626	0.241731311257587
IGF2R	0.816995655649268	0.835043916891671	0.793800859384926	0.723755873089181	0.845059152871241	0.725906703741887	0.833553300933465	0.906261875344334	0.917659137904732	0.878086669102254	0.797287171791711	0.790169467992933	0.610501468758678	0.646666438966897	0.735464183313422	0.797994189577496	0.857668096375381	0.744370053060051	0.772081532599469	0.685780832592051	1	0.773201958077555	0.874135727995321	0.858324108773785	0.80600537254892	0.768805573506066	0.880176274009984	0.846858915538459	0.863798268819665	0.728624394742312	0.78275993889067	0.838817300909429	0.89697367609717	0.538356206521474	0.865288961812655	0.726356381312262	0.769044014921477	0.692649477756433	0.829603486516952	0.826626469111799	0.852395812916788	0.79602345067731	0.759673496678351	0.801149884981537	0.776844803553469	0.811050642845949	0.786711544841312	0.808841286592586	0.893433547054313	0.850169198904387	0.84587958184793	0.90045497165088	0.753619554876131	0.876434682725656	0.821272582536305	0.814850259124096	0.811383860553188	0.836115077971106	0.704002343004289	0.864116783201125	0.633496041520704	0.872088985110386	0.804164720746425	0.707329104519333	0.762679029967232	0.798313268088069	0.826253061751439	0.906669711570121	0.630521931795152	0.791325976386874	0.820097933049978	0.805972144331175	0.840238704580485	0.775818154962312	0.891682612035993	0.724849744619969	0.732274597636929	0.804524029436858	0.720932336459636	0.637013967181745	0.910565830471996	0.819103760450741	0.670702390863524	0.765874946499273	0.784441419345337	0.824170300980312	0.746849006809923	0.482856657422572
TNFRSF11B	0.868327445937945	0.927425809752518	0.944182806754214	0.825423958782632	0.953092111104858	0.938554871815059	0.869375506857089	0.86440624870141	0.898450538723237	0.940044689517095	0.865361455556933	0.793531514489053	0.664333804524364	0.836415941422496	0.821567651417906	0.780282121070444	0.878680361057144	0.847328633600391	0.831363798111406	0.929952508694817	0.773201958077555	1	0.949791306698556	0.895384458058011	0.930823774532597	0.944838906858566	0.926642968151191	0.921246050069634	0.903811286196828	0.83997966477892	0.932346130821164	0.934244883231025	0.931589604748394	0.571010893325582	0.915249796810384	0.85776680302695	0.855758743477778	0.867929786024508	0.936453718363034	0.842467754355869	0.932621221692503	0.942875261457862	0.729519763822288	0.876673497857606	0.933411059987029	0.915321552586582	0.932601945546509	0.89133465615779	0.870770312449266	0.825032910987318	0.85993714422089	0.812568826903199	0.891892309887086	0.921272165656019	0.885491989169761	0.904158994889749	0.921333016426937	0.82363697379447	0.880770998015867	0.876617590510326	0.423580801627675	0.927283843253308	0.724584866851715	0.84867454905573	0.894772953957782	0.90900655548254	0.918844263195821	0.872487478420236	0.685526130782196	0.889951618801554	0.936638782378614	0.821470046571666	0.777419055229322	0.853688292099936	0.908204462242833	0.818579095220022	0.928753732985922	0.930739831821967	0.532109820837432	0.878676443158168	0.855953987816528	0.888712279035957	0.425938746169405	0.825667296577342	0.896564591138383	0.836311432640493	0.611899987142989	0.241878529915401
PTPRA	0.924661621063098	0.917699085498825	0.936287067725326	0.841348136171349	0.96679277454146	0.890245755789886	0.881893887005495	0.950782479750007	0.956126868224298	0.972536959901941	0.877396097313535	0.841453359296736	0.674807758543333	0.792702192329868	0.815274818378446	0.799413598818645	0.938962126901303	0.880084924634085	0.831353859146948	0.891104899577293	0.874135727995321	0.949791306698556	1	0.935152776390502	0.958570222531578	0.949896286273003	0.953886677979984	0.923080132551287	0.952120674010134	0.81590475724198	0.939280453221552	0.944057760710131	0.960010954410235	0.642264082402811	0.956078424703638	0.876638995079721	0.837585037049862	0.877383160648058	0.963996354002273	0.870186766365744	0.950969928081345	0.94177251344823	0.707293579431418	0.853292391911229	0.941818590684431	0.949169505120871	0.950697065025686	0.916365884144989	0.928129622670602	0.891427547402511	0.906792052553256	0.905703214871732	0.905514901294919	0.951219884412127	0.932697295919762	0.915595092745038	0.951659394247923	0.917890719999239	0.891682945495032	0.89403736641214	0.463233895004828	0.936954094871473	0.802621058836897	0.86996327162024	0.905639281532778	0.947463378163864	0.955859419112304	0.925320932909315	0.614749060275428	0.898245855291686	0.953224331765648	0.867794295005316	0.83738138838047	0.883661661770362	0.950661571262383	0.857866688345652	0.928195657018823	0.947797426549547	0.548559028853444	0.868395830949165	0.934042072173479	0.904888994526606	0.478447306234814	0.816963865421672	0.869016082096133	0.875768182455605	0.678207021186302	0.300970689898652
APLP2	0.840546422092731	0.898374795558166	0.878721429699734	0.924147654534681	0.905679290040731	0.836538051892338	0.814663362133859	0.927809367745004	0.914488801138071	0.961704057300624	0.927140094122549	0.909157674044656	0.65040035414792	0.804771774304448	0.799738772367204	0.852930979132985	0.954621694687893	0.845152348004571	0.879478747150566	0.869109752858338	0.858324108773785	0.895384458058011	0.935152776390502	1	0.94537899606831	0.922082385336374	0.976518109753615	0.936764641570146	0.907122425097947	0.886724165394811	0.925998123639466	0.85365100441846	0.922676122949388	0.63021690414	0.944369524953346	0.827969245302117	0.840879600215738	0.899933936227617	0.927942997468848	0.877410432462319	0.939402408081598	0.921678169530141	0.742048032777324	0.818630295065268	0.904417571996356	0.94932712135369	0.894100031920862	0.8983988041175	0.915868867005471	0.84150208505657	0.912315524140441	0.846876653958108	0.874582680928868	0.941902165042066	0.839919137441406	0.935230886681025	0.917891930507773	0.901519710357091	0.823065363081865	0.916241403031003	0.466330374676891	0.937748404634497	0.732601106391241	0.812661755593897	0.800359393181129	0.932963183545704	0.891403811370198	0.923033739978244	0.605861561025199	0.883103849003854	0.928151963504697	0.91436489606017	0.888424786913452	0.91372893500762	0.960011851505181	0.794662170270613	0.896914179100745	0.920970136877069	0.529830716855701	0.781488337106765	0.91181151399233	0.907259195455643	0.513572910948248	0.764857331315545	0.870470682400576	0.845615343963614	0.710886475355451	0.336744048540539
TSPAN5	0.875713525493905	0.885175742629417	0.905719642256285	0.880208308959283	0.936491356362368	0.875492927473122	0.835446247160341	0.913604155300512	0.920757538766663	0.964196255877089	0.907451340572687	0.876203989005879	0.706614567444712	0.783966939231152	0.806106132867208	0.813102281268123	0.92715965816277	0.878146542537712	0.833072231963412	0.886066343881366	0.80600537254892	0.930823774532597	0.958570222531578	0.94537899606831	1	0.933865170658935	0.945892979380402	0.92606757213755	0.924621864290454	0.8383621778309	0.927757974644702	0.888479388326039	0.928567466714174	0.672689747534948	0.948159477055669	0.848568529026468	0.828356116315021	0.911140332198971	0.959276463829466	0.868486420094651	0.932243915028531	0.953726328708199	0.684067987696967	0.828380136841548	0.945069738235316	0.97617949675772	0.940913097823379	0.898200924342967	0.905213424379399	0.809049321914913	0.919805604243322	0.869240889675049	0.901481460839569	0.935046988751828	0.843909120110145	0.917863607125341	0.954847548766942	0.908905609663052	0.847118458930798	0.890087220050113	0.402677296137054	0.896916819516535	0.732772942921543	0.875980766324718	0.876707747200532	0.933464169464954	0.923716252765445	0.922999145585968	0.585148945588657	0.909044934936798	0.961548999547514	0.861851514018232	0.841026050375492	0.909409469266686	0.938114411725934	0.882351094017325	0.938391333132405	0.948979608960953	0.493563368274613	0.872869858897687	0.914960866098656	0.906690081226075	0.440782464166451	0.770465055645922	0.873018861385859	0.848093425325025	0.647137178350225	0.25519379157559
