""	CD93	CD68	CCR1	TLR4	GPR84	ITGB2	C3AR1	TREM2	LAIR1	CD33	NRP1	PLXDC2	CD4	HAVCR2	CD163	VSIR	LILRB2	LILRB1	LRP1	ITGB1	TLR1	RHBDF2	TNFRSF1B	TFRC	HLA.DPB1	PLAUR	ADRB2	SCARB1	PTGER4	C5AR1	PTPRC	ITGAM	ITGAX	FPR1	ABCA1	CD81	ADORA3	TMIGD3	CD44	CD46	ENG	AXL	MERTK	IL2RA	SORL1	TLR2	CD74	SIGIRR	SDC2	ITGAV	STAB1	UNC5B	TNFRSF1A	SORT1	C1QBP	GPNMB	TNFRSF14	CD69	IL6R	CD47	PTPRJ	ADGRE2	ADCY7	ITGA4	CD40	CXCR4	ALOX5	TRPM2	ITGB5	PLXND1	SLC1A5	ST14	PECAM1	CD63	ITGA6	TSPAN14	CANX	FPR3	APLP2	PLXNB2	ITGA5	IGF2R	TLR7	KCNQ3	THBD	SIRPA	NOTCH2	PILRA	NRP2	TRADD	CCRL2	LPP	NCSTN	CD9	TREM1	SDC3	RAMP1	CD82	RACK1	MCFD2	RPSA	EDNRB	LRP10	RXRA	SMAP1	ATP5F1B	CADM1	LAMP1	PTPRA	NCL	PTPRZ1
CD93	1	0.774825460593855	0.831778591868078	0.62638996281019	0.198036605535194	0.704264338086046	0.577929570700476	0.5519664725567	0.892413555927739	0.842966757079593	0.852157480563066	0.0741061508124973	0.829215376566667	0.21230958659077	0.916009305939715	0.148052210355907	0.856518021200301	0.808622222514489	0.620510559288239	0.548744563307083	0.454224114510997	-0.231148004318063	0.601530407827165	-0.00852786582901314	0.32412155327459	0.159589805176081	0.00653343802182983	0.121079347282536	0.304037235836622	0.754961290019765	0.626793748626463	0.834897051576966	0.0486248773675604	0.658488880130166	0.346056117051682	0.711748781282342	0.817130681906558	-0.00535779891163658	0.807494471835099	0.511044133375288	0.85427972752288	0.295874511966008	0.504098724921237	0.919795068655684	-0.292769464350596	0.745492100123142	0.61253515888168	0.428125259542077	0.112918731240759	0.264021849506927	0.897322440784821	0.28763828074286	0.775294324781409	0.139078566368157	0.645658376687776	0.311754484195651	0.693465831300515	-0.0939289176209989	0.363599782125503	0.817196682524756	0.574733020822039	-0.0398979733345624	0.575961996433269	0.833486254486989	0.664175907507894	-0.307147965737962	0.82996280945935	0.582077050202588	0.886417834904902	0.565068599829285	0.563405754731162	0.539543568273732	0.0993951098188646	0.774584929302469	0.116454551034111	0.302203450065499	0.82747381286839	0.784912743159184	0.776938045199193	0.764574493061271	0.631540726322704	0.591915365564786	0.18079067806196	0.198928212747047	0.819072909810879	0.411313500189597	0.463607804892281	0.339585085370745	0.354350301457294	0.739957803077648	-0.20521736370034	0.442328101470948	0.482221649455492	0.358574285101862	0.227830101461089	0.449492583139122	-0.134328909958149	0.622766950564869	0.612037494679678	0.706369804470493	0.739154190676444	0.549936263133018	0.607370729949693	0.563262896279721	0.705707726775957	0.645963990149699	0.499795363400903	0.751183072681095	0.188226708814116	0.70084809517525	0.0174993345524479
CD68	0.774825460593855	1	0.908552151081163	0.686800974764941	0.495992537074944	0.809593366194386	0.776604210795191	0.698229309730911	0.823674776252348	0.77599405132122	0.893489317824268	0.329955497765325	0.777397585114721	0.425727536091367	0.891714492449357	-0.0443078404955027	0.691197195177083	0.734412770014342	0.837452136641396	0.716669314473303	0.526079679063281	-0.0783298842255378	0.549366897293874	0.328118182685372	-0.0414730282225866	0.567682637257524	0.340819271724303	0.387245721206821	0.277363428462112	0.875314847382407	0.493296838034461	0.823159988091482	0.436753583780642	0.616111314870903	0.769454276474176	0.869841905153484	0.856963352850376	0.457474803205349	0.8688631887779	0.576355543032772	0.880153688794318	0.406407525320022	0.674104645748671	0.802057277862082	0.0224899167687377	0.744231112503031	0.29668987913305	0.204661692611433	0.446026229273786	0.519665602141994	0.840531338592568	0.364678942348061	0.767634957238851	0.38203610217302	0.557263583255638	0.777366679889969	0.765219221163029	-0.146939265217444	0.663410089069824	0.742166504773092	0.691792298405178	-0.0352979605165936	0.372513131139566	0.523012082535412	0.723227808161952	-0.315249929854036	0.808278882986483	0.591253196820281	0.84362266425523	0.6276668590508	0.695712829876003	0.792345167494327	-0.0388082026820367	0.824869643011392	0.177722620505465	0.539783577078598	0.849817183803919	0.790563714182897	0.894231195157936	0.696710948526132	0.710001685113377	0.773491416380808	0.408099676186969	0.00873180914313076	0.821043298809173	0.706834851662404	0.559494775519672	0.6941402886007	0.668179083847184	0.704873307219304	0.208141180237422	0.453246503900231	0.669063650823669	0.488243561506338	0.338060620981259	0.531396436503375	0.318992603838867	0.754667731916804	0.419196784616884	0.783264665918648	0.566518246620095	0.566839524106559	0.736004450235103	0.754422952464564	0.62428740649496	0.51985906813359	0.39977834142014	0.954372813580808	0.298452416535483	0.613002821174105	0.10069892097962
CCR1	0.831778591868078	0.908552151081163	1	0.729966424893122	0.428903857510858	0.736545897223732	0.652386210373458	0.600186574433588	0.813650332322214	0.751124395429716	0.932235412447108	0.218977669919828	0.763244619746667	0.345118259066414	0.930661250755178	-0.102892637801301	0.718229090922141	0.707635348866909	0.791818477716323	0.611568938307796	0.477213347541139	-0.108264926372419	0.441849608779566	0.283684109397292	-0.0362673347838354	0.455731793020483	0.269044102458662	0.221899342607908	0.218598400291866	0.828099041052704	0.443456777737826	0.89189454980405	0.375933491969789	0.569790151726422	0.659637363625877	0.816814662817546	0.853253050403937	0.380052588148001	0.842303147898123	0.473211243461333	0.861653837736031	0.330479131843355	0.651981755610139	0.843403990110139	-0.0454483350257049	0.739939882024939	0.300404612839301	0.173495482448049	0.318977722232136	0.394377874985923	0.87884498315577	0.368783907164663	0.760695437384129	0.304888704058608	0.515523366106119	0.660863174802397	0.708890012041238	-0.170479938662901	0.5605698024997	0.73939700508137	0.640648814778136	-0.109402979710806	0.419648416848684	0.538864663584943	0.693651096510314	-0.418744018576994	0.799453993639461	0.560883716896916	0.857411137781289	0.65502082657925	0.608608628921736	0.760539053694099	-0.115739018611836	0.744462940659726	0.106451623395658	0.483049477916686	0.787725106583121	0.866466433597667	0.832323765377683	0.73332318270654	0.679653631638568	0.756520865463671	0.351980236959115	-0.0294192243452112	0.850052171342408	0.638517414751032	0.499722625774678	0.588644704449094	0.65880907228336	0.643375613966836	0.116303556249224	0.39803930400105	0.594954874147907	0.368805467868348	0.284821698183771	0.549293910785604	0.172717940577374	0.761176941900901	0.351297775010402	0.707898971655692	0.540388535969471	0.539855453390405	0.64547177663332	0.69621535651827	0.550540042615977	0.480270315873126	0.282251200722762	0.904148924229732	0.230010109304771	0.584604012062453	0.0577215573822365
TLR4	0.62638996281019	0.686800974764941	0.729966424893122	1	0.23205963243416	0.465845839801292	0.454024368252028	0.335362597357133	0.614866013387268	0.49920922022765	0.692027847780636	0.102612591676169	0.492158200964317	0.0376912886134189	0.746416763816712	-0.115359709995102	0.626451158147873	0.45742991980703	0.545431655618963	0.371137377674719	0.189716422807335	-0.242692704743491	0.360058681037783	0.0723351409730877	0.0388010007536394	0.297897632409547	0.053307648115138	0.246829926043001	0.00281843002687875	0.744712204836337	0.208537241237402	0.674394470012194	0.041378524234353	0.325767031204773	0.588552336846768	0.539265842672651	0.628542646910432	0.193865907898512	0.638119172452143	0.295014625787025	0.573714399983422	0.177208989955011	0.539027042301388	0.675584943602464	-0.213381774595943	0.537482541918999	0.209941456109053	0.0562499433985629	0.231767820403507	0.137792246809938	0.681695037461754	0.155338384328503	0.563054935445528	0.157495502741492	0.236099364676936	0.606084014910961	0.607542545896496	-0.344548070940517	0.302525398572096	0.465565859497256	0.350609092701765	-0.125752259105363	0.358841309735348	0.404731102140831	0.407197844076697	-0.20780376070924	0.541568507741488	0.397863543311117	0.639532185610458	0.587359101998743	0.392433420495934	0.564450267204655	-0.052426845466277	0.494488427216678	-0.0785058135063779	0.344789515789418	0.541842797901912	0.751365443160514	0.577109454258219	0.458247520987693	0.393870240690033	0.516504936368575	0.250690564940743	-0.0292134772702674	0.690393821382638	0.44063397107956	0.487101044066855	0.495718064920811	0.334245494086009	0.405086718622226	-0.0185564943716151	0.17974291518175	0.395414086852519	0.284737030217674	0.227557484928864	0.419102905830497	0.00204185674731047	0.560399933652957	0.201407588915538	0.45110111932118	0.271454968098747	0.383279143068515	0.401869416128763	0.503327588823914	0.391286106672891	0.225692016197803	0.174165576812644	0.6865691817913	0.0597144526525154	0.281833128100895	-0.0158402602773838
GPR84	0.198036605535194	0.495992537074944	0.428903857510858	0.23205963243416	1	0.497885049277173	0.634448112607557	0.588649331526092	0.352826163718643	0.340762964113697	0.384628744770217	0.647324626425815	0.452308861785143	0.611148449281341	0.329069323754831	0.0312611448752725	0.148026142360444	0.418798349854212	0.487362023839401	0.469380561069297	0.370717601196592	0.527564299273458	0.309009392449567	0.74370273419005	-0.313996958411929	0.790688297899816	0.60992177392277	0.506331171446269	0.208578515915636	0.501459138544701	0.28833374021006	0.30547368025893	0.638581405097398	0.480946450202683	0.530721771756476	0.554025236889014	0.444992547992718	0.705380941996765	0.352060286785735	0.401041029213404	0.461598921913109	0.493830068306084	0.68010669721505	0.18864466034318	0.614847564722035	0.31021789871274	0.0158680250047362	-0.212698186319519	0.38003691384518	0.650636178915078	0.347992570741747	0.655731164055252	0.349075526888595	0.48952853999631	0.202574392987243	0.403254836410715	0.154352366422889	0.178434589920539	0.677697733829734	0.270455604619314	0.463359180150808	0.331956167391192	0.286281828980293	0.0103836547600317	0.224125002015614	-0.135942433004289	0.375385006289723	0.449343814419226	0.328447307624473	0.403998064875088	0.392869720023971	0.60535287728618	-0.189497456948559	0.287497843853142	0.235011744052215	0.6494879419136	0.320781599345145	0.372411161742521	0.478106626988604	0.354219642332794	0.380444786182998	0.310312105741418	0.447901030515132	-0.0745120566070024	0.265225613818585	0.658119593907841	0.229632430825457	0.546229412544467	0.71465430898982	0.150554905454487	0.71115970419878	0.258553722426574	0.386266646755457	0.2609760901454	0.0901533668386304	0.310132198763988	0.597491760324351	0.293233632481613	0.123086326577996	0.328373955096628	0.170066074779518	0.151158040189542	0.38133309579514	0.486438506222175	0.164860500627919	0.114973233819416	0.0125321084333096	0.40987866155067	0.176473034216059	0.20756322442304	0.0561583211176671
ITGB2	0.704264338086046	0.809593366194386	0.736545897223732	0.465845839801292	0.497885049277173	1	0.858776870443275	0.857590940506407	0.851695088173664	0.840634309709083	0.700548983539876	0.577128608070091	0.874768562184064	0.661832414045145	0.760322055563809	0.310430659706679	0.594263818512416	0.829473540244893	0.764269811077686	0.768403264407337	0.767018730825881	0.181767584895434	0.728548612261866	0.41543552076182	0.187057599090908	0.450247396212068	0.484986180357505	0.526526903681834	0.491663441818315	0.717923971675481	0.771683831951097	0.641543210520716	0.442918189106712	0.801386405388233	0.53290318456523	0.888804809373332	0.848599121500459	0.367493877595818	0.674360129124145	0.653589046611983	0.833887855761712	0.600517481006376	0.633813769434202	0.715584848832208	0.27306399384943	0.724061361116482	0.551346532627006	0.412243659700471	0.3288755123659	0.705629705673821	0.74237082209841	0.549101875448327	0.796919539019651	0.550946553308136	0.638016706555664	0.485242309633626	0.625103265654376	0.256219924035083	0.686646876245626	0.741967014751281	0.764343235939241	0.257878898013433	0.541331872976627	0.611862866469588	0.650330341685906	-0.0515222212586846	0.730228162358401	0.644390978131499	0.767078779198186	0.577627532880928	0.753270672313199	0.714261358340592	0.0922202735827118	0.774943662146819	0.495142089737102	0.621594517596684	0.799823459125589	0.569409924385103	0.823519189435574	0.713876050830946	0.685905826332012	0.628763147613945	0.479449797480924	0.337994768312154	0.606343906267385	0.700530878044387	0.460617672934516	0.632380514363758	0.627925025765902	0.674536245067793	0.237585743780194	0.60248124640437	0.580005333504867	0.562502294341207	0.109998609583505	0.477065634040165	0.398020516535106	0.589282994762444	0.631877684413669	0.709033498501599	0.711781888219945	0.550846874681612	0.753209743139367	0.66489432657615	0.684178939982079	0.618727852005705	0.572016520797855	0.761620523529548	0.398890690001815	0.689972842280183	0.180052474786784
C3AR1	0.577929570700476	0.776604210795191	0.652386210373458	0.454024368252028	0.634448112607557	0.858776870443275	1	0.903170348865527	0.782306534294737	0.71811437400378	0.620782629677871	0.709950445175673	0.787369058466454	0.723071745068852	0.690626784684874	0.330753587475907	0.459787391386447	0.777598934851595	0.694755122699306	0.637346013368937	0.63806141782647	0.357346809705422	0.659855707386581	0.558019774982138	0.0535054360996774	0.563831490118951	0.5308524745127	0.580257997618554	0.433636831283132	0.676802860919437	0.644567385015222	0.516250090232785	0.489685148851659	0.815155163245593	0.575813057869505	0.836237326596371	0.797872598584669	0.509597781780161	0.548560483530247	0.63093705549106	0.756200368283741	0.673538183307188	0.687320990174887	0.570220707147295	0.402586404631765	0.661682933657533	0.445419456692418	0.189189803963431	0.232559114637272	0.719330960306119	0.698985231957333	0.603100799513474	0.703033956105278	0.495333567483753	0.468385762626123	0.494780559664921	0.46595021654849	0.198471328094884	0.684001739092671	0.572837791216213	0.698940170615501	0.402326666582532	0.521283416269862	0.426230758459459	0.534909848352242	-0.0805285037920918	0.703432257478115	0.712461529997943	0.648074647344489	0.55157945402578	0.693501568551286	0.702314716025734	0.00903195670317593	0.636638451663063	0.425697902318198	0.708108982420598	0.649186809989553	0.524770307053214	0.742036893447182	0.591097395354274	0.532184203253947	0.499075408364292	0.561065226654746	0.280749859332628	0.479655179501304	0.710548766293963	0.3163165850777	0.686137487270708	0.591867853404492	0.486602841587152	0.383386619392672	0.427125304381115	0.49954430514878	0.432319180944377	0.0192648273258933	0.386941615185351	0.452709088303184	0.431149026457656	0.468197348543118	0.550695596898167	0.512436333758275	0.35735210173684	0.639411166403183	0.611923650531356	0.528565979366956	0.424696311358924	0.420380453654205	0.687448541058472	0.260806027490098	0.482261408158665	0.0750955518174893
TREM2	0.5519664725567	0.698229309730911	0.600186574433588	0.335362597357133	0.588649331526092	0.857590940506407	0.903170348865527	1	0.774591417755585	0.755239508903054	0.570963360348811	0.768927761497592	0.791867956392106	0.778964329381877	0.620443292308479	0.43979225692567	0.369733696497705	0.78479042921004	0.671351153289098	0.656888955235206	0.688704185454551	0.443237833668663	0.652039466306494	0.57257942446012	0.122783161458833	0.466650560325165	0.521781748579198	0.559237269027585	0.52729080900966	0.544346169929061	0.659315243740693	0.432914380110446	0.437993373102009	0.873010704380053	0.470633693987182	0.799095296926805	0.800803395561237	0.50679143119872	0.468585623016584	0.595836961365751	0.72118007616084	0.793159727064889	0.674901929851627	0.524025479983171	0.463115589653778	0.628247426676115	0.528303071606292	0.260223015424217	0.150958631203498	0.777081182721229	0.641113924672183	0.6920846415849	0.713470395537948	0.450813312224187	0.473953870674025	0.359848351395464	0.387035234811855	0.33235226274276	0.629868197114142	0.538330819189125	0.667486126288476	0.407398305525541	0.571798526354807	0.441634894442201	0.469436914652815	-0.0657620807564151	0.631100722909638	0.660146416691431	0.606375511326658	0.494577466413138	0.6104061282412	0.653484904644504	-0.00476716392364902	0.606841896287402	0.540934563683874	0.69791716105693	0.608880356989674	0.445330561338727	0.684213521676334	0.597064596323621	0.46464849183664	0.420790395132896	0.554701365316343	0.384977053419628	0.37180931535451	0.705458238502939	0.299557884876225	0.61265139905294	0.561486690543476	0.470080502117988	0.358544801788473	0.46280730739772	0.471842724118459	0.456250445115556	-0.0149084569962303	0.36392397590594	0.479639736125154	0.356888372718543	0.545726967969797	0.494366937560009	0.565661615058974	0.337505611902648	0.627370133128906	0.515250624859712	0.491732710540193	0.428143219104511	0.469909361420767	0.592288357172988	0.295448511586919	0.482320298859632	0.102643720786913
LAIR1	0.892413555927739	0.823674776252348	0.813650332322214	0.614866013387268	0.352826163718643	0.851695088173664	0.782306534294737	0.774591417755585	1	0.877535481707274	0.793014726206707	0.390467289073052	0.898034167809455	0.486186984848056	0.897358539486447	0.344652967339806	0.742916759907827	0.883625133353866	0.679082970639224	0.583797708828354	0.630931692971341	0.0376375355391422	0.70667289316226	0.215005034739601	0.331718357067464	0.294083738489351	0.22682810132784	0.332847835446249	0.467102571043002	0.75001783713793	0.739062499919185	0.730229555063013	0.18557778260783	0.825605067190219	0.399651671556653	0.808608718868157	0.909791847211086	0.141527124307931	0.720894031024744	0.61631999168478	0.866024569048502	0.528172173628778	0.585951003504207	0.886639420925581	-0.0157567402888671	0.820315557122372	0.678291921159743	0.407327548399248	0.0915040223922677	0.468345394304129	0.875520692742436	0.459529711902506	0.812457275996497	0.26805909319927	0.608235338081977	0.362326997576543	0.686835922360877	0.0878588672834594	0.49754710727463	0.782098345748565	0.654720043843856	0.203165310779326	0.630864196807838	0.7694877783335	0.667975135368967	-0.176517944953325	0.825981825740847	0.672068362655167	0.857505304049215	0.582453751259468	0.689500910371068	0.590060434549386	0.0529757428723703	0.773724299119352	0.26209587163811	0.465769662940916	0.804777856637294	0.700920311519645	0.788831325181167	0.718954522724751	0.555981787549058	0.558991866692154	0.355966779987158	0.32147593411783	0.691301775210201	0.518465664769387	0.412615769952415	0.562448812999778	0.460959348061194	0.697879756981744	-0.0240993779537067	0.456900918233721	0.454987528646859	0.400038784879216	0.0895528722193516	0.428644380368212	0.0508874484038776	0.52003656597607	0.655017341477153	0.66228636787321	0.721931382734473	0.53083058764511	0.686990754737763	0.614271071961445	0.723147497163726	0.598826708197194	0.547748984754103	0.769099101383801	0.230321930259367	0.648588402105096	0.043700514488369
CD33	0.842966757079593	0.77599405132122	0.751124395429716	0.49920922022765	0.340762964113697	0.840634309709083	0.71811437400378	0.755239508903054	0.877535481707274	1	0.787298955597759	0.320653684505705	0.880607477086468	0.447739103163128	0.822544745834303	0.285197211370478	0.711801115199615	0.860984177889112	0.673964816511632	0.688103812981424	0.570703513404567	0.00379777883273234	0.607399657752532	0.215448904894962	0.260772243566669	0.23959791034678	0.2583644469635	0.336949453993125	0.372231135314015	0.653823180482229	0.709612292209923	0.728049671617879	0.191651952602825	0.785002386980561	0.424235324425645	0.775995713858113	0.882466028212743	0.205106808419705	0.714537423312541	0.620304127147559	0.870360959103866	0.529541252734103	0.561121944829143	0.809005967440756	-0.0216309696818907	0.732407847055458	0.631774152852771	0.471124632686147	0.186169199172301	0.512199716085674	0.810859193715332	0.46765386003093	0.808047560719966	0.254995220624337	0.752417624519579	0.359123457901969	0.626760450169728	0.0567973782432735	0.497628857540122	0.790957735980379	0.717711234184076	0.113565228566799	0.579811015261366	0.770843068522173	0.67487931096004	-0.20662509724493	0.770421830509163	0.597775989627353	0.854311095637705	0.57718566160528	0.636137949330118	0.616319051253675	0.0869148588793058	0.796929337467153	0.333751538490297	0.447369017322759	0.81166753339371	0.649428438131396	0.791838186697325	0.769394628759752	0.618485495317203	0.590751778186308	0.301593883196408	0.235671585777862	0.659642892752504	0.554301294692865	0.510304017388767	0.495392582408065	0.465487587546919	0.763803530621985	-0.0249495234193342	0.500450010946276	0.561643091313919	0.444776355258348	0.113045759898251	0.415588482442547	0.115437426725745	0.558549681867401	0.703957957192855	0.726048741101833	0.810881235536855	0.562657704359642	0.713932092302715	0.47117039593348	0.689629590437835	0.738155432548069	0.531836061798768	0.735034284944151	0.255415708869793	0.753964864528438	0.0546765397335033
NRP1	0.852157480563066	0.893489317824268	0.932235412447108	0.692027847780636	0.384628744770217	0.700548983539876	0.620782629677871	0.570963360348811	0.793014726206707	0.787298955597759	1	0.120446683452695	0.768739023735087	0.278669146054717	0.944981558505021	-0.155303086167214	0.762307439330022	0.684178388552449	0.791767208963918	0.64739553856922	0.389197426547148	-0.175581673560429	0.417373661004309	0.251643696849407	-0.0561225862789301	0.371153025195015	0.164971153236545	0.269491925560134	0.13319407757077	0.799302448803595	0.43859276818382	0.888422653952889	0.305820602162037	0.542830521174821	0.656663256132046	0.802678064612929	0.825411500340517	0.336662803774528	0.8814452635633	0.54360782497066	0.888985792646087	0.285837466381555	0.679892900602787	0.845250811931179	-0.117872413358875	0.780776423130844	0.285759829882684	0.154811631500994	0.360078504603808	0.410561959882454	0.925709766165826	0.367666046472009	0.75592565090451	0.266593658875488	0.575155705305609	0.62981119752921	0.71609747045234	-0.247202326429131	0.528072500967268	0.736884050014552	0.67442699757585	-0.118134735164208	0.393136942379289	0.593830036663916	0.658444175292085	-0.45423305081766	0.809108927250188	0.618432392019688	0.899150057605103	0.687773303837289	0.572764581200969	0.736184417923645	-0.109610404722943	0.788799479732249	0.0925535899988749	0.453104153404072	0.833349152651489	0.896426660422135	0.854114624607476	0.718146980293487	0.687449319752646	0.750589900950234	0.269676040925129	-0.0951595375874236	0.829489731371104	0.662780540400267	0.538762844060595	0.504346954058409	0.615472690808498	0.699865007508157	0.0139445079018825	0.431833660509119	0.624921001877411	0.419542999941141	0.288413853511392	0.61720335393008	0.167626183002912	0.774340910461639	0.370208558353931	0.775785266040405	0.575366464702191	0.584756175712275	0.637468371793213	0.668692753492542	0.597273728028009	0.540467577709699	0.327234267422666	0.909974439427267	0.264326373657033	0.629586116081523	0.100314788821495
PLXDC2	0.0741061508124973	0.329955497765325	0.218977669919828	0.102612591676169	0.647324626425815	0.577128608070091	0.709950445175673	0.768927761497592	0.390467289073052	0.320653684505705	0.120446683452695	1	0.467099258208332	0.823792919353636	0.189003436425737	0.474227498659625	-0.058371315644768	0.454667840975867	0.402553183997085	0.409706351722294	0.580215821450988	0.726739925786194	0.45535722162906	0.746257473569111	0.00715976580289227	0.556312149830276	0.663152117593774	0.624084027094647	0.565861324400912	0.268532545964186	0.449377069013186	0.00253120237329782	0.501959402561263	0.63511922094308	0.325181731807139	0.551035861475676	0.449763781195879	0.581320822660782	0.0558099841695026	0.388872008829291	0.327634456436713	0.772044449583114	0.530035815282791	0.0743945488363765	0.779430905424636	0.265121960674426	0.288622987870334	0.049523207240448	0.09232340866491	0.718334301437294	0.220038303243109	0.696044892803786	0.386891650978462	0.500078482516798	0.144123633091851	0.199851543860661	0.0682823299389448	0.527500416412823	0.601219587274113	0.141739664101276	0.424540856984856	0.626406022659701	0.419135878667249	0.0173489323206625	0.170685308144289	0.191951893907785	0.241569821951364	0.456442676935427	0.155991188769822	0.283470823248811	0.440713120913705	0.456826468689676	0.0290915424932294	0.178146204337768	0.557555121509824	0.6653000494244	0.194660617706415	0.0368412599980801	0.304369743901747	0.241714084345979	0.154271579991791	0.122645056002555	0.603088766300149	0.379714548452442	-0.0291199410110406	0.563908221395848	-0.00619106475634274	0.563726140759818	0.494192677441936	0.0301492459740293	0.646291197820598	0.297443261307038	0.211788230522833	0.254543603514827	-0.243283458254428	0.143967198449625	0.59115584927053	-0.0122142557489099	0.291149480862679	0.129567385864651	0.187024002086851	0.0265605519550987	0.41645164606461	0.325405593641248	0.166967238669121	0.0819299352107335	0.24401594327713	0.222963932248014	0.213024471076291	0.121211389483485	0.0915554191913714
CD4	0.829215376566667	0.777397585114721	0.763244619746667	0.492158200964317	0.452308861785143	0.874768562184064	0.787369058466454	0.791867956392106	0.898034167809455	0.880607477086468	0.768739023735087	0.467099258208332	1	0.57058354362263	0.830148617633291	0.323596157388697	0.668009841818827	0.885264242560374	0.769520529053422	0.735903636213264	0.681842197405369	0.160927030173534	0.706197888692308	0.344034378993057	0.248768866159448	0.330032494593824	0.347563490014216	0.467630298907951	0.462177031808694	0.70395302251077	0.778311411469128	0.703676392053492	0.329512920936144	0.844476581264312	0.445832884626844	0.882323073648279	0.870528374735066	0.228553562211149	0.722079466286609	0.705790598855229	0.89162385331539	0.566296431029072	0.668215259594444	0.788713735181834	0.127866926305928	0.754732213158506	0.636375254099421	0.416071229411367	0.216228671916295	0.634215858518676	0.838246760977582	0.584258526349423	0.862347943146656	0.454823092216325	0.741064694450271	0.341834084043597	0.616274848505561	0.182953815296868	0.594638703464827	0.806049406440136	0.741118069343633	0.260034956145784	0.667002853953986	0.748279972215284	0.679315297942528	-0.154033678609623	0.816468433289963	0.690987128899568	0.861455897760548	0.640733565116323	0.710701330518364	0.666399843715463	0.13604520701518	0.822938696456528	0.419526701097417	0.542202730394961	0.845241499788243	0.646841496944021	0.845238934124697	0.819123875456746	0.671856580591578	0.638957619626443	0.318493058181578	0.329981714291669	0.636026178962695	0.619794282918958	0.482894167377593	0.539896372598738	0.593618441644912	0.705278551682293	0.0753910061094333	0.66661244140498	0.605814236336918	0.540055259693811	0.0386781221772676	0.570800464287662	0.212480706229051	0.522589266480082	0.707856144367431	0.746659767631337	0.791739409650122	0.600627778600711	0.763606359017224	0.634301925779212	0.774951221934472	0.719984071284059	0.607620957332603	0.755392348354384	0.432869892704231	0.768227667314844	0.231270497800392
HAVCR2	0.21230958659077	0.425727536091367	0.345118259066414	0.0376912886134189	0.611148449281341	0.661832414045145	0.723071745068852	0.778964329381877	0.486186984848056	0.447739103163128	0.278669146054717	0.823792919353636	0.57058354362263	1	0.296508747102205	0.40210568523055	0.0284056655375772	0.550166420919719	0.514434221486034	0.504144482906435	0.653369682201485	0.687654152908774	0.445394505238532	0.753854312945876	0.00951266934344652	0.524695413577029	0.694650341936754	0.538285180319027	0.60543914994564	0.291208577428864	0.616653036086161	0.169685505304269	0.678865178747594	0.687954539435048	0.325097914861265	0.620946689035914	0.527763043800567	0.538558014446061	0.18776492813455	0.509509894872848	0.456388584856016	0.711470173068316	0.509266852165734	0.217034190677843	0.737651625463258	0.447196004524919	0.336790863499422	0.165392645557096	0.18461575089864	0.776894575569413	0.336627474478856	0.703569189261535	0.488162712395063	0.50904941311788	0.300421298059435	0.206952535008158	0.15443377611112	0.569232825583476	0.681359422237485	0.301539041661541	0.598112377188997	0.552621609041369	0.359390891573249	0.171209446267389	0.371540776352439	0.0717398239090813	0.395909234626612	0.434741961309462	0.29289513922748	0.300696724239564	0.546988339969805	0.447126900512733	0.0363293559951043	0.350529245462992	0.607237056017959	0.684667166324215	0.345002992746691	0.15038075855515	0.443211074421547	0.319263750490469	0.308931210567906	0.259843142398089	0.517871166262727	0.284083885915376	0.0709758347295833	0.615337589888599	0.0649195070546165	0.542635748985124	0.618561730961156	0.276965295036643	0.592072818174726	0.413679319814422	0.321944714918982	0.2966259157456	-0.113354480124256	0.234291835972978	0.549583118843514	0.134794536256393	0.382111981767126	0.330775689571033	0.370777473918644	0.251866621636647	0.501255716766535	0.449234212314628	0.330392130362802	0.265009731936583	0.309231052192879	0.360850278669561	0.336549897735071	0.316129801461636	0.163440585265724
CD163	0.916009305939715	0.891714492449357	0.930661250755178	0.746416763816712	0.329069323754831	0.760322055563809	0.690626784684874	0.620443292308479	0.897358539486447	0.822544745834303	0.944981558505021	0.189003436425737	0.830148617633291	0.296508747102205	1	0.0170950618118252	0.814937545756011	0.77430397084672	0.761547126189443	0.58220928939953	0.465886108624574	-0.155218052018244	0.542235482893728	0.191566286120439	0.105252318919195	0.316007937230782	0.148562246583108	0.265408051851697	0.217360849439035	0.841574388568673	0.53333855478046	0.874792030720211	0.226172373571839	0.646377369093532	0.57645718222674	0.820163623617464	0.879232105292509	0.216044297452823	0.845636047780986	0.546206998235255	0.890563105454868	0.331089478751567	0.660462234766618	0.918204095957809	-0.148399815504256	0.816304558106014	0.441952587625025	0.226177766522872	0.217085500543152	0.367350960417765	0.966200233295292	0.335202884508727	0.784522734548633	0.259914555108238	0.548774460294661	0.563796060199226	0.745401893197289	-0.210879448917796	0.502300111009575	0.766097418395104	0.658876067496353	-0.0230841669006226	0.514876860241703	0.682292779161783	0.67025644480669	-0.366119659538501	0.863876982830012	0.65916611157052	0.923901866542875	0.674637997657179	0.599326049691249	0.693794868982915	-0.0589377644962651	0.778526470299942	0.082009417040273	0.421599143928994	0.829173405526439	0.882756288296913	0.849227844444794	0.725435523205409	0.62538869760254	0.704270887743918	0.286642962069389	0.0693079055038936	0.838321321362441	0.579586849205225	0.476633480024574	0.555832462717338	0.515434000786564	0.693064566127402	-0.073056904488857	0.417338290777097	0.542750785319109	0.383539309598978	0.197124535718372	0.563578307553644	0.0600058143258279	0.694527977737907	0.428616869917052	0.714804437628688	0.58767226128881	0.571245841922177	0.637707961666137	0.664243198075343	0.64477670962391	0.524232504142605	0.40166585078866	0.891325314170683	0.209812319453373	0.607818051983612	0.0579838880257854
VSIR	0.148052210355907	-0.0443078404955027	-0.102892637801301	-0.115359709995102	0.0312611448752725	0.310430659706679	0.330753587475907	0.43979225692567	0.344652967339806	0.285197211370478	-0.155303086167214	0.474227498659625	0.323596157388697	0.40210568523055	0.0170950618118252	1	0.0213250072810558	0.452953685398128	-0.0938366058490531	0.023795487343039	0.411399335871654	0.441347232808964	0.499788876832862	0.0391628926717103	0.669739855836587	-0.16058980785043	0.172056047248357	0.200807342200521	0.52056194188668	-0.0645493754071185	0.565203264645055	-0.21661057440322	-0.176778019098949	0.527141278785842	-0.314654504785169	0.116422627198403	0.202191965940859	-0.222743030206799	-0.184354004302254	0.195962373248386	0.0923979323846888	0.540275770617212	-0.0068571134217937	0.115317528617511	0.228733105392578	0.172122844575541	0.748314201772653	0.448349891954688	-0.411320977543327	0.212237221804673	0.0393175426285057	0.32137877665946	0.218854747356706	0.0786464731387564	0.194062924508726	-0.41607994846126	0.0322490637700384	0.564930781259608	0.0216718201129096	0.148640808479199	0.0357812579897986	0.54100894307862	0.528416676656517	0.374343798333498	0.0747754916569115	0.441230919553835	0.116217996720085	0.234303851919823	0.0526605581005882	-0.0604155672613063	0.207328224058578	-0.0988886434174682	0.3240339868234	0.0714862319945582	0.316092672351055	0.112416211268828	0.0357713169804252	-0.204197364427353	-0.0290534047274611	0.116978427793148	-0.160174106434064	-0.271376243399859	0.275866937379913	0.770431053432542	-0.209626563980634	-0.0887747354081899	-0.0862386264100075	0.0937293809709652	-0.119918782740704	0.104634517121456	-0.0878044205351208	0.129360908567087	-0.185867945564138	0.0266359413615507	-0.387307898812611	-0.215611488793453	-0.171632972627208	-0.3759169168043	0.587947201784261	-0.0656637521422383	0.368493793830502	-0.111533058254119	0.181018383676537	-0.0980101917908912	0.26722317645894	0.208570765457444	0.445976673998606	-0.153381842394021	0.00616074930251628	0.128187292427781	-0.100667410620594
LILRB2	0.856518021200301	0.691197195177083	0.718229090922141	0.626451158147873	0.148026142360444	0.594263818512416	0.459787391386447	0.369733696497705	0.742916759907827	0.711801115199615	0.762307439330022	-0.058371315644768	0.668009841818827	0.0284056655375772	0.814937545756011	0.0213250072810558	1	0.627482074160809	0.541041154818957	0.492917191109153	0.303808446190647	-0.339172180820275	0.486914261336075	-0.0902652922340728	0.188836053878129	0.122403622187529	-0.0664944957479164	0.119359864401677	0.0587409580914353	0.739807072964807	0.459079803851273	0.801651291870374	-0.00172786847725857	0.465827145743249	0.357428970008775	0.58484965822926	0.636671425285496	-0.0547703308012426	0.781312039748581	0.468457672165986	0.75381729274411	0.101477089885797	0.442080398766451	0.791844774504131	-0.357777448542674	0.658879908124001	0.418237672791978	0.335343243769941	0.230102371105854	0.183825356920879	0.796146352069117	0.127222454769983	0.606217986862962	0.170879922721928	0.604847407340832	0.324722189860428	0.660940349026649	-0.301328211663991	0.26786731825331	0.713652680812903	0.528707705556088	-0.130258083665239	0.395586113197728	0.715167559722165	0.52865590213371	-0.345737148699665	0.711641109102595	0.558766485522781	0.789258334297444	0.544688561817339	0.514760989236212	0.458224099872958	0.104696624899304	0.698820564802161	-0.0424649871907436	0.197934904465616	0.743616315715019	0.736394837931628	0.711450578966778	0.663835441019352	0.603530466951791	0.513588168791199	0.105161839179526	0.0938242087384195	0.786705905979791	0.369189946311773	0.486447892990933	0.275540825678514	0.247233296762415	0.653172999948001	-0.259084936093811	0.362520129864886	0.395727390736762	0.340654607778854	0.285426840451081	0.427694845571996	-0.122435976148981	0.612072181870188	0.478094048157226	0.688106580210281	0.599525388882116	0.525786847283186	0.494821459429808	0.545862748384583	0.61227899235227	0.611840499457318	0.41118429321345	0.68711352727636	0.135969622634358	0.628519052145361	0.0143510247818152
LILRB1	0.808622222514489	0.734412770014342	0.707635348866909	0.45742991980703	0.418798349854212	0.829473540244893	0.777598934851595	0.78479042921004	0.883625133353866	0.860984177889112	0.684178388552449	0.454667840975867	0.885264242560374	0.550166420919719	0.77430397084672	0.452953685398128	0.627482074160809	1	0.666121456976332	0.624825602932409	0.627077620360884	0.187980968516014	0.748605781665515	0.268588953010676	0.31558433944072	0.322443001210284	0.349079632682387	0.336060771804655	0.490386394183595	0.673147004745142	0.777189747041125	0.636660639685511	0.269849973925984	0.870253925755011	0.365778871712397	0.79997144797283	0.824355113126198	0.174550408150056	0.658856712467708	0.597578848160452	0.807128012767937	0.570849178157142	0.56548601285006	0.776249806154943	0.121995552914149	0.732956657475038	0.695916858235624	0.421785360398879	0.119806640613579	0.562046045504657	0.776748305852552	0.513107816543045	0.79804741661086	0.359428066617391	0.649356708456125	0.263205346065958	0.567100664678231	0.208369380122508	0.529591651956169	0.755700166789301	0.668057319919923	0.290043360995422	0.653400944892726	0.730751300308521	0.619581357067101	-0.134968066898913	0.803957329253393	0.615834079536224	0.788291279367152	0.492572306105188	0.653417077769489	0.553141345415431	0.132336697221741	0.74904496339697	0.386429029827909	0.500429097105236	0.775690494168458	0.601112909572716	0.77201820804404	0.732800949475502	0.570343003764555	0.541587074581041	0.393412683096527	0.390143193747033	0.599462510153168	0.511197494601169	0.434097883762986	0.493028139533052	0.495562547434921	0.70650779672104	0.0482803640056092	0.548956561681674	0.505687056229843	0.435151025436665	0.131403389991956	0.408835831234733	0.094077906799002	0.457656095187273	0.704339118174511	0.640941057355147	0.740919769111368	0.5206172312248	0.668678974463812	0.558626330317892	0.708163535569055	0.623961366444558	0.583342649164791	0.670117405934401	0.325278454457645	0.676723498942538	0.134612385250271
LRP1	0.620510559288239	0.837452136641396	0.791818477716323	0.545431655618963	0.487362023839401	0.764269811077686	0.694755122699306	0.671351153289098	0.679082970639224	0.673964816511632	0.791767208963918	0.402553183997085	0.769520529053422	0.514434221486034	0.761547126189443	-0.0938366058490531	0.541041154818957	0.666121456976332	1	0.800389103857125	0.516154115383447	0.110885145785323	0.494653355267013	0.471456247223535	-0.185567197439283	0.517165009037116	0.424574645202996	0.531471947338187	0.250073080707676	0.75945935972253	0.441062731749621	0.724837783433799	0.550260237115529	0.599787574005466	0.779916460778062	0.906320670501906	0.762819430310411	0.493294264939322	0.808540909730341	0.644591173972703	0.783360705253505	0.388928268584041	0.720844787711627	0.643029338437593	0.226741044303777	0.679068628355615	0.184234063960361	0.113913022226951	0.574173963842564	0.710228591095885	0.76218172461177	0.449002162698767	0.813778450813164	0.603109710802961	0.541548432787633	0.678622409685878	0.612967134219855	-0.0673003981885613	0.67951702471924	0.644751546295327	0.761628215596365	0.0365288512175918	0.344424229264399	0.403358609698096	0.580065196543069	-0.327098582592229	0.725330634337941	0.58113058359156	0.784427921499651	0.618751518790506	0.628564124841099	0.761858136012173	-0.0844895709819513	0.805969036736677	0.379320532012814	0.616059683325101	0.838159203239034	0.685319394050632	0.912386049135838	0.700266052293511	0.723238279484053	0.820913217817635	0.343130427428965	0.021709376616948	0.662722884271304	0.78921681291375	0.586418361859681	0.630619670145462	0.777934654675956	0.597561568005891	0.269081987620915	0.698105285604959	0.790706506705023	0.691396999028818	0.304120057607403	0.784343773226481	0.527225021177486	0.73341075170545	0.368328773830244	0.793189869385751	0.501721083949196	0.7197076437234	0.739467375105019	0.774824042248589	0.626747531410887	0.502452542918975	0.466728209519697	0.868284981379603	0.604134382150858	0.623617237532135	0.496644169486047
