""	CD74	TLR2	PILRA	SORL1	KCNQ3	KCNQ1	TLR4	ITGB1	ENG	STAB1	PLXNB2	APLP2	CD163	SIRPA	FPR1	SDC2	THBD	VSIR	ADCY7	LRP10	PLAUR	CD93	ITGA4	TREM2	ITGB2	TLR1	LRP1	HAVCR2	C5AR1	CD81	PTPRC	LAMP1	TREM1	TGFBR2	ADRB2	ITGA6	LILRB1	TLR7	ACTR2	GPNMB	ITGAV	CD46	TSPAN15	AXL	CXCR4	MERTK	TNFRSF14	ADORA3	RXRA	CD44	NRP1	CSF2RA	NCSTN	CSF3R	ITGB5	NCL	LILRB2	ABCA1	CD63	PLXND1	TNFRSF21	NOTCH2	INSR	ASGR1	RHBDF2	RPSA	SDC3	TSPAN14	ITGA9	ITGA5	CD69	ITGAM	PECAM1	CD33	CADM1	STX4	CD47	CMKLR1	EPHB2	PLD2	GPR84	BMPR2	SORT1	IL6R	NRP2	AMFR	MILR1	FZD2	CCRL2	CD40	ACVR1B	NECTIN2	DIP2A	P2RY12	PLXNA1	ERAP1	UNC5B	SCARB1	NOTCH1	STX3	ST14	TRADD	FPR3	TLR6	CD226	PTPRA	TFRC	MCFD2	RACK1	JMJD6	TNFRSF1B	SMAP1	SLC16A1	CANX	PTPRZ1	TNFRSF1A	IGF2R	ATP5F1B	EGFR	EDNRB	PTGER4	RAMP1	CD9	CD4	C3AR1	ITGAX	LPP	TNFRSF12A	CD82	C1QBP
CD74	1	0.71929280769737	0.287740368440773	0.477577488451566	0.641481819391992	0.550957450808422	0.687156690737883	0.57506414551107	0.39071941888844	0.435310103569099	0.432402340174566	0.456809498363662	0.417234134117447	0.633679262380161	0.63206636862059	-0.013653868620684	0.178030428791984	0.720174326077879	0.628573665825287	0.674162676210803	0.519149120100373	0.391578479350344	0.666248155447316	0.625492446385704	0.60753681982672	0.704249618966649	0.354741023468715	0.635912602701956	0.413518856727631	0.644683390734777	0.603475705063078	0.398410744336355	0.284794567935649	0.575974076222006	0.465195414291095	0.559425801416033	0.719861898436739	0.631789038831152	0.689691281930411	-0.0596122838679238	0.435438143395945	0.582118249476623	0.372840694479777	0.835480600347127	0.531207513299815	0.637710791122077	0.465141728388389	0.771630632415191	0.380996175930985	0.310012401289989	0.165844388650578	0.81996592714695	0.460192255376415	0.627098426243644	0.223759444455923	0.601177181737522	0.742683872157036	0.352548220465329	0.459258596769508	0.524396671477233	0.461391709552588	0.440763340949533	0.14563126366758	0.577741911809067	0.714068522578602	0.608687767859862	0.287780644073118	0.618384748742926	0.65127470506732	0.287666264917445	0.531966696735074	0.418572846895339	0.703009457997243	0.635189709434791	0.696343112785677	0.641760530671967	0.65749756233997	0.594330216156982	0.630796895814866	0.533561720024215	0.413136131124726	0.517698290801587	0.48177632859527	0.470064835145719	0.215400120172989	0.553710575240007	0.640967536973047	0.548014500365931	0.268351106353323	0.512522459162411	0.302654919417275	0.59136693752244	0.495243717427341	0.28558473064782	0.310284410156851	0.455271761899502	0.626910667808802	0.3657813067363	0.368374433401923	0.527811263775551	0.580556753153188	0.588040436281741	0.43189406153211	0.547728276037929	0.450004679068023	0.517123751060192	0.301044676214543	0.581810073178645	0.601161660371145	0.551744695715821	0.669961003343946	0.620214945882856	0.383115861627539	0.623830767405538	0.0771307968881723	0.679802045513519	0.339954568417745	0.582948796843129	0.0620864095126613	0.297624939373411	0.598955509665231	0.17066940938944	0.464557629334494	0.617792413363362	0.649799038843176	0.205233892753702	0.438325425710826	0.300018223905331	0.142777431916405	0.584659733504846
TLR2	0.71929280769737	1	0.431894070390863	0.759237198681812	0.796966150575286	0.734032327196505	0.806816259680785	0.810726271324885	0.588528016570699	0.54389762460688	0.631156792855781	0.720096724033104	0.645617241120264	0.816265178947019	0.734331412224756	0.263972986333264	0.385612849389071	0.435749002584955	0.748926380988803	0.735656053086803	0.699703914020843	0.571938364185462	0.773413959975273	0.635783327090842	0.602373029616743	0.814751842291141	0.620652808330475	0.785430136012873	0.724376858573834	0.592675962644024	0.888186344491231	0.610483460024932	0.585573939274152	0.84110941268351	0.714325582914326	0.724154961415247	0.826281293500113	0.627388591831989	0.830429502554615	0.14777434258558	0.738192021928859	0.838328434358287	0.526546301094421	0.646391341508697	0.457195804023677	0.907711523942858	0.5306413300995	0.766609452215019	0.604299811623518	0.502635866430438	0.454834103740497	0.808458199838856	0.60130038832473	0.893366210567776	0.402773688597141	0.746495189351784	0.744773786085367	0.693117496285816	0.496506809478084	0.750161589398831	0.750844755398307	0.661162469355101	0.255083824283983	0.322186835194721	0.819201603130692	0.522997718889717	0.551723524661221	0.856662632186185	0.714837949988213	0.492696293601109	0.594816106419088	0.628713524308436	0.628722488368404	0.556677201640589	0.607096117623386	0.758627253492842	0.679600872311035	0.736020576006566	0.697262407911455	0.704578642567885	0.519814820056794	0.805136683672724	0.746970797806014	0.797369849339287	0.578928577360722	0.708047129624995	0.668641669157512	0.386226921802492	0.568088807040562	0.520350728698591	0.591068825687972	0.559590106579822	0.766139556860721	0.489232419915347	0.355375839606057	0.70319882467993	0.742974587437768	0.55251376034655	0.626195090427755	0.663205429029649	0.539271409196251	0.636952352718705	0.413713772392312	0.800887421278266	0.739126475073803	0.675792230380695	0.584193630366466	0.682049479809511	0.559961516634137	0.648108952727713	0.853077400967035	0.718450518939973	0.597463048446099	0.806977020058077	0.248310873631828	0.749589649578448	0.623817744149019	0.559354106520665	0.209270400405789	0.503619043541703	0.822643455868201	0.345715606463625	0.444456484792535	0.792501856340251	0.748930238118131	0.589099582901379	0.780375523120681	0.409225434126754	0.350774588598564	0.480522384899575
PILRA	0.287740368440773	0.431894070390863	1	0.69665216638367	0.254410134075698	0.706448218213993	0.412843126556134	0.671566014605565	0.807517060562098	0.710775353875285	0.693767274021235	0.805970889411076	0.789332318439631	0.728512505994247	0.662816553214328	0.875958086356747	0.584949043467655	-0.0135974402714664	0.3341998280124	0.609317969024619	0.736444469380796	0.219124305648495	0.0981100065157027	0.745542453038558	0.63093706976924	0.413683056383005	0.876005261376475	0.566912951900942	0.79261747269024	0.766268725738627	0.43612508579554	0.876736062976383	0.659691042724668	0.629854473030821	0.557794844022886	0.343352245835344	0.269247032946802	0.620551791379068	0.462433880519824	0.802194434197018	0.767864619678258	0.607700050466461	0.763052736305245	0.282173803771358	0.498184203525874	0.527358214336088	0.736122084403344	0.525362366318833	0.675433690226074	0.698929811684027	0.718973850518014	0.273294667521504	0.629954378001603	0.45547496465946	0.732226273515999	0.293708248217573	0.330156374259841	0.806227736348498	0.814523086204363	0.746350663930097	0.612815034172428	0.6135635146798	-0.0460474281023537	0.233595069642288	0.260577661649165	0.395572305095765	0.777813766976347	0.622088745965731	0.239101267211168	0.613996762461603	-0.00862918777846117	0.59350963520478	0.498303488282128	0.455489447067413	0.603206215576939	0.382451625836964	0.559477916882581	0.653249240711355	0.333144304244408	0.520212741906169	0.357967235429012	0.412294932087319	0.555318262325456	0.547648452148474	0.778277809944428	0.420763894849799	0.306912011133408	0.315850816796727	0.752983348711883	0.597898983588677	0.569406963532185	0.533313510147117	0.478803397888053	0.0179319676445301	0.654170139606382	0.49283430633675	0.0679023165492191	0.865527956104946	0.36814738063331	0.631845897198535	0.686684209197574	0.692548615783417	0.684159780796821	0.252468917257229	0.608165874200662	0.530500558729615	0.839862394299317	0.638289039574106	0.440188369389927	0.576289095344883	0.491595076164464	0.539731660916293	0.106670107736925	0.650723024972434	0.0788389254304112	0.613322033020213	0.792334699329362	0.436645951646445	0.0813643431012308	0.550224000591769	0.151804600711802	0.544358653434944	0.653367758522339	0.699286944611442	0.684938161676956	0.692349350684823	0.672766090428848	0.317997360122176	0.678996923188981	0.320394369232092
SORL1	0.477577488451566	0.759237198681812	0.69665216638367	1	0.654639106631573	0.815956014152605	0.685110107191236	0.803844758643257	0.710455907154679	0.550142482846594	0.724172189381971	0.789899527084416	0.674769314946127	0.820257763185338	0.741406823341402	0.538995468979847	0.318723874853044	0.170550051140779	0.656532595390679	0.719773158750725	0.703421578574554	0.323268810376489	0.439689631956295	0.721127739664463	0.59618551260616	0.621173217410553	0.804102341830968	0.738612057218798	0.743224926544495	0.690559212728844	0.763188961187712	0.778238725197649	0.651137713090602	0.846483435406598	0.777561279117688	0.678392476480968	0.62363002587144	0.743133748902123	0.694576340056678	0.394885583222594	0.913820964080797	0.792236593482434	0.726758869735132	0.513449951650102	0.528570841688013	0.804565424847162	0.543367218386343	0.704914755058851	0.617476158969854	0.502826636170771	0.579512385302726	0.600382783427627	0.726895530415691	0.839476482238132	0.494099415605228	0.636660866856849	0.476304445888928	0.78894217385461	0.646556289142084	0.805983380387906	0.690930629726478	0.741595513366816	0.133911224772944	0.16445452439307	0.633093741170397	0.46464697479113	0.740998181716717	0.876292317811749	0.551053332167513	0.470372480676515	0.381291959891877	0.627730818420977	0.579310976641899	0.494233472009831	0.534283509411291	0.645157712570253	0.680869332595389	0.75760534064697	0.553280541658171	0.676098420640124	0.46469952323928	0.734485744084776	0.799650317158842	0.777097291156429	0.730051496244645	0.601176115382551	0.587366071568638	0.296301419442841	0.784219080081604	0.574446068113376	0.732051344496022	0.527598963017583	0.76080468701822	0.475268182481931	0.569084861946681	0.650176891825942	0.595261614115083	0.786562529770957	0.646741201048988	0.659818361305392	0.541391784406787	0.6949710473296	0.499232435931336	0.659992271835589	0.768229585062672	0.683698393930925	0.838937668849555	0.697306911529406	0.515115360129469	0.615635561221353	0.756712444277113	0.661718057801465	0.489754773786452	0.763498795870381	0.285508630803789	0.744969054873673	0.768462399187461	0.524469165723265	0.256196792977789	0.614262085234246	0.584606383194501	0.558486788328611	0.518333701014903	0.766839843696474	0.776807937734958	0.736839355343614	0.844162277417214	0.439483218998709	0.528650821031841	0.421701855308342
KCNQ3	0.641481819391992	0.796966150575286	0.254410134075698	0.654639106631573	1	0.570182753460538	0.744626412886353	0.675357286180131	0.414519055354615	0.318468363884262	0.440478798377758	0.521430488188287	0.415811294752523	0.629309108498555	0.595816693127865	0.0453203592225918	0.194330706642858	0.44196204079636	0.801302222927927	0.556601945674382	0.531464183234473	0.441023584116674	0.73731656901881	0.514358368109591	0.484778173569446	0.755484599334357	0.421569018262927	0.691574680456349	0.458228595849983	0.428633249645366	0.81012037049125	0.388366579947636	0.406260505256297	0.758020215048742	0.720864547779298	0.670373772509226	0.834757811655852	0.571273651186652	0.741758087444508	-0.0657813371498149	0.576803323512794	0.701379632493162	0.382375780562926	0.610827952249252	0.342475720016636	0.829071917259523	0.32000242315457	0.67582875827612	0.429035873123194	0.260753976210305	0.292836157343686	0.786645013648068	0.432934347144676	0.82109032292037	0.216218707072512	0.716576795379086	0.671014132754228	0.481319032926174	0.307905789692254	0.577918290516649	0.595408825182308	0.531543454505112	0.328863792166637	0.262094049961936	0.791894375669988	0.431213814643609	0.33992522751955	0.725203535508509	0.748036316479132	0.316911245450474	0.63400370177964	0.47612516855394	0.550247368303928	0.463175666039459	0.483455835354386	0.691458505305667	0.547428025455644	0.662448483699536	0.648735323194359	0.634230188655734	0.4639538333392	0.750105669578682	0.680321240972086	0.689291091276266	0.366285821550047	0.665554355142605	0.56599006230923	0.24180859576074	0.397716481740412	0.431384093035164	0.532553208355384	0.475897380229971	0.692923196049165	0.554284788486326	0.227718795021432	0.571218535030758	0.756194920480667	0.382106209969722	0.49224917392614	0.542756095256774	0.361907605135101	0.44975820984544	0.267158976067731	0.751143559102323	0.654728064748562	0.565540342685757	0.40548584417969	0.52443730191705	0.447873521609653	0.498709517856631	0.776523618024391	0.605504427752958	0.565975966495749	0.652665974779149	0.178882360997576	0.613128145934874	0.477016901801362	0.450150266138215	0.150362293838243	0.344920352146982	0.809295988097448	0.219843519782884	0.270115178780194	0.610981896114716	0.613712446888086	0.398118809195937	0.652828676189107	0.329799696592161	0.169221982156146	0.401751073353302
KCNQ1	0.550957450808422	0.734032327196505	0.706448218213993	0.815956014152605	0.570182753460538	1	0.611347051029816	0.840194979799273	0.800945294574358	0.714139952618859	0.774396624105563	0.8383702738112	0.746331952345311	0.845516408838023	0.857368047785179	0.561922068116381	0.499413485912622	0.3521928180301	0.670222778467358	0.798124976357057	0.809400464352374	0.487668653696433	0.522708318626686	0.810886373914971	0.762541676051842	0.725170473129653	0.791366125939038	0.796469278717776	0.797111247348409	0.800269236998561	0.77293469121594	0.826081822781085	0.705013521340377	0.831525135914666	0.716067091897504	0.684702304747424	0.670919514710612	0.656236747007611	0.797663074353411	0.42742024401341	0.865258932915825	0.777022311220746	0.767574006136357	0.466571111345419	0.397441884883125	0.739827365710712	0.67466216260636	0.793977745587972	0.744163007864155	0.605431481507729	0.680363002928072	0.57140066376335	0.723314388544194	0.729324237970728	0.562293573201138	0.663232454226438	0.617013425846458	0.750992678522308	0.756676368630818	0.802874314940102	0.675966541282758	0.646887861648819	0.00996176308204223	0.381482388629185	0.665316331151016	0.624139878009793	0.728164059303653	0.808688865560082	0.534578447219854	0.589547406593011	0.401918576705128	0.73830033674458	0.498260327638625	0.683765207844711	0.539799694541709	0.649967440018429	0.740846316917364	0.754718560450551	0.597467720049567	0.712209177438308	0.606851957691684	0.682627432985725	0.740246120982257	0.753207469350548	0.72507092964794	0.548917893930991	0.665309694462255	0.466838739545019	0.72733464627401	0.71255143970882	0.704462355061467	0.682963969076581	0.710650945694992	0.419347250139509	0.634505931957583	0.682161750545407	0.525449927727069	0.773490312849598	0.579122351237114	0.722233296332062	0.68841174794404	0.82357487897109	0.519373242248003	0.625196457442602	0.776064156190774	0.688352120611159	0.80241463640788	0.769458801220809	0.647644974464724	0.747057162037704	0.781751096550967	0.781854801280182	0.448902647292527	0.824444628120846	0.217673362343022	0.82051508255826	0.70786476319173	0.647876232806324	0.20271608154727	0.597674778942926	0.5281132018047	0.534257698423795	0.501444085356509	0.863992193807824	0.816570015325116	0.707694433821891	0.803050813219885	0.463940723828519	0.595979156884777	0.566951774906644
TLR4	0.687156690737883	0.806816259680785	0.412843126556134	0.685110107191236	0.744626412886353	0.611347051029816	1	0.677183650818456	0.489479362781011	0.45334210112256	0.478001860699617	0.607502770721701	0.567979512706494	0.707801783554061	0.576328651559788	0.229504861028133	0.262629057513942	0.318444298077003	0.677184414470495	0.594691891556908	0.575588011652404	0.383713628323465	0.645952396495786	0.529787988515696	0.48595802111059	0.664013695334945	0.54513120954346	0.627936263086014	0.600679322211791	0.512928575727544	0.723354357779506	0.520756478245789	0.434692850614942	0.725635888796749	0.678284957622341	0.63518843528021	0.706942308713679	0.655596210370368	0.670578661799238	0.184681653629507	0.622044257195208	0.767369169127667	0.451511173822932	0.730889457861551	0.534803413263733	0.809147501460855	0.469135697681115	0.633188443194252	0.413511455408517	0.438241245777982	0.369387825314519	0.72624487588625	0.539288340927531	0.752802098184722	0.37651771652809	0.587572005930003	0.64194046862922	0.627685084964868	0.422698877453143	0.690416540606357	0.64159944375575	0.6159153172151	0.263621171959663	0.271516173288479	0.639503067458657	0.381906662223731	0.490922481751255	0.729978354937617	0.62862258376193	0.370338054634875	0.414097341195393	0.475829528517042	0.675598114142995	0.43649182807901	0.681456751980891	0.603483541459269	0.587113564326597	0.664704347283268	0.686252815711338	0.606550915681818	0.330544821084877	0.701389453343522	0.606233071856992	0.659792091233206	0.484812486807433	0.679845403415679	0.525775381477234	0.36304951981891	0.472301466381761	0.41302765887905	0.575515866548029	0.419582188323348	0.655351340713406	0.288030074452258	0.297171660183639	0.556897799868699	0.629796284715991	0.536069042706999	0.477034578206511	0.592374459866241	0.485231004664513	0.530966671657458	0.52226020109523	0.634088215672587	0.579674454535244	0.548184894252876	0.522044402772319	0.53042090969674	0.401204631086407	0.478713127747765	0.728500657369936	0.563056284000703	0.443242141233511	0.673434061491046	0.140876034492717	0.600243226123545	0.617355425010829	0.41424164261341	0.113712161644424	0.413689922440378	0.708096642960332	0.234607865902953	0.454468565079722	0.651938796700282	0.639893601158109	0.459123612226468	0.669547303632145	0.297693448223656	0.281331888497246	0.351279854114055
ITGB1	0.57506414551107	0.810726271324885	0.671566014605565	0.803844758643257	0.675357286180131	0.840194979799273	0.677183650818456	1	0.85832342530831	0.712637375325544	0.836889270170969	0.922271859618156	0.747588998306439	0.889887422284373	0.905820470368989	0.553892408681105	0.600440819990089	0.398247694392376	0.726905222557727	0.8097399423735	0.924779595524326	0.613689733767664	0.709175908254137	0.869347279242175	0.862180355073054	0.82265922103706	0.819797540320579	0.914195982121009	0.822211721999954	0.831023911697774	0.899266535179071	0.8470073762525	0.828372807653801	0.882536246693695	0.756064620675324	0.731261640928879	0.755056230393591	0.620767224932942	0.920757727766177	0.477473977130692	0.878399040805228	0.827968634792474	0.729303844780889	0.441653978772861	0.313059929073897	0.82250173106498	0.774948394899981	0.84351264692451	0.846461763631254	0.727076062153016	0.74874749747002	0.632293751595253	0.788323435134055	0.821149766819208	0.551422176066303	0.85104617461347	0.622914820911307	0.821163146007233	0.816629399261213	0.821562191577078	0.780112820775238	0.702571828651737	0.105935694484318	0.509198438858485	0.76715097739928	0.765373575407135	0.713410025010017	0.8833108290243	0.609856166928138	0.736285901685327	0.575089254858481	0.842192483373418	0.476930659502723	0.752006689199358	0.596992743225391	0.806694023512635	0.820732671599351	0.767953489978347	0.61874402820754	0.795807934321851	0.728566727010794	0.833086290130831	0.854958167137169	0.853985099317811	0.783915765860353	0.680261046687185	0.722866091429077	0.466976230426744	0.775250671643409	0.814496409695363	0.726981727729844	0.759603797461692	0.821406437391891	0.518191642168216	0.629252789300321	0.74690623086439	0.610248531401008	0.744852464199362	0.665540263699321	0.736560303626419	0.746362519680564	0.834896066619162	0.404882953591925	0.75357765122494	0.845457857098039	0.798909344959152	0.76877887693367	0.87665060300672	0.769653632388873	0.839916122014686	0.895352548463194	0.893051984993546	0.630863000923584	0.945488590903724	0.320875212348525	0.893921444401308	0.778316903677249	0.786376820864753	0.294479193812563	0.671401513911509	0.641826470665692	0.608199221922527	0.594597231001751	0.907921189868584	0.903821883010224	0.823032611259679	0.866309438040968	0.598897637483354	0.662372060254054	0.698321768026518
ENG	0.39071941888844	0.588528016570699	0.807517060562098	0.710455907154679	0.414519055354615	0.800945294574358	0.489479362781011	0.85832342530831	1	0.875100558608076	0.870057126507961	0.937043176235259	0.84928881143199	0.825313896371309	0.867512486187152	0.772771906366578	0.754795445865299	0.191824859189563	0.556529183606427	0.727330151912351	0.864176158215221	0.624935773938739	0.42865906422406	0.823039476422277	0.835536158977319	0.665461213847612	0.913373528667538	0.741345402591093	0.834292257740443	0.826882258538448	0.686734954592044	0.917407930877743	0.837072386740112	0.778912064273904	0.595731505696146	0.569003838727123	0.518928171559845	0.53448905222157	0.732953602168704	0.645372983493263	0.870006258034461	0.706067598793801	0.822582905586699	0.22331811166679	0.221121367416217	0.632165150590527	0.785964680471983	0.692332899236775	0.856560971129769	0.772238511430058	0.864077220301012	0.333368184934757	0.767751188528565	0.567609874186943	0.702830035460983	0.581355182386187	0.501789323105016	0.803186251170261	0.879135020981218	0.807094280061687	0.673568949635137	0.63898721497999	-0.0540647823789963	0.45522625759792	0.511799224023061	0.61951288287602	0.826977907840078	0.724313434481615	0.461460428776445	0.765764277073128	0.247094905207634	0.835977978397603	0.370230069143772	0.659479771779107	0.502660098642608	0.548163930122305	0.729395422665191	0.681288657226927	0.466164185413713	0.666237245685416	0.627908772053063	0.648997637338119	0.685031009329894	0.694708330828976	0.831652962418997	0.564369310184999	0.531187327581005	0.486024563457005	0.749006154669823	0.780629081355108	0.710665385845149	0.744448306499701	0.671353342378747	0.283108878995774	0.675106692086376	0.684236477655843	0.329057407120824	0.786173448348169	0.551203529102096	0.657041218735678	0.792490270858161	0.76925672216327	0.52847319602712	0.505939677131059	0.768478955185171	0.698556801688856	0.808484117927672	0.765712121917454	0.618227242347585	0.727742783939605	0.736509830165065	0.749264491773394	0.404743450746518	0.852040796528601	0.267265783995998	0.800396364254818	0.807060364669228	0.668245131715729	0.24639955818861	0.699951323340158	0.3180933738279	0.651614368117723	0.534393366577125	0.877517139005912	0.805777398645049	0.77913384284081	0.788974022551242	0.518534450273727	0.784713869301777	0.555655344833112
STAB1	0.435310103569099	0.54389762460688	0.710775353875285	0.550142482846594	0.318468363884262	0.714139952618859	0.45334210112256	0.712637375325544	0.875100558608076	1	0.807955204807141	0.858145248940257	0.906673190428057	0.76317793047063	0.753743246332537	0.68886563739097	0.728205047698537	0.140158341775333	0.475995752634379	0.643913350083042	0.732365653785928	0.644949588321957	0.406723953951922	0.686949016149948	0.748810107204425	0.563171748335872	0.844317520411605	0.600820692169859	0.785531943313075	0.740860196920554	0.567525099302567	0.859521197874136	0.646227192996548	0.671132476955505	0.464361309537622	0.514010220176913	0.440637324328238	0.513996273340467	0.630445750805785	0.57145564583168	0.759421005483471	0.660345481615421	0.712215228584253	0.247601055212396	0.134148459831254	0.562992367423872	0.736906048367461	0.595669227207452	0.751019908949904	0.748954702737189	0.85111278032079	0.236212926561283	0.716489571557263	0.427597079801668	0.728171829797866	0.426357574682341	0.537035871794947	0.719841269011609	0.788642028764266	0.804148173688137	0.562448129348665	0.590336777961978	-0.136954642831079	0.429453187917195	0.416594357444352	0.494184587723327	0.77318301129705	0.574456154501927	0.452611624096361	0.687880801754462	0.0709490385560713	0.745333904009607	0.419312276332552	0.604827455063072	0.562890879074019	0.370280034882251	0.648090940810614	0.637097536942444	0.50965260605111	0.597123313451782	0.490852716348372	0.500707296730631	0.507261993445947	0.56341804564223	0.731273308974356	0.516009775057392	0.450677505609157	0.512761431597023	0.580014285583735	0.629883702120184	0.565675264817219	0.623413500564742	0.55907570021979	0.0630769288075796	0.597096672309571	0.68347630535148	0.266376920726765	0.729248728828533	0.455952446135244	0.61341114493415	0.808528894322942	0.673994664099397	0.64364226704666	0.345725985000604	0.643381865865966	0.604018863429274	0.716845384943307	0.651232047006572	0.456078948545083	0.569822335211547	0.606877122323227	0.617833780740605	0.339768892577243	0.783076027766878	0.175249519519681	0.696264123171868	0.728801143190089	0.536987427294768	0.1632074322474	0.648793400221829	0.210051206108688	0.475145720355496	0.397140406538641	0.836781337809397	0.66629743027341	0.560203348504264	0.660003019363595	0.390256342410411	0.685287926116893	0.478181322650596
PLXNB2	0.432402340174566	0.631156792855781	0.693767274021235	0.724172189381971	0.440478798377758	0.774396624105563	0.478001860699617	0.836889270170969	0.870057126507961	0.807955204807141	1	0.886520770066699	0.776582882320363	0.789620520003813	0.837402455839291	0.631893139339267	0.64171504206396	0.276607819080925	0.607053270679999	0.753047037067444	0.825910861842493	0.636329158572102	0.502344302082614	0.786414337826212	0.817431137235574	0.657446979042867	0.845300045484462	0.750155615054612	0.770317863172657	0.801012804289131	0.719228134935495	0.866304611061139	0.781518287618937	0.75053017708717	0.610522281965949	0.654766188426004	0.583055196820478	0.57005311395515	0.764317983555692	0.512909105418702	0.852719229457638	0.697234740288404	0.74972269699296	0.241666345552205	0.163929000566236	0.631836201390347	0.713650701302098	0.732296304060589	0.838207876750847	0.712791253944457	0.812743761235935	0.376014354655158	0.79208666320946	0.625848041664787	0.603681124579254	0.674332162398265	0.507303598824213	0.752293453697568	0.832827381569905	0.772459452977055	0.657914795286295	0.667975921971389	-0.0889280635114043	0.469835448006829	0.597167262774399	0.678473992230843	0.780922018077889	0.733727330565249	0.476890930649462	0.739672931263614	0.34967158599367	0.821784730253435	0.363376893285381	0.687235687553835	0.461248279933058	0.614368970113813	0.765558256374659	0.669571330580145	0.47474995488681	0.68807207623085	0.654315718766054	0.657885150511042	0.731288401705087	0.688696093000585	0.770297754653265	0.535245078035276	0.625529740594092	0.484754622089715	0.723895890480153	0.731612432181305	0.689765232512855	0.730922432922143	0.693990464063135	0.397952287492811	0.681106327904162	0.700683478948922	0.448627303837795	0.734947107787897	0.644378288583753	0.587908878387322	0.782530550724764	0.795942809654347	0.448444025441948	0.534914410080623	0.734514163672434	0.760420390451263	0.752622365227673	0.797379636357479	0.684360546225251	0.73306928470495	0.750134116864644	0.764441913527356	0.542902853991519	0.862677726737488	0.365824261011708	0.824694538151113	0.73488714623837	0.743524729855995	0.369276053350069	0.72641745812236	0.368128532084958	0.656976893878188	0.510081802517156	0.852008641153093	0.773610011014575	0.73105279162829	0.762138100350293	0.600260381906037	0.780965566330727	0.653645760845379
APLP2	0.456809498363662	0.720096724033104	0.805970889411076	0.789899527084416	0.521430488188287	0.8383702738112	0.607502770721701	0.922271859618156	0.937043176235259	0.858145248940257	0.886520770066699	1	0.90219463287205	0.902089637655717	0.851863151464916	0.758706449018233	0.714746928477044	0.18012984856014	0.621772238640784	0.802039132291108	0.901223841586108	0.601043339582844	0.542092160627384	0.809860693934812	0.81271559793143	0.707681600608952	0.943849600308593	0.788499464515772	0.919290163553763	0.821854226688053	0.782540661981081	0.955609056766346	0.843632525061258	0.859080657140013	0.697257493460199	0.694469129751919	0.601914794477858	0.60048229876009	0.804468817151099	0.660189009080931	0.91980245499586	0.835126691108156	0.786652973471812	0.331377201444316	0.317963592702406	0.76494832587008	0.83019339514238	0.720772051255167	0.876601125524204	0.840465613747852	0.865220876967719	0.446546679448281	0.826822880757665	0.694153646982018	0.694686560946247	0.684197314563705	0.56780410386098	0.908145815226694	0.874823164594507	0.871440280998755	0.796654673992274	0.764617917258792	0.0357497501937385	0.415383215720274	0.577491771113625	0.632168783046943	0.879593105685165	0.809086289840508	0.534973972622861	0.775248103816293	0.319850502794004	0.848934988731336	0.475555101269808	0.642894072395539	0.62127973418654	0.639970588583756	0.788042126442708	0.756349867874407	0.583984141710696	0.741392308112458	0.615822222317387	0.749823779107972	0.789958637110687	0.782735866430119	0.896782589978251	0.669065389719235	0.578786679085274	0.47541665996938	0.796543592040734	0.7296039621791	0.746158342106484	0.69669087479604	0.771031870663249	0.306135556476236	0.692855610396008	0.748412653747285	0.418168058459466	0.841959219754709	0.673841315662067	0.739274155045168	0.792253393563948	0.808744440475846	0.581291689378305	0.578842077872721	0.806389693981172	0.802905718831899	0.872423811353298	0.833626855218583	0.645225173236206	0.752152969879274	0.794519168609652	0.811074363222095	0.532910405477782	0.937418245635297	0.358594490405559	0.836550787694546	0.872294603196911	0.695512023250478	0.340309537314684	0.772751839700897	0.474768246307892	0.670207944328315	0.612469461867357	0.911536727292143	0.835296326317172	0.817886834155179	0.874500240490961	0.603990371364333	0.794437826724672	0.585970456995049
CD163	0.417234134117447	0.645617241120264	0.789332318439631	0.674769314946127	0.415811294752523	0.746331952345311	0.567979512706494	0.747588998306439	0.84928881143199	0.906673190428057	0.776582882320363	0.90219463287205	1	0.843429826254239	0.698803036460013	0.755653692373383	0.701310567634481	0.00333294479992488	0.500490542152441	0.677987922861722	0.764811941671296	0.593584676871099	0.411952518667727	0.650354806439627	0.64726995685667	0.586528358171021	0.902943023729811	0.597604036299819	0.908607148775048	0.683535136453205	0.636665506555836	0.893625012781092	0.676969744059649	0.767742355212441	0.6028868121341	0.555169347093947	0.48140890936988	0.588178957702638	0.633063524297653	0.659551740949844	0.815773485189604	0.79680976122995	0.716899513935401	0.318140224843872	0.366545270610086	0.714072820032547	0.7399596068876	0.556456540761918	0.750379596804091	0.815798201067112	0.842974648862208	0.330859633533724	0.734118947510942	0.575299839226119	0.761138329796358	0.432187541796164	0.60239562592383	0.859321773433254	0.740217594860593	0.872423402668407	0.708415582251924	0.671980085951685	0.0222959706018421	0.312668025665482	0.417328978869385	0.38215537930409	0.836738311826341	0.670482214349325	0.505432969753751	0.685061826112736	0.0838048658884636	0.723425008086727	0.547378209607155	0.48620592951098	0.655923870170724	0.439719437025128	0.619328512180923	0.718915674471746	0.594729810176964	0.623297861780874	0.407575411212968	0.580271172672584	0.592576575944456	0.664516690021624	0.840410041064979	0.589492359122252	0.371925349428684	0.393396056676004	0.677766310935709	0.516979455166346	0.62915198125775	0.526090030906696	0.597843489272061	0.0230462124496418	0.580561558593073	0.726740866748786	0.262892047762494	0.841492385362676	0.527539777454965	0.679017423980039	0.774840242004325	0.668695659053531	0.735585290572994	0.381244191682048	0.708939074582969	0.637891965519514	0.840813413162875	0.641590277030438	0.382644341176188	0.545266570731612	0.622332608137418	0.592010374842873	0.324848749474997	0.8048141148177	0.18405004445412	0.678815850020198	0.81069780356963	0.447497041076294	0.167892801693462	0.659820400878974	0.372688557701682	0.451468740389166	0.499357116744305	0.825617842305177	0.694336573503831	0.641173144739231	0.788013447523954	0.36394012486861	0.663349721981098	0.356751267638357
SIRPA	0.633679262380161	0.816265178947019	0.728512505994247	0.820257763185338	0.629309108498555	0.845516408838023	0.707801783554061	0.889887422284373	0.825313896371309	0.76317793047063	0.789620520003813	0.902089637655717	0.843429826254239	1	0.834641684758556	0.603349348791121	0.592601064683179	0.333372963089644	0.67000600273473	0.857466958839627	0.847147201732899	0.551789070870019	0.600036105568164	0.803459554242411	0.757708653296008	0.753091214280872	0.851118417190281	0.791732923830623	0.876377454301028	0.80211544680231	0.795162843481421	0.851223943728022	0.737984166307961	0.859857022274113	0.705644725222699	0.718297869269998	0.693690322509655	0.711496283578487	0.813137977208892	0.501843320727731	0.868956842145807	0.853147479664847	0.735528797095564	0.552272186733866	0.501000449193995	0.831593227815091	0.739629981259759	0.780868049517662	0.794515614882135	0.740975656618208	0.709014838374272	0.62541402405602	0.769261726908334	0.790548334583375	0.629577212765958	0.67929833134129	0.672960356319309	0.844932657485854	0.7819213260566	0.872690981424611	0.770783427702243	0.736123407496704	0.126910628042066	0.398117723711354	0.677994400457027	0.610241764991744	0.759655214939517	0.832179972880283	0.609502252415055	0.662832790722551	0.3813568770435	0.762712230830297	0.635130537984631	0.659455070842694	0.727257560145675	0.700021194564012	0.789245974521579	0.7693568775741	0.644652519588682	0.725145365886974	0.521780592968374	0.738813718956872	0.783850110418958	0.772226344384812	0.782948872148038	0.668190753059441	0.624932863970481	0.489605109982934	0.721871699168844	0.672850244880672	0.673615350083543	0.673553509322088	0.734493720734114	0.309659816370576	0.606828918120475	0.725407857212007	0.541581931918595	0.787494058158465	0.63843148383078	0.76433123516701	0.75005814711136	0.80403510132031	0.615844012700167	0.622807260866886	0.759442239171122	0.764658976514555	0.785862143651725	0.789948470372083	0.634452836041242	0.726079286186388	0.800637737570809	0.794918228650144	0.482749444048613	0.900583740973511	0.2733763170813	0.841258814607983	0.787648279599036	0.669154904094916	0.24945286687006	0.668668201052338	0.568641490281321	0.541156245071737	0.637259199485616	0.891337872585152	0.84302094362721	0.725170885127505	0.850225632314367	0.52427516248101	0.616110343650237	0.564485030515132
FPR1	0.63206636862059	0.734331412224756	0.662816553214328	0.741406823341402	0.595816693127865	0.857368047785179	0.576328651559788	0.905820470368989	0.867512486187152	0.753743246332537	0.837402455839291	0.851863151464916	0.698803036460013	0.834641684758556	1	0.51378112422624	0.589201068383934	0.558358078144808	0.722819095874629	0.806412118374631	0.882818874999758	0.643468836800326	0.62411420623584	0.922873434327117	0.931978186954199	0.844522153226236	0.768280982782484	0.919724971557674	0.738779338347631	0.897467435926006	0.821463110127621	0.812207627605544	0.779748252940467	0.809525377884117	0.655590187994374	0.670249493662769	0.738792369094814	0.643851303069277	0.898082247674846	0.370593372749317	0.837529121346195	0.717472875399352	0.808337415910027	0.42625360808866	0.249058951526332	0.704730121342636	0.730614408671908	0.904477222059021	0.832126563311641	0.626190884799449	0.701706348073418	0.605803175678474	0.715288030364378	0.720702631008611	0.549171881844975	0.772964477588731	0.645403926150891	0.686728839725254	0.835014094501811	0.77873139558534	0.62873633170568	0.566950578528789	-0.0833130069064687	0.585690520721663	0.784611886735898	0.817009870566398	0.647727333162523	0.813985542014102	0.560494758980645	0.703417031441386	0.555222591187175	0.839546413940396	0.416279116302739	0.855040577674096	0.499494148093933	0.738924676437743	0.790395836350814	0.767954241393733	0.547500107942289	0.746385272407237	0.783975097416278	0.709428678079129	0.749466009866701	0.764192512143752	0.667535525239357	0.545286217545858	0.779660070611496	0.563065260619311	0.710252974570364	0.868801930278248	0.645144705725911	0.842807518731703	0.725802516649278	0.552665485435362	0.633801051630931	0.690048280021354	0.596567350401152	0.697195644510288	0.540315959733493	0.6926289968322	0.783570509269832	0.856782692208117	0.382881090530174	0.700546935370767	0.819752471208633	0.713359691437873	0.702361170965804	0.851048307511997	0.813188693672197	0.862219965545167	0.87427626225328	0.877185203185793	0.514146717196204	0.880204690140311	0.190739938214253	0.934019376953165	0.653484754764532	0.812014121620289	0.173109575392975	0.563346555834431	0.497951725723041	0.562135350112415	0.475887422860929	0.914660576220756	0.915484704569522	0.705861744387489	0.737902095858812	0.505734131180291	0.599038791512319	0.745156036889504
SDC2	-0.013653868620684	0.263972986333264	0.875958086356747	0.538995468979847	0.0453203592225918	0.561922068116381	0.229504861028133	0.553892408681105	0.772771906366578	0.68886563739097	0.631893139339267	0.758706449018233	0.755653692373383	0.603349348791121	0.51378112422624	1	0.691315576216532	-0.239650531783714	0.197977785726873	0.449198101565519	0.622155499183698	0.277661296228191	-0.0357669687679276	0.527379325654687	0.500265893979271	0.252774106300591	0.822966983543402	0.392011107817246	0.769649844591983	0.553075563269613	0.316499399216516	0.807506011064802	0.694365851279234	0.512372920677869	0.405119692082925	0.247570108574245	0.0820338787394089	0.362765192337305	0.30972159139924	0.875838509950169	0.67723684353715	0.479079134110834	0.703990583959436	-0.0379826875266088	0.260741365136033	0.357976403306556	0.663263429440518	0.271504705803597	0.658589037255266	0.739851306357618	0.780416309960974	-0.0247287725124658	0.542227438905556	0.254928477510699	0.732905102168898	0.140865637100701	0.159470198905986	0.769018014443144	0.699435463587006	0.620346872899833	0.541820874279882	0.526993449170471	-0.121826347625044	0.0810931155681022	0.0491866352126097	0.232406147441978	0.765242194221531	0.429605730961334	0.0613772466562599	0.647465383962855	-0.16470580538951	0.571285983097141	0.221145472645274	0.270741942867008	0.363726306599818	0.194302108965916	0.379548401505664	0.447420975461037	0.178369853055946	0.387202310471882	0.25913578209304	0.33754772388828	0.431427517179861	0.455752466228937	0.787488964122303	0.289156875191357	0.107697645079392	0.219257969812483	0.678407472898746	0.438432524291964	0.554736533511519	0.387682238289244	0.393825463718559	-0.0745910362780692	0.556370122470545	0.378604235081548	-0.133332438855148	0.722618367561085	0.305859540907767	0.490764932872252	0.559671433201989	0.526646838717369	0.544620730717783	0.106323968319726	0.533779789660211	0.41505357264501	0.768914726140591	0.476515843103674	0.268411623960534	0.428439701329055	0.366260574155374	0.393887803598303	0.0491597657993249	0.537243468659789	0.116875587629981	0.436916751022795	0.752080188066767	0.297724812968661	0.116387298613216	0.529924737895343	-0.028549882122652	0.553163611627949	0.485066303181844	0.58565060915748	0.497634995106472	0.684865320802541	0.594010798108503	0.302891489400446	0.713866522614399	0.158328264725982
