""	CD3D	CD3G	KLRB1	CD2	CXCR4	CD247	CXCR3	KLRD1	CD69	PTPRC	ADGRE5	FAS	ITGB1	CCR6	CD44	CD226	S1PR4	SDC4	TNFRSF14	SMAP1	ITGB2	IL2RG	ITGA4	SELL	TNFRSF9	NCR3	ERAP1	ICOS	TSPAN14	RACK1	CD4	TSPAN5	PTPRA	PTGER2	LSR	TRADD	CD74	CD47	SLC16A7	HLA.DPA1	TNFRSF1B	IFITM1	CANX	SIGIRR	SPN	SLC16A1	LPP	MCFD2	SORL1	HAVCR2	HLA.DPB1	PTGER4	RPSA	IL2RA	CD63	C1QBP	APLP2	TFRC	FGFR1	CD46	VSIR	LRP10	CD81	CD68	PLAUR	NCL
CD3D	1	0.931012612665705	0.742675074024507	0.930683033847004	0.956284180353084	0.821833035280245	0.718219078384579	0.731265809404933	0.836336417939729	0.696578903023925	0.7066218622586	-0.235096831682689	-0.326285451253098	0.23914347798921	0.0227387862082931	0.686278505868225	0.653296787035174	-0.604157020222435	0.168682399759582	-0.36274642206745	-0.107871831847416	0.725583790797007	-0.070739994036833	0.757055712553365	0.243131794138667	0.268610333877672	0.534171708017398	0.791615867598675	-0.0140267169907528	-0.151736677988675	-0.146635496909197	-0.291937988366322	-0.628551105831412	0.481880561433107	0.119969976582663	0.273788507477409	-0.366158261483259	0.00221545175928341	0.167692115044991	-0.319539731793649	0.0185120408192265	-0.0178036315324351	-0.654392608532143	0.37646816371287	0.0838473797489717	-0.607269167502617	-0.58505085389017	-0.55318582858249	-0.506602039065211	-0.495804263007767	-0.27392212777751	0.0252929365741472	0.336089957554055	0.0705543609246443	-0.761651347457291	-0.215433701369999	-0.737649398417397	-0.653010594984094	-0.561183848714004	-0.305380452048641	-0.36122800938502	-0.0108015268805059	-0.697198855159079	-0.658273391022817	-0.620477137319654	-0.264312969521532
CD3G	0.931012612665705	1	0.687751069999531	0.919441615963864	0.843886675410978	0.807418187892052	0.785974248917955	0.657527516676247	0.686547352090743	0.758390529302067	0.67418830003325	0.0232435386215771	-0.0753605958443761	0.396525506180546	0.102823441578899	0.73560706310976	0.717791432062082	-0.350053793550347	0.321431933357441	-0.0931140099402725	0.0731135547435641	0.797950753306678	0.18059463820229	0.679878428888386	0.409847975079782	0.329884801340016	0.452868884693772	0.753016894238196	0.256035178826477	0.0311185286885162	0.0437282997834201	-0.0204276888774352	-0.407098243912117	0.309026188684393	0.152740479591724	0.43717768670167	-0.133339558652975	0.24880565141711	0.372453553895889	-0.0844796766849817	0.227597935090895	0.219454079334332	-0.421430031218169	0.558138205338659	0.17836327031431	-0.369549707803919	-0.357230410430931	-0.368138628478298	-0.445445135140613	-0.291471046460984	-0.0414144633061865	0.189669319968809	0.414378486395884	0.275559425994064	-0.547387489676039	0.030408521004822	-0.517157384952582	-0.463917582792746	-0.321084734609441	-0.110931819932041	-0.156758779657938	0.185024012392713	-0.483598052781874	-0.488784722710438	-0.423001344224644	0.00181982424536902
KLRB1	0.742675074024507	0.687751069999531	1	0.575093756637751	0.771247652001825	0.868821300516845	0.78054862702508	0.749291992348512	0.712427875108866	0.54661382514813	0.850115057198496	-0.471184545047594	-0.228452969487244	-0.208642471526741	0.311734885874141	0.889695812455594	0.441406591417012	-0.421077861534571	0.0624204412337063	-0.414686717468058	-0.315391564247909	0.237107381006111	-0.272012404271661	0.401768659684456	-0.133231785979408	-0.171356591925316	0.722321567499319	0.496339575615904	-0.0563411777192751	0.195687734017308	-0.219613238660763	-0.204220347605721	-0.733553176657628	0.658090238766092	0.370826986797983	0.351097628983821	-0.305250876862512	0.105948132893779	0.443880410498647	-0.244032694140521	-0.248278607894021	0.0372180231277788	-0.487981471514092	-0.0168705474677206	0.0690296201068773	-0.67503134640057	-0.544170586617277	-0.329525927478977	-0.505063370039745	-0.507332980804215	-0.17401328752634	0.325725662799068	0.691240049667124	-0.40397163109168	-0.620999118280806	0.061489723226505	-0.685138945191485	-0.666466920214234	-0.501893949345469	-0.426298646055911	-0.318161053416842	0.0270962646414175	-0.637470539009504	-0.431548501466914	-0.464185877445671	-0.131701617943156
CD2	0.930683033847004	0.919441615963864	0.575093756637751	1	0.900626258061847	0.676610573580851	0.66009179199214	0.658156710959488	0.781815592650363	0.747074201151407	0.63168220149951	-0.0248349639670346	-0.244611837547075	0.451674741751404	0.0154136379164207	0.626065994021947	0.621361639204871	-0.534365196478576	0.312182188640374	-0.224001901846256	0.100854367235472	0.799686149384144	0.107511117732739	0.81536055821976	0.432190764068279	0.288962947363268	0.410626511445818	0.810215886977337	0.133117990214629	-0.166325099729439	0.0305003942919189	-0.198100319916507	-0.437765186899265	0.370284057452479	0.119902328115837	0.291536349142606	-0.231666907824556	0.0821215333062555	0.0503698529704464	-0.203314155109147	0.239760555342811	0.0177798786028576	-0.529830487772951	0.53923828939379	0.0998293416094832	-0.489728560425984	-0.49978527819099	-0.482463582368482	-0.39330006305829	-0.303904793224521	-0.166857910806196	0.041397393856467	0.230399863830866	0.33037492870752	-0.64619239453579	-0.186081691939882	-0.606451260314079	-0.511437274092271	-0.415799248184457	-0.235893281730734	-0.243460750130853	0.009825698507199	-0.559493539648979	-0.532639068031845	-0.496594450625193	-0.190860399682191
CXCR4	0.956284180353084	0.843886675410978	0.771247652001825	0.900626258061847	1	0.754768509767351	0.634240596801285	0.820671716049089	0.911089633156883	0.684609258964541	0.753099111480066	-0.317240091612193	-0.395967458773883	0.135228809433512	0.0724311089977101	0.722458871786643	0.571722124143622	-0.676347512593318	0.190252002904439	-0.461773647805311	-0.132355641328339	0.589504524037907	-0.136197431172016	0.772806929284409	0.17397198275126	0.119238711388627	0.563156530151876	0.78934975792393	-0.112457907715789	-0.172364913792728	-0.150580981974127	-0.397181973934371	-0.683387451539876	0.583088976440615	0.174359657217994	0.16934233666602	-0.404771194575151	-0.0806026243937305	0.0735026189478312	-0.364888494324626	-0.0423910468203388	-0.111292005938907	-0.684003967309488	0.304817248861394	0.021847671846031	-0.725016488281819	-0.670685491243613	-0.58365185347599	-0.460481522874365	-0.520097578214046	-0.311997263410102	0.0362329187950094	0.330395767308345	-0.0146613165954125	-0.801585376347554	-0.278876759862452	-0.794582959883694	-0.686477626995447	-0.590789633227375	-0.439883086346712	-0.39093997219305	-0.0758031935088932	-0.736377378008297	-0.620550201332857	-0.612895035462844	-0.331908293640488
CD247	0.821833035280245	0.807418187892052	0.868821300516845	0.676610573580851	0.754768509767351	1	0.88283934378622	0.599384283735826	0.604943862070889	0.694528546235073	0.743605163305481	-0.293583633426389	-0.0978353417713202	0.0341881794112073	0.257442292462403	0.84179695807364	0.64990077226823	-0.305579225995829	0.0890193635697651	-0.156838722295181	-0.170718540693051	0.522319949265896	-0.0601034917395215	0.46432411637778	0.0981665907993478	0.128109094941341	0.650211408023843	0.619851248780094	0.220105164866465	0.177080040580408	-0.0635240834621909	0.0293660447085846	-0.549635462048266	0.46789217338574	0.299798191481287	0.578978842378857	-0.206286568231996	0.226863046861608	0.562079088193244	-0.163684865500589	-0.00848198696191786	0.153251826317035	-0.438981808137373	0.17139317217962	0.148949120834865	-0.483587733498368	-0.339290420180957	-0.261197572126965	-0.376030616447461	-0.318943790183095	-0.105722189815342	0.313303404841702	0.608825393137569	-0.150063734148245	-0.581932251717577	0.0983761523547681	-0.542076816067181	-0.474883423008883	-0.365174985413526	-0.126284218418167	-0.153470054022486	0.222275732567436	-0.494014332793706	-0.464494324528503	-0.376505179554392	-0.0194379321310688
CXCR3	0.718219078384579	0.785974248917955	0.78054862702508	0.66009179199214	0.634240596801285	0.88283934378622	1	0.538537138139302	0.458151519120463	0.600117818058788	0.60138598308582	-0.15345925241065	-0.0210996817375398	0.181986630205696	0.174865322230048	0.827120705708843	0.598070161193825	-0.258607502776517	0.176792879084097	-0.0841808827577738	-0.114911822736962	0.599293361215424	0.0504061885755759	0.562203451010923	0.331245114188587	0.172091588696889	0.446770507469783	0.640762725877405	0.377003610883319	0.238364262927701	0.0170212041478408	0.117955624419357	-0.478957550048203	0.239258298840991	0.191849950797531	0.554014979336151	-0.0924179168444645	0.290126129192095	0.540558782050884	-0.0516990215696579	0.0893132687543849	0.27590360581579	-0.329639889624866	0.39030109956475	0.0834291226719279	-0.324157721386799	-0.315940496328232	-0.204509417063928	-0.537702515956855	-0.225334516653654	0.00743452084085933	0.350756299946993	0.591753684939346	0.0733506407584591	-0.443303672052636	0.191792385450091	-0.450765851146773	-0.442268215256077	-0.287393783162758	-0.214428925701917	-0.082794578526994	0.307626181303375	-0.421890192940756	-0.340480999195738	-0.331747771517075	0.00532597742199731
KLRD1	0.731265809404933	0.657527516676247	0.749291992348512	0.658156710959488	0.820671716049089	0.599384283735826	0.538537138139302	1	0.754705428471689	0.369849203924846	0.666423201863033	-0.390814706286199	-0.495220153995802	-0.191308026646387	-0.0908087406027757	0.696914453845846	0.205825033069149	-0.601596411153076	0.0605001778154932	-0.4714656592471	-0.406272018234815	0.267768228207738	-0.236090902546199	0.68039452055904	0.250454949616565	0.100715139935272	0.311752481392683	0.662928134697288	-0.181408298659697	-0.264448594002397	-0.358971084747449	-0.314366997722096	-0.60972226783386	0.346363416057493	-0.0873829120169837	-0.0438526405239949	-0.519363098475406	-0.256870736150935	0.175246387935267	-0.500559729144303	-0.25661534732205	-0.158103524028864	-0.653257717740542	0.224756305062088	-0.335868799787157	-0.532329083489297	-0.633100297900848	-0.623602129263085	-0.470483657777511	-0.525046039045478	-0.44275774271632	0.028412035341112	0.195330678572462	-0.0873600041984309	-0.730599719616	-0.343388452996403	-0.703417003050153	-0.635386811736176	-0.521169842051313	-0.54979838510264	-0.401011924884884	-0.220163241488457	-0.698681323432574	-0.562627006274661	-0.547829311410944	-0.360605522240223
CD69	0.836336417939729	0.686547352090743	0.712427875108866	0.781815592650363	0.911089633156883	0.604943862070889	0.458151519120463	0.754705428471689	1	0.624314205489099	0.841779391537957	-0.261375361692837	-0.354953044712989	0.123175797932342	0.231329048551684	0.629848755357748	0.428493064692634	-0.60612705246937	0.323949479264682	-0.484169978421013	-0.114474615336442	0.376009085591432	-0.124380210831591	0.615388947549099	-0.0738210970627717	-0.172378109926945	0.484362319487748	0.537900259219082	-0.241964362350728	-0.0762254717315635	-0.117685721659304	-0.440839446658335	-0.638726372104618	0.648238184091073	0.164265914810723	0.153960519593126	-0.32155564461846	-0.0260370818415658	-0.0493537628927276	-0.275712754690235	-0.0454207854754729	-0.18703663669553	-0.550765673640146	0.156105053263334	0.0914388895466622	-0.798462387207767	-0.641815166483386	-0.430711712661869	-0.41057058252618	-0.519934597845204	-0.223461743558434	0.147243410848179	0.395283778262022	-0.115261192618803	-0.681155118799562	-0.206656993998082	-0.722286395317938	-0.641196968128092	-0.537864550271718	-0.47289670065318	-0.371226623602819	-0.127298082164048	-0.662753274978675	-0.479041039717365	-0.51748139813598	-0.263505653484982
PTPRC	0.696578903023925	0.758390529302067	0.54661382514813	0.747074201151407	0.684609258964541	0.694528546235073	0.600117818058788	0.369849203924846	0.624314205489099	1	0.725953656661045	0.212551556395368	0.278972767416137	0.543279478653484	0.57810397201249	0.741260562662958	0.735165118938971	-0.0236730050826494	0.642311245130752	0.173369611976169	0.485749521734713	0.620496067587065	0.457623552398743	0.384780814526942	0.161589531628725	-0.0381833841456736	0.502668485431332	0.477732213043195	0.515605335227528	0.406135198567805	0.52443385491514	0.168200168654092	-0.150902594342648	0.421390686641471	0.474439403767256	0.747328569498756	0.313725045584436	0.583170895568774	0.362262999322949	0.333663169934796	0.591720922810777	0.302081601184483	-0.0230004544092469	0.421187813605106	0.549172297571667	-0.396592524625917	-0.0403763239447471	0.110191740012011	0.0719583966957253	0.168121173677192	0.37737071027084	0.578114722475054	0.618783301600748	0.23325131389612	-0.25556000706832	0.361697475975123	-0.196300114835592	-0.0494172704951327	0.00389831568211903	0.155380037709918	0.296539196802591	0.462282808668455	-0.0660002160560389	-0.0189185632430341	0.0672069525192126	0.36059052131378
ADGRE5	0.7066218622586	0.67418830003325	0.850115057198496	0.63168220149951	0.753099111480066	0.743605163305481	0.60138598308582	0.666423201863033	0.841779391537957	0.725953656661045	1	-0.152534198303428	-0.0115875451515829	0.038285693952468	0.559189647843296	0.82321623455781	0.463005990599311	-0.225017297311312	0.408624663184609	-0.191480252955415	-0.0307773167956174	0.218153734221607	0.0217320756712443	0.30257680717902	-0.192000876512228	-0.354837246494308	0.63481391406765	0.348542385415254	0.0448998774038296	0.324882757991696	0.0648879578762606	-0.0606437774603543	-0.466551924576537	0.674269781960248	0.430014575610353	0.504766955060672	-0.0602604138705669	0.340501967298775	0.373742278094724	-0.00817549443527103	0.0523635769881484	0.0950882278096394	-0.237688621717292	0.0535832871866395	0.267638018867039	-0.635645480811754	-0.342383851544928	-0.0888903042575794	-0.246493287716132	-0.301233393269465	0.0557460721475508	0.508935278425691	0.725732571585929	-0.226138690897477	-0.429336988798483	0.209815419249283	-0.472305063868616	-0.432607180513275	-0.247627326087593	-0.21720697592283	-0.121477422061138	0.134054694704203	-0.405448317375058	-0.235008886401821	-0.223574914235066	0.123082871198148
FAS	-0.235096831682689	0.0232435386215771	-0.471184545047594	-0.0248349639670346	-0.317240091612193	-0.293583633426389	-0.15345925241065	-0.390814706286199	-0.261375361692837	0.212551556395368	-0.152534198303428	1	0.772307814096547	0.756846394581261	0.288865598728027	-0.187301142225123	0.291075293779647	0.712266513115587	0.67255153488008	0.844802696620382	0.675542164730613	0.276570478070579	0.91784888494188	-0.22536135885871	0.372071661698924	0.14083162531108	-0.477290245217711	-0.216101918023963	0.634112825343421	0.446818332401777	0.744882100601378	0.688353857885201	0.797365053695712	-0.528336924908797	-0.0488911498257812	0.394310046123592	0.747303940417324	0.649617082488312	0.229523965898866	0.745632414658943	0.779809462795203	0.618957178786648	0.739665939304933	0.599389501386118	0.370784798797923	0.613939080292429	0.734154921134596	0.625899448385209	0.321485172323632	0.634348497937661	0.720757537160732	0.371859197836454	0.0418835383660754	0.773703535127979	0.710346866614655	0.569483223410023	0.742150020056834	0.693017976221802	0.809554920449461	0.649471846460413	0.627893095030979	0.621871517899315	0.72716197188442	0.523813002224861	0.636331318808366	0.748095369132785
ITGB1	-0.326285451253098	-0.0753605958443761	-0.228452969487244	-0.244611837547075	-0.395967458773883	-0.0978353417713202	-0.0210996817375398	-0.495220153995802	-0.354953044712989	0.278972767416137	-0.0115875451515829	0.772307814096547	1	0.486347397029425	0.606556363526742	0.0163317436725918	0.300739348230194	0.876289186555172	0.601386720854572	0.850508182913298	0.661997507799452	0.0420910179672145	0.805486951174833	-0.527221581742292	-0.000531143162035748	-0.135101055180269	-0.135975710325446	-0.408972136919741	0.726921489901641	0.815956749747713	0.828689688149676	0.771760496700374	0.657970566055071	-0.28075058878008	0.327934853300277	0.635544774624351	0.901263226243574	0.85701824449551	0.531771720550898	0.91360752894656	0.666747953456139	0.807950863991028	0.852325602263656	0.316083717444203	0.655305924739661	0.485026133676808	0.849631205714559	0.850868941426846	0.425870029395074	0.672013881430939	0.91292941610851	0.681490639882138	0.435528640116656	0.350926482807083	0.748591498615662	0.872665584120378	0.754411522352725	0.726899848702002	0.804001963183455	0.742891151428209	0.756402650284508	0.797840291590612	0.811754620537287	0.683243220547013	0.782168212498385	0.936871330852089
CCR6	0.23914347798921	0.396525506180546	-0.208642471526741	0.451674741751404	0.135228809433512	0.0341881794112073	0.181986630205696	-0.191308026646387	0.123175797932342	0.543279478653484	0.038285693952468	0.756846394581261	0.486347397029425	1	0.24948398376444	0.0479443117582523	0.554102712281895	0.239219032573722	0.708173085165289	0.498437050145449	0.755483660711492	0.717567438973561	0.781242057549083	0.245075169372451	0.445893204255039	0.230726607470782	-0.180879195377615	0.157331178208458	0.593610737590908	0.300784393475903	0.715682186698462	0.331109063904756	0.370794413568499	-0.225313791130504	0.0520270265548256	0.4811952330624	0.586770447947984	0.58101961975043	0.00221175156828522	0.595159113163121	0.852709985999581	0.407256309066535	0.347959328523663	0.718590938791032	0.514118899023888	0.155228474299885	0.294386766926595	0.329518752466211	0.0757000741442978	0.436867247331949	0.58360910201999	0.294784067566725	0.146580030362045	0.786834167340464	0.269991901191751	0.384201079490589	0.28597608368247	0.317420931368607	0.346770586942713	0.365489526338344	0.45464565773938	0.517403073155169	0.335894471942842	0.259279991436603	0.280221760474959	0.447237515761992
CD44	0.0227387862082931	0.102823441578899	0.311734885874141	0.0154136379164207	0.0724311089977101	0.257442292462403	0.174865322230048	-0.0908087406027757	0.231329048551684	0.57810397201249	0.559189647843296	0.288865598728027	0.606556363526742	0.24948398376444	1	0.447394869962271	0.36163427278513	0.459359133745112	0.648553404880694	0.326961850359909	0.533613040481664	-0.0967312430086569	0.424294180724117	-0.353925122880712	-0.440295161980268	-0.681025519962989	0.416678705147036	-0.29930913684463	0.398688529971235	0.874075938278224	0.663503538661628	0.309526438990857	0.113262282407757	0.43218421434578	0.700539104741543	0.689358545187328	0.655837635833768	0.800000782839596	0.386507369264863	0.687197433298991	0.477705793887813	0.309789215098484	0.556944489848532	-0.108653990375011	0.670073303347703	-0.239160074072176	0.293325334322858	0.682973791030974	0.324354489939707	0.379781784752268	0.715671541861522	0.823983471757356	0.826871856196213	-0.155506347854873	0.370242715886998	0.782471190904888	0.264314476737236	0.274707937962068	0.384521527691978	0.232366413303563	0.517857849857521	0.567860130488772	0.371343091722046	0.585485778349972	0.538850531181095	0.667570199807997
CD226	0.686278505868225	0.73560706310976	0.889695812455594	0.626065994021947	0.722458871786643	0.84179695807364	0.827120705708843	0.696914453845846	0.629848755357748	0.741260562662958	0.82321623455781	-0.187301142225123	0.0163317436725918	0.0479443117582523	0.447394869962271	1	0.537268066549081	-0.195890147952497	0.372036369236542	-0.107363599040388	-0.0065277051925739	0.347875262676541	0.0901781617722898	0.449389700105441	0.128689097959194	-0.131644380271305	0.572432455724123	0.55271592577579	0.321853817966437	0.363200325888167	0.128420047188594	0.062224595899135	-0.467013199100918	0.454417561699741	0.360501751912728	0.55990002094049	0.00632715744854312	0.354602722945614	0.564848333750442	0.0401426285977037	0.133934936052312	0.207664618760238	-0.238692871029664	0.246753109281165	0.155003462182327	-0.490772706710096	-0.309777769360348	-0.102079584744476	-0.283586333651123	-0.14378522152418	0.112784910721159	0.57053189492907	0.730225879905219	-0.0925087023288875	-0.432427071730647	0.275415899422005	-0.436495665937081	-0.369103935704964	-0.216438735834254	-0.256927452403827	0.047297726307572	0.313102116183699	-0.35741838070633	-0.165023970995472	-0.156170934364045	0.13705147769545
S1PR4	0.653296787035174	0.717791432062082	0.441406591417012	0.621361639204871	0.571722124143622	0.64990077226823	0.598070161193825	0.205825033069149	0.428493064692634	0.735165118938971	0.463005990599311	0.291075293779647	0.300739348230194	0.554102712281895	0.36163427278513	0.537268066549081	1	-0.00805327484660486	0.445450380394303	0.242121387057884	0.275676563267047	0.74576586954779	0.436621536050296	0.368462040738411	0.247385663606282	0.2604409991047	0.382792112233158	0.55578434112115	0.387578231320475	0.356907032218597	0.371532070514396	0.208271736664758	-0.120181588674755	0.226000683972903	0.30836091417944	0.578834526524307	0.182551692490359	0.473001867115348	0.463058348020429	0.244570267708846	0.396927929049318	0.419925090773459	-0.0558397295370428	0.523248825340998	0.375493959454477	-0.203533036418898	-0.0144546231839508	0.0401294601126762	-0.258054948139326	-0.0610193858482943	0.271503592490369	0.282578933157901	0.511182817877136	0.327739149839054	-0.139482953844858	0.306224367179202	-0.159207272737802	-0.15347272974641	0.075798407960002	0.127038660660345	0.0907950798971243	0.626181772151163	-0.134338046028668	-0.207582878088632	-0.12386950597584	0.265802273995286
SDC4	-0.604157020222435	-0.350053793550347	-0.421077861534571	-0.534365196478576	-0.676347512593318	-0.305579225995829	-0.258607502776517	-0.601596411153076	-0.60612705246937	-0.0236730050826494	-0.225017297311312	0.712266513115587	0.876289186555172	0.239219032573722	0.459359133745112	-0.195890147952497	-0.00805327484660486	1	0.37754618005957	0.885761185056189	0.509688298825441	-0.254430625253127	0.678777413528834	-0.735701260746528	-0.0509685557176933	-0.138314585825807	-0.317601705684692	-0.615868935868518	0.620748069306175	0.675600739925308	0.642911300221491	0.826735096799832	0.825660350655647	-0.455028681105778	0.135968885423873	0.470846787885056	0.812731429444259	0.689662703080478	0.492281516924032	0.798914226834936	0.528586322227099	0.601932032238918	0.929453488265752	0.0647393503696161	0.387571984322482	0.695556586829644	0.938152727272264	0.884745973797074	0.582184632063196	0.757938185650647	0.777178565152054	0.541102966579333	0.204535699192574	0.255204848022523	0.884892664899781	0.776960682924305	0.925643370822063	0.862568174977593	0.905647271728589	0.774862855882328	0.771695271496869	0.627914420075816	0.924948525712646	0.761373043540631	0.886746912109222	0.890411275161919
TNFRSF14	0.168682399759582	0.321431933357441	0.0624204412337063	0.312182188640374	0.190252002904439	0.0890193635697651	0.176792879084097	0.0605001778154932	0.323949479264682	0.642311245130752	0.408624663184609	0.67255153488008	0.601386720854572	0.708173085165289	0.648553404880694	0.372036369236542	0.445450380394303	0.37754618005957	1	0.482240200545643	0.686235157238029	0.307864789437504	0.806509920404982	0.106991073370198	0.174477782427584	-0.25611720123616	-0.113080204248896	0.0208992229522018	0.572054901040055	0.612389197649153	0.783739443088394	0.3778789908907	0.31890855582736	-0.0527313237551302	0.146077804299342	0.566853705791659	0.71081929955547	0.730745857859476	0.221231203679529	0.722292384861103	0.798114349767495	0.454607114794781	0.507618652713977	0.557508638258646	0.50168131707813	-0.015653443888991	0.324747730784639	0.535274229845585	0.188759897667272	0.458542408160496	0.746543334707027	0.716604945564207	0.491613095277535	0.507677826274906	0.342746374509716	0.616276800268484	0.318921112771999	0.356453051561892	0.468257654290918	0.205813604585345	0.613885982208147	0.666086139041946	0.402911680299285	0.502248408923076	0.491960859121361	0.65306151753708
SMAP1	-0.36274642206745	-0.0931140099402725	-0.414686717468058	-0.224001901846256	-0.461773647805311	-0.156838722295181	-0.0841808827577738	-0.4714656592471	-0.484169978421013	0.173369611976169	-0.191480252955415	0.844802696620382	0.850508182913298	0.498437050145449	0.326961850359909	-0.107363599040388	0.242121387057884	0.885761185056189	0.482240200545643	1	0.574934361378965	0.110602716807052	0.856265005139264	-0.414116573388072	0.308023327591724	0.169070877986556	-0.363223588638148	-0.273971843928432	0.777836377718882	0.535799955676537	0.726048131467248	0.936551333498915	0.882786222948848	-0.568772538482776	0.0076149995959746	0.564762165976433	0.7594609534984	0.693370741860192	0.514222903560594	0.736106675216478	0.700163300540886	0.678668167427402	0.801565772466482	0.402605539334851	0.328264719717592	0.732652584112589	0.916623100563687	0.754390947358001	0.518781152937552	0.759037180236626	0.7163762273896	0.456796681134977	0.0998236079133194	0.581813982983293	0.757249956496762	0.672238885830281	0.867965538852323	0.836188700325165	0.928911306992686	0.816878788277689	0.762801966444334	0.744651994967663	0.856211938161856	0.575267613197168	0.773826892355411	0.857434304021144
ITGB2	-0.107871831847416	0.0731135547435641	-0.315391564247909	0.100854367235472	-0.132355641328339	-0.170718540693051	-0.114911822736962	-0.406272018234815	-0.114474615336442	0.485749521734713	-0.0307773167956174	0.675542164730613	0.661997507799452	0.755483660711492	0.533613040481664	-0.0065277051925739	0.275676563267047	0.509688298825441	0.686235157238029	0.574934361378965	1	0.283972563011587	0.736799307180622	-0.174239499301246	0.106741403191129	-0.141069409613963	0.00309199790563931	-0.221352116223199	0.627949062969858	0.515097897469715	0.890286242882464	0.368868703710818	0.525347911716244	-0.0650103722384493	0.388327226149727	0.488983889222865	0.839464159862058	0.714417055094429	0.00582076108767253	0.824407674440142	0.899092781453926	0.35801963996691	0.639731722520873	0.352440416181924	0.70492750532559	0.1667993561207	0.495969322809627	0.615754989191232	0.547263374443253	0.73008640902036	0.804735656684291	0.471335459681722	0.233872940524666	0.498829151498535	0.505848073259271	0.599619217099437	0.516979491543261	0.592427638677035	0.512802846257613	0.517343399311	0.726382646139829	0.511747267850642	0.634659521031628	0.668819173628656	0.65854619309328	0.656202516561914
IL2RG	0.725583790797007	0.797950753306678	0.237107381006111	0.799686149384144	0.589504524037907	0.522319949265896	0.599293361215424	0.267768228207738	0.376009085591432	0.620496067587065	0.218153734221607	0.276570478070579	0.0420910179672145	0.717567438973561	-0.0967312430086569	0.347875262676541	0.74576586954779	-0.254430625253127	0.307864789437504	0.110602716807052	0.283972563011587	1	0.381515796774961	0.662983248163759	0.61602907406603	0.609997269406828	0.130322150087242	0.693597806844025	0.402209314779307	-0.0592710481923708	0.241961802797501	0.0715883407880553	-0.137109760509664	-0.034244913382472	-0.0242030720316231	0.371165238778928	0.0252735266535582	0.213957594203419	0.155592235664568	0.0483899891359272	0.447634248490835	0.288407134906867	-0.278615654399998	0.751679184310174	0.230359415406523	-0.0892718642416044	-0.14616885236575	-0.259374739856558	-0.332526478956199	-0.0493185003922221	0.0611025535147088	-0.00166461521177164	0.111317998616332	0.599983613782546	-0.336846802258033	-0.0177836599704848	-0.266268159975563	-0.198101594911584	-0.151488966371684	0.0953906597092053	0.00744495759945605	0.307724198600341	-0.24049715491895	-0.372755752148275	-0.293233720869875	0.00741184849030091
ITGA4	-0.070739994036833	0.18059463820229	-0.272012404271661	0.107511117732739	-0.136197431172016	-0.0601034917395215	0.0504061885755759	-0.236090902546199	-0.124380210831591	0.457623552398743	0.0217320756712443	0.91784888494188	0.805486951174833	0.781242057549083	0.424294180724117	0.0901781617722898	0.436621536050296	0.678777413528834	0.806509920404982	0.856265005139264	0.736799307180622	0.381515796774961	1	-0.103382536566507	0.415816974702834	0.142752456426277	-0.354407607976448	-0.0655189383411993	0.809629388952638	0.559223708962835	0.864949472606551	0.730110588082064	0.697771014579422	-0.455635475454834	0.0156010436418211	0.591406116167233	0.818002322153445	0.754726295870358	0.397509717618173	0.805621116481627	0.88973280036826	0.660031597661204	0.695097412802375	0.67029462358351	0.470418148098064	0.479495489345448	0.708780470491212	0.655321893858441	0.376907781947674	0.709573297963182	0.803397715174214	0.588581710409261	0.22705124080579	0.74564204077921	0.585345593603263	0.656500146994132	0.668603300154475	0.696603601551043	0.770393857282134	0.63152397501687	0.783026294678354	0.789252881348653	0.707884885911019	0.548220530618414	0.68195989919719	0.820858667204696
SELL	0.757055712553365	0.679878428888386	0.401768659684456	0.81536055821976	0.772806929284409	0.46432411637778	0.562203451010923	0.68039452055904	0.615388947549099	0.384780814526942	0.30257680717902	-0.22536135885871	-0.527221581742292	0.245075169372451	-0.353925122880712	0.449389700105441	0.368462040738411	-0.735701260746528	0.106991073370198	-0.414116573388072	-0.174239499301246	0.662983248163759	-0.103382536566507	1	0.603181892551333	0.410561997101813	0.0942512791476762	0.900057103960655	-0.0499311746952876	-0.46822373645809	-0.222025221004767	-0.377882415156547	-0.511381551909695	0.102846897768678	-0.271340295325577	-0.0938039541100935	-0.467897356168599	-0.311147969829457	-0.176183345475939	-0.465242715899257	0.005221064847019	-0.198069471908788	-0.697899616708168	0.545760693341338	-0.33714331426324	-0.421289632416079	-0.656182968478192	-0.688850718413525	-0.539716558205481	-0.412596420922788	-0.434328748121011	-0.242661323596806	-0.101900382982776	0.34831332277837	-0.710065584167069	-0.494049886236764	-0.67372579533084	-0.591674237359887	-0.538727259442191	-0.553636597137468	-0.377568036360603	-0.136207657708604	-0.669377177732693	-0.602424616351104	-0.632284422912901	-0.530114864060692
TNFRSF9	0.243131794138667	0.409847975079782	-0.133231785979408	0.432190764068279	0.17397198275126	0.0981665907993478	0.331245114188587	0.250454949616565	-0.0738210970627717	0.161589531628725	-0.192000876512228	0.372071661698924	-0.000531143162035748	0.445893204255039	-0.440295161980268	0.128689097959194	0.247385663606282	-0.0509685557176933	0.174477782427584	0.308023327591724	0.106741403191129	0.61602907406603	0.415816974702834	0.603181892551333	1	0.734814277512276	-0.423619716350045	0.618566469233286	0.489138565856897	-0.291761431422893	0.141481965204179	0.302153146700687	0.239106264864901	-0.602187496392858	-0.461798506822735	0.0284287880995931	-0.0147055859358118	-0.0356779070005864	0.14078223472781	-0.0567257911428967	0.373888935870415	0.253016364789618	-0.108496890828541	0.819962358380544	-0.344354028204694	0.415462084681395	0.0752708682779891	-0.2525388273749	-0.135725162297771	0.20579930627297	-0.0568765809293602	-0.13027250971293	-0.350958283852974	0.827243556479835	-0.0840829401476106	-0.166819955737668	0.0714726757859268	0.118464240018679	0.159471506548501	0.0834326404535486	0.147692119702369	0.207507167167768	0.024207904726947	-0.171347709744667	-0.0412683438268594	-0.0209148952288803
NCR3	0.268610333877672	0.329884801340016	-0.171356591925316	0.288962947363268	0.119238711388627	0.128109094941341	0.172091588696889	0.100715139935272	-0.172378109926945	-0.0381833841456736	-0.354837246494308	0.14083162531108	-0.135101055180269	0.230726607470782	-0.681025519962989	-0.131644380271305	0.2604409991047	-0.138314585825807	-0.25611720123616	0.169070877986556	-0.141069409613963	0.609997269406828	0.142752456426277	0.410561997101813	0.734814277512276	1	-0.303102305788145	0.521502713750837	0.194925209404599	-0.498458453152277	-0.165130468415352	0.142479699358032	0.104623227194131	-0.530697965211891	-0.512426593301047	-0.113924785807862	-0.26962570783449	-0.289201095565407	0.140705401678632	-0.29101678925858	0.04342453211546	0.202466946017551	-0.334247219947825	0.561879495040627	-0.302201401077702	0.404975837341465	0.0639607284772419	-0.429985179185728	-0.175048144406473	-0.0535927082241145	-0.309817676450463	-0.447404554657188	-0.505186297933526	0.53793128542181	-0.24325559097654	-0.38379265566101	-0.0465081584474904	0.00522336693202731	-0.0480118330337047	0.234872753262362	-0.0898926535961635	0.0294384153097333	-0.113484568835814	-0.483910016511702	-0.274437594969762	-0.188380513728131
ERAP1	0.534171708017398	0.452868884693772	0.722321567499319	0.410626511445818	0.563156530151876	0.650211408023843	0.446770507469783	0.311752481392683	0.484362319487748	0.502668485431332	0.63481391406765	-0.477290245217711	-0.135975710325446	-0.180879195377615	0.416678705147036	0.572432455724123	0.382792112233158	-0.317601705684692	-0.113080204248896	-0.363223588638148	0.00309199790563931	0.130322150087242	-0.354407607976448	0.0942512791476762	-0.423619716350045	-0.303102305788145	1	0.240735034747897	-0.14215146777591	0.201788955330531	-0.0810462890140344	-0.269494602392	-0.574513317484257	0.892756018844978	0.771153142546042	0.31739828636919	-0.183250559609962	0.166481748555499	0.189901934574494	-0.125562190080603	-0.178844028334184	-0.0890940352703886	-0.34045078566999	-0.322314873283444	0.358012368858399	-0.683504637475671	-0.427816220302739	-0.187629008606264	-0.149912661263947	-0.362027847227458	-0.0922947701103301	0.137204790421256	0.584564910179988	-0.531337257786911	-0.454667885459509	0.0930847030395112	-0.548048674267776	-0.519669036241187	-0.434777788674179	-0.187271656797004	-0.294467718707094	-0.0723966681145902	-0.463349910509929	-0.281267810302032	-0.340036643294052	-0.0977390623734203
ICOS	0.791615867598675	0.753016894238196	0.496339575615904	0.810215886977337	0.78934975792393	0.619851248780094	0.640762725877405	0.662928134697288	0.537900259219082	0.477732213043195	0.348542385415254	-0.216101918023963	-0.408972136919741	0.157331178208458	-0.29930913684463	0.55271592577579	0.55578434112115	-0.615868935868518	0.0208992229522018	-0.273971843928432	-0.221352116223199	0.693597806844025	-0.0655189383411993	0.900057103960655	0.618566469233286	0.521502713750837	0.240735034747897	1	0.0592755400149644	-0.385753452232335	-0.207012376447765	-0.209319150678064	-0.45745188820902	0.141339470818495	-0.123725952008506	0.0368263632128	-0.473229155113713	-0.234640888807862	0.0986392849645474	-0.465312709854011	-0.0244011167176905	-0.0394620814444291	-0.67480013282815	0.530368744565477	-0.305151630310335	-0.314079197390787	-0.525926910064802	-0.659846702213028	-0.465960908975406	-0.387988552028636	-0.429495080660128	-0.208680880239652	-0.0268684837838905	0.299516438187163	-0.701315704475252	-0.418269792139611	-0.622416225271376	-0.536379192790603	-0.419757778879285	-0.366509749652997	-0.353106814812667	0.0120223225153176	-0.626995979390397	-0.676602457797149	-0.603087327707211	-0.414920365905656
TSPAN14	-0.0140267169907528	0.256035178826477	-0.0563411777192751	0.133117990214629	-0.112457907715789	0.220105164866465	0.377003610883319	-0.181408298659697	-0.241964362350728	0.515605335227528	0.0448998774038296	0.634112825343421	0.726921489901641	0.593610737590908	0.398688529971235	0.321853817966437	0.387578231320475	0.620748069306175	0.572054901040055	0.777836377718882	0.627949062969858	0.402209314779307	0.809629388952638	-0.0499311746952876	0.489138565856897	0.194925209404599	-0.14215146777591	0.0592755400149644	1	0.580107695684754	0.783873613569225	0.774309033462759	0.517669401477658	-0.398437349798293	0.154495577792591	0.750283942671105	0.741076974188255	0.749243733142727	0.586765716514111	0.70541771268077	0.816856125713194	0.653013756012488	0.575238473101625	0.562048233978761	0.42136534175077	0.45412119371851	0.638357493561461	0.580239002200305	0.376998142377605	0.7762019413997	0.718436164895862	0.664370587691933	0.338174112873656	0.582029292710811	0.422642883811459	0.673903389089098	0.558683406692984	0.636810339130753	0.620414475862551	0.612082875097266	0.820666436256914	0.76331681412179	0.628490880472326	0.511041524797527	0.657796169337323	0.742023228112756
RACK1	-0.151736677988675	0.0311185286885162	0.195687734017308	-0.166325099729439	-0.172364913792728	0.177080040580408	0.238364262927701	-0.264448594002397	-0.0762254717315635	0.406135198567805	0.324882757991696	0.446818332401777	0.815956749747713	0.300784393475903	0.874075938278224	0.363200325888167	0.356907032218597	0.675600739925308	0.612389197649153	0.535799955676537	0.515097897469715	-0.0592710481923708	0.559223708962835	-0.46822373645809	-0.291761431422893	-0.498458453152277	0.201788955330531	-0.385753452232335	0.580107695684754	1	0.704828046745457	0.550283363054675	0.266434460279974	0.110414760912027	0.558905597894562	0.73163122738735	0.802655174257989	0.895925355362726	0.586137282212814	0.843098026182829	0.495647661666768	0.593570018284384	0.72228206313711	0.0524133188876713	0.684748638108053	0.0739786819111278	0.513227260755278	0.823112854161	0.206804819326674	0.466324947915653	0.86959402806226	0.869717162799547	0.82645569220349	-0.0259251682486179	0.574471311585996	0.961418128956844	0.464921078944952	0.406459685920947	0.542707049960172	0.36945176562122	0.627291460883833	0.74917226817545	0.541837118433447	0.672037829502785	0.632108797040527	0.827803881082772
CD4	-0.146635496909197	0.0437282997834201	-0.219613238660763	0.0305003942919189	-0.150580981974127	-0.0635240834621909	0.0170212041478408	-0.358971084747449	-0.117685721659304	0.52443385491514	0.0648879578762606	0.744882100601378	0.828689688149676	0.715682186698462	0.663503538661628	0.128420047188594	0.371532070514396	0.642911300221491	0.783739443088394	0.726048131467248	0.890286242882464	0.241961802797501	0.864949472606551	-0.222025221004767	0.141481965204179	-0.165130468415352	-0.0810462890140344	-0.207012376447765	0.783873613569225	0.704828046745457	1	0.57902620654348	0.566607006901231	-0.163220400640445	0.366599188228365	0.642079986212587	0.914866407935719	0.814992349298873	0.267395116746244	0.896522486442999	0.901651918874515	0.575527399852619	0.738747029596163	0.433475007625288	0.672978268916074	0.242175909291596	0.63872308013717	0.748118835782526	0.521585311475185	0.783930626770197	0.899386514434263	0.684733106898236	0.387135382564268	0.504058587898035	0.5832560096772	0.733563857913852	0.615475341497826	0.691593530807267	0.676835315123752	0.5801357543272	0.838655773052077	0.750543352795602	0.729102928621597	0.7306063023239	0.776421579733939	0.793488334279722
TSPAN5	-0.291937988366322	-0.0204276888774352	-0.204220347605721	-0.198100319916507	-0.397181973934371	0.0293660447085846	0.117955624419357	-0.314366997722096	-0.440839446658335	0.168200168654092	-0.0606437774603543	0.688353857885201	0.771760496700374	0.331109063904756	0.309526438990857	0.062224595899135	0.208271736664758	0.826735096799832	0.3778789908907	0.936551333498915	0.368868703710818	0.0715883407880553	0.730110588082064	-0.377882415156547	0.302153146700687	0.142479699358032	-0.269494602392	-0.209319150678064	0.774309033462759	0.550283363054675	0.57902620654348	1	0.764518662995787	-0.520701460812814	6.56887974143423e-05	0.641471241186285	0.633776533538382	0.673910199994019	0.669242105107248	0.614929525556677	0.546509247643564	0.684086306262219	0.699912069214711	0.334169084239077	0.22863387702539	0.68570988927842	0.84006071880768	0.693687693265831	0.386584856088697	0.641550721248897	0.61169659815926	0.504592652132822	0.208144015926337	0.440302063221279	0.646896178244295	0.680184514331288	0.760599731283968	0.704700589256203	0.846865427943304	0.730939011417792	0.664207580735076	0.70979282479758	0.733022070916339	0.459927996000458	0.667979117886589	0.817437845458641
PTPRA	-0.628551105831412	-0.407098243912117	-0.733553176657628	-0.437765186899265	-0.683387451539876	-0.549635462048266	-0.478957550048203	-0.60972226783386	-0.638726372104618	-0.150902594342648	-0.466551924576537	0.797365053695712	0.657970566055071	0.370794413568499	0.113262282407757	-0.467013199100918	-0.120181588674755	0.825660350655647	0.31890855582736	0.882786222948848	0.525347911716244	-0.137109760509664	0.697771014579422	-0.511381551909695	0.239106264864901	0.104623227194131	-0.574513317484257	-0.45745188820902	0.517669401477658	0.266434460279974	0.566607006901231	0.764518662995787	1	-0.66203146016081	-0.162825120082913	0.203174416406583	0.642056413009575	0.425330747800141	0.142670851296415	0.593682965498793	0.576923324154483	0.386356466403197	0.808737069176114	0.211980455757666	0.130622361653702	0.824473036784349	0.882849385647523	0.688499946431909	0.650879808401072	0.764351751135665	0.546315727343925	0.173441268555717	-0.260696574954327	0.547411850837962	0.837779845995318	0.437713188000329	0.939793347895372	0.89149975719598	0.920050928221976	0.733267529074885	0.665402197611122	0.446935506494294	0.894154702052793	0.620229518595192	0.773168032517434	0.674114190152967
