""	PTPRZ1	NRXN1	NLGN1	EGFR	NLGN3	RPSA	NRCAM	GFRA1	NLGN2	NCAM2	ROBO1	NOTCH1	CHL1	APLP1	CDH2	GPC1	TNFRSF21	NOTCH2	NRXN2	LRP6	SDC3	NOTCH4	RTN4R	RGMB	NRXN3	BMPR2	PDGFRA	PTPRD	EPHB1	APLP2	PTPRS	PTPRA	NECTIN1	ERBB3	LRP1	FGFR1	NCL	TSPAN15	CDH10	CADM1	FLRT3	DAG1	THY1	UNC5A	CNTN1	NEO1	NPR2	PTPRK	VLDLR	DCC	PLXNA3	LINGO1	ADCYAP1R1	TRPC3	TSHR	INSR	ADCY9	PLXNA1	LDLR	NCSTN	LRP4	PLXNB2	LRRTM2	ITGB1	S1PR2	SLC16A7	DSCAM	GPR19	ADAM23	EPHB2	CD47	ITGAV	SLC16A1	IGF1R	ATP1A3	EPHB3	ATP5F1B	LIFR	RTN4RL2	LRP8	MOG	ACVR1B	ACTR2	ADAM22	DDR1	CD46	LRRC4C	SMAP1	ANTXR1	MCFD2	GPC2	TFRC	LRRC4	PTPRG	F2R	PLXNB1	BMPR1A	ACVR1	RYK	TYRO3	ASGR1	TRADD	SCARB1	PLXNA2	ITGA6	GPR37L1	AMFR	FLOT1	KCNQ3	ERAP1	LAMP1	CD9	TMED5	CHRNA4	SIRPA	JMJD6	TSPAN17	TSPAN5	NRP2	KLRC2	ABCA1	STX4	SORT1	CD82	CANX	CD99L2	TSPAN14	PILRB	CD81
PTPRZ1	1	0.972598312508564	0.979153672965875	0.939351153842652	0.910760416781713	0.871982076065692	0.984119642380857	0.97852565139846	0.917443444678992	0.97821176839058	0.988944764058627	0.951111547079753	0.968457559282862	0.832524169666624	0.971702791005487	0.904811536074514	0.903710319659653	0.898033901619107	0.931988240277784	0.978905962102505	0.930295270430388	0.837614382052348	0.822091503966935	0.974334297458594	0.914146641878315	0.980852285145715	0.964944564312093	0.845780613226487	0.918780078743172	0.98480437078704	0.955441249994981	0.963694300401059	0.930889834045592	0.904837742848235	0.953120101056446	0.946508707606124	0.980781577088189	0.845019785057352	0.860701127502777	0.931272043531582	0.950549994616407	0.948342058395209	0.897303217250317	0.830320864452686	0.990529901333077	0.940207531948067	0.870295154065453	0.962047317277439	0.919092729130105	0.877880485614122	0.912142143118701	0.902933729649637	0.868631655258057	0.91838438849788	0.938885146865586	0.960557075286028	0.907599442322865	0.924853683637776	0.944495572732835	0.900212494704612	0.973698497005747	0.877925992558109	0.952508499146461	0.963460908881686	0.883589495673044	0.956383196347697	0.948681952305229	0.910449856744478	0.959962355555272	0.860197172578547	0.971080250886936	0.980306332343904	0.933746243764804	0.972352405305035	0.885079379605148	0.883088333803661	0.866431165264648	0.822361888981039	0.890119569330562	0.965159951835972	0.751502751962415	0.935588021972382	0.960622313022827	0.982608427146027	0.8854347078205	0.978824865833579	0.964829764655944	0.926672706867901	0.947888436427087	0.951121436473317	0.898869639275604	0.87755414421964	0.959614054510456	0.971426091365151	0.941575208238957	0.91438137281246	0.929522035268094	0.878012069819753	0.95673730952628	0.898758138556152	0.811565265223944	0.838980391582063	0.905111811945453	0.877318393818058	0.915464866926508	0.864762327189858	0.926737576683169	0.909221510863372	0.924110983772515	0.921880901057673	0.910256488649506	0.69241059386857	0.886814353680295	0.873007476230674	0.872043120511874	0.932605587442364	0.818230788247179	0.936294505622575	0.681299507165523	0.916435454387558	0.625141036569211	0.918021667420551	0.848039839685593	0.829047563728396	0.980779864109121	0.920632791157321	0.759580418510143	0.930928149232292	0.877873777613413
NRXN1	0.972598312508564	1	0.960401301665647	0.970532313895638	0.876067457579967	0.84657215938072	0.969720567628703	0.952561278403751	0.886114036427585	0.968761787693305	0.963098855809726	0.929943930002434	0.975459887237593	0.787509158672413	0.939945906384452	0.866558417014027	0.853972959552864	0.906152626252106	0.91812226619227	0.958395032043844	0.911578112164734	0.808818934180036	0.784782091572275	0.945429331579386	0.907018624311258	0.959914454114711	0.981629688573845	0.895208023754756	0.885613306834409	0.947292711893649	0.926507909290494	0.936331592752362	0.903643149961781	0.871345122582088	0.942827763132333	0.959869451573752	0.932991895509198	0.784903813934546	0.912648606470665	0.892225388530627	0.954011078724714	0.920768326017068	0.860070574884753	0.816498101810444	0.963543033255694	0.897481073384514	0.849569015142257	0.927994891828303	0.883670567261834	0.90617374546232	0.896496492772488	0.906770197775086	0.883674600692267	0.904848604292829	0.922333985814341	0.944441801086189	0.878080498986078	0.902094699115311	0.931980462666916	0.88542091315725	0.967608675527632	0.868531467075209	0.953690927937931	0.933218346194176	0.871371198766812	0.932805573882232	0.928070662397042	0.908687972177861	0.918022648988401	0.821261783843224	0.947209228135314	0.957696958746476	0.905616453568451	0.952622244139893	0.860556559093413	0.856748561023591	0.83750134974669	0.874122121659386	0.867508046590247	0.946190910536479	0.697506815779697	0.917870349593685	0.931164711983347	0.970432840284608	0.85461705161365	0.955193001446901	0.973387734979114	0.904914574931209	0.928759983519964	0.933403264202382	0.875669642408491	0.868787894946728	0.934986931436928	0.958626420812814	0.914688200441463	0.889615145848767	0.931619175138486	0.844681751336296	0.939566522029941	0.875798845841861	0.838496569091224	0.781531804634201	0.856841356453286	0.848584379018747	0.868938812769406	0.818566109121566	0.89025783854171	0.878166016372622	0.924435230942339	0.897251315510817	0.866257268216543	0.66604586326346	0.851560210117624	0.833943260355611	0.855723873826319	0.93156715630535	0.791106021031323	0.916981390301609	0.719728771773202	0.938250156490718	0.648777778975123	0.901753703819852	0.832124270201715	0.843715702818879	0.944199930082994	0.887370925741255	0.751920533161314	0.925593447164167	0.853646954847506
NLGN1	0.979153672965875	0.960401301665647	1	0.939861752536528	0.949761772295372	0.91400660213784	0.986702626647336	0.981942637538394	0.952343932275	0.960729767628959	0.98896402847249	0.976772796832863	0.954518072381975	0.891246236523059	0.980787748639703	0.929855085577215	0.942936106685124	0.902868895705424	0.964902776630643	0.983131929520678	0.961004938048442	0.839082805970557	0.871897712522729	0.985070390589517	0.903885619624631	0.980928892490596	0.938953097959768	0.829272177838083	0.959174854418988	0.981397761794274	0.929550128059583	0.981237273827247	0.961365936715521	0.936826612427824	0.97530373181995	0.955133376268461	0.958072212268491	0.881562014566058	0.848759175889066	0.962541139391534	0.955153752658325	0.973379111019236	0.935265752245643	0.880774212152706	0.977111366760697	0.951109002294187	0.87639186084003	0.959425982405538	0.935788049186198	0.874132341717157	0.946829674737832	0.93049471904183	0.892402371230385	0.918946439317055	0.92283652060125	0.96957087889631	0.912828682194778	0.946026978462013	0.965826464063146	0.929996664010292	0.980954159268852	0.903896704855815	0.935877983831789	0.971428943380764	0.917460953854312	0.949285163727378	0.976093635909467	0.922159038443562	0.957575362234395	0.904442682640512	0.977100292838237	0.979269808199213	0.944779667410446	0.978647663912909	0.922849868937378	0.911026894905711	0.914743384018466	0.813747778468417	0.9016388985315	0.972886731778823	0.803203885080306	0.953787532729038	0.976358759786338	0.974089160045742	0.93054956084698	0.961224350021985	0.960702917808987	0.955516888557623	0.958850283298431	0.965962371959352	0.926865619773628	0.879131999433273	0.976552555492474	0.956335943106438	0.962472487327291	0.954637779028521	0.940994563896177	0.88031937504136	0.972295100627914	0.93976256475881	0.840031682637296	0.874399210413305	0.944065102008122	0.891104006843774	0.921423547686763	0.907134375009141	0.942069863131075	0.92507762252962	0.916060482190349	0.922862765186321	0.943053333695511	0.721193442506003	0.881670144569981	0.905053966193212	0.895625623542318	0.936762711442167	0.870342195084073	0.96330270549163	0.682752335334884	0.925909172771757	0.621207262503604	0.936660644174739	0.851794008986214	0.869898075633483	0.985776554148634	0.941014600329245	0.772217098446977	0.947754105362859	0.919485187391203
EGFR	0.939351153842652	0.970532313895638	0.939861752536528	1	0.868688479077786	0.839277399267397	0.951926806762959	0.940943874985673	0.878405817907973	0.954107664047179	0.944036196538303	0.91550279995038	0.957804674670807	0.78782571237399	0.922993265041109	0.842016359742932	0.841775601184956	0.927555648132902	0.912967936825808	0.930058995449638	0.911857740644449	0.8029773446607	0.774189728795652	0.929310947219298	0.883802789159695	0.940778518915822	0.960870292152401	0.902548965202388	0.880890973653284	0.919091574873489	0.888333842685714	0.920504915678473	0.904999606756308	0.884383062126408	0.929833361303508	0.943549727730227	0.905408545965533	0.756778567873878	0.907263227876959	0.881191944880482	0.953781767632057	0.901442057981753	0.838144353137723	0.832856742804373	0.929880278306172	0.879962619176413	0.82810011752838	0.904183090102921	0.85605838855951	0.886839911265382	0.900718193460414	0.911894117556641	0.901745508158841	0.88221309624679	0.888337577327913	0.936669725485434	0.853426729801645	0.896235369713946	0.91178796348348	0.871119173131593	0.947774092391646	0.869807765231231	0.945096412627502	0.906470005723057	0.889033938689069	0.914423339602395	0.90524348720739	0.908141453697713	0.888536983531661	0.820479439619096	0.922396118868041	0.938147156508629	0.884114601250753	0.948447596870917	0.854505399805889	0.838664196620973	0.834757932356448	0.89143867437142	0.831370140232452	0.930697446961721	0.691717680575429	0.900629145047954	0.911723006841368	0.948112201640431	0.845401506210048	0.920881943675366	0.942178061612307	0.889015002331179	0.926699432175415	0.909090796194482	0.862246442402963	0.869234555835137	0.917582911633176	0.943304160101106	0.888495797474774	0.886773072892732	0.916768065274923	0.815808191430741	0.914158869041928	0.855061899998951	0.837632523824018	0.761716782329766	0.839160951085804	0.815315071750831	0.843309761690315	0.800096824188138	0.881321444957377	0.870696373587625	0.905854021887274	0.895577622975564	0.856980775865883	0.667202667712537	0.840044508198165	0.827289719584063	0.847331850941842	0.910735907921408	0.787492452259775	0.915087361452451	0.714930819977188	0.932238454472398	0.653886866454659	0.89224325595431	0.82637625002304	0.858939803929742	0.918993503468394	0.86373041451193	0.761244536397269	0.895822604406901	0.851398938891975
NLGN3	0.910760416781713	0.876067457579967	0.949761772295372	0.868688479077786	1	0.972308458066664	0.929057601304597	0.942770334593725	0.985555144896612	0.87301042956231	0.940192364133991	0.970878992655132	0.879543363273727	0.966937924016374	0.957791271665317	0.970069297581784	0.979652182454879	0.855373041801361	0.979515141610469	0.926691889123532	0.977843913582681	0.838384817486386	0.95301186776174	0.95683978441086	0.851309602394985	0.927721247074429	0.862411722692994	0.707293251100092	0.975831731988857	0.930438294565563	0.832199254541315	0.964257950781185	0.974413616430035	0.94510770551682	0.967952957153916	0.911628062867413	0.889884958948213	0.908878425843918	0.765131544242995	0.973348958420544	0.906779836639724	0.974936646425033	0.980587885261351	0.904145253001809	0.926479793807975	0.922705021722629	0.858099682337691	0.923233657344119	0.918281775204513	0.79698188716766	0.941200361114472	0.948524896757672	0.867770642140379	0.88662270033128	0.844543793638849	0.926313723850352	0.873328863487964	0.92857192591831	0.941554265677529	0.947284356174347	0.930347573144235	0.899089736329839	0.841959378516145	0.93382668979724	0.919829530254386	0.877190517389209	0.969973875911304	0.889980347733783	0.900894534791852	0.930322726448499	0.918775975145206	0.929250865904308	0.92939876629464	0.926735684462787	0.962481781381696	0.944888832727014	0.977614080635311	0.707764792177594	0.918121924874321	0.911967369433837	0.818756079985003	0.941117012097605	0.960237929339537	0.899518377334072	0.981802203016534	0.879351363998551	0.901684537065169	0.974763176442705	0.927325386389352	0.946535258350155	0.943664043869075	0.804064446742338	0.958372382286886	0.871678322314981	0.956332218395056	0.975376371791727	0.901993149180346	0.862779276059353	0.941877368382897	0.9647124887622	0.849139642666599	0.922490684177236	0.968285280862343	0.857362704623407	0.886175532891102	0.955229988147311	0.93619259424076	0.935625657911353	0.839151746119131	0.88128721885663	0.969397229399032	0.713769008310009	0.836226009909217	0.962337464238622	0.885615595819134	0.899118984379619	0.934722548793968	0.967660276459428	0.586341846361906	0.898760693241609	0.536755905844165	0.935371522099843	0.776035305120917	0.887499456182984	0.948256328089881	0.941314489883673	0.768825380557824	0.901886374880234	0.971448451383691
RPSA	0.871982076065692	0.84657215938072	0.91400660213784	0.839277399267397	0.972308458066664	1	0.896293923856324	0.90234558851545	0.972159501565879	0.831839919202988	0.904074202146758	0.948751769489679	0.843307974825711	0.952904939603115	0.929956822098391	0.975105282514614	0.955546486740714	0.824469144072405	0.96552738368866	0.884797299910427	0.949345131952095	0.833487389750068	0.965334155271116	0.929237548049602	0.806622535657708	0.887752094335342	0.835189728828287	0.651842514962711	0.944876004664477	0.89277086506005	0.780886239652583	0.94366289247532	0.949990045637792	0.898085818752851	0.945964504909153	0.893508584211767	0.84712952306286	0.879755299909435	0.744676275929415	0.940917748494753	0.884783368131252	0.949491619973016	0.986896571021685	0.891824604842601	0.892598541033948	0.877690037255704	0.83552498026067	0.88180558556139	0.877549598704116	0.771484030742853	0.912799031759883	0.947897582805165	0.841414281426513	0.859002650374809	0.807572912205627	0.895874722761825	0.849321405612759	0.894355365928965	0.908358946406878	0.93808682139961	0.894214731619075	0.885464880588702	0.799646432985331	0.908053011354577	0.905864692747647	0.840058493906871	0.942770287298582	0.866442059619369	0.850773913720333	0.910170031510271	0.882713670828885	0.889827661483971	0.906865722779478	0.881609361309152	0.964544842001517	0.94371578488531	0.992290838323263	0.666125183483543	0.919060751657164	0.863360118213516	0.766446979076819	0.914315368640409	0.944768338074236	0.858453133212296	0.975353257608353	0.837710238414855	0.881559838601064	0.977999946098457	0.902143858441302	0.933109705249561	0.944042853903843	0.772320286704834	0.930993443820745	0.827261977059198	0.939804686159117	0.944164071682161	0.888297559062192	0.842788127608997	0.91651424701169	0.95043103126628	0.866755805279339	0.925997801067505	0.937909024661398	0.815737165517387	0.828838913038384	0.94725145070884	0.899175442467227	0.924292086957216	0.81541291868736	0.836805481422596	0.954722120061135	0.701160219898494	0.792637812932271	0.953366136728226	0.86563531469976	0.889166495071972	0.942570159192437	0.951392062868637	0.574020957683875	0.904427782223762	0.521351044042393	0.931918921241379	0.725694175418464	0.886695394609273	0.913425491557504	0.929218829087879	0.762146019307563	0.885663317602764	0.982318386270461
NRCAM	0.984119642380857	0.969720567628703	0.986702626647336	0.951926806762959	0.929057601304597	0.896293923856324	1	0.981225774061544	0.93320616919138	0.972036129276398	0.988767273262866	0.966572724519544	0.962052398385588	0.861705557413613	0.979772433418848	0.912787144587794	0.921722389779418	0.909323804396635	0.95394022115937	0.98268332909972	0.947347109784931	0.835238977378315	0.845472202587705	0.982816023165466	0.90658838210731	0.984159587881576	0.949448841866966	0.848949479003967	0.941272078746399	0.981020489119999	0.941094336216252	0.974021788697053	0.951811581285394	0.925571858060522	0.966650705436725	0.952604758155467	0.964630103922021	0.86007595645782	0.865639937579755	0.94720815300552	0.960575179427401	0.958251827927065	0.913215615021003	0.866092605135824	0.979141042724489	0.945157234089507	0.876914861840119	0.964026265899836	0.923426130768811	0.879422970594948	0.936220787505931	0.925816429297071	0.897541990781878	0.9232286516725	0.928754607327491	0.968335599709641	0.903987181842197	0.937680541318805	0.955630825583004	0.917379518956786	0.979492937469177	0.907423177521233	0.954130032348896	0.967777560015294	0.913623668057191	0.953242766943405	0.9653072350946	0.921008247767348	0.959926222456645	0.890395548925998	0.976407058155245	0.975467593310407	0.942863490472887	0.982405897314063	0.910718206643367	0.891395060479369	0.89378962609945	0.836145051032743	0.886873390035687	0.975944878416872	0.77140634190455	0.950324639304693	0.967958471180583	0.981319044775948	0.907919532265139	0.968739403843709	0.962935045499922	0.939952202620263	0.96167801696161	0.962075969846541	0.921920493315439	0.891664201381594	0.962651480550286	0.966340107874151	0.949065447574989	0.94075932976849	0.943420614961568	0.883894297060515	0.969303105091564	0.918345443498239	0.838606869850204	0.846606557807711	0.922571238715227	0.883617988071856	0.91592480707586	0.879890124164649	0.937860417888955	0.91924821296079	0.920066024653809	0.92317330835031	0.924005963430546	0.704421161564496	0.886407890934478	0.889690321215617	0.889705372017654	0.93725785349181	0.849293460366743	0.955439706723734	0.694536307361828	0.930068450585645	0.644799061790767	0.925516741505995	0.863437146073498	0.861444194366253	0.982519880910628	0.929600769668019	0.776202419491599	0.942102478251708	0.900008431626185
GFRA1	0.97852565139846	0.952561278403751	0.981942637538394	0.940943874985673	0.942770334593725	0.90234558851545	0.981225774061544	1	0.944633148791267	0.959739965879621	0.986599602758192	0.96620013061453	0.948247906116544	0.883478324054371	0.980671133351236	0.923501515552078	0.938065945174138	0.903448254300758	0.955914705961903	0.976861509409183	0.962359431476193	0.827440540179447	0.860721957534241	0.980647277733186	0.899732560145925	0.979806021152211	0.93930927186379	0.827339725115068	0.957941311714385	0.974982312941443	0.920096784116418	0.972821967349049	0.960050087253386	0.944520412892872	0.965831917677363	0.946263836451451	0.962860290307966	0.873295653759026	0.835883101298439	0.960396095749032	0.948386443871509	0.959736066929066	0.924834752953936	0.868373906644434	0.97618049036343	0.94856350077856	0.876537906399502	0.966311348175918	0.927299873681683	0.871236745640992	0.938314296691516	0.930407796791369	0.893420341536993	0.900771379777654	0.917330290809783	0.965453197514528	0.896310390812377	0.941016321991061	0.958904571605883	0.924098117602815	0.972294470605309	0.905758707611009	0.932600826044933	0.960539035289659	0.905513489280425	0.941642525151724	0.967401632268136	0.916207125014404	0.957312674133911	0.893513326727604	0.967668576583274	0.97884410568224	0.932916353654437	0.980901965025212	0.912701059473082	0.899324439786214	0.903373289773122	0.815724911377615	0.898119571727863	0.964450653324205	0.791370681935406	0.944758686576866	0.971763241167492	0.96767884436192	0.920064618214387	0.955391821647738	0.949850530758512	0.944102450183019	0.959590221580916	0.95044319671501	0.920800538592904	0.869199660465612	0.968491533919877	0.957023007242876	0.949519537014099	0.949863236062881	0.934596592597431	0.870884287166683	0.963552251390677	0.921852387984906	0.837059991318977	0.867933178867814	0.932295597734941	0.879781505779893	0.919917532907444	0.895410352744118	0.944416728237099	0.926303936123326	0.910377111112351	0.928932703809433	0.935419636025646	0.71271032045828	0.886374601167389	0.90197449739314	0.889746945053542	0.921928464313869	0.856146156875338	0.9547052610327	0.649327829310467	0.916768161101238	0.608180077384909	0.924672827383393	0.849581159265442	0.860656588576541	0.983222096340194	0.930861309536396	0.761072286097245	0.929559127682438	0.908852658851723
NLGN2	0.917443444678992	0.886114036427585	0.952343932275	0.878405817907973	0.985555144896612	0.972159501565879	0.93320616919138	0.944633148791267	1	0.883533849950876	0.942932361046738	0.976101967919112	0.88378156688341	0.96357534198893	0.956118525526694	0.96983583939415	0.97981148401411	0.863881530247805	0.981666179325482	0.932053438834146	0.976704045142082	0.829601231324676	0.953257829634133	0.961297973498311	0.857849966383928	0.932159669085107	0.868710931412474	0.712184578773933	0.977911429776201	0.93396578281365	0.834856910635474	0.971419748791769	0.97156075544961	0.947712437768808	0.972602469202795	0.918237006160412	0.893538014837785	0.904395575344255	0.766576244092885	0.976751340395843	0.910082707761943	0.976001302569264	0.979813553719064	0.901833154141451	0.930996586311481	0.922829941904597	0.870364545333204	0.92175642206904	0.922845136953156	0.804930411647441	0.943244269423771	0.950715959849321	0.87089584933483	0.892888395106729	0.852038737168383	0.933058345605764	0.883570138964711	0.926459682202147	0.945937994636757	0.94626852728394	0.934018822547826	0.901883174075003	0.845829245120468	0.938336048100963	0.92242667272901	0.8790160335459	0.972174517134393	0.894510718247648	0.906249641215764	0.934635841641958	0.921377036839215	0.933658118308902	0.925413659420118	0.934859708139758	0.965887813821499	0.942522496128247	0.978274190261683	0.713723244511125	0.916544901460743	0.92148988858296	0.817985959122267	0.942096963466312	0.966344943444522	0.906718772809397	0.983860711316783	0.890197007112425	0.911284016430198	0.976616164905162	0.921343616654689	0.948057162977402	0.946141342148811	0.811302542441751	0.960969369986901	0.881235443383671	0.960103792827399	0.971083840983189	0.910643512693797	0.85844388246062	0.944690993941265	0.961411309519332	0.845979081009656	0.929120229111989	0.968106814715095	0.860948422610511	0.883039929938788	0.952058368498634	0.926016006892818	0.935075257761467	0.855113668430201	0.8862867376994	0.970633848668864	0.7175462426485	0.830038994328009	0.962764926795361	0.887086249454194	0.907395704682278	0.928441821736699	0.967756112492735	0.597416912855173	0.897785029164076	0.546769342253195	0.93730270171074	0.77861987874386	0.88523948072366	0.953155919954045	0.948669780498281	0.763575305802282	0.915433504283899	0.969943815357151
NCAM2	0.97821176839058	0.968761787693305	0.960729767628959	0.954107664047179	0.87301042956231	0.831839919202988	0.972036129276398	0.959739965879621	0.883533849950876	1	0.969885588322251	0.923608830654783	0.969627414847834	0.801170368435298	0.944519518439467	0.861657259739709	0.864069885008785	0.895183294896812	0.905570938616428	0.961742710759551	0.908409714222568	0.823166833806229	0.775199981355924	0.948203851798566	0.899793340347842	0.967596476513201	0.956684687789337	0.885896949707006	0.892489646598747	0.960306388408446	0.942814819326636	0.941477018684136	0.903376623974769	0.892801493581725	0.931046468656574	0.925240934959328	0.966212880784596	0.809201411158489	0.871793224442938	0.905279871689729	0.948365459845941	0.920560717100376	0.850819552585422	0.812904739382193	0.960456536455146	0.92221574877295	0.844751587653553	0.943497507494184	0.899548065345231	0.892172704787831	0.898309837959349	0.882960573261611	0.879583555199294	0.893697550320196	0.92647742758361	0.956347322060633	0.888958780174689	0.907152525822231	0.925170428203723	0.879116227896502	0.960155827938514	0.870573732223667	0.962264252887415	0.943260481084932	0.866521139678177	0.948612596468288	0.919811750922327	0.907860416785184	0.940208400200843	0.831949619539293	0.958871728172524	0.963280670970343	0.900932813167433	0.966876507701415	0.851000568566489	0.841290604523486	0.830916308254014	0.867268467139818	0.849132808390644	0.956985880092765	0.745610244048407	0.910469242749191	0.934685902589814	0.973383435178228	0.849088152445245	0.960193659172235	0.946595725981981	0.88971487451116	0.935959672679394	0.929144032365024	0.863017620414179	0.885600571125633	0.936187167542431	0.974037339020976	0.91472369125522	0.889087452228841	0.924146134462004	0.841442849245363	0.933075109034897	0.862102078630811	0.808907495951582	0.794004718189476	0.866412973446242	0.860447990741514	0.878894866778947	0.823121188825155	0.911835853609719	0.877554704472006	0.919534586860584	0.922185077007164	0.882524639603033	0.708593908908102	0.873365893961024	0.832964550002943	0.864408651588752	0.914621842407081	0.783944199319775	0.919740363362294	0.721101630853361	0.903904312979066	0.661141707153237	0.894641681349556	0.869984389462294	0.838485740851102	0.959872631237594	0.894187950904985	0.756386894489948	0.915710598708484	0.847653359522889
ROBO1	0.988944764058627	0.963098855809726	0.98896402847249	0.944036196538303	0.940192364133991	0.904074202146758	0.988767273262866	0.986599602758192	0.942932361046738	0.969885588322251	1	0.969744021305657	0.960263690380302	0.876099676010386	0.981075134603666	0.922583237595704	0.933203674552118	0.903873248260041	0.956294772456293	0.984128073890546	0.953694118438793	0.841320098896949	0.85587325557615	0.988159996966054	0.909040291845551	0.986967928309833	0.948177882160995	0.833621838611651	0.950590707189049	0.98457933055528	0.94053057552579	0.977173754932313	0.957738192818349	0.931932368193796	0.96881182778653	0.951272875384498	0.972237203583889	0.873557927126327	0.85023785140746	0.954396361859491	0.955250197071726	0.964153860880023	0.924621985159854	0.863403059034702	0.983471275016699	0.950643780172695	0.875561203646307	0.966685508123512	0.928537683112865	0.868856110178108	0.942046067109919	0.924852822113994	0.887464811183268	0.919282430940314	0.934658348310426	0.973377767979794	0.914885047325973	0.943961484747554	0.959720655433758	0.92522719892662	0.977385258110948	0.90198626559296	0.947410209897704	0.970526793470603	0.911401744794056	0.956236463626966	0.968324843375631	0.926315894572899	0.963967757611184	0.891931034321975	0.977764921564735	0.981679440007566	0.94624502099628	0.981993564242011	0.914910527691072	0.903601121917374	0.903140338580506	0.816935112338424	0.900353863863148	0.975227055614211	0.784240610157765	0.951088605545797	0.976243597287169	0.982007812441666	0.917210247850822	0.968464132969397	0.957735844879281	0.946316094609528	0.96421088606164	0.961721838801292	0.922096786267118	0.881250526198557	0.971350530046576	0.967772165581133	0.957051121936977	0.944484050210071	0.941442118070373	0.879536690317315	0.969735772797313	0.921982889201155	0.827994510678591	0.865034123936858	0.933917467478148	0.877091036044936	0.918126007537282	0.894915332468025	0.948916744024619	0.924451568498	0.917113759597564	0.931637870905256	0.934090210796566	0.712589905719083	0.884987714833359	0.901435925651429	0.888082459817023	0.937171953613763	0.852040371770741	0.956884671370481	0.681410158155375	0.92301591274963	0.618851018102144	0.934286018503717	0.854251226843518	0.852919977636128	0.987728783716168	0.936151650894686	0.77385325980517	0.942424586034376	0.907740280235949
NOTCH1	0.951111547079753	0.929943930002434	0.976772796832863	0.91550279995038	0.970878992655132	0.948751769489679	0.966572724519544	0.96620013061453	0.976101967919112	0.923608830654783	0.969744021305657	1	0.920541100440097	0.926782226514269	0.971839664502087	0.954136139938667	0.955723480195582	0.889944382449061	0.985696651199679	0.963001718411698	0.971209551135322	0.854771021776211	0.916831879904406	0.9783891993962	0.887261530318279	0.966211490097279	0.911258522695331	0.775291389498531	0.965422031933204	0.957349369140879	0.888607258177285	0.979359135066507	0.974894801166363	0.942717184397024	0.986923632268075	0.951927335864927	0.921769531652038	0.877786552825237	0.819813372109138	0.964010376981917	0.937748563980043	0.976922726140966	0.957429425636906	0.89590227900119	0.955167229868673	0.943316608865118	0.880454376051056	0.941937572882201	0.930511512229868	0.836238242284528	0.956422207968468	0.956288723018875	0.892275231121076	0.910337444325326	0.883595907972531	0.96029076224637	0.899823487402249	0.948636277336433	0.958135597737001	0.949110813410383	0.96196564997464	0.91577859138738	0.902753003010664	0.958623628584063	0.935406447164819	0.911538490300924	0.979753827087857	0.907803762285249	0.928870148952988	0.918547357974461	0.951191543236245	0.958627625399131	0.942846503470897	0.962537678090903	0.949253517683677	0.936705409086422	0.951246065172068	0.774422496602385	0.916698174270162	0.954811569289512	0.809178752063696	0.953428759806379	0.972942910736296	0.944204652038674	0.961723739269467	0.925510914481062	0.937850890329779	0.970488535441086	0.951820637971176	0.963432285344338	0.935480496024679	0.851437712398379	0.975368700388377	0.928184466583713	0.963972594185381	0.973038397583771	0.941016957165448	0.883191097603529	0.95626324155292	0.95605434399879	0.851263845119634	0.903950060358865	0.953851861357731	0.88028345508933	0.902788116858165	0.926385197895808	0.939819008623501	0.929017233165279	0.893629982660578	0.906920599569343	0.959215375433572	0.722891958322615	0.859759037452764	0.933923242404073	0.90320079240944	0.928150234812557	0.912871095097244	0.968946551441172	0.65958586306911	0.915281019691223	0.604685620539202	0.945366967774931	0.819730546677412	0.893429190964391	0.970247876171402	0.949460743575487	0.78344108976044	0.945349015255326	0.952277244166068
CHL1	0.968457559282862	0.975459887237593	0.954518072381975	0.957804674670807	0.879543363273727	0.843307974825711	0.962052398385588	0.948247906116544	0.88378156688341	0.969627414847834	0.960263690380302	0.920541100440097	1	0.798414123556126	0.943442702860238	0.87051774195665	0.858758201234137	0.902395825335224	0.91367146500184	0.950828099781813	0.914118401975663	0.824864148458275	0.782335393003983	0.937133294851163	0.90451826683946	0.95714322350058	0.964022054286052	0.881783202920536	0.882575420060034	0.948546478728378	0.920531978506595	0.938368034904635	0.905624173325766	0.874036134398084	0.934593315893589	0.933387145658257	0.942885391266064	0.793770885200691	0.895248384941396	0.894928614189693	0.950001333884924	0.918436375153589	0.856521114860497	0.811939218733566	0.957933477453865	0.903349084982849	0.842749314113459	0.924839279726938	0.879608006607609	0.884158029417256	0.893526464662851	0.894814300882622	0.904297537393903	0.899728894696289	0.914958295583884	0.93825172956121	0.882188156348252	0.904290655837875	0.920110961303985	0.878915312134566	0.955675163142622	0.863514071039165	0.948466780811265	0.933471502136066	0.858905473033592	0.940012658336668	0.9163312517198	0.90898679791675	0.915699580137822	0.818350206920958	0.94456518647162	0.959412503101566	0.8900940558798	0.945178445176711	0.860988474881766	0.86064535641645	0.836513698163009	0.886354270283844	0.863088768232418	0.938949349828053	0.724339949704784	0.90498186028094	0.928444071612819	0.960762896226718	0.858707405457213	0.948189159929824	0.957726626381471	0.898925853430135	0.927299881235983	0.93342069866105	0.859640948745239	0.865686556355272	0.935655366217298	0.960806247047709	0.908434386059241	0.886860297620537	0.918706550255794	0.832900012107869	0.926168127858949	0.873818152848596	0.823394713138493	0.78773180958898	0.858585955162234	0.839831254841246	0.872377570486412	0.813684178262033	0.896568110867112	0.885803621722519	0.913111955345954	0.916132334239736	0.873108419882302	0.705692995833049	0.860472706229553	0.844053823349205	0.882023451777154	0.915563346209089	0.781811719934126	0.918916812933283	0.73840846837924	0.914128705806513	0.658254506966433	0.902752293938648	0.838466613078258	0.843817514487481	0.94454660188363	0.884378226200537	0.762923133347009	0.911294570941685	0.861487741452573
APLP1	0.832524169666624	0.787509158672413	0.891246236523059	0.78782571237399	0.966937924016374	0.952904939603115	0.861705557413613	0.883478324054371	0.96357534198893	0.801170368435298	0.876099676010386	0.926782226514269	0.798414123556126	1	0.905589583056538	0.945202213038988	0.965595702566157	0.789067975107956	0.944274777076035	0.861809439001666	0.942765751815827	0.784005435370392	0.955306871817828	0.898847563274071	0.784272697707916	0.864061432208712	0.763753079073086	0.63163597483771	0.956961097884082	0.870209226797076	0.750271496153834	0.922704759461131	0.938263237385382	0.918285571035329	0.920904226062819	0.8372534922716	0.825096023479202	0.916824021005655	0.67671233502793	0.955304568499229	0.837202496933313	0.9338733805119	0.958451424041601	0.880204419990126	0.851144515239973	0.882515456342839	0.814484537992477	0.868166780953512	0.893515453763135	0.722224758743919	0.907880113504781	0.90753520634425	0.827183782666461	0.821382518031721	0.763872131653936	0.877942494035906	0.828302367500564	0.878340611916146	0.891836586512791	0.92106984491353	0.864887710095443	0.867571610053925	0.765110159549531	0.8900451518632	0.876761092657574	0.814977646129124	0.924786688686755	0.839567136342026	0.847124173870048	0.917915514252547	0.867964820526474	0.868855478893074	0.87416533264144	0.867157824041145	0.940499205032495	0.909518087951285	0.971595581834567	0.63867540050761	0.874943675627491	0.856781856356555	0.870978071642382	0.894236356512091	0.918140205393405	0.825236344923992	0.973407069092132	0.806357139155689	0.818725723567464	0.937286782959781	0.873858253040504	0.902039671265639	0.909673750195847	0.748591035683009	0.905053284704656	0.801513747396521	0.912257284524386	0.945061940555684	0.852306654795902	0.807230128040773	0.887644872646025	0.94053754364366	0.803876735298492	0.922773962954377	0.950276361973056	0.810892457391418	0.833593685665471	0.948327994446199	0.899196240621674	0.896160523980184	0.767021832073547	0.841099977287374	0.958855088696921	0.752043443374551	0.786986834755617	0.940155193927049	0.857222258217649	0.841360476851542	0.928461191638434	0.934804617298612	0.536132162349512	0.829796313847939	0.499696793535116	0.893001275873329	0.759991857734145	0.866708231802519	0.900128550958911	0.91412744949767	0.729017064764222	0.851732656301443	0.962203804170241
CDH2	0.971702791005487	0.939945906384452	0.980787748639703	0.922993265041109	0.957791271665317	0.929956822098391	0.979772433418848	0.980671133351236	0.956118525526694	0.944519518439467	0.981075134603666	0.971839664502087	0.943442702860238	0.905589583056538	1	0.94462243362632	0.950771319340866	0.892390364599707	0.967783090597698	0.971235577863167	0.961510240828028	0.845848435357229	0.886009664795452	0.979793339348163	0.894431772202147	0.971876172406695	0.92460510638886	0.80337544868753	0.958290200506549	0.977734149333599	0.917229163457501	0.979923609638753	0.968781908136197	0.934397762444725	0.970275850989611	0.941666969142838	0.956774565285018	0.89218236684142	0.833304849184323	0.965673400641178	0.952530108813657	0.971603564946871	0.947125202404453	0.88052394697397	0.9763232154057	0.950036525864252	0.873020124317188	0.959836396253121	0.92545556767232	0.854646270425364	0.941379975451916	0.935722046155119	0.894778495085489	0.921158213456656	0.912895896452999	0.955423217998164	0.90137344169742	0.943465581632217	0.953658094286679	0.92961967319993	0.966441148167984	0.902440419819101	0.9246028702594	0.968389869905819	0.916749240143626	0.943962627345141	0.971917762280519	0.916903100964529	0.948251924696109	0.902985481013226	0.970604294954129	0.973433191748677	0.952388064735613	0.968863589885945	0.935005815872135	0.916634403432501	0.928602037503365	0.798507466808937	0.908179061487559	0.957189200610846	0.808295159008283	0.95255261000658	0.975132107107584	0.961365518587683	0.939815006897685	0.951187970611189	0.948502462512682	0.95997812140859	0.956716952470985	0.961799367335923	0.934632158178839	0.869104768166616	0.969598750318286	0.945043089512156	0.953433384392652	0.955678934698913	0.933093750436962	0.889279041602041	0.965658061747839	0.938063503348896	0.838451869292132	0.888910946829533	0.946137401780234	0.879781529885961	0.927174218593735	0.91175074259242	0.949598172713556	0.944190759371614	0.900043156460476	0.922058615687135	0.951241655401575	0.724894795537754	0.890308233950502	0.918379661781417	0.894068121570969	0.931960752354573	0.879799933969143	0.966690323813375	0.660507792137794	0.924707203134685	0.613122055466842	0.940209513672339	0.847146586961684	0.866679946863032	0.983429725515077	0.938566025594659	0.785297118423561	0.929405830028847	0.933703459105508
GPC1	0.904811536074514	0.866558417014027	0.929855085577215	0.842016359742932	0.970069297581784	0.975105282514614	0.912787144587794	0.923501515552078	0.96983583939415	0.861657259739709	0.922583237595704	0.954136139938667	0.87051774195665	0.945202213038988	0.94462243362632	1	0.952382853815672	0.83378734364459	0.961089574614169	0.903910417168836	0.949204575185143	0.841791375239513	0.952014237909275	0.937707339053025	0.833603517304887	0.909128469400277	0.859098632156155	0.674492857060502	0.944476624089766	0.916080215254521	0.819227438788679	0.95210492587652	0.947720637198592	0.902645043449177	0.951392061888214	0.895790181122295	0.881352586287662	0.881286379428871	0.756094744590501	0.948121495923153	0.89095489553814	0.95346701384236	0.979163873015332	0.875566598975142	0.919600473404343	0.901187569384619	0.851703918733837	0.909259829292639	0.905698933021188	0.774715175640076	0.906248193857156	0.938083854600185	0.835988450441925	0.874121051387259	0.827436368782122	0.905809640752916	0.857317377297045	0.903384849787122	0.914964078788585	0.939320373018319	0.913913965125518	0.886011820552649	0.819868762755203	0.924616007107758	0.897836996677451	0.85956252247559	0.950176127821573	0.872782319057309	0.883815395431504	0.904325263191356	0.904616756926764	0.914051568117343	0.907105815805188	0.89397422032361	0.957606303346364	0.946361096047177	0.971934287150526	0.67904972681195	0.924208363571463	0.883089899930896	0.778167300889549	0.923518059622083	0.951341546672626	0.881673438280066	0.967501646361401	0.865850905992386	0.895657197982579	0.973826512615435	0.914851866768935	0.942104995947333	0.944657255607348	0.773462576830324	0.94324918168564	0.856212498033553	0.947383494215103	0.943442325072532	0.89823102448142	0.855010970402496	0.925766226586857	0.951214450785686	0.847866376808267	0.925869662888093	0.935724474374011	0.82776244644806	0.864510316623307	0.947837324132483	0.914212516969929	0.924325923289384	0.834728852190006	0.858322504914494	0.957293341531976	0.703213756859766	0.803207954357601	0.948492442308203	0.870697026485289	0.897650608169343	0.923550438563725	0.954206992585376	0.575424153908271	0.902066130029133	0.521707230285522	0.928109192242206	0.744190210399557	0.883134694967486	0.932293890430844	0.940045661235909	0.749023596666541	0.897545434359117	0.967280866781934
TNFRSF21	0.903710319659653	0.853972959552864	0.942936106685124	0.841775601184956	0.979652182454879	0.955546486740714	0.921722389779418	0.938065945174138	0.97981148401411	0.864069885008785	0.933203674552118	0.955723480195582	0.858758201234137	0.965595702566157	0.950771319340866	0.952382853815672	1	0.838420366207251	0.960873489187389	0.925142136168232	0.964749335653807	0.804262444607497	0.94415394710306	0.952516722428324	0.834522006971339	0.921622923199186	0.829850571802753	0.680488600633572	0.983441982126267	0.930597380950315	0.824285874805382	0.957916361830859	0.962150602984542	0.946441332760413	0.948696400500606	0.889663942744401	0.89194260032836	0.932251244028257	0.714294285370006	0.985481550904676	0.886974636134039	0.96751773572222	0.974300301333697	0.887973141479244	0.917349296138132	0.925041102087314	0.860090647542635	0.921743548536613	0.919635087593868	0.785752179562202	0.9310484894259	0.923733492880106	0.851332406994474	0.87588024945158	0.844526048129052	0.919715647654149	0.880271476710519	0.917942730449377	0.945458476538268	0.923831267055339	0.91620733071653	0.88895224870313	0.825111824873637	0.928208331068622	0.897249984207837	0.876781525908846	0.96376261752471	0.871929904728662	0.909508489305922	0.934411366318527	0.914525958546815	0.920989023921013	0.919905508705602	0.923738153171836	0.948825947540594	0.925024272767226	0.965022728840293	0.678842076041928	0.905059563155757	0.910906070139214	0.837498928954432	0.932931977001292	0.958376012884951	0.892936621653965	0.9746581354006	0.884499717879652	0.885452207325447	0.958095584797023	0.910458037280069	0.932759135400794	0.932300966476642	0.805583024573627	0.9455931670815	0.863832884823861	0.950442974393558	0.966983052928394	0.877458405968113	0.85440120721749	0.940518201492143	0.95176404588798	0.812466841858777	0.929030832285227	0.977838327494769	0.862095008369179	0.891379417844754	0.950314122185154	0.920445590885731	0.930791438299727	0.826682984798938	0.876577727729107	0.965589569465077	0.722373386867874	0.836778673898423	0.951707162874103	0.873959650757454	0.881222264111436	0.924474710175876	0.95141392853879	0.555565695776929	0.865457693434694	0.519744969707981	0.91976757151442	0.779670025883496	0.850865413188292	0.950282558543553	0.933751404873083	0.746227882282753	0.889538013281364	0.951741267126356
