""	SIGLEC10	CCR1	CCRL2	SDC4	APLP2	ITGB2	LILRB1	LILRB2	CD40	TNFRSF1A	FPR1	TFRC	CD4	IGF2R	LTBR	ITGAM	CANX	PILRA	CD163	C5AR1	ITGB1	CD81	SIRPA	PLXNB2	HAVCR2	CD9	ENG	PDE1B	KCNQ3	KCNQ1	TLR2	HFE	ITGB5	TLR4	CD68	TREM2	AXL	ITGA5	GPNMB	CD72	TREM1	ADRB2	ITGAL	THBD	TNFRSF14	LRP1	CD99L2	SMAP1	CD300LF	ERAP1	SIGLEC1	CD47	ADGRE2	CD74	CR1	TLR7	TLR6	PLD1	ITGA4	LILRA4	SELL	SDC2	P2RY12	UNC5B	NOTCH2	TNFRSF10B	PLD2	ADCY7	CD33	SCARB1	SORL1	RIPK1	TLR1	IL6R	CD93	TSPAN15	RXRA	PTGER4	ASGR1	ABCA1	LPP	ITGAV	RYR1	CXADR	INSR	C5AR2	CD226	CXCR4	ITGAX	C3AR1	NRP1	TSPAN14	AMFR	NOTCH1	CADM1	MCFD2	PTPRC	RACK1	CD44	FAS	PTPRA	PILRB	TSPAN17	SORT1	ADGRE5	EDNRB	C1QBP	SDC3	CD63	CD46	NCL	TNFRSF12A	TNFRSF1B	SLC16A1	CD69	PTPRZ1
SIGLEC10	1	0.668251853358254	0.521464374638904	-0.330136715619751	0.555928905553061	0.741183391173245	0.881218624673281	-0.169803575441905	0.816348698774688	0.63639961285648	0.971933603660748	0.875726013791354	0.851611175357939	0.225594210028212	0.520628635423021	0.82209098043492	0.490797000164177	0.628376911514786	0.901038330639995	0.654640834570452	0.767874157034597	0.521007883032134	0.599902661918934	0.749320087293386	0.90433044959515	-0.201867851221063	0.885622572623678	0.791901922553365	0.910870006015401	0.929341861584826	0.854545568852874	0.558247587850033	0.605841053933584	0.109008441481939	0.0835240182445537	0.685009001459242	0.210644964833082	0.348823454955459	-0.142001273079381	-0.280102806592337	0.692707722878117	0.898305400082148	0.80664271200174	0.538630689004156	-0.0323652967700235	0.45947723573258	0.48834161627735	0.283031380752327	0.158045971808479	0.449793778806406	-0.416405789627296	0.289346534265835	0.90051116909124	0.260207209945196	-0.0902456724711647	0.720215033893303	0.736736294439523	0.74723891579642	-0.464149257021244	0.0205214538749605	0.602739053875575	0.416559878408785	0.949034678372908	0.841086010232972	-0.0912951648511452	0.909046399377621	0.675640175855374	0.807228074891036	0.677326396181477	0.205473057424012	0.859002807530668	0.750503343036998	0.840687414569341	0.565707159844475	0.341418736290811	0.891968826072318	0.545779674280369	0.519469319502901	-0.511364485910715	0.127994816218656	0.512400602591127	0.956071747452099	0.885505818336119	0.847852284594313	-0.426738554961766	0.881223882837186	0.899075006485761	-0.217946774939095	0.608541147488134	0.771195335922349	0.652903817454026	0.633064124965382	0.21969999371431	0.181108101941407	-0.133690890423878	0.523047398522945	0.919628375750795	0.625688198598812	-0.441211656528415	0.866443528005301	0.512270743978343	0.542902077224118	0.372429864410545	0.772720886180658	0.63999315195639	0.30197520692433	0.55356640027598	-0.131708060371174	0.302468513629938	0.312543369122352	0.539910856342406	0.572055897165901	0.91660913384986	0.47683405238019	0.888923192462746	0.0696002656356184
CCR1	0.668251853358254	1	0.852669746083838	0.31396419962767	0.876527878360903	0.916435316206381	0.827329999557863	0.0706184293822493	0.781947197533741	0.835782866930146	0.6844319108332	0.645478070853305	0.882099833191539	0.774819861105755	0.796106634635298	0.846886569336049	0.845680342381055	0.824040029033606	0.852241145849462	0.779472170436348	0.893671876205234	0.826110111667715	0.911464628443628	0.855170790848819	0.861524306510065	0.346010243939627	0.847997491488207	0.703970311310128	0.720759016188336	0.756335748165346	0.579108999120972	0.657818813219526	0.853322886004797	0.650015356316762	0.669789281201828	0.891096809266547	0.7041601559166	0.737347796101221	0.473732226011251	0.164507298632944	0.529959765974074	0.757393371097495	0.698381529609183	0.0889441752217798	0.566570803872468	0.858587727754413	0.770550159635404	0.648007777045751	0.611398871609887	0.767347652593058	0.220344137130127	0.69283030299298	0.591018010882114	0.500372614989273	0.461183965036614	0.813069978580093	0.749508671385946	0.822825950207374	-0.171539453075522	0.463446842659092	0.353197214431587	0.686647231049746	0.536696229695613	0.755998221865179	0.440128169536059	0.666212064521044	0.816231201428277	0.852247474417525	0.853300764695322	0.718266360898469	0.863105614800567	0.807578201794022	0.763412513394468	0.851058924571082	-0.137128718781491	0.761074413426756	0.760371167304984	0.660820449347351	-0.0170296746843699	0.672141424569306	0.841164358666072	0.74574724550135	0.600643459055258	0.611950647663686	-0.0503084065315337	0.593914531030276	0.51268918002932	-0.209869439839179	0.894698017385661	0.862993135696063	0.833457297060201	0.890747198493658	0.616158168897734	0.358218488010476	0.413870469091535	0.824910956379399	0.762693871724146	0.775217547029096	0.080664168496157	0.708599104494995	0.740620653721086	0.66458797400612	0.731397761392044	0.808435895013162	0.704224651694727	0.587229169952468	0.763955940583822	0.460154616791266	0.760163148904331	0.702810223803507	0.799228221617863	0.703950684731859	0.581698948899213	0.620792301622402	0.464390869225954	0.0520969786918718
CCRL2	0.521464374638904	0.852669746083838	1	0.412909128468309	0.906173008834	0.902172128420714	0.736554326842177	0.13956929155973	0.747564779622484	0.834989763349495	0.549404753768627	0.542046385276587	0.807166163561244	0.835553203343638	0.815537018557681	0.77807377205042	0.86594258725703	0.849873774219299	0.750841010286671	0.760825668554795	0.867419194207122	0.889684636628895	0.898875768277349	0.814815543457521	0.775394363039327	0.534626516855937	0.771767758526224	0.609868776680974	0.613585476547458	0.629912041930936	0.519689421847273	0.626312890641086	0.8376104530491	0.747582425683547	0.783222695162656	0.903135155058788	0.781948329657283	0.763957430212682	0.627060088837839	0.356356827995666	0.487275054517348	0.696368216640081	0.62905889253551	0.0108572227164443	0.693364241843361	0.888075005841613	0.766343714813306	0.744490370656563	0.714302211378631	0.734219807683383	0.355876505008363	0.755662898949784	0.49578520482007	0.608589745072469	0.515554268943393	0.767337817444895	0.668466170906913	0.783874957599695	-0.0273070418073022	0.648559695308586	0.293058502666077	0.771415474125469	0.372450143189164	0.675544667689272	0.600905245091861	0.571585633837383	0.766222640654466	0.781762054985777	0.866790880724734	0.807599013803452	0.785099080701344	0.800596623819205	0.670701811879182	0.842540342425308	-0.246673408765715	0.661330930715887	0.81111615604307	0.672830060735246	0.144697288196038	0.753081530000112	0.851895797641745	0.625149606588474	0.434883120116234	0.5093971136087	0.103825509808185	0.45343717681895	0.346681349713743	-0.106823381900053	0.895592134218226	0.837153582388461	0.761985000726326	0.895202829205782	0.632547479337153	0.41266245961523	0.569979552843595	0.866676575097046	0.67863443856914	0.800854116997595	0.245658034584724	0.602086697856734	0.76107980103205	0.641075378028801	0.774931335600783	0.802140875354836	0.649059150617232	0.588667932866817	0.784280274861309	0.578417135272606	0.859058035794388	0.782072414273258	0.81696551154433	0.687814437682103	0.443991841621878	0.606437009252378	0.293558826631252	0.0913127415280725
SDC4	-0.330136715619751	0.31396419962767	0.412909128468309	1	0.424473861782723	0.204914891675186	-0.0206298345412614	0.462247745483075	-0.111189610296989	0.265884632213221	-0.341855115137516	-0.234995511566637	0.0658788089124269	0.679716527121016	0.364726894502557	0.00439308432799632	0.501730619846237	0.281191828806881	-0.0422648889741488	0.217130604402555	0.106744137963971	0.37273863482589	0.344697544164848	0.161281112701738	-0.0416469614832533	0.713573097954856	-0.0573841961813744	-0.163794355740392	-0.243533235588684	-0.231086772410868	-0.273203477824156	0.141092322982719	0.315473170376356	0.71561221081485	0.718173594723362	0.186544485210315	0.582078012415983	0.537931045116534	0.788017141625228	0.606798332170122	-0.146239880975442	-0.168179194858443	-0.195439424390467	-0.41613991624969	0.754444656171854	0.516911561106298	0.355432763711394	0.51696047383131	0.599768673463833	0.437641227674963	0.807762688965637	0.55347802405281	-0.241669179893613	0.344228185016671	0.739455849733324	0.0807185643310008	0.0322667789696589	0.133527037199678	0.354776037128225	0.567395157145976	-0.165119899202691	0.400910366441426	-0.464970014273137	-0.126164272157656	0.699953611246405	-0.187660417339657	0.14862794762514	0.104725516386077	0.230574040351967	0.678235881907142	-0.0277474654764554	0.107729744931323	-0.0697175734154221	0.313682343333725	-0.477667594195856	-0.236164285881427	0.347770789742464	0.257378708945232	0.661581014305555	0.724781643246218	0.382641534530815	-0.252702757173388	-0.415378078816385	-0.237655866323756	0.495932433375903	-0.295528656403954	-0.42785655985486	0.101826737471922	0.32074228586969	0.134016380069269	0.187613774820638	0.358988046661691	0.587944549376408	0.331769709167336	0.648524988722874	0.401919596654744	-0.123064292038184	0.216729455653695	0.760972040813146	-0.205065632755499	0.344770291765389	0.231039848187239	0.456895425933929	0.0755719632475262	0.128136201163439	0.461901105439046	0.314270101921943	0.796336283984224	0.54191135449538	0.509477452001592	0.394419127007678	0.211918345840862	-0.310905989918632	0.20113743906765	-0.505278280521528	0.124204650456189
APLP2	0.555928905553061	0.876527878360903	0.906173008834	0.424473861782723	1	0.931741223508201	0.739915680664372	0.151761490431282	0.757703292504226	0.895111217152667	0.561389841056032	0.58916339198652	0.856366044412919	0.896685088289062	0.875240557045805	0.802540274997263	0.948879429788225	0.912958765138441	0.803019065022516	0.809698396354356	0.878342691043173	0.954656644476627	0.934420324403516	0.890304297369036	0.810323197856742	0.633410108404769	0.791319879926706	0.627617142222195	0.61694927730741	0.635841590343042	0.545343236541492	0.66495330262908	0.88539248944195	0.789178767299359	0.846006585775287	0.904678928222977	0.840060175666923	0.726568230202038	0.709804612307067	0.454880822076996	0.431588669190792	0.690810257560207	0.609367760988315	-0.0198574060922574	0.732347468582836	0.971366953591327	0.881484105826429	0.844696655438474	0.775421767905951	0.778248623345756	0.433653056832441	0.865184590718301	0.552017599289087	0.685549609278107	0.584874160898433	0.770812539088061	0.698419471374879	0.808790640559749	-0.0126643066183784	0.688373275676489	0.354321724530474	0.875281671095303	0.403359452341067	0.664544114054879	0.690991272755649	0.615754082980374	0.760595551644704	0.838986406680293	0.90481188726288	0.876958273390045	0.789848427674287	0.85024163601664	0.743970274227137	0.826365214868533	-0.257799372188698	0.645264088903203	0.847531016508424	0.7460240813325	0.189205613716727	0.82662340372887	0.879842430623322	0.636553546553526	0.443703633418123	0.546070808587496	0.159669390225688	0.5228935195473	0.401784163937894	-0.0921556450880159	0.920844227822842	0.894386263895434	0.806114525642912	0.945636329876947	0.725278383580354	0.464935502946249	0.619296678330652	0.955717834797481	0.739705276176916	0.856997960095348	0.296405704537566	0.613905968443542	0.844716179128178	0.753778103801886	0.852407413715744	0.841079511223347	0.70498038800895	0.720234160356339	0.849588542730514	0.651853353656566	0.927382257453534	0.875561609032751	0.893188256678605	0.768521414660788	0.483176221315168	0.670647765244689	0.330289061076729	0.180410301997276
ITGB2	0.741183391173245	0.916435316206381	0.902172128420714	0.204914891675186	0.931741223508201	1	0.869639540868588	0.0172003628353073	0.891383771410947	0.879497642989756	0.768340500201277	0.704157849185068	0.943772680046724	0.773021206393143	0.8162825325422	0.912315037657646	0.866988332118758	0.911286296967703	0.913789957000361	0.818929833780811	0.969329516363726	0.918434261979082	0.947364295040824	0.923380104952381	0.933230965336273	0.386260891356962	0.928093126460637	0.758918405466171	0.785571005928183	0.839009526516581	0.668205445725392	0.67559619127264	0.874027644505328	0.634920842929842	0.680800569891266	0.974989012658778	0.714820066732208	0.693156099365178	0.486837630643697	0.214085229906629	0.614466282845723	0.839537046302985	0.810105889741438	0.14580775646797	0.545686734053495	0.885867515377784	0.812602649000382	0.709273472367566	0.635693674872868	0.731031534445849	0.164927549210693	0.727982282015074	0.674949573281527	0.584644065027839	0.393137675622837	0.851872330957438	0.776601617680613	0.878355316254183	-0.175477175321855	0.544646514487513	0.416290174909017	0.753630659163262	0.610515219414579	0.804779448294145	0.4736426105116	0.755978530928452	0.841104880556888	0.904397796208328	0.943042286417244	0.727991404500825	0.928182267984495	0.890452648554847	0.842186874236761	0.863139017946274	-0.0954058673257938	0.835951571903771	0.799740375027887	0.681023021242248	-0.045873852424505	0.645149280050091	0.847769992447597	0.816350312306785	0.640819485422257	0.67967500905703	-0.0791689483957621	0.671391787158529	0.569899759854241	-0.183385271856045	0.949235037816871	0.953605886978824	0.827906945033183	0.936840939725369	0.601299121237161	0.3569002487195	0.417926139336579	0.900988251728884	0.854885421880367	0.86185582186878	0.0446383798808702	0.797234933682673	0.780956477290044	0.721361539920963	0.781838367771414	0.906034638053496	0.752691299800753	0.578565101853846	0.819574645580164	0.415092620778051	0.825788570072199	0.750795105915231	0.832485005127522	0.765105128768839	0.650000310095782	0.643569042744548	0.554541545278103	0.0731619229741281
LILRB1	0.881218624673281	0.827329999557863	0.736554326842177	-0.0206298345412614	0.739915680664372	0.869639540868588	1	0.0477123029826805	0.824384856780308	0.781188923760996	0.873170985567944	0.809550085130223	0.914449370875085	0.522660918221018	0.681804571512571	0.906045795562125	0.704717359505394	0.748779945926362	0.923068741269281	0.792854831957095	0.883103714748844	0.684754734793944	0.803784555470815	0.858331107150829	0.922979648824343	0.0513736494530944	0.91983342844969	0.830262172897676	0.882078400823425	0.889290436739642	0.796006712425077	0.678305675253139	0.769183122784669	0.418986261727535	0.370865560481557	0.819477782240337	0.491979023442577	0.604858031161768	0.145934869981704	-0.0769987741258631	0.690449233592522	0.882252756209619	0.817962748222946	0.36878275418589	0.278760191537243	0.681320879808606	0.648585364513203	0.491892944225323	0.382735648676031	0.65225691463071	-0.100733138027054	0.497996154967663	0.824776347508004	0.42533887057477	0.169756728088906	0.843704441274556	0.849804035764053	0.827595869164151	-0.250576812044823	0.230511446323752	0.527212061985144	0.572693844701106	0.756890929773038	0.866183760275999	0.195033560767724	0.825502841557493	0.812470730522208	0.915451986127779	0.804381099955958	0.470265080019957	0.913785423553057	0.828541160251517	0.87512392462424	0.801805338872267	0.1732467760721	0.858293890398695	0.699703542992416	0.661344530967695	-0.273507990387128	0.427782102927016	0.741496072208695	0.899652577153755	0.769857044687661	0.759182098417087	-0.21058118126518	0.779329774585956	0.739218216085096	-0.170218200467416	0.789713733319705	0.867452328881254	0.79877282075075	0.820956575545282	0.435089228609547	0.29409816810624	0.169519342102868	0.685929198390985	0.916302949491251	0.717600733668618	-0.174760170682669	0.828897800181271	0.653880818584225	0.641976223170832	0.564248970269227	0.829925652966218	0.738685109839015	0.444567743652451	0.671694049302259	0.178311741724057	0.525467596959316	0.523555307547012	0.712205886310361	0.622181935241686	0.804393455185875	0.56003771327237	0.71607380251244	0.0492519463844044
LILRB2	-0.169803575441905	0.0706184293822493	0.13956929155973	0.462247745483075	0.151761490431282	0.0172003628353073	0.0477123029826805	1	-0.190242513868284	0.141483682664409	-0.176805221028742	-0.125347635015096	0.00585367567887995	0.26117053098587	0.272533133973696	-0.0162202387103906	0.251205138900651	0.190050815091739	-0.0735009054749005	0.329704093080942	-0.0576021654942752	0.10794768971063	0.0892886381548186	0.0104347062871714	-0.114257395555509	0.366935704354844	-0.0960471355088116	-0.145588680336747	-0.199829148493178	-0.183719101409078	0.0836445328048724	0.109727168823466	0.071763217677665	0.472521732066548	0.315212888626181	-0.0480251189652905	0.281290225800489	0.421000130728826	0.324476051610817	0.419637540502242	-0.00305485170338016	-0.124008250461887	-0.193256211876886	0.176573315374498	0.454085079489541	0.178313612293683	0.113162464253657	0.341574582918967	0.414475771552443	0.314164327437899	0.484083976955781	0.245633696068359	0.0239515245724188	0.44082761091192	0.440926463531477	0.102549220548146	0.0976343060505599	-0.0454329842528226	0.566458359090177	0.2282182403211	0.146638023008553	0.199675502511153	-0.342823439274382	-0.159209623353509	0.435400266408944	-0.131798690062374	0.00922306448818954	0.0851080303598604	0.132157042037011	0.280409692272912	-0.127058934504503	0.053461740562319	0.0182743175319401	0.238291510815712	0.250495273636638	-0.263554241391056	0.272383702460544	0.237992696044746	0.632024233217832	0.308099287437065	0.182151364723947	-0.230045413931987	-0.347060508418532	-0.263538547328244	0.447430351224524	-0.186769066991386	-0.250506146950198	0.559223927712559	0.00216440332612713	0.0591698032115062	-0.0171308403644434	0.167852172644161	0.397520948688609	0.113213945195088	0.387174568706677	0.159086803070139	0.00223615524442169	0.157783178936698	0.675830209368097	-0.209601741500952	0.113131164183634	0.084911585828852	0.196669031884662	-0.05388610757349	0.0297762219700138	0.237700232040024	0.121234402470531	0.370151741272221	0.172521090476581	0.301212049415526	0.217139970649177	-0.0782045903437498	-0.00150155030723307	-0.00298255189993188	-0.268044298794967	-0.0414327265153647
CD40	0.816348698774688	0.781947197533741	0.747564779622484	-0.111189610296989	0.757703292504226	0.891383771410947	0.824384856780308	-0.190242513868284	1	0.784153015315967	0.858131594936796	0.717193818979471	0.886790634404176	0.509099235349652	0.683440254962674	0.861621468568269	0.671179409455114	0.81578849026933	0.86690102413915	0.708577209389921	0.903923913996258	0.798260266519429	0.792412989628061	0.825866125367999	0.912838178141759	0.161224867298245	0.88989169752628	0.780086354589987	0.829014201333646	0.878931344881099	0.725862553879396	0.568785011551221	0.731371465102421	0.354449685495501	0.438067034098005	0.904922868473874	0.496818998206295	0.454940698175859	0.231296827027297	0.0429934907302185	0.62330541232653	0.867331296658093	0.833331215962207	0.233444211614829	0.279288037245651	0.691523222724307	0.654983976815801	0.540721603086534	0.420690004269659	0.519401272885999	-0.112253545160229	0.559980417311615	0.717383456344934	0.476960729527715	0.0853413646320526	0.78233645070184	0.724654831696019	0.80175841223141	-0.28585712092426	0.346299074929712	0.462281002500088	0.597339600478444	0.74049422531256	0.811304856649668	0.236943172933236	0.77120341004326	0.770295271901667	0.847389668006315	0.84696895837952	0.479690261379744	0.887700464906373	0.850569444442109	0.837235374721085	0.685254964247534	0.00211637642678881	0.903184169421545	0.655909456731747	0.572730290465325	-0.2738794220142	0.381617742131037	0.694080652228043	0.870239026688141	0.759084847801829	0.735132292256181	-0.221731391328102	0.699887915715576	0.702352470351715	-0.203170596493934	0.806347994349977	0.877993946139512	0.700144757758259	0.784012724595334	0.373034792535353	0.269785957660539	0.198784214088142	0.749652668560732	0.85659834074424	0.803866908099932	-0.21441331830114	0.850258674064433	0.674672963913988	0.605247702705758	0.621373255598081	0.836350767972025	0.703142422989729	0.429745295567479	0.724947484891145	0.155424584318232	0.653977367329562	0.592024484107233	0.694544908281107	0.696530685344659	0.703284204577444	0.581946870944523	0.689462365218353	0.0697198739327839
TNFRSF1A	0.63639961285648	0.835782866930146	0.834989763349495	0.265884632213221	0.895111217152667	0.879497642989756	0.781188923760996	0.141483682664409	0.784153015315967	1	0.652404970045634	0.614363678857025	0.885124484950785	0.737608055280941	0.926181826839726	0.803357026270167	0.914482262768275	0.887003778399597	0.807051747313858	0.814640635482899	0.847319847631414	0.906049803905397	0.897677434594576	0.90596211224335	0.8259963980856	0.493315415494211	0.814639752392274	0.6711631350105	0.677368424821754	0.682238263300929	0.683893635921614	0.773577218833342	0.869447367278631	0.718368453329315	0.727300697688156	0.871154065740386	0.785606618221404	0.643678228539181	0.53542981357226	0.366272286396933	0.371637048521896	0.775570538879194	0.589414090557671	0.0964310925904149	0.641309774484818	0.892190641487012	0.840118530467425	0.838832676833974	0.644004767964254	0.724094915700161	0.323922444920272	0.805192901316729	0.631439182204866	0.747431108463344	0.411005302067128	0.836701954938141	0.727746607769753	0.819567248155294	0.0575219099008307	0.513992934093657	0.449036901444441	0.806375338018011	0.494370228451062	0.749730481565129	0.585519386640306	0.677175910277027	0.806936746196059	0.867962497157826	0.884424354511778	0.75473691530889	0.774824660246419	0.896700284981934	0.818566055314539	0.805684107842177	-0.177689148570712	0.695245198867543	0.843962855405977	0.808567835718389	0.126101751355514	0.727774107530961	0.852281144209812	0.698800673864213	0.517703175565519	0.605386603935539	0.176438712298334	0.561862282902658	0.485979395527325	-0.0316625945773481	0.805985576950148	0.884028595713463	0.821622287214445	0.900141210008754	0.708751171696099	0.511869348240818	0.59414574351417	0.897962388221131	0.792214329960402	0.909673158007104	0.215188417535838	0.649488625052929	0.85547660076715	0.720796345831718	0.796272511671852	0.830421092389508	0.678160825544448	0.716095742849701	0.865019393031844	0.585411543976022	0.818353880250274	0.813454593142057	0.898472124200467	0.768619203934281	0.596894637833224	0.719105901727549	0.438805468556423	0.208567227832121
FPR1	0.971933603660748	0.6844319108332	0.549404753768627	-0.341855115137516	0.561389841056032	0.768340500201277	0.873170985567944	-0.176805221028742	0.858131594936796	0.652404970045634	1	0.859153139704967	0.859755653095295	0.234724366528648	0.539988851753056	0.843145142259613	0.495884693413009	0.657723786385874	0.898562960501377	0.668260305707972	0.795303076667215	0.557582540239109	0.622334450233237	0.744031272056413	0.917922779199483	-0.180916236784054	0.896553878155551	0.784689433440719	0.902461565742612	0.944090946249787	0.854628772159024	0.541875823275986	0.614803132442465	0.114883912203269	0.113726536435005	0.724217496521903	0.215226177089592	0.346257608159487	-0.128368138750934	-0.271714005206583	0.705881241686499	0.915180738295539	0.834245763595438	0.53150197435789	-0.0144003700882066	0.464090346561805	0.489985812217754	0.311713488626554	0.171456975417818	0.441739386233245	-0.414663003044508	0.304724769025355	0.884195816376795	0.29740291092955	-0.0967809410297565	0.735283068224113	0.722988998525177	0.754235267400963	-0.432924472332847	0.0312346636581453	0.583384047750114	0.420843977079447	0.936956542091627	0.831073541766659	-0.0821385434702617	0.898718261928635	0.698332596743534	0.798159130965639	0.706523027585209	0.205774934307754	0.862509155560458	0.763386646094342	0.845968754924338	0.579455406873087	0.331165565152803	0.92187023148713	0.534197596322994	0.503792391912163	-0.484628733275252	0.110622377356016	0.515560992239726	0.954138247117614	0.871945089107834	0.843086276241591	-0.424368163584833	0.857928935364123	0.881340298092859	-0.21646847310866	0.621475580379206	0.785150437096742	0.644313730177722	0.637887740750074	0.210864583587709	0.161987478507348	-0.106986165216408	0.552988237850018	0.921854576408735	0.667812243252605	-0.4393483205304	0.903343933385307	0.51395611321896	0.551790884558873	0.413389918770298	0.776593700543002	0.625639648521572	0.304427106707617	0.575593966729701	-0.137578064147095	0.343769871425598	0.341575395314625	0.54685219213068	0.585422832900099	0.914021886609873	0.500854677242932	0.90598071809985	0.0476562196057777
TFRC	0.875726013791354	0.645478070853305	0.542046385276587	-0.234995511566637	0.58916339198652	0.704157849185068	0.809550085130223	-0.125347635015096	0.717193818979471	0.614363678857025	0.859153139704967	1	0.802536159738183	0.29207144861247	0.48978265053857	0.781646581404837	0.552457745338826	0.598539250663928	0.8679327318165	0.698614908827354	0.756769946707268	0.510159707268425	0.593689925407662	0.720008383031657	0.840545105807198	-0.101172256100369	0.822674901662774	0.744588025277746	0.83902151154282	0.815496304826872	0.813526859705319	0.535937262941545	0.612399866016204	0.178797824158955	0.128556040033233	0.643810511418436	0.243494765991768	0.377147510417833	-0.0653374788732231	-0.219570019105097	0.654680317727458	0.833750480383865	0.746423041318039	0.45612457431101	0.0423285716236126	0.501112039391862	0.571832167188761	0.353773676380345	0.217770469279325	0.463895350647141	-0.30203368549165	0.354159454781963	0.841853077335281	0.270952991776395	0.0234722747042107	0.697709075475358	0.681908756479805	0.726651989318793	-0.363037271526318	0.0646958150697571	0.578824456909334	0.467698403821508	0.822351337228137	0.731039790233889	0.0154569226182358	0.867656537336828	0.661724567530156	0.745229944188331	0.638824009940934	0.259670945204363	0.808797696545376	0.723449206187211	0.758752649951292	0.61004648772154	0.285415406601872	0.800041597245774	0.589629983030212	0.579206103290675	-0.397632684355179	0.218234620404202	0.558503672809755	0.885875471375547	0.804354836757287	0.87157856787601	-0.252558659708123	0.79769868699198	0.802957657292803	-0.171142396899773	0.618010728350014	0.709118077817705	0.646986452758371	0.657076661515617	0.289349491335128	0.340509575540609	-0.014532168941804	0.56118281597059	0.86538136449042	0.594967307040404	-0.332185194267645	0.80868626870655	0.59679168053029	0.677200814849085	0.413514853250836	0.798681189687671	0.64459710820401	0.455326966455215	0.576101716299531	-0.0196200051518237	0.33478380010574	0.369077433851811	0.5940877456153	0.606960748750713	0.828012417104569	0.574542687969881	0.77357202810416	0.261974468339
CD4	0.851611175357939	0.882099833191539	0.807166163561244	0.0658788089124269	0.856366044412919	0.943772680046724	0.914449370875085	0.00585367567887995	0.886790634404176	0.885124484950785	0.859755653095295	0.802536159738183	1	0.642847510746582	0.81336773306517	0.912687465962422	0.833896127915525	0.8686019934798	0.964728799421278	0.849529494625785	0.929505638487562	0.826168579395334	0.889767822221367	0.940725220963864	0.964789505427185	0.214609528374898	0.955173236404229	0.817149070607996	0.879915275166807	0.88593463171014	0.799608285627518	0.711548564606745	0.878580410257156	0.54471885908267	0.529695761556529	0.900449488510694	0.624090372324754	0.619147127117298	0.311118893718811	0.0824609975401224	0.577005175723104	0.917389265849485	0.787567069190239	0.264220503963024	0.421336429744407	0.812808235502634	0.780343160020737	0.634742477910424	0.49976492729145	0.737979456877374	0.0557672291809313	0.635582315822103	0.79915842323894	0.569917186134826	0.281986962825026	0.888626035343832	0.819123396140802	0.89349636384282	-0.20002262769379	0.355364205434581	0.500528638973861	0.698881225905787	0.742527973385085	0.871505122311564	0.335635246763456	0.853411535388163	0.854256905286403	0.937421933941366	0.904635533438901	0.628462166332474	0.923638017967306	0.897360081234072	0.91412319703636	0.814979173008408	0.0251886869785301	0.867311842190838	0.779189277721043	0.742677389218813	-0.180173006986076	0.569384376752627	0.813213577621257	0.900914533103274	0.734739813420661	0.75997985082929	-0.123750412480661	0.778057522703454	0.702852898610887	-0.188105683304716	0.85112737757468	0.940605208586381	0.866270946575555	0.90030028544584	0.568445188559568	0.353195757490847	0.321650570849737	0.831375018086393	0.934258576951582	0.82580203735529	-0.085269771520291	0.847588942837013	0.754529056961856	0.724094007203771	0.696441757834082	0.894964841288832	0.720932125636385	0.570108091280437	0.76718899984619	0.325759552706579	0.675376467354957	0.67922838585562	0.814205995316342	0.728724353894442	0.800292515800482	0.657448198269642	0.672613015196504	0.0973581118953053
IGF2R	0.225594210028212	0.774819861105755	0.835553203343638	0.679716527121016	0.896685088289062	0.773021206393143	0.522660918221018	0.26117053098587	0.509099235349652	0.737608055280941	0.234724366528648	0.29207144861247	0.642847510746582	1	0.756216255453835	0.576366698176738	0.88882929898427	0.780338234812485	0.565215201203476	0.670110531130887	0.713994491409069	0.858469271439991	0.859415713356585	0.704003398481694	0.561559771104176	0.761259255760493	0.552539299348149	0.422038643013236	0.354533174127885	0.370886685120731	0.239138719104032	0.57436434192881	0.769378415346403	0.903188818986534	0.926809673491121	0.765589710395836	0.899822516785493	0.730022772423404	0.869554423631826	0.606958519528504	0.22080861297659	0.41741609845426	0.391415369669519	-0.297809688555196	0.87286165980159	0.930349972878408	0.78919514151666	0.819207070324561	0.805242575742951	0.738563122636054	0.677764692621543	0.844509115359159	0.229854607877095	0.647360809160152	0.740852232777518	0.624338753362974	0.533846792330225	0.622452942755764	0.170814598501034	0.770756315139362	0.0935234526620872	0.797624682705643	0.0546184169820337	0.449013879936452	0.81067206853469	0.318008210798816	0.642790964920147	0.630997446706618	0.750052976646089	0.942857560121212	0.583815460065127	0.644190925021574	0.52007462220085	0.762122055101102	-0.463037710675553	0.37642583273859	0.729663349589398	0.632027003653322	0.39124425819768	0.929957713943655	0.845572683006544	0.351339338269316	0.156732602126345	0.255982688134043	0.318840936767305	0.235666810788558	0.0645605585357378	-0.0601889206192532	0.843674557510783	0.715892521240449	0.681335518494269	0.850567388557725	0.755966254511756	0.441747529901437	0.762753547024371	0.852196418519848	0.466304435647007	0.68548406797045	0.493679204422362	0.363975160985136	0.739922030921798	0.626102864317259	0.799885836643604	0.632763414373488	0.554394973563005	0.665374606699621	0.707515819255428	0.82394652713355	0.911973589330525	0.864452145134747	0.794236191403627	0.606347000704697	0.161345963194538	0.539202496373916	0.00388186295407842	0.117795060458433
LTBR	0.520628635423021	0.796106634635298	0.815537018557681	0.364726894502557	0.875240557045805	0.8162825325422	0.681804571512571	0.272533133973696	0.683440254962674	0.926181826839726	0.539988851753056	0.48978265053857	0.81336773306517	0.756216255453835	1	0.72029151253199	0.888327657353709	0.857454830342034	0.718603747581765	0.803496642756304	0.750072170198098	0.874841412537452	0.851685085822613	0.846202676281251	0.732324865206471	0.572393460716412	0.7221528330417	0.557906897565935	0.560642530712916	0.558915283744059	0.61965186731994	0.741217745612983	0.852994434760227	0.789477062025189	0.791845796150444	0.797358229417569	0.81619787269245	0.675858179714142	0.61478900484466	0.461670777359375	0.262179375312264	0.690322594362508	0.451565467565289	0.0834064076804556	0.734818558259749	0.872959342282425	0.772966426628983	0.835325694373515	0.701556215902383	0.748970287189316	0.442229579391178	0.795906281620679	0.560486386453147	0.806600007830412	0.542070847950098	0.793970060359081	0.662627839636478	0.730439995547144	0.180806685511285	0.563357030901828	0.391480690455547	0.806835812267132	0.370773753102193	0.656922865487127	0.626112795324794	0.549042402250433	0.730025388559218	0.787483295033217	0.848206351149904	0.798340151454261	0.665200870210729	0.812078179042046	0.738919812241274	0.769937818846675	-0.190125084940782	0.570448279296012	0.807282330645979	0.814159689728438	0.286919001718266	0.759694233982752	0.805520870724897	0.560393252849315	0.371229330549405	0.419606297524219	0.226838361748484	0.451450782861621	0.350266371600736	0.0532675636763347	0.73458611103072	0.831608263487248	0.762006863251065	0.863559315052187	0.719812257667312	0.388522567883572	0.657135771090182	0.862727252705334	0.70925341636401	0.850248953564425	0.344884524034061	0.51515476952011	0.750153101692288	0.614178451926481	0.755377429348768	0.705972928087425	0.542185193859802	0.659964634799579	0.774489107261486	0.632506849866674	0.812317775564097	0.845136671089556	0.833401509555287	0.636947333654091	0.525850739002604	0.601432591108978	0.311178160493473	0.0692796766314498
ITGAM	0.82209098043492	0.846886569336049	0.77807377205042	0.00439308432799632	0.802540274997263	0.912315037657646	0.906045795562125	-0.0162202387103906	0.861621468568269	0.803357026270167	0.843145142259613	0.781646581404837	0.912687465962422	0.576366698176738	0.72029151253199	1	0.73927167180755	0.8074850479682	0.910891658344143	0.831513709560907	0.923864326276824	0.755496989439495	0.847378599371673	0.870947538174309	0.914880303387889	0.161187665969205	0.918251055798298	0.808559152264746	0.83723479808477	0.863476206594161	0.757906243941556	0.634894585051138	0.785624622337033	0.446301612629755	0.4660108226694	0.877041857901988	0.536881878456796	0.620244496774015	0.234591457091285	-0.00844623336315857	0.728631413879973	0.859952739791814	0.853718289042041	0.33222062121393	0.34224817998921	0.738085672209399	0.727753496714177	0.552800888906387	0.456014693231982	0.655269971664704	-0.0580218509245423	0.569790338072076	0.773219556174775	0.459193806272666	0.23983459536038	0.820076747749736	0.828968927499591	0.858829731313407	-0.209362884363379	0.292893373571472	0.484967055074392	0.61996221280419	0.696633548524818	0.826777708177802	0.26362636065064	0.778333083019543	0.806457947180146	0.896625829819118	0.840253126738289	0.510341131021256	0.922647435705237	0.861892790130289	0.844933049427031	0.822890211429501	0.122736112990311	0.863124427897544	0.728777885801671	0.645094493484248	-0.17230928266388	0.464501974508743	0.759656789484078	0.865110762452836	0.750081474030062	0.742674244901256	-0.124772404543151	0.754572687359208	0.699885123218952	-0.128770197905806	0.856178219380325	0.874128816718858	0.801477512835364	0.841615833605484	0.449747464190463	0.285116395371131	0.244102732178056	0.758202478885781	0.882594583880337	0.764217386805065	-0.0908690025609802	0.826433932300098	0.69963195249413	0.699707344952767	0.642430182039555	0.862682589686759	0.757860948768967	0.493345365889948	0.720765983520199	0.211332394662343	0.629879396627703	0.582489481686753	0.743375368706471	0.680256262212224	0.758691742474073	0.608514120799017	0.676249435572706	0.059549174616187
CANX	0.490797000164177	0.845680342381055	0.86594258725703	0.501730619846237	0.948879429788225	0.866988332118758	0.704717359505394	0.251205138900651	0.671179409455114	0.914482262768275	0.495884693413009	0.552457745338826	0.833896127915525	0.88882929898427	0.888327657353709	0.73927167180755	1	0.86877816264967	0.749168478200262	0.818035442573906	0.82340602870201	0.906518484151933	0.920477255005206	0.871930614981326	0.749708466977967	0.62463676468984	0.729836381211605	0.600436065970466	0.58504461969357	0.572310645496882	0.532802905093717	0.703875911808257	0.884187377939591	0.84270335932493	0.83601802902191	0.836467460982535	0.862070452566242	0.758936092010324	0.693824460591064	0.459976245190959	0.329472954087739	0.650857512058494	0.525568322604951	-0.0326008561269	0.768264937783394	0.964068327389724	0.895464799143989	0.881404913805801	0.747925139017864	0.829213955059833	0.503282230870759	0.881877017479801	0.515908677086429	0.741966140394171	0.580543511719091	0.794698676667832	0.69480428083516	0.775790375151084	0.146706697208879	0.615801434013402	0.338094818143496	0.836690642770212	0.327526884250008	0.638753070072593	0.731948695508845	0.585857171764624	0.784197739758091	0.816812929013568	0.871455349683972	0.877837182036657	0.724208428178804	0.824177580245591	0.730422231566521	0.840393027964954	-0.255095788256044	0.573177014498164	0.877615821135869	0.800133546970616	0.262805807017959	0.871890747600071	0.914267043722386	0.589922325379855	0.379217391042401	0.529973930749492	0.296026415625398	0.452378025483491	0.332565666117868	-0.00293561122081841	0.849240335610618	0.840019140175062	0.8038681567486	0.934430437752599	0.804788020259079	0.602699223558195	0.707439679242261	0.940814435754832	0.705674451964214	0.855727021792613	0.378447964970562	0.559517180858997	0.896419958210487	0.770433296104216	0.862849384217366	0.814784984977129	0.694277590005876	0.810100218395493	0.87674851892751	0.741102352746436	0.881147716509913	0.874374451679035	0.950639421778105	0.77701378003752	0.468127440530051	0.745290298318878	0.274127060682242	0.298777377839488
PILRA	0.628376911514786	0.824040029033606	0.849873774219299	0.281191828806881	0.912958765138441	0.911286296967703	0.748779945926362	0.190050815091739	0.81578849026933	0.887003778399597	0.657723786385874	0.598539250663928	0.8686019934798	0.780338234812485	0.857454830342034	0.8074850479682	0.86877816264967	1	0.805601160833074	0.859543522755129	0.866736074201761	0.939590663274364	0.87914657634425	0.838955654517478	0.830353925742433	0.51702492189135	0.797922874884231	0.617024006840891	0.635156889243049	0.699256167761361	0.668988839965502	0.65630511341416	0.800938755753126	0.719473180544593	0.738354494835344	0.894148630608306	0.750173196644276	0.635152348472681	0.59090684351497	0.444578808555369	0.497720960688584	0.746222757423157	0.636810452096734	0.136858958527863	0.651872563304304	0.877070124208701	0.793851647136077	0.831230024005213	0.731282487429162	0.697321797843904	0.297553796692488	0.789599401124038	0.614371352414184	0.757855159354247	0.470916128591512	0.795049685980342	0.687783671474644	0.78885365104154	0.00404758530035121	0.64336546203625	0.457557612095303	0.827683269235197	0.478020608635214	0.672769235747711	0.579861679275597	0.654186364527464	0.770121091628328	0.846013260958003	0.908869191481025	0.766572172155827	0.797878081380762	0.882684185466601	0.807238169494196	0.781412881589754	-0.108091510410966	0.695746372470661	0.82168144501481	0.730893178265531	0.156713691026434	0.686711156279817	0.819185671919177	0.681522084996969	0.495891634156037	0.54378331939633	0.0664653494216338	0.558146985476529	0.495675125525244	0.0214334478431967	0.861282185036415	0.915324362155961	0.710320954934798	0.912070011847475	0.695342568945133	0.383745560074513	0.5238146952813	0.920567063982382	0.793688705451929	0.912573925817992	0.223907177024484	0.668436981726571	0.792570963253627	0.695222517347569	0.784895381276695	0.80799044445988	0.644162513950971	0.644504319300817	0.818382858731216	0.50365447385184	0.855207581563415	0.847067425403381	0.835762099967416	0.695157753801941	0.585616612967044	0.584203942081178	0.437490682274588	0.0962141247126254
