""	TREM2	SORL1	CCR1	C3AR1	CD4	ITGB2	LRP1	TMIGD3	LAIR1	PLXDC2	PTPRC	ITGAX	CD81	CD33	ABCA1	CD74	TFRC	PLAUR	PTGER4	RHBDF2	CD47	LILRB1	CD68	AXL	HAVCR2	ADRB2	TLR4	ITGAM	IL6R	SLC1A5	HLA.DPB1	C1QBP	CD163	ADORA3	C5AR1	SORT1	TNFRSF1A	CXCR4	FPR1	VSIR	TNFRSF1B	ITGB1	CANX	TLR2	P2RY12	TSPAN14	MERTK	TREM1	ITGAV	ADCY7	CD46	LPP	ADGRE2	LILRA4	PILRA	CD69	INSR	ENG	STAB1	TNFRSF13C	GPNMB	KCNQ3	CD9	TLR7	APLP2	RACK1	SMAP1	SIRPA	CD63	PTPRA
TREM2	1	0.780832249429129	0.879884739725551	0.800452752714914	0.890164982531366	0.941166165871955	0.885243176234836	0.962678663531741	0.903638360187617	0.928198371909909	0.741337807188026	0.837493392801933	0.937887485223063	0.759054130060846	0.79795456409126	0.931436439286413	0.843700255306236	0.799760447816983	0.812702006409046	0.719627931985019	0.602673267509604	0.831939424998902	0.922923083430459	0.91226729061884	0.844357883100586	0.172180766035842	0.583042675474061	0.779331756065114	0.725304705820285	0.633565050474202	0.863779719323605	0.840999640079326	0.864598724677503	0.799584903148004	0.806207934220684	0.720745228581071	0.86919475222191	0.255648800467338	0.880465887719129	0.618780944806855	0.820719425490036	0.872617103137124	0.893412144658468	0.561559331382064	0.160405159538921	0.784985327019296	0.859471234810443	0.674679227868225	0.89564622506965	0.72367288716198	0.687993363363188	0.814645142770229	0.739831039227324	0.758573391422666	0.811882686672661	0.816926421716513	0.281589930036146	0.801775541305467	0.886333807880695	-0.182683774098681	0.733094717210627	0.775318901697801	0.883360071885401	0.700865112290086	0.856971365470327	0.898325389803654	0.67938521964427	0.865864810417879	0.920339808861358	0.641754327655904
SORL1	0.780832249429129	1	0.73400872409731	0.823640407280998	0.786832923585494	0.730638076116947	0.804286847211745	0.766543034469177	0.809493605520829	0.878329009603292	0.878117707610634	0.835887171584838	0.765697516276878	0.688025389454492	0.62616211692622	0.887041543243423	0.724772468706346	0.65084297455118	0.733154546401584	0.864864793468055	0.55324477002863	0.795423239236408	0.637841616145607	0.859432151068666	0.817564872827495	0.418151766405127	0.612452806702137	0.758489749262052	0.774863547928322	0.775311646131518	0.865201611071664	0.683605459236587	0.636815194794986	0.757037776255223	0.709062794022874	0.798582384594026	0.782299166832202	0.587388168267111	0.78578914715651	0.80588708049716	0.700091328825652	0.713173828813618	0.670835089609346	0.731404950572445	0.344515900647463	0.841877555606348	0.802490945317491	0.673778783403373	0.74523283296554	0.739364753389883	0.69527370556713	0.816398128253997	0.738239199391792	0.796546562191097	0.803413537881958	0.773681421438197	0.474750217853892	0.574268440607483	0.664300397732987	0.224865101731224	0.436597744278147	0.758623119593652	0.725635842152101	0.811137870002589	0.650517240667003	0.795469000535682	0.652817167472447	0.738885632538904	0.631778874484778	0.61204338265255
CCR1	0.879884739725551	0.73400872409731	1	0.766470181238469	0.889150476114869	0.918317996897404	0.901738155274367	0.88597394266195	0.894113318351799	0.894716464307712	0.704652322219988	0.828402721254522	0.943860823116628	0.60239673743006	0.884427371667929	0.818371308894993	0.874167124580078	0.78474004400115	0.869681429196385	0.715737819082992	0.618731079032211	0.830459693835838	0.905637961379741	0.805470279196563	0.836749441971109	0.285747067478437	0.622688447270647	0.788213943680917	0.748536478962163	0.606216411983391	0.734652975637546	0.787017436744588	0.91414083710108	0.840357105949434	0.833650662390677	0.699807994373627	0.847700472685922	0.396935350647253	0.855403516447296	0.601064666214434	0.884435620556677	0.87836569607631	0.909398949234066	0.605339647010847	0.135999935535238	0.775021098854277	0.892316958660669	0.684662928770052	0.899729496000535	0.76687500701815	0.695011823928177	0.80925568761753	0.659521277782717	0.715152475110654	0.805565148730249	0.746628405113289	0.334888625204328	0.83257853932505	0.892035920371811	-0.121047859915999	0.817443336923785	0.799509335508343	0.804529165972353	0.687998686645495	0.905187549628836	0.809701063714302	0.644225717881983	0.894961554182395	0.875372339075725	0.701192418685332
C3AR1	0.800452752714914	0.823640407280998	0.766470181238469	1	0.79383514561594	0.776255735467647	0.782656666089922	0.77316990632122	0.835715955045043	0.84709202892147	0.793197091855582	0.804103566575424	0.781072180949448	0.633647199960417	0.70016395966651	0.842578143191069	0.734988681591441	0.694828719874464	0.772826612510154	0.834478829837859	0.624391094965842	0.783128289777871	0.713667006506239	0.789454987271404	0.834576901177307	0.440974748950528	0.695965215755736	0.768554639928318	0.774581258716027	0.691747342414024	0.768463440897083	0.682050922106813	0.690971493633753	0.786266809718628	0.74448438992448	0.703171550387078	0.781097030707825	0.527708975961002	0.799094746917285	0.758534804670988	0.743049158948722	0.737407927118091	0.716408998575839	0.709067828352484	0.396419600014845	0.81174461104212	0.803378201712119	0.684975804282556	0.768379251366641	0.696550006602624	0.655798299106654	0.750256058622259	0.65794437591021	0.7249266912558	0.786271805220425	0.735008496315304	0.432904032217683	0.673363913386043	0.714110096085475	0.122819026699502	0.557492096919481	0.749323255782273	0.687668405546176	0.69914372421498	0.730762655745657	0.72131106509194	0.643616562128687	0.743207596059032	0.71122687305023	0.628233397629337
CD4	0.890164982531366	0.786832923585494	0.889150476114869	0.79383514561594	1	0.926185607023295	0.925406802093839	0.907249126091716	0.902595310750789	0.914952502018075	0.791214192904396	0.846745250448662	0.939073128461348	0.707632900094143	0.877192600944314	0.885332038476449	0.855558529672206	0.85237987348985	0.854034703356081	0.763437997649854	0.651368680390016	0.840257919089663	0.898739396684485	0.854357879596174	0.874466094583829	0.297553524484985	0.657983237189588	0.851283766975908	0.7533717478499	0.657741879511298	0.812715144042547	0.817879432217664	0.905002391870953	0.814641549463236	0.880426641859654	0.729149320959359	0.903835295270808	0.376416091708525	0.878336144905568	0.66460077769731	0.869539297411315	0.897275276163244	0.877101136431847	0.682686832493243	0.174304905940836	0.809886995927842	0.876205940200193	0.748020466665683	0.901482511151733	0.76386025990133	0.743397484936294	0.842294288672088	0.739123867299764	0.724364610455729	0.832816069590117	0.800489458936669	0.397672553828054	0.836772979222236	0.904137859463574	-0.0172560957163884	0.771604802710575	0.785117598820457	0.789743169962799	0.716184832346366	0.899393673587912	0.867676159422115	0.697138057190446	0.903992527840394	0.870881199891681	0.674669562886232
ITGB2	0.941166165871955	0.730638076116947	0.918317996897404	0.776255735467647	0.926185607023295	1	0.907583948116513	0.931076179212304	0.922162223801056	0.900339430260939	0.705082280133652	0.827872320182133	0.951311918337593	0.664605019730496	0.88618038920014	0.867263041895689	0.829787611341443	0.809585260705072	0.843131799155262	0.680730019939784	0.639567716876791	0.841286380648603	0.948760803121516	0.829103546149758	0.850515594414044	0.250349976069903	0.601710451785501	0.834585887348545	0.72710387851341	0.591424723245549	0.782235428235089	0.82741137081441	0.925205702634061	0.825428415345415	0.828129386544266	0.683407502509999	0.890306459963555	0.308245253945943	0.887193658020277	0.589627066853566	0.879590876055855	0.914708648717172	0.918689809383561	0.585255845516879	0.152575376154402	0.732945495616478	0.866417939217813	0.670351718791536	0.899187225583815	0.751568764219512	0.683511410085383	0.809545968015203	0.669042180403926	0.692277510337154	0.783502682993329	0.756039020965827	0.298061067754353	0.890415962951207	0.930324626523412	-0.135117466269528	0.844187615210702	0.8132214202797	0.829472474954674	0.662225206474203	0.922384189981005	0.858310088525443	0.667342939180667	0.906171465578422	0.943586214897723	0.67121277610265
LRP1	0.885243176234836	0.804286847211745	0.901738155274367	0.782656666089922	0.925406802093839	0.907583948116513	1	0.905752984296591	0.901261815542055	0.92954032650208	0.790858753470467	0.874083156996793	0.945276539840064	0.674690740899726	0.892732304343729	0.870162252487166	0.89689282661193	0.843408091508275	0.842522390643484	0.771230353451301	0.699817777196651	0.823541166250636	0.895778678590481	0.850030304507804	0.885822881062687	0.245726483353707	0.664430885563646	0.857638506443945	0.788904046380781	0.663992790975435	0.809080799661732	0.850883951548929	0.922751086487263	0.807536022461007	0.870456873619935	0.731568844021269	0.886433204631307	0.397971986640113	0.871486062088391	0.639308899113943	0.886463215751642	0.928895449091796	0.914267914627027	0.681449964613588	0.0951781845497409	0.837674862364121	0.911748004839198	0.749046525505277	0.925779892868863	0.774450604905538	0.76112682959422	0.868385338949798	0.772745752286528	0.715154639687491	0.842038424155387	0.799443527988913	0.425642545034747	0.821094858879924	0.906230861872814	-0.0285450925764133	0.774056880951603	0.787371649413924	0.852204191480315	0.718428680312266	0.919229263388644	0.867974457708796	0.731680720056937	0.907763250844144	0.885245252178332	0.755353776872334
TMIGD3	0.962678663531741	0.766543034469177	0.88597394266195	0.77316990632122	0.907249126091716	0.931076179212304	0.905752984296591	1	0.899283977364329	0.914705375566849	0.741958085730607	0.808099385369273	0.942950148684972	0.7633950613545	0.82257878480934	0.920227711231956	0.848925502111709	0.792719734822627	0.815109919442146	0.709590749104705	0.598512635779142	0.8190534448792	0.922906968104425	0.91149676613634	0.827438074469266	0.189012665287173	0.571069706441276	0.80252283254893	0.704450630727207	0.64780751273627	0.876994603797642	0.855719983566629	0.887896314539848	0.813787337763924	0.805580243767983	0.732331841798446	0.876391579937607	0.254462967889897	0.857976749552299	0.635252626232043	0.830136119853387	0.877593022587731	0.90018612668082	0.565014205023789	0.142634248147993	0.786704306266287	0.856384711033591	0.680580925856548	0.895430029246441	0.739952318439223	0.706193960360168	0.8151941147247	0.732811515347926	0.746589412324285	0.83765091188019	0.80557690057416	0.313197350843864	0.79652611108499	0.890759292619886	-0.127340118130038	0.739970800496266	0.766772394657597	0.843492536440913	0.719033842353422	0.867270116328253	0.937618939601266	0.68228673935374	0.873124399869741	0.902682326445178	0.664372797578398
LAIR1	0.903638360187617	0.809493605520829	0.894113318351799	0.835715955045043	0.902595310750789	0.922162223801056	0.901261815542055	0.899283977364329	1	0.913303752823131	0.761977728947598	0.859491754915304	0.917748288722611	0.658500422296213	0.862260046967942	0.879151577763787	0.824012194478792	0.79198105581256	0.851890885307837	0.748481289068053	0.659089004667576	0.863890481830998	0.884574160917641	0.850447767320963	0.859822297564422	0.305697393751731	0.635744120578659	0.827876343168028	0.767683771454872	0.663830509949097	0.811514553532701	0.801498349858224	0.8684034625438	0.837448722410871	0.845982343634715	0.730036303475657	0.875611785975336	0.43811574040339	0.874346267951518	0.666430935524042	0.87102763957017	0.870979151659939	0.865741047914641	0.650944186279327	0.203185176676014	0.789879128287877	0.873639552471034	0.706802839324988	0.881037630899653	0.764081851272665	0.700402929302913	0.8467236483082	0.689931035258166	0.732161592578048	0.795589342253584	0.78235357067456	0.436628562791271	0.833392478703813	0.86068742784295	0.00512123224225392	0.76744405261081	0.781474582887791	0.800204317473649	0.712338268434716	0.872968262076034	0.851407940334743	0.689760565736981	0.881247565800628	0.867093289830661	0.658526667890801
PLXDC2	0.928198371909909	0.878329009603292	0.894716464307712	0.84709202892147	0.914952502018075	0.900339430260939	0.92954032650208	0.914705375566849	0.913303752823131	1	0.839450773411698	0.899656611726598	0.936043320227393	0.736561825153976	0.809135811502082	0.937310024775444	0.899015282756836	0.83329497344863	0.86333133858365	0.829372458256755	0.631228161136964	0.858030089364614	0.871509545139335	0.918230007275239	0.898600895127336	0.291182127762389	0.670372523967204	0.832311595156868	0.799647582765312	0.727804843179344	0.859705276439609	0.813744103127155	0.853127899332558	0.834523401933334	0.853425059689576	0.777389691352229	0.888747739110327	0.454003071006527	0.896729759280457	0.732508974717874	0.855680675427004	0.884716744317488	0.874669675042829	0.703311759230024	0.212171845485759	0.879211220096179	0.911617496800638	0.754316011227035	0.918802068766045	0.795590283868046	0.753094096925253	0.868011151273917	0.79561421596565	0.796033207080483	0.868634431139679	0.851416017066271	0.422144666621288	0.767389812339764	0.878432722422178	-0.0120473862368977	0.688474825785581	0.806403796951306	0.86697381628753	0.776890575584915	0.849665931700533	0.867890992159825	0.715276694621887	0.889379351904404	0.861759013768943	0.688512434950365
PTPRC	0.741337807188026	0.878117707610634	0.704652322219988	0.793197091855582	0.791214192904396	0.705082280133652	0.790858753470467	0.741958085730607	0.761977728947598	0.839450773411698	1	0.804117550191468	0.722189552705692	0.72655686082574	0.653159622755151	0.877675387267512	0.741051787025213	0.746290436505384	0.757968282596596	0.894121478206977	0.615957602527573	0.74987405355134	0.603801041536196	0.835084948177747	0.832055011282144	0.366751106706934	0.585784815473316	0.755379157896767	0.735258310057846	0.803419765152039	0.869530529039742	0.711149746438871	0.633051929407775	0.675469854247602	0.774497186131836	0.783994195471983	0.810575665022575	0.578656805145761	0.830344193618111	0.818485156572869	0.715556320087086	0.737763887687818	0.63602779036266	0.759439529734221	0.326405050801335	0.87332560590028	0.805809184483324	0.795553096724216	0.763198692254494	0.751001453123461	0.716102823737011	0.783654357082503	0.823457873799776	0.704629005980162	0.842359452902227	0.83102370523674	0.552213145391576	0.604001619533659	0.660154578432681	0.261805043651669	0.399024364505158	0.730473205967544	0.676743322501819	0.805145097739703	0.65435349812492	0.775997406070799	0.638845829742802	0.704429394011801	0.598261004882529	0.61741785799017
ITGAX	0.837493392801933	0.835887171584838	0.828402721254522	0.804103566575424	0.846745250448662	0.827872320182133	0.874083156996793	0.808099385369273	0.859491754915304	0.899656611726598	0.804117550191468	1	0.85860372899611	0.602745430743463	0.803701364391358	0.837122575116608	0.797842292603506	0.754336551855478	0.803243245764035	0.803354632192505	0.642723194175679	0.826734691076348	0.784503471507932	0.832385595155733	0.851343827936612	0.342166924085055	0.622996172291733	0.769902825494112	0.790879678992158	0.684035759043812	0.776262435886151	0.739161304745605	0.780810788754021	0.742757047372636	0.809189538958867	0.731531037840781	0.827747785642463	0.543315317815062	0.867937456649308	0.643460737968317	0.825082684474395	0.837221052788297	0.803852392910697	0.657609170973957	0.234544791400008	0.814064640277587	0.861996216134932	0.72987597367793	0.838629160126262	0.770651835956795	0.711738533099131	0.813923544446954	0.74281096983916	0.713858877085762	0.776467823455762	0.74695787937936	0.451831978586211	0.756863956846167	0.800434035708878	0.0747951284734995	0.668464897185585	0.756955873247492	0.838550137356059	0.731482734276138	0.803916920670795	0.780112582986093	0.638927091084313	0.814827673712273	0.790166255489324	0.658714832798814
CD81	0.937887485223063	0.765697516276878	0.943860823116628	0.781072180949448	0.939073128461348	0.951311918337593	0.945276539840064	0.942950148684972	0.917748288722611	0.936043320227393	0.722189552705692	0.85860372899611	1	0.683726710318031	0.898817617304362	0.871333762653798	0.886805647341195	0.823565799804722	0.857245697308881	0.718752469268874	0.660690152835235	0.842985023208685	0.954941555826958	0.860370178126465	0.855975597408318	0.2134853852055	0.627473432684598	0.83338454919571	0.752635267558	0.625540055070731	0.788650205341993	0.848945717028308	0.946712461215598	0.836161000410149	0.863480402440673	0.710542473896133	0.879231753437247	0.323203649233637	0.871712261962119	0.599482132534874	0.894472240870367	0.918969079689857	0.945971304654083	0.609547122703642	0.127954861777051	0.798484768345838	0.894246950201653	0.699537607610543	0.92676764940443	0.757607173486877	0.73561660275007	0.854806438502344	0.710738023153991	0.743615171603481	0.824492641102896	0.785998408409474	0.358108837517652	0.856912485471643	0.938920739191007	-0.143525582587997	0.834773442496049	0.797265439973179	0.870654177705582	0.694214140961733	0.937038888406332	0.880428445733689	0.697452092565092	0.931064065866424	0.930270345565574	0.697004408616983
CD33	0.759054130060846	0.688025389454492	0.60239673743006	0.633647199960417	0.707632900094143	0.664605019730496	0.674690740899726	0.7633950613545	0.658500422296213	0.736561825153976	0.72655686082574	0.602745430743463	0.683726710318031	1	0.521536350713391	0.825097786559539	0.673329401259368	0.692499340514034	0.610635156404086	0.68081751451537	0.463769884589063	0.609552000421911	0.638128692386164	0.816267270266351	0.635924611317959	0.0890767778858848	0.490861776233706	0.640818984691963	0.491278948597609	0.617922045906598	0.823977186354667	0.667261896832208	0.592819634177562	0.575435654260756	0.648062559715886	0.718622700565515	0.73384100043395	0.206522654656828	0.679651294138566	0.667709300028409	0.592459464436032	0.623574286402932	0.604626226842096	0.532765925817673	0.218767121688267	0.692349091705827	0.645441424259107	0.612013738060446	0.665200249300887	0.582683189777355	0.596261674068642	0.698301595472095	0.713899448514928	0.655639232240873	0.716939728122768	0.773091639202348	0.360264677666236	0.505273799553805	0.660494345047435	0.0187359232834291	0.386907778522565	0.625582109152247	0.642234348863026	0.656603099002514	0.589121350728051	0.796263162122304	0.558838058595671	0.665565601203739	0.60334291550785	0.447228078415258
ABCA1	0.79795456409126	0.62616211692622	0.884427371667929	0.70016395966651	0.877192600944314	0.88618038920014	0.892732304343729	0.82257878480934	0.862260046967942	0.809135811502082	0.653159622755151	0.803701364391358	0.898817617304362	0.521536350713391	1	0.714546326234714	0.783823153562001	0.792424121589604	0.830228710737645	0.625848442492649	0.711823065623996	0.7919087215423	0.900490635206912	0.690724769835247	0.795303052142037	0.240313013921009	0.567729095150108	0.796241164795151	0.724096719091035	0.542256363357594	0.652667700763073	0.778128026341752	0.920389009134147	0.744733459256021	0.860705400176976	0.599789519130475	0.819706560281104	0.367335268935259	0.81342956701801	0.478750904323705	0.901818058814871	0.893592176325254	0.873047081500954	0.562230772098389	0.0495027590405443	0.68361801265192	0.835734813644523	0.701232448574497	0.834248144090613	0.696943061731709	0.671504728956581	0.760056866338313	0.614161059456314	0.580631248027838	0.719760567456843	0.681436811547402	0.389589637007928	0.904713800509905	0.888963580415952	-0.0720490692545891	0.90209427194823	0.718730782196482	0.772992153497167	0.583338117693445	0.928045614685396	0.772325622142278	0.610446657574932	0.879460148807861	0.865501056596048	0.662710278540985
CD74	0.931436439286413	0.887041543243423	0.818371308894993	0.842578143191069	0.885332038476449	0.867263041895689	0.870162252487166	0.920227711231956	0.879151577763787	0.937310024775444	0.877675387267512	0.837122575116608	0.871333762653798	0.825097786559539	0.714546326234714	1	0.842991344330578	0.821496370352834	0.821495931897579	0.850237199331387	0.613582553007982	0.827268913044004	0.800758486249094	0.956185578566587	0.860345076047777	0.262837042072088	0.611734133358366	0.790696713262035	0.748595767908347	0.769508464372587	0.952267995048731	0.817171535193957	0.770593690940847	0.782963930837192	0.819609095530235	0.821284130755314	0.887282329572461	0.400113630455304	0.889649909982978	0.791639351427439	0.779896625675203	0.82577575578795	0.807591679787512	0.679995401138867	0.284059871529803	0.876515358306912	0.864398456044557	0.765034903499618	0.880546679209428	0.779858563145466	0.725114733604135	0.834562042058969	0.830127163491423	0.79366589754492	0.875545783130606	0.893462395690033	0.405761771894266	0.693811886602372	0.806745517296305	0.0373769542304931	0.548970799519236	0.797150437309269	0.810785201455084	0.804619126529274	0.771894965080139	0.909838181659965	0.688074781338329	0.819242440280976	0.799317113621155	0.6414136361947
TFRC	0.843700255306236	0.724772468706346	0.874167124580078	0.734988681591441	0.855558529672206	0.829787611341443	0.89689282661193	0.848925502111709	0.824012194478792	0.899015282756836	0.741051787025213	0.797842292603506	0.886805647341195	0.673329401259368	0.783823153562001	0.842991344330578	1	0.885769056245137	0.834316457316472	0.766356528382127	0.611874365945799	0.725344650582721	0.844591461876448	0.821279342993628	0.848275851959087	0.204096148407825	0.682432971476231	0.732622149042053	0.730932950100113	0.58610517866431	0.739170958549709	0.759285757753393	0.87170379872753	0.752156657780361	0.859405285655517	0.684623840994186	0.846565747903755	0.351755764206625	0.831795712613523	0.629799542108945	0.840420996906092	0.849463273067867	0.877082159272939	0.658147073741991	0.0804457328328988	0.838315650306897	0.87282995326403	0.735016476823882	0.935727325366454	0.754377469843536	0.690039670007097	0.784830327377224	0.773014342931835	0.65412065544547	0.822854846758211	0.830056249768735	0.340782749347266	0.702440140117483	0.844853744265534	-0.117382233987597	0.665971170765744	0.747848548333201	0.770506167332092	0.676179300946516	0.843305494205037	0.773019483935487	0.656300007376687	0.840273770060355	0.829288181577565	0.709318028571798
PLAUR	0.799760447816983	0.65084297455118	0.78474004400115	0.694828719874464	0.85237987348985	0.809585260705072	0.843408091508275	0.792719734822627	0.79198105581256	0.83329497344863	0.746290436505384	0.754336551855478	0.823565799804722	0.692499340514034	0.792424121589604	0.821496370352834	0.885769056245137	1	0.849361941162709	0.725410077470245	0.628889375620716	0.715909546291709	0.806390641293756	0.769032462974382	0.792375496138374	0.0659420710599822	0.596792649433657	0.734578899916752	0.718845791601343	0.628283243652279	0.735656360868719	0.739145651678286	0.834773139585088	0.623837384200004	0.920161867821288	0.636246810077175	0.822685322938377	0.333586258487245	0.858116804063192	0.567691803042321	0.819752426676812	0.812010288135543	0.80412425070985	0.593892324474925	0.0589346517897392	0.801399555530758	0.823551823593318	0.845050960249768	0.890529572235968	0.711252008920515	0.640415569280917	0.718847198178798	0.80998720808146	0.555833565176396	0.767733568974839	0.869808406271023	0.379548412546347	0.743578456491261	0.832900110689876	-0.0865820445698388	0.661674723059696	0.729752753044116	0.736016392836626	0.632661035539715	0.834052490596916	0.751210533892141	0.578393544653719	0.809204229383509	0.802141464829566	0.613114422175262
PTGER4	0.812702006409046	0.733154546401584	0.869681429196385	0.772826612510154	0.854034703356081	0.843131799155262	0.842522390643484	0.815109919442146	0.851890885307837	0.86333133858365	0.757968282596596	0.803243245764035	0.857245697308881	0.610635156404086	0.830228710737645	0.821495931897579	0.834316457316472	0.849361941162709	1	0.763896385537534	0.634654121524962	0.814872371579524	0.800294445308205	0.791736118042175	0.829239654224167	0.237297850521648	0.609740621110869	0.763467982498625	0.760671030665581	0.677489854917067	0.749789908680701	0.750466705682734	0.820048402084238	0.728895899572066	0.873242291947621	0.696695599699445	0.819463441305088	0.462267320124259	0.881862762409208	0.636398089112901	0.856722983102876	0.843023124999438	0.828647683528429	0.620190072427343	0.130145722572327	0.803907375522707	0.845328959091359	0.816919297671506	0.882709834747683	0.746851146760072	0.665868483930213	0.76928687679586	0.715236864566239	0.63458265203648	0.795534407854253	0.828866361944102	0.397460567786524	0.783503242635783	0.821867336015908	-0.0417673187601323	0.696597859912372	0.790995689364854	0.758011193726015	0.713700120339564	0.8385811725747	0.777988235602927	0.562648550573528	0.843249121531793	0.791520436216189	0.683682406471136
RHBDF2	0.719627931985019	0.864864793468055	0.715737819082992	0.834478829837859	0.763437997649854	0.680730019939784	0.771230353451301	0.709590749104705	0.748481289068053	0.829372458256755	0.894121478206977	0.803354632192505	0.718752469268874	0.68081751451537	0.625848442492649	0.850237199331387	0.766356528382127	0.725410077470245	0.763896385537534	1	0.602997678827467	0.728837873112866	0.594325250253457	0.815639551126163	0.822481564192981	0.396953644621148	0.661188249412104	0.756800835710986	0.769300236221872	0.757610318754056	0.794803113840104	0.64641864021493	0.625625266508055	0.70791524373211	0.760497971763103	0.775763437644234	0.796956020814743	0.621623837258072	0.799591732807974	0.831956125262623	0.71102945310234	0.687515017153361	0.636708192313762	0.771712197097811	0.401943440397378	0.882652439667237	0.812135745235869	0.754545746411526	0.76113111703364	0.74741789639689	0.704169455512966	0.762295900999761	0.771969502332035	0.711217240730732	0.829393488996065	0.789913250268426	0.508788395549975	0.551806869681371	0.652221305896165	0.215069370936593	0.397233838952559	0.745810602342609	0.649864881154745	0.776400413080734	0.657032392160843	0.706286348110381	0.595351624514162	0.699594771278685	0.583535131502715	0.636941957008441
CD47	0.602673267509604	0.55324477002863	0.618731079032211	0.624391094965842	0.651368680390016	0.639567716876791	0.699817777196651	0.598512635779142	0.659089004667576	0.631228161136964	0.615957602527573	0.642723194175679	0.660690152835235	0.463769884589063	0.711823065623996	0.613582553007982	0.611874365945799	0.628889375620716	0.634654121524962	0.602997678827467	1	0.60514583333467	0.618719051157161	0.548824230973476	0.627208864821638	0.213256802472715	0.524246522215282	0.659719343654701	0.597197529940301	0.502852157120563	0.559475231017948	0.727759938021049	0.618044808282828	0.546222538515833	0.687938061227016	0.566497011945075	0.678882355352517	0.348604324298055	0.685653125787628	0.492687885807285	0.692868653360559	0.742568480828092	0.687955196797845	0.56192057074993	0.139776361211063	0.616162225696206	0.627388109920703	0.632576810489999	0.692346748027136	0.596502278749436	0.578421762929869	0.705015884298994	0.52279727115185	0.42785464727683	0.565880504418601	0.595466724618147	0.517286681969974	0.653136603874418	0.614237506076807	0.115427588683384	0.568720332039571	0.626168078283715	0.663756398478064	0.551570873108307	0.724403365965768	0.621981691897866	0.594526745352864	0.643864275179478	0.665647988504029	0.645809946869859
LILRB1	0.831939424998902	0.795423239236408	0.830459693835838	0.783128289777871	0.840257919089663	0.841286380648603	0.823541166250636	0.8190534448792	0.863890481830998	0.858030089364614	0.74987405355134	0.826734691076348	0.842985023208685	0.609552000421911	0.7919087215423	0.827268913044004	0.725344650582721	0.715909546291709	0.814872371579524	0.728837873112866	0.60514583333467	1	0.779918395716333	0.812384547110665	0.792472122766783	0.303233857100661	0.560793114621947	0.782085771825288	0.768458176158315	0.683890464616444	0.783531391355632	0.737401928965514	0.765185207178836	0.757392531773137	0.771406184140524	0.737530036643114	0.780297308325406	0.441767335000872	0.843174291279854	0.650817994568716	0.805509860547926	0.795271897576018	0.782959384072259	0.600012354430202	0.230089448195943	0.751264157596348	0.813338591626728	0.694058844887415	0.800436146979323	0.689138250857811	0.649142310698549	0.78272460778678	0.662732322001903	0.735942051321751	0.758839992790891	0.753451180818518	0.424630590313076	0.763061948551542	0.788359209313485	0.0105212370221348	0.676727061991319	0.768482795740523	0.783789070231267	0.700435506193341	0.77394530427105	0.789528446650704	0.597654772435167	0.805949013551575	0.77443174494293	0.617839028572669
CD68	0.922923083430459	0.637841616145607	0.905637961379741	0.713667006506239	0.898739396684485	0.948760803121516	0.895778678590481	0.922906968104425	0.884574160917641	0.871509545139335	0.603801041536196	0.784503471507932	0.954941555826958	0.638128692386164	0.900490635206912	0.800758486249094	0.844591461876448	0.806390641293756	0.800294445308205	0.594325250253457	0.618719051157161	0.779918395716333	1	0.776944018572499	0.799771355702455	0.158841170030862	0.590271944790241	0.777420412190065	0.689605846468125	0.4887196719348	0.699421862515664	0.805881879339513	0.953936798531292	0.800014523973078	0.820906292226216	0.609623839414443	0.848248977757066	0.201839849629111	0.811928094889857	0.480498729560105	0.880576531538294	0.894015494265945	0.932630651690722	0.513870527099868	0.0372153773546818	0.673942386686309	0.83531118998279	0.616454440888319	0.884258672935455	0.686519452533194	0.675836158554887	0.77301669570516	0.612221955032488	0.649281746661229	0.736305785633578	0.708247824186498	0.237136355839906	0.877709800356815	0.94291443830549	-0.233800254301481	0.90894511885422	0.73929692056714	0.831327258252965	0.572959734426751	0.934316911328507	0.822329435599543	0.635749902701234	0.901240303683094	0.968160101972421	0.635670452517697
AXL	0.91226729061884	0.859432151068666	0.805470279196563	0.789454987271404	0.854357879596174	0.829103546149758	0.850030304507804	0.91149676613634	0.850447767320963	0.918230007275239	0.835084948177747	0.832385595155733	0.860370178126465	0.816267270266351	0.690724769835247	0.956185578566587	0.821279342993628	0.769032462974382	0.791736118042175	0.815639551126163	0.548824230973476	0.812384547110665	0.776944018572499	1	0.817033389430009	0.211416477632279	0.584353354815602	0.750125942294871	0.690670018349112	0.763500876930484	0.930548204419764	0.799657105464363	0.755010633472272	0.754267843577872	0.780730571530885	0.80370584454177	0.844000811215957	0.382678180766895	0.845938235665185	0.738972769860918	0.740010150553556	0.803908753268305	0.793757635142513	0.621547672410927	0.252147904532956	0.854307302431707	0.830088386080125	0.726111663648523	0.852428387423108	0.729127176206319	0.702580020335753	0.816178964293308	0.829739342044461	0.796822302544692	0.855558046225586	0.868992423123289	0.399199095668578	0.639504045259347	0.778262093457003	-0.00503601895432336	0.530160356421061	0.745677215356628	0.822428110541988	0.804563035069173	0.728053000565261	0.909660054091625	0.666531425326963	0.804671097124526	0.761980430298753	0.61984370012226
HAVCR2	0.844357883100586	0.817564872827495	0.836749441971109	0.834576901177307	0.874466094583829	0.850515594414044	0.885822881062687	0.827438074469266	0.859822297564422	0.898600895127336	0.832055011282144	0.851343827936612	0.855975597408318	0.635924611317959	0.795303052142037	0.860345076047777	0.848275851959087	0.792375496138374	0.829239654224167	0.822481564192981	0.627208864821638	0.792472122766783	0.799771355702455	0.817033389430009	1	0.393074251085427	0.729509718739223	0.829262541386339	0.814474501632385	0.64153574951826	0.77083843535498	0.749226319206509	0.806242244359784	0.817419572178592	0.806390069961651	0.669201227629948	0.863271245242534	0.461689429124157	0.865682924089168	0.717478778345011	0.811179641103929	0.86261336188699	0.812586613981194	0.758096008082925	0.213124940061703	0.856895133138279	0.885958956462474	0.735033692466569	0.864154036626397	0.721780460926742	0.751452173461651	0.809804515820885	0.745048356004325	0.718678192865015	0.825703096718448	0.783691548309809	0.402796234145309	0.763260484516796	0.814558633468618	0.00526657337021747	0.64492234236869	0.757324805896768	0.769808546958076	0.692152057231495	0.816491231732422	0.755208425860006	0.682854995649427	0.83931351119446	0.806016512021801	0.728047568012661
ADRB2	0.172180766035842	0.418151766405127	0.285747067478437	0.440974748950528	0.297553524484985	0.250349976069903	0.245726483353707	0.189012665287173	0.305697393751731	0.291182127762389	0.366751106706934	0.342166924085055	0.2134853852055	0.0890767778858848	0.240313013921009	0.262837042072088	0.204096148407825	0.0659420710599822	0.237297850521648	0.396953644621148	0.213256802472715	0.303233857100661	0.158841170030862	0.211416477632279	0.393074251085427	1	0.449024687990963	0.320078447522138	0.336918911699342	0.237564672651366	0.209258226776943	0.0887237324011246	0.179371072881398	0.464892946711379	0.123836254460963	0.311414670043517	0.329188924288812	0.46923935789936	0.225804813519744	0.508029190980624	0.262650465710651	0.250358155926417	0.174350888480909	0.490442692483476	0.416794530362346	0.233978869167755	0.273925834705949	0.102861990307574	0.197152444694625	0.334585646378613	0.286035855467089	0.290133033849332	0.0722712318262008	0.382405694715564	0.29763956842271	0.0792582577506819	0.201384934701794	0.204652704675916	0.1818998172366	0.34249610957233	0.151541136515853	0.361510735263866	0.0852730786344923	0.319967865317354	0.20373417583619	0.164432328260831	0.259152800959563	0.206124489300878	0.148835782167004	0.301878533764109
TLR4	0.583042675474061	0.612452806702137	0.622688447270647	0.695965215755736	0.657983237189588	0.601710451785501	0.664430885563646	0.571069706441276	0.635744120578659	0.670372523967204	0.585784815473316	0.622996172291733	0.627473432684598	0.490861776233706	0.567729095150108	0.611734133358366	0.682432971476231	0.596792649433657	0.609740621110869	0.661188249412104	0.524246522215282	0.560793114621947	0.590271944790241	0.584353354815602	0.729509718739223	0.449024687990963	1	0.645336437245221	0.617827030692392	0.397592748039371	0.477148437654506	0.53193909848665	0.611255997629073	0.668273341451038	0.59198073416163	0.532998200504146	0.6749046711401	0.363583588947077	0.597601152257605	0.597977748247456	0.632546972199869	0.608180794410494	0.620568008520694	0.6895488935962	0.184563309006467	0.622634246643722	0.630084573142765	0.470941328649998	0.657102953096706	0.58400484808418	0.567017325618781	0.613147909562023	0.486029570383008	0.519814997714087	0.641536287298104	0.527706348086315	0.322128288222293	0.517336542103212	0.617567309770008	0.0512534926338233	0.476873952420863	0.638928962925462	0.50967539253384	0.548003577661512	0.643459082309313	0.497942845614394	0.523001109843868	0.61922050082524	0.590517782266152	0.58417273241886
ITGAM	0.779331756065114	0.758489749262052	0.788213943680917	0.768554639928318	0.851283766975908	0.834585887348545	0.857638506443945	0.80252283254893	0.827876343168028	0.832311595156868	0.755379157896767	0.769902825494112	0.83338454919571	0.640818984691963	0.796241164795151	0.790696713262035	0.732622149042053	0.734578899916752	0.763467982498625	0.756800835710986	0.659719343654701	0.782085771825288	0.777420412190065	0.750125942294871	0.829262541386339	0.320078447522138	0.645336437245221	1	0.750160602159404	0.617365111396425	0.726390982659136	0.715764716172796	0.798142981135326	0.77458980968107	0.774921752513727	0.650267100693843	0.822062566724334	0.433158517112126	0.815695761182007	0.643692805087757	0.79804834860494	0.814207347462959	0.767931806323268	0.659504785213504	0.2199002198236	0.764696498340773	0.806986229677976	0.66279586194151	0.795452477394649	0.704031795703643	0.720130959113482	0.776523807742333	0.63129752133535	0.634773785702193	0.750743968648766	0.685352377748613	0.431905672418013	0.762053645546736	0.808237884445024	0.103870624501947	0.68828849113198	0.755610479504315	0.699620139935611	0.661638998686528	0.816832708009903	0.764536979968924	0.662229919289589	0.823694482402254	0.77075843825339	0.674251459058961
IL6R	0.725304705820285	0.774863547928322	0.748536478962163	0.774581258716027	0.7533717478499	0.72710387851341	0.788904046380781	0.704450630727207	0.767683771454872	0.799647582765312	0.735258310057846	0.790879678992158	0.752635267558	0.491278948597609	0.724096719091035	0.748595767908347	0.730932950100113	0.718845791601343	0.760671030665581	0.769300236221872	0.597197529940301	0.768458176158315	0.689605846468125	0.690670018349112	0.814474501632385	0.336918911699342	0.617827030692392	0.750160602159404	1	0.612985747109653	0.679053956233485	0.623507877183384	0.71828312839098	0.696336026620356	0.759980261667471	0.602269631205591	0.724416768683931	0.523998523831332	0.805851500451769	0.606312462354811	0.765991292953895	0.732816251604051	0.700309855053553	0.679867573953077	0.211335665133164	0.782713946342704	0.793698446623948	0.713823824953288	0.74518794515051	0.679269052152828	0.627183118860291	0.692579519564027	0.663418108996114	0.625494027758989	0.723468409084738	0.69412791700804	0.412340457891892	0.673099925641428	0.719663304438723	0.0428457704424251	0.58978213520283	0.717224712562168	0.730775956342976	0.639305973997555	0.727864246263303	0.636914746167714	0.563496048505853	0.739971283452769	0.69766180119953	0.674823076980701
SLC1A5	0.633565050474202	0.775311646131518	0.606216411983391	0.691747342414024	0.657741879511298	0.591424723245549	0.663992790975435	0.64780751273627	0.663830509949097	0.727804843179344	0.803419765152039	0.684035759043812	0.625540055070731	0.617922045906598	0.542256363357594	0.769508464372587	0.58610517866431	0.628283243652279	0.677489854917067	0.757610318754056	0.502852157120563	0.683890464616444	0.4887196719348	0.763500876930484	0.64153574951826	0.237564672651366	0.397592748039371	0.617365111396425	0.612985747109653	1	0.810544465112508	0.625122173475379	0.518477298119366	0.575202497966651	0.674749380561678	0.704773024124288	0.670026831162111	0.562097790421913	0.70561793490565	0.693247144287798	0.601530277688541	0.600573872031226	0.527041195178567	0.546050659150107	0.364684505815599	0.773660208974031	0.68969086924688	0.738802153306488	0.631747144317078	0.659677372187965	0.578326319104081	0.676770825021312	0.72947462603455	0.678272111573889	0.731787858420167	0.748960151993356	0.544733506609729	0.490703389949456	0.531831534292981	0.22492069506433	0.317491080577767	0.594020968349963	0.621540933171479	0.754592132229432	0.524639131427275	0.720848651348345	0.576531397026711	0.606946631097592	0.477354072019563	0.496247939909522
HLA-DPB1	0.863779719323605	0.865201611071664	0.734652975637546	0.768463440897083	0.812715144042547	0.782235428235089	0.809080799661732	0.876994603797642	0.811514553532701	0.859705276439609	0.869530529039742	0.776262435886151	0.788650205341993	0.823977186354667	0.652667700763073	0.952267995048731	0.739170958549709	0.735656360868719	0.749789908680701	0.794803113840104	0.559475231017948	0.783531391355632	0.699421862515664	0.930548204419764	0.77083843535498	0.209258226776943	0.477148437654506	0.726390982659136	0.679053956233485	0.810544465112508	1	0.795012949038272	0.685554931424629	0.69397940446285	0.746223535583961	0.816383927996141	0.813443255758445	0.398506787692978	0.829062695523089	0.753551232559616	0.703504128545228	0.760639850323995	0.715017110507409	0.592322126440051	0.264540607473582	0.834165871276717	0.793168259584056	0.741801431494487	0.784202707198911	0.722078694657252	0.688368843203075	0.786530946631313	0.825779496049287	0.770369420115941	0.838750209950337	0.859430807969413	0.441420257368957	0.613668836903724	0.71344468776321	0.105412342551347	0.448005821007032	0.716915225175475	0.765685791182048	0.805397210869512	0.673877764510918	0.927851252518518	0.641038444339083	0.75374911676522	0.684999801431813	0.598714631300647
