""	CD3D	CD44	CXCR4	CD2	CLEC2D	RPSA	PTGDR	PTGER2	CD3G	ITGA4	CD8A	CD8B	SLC16A7	GPR171	KLRD1	ACTR2	ITGB1	NCL	CD96	PDCD1	CD69	SELL	CRTAM	CD247	DPP4	ERAP1	CD47	SIRPG	LAMP1	LRP10	TRADD	TNFRSF14	CD46	FAS	RACK1	KLRB1	PILRB	TIGIT	STX3	CXCR3	LAG3	PTPRA	VSIR	ADCY7	CD226	TFRC	S1PR4	CCR5	CXCR6	JMJD6	PTPRJ	TNFRSF25	PTPRC	CD74	CD63	STX4	SORL1	TSPAN5	TSPAN14	TNFRSF1B	F2R	CD81	CD6	MCFD2	ATP5F1B	APLP2	PTGER4	CANX	SMAP1	CD4	TNFRSF1A	HLA.DPB1	C1QBP
CD3D	1	0.403852924405365	0.631311873172582	0.914314766639329	0.744873577226645	0.842799694056065	0.437090323854126	0.888447956651545	0.94087713728906	0.600485355148334	0.42541948003501	0.724348374586901	0.661444836553227	0.859797755202784	0.187522778236032	0.343709731548097	0.234775787016664	0.255161847685638	0.916076004639785	0.257995667820973	0.527301652047498	0.65364278165936	0.528221462880803	0.893268731314578	0.736165789125586	0.0692386497617181	0.703574128659521	0.756726541155477	0.241127125378376	0.0697471112607165	0.767693608292174	0.735827257603485	0.603817101582785	0.317890805860068	0.749354382276419	0.627721831351799	-0.293881720955209	0.157920368601463	0.542364275570071	0.77620494297613	0.58381196990978	-0.145746367120307	0.307835971559145	-0.193055376524402	0.709299489520886	0.257507409092751	0.811991723015292	-0.213367564238935	0.0238353942619979	0.526294266370518	-0.271857106205527	0.642005868778151	0.504970906480366	0.00644173344704915	0.210448224128269	0.466545974588117	-0.216224835338987	0.314248811998283	-0.095198230303115	0.388232255776823	-0.512560722636902	-0.0515103047782428	0.444818784908909	0.100361720524063	0.335361225468483	-0.093842452945623	0.464875379207471	-0.118662499342932	0.667725432358759	0.461847187742715	-0.170885458198382	0.092601814126427	0.417095538112793
CD44	0.403852924405365	1	0.483619452175353	0.508279651237808	0.608839852725264	0.460137877507705	0.401745920912444	0.235707625705394	0.46934531846694	0.571526252415229	0.487221682980974	0.392400679481033	0.374423252616647	0.301764255700192	0.300284035421298	0.767664063210396	0.820830951685614	0.745864833657961	0.432419940221498	0.141703707835984	0.367844702265314	0.562907028806766	0.278570099432258	0.333819229788642	0.305250290588295	0.686557859890848	0.674142491457547	0.23924830319028	0.565595801865244	0.534794486318232	0.305368216786106	0.597722579403033	0.500735798917552	0.611206753560776	0.566027906813498	0.107256201050512	0.34791965386631	0.501302353502885	0.465217013751087	0.295565088073062	0.308222976867209	0.583015815530406	0.673857994716123	0.507325989562269	0.392159038639796	0.663071402077839	0.228262663106271	0.245205953841492	0.222003242388741	0.533085989354047	0.573507895132745	0.272746563428191	0.758069664672479	0.646633501244679	0.661913153935046	0.571609556057336	0.412806299959688	0.679954981139817	0.587913950862723	0.702818298932145	0.470697703742441	0.643786657914315	0.349821922723579	0.630435225822121	0.684034650726952	0.573884557461475	0.486560662559378	0.560205684432833	0.61256903901322	0.579737188839317	0.546938703794459	0.679465437634127	0.654288190669506
CXCR4	0.631311873172582	0.483619452175353	1	0.688090340371096	0.724005606377597	0.695030892148549	0.532608350245704	0.779744003974169	0.697618204092148	0.54737957258872	0.0178113050196496	0.245069777861906	0.671109671191415	0.753271961671514	0.235117428136859	0.524319080219381	0.497367617503191	0.49760430510759	0.665401496723313	0.255873364458869	0.897295305196826	0.534805463519192	0.221405039356103	0.558689787655281	0.725079179705798	0.362185754904773	0.590038312593479	0.5087890146086	0.329742430358971	0.433546730413921	0.862112483761549	0.548826737574719	0.493908533616793	0.297444012146769	0.720513585428794	0.748627959955644	-0.272581054424923	-0.1257594602194	0.775915641936358	0.416908793243364	0.173982074034612	0.207185212856039	0.500269802492673	0.136362641934935	0.69827484140356	0.448089363484192	0.535614719469339	-0.314583939492547	-0.225135301431137	0.73017672509982	-0.0125841393619782	0.618230189007721	0.553493253829028	0.32981858359557	0.359280934501148	0.501476587014575	0.0524096460417242	0.299361734102633	0.424717963105845	0.574722948312321	-0.328527140431916	0.255994046992615	0.614960681052115	0.335982709946772	0.466920639519679	0.225504812078875	0.876858354373983	0.14489927111125	0.577479978384097	0.856998154021776	0.287841029773234	0.339352583604925	0.519327074370764
CD2	0.914314766639329	0.508279651237808	0.688090340371096	1	0.793379876733374	0.681033185282789	0.662783353612877	0.797753905503355	0.948632390539684	0.711436140839575	0.489451732220331	0.715253552457598	0.792648297312177	0.837623894598775	0.369942971625332	0.295638101479854	0.266458657940063	0.235842018272658	0.938098439968666	0.402640286440176	0.493626269137069	0.614520920815857	0.439834521707818	0.884251574439272	0.69428966781487	0.21919510798636	0.662804929859302	0.645128733505404	0.130575304442571	0.170964738907068	0.776350873590025	0.688780739644312	0.465128292525168	0.399167887913076	0.626550703635092	0.673994803866041	-0.227787309916835	0.2034511956331	0.622735648293752	0.647070728669467	0.63507029815896	-0.129038641673137	0.257043193186698	-0.129546960356834	0.66947891423826	0.189737706501657	0.674320075884965	0.0285031882341671	0.0610296417926351	0.470328631691598	-0.255120065113179	0.607915988282109	0.591991607037678	-0.0076536085190595	0.148462432218553	0.331733708251492	-0.306605028439548	0.20803455183979	0.0250144950373906	0.350313710711265	-0.398822838108665	-0.0621404176970302	0.658304663738285	0.0600380950223423	0.267111879578662	-0.137716852958058	0.49107860702057	-0.164508188357123	0.508786581817539	0.464971953248448	-0.145231582415802	0.0790149962404314	0.304303362253459
CLEC2D	0.744873577226645	0.608839852725264	0.724005606377597	0.793379876733374	1	0.592741703283879	0.586083655887722	0.685365136890136	0.815557178130284	0.775027642392817	0.345101339208528	0.352559227184629	0.734227469998849	0.652979785291776	0.365363549350631	0.492047544291975	0.407157348460412	0.468445665668788	0.679682301083673	-0.0441245940980515	0.661127018907445	0.484578204319039	0.160310820295716	0.545734001170357	0.83107078271997	0.472323004032744	0.616111428086629	0.315764724739237	0.113775748609327	0.124365715510549	0.635674974942148	0.78110526667935	0.651098297992838	0.501455929490541	0.579903556150329	0.664933355700844	-0.199752661683542	-0.0378230567523067	0.784159005049325	0.390654798388101	0.28584874146951	0.156842223276832	0.255322716595642	0.227847155068394	0.794617961394951	0.397636492904201	0.454249565999995	-0.194048146291777	-0.228425764508603	0.53727844943145	-0.0578469300167024	0.816622619336778	0.793664129922716	0.185424812416579	0.264324198494737	0.394850152622762	-0.0245113178690708	0.377170764620599	0.325250812695224	0.58152899453233	-0.273947533091683	0.0972589091291826	0.53787415403561	0.288009011518528	0.341000569405258	0.10670545903694	0.742630643824476	0.116003716752252	0.515182518861798	0.705523471037846	0.133622157588272	0.262831202108972	0.440304528272543
RPSA	0.842799694056065	0.460137877507705	0.695030892148549	0.681033185282789	0.592741703283879	1	0.164117035973927	0.823738931347899	0.737592067903715	0.434585669822957	0.11901563446244	0.508874337258513	0.503872106382925	0.73599082404116	-0.00249108384220486	0.64296506129703	0.550100138525781	0.593677681240556	0.737786852105912	0.169013435735288	0.68238903716805	0.787449662357056	0.567554333905801	0.757062771454111	0.649782030822021	0.198919537623482	0.844677768145457	0.730133018575278	0.640239058568841	0.40030169748074	0.711937812619103	0.640509571377625	0.77059268740593	0.294878132706056	0.961639798612572	0.509181781435169	-0.104686910825786	0.0580812472239995	0.511163228225314	0.651080110455403	0.351254346693135	0.254442795018893	0.650396067376219	0.0365926871303483	0.708848896416904	0.605000271022199	0.790498846654087	-0.447229854912409	-0.0844585187692061	0.81774456836718	0.0989200945878862	0.533154218769225	0.490834010861091	0.399836085426401	0.601110700785523	0.821328941895101	0.217435474729544	0.549168511433431	0.193396839078298	0.597620214043928	-0.363175452739278	0.365345582091178	0.187039611961973	0.504016865495476	0.695980591624375	0.350512659369157	0.585926921883752	0.300840489111207	0.896903473423666	0.654407006892273	0.196486635289062	0.427587970766074	0.773962934486704
PTGDR	0.437090323854126	0.401745920912444	0.532608350245704	0.662783353612877	0.586083655887722	0.164117035973927	1	0.358607515430167	0.598661547623567	0.618563311213298	0.483353790364686	0.440833633146436	0.454922516165148	0.4030497048626	0.742505938265979	0.0766432078171212	0.16400876513472	0.061990950437875	0.602027367537108	0.465153466694651	0.371316594444512	0.134339142784671	0.226526373823801	0.473898640481493	0.385952067964971	0.250419039498513	0.249365568847614	0.12914308382051	-0.138288603792222	-0.00279832217718254	0.474701227256144	0.266123820797584	0.0312189227422572	0.433930888059314	0.127461287436179	0.397822175482116	-0.14562687456526	0.19901916638122	0.568440847559806	0.1891280398012	0.243408958520394	-0.138109700097424	-0.0121903896263495	0.0587133937095367	0.322278795697551	0.00194275156876334	0.23478754872016	0.332009227151758	0.221614272690915	0.167030514035613	-0.192170499339303	0.35013949565354	0.573815610231932	-0.0877569652385875	-0.119079640894461	-0.120530584671177	-0.326348562516609	0.0166423318491163	0.249375811945978	0.116183533567731	-0.0860637357080058	-0.168633035353898	0.606062436156349	-0.12108497002977	-0.0943641215812721	-0.236955302106546	0.334722129063246	-0.24743509077999	0.0261093600558385	0.345023566152108	-0.114394161816825	-0.00674434682940593	-0.0577792398119536
PTGER2	0.888447956651545	0.235707625705394	0.779744003974169	0.797753905503355	0.685365136890136	0.823738931347899	0.358607515430167	1	0.840337218297693	0.497776650832828	0.11161274035777	0.507432761386384	0.683518064419153	0.922225213329477	0.0734996699905616	0.292264800791741	0.185821739734937	0.223132143577648	0.811906610255063	0.195868798322058	0.729549881403585	0.575247188258245	0.352891696493785	0.773422413659332	0.825587641581063	0.00650472604839458	0.593308347904917	0.733693055177236	0.184073564228691	0.105949112138418	0.852005466729758	0.620224899853319	0.527952544052188	0.184352666819398	0.733015311750562	0.75356766153649	-0.470363658798651	-0.0807525058396041	0.600416633779255	0.684952856707465	0.350897396916023	-0.165356707822889	0.263158357948993	-0.232624923968961	0.754298681177012	0.232988836532654	0.745478009427852	-0.406452414108247	-0.191484737581744	0.564844301533387	-0.355087300885794	0.717933477448822	0.373934238613027	-0.0110065876893016	0.159415322810283	0.442734428830542	-0.19969223465334	0.219529619946724	-0.08485778384439	0.33799954768017	-0.691530347165225	-0.0768926119184113	0.415817599092135	0.0675507963131177	0.299221949668907	-0.0839126841052574	0.637221833627257	-0.134354015733619	0.632068840105032	0.598070966833504	-0.122174829608935	0.0267959645801276	0.395807859485039
CD3G	0.94087713728906	0.46934531846694	0.697618204092148	0.948632390539684	0.815557178130284	0.737592067903715	0.598661547623567	0.840337218297693	1	0.689227617725776	0.397919846986218	0.621212849455255	0.709242046063241	0.811883107449745	0.282109707248428	0.28626752910296	0.269158355849427	0.230131666768322	0.925595467100086	0.290551485648953	0.54215148948518	0.640056440540915	0.38701345440485	0.857583825909195	0.770856115576865	0.133722632231992	0.712821190265931	0.625046970083789	0.168182490537312	0.0881306360568823	0.812517110650577	0.689516579015307	0.556105856686912	0.440726425036128	0.683244694034233	0.714427292917708	-0.291309970362541	0.157743361480561	0.563205645037014	0.669258897810307	0.610696707449038	-0.145630851848213	0.221840849753531	-0.102106887797663	0.720578057739668	0.214669776326923	0.748482851671427	-0.133422957485234	0.0728858425179091	0.465675171258265	-0.288704339899637	0.688065370433659	0.588155794077029	-0.0416654846955839	0.129201819556446	0.357728080758742	-0.271401239354867	0.195292065883952	-0.000193858606869003	0.347893615934192	-0.456224259403522	-0.0883595468842802	0.575208961024987	0.0761079534970303	0.241451078200525	-0.142127863728709	0.500751495571131	-0.160786569057901	0.556385128123272	0.464324110392111	-0.145968628869959	0.0467089076466709	0.333238413824838
ITGA4	0.600485355148334	0.571526252415229	0.54737957258872	0.711436140839575	0.775027642392817	0.434585669822957	0.618563311213298	0.497776650832828	0.689227617725776	1	0.445187289973745	0.432458583125754	0.674158659820466	0.47177819665613	0.549463865177545	0.341404850127496	0.392010971354725	0.329658887477205	0.682263966914248	0.061659151240684	0.558451021644355	0.409319388031352	0.406518565330085	0.515834363236831	0.509793143689339	0.304210732198567	0.500609961385258	0.160448739653258	0.114528227587752	0.292110982818813	0.413939058862043	0.5131882701865	0.527651711452731	0.614336860440776	0.370246141098012	0.322789791663148	0.045703837388844	0.164140935209995	0.57401811868184	0.211575833461065	0.279041654086367	0.0901176638842028	0.19275392438322	0.132101769198197	0.472964925245612	0.233051894637015	0.261348426194301	0.118404519053081	-0.0988135028919155	0.342022140548044	-0.037452326289515	0.403661373861099	0.801069821155237	0.115655936583817	0.146023780728956	0.216959954422274	-0.0922616880590867	0.203470080096879	0.310853745408709	0.319925633926537	-0.121844065861791	0.0137086927882801	0.458177291901602	0.114243030201059	0.185164803971672	-0.0204007263757202	0.511727556228254	-0.00694397471329555	0.274990099105587	0.527343796518176	-0.06058239442913	0.225056043495773	0.242584229298311
CD8A	0.42541948003501	0.487221682980974	0.0178113050196496	0.489451732220331	0.345101339208528	0.11901563446244	0.483353790364686	0.11161274035777	0.397919846986218	0.445187289973745	1	0.800868377865257	0.160665876225097	0.238239838055587	0.53805454716308	0.17622416785874	0.107824472842581	0.0294705193205086	0.482640179982424	0.185725771931597	-0.106706521486136	0.019345257729764	0.326783672536415	0.378610712595161	0.0121641547004537	0.190707581374955	0.151006205075138	0.312736481759568	-0.058863900824911	-0.195929096219373	0.103505851630146	0.459637734286881	0.0727683052663244	0.301997451414771	0.0690414503060677	-0.106656950915686	0.169106095068035	0.67720801238797	0.234473253441006	0.356854057478769	0.407026136005017	-0.131765257846695	0.108520202784866	0.0702979007956166	0.010857929478279	0.0919686602748029	0.320985370942402	0.620270028488495	0.496662825939952	-0.0610189029245897	-0.0126805477676113	0.0569711433511239	0.451491124701141	0.0361724815366755	-0.0293161567721551	-0.0389379733711158	-0.159293163883357	0.376108496959069	-0.0322240579429828	0.230298078667863	0.202286520049755	-0.0498709946181268	0.304298206202703	-0.0964870556742564	0.0210705987826597	-0.168480995160918	-0.121257841774059	-0.119532452325038	0.153077306072018	-0.00527431616192389	-0.0681046565112898	0.192895563379324	-0.0250976421889774
CD8B	0.724348374586901	0.392400679481033	0.245069777861906	0.715253552457598	0.352559227184629	0.508874337258513	0.440833633146436	0.507432761386384	0.621212849455255	0.432458583125754	0.800868377865257	1	0.371510412581289	0.613933915318052	0.397164175534266	0.200905881482813	0.135984381842033	0.0630167572256402	0.779634420381545	0.426349379835639	0.117382527227509	0.350703677337361	0.61577944331716	0.761113709573112	0.204892223883468	0.00951042023639523	0.407083899443767	0.71585631247555	0.151555216585614	-0.0169853070669727	0.403685492617546	0.479921336900643	0.21524341872047	0.244234427718558	0.404009936820465	0.110574331097123	-0.00522298211866425	0.623965548339925	0.276882191059415	0.647593700788443	0.526795213018701	-0.222483888565686	0.247547472353525	-0.213304188372019	0.220137059957489	0.126966047128157	0.631294641189535	0.378982482922607	0.382956544399981	0.201914235530392	-0.162748240461529	0.144261294040643	0.349337466207617	-0.012725907085718	0.089889303808575	0.214396703754463	-0.234505678741748	0.366345164855511	-0.182794832479665	0.190772063472265	-0.162484078632214	-0.0607460184288608	0.298237006687924	-0.0684292603745951	0.184518775757385	-0.17614499908743	0.0186592984172775	-0.171860603487179	0.420850729737268	0.110372548497946	-0.205122005007065	0.106467687345412	0.162939726268712
SLC16A7	0.661444836553227	0.374423252616647	0.671109671191415	0.792648297312177	0.734227469998849	0.503872106382925	0.454922516165148	0.683518064419153	0.709242046063241	0.674158659820466	0.160665876225097	0.371510412581289	1	0.734469647977715	0.239630574393948	0.309144781260304	0.233297311285341	0.281854449970853	0.683475938174321	0.126021088866798	0.543717692875845	0.568766302458941	0.239895646187986	0.653916056768064	0.685433754604101	0.296635562764304	0.522746923843633	0.412289666152773	0.044164186273479	0.310650189050771	0.603499460553701	0.603658742707472	0.511282225375858	0.239716769288505	0.46239173951111	0.664999978969013	-0.222038831966673	-0.148470034892016	0.690690705484936	0.385908800105299	0.339235754728442	0.000554378854545299	0.18250205334826	-0.015096176872727	0.66117522507276	0.169256885604734	0.369960855248226	-0.109148338409948	-0.311791128075577	0.461896001196497	-0.178605070750883	0.597327094326799	0.553323230724065	0.0416990210516704	0.159031632517243	0.295064094228587	-0.172229302898385	0.0940591460248145	0.146886267582169	0.355372225205335	-0.424304044907092	-0.0128973576742731	0.544717261398641	0.103326397982773	0.262302443567534	-0.0378147175085787	0.629790729860162	-0.0496538464278528	0.354070400687814	0.573606560664788	-0.0415490681541846	0.075511269576341	0.274197653624371
GPR171	0.859797755202784	0.301764255700192	0.753271961671514	0.837623894598775	0.652979785291776	0.73599082404116	0.4030497048626	0.922225213329477	0.811883107449745	0.47177819665613	0.238239838055587	0.613933915318052	0.734469647977715	1	0.105616412751871	0.27728051209303	0.167691346284099	0.206067364663428	0.846590762579553	0.294597896693716	0.609203169894184	0.555462470466963	0.349990353389183	0.769325640388889	0.751969568262709	0.103249791472526	0.530766597666129	0.803835905420011	0.127821068974804	0.164272321641663	0.864044345943469	0.671887958724958	0.405112198936893	0.123076062237449	0.668369709029365	0.728465174873358	-0.368053592624248	0.0675524634164537	0.631739436227519	0.690640591093708	0.428358297149157	-0.152673943970576	0.281587790837782	-0.249602045541392	0.69014687666004	0.209127004261751	0.708902143832033	-0.211641848015518	-0.20867549398178	0.502205456543115	-0.337818082386258	0.614189209193553	0.341972571091806	-0.0113611481727417	0.163881954341735	0.390514562545878	-0.251612314453888	0.245603687327495	-0.0705899691367284	0.355440232440607	-0.587784153296815	-0.0432231365033239	0.56222577797537	0.0339369467874055	0.312274030307748	-0.0863953552700558	0.584359599169233	-0.139313922256833	0.569858960049599	0.546995187206651	-0.0936372625523003	0.0212888866230279	0.353452630498513
KLRD1	0.187522778236032	0.300284035421298	0.235117428136859	0.369942971625332	0.365363549350631	-0.00249108384220486	0.742505938265979	0.0734996699905616	0.282109707248428	0.549463865177545	0.53805454716308	0.397164175534266	0.239630574393948	0.105616412751871	1	0.0765354005003475	0.210518222724646	0.0843885657087685	0.371169103982219	0.139525759778961	0.24303227609936	-0.127374645226047	0.185027056530978	0.260921159459849	0.0290920570502265	0.340751191241337	0.0795196490391281	-0.0235080288733257	-0.0978841648578796	-0.0748590867806586	0.0934081377232736	0.0826493512079627	0.0492659863228735	0.548260456536937	-0.0361396441631578	0.0336388670204123	0.101574728328295	0.183248036610138	0.39986962647066	-0.153397274765575	-0.083544288638809	0.0200204345929581	-0.0561946069472508	0.313494981670888	0.188087333749348	0.0859662703126827	0.102475285948893	0.461833090452182	0.182609417405355	0.12008700136631	0.0157679626854402	0.133123999687097	0.587174310835375	0.0393882024966064	-0.05888233417637	-0.106669457909846	-0.0618355076881585	0.0809991823109449	0.363033319553668	0.13352812908696	0.0268106790190712	-0.0634141817322293	0.294193744045938	-0.030529490080992	-0.116415605940436	-0.110744168894917	0.147912350821052	-0.0722768505312336	-0.0403713576000906	0.204305115998273	0.0247775673239658	0.14413476960034	-0.0639363094965946
ACTR2	0.343709731548097	0.767664063210396	0.524319080219381	0.295638101479854	0.492047544291975	0.64296506129703	0.0766432078171212	0.292264800791741	0.28626752910296	0.341404850127496	0.17622416785874	0.200905881482813	0.309144781260304	0.27728051209303	0.0765354005003475	1	0.883492424746822	0.954123831942704	0.264337666179113	-0.0767789554878599	0.536130821202089	0.567036267355465	0.32023345666726	0.240955410318359	0.344726367610154	0.692673981775525	0.687224432301912	0.261903788959745	0.750531684875547	0.623260809576751	0.277315202855367	0.598987789032143	0.724421586276184	0.319024185945887	0.723299293148341	0.114577128667954	0.363724887194396	0.129473340092433	0.586618532331919	0.206511762749501	-0.00203724492104101	0.801364069939297	0.87201732286519	0.646210572475986	0.469124361470458	0.927196847921322	0.31460104786893	-0.167846628755222	-0.0723191881358135	0.821038675203518	0.723375691879395	0.310281787050768	0.700911320845017	0.89716969937251	0.896048482850616	0.845438070710138	0.748819711442378	0.881259190985676	0.72598980189742	0.917486133327095	0.306889940355344	0.850852746904441	0.0298332254196134	0.878835703253493	0.917554092481205	0.832818638470345	0.592098413582726	0.824890502246595	0.784691835879936	0.776577150678858	0.760429630004076	0.902809899615308	0.901361991161952
ITGB1	0.234775787016664	0.820830951685614	0.497367617503191	0.266458657940063	0.407157348460412	0.550100138525781	0.16400876513472	0.185821739734937	0.269158355849427	0.392010971354725	0.107824472842581	0.135984381842033	0.233297311285341	0.167691346284099	0.210518222724646	0.883492424746822	1	0.926601590223354	0.250116809068151	0.0108220362162657	0.495118264943092	0.611482264165685	0.251552959058945	0.205165878658454	0.231427071204741	0.732575731084248	0.730795808977876	0.146724845714747	0.815038827368748	0.730978812153526	0.250205222453412	0.411979225412427	0.638015992014074	0.575866425706804	0.683034885349586	0.0652677077621095	0.470933655086515	0.222195348494685	0.421080040071779	0.0593762152639552	0.0441613742097901	0.829778477361911	0.835872240217543	0.692405454484427	0.43996285606585	0.863281605007497	0.211667309390947	-0.0223434279967837	0.0565542746856506	0.762720817457328	0.790374842509861	0.202943735805036	0.710586195416678	0.888555957558516	0.892465959262033	0.792869157668284	0.754642373821684	0.713137603352061	0.798143448965241	0.767895166338815	0.400433740881754	0.889476065512633	0.0740213247970264	0.879625972361215	0.859210905400752	0.847356771835986	0.523620389822994	0.817625763591433	0.715460903829355	0.683435798824748	0.776061350782433	0.869994486215226	0.859858415056444
NCL	0.255161847685638	0.745864833657961	0.49760430510759	0.235842018272658	0.468445665668788	0.593677681240556	0.061990950437875	0.223132143577648	0.230131666768322	0.329658887477205	0.0294705193205086	0.0630167572256402	0.281854449970853	0.206067364663428	0.0843885657087685	0.954123831942704	0.926601590223354	1	0.192320727486087	-0.129294735391198	0.5245986460276	0.586843427773971	0.228626324751145	0.148547970014784	0.345606822024521	0.782644737123645	0.703580585544411	0.127665094978827	0.769687234432294	0.698964786073356	0.24633206533169	0.522429123384264	0.717333181276906	0.384832468536904	0.701703680302889	0.13383015128669	0.418947062811483	0.0339132490361064	0.547780139351244	0.0434374662365387	-0.0468539457680376	0.898383880500271	0.822697238241998	0.684638071434104	0.520850707970167	0.937461745951971	0.202228813648475	-0.23050387502094	-0.183737317550037	0.835080925010672	0.768491099211447	0.307685112004248	0.693409712563205	0.908327096192524	0.947684607370849	0.855752544318284	0.785522651383035	0.803787712222808	0.808166618793664	0.857712838918381	0.318189372114433	0.897650936773215	0.000537006327131582	0.946464495344704	0.928527584560063	0.907079438710942	0.588568692858204	0.892930357245116	0.747325678863173	0.755977904617353	0.798021945843118	0.878649853893259	0.932998232638162
CD96	0.916076004639785	0.432419940221498	0.665401496723313	0.938098439968666	0.679682301083673	0.737786852105912	0.602027367537108	0.811906610255063	0.925595467100086	0.682263966914248	0.482640179982424	0.779634420381545	0.683475938174321	0.846590762579553	0.371169103982219	0.264337666179113	0.250116809068151	0.192320727486087	1	0.414140258044403	0.510079387801301	0.596465157374726	0.55578875814415	0.912581092842894	0.612726754746302	0.0726629668405328	0.655494638031297	0.735317136391434	0.20238848017584	0.171978585622192	0.783653375990157	0.59048235434334	0.457216408699086	0.39641939375556	0.65636637717893	0.576573101840696	-0.194583882905254	0.305827240088712	0.531681286786761	0.655560820759331	0.580918741646811	-0.155490957996707	0.273812723649659	-0.181773410769627	0.569803932865028	0.213812312624535	0.779325038397371	0.0182019739843734	0.0847322800015879	0.449747339646323	-0.295182848195182	0.478197212777427	0.520556289598629	-0.0370297490074756	0.132967871044641	0.361922313589849	-0.300519776526429	0.22523201552957	-0.00103589603854844	0.291057017419821	-0.429185065868466	-0.0784743655638766	0.565938442700304	0.0401133499111936	0.251023916629635	-0.156595773443605	0.415341260957964	-0.179003696660343	0.524571045283331	0.417594956327246	-0.179602180325341	0.0626606398845073	0.305517419989643
PDCD1	0.257995667820973	0.141703707835984	0.255873364458869	0.402640286440176	-0.0441245940980515	0.169013435735288	0.465153466694651	0.195868798322058	0.290551485648953	0.061659151240684	0.185725771931597	0.426349379835639	0.126021088866798	0.294597896693716	0.139525759778961	-0.0767789554878599	0.0108220362162657	-0.129294735391198	0.414140258044403	1	0.0232489216117625	0.192756463658903	0.520786431903339	0.508667414234996	-0.0974469264537946	-0.190180427065367	0.16725877690992	0.349818666060724	0.126066059171804	0.261397498399602	0.339253889390778	-0.128484445625643	-0.294883863198163	0.0189140286450517	0.144160843356376	0.0938106157646778	-0.0387967233805612	0.380174897483266	0.033613546120993	0.404029325065293	0.530085506812992	-0.235948032813297	0.215849087860014	-0.411089311361466	-0.146523193748064	-0.196770480538695	0.227473326908886	0.381932589993951	0.411499418397678	0.107146907233901	-0.112443404088162	-0.242369354875407	-0.089699437185824	-0.132677599980743	-0.0539331979132294	-0.0505318975545279	-0.361704440440886	-0.121052472177201	-0.107247110549187	-0.179212830396285	0.041978337548067	-0.0924657309032046	0.458939727806155	-0.197724366270641	0.0124464642325437	-0.208836911499743	-0.0508497776584623	-0.294419900075501	0.00753340752416472	-0.0566609555810119	-0.276899720378589	-0.129020998384202	-0.0930058545607462
CD69	0.527301652047498	0.367844702265314	0.897295305196826	0.493626269137069	0.661127018907445	0.68238903716805	0.371316594444512	0.729549881403585	0.54215148948518	0.558451021644355	-0.106706521486136	0.117382527227509	0.543717692875845	0.609203169894184	0.24303227609936	0.536130821202089	0.495118264943092	0.5245986460276	0.510079387801301	0.0232489216117625	1	0.420790192036542	0.263119792301388	0.418015144851886	0.669566803861362	0.274682101334373	0.509842984706779	0.355027084768413	0.376931865050067	0.391929285304343	0.655763722028643	0.409181813643107	0.582934567938372	0.349401035474634	0.656872672765559	0.560991748989918	-0.243396801013087	-0.251984726170677	0.718169967885994	0.25118466879313	-0.109303708630405	0.264627859316763	0.462549532240525	0.196960053699406	0.661141772645562	0.481164723365132	0.41074543484265	-0.458376118217478	-0.358726447469194	0.732121489807323	0.0447207335796105	0.571144586408778	0.560666437392057	0.353618936505581	0.378292332044643	0.531343464193344	0.200408553826836	0.338578545095584	0.450785948365282	0.534461793894517	-0.369827099299365	0.25765446043643	0.321278248449011	0.363573375943993	0.440438380769527	0.289165019255197	0.901640167113064	0.229020605978949	0.550933927848932	0.900412791551626	0.282592167730142	0.356676840290817	0.543927184255715
SELL	0.65364278165936	0.562907028806766	0.534805463519192	0.614520920815857	0.484578204319039	0.787449662357056	0.134339142784671	0.575247188258245	0.640056440540915	0.409319388031352	0.019345257729764	0.350703677337361	0.568766302458941	0.555462470466963	-0.127374645226047	0.567036267355465	0.611482264165685	0.586843427773971	0.596465157374726	0.192756463658903	0.420790192036542	1	0.434441071049933	0.6551667644621	0.540509065223512	0.286288909057034	0.886367484532366	0.521999935985536	0.667389717015657	0.591681956543161	0.536199692099717	0.551372830104719	0.693543887016533	0.391227049017172	0.821918094672025	0.415590797949499	0.0914833275122047	0.0985245747170609	0.322103977757853	0.545884975905103	0.509323022010324	0.323408261726121	0.622047136482878	0.0904870460391517	0.598191361740217	0.484435231269982	0.503661466880962	-0.286339912830127	0.0294227721303988	0.659481847890502	0.251829681127871	0.387946485199846	0.456447264478485	0.409472893518804	0.625674212185592	0.739343343528896	0.241347597730869	0.368754751717552	0.217109985217706	0.459778866620936	-0.108477193750082	0.449954567828391	0.186407212096641	0.520667180967757	0.681710671417525	0.404077911419087	0.461653440694928	0.34664963030193	0.753930118546207	0.510267377768157	0.222466394077432	0.382571662721627	0.708496224611095
CRTAM	0.528221462880803	0.278570099432258	0.221405039356103	0.439834521707818	0.160310820295716	0.567554333905801	0.226526373823801	0.352891696493785	0.38701345440485	0.406518565330085	0.326783672536415	0.61577944331716	0.239895646187986	0.349990353389183	0.185027056530978	0.32023345666726	0.251552959058945	0.228626324751145	0.55578875814415	0.520786431903339	0.263119792301388	0.434441071049933	1	0.648584597794576	0.0313965188332764	-0.165336059374773	0.432881150458888	0.449178920950925	0.465136148393142	0.374242885512737	0.187121686917961	0.133531153797955	0.325931921512552	0.178277335266252	0.425567761900549	-0.138474812093339	0.148921150650549	0.370223473436907	0.173086332315907	0.480314471133457	0.329913177165114	0.029018252503085	0.452864013587891	-0.240065486957707	0.0372522675938836	0.176670930415962	0.384030637130057	0.0971005320124187	0.174508871914097	0.395034416172822	0.0984204450705147	-0.190377390125627	0.271857656949262	0.12654491152437	0.28612811785549	0.360267502245641	-0.00493171816995107	0.299048831014874	0.0251892356487759	0.135255809651835	-0.00683242282081737	0.105908079776282	0.0539388087612454	0.0923185299272681	0.321187726639165	0.0535657167496286	0.104816741145126	0.0227224234350302	0.353965301361482	0.212135020844168	-0.232990938220581	0.184964049973443	0.300995693416429
CD247	0.893268731314578	0.333819229788642	0.558689787655281	0.884251574439272	0.545734001170357	0.757062771454111	0.473898640481493	0.773422413659332	0.857583825909195	0.515834363236831	0.378610712595161	0.761113709573112	0.653916056768064	0.769325640388889	0.260921159459849	0.240955410318359	0.205165878658454	0.148547970014784	0.912581092842894	0.508667414234996	0.418015144851886	0.6551667644621	0.648584597794576	1	0.495019054462257	-0.0497204980104575	0.674946345882711	0.774574762668455	0.276014659878734	0.158850782500844	0.673817424114732	0.474763918384495	0.449324388889478	0.311208416018538	0.663639611126682	0.501371548164015	-0.241250335418141	0.24187971325995	0.398979030412621	0.743987491075971	0.605179170440081	-0.206674959771681	0.305727578259389	-0.253172756664792	0.507191279892546	0.145287169755698	0.790410269469933	-0.0226257228735678	0.203626836852175	0.4753657165375	-0.249385363274443	0.405358980488004	0.38706094792215	-0.0542128702053765	0.14999711436568	0.3995876790711	-0.275538885038528	0.176032048659547	-0.124269055405263	0.229743903229987	-0.441653661141259	-0.0836690155444724	0.41982151903776	0.035056824902641	0.265112584737488	-0.160781615547092	0.328217227812396	-0.19122833047756	0.542964951275545	0.320982242056805	-0.243458926339675	0.0226360331090153	0.303870102862971
DPP4	0.736165789125586	0.305250290588295	0.725079179705798	0.69428966781487	0.83107078271997	0.649782030822021	0.385952067964971	0.825587641581063	0.770856115576865	0.509793143689339	0.0121641547004537	0.204892223883468	0.685433754604101	0.751969568262709	0.0290920570502265	0.344726367610154	0.231427071204741	0.345606822024521	0.612726754746302	-0.0974469264537946	0.669566803861362	0.540509065223512	0.0313965188332764	0.495019054462257	1	0.255426781340808	0.560701551718249	0.387368829890038	0.0765243998455116	0.0677403823934233	0.734572925365245	0.715002025668557	0.60061909570679	0.254852169425823	0.616171145671762	0.82264768236636	-0.388339224114874	-0.271617894183195	0.679461224955763	0.428207706515293	0.24151334799722	0.0265025404533931	0.15447332930799	0.0324806879255175	0.869498240123484	0.314012220601379	0.480245642233615	-0.524063042649932	-0.368099424253688	0.513127111378805	-0.246492000623142	0.885181132645391	0.522831634380098	0.058990365560378	0.205979759024704	0.395346008510053	-0.0800575788329101	0.24068914221012	0.106272347289403	0.427950148333539	-0.565746055113379	0.00311304029520488	0.386134089352562	0.207592602467403	0.299927833909406	0.0456164402496311	0.717695780642377	0.0321927470594585	0.530640876187749	0.659138972229993	0.0401058444040304	0.0812354740678288	0.421410436519069
ERAP1	0.0692386497617181	0.686557859890848	0.362185754904773	0.21919510798636	0.472323004032744	0.198919537623482	0.250419039498513	0.00650472604839458	0.133722632231992	0.304210732198567	0.190707581374955	0.00951042023639523	0.296635562764304	0.103249791472526	0.340751191241337	0.692673981775525	0.732575731084248	0.782644737123645	0.0726629668405328	-0.190180427065367	0.274682101334373	0.286288909057034	-0.165336059374773	-0.0497204980104575	0.255426781340808	1	0.420508426478255	-0.0795650724895579	0.358083138734256	0.468638678546391	0.174086039135259	0.526235476212651	0.407668306531917	0.369420433924085	0.361434151408102	0.20532100829531	0.440364208590897	-0.000977891619504194	0.563422911236684	-0.191852759954757	-0.048832119391506	0.766056248993824	0.499237470385863	0.737719606314331	0.487731089473355	0.710525899120242	-0.0108418306493789	0.061866806661791	-0.18374697715346	0.561757658562114	0.640348454934156	0.351521470476187	0.67350798722611	0.738882365771614	0.681706668347089	0.501657107157194	0.583744382526704	0.582316482937669	0.78795802405722	0.737951182525299	0.371670806576426	0.716987359208206	0.233834020634317	0.72985233413112	0.636949795410363	0.699002349290108	0.437214216319615	0.707574165822798	0.434267177377629	0.555123319159443	0.768076333763243	0.720100020045875	0.614170180032846
CD47	0.703574128659521	0.674142491457547	0.590038312593479	0.662804929859302	0.616111428086629	0.844677768145457	0.249365568847614	0.593308347904917	0.712821190265931	0.500609961385258	0.151006205075138	0.407083899443767	0.522746923843633	0.530766597666129	0.0795196490391281	0.687224432301912	0.730795808977876	0.703580585544411	0.655494638031297	0.16725877690992	0.509842984706779	0.886367484532366	0.432881150458888	0.674946345882711	0.560701551718249	0.420508426478255	1	0.477297066791147	0.734121556187335	0.531267595818819	0.570205657555892	0.586228129212014	0.808720940143532	0.543422589465564	0.882310792400512	0.422200210262972	0.156869108721026	0.162226349883295	0.458598197769067	0.458422620192132	0.473015824144482	0.444769330416629	0.656640180911781	0.291917016131978	0.671944641324847	0.670784866909107	0.632414906643405	-0.229519786287695	0.0799002351498524	0.752308346444796	0.336018498970623	0.495867286973371	0.643201155997212	0.485389828616472	0.692299022839002	0.815343683073727	0.346606989436971	0.531572633733409	0.401575686098858	0.594996593809151	-0.0804543488214328	0.508221653087619	0.197625678774871	0.650196893036742	0.737162226354906	0.48355557968187	0.49187091742432	0.468177380571385	0.835627388899321	0.584145797040952	0.350513043354833	0.496308794305228	0.79217020605596
SIRPG	0.756726541155477	0.23924830319028	0.5087890146086	0.645128733505404	0.315764724739237	0.730133018575278	0.12914308382051	0.733693055177236	0.625046970083789	0.160448739653258	0.312736481759568	0.71585631247555	0.412289666152773	0.803835905420011	-0.0235080288733257	0.261903788959745	0.146724845714747	0.127665094978827	0.735317136391434	0.349818666060724	0.355027084768413	0.521999935985536	0.449178920950925	0.774574762668455	0.387368829890038	-0.0795650724895579	0.477297066791147	1	0.289475261071213	0.0965012323425433	0.693815071193096	0.522186280719331	0.306976552055339	-0.00686717492711498	0.686541589250972	0.452259930684009	-0.297508670476608	0.288477484028001	0.268699121024921	0.829990007646343	0.428964694355768	-0.17349522129966	0.390261267527175	-0.290265177487085	0.414137537182639	0.215434674403112	0.832240036540912	-0.118564351207822	0.123627275485908	0.43703016860171	-0.22127844205136	0.320412216564172	0.0798561049339711	0.0557910737165863	0.209215976911984	0.456232488910817	-0.162111686619629	0.31407942201615	-0.227167247946732	0.343754794192696	-0.409593074267019	0.0473684692877542	0.355784816272324	0.0725990554485842	0.36063350495402	-0.0370695569487921	0.310983124311083	-0.100589020421742	0.64487232738182	0.289700512821047	-0.0437636526111657	0.0968045438481901	0.369185839573231
LAMP1	0.241127125378376	0.565595801865244	0.329742430358971	0.130575304442571	0.113775748609327	0.640239058568841	-0.138288603792222	0.184073564228691	0.168182490537312	0.114528227587752	-0.058863900824911	0.151555216585614	0.044164186273479	0.127821068974804	-0.0978841648578796	0.750531684875547	0.815038827368748	0.769687234432294	0.20238848017584	0.126066059171804	0.376931865050067	0.667389717015657	0.465136148393142	0.276014659878734	0.0765243998455116	0.358083138734256	0.734121556187335	0.289475261071213	1	0.710536389883936	0.179029974990544	0.201446373393808	0.619132538411307	0.381880588183785	0.722001665687682	-0.079315776850041	0.458039315867016	0.224569523883782	0.13841237020859	0.209602901917087	0.136293525509075	0.693038192275681	0.866786422409872	0.401150596042372	0.264721089537343	0.750203466936666	0.31344606181557	-0.17896792556975	0.141679697362144	0.717321476674762	0.715687843263918	-0.0258223451136796	0.366204344937122	0.74675981432112	0.863828405686329	0.860498155283766	0.722083674099912	0.630245381394929	0.53534647294313	0.567927450265593	0.300577726962783	0.807535346511128	-0.139516636414626	0.785632757975782	0.847994551796247	0.787661389850031	0.324673743026796	0.746839532744181	0.747037757127886	0.489085686805469	0.59160965267253	0.694700594907914	0.844393285371501
LRP10	0.0697471112607165	0.534794486318232	0.433546730413921	0.170964738907068	0.124365715510549	0.40030169748074	-0.00279832217718254	0.105949112138418	0.0881306360568823	0.292110982818813	-0.195929096219373	-0.0169853070669727	0.310650189050771	0.164272321641663	-0.0748590867806586	0.623260809576751	0.730978812153526	0.698964786073356	0.171978585622192	0.261397498399602	0.391929285304343	0.591681956543161	0.374242885512737	0.158850782500844	0.0677403823934233	0.468638678546391	0.531267595818819	0.0965012323425433	0.710536389883936	1	0.210577461257998	0.139039049465672	0.377622948452083	0.244382516375645	0.499354775272203	0.030344108168217	0.502217263050433	0.0782634420398754	0.272102126151667	-0.0254839378981863	0.137718355458401	0.689124981020241	0.753740596519919	0.297647689047406	0.165602264500776	0.560580290408281	-0.00963062406880787	-0.0370660324385737	-0.178552038348391	0.628339822367081	0.62158357700326	-0.14218871680179	0.35266484219854	0.674355014942834	0.729882316450989	0.621414992107552	0.506064185544308	0.365263284548716	0.629598256960485	0.442394285981768	0.337708559332114	0.725197081812759	0.161296196650076	0.641238896436236	0.725463990832133	0.678451320782154	0.419194880410773	0.607880339201406	0.409582646978166	0.518768353794816	0.50322878527526	0.603909270388089	0.632592663420929
