""	LILRB1	FPR1	SIGLEC10	APLP2	C5AR1	P2RY12	ADCY7	CANX	LILRA4	HAVCR2	TLR2	RXRA	CXCR4	TREM2	AXL	TMIGD3	CD4	ADORA3	GPNMB	LRP1	TLR7	LPP	SORL1	CD9	TLR4	TSPAN14	ENG	PILRA	ITGAM	LAIR1	ITGAV	SIRPA	IL6R	CD81	ITGB1	KCNQ3	CD33	ADRB2	TLR1	INSR	PLXDC2	PTPRA	CD47	SORT1	C3AR1	ITGB2	ITGAX	TNFRSF1B	ABCA1	PLAUR	C1QBP	TNFRSF1A	SMAP1	CD46
LILRB1	1	0.332787561220053	0.658533497665821	0.709018471337877	0.170620965731141	0.708100416008206	0.654760030001072	0.811733692081844	0.696235285653305	0.721904951485351	0.778578852666853	0.519864235818751	0.316276423897281	0.608389104779905	0.79602132409394	0.558608431273359	0.688318984790566	0.572035070339966	0.661708481122543	0.511946728546679	0.592050669406633	0.746851146251591	0.853079631539103	0.418755239022031	0.387822180940026	0.702655316669939	0.638369369963572	0.646961706096787	0.44402039420369	0.799214896702487	0.438735012305645	0.851404693279073	0.733807045528177	0.694824117381662	0.745103721953064	0.630089944630463	0.680652163070999	0.47494114694646	0.601662395480911	0.765472057343764	0.754698820450021	0.733088434299982	0.69556983675196	0.712163750907689	0.802764427722955	0.732758600852209	0.420457936591552	0.585736912797381	0.49622314902553	0.19927204891741	0.643620106335449	0.567960244893176	0.343114225771042	0.736721348082741
FPR1	0.332787561220053	1	0.443590863293859	0.682506844094395	0.822931227913353	0.0996870760617271	0.69115299520746	0.344706924907111	0.376011435006514	0.733506017793586	0.396189446199586	0.674779656370578	0.921612172953415	0.233092099154223	0.693033266799295	0.687127313092943	0.614683268291879	0.808274055118939	0.439675708323079	0.803543026842818	0.741027872655881	0.513960844207282	0.483794404223604	0.453094750537866	0.862397973481933	0.608155642503222	0.474347625014338	0.603250324697881	0.635716324884208	0.625606485663701	0.695845880391766	0.0359279913862959	0.663938653252262	0.625522425785313	0.627622219945663	0.244561158731936	0.308844109579604	0.491501210778826	-0.218638972468513	0.610495105802486	0.578623630145518	0.582055898152607	0.703706332748691	0.423824325248731	0.392605906231977	0.507894507236686	0.799318670016582	0.803189765783172	0.798219553790469	0.778594500247321	0.211588432270653	0.552461187113691	0.748038820433786	-0.148412879225937
SIGLEC10	0.658533497665821	0.443590863293859	1	0.702849617559941	0.298191056905116	0.640058274407722	0.825184413828601	0.63280717004847	0.688445374247122	0.69497718370746	0.71883137838975	0.536975810727381	0.332721092038858	0.563440612960163	0.722421920795532	0.584291233917077	0.626277051449463	0.60122219211368	0.608526787930155	0.536589011491234	0.636031146470324	0.752075543309607	0.716856000106484	0.483455595897715	0.574735131046595	0.820883809355395	0.523915510380133	0.735043244086981	0.524280678554533	0.783338245323421	0.402224539096801	0.581777057619331	0.707870524479191	0.657356005692416	0.795899089118589	0.664203835646448	0.576696851841033	0.528746438712703	0.422531194560686	0.635332175331681	0.779944135176863	0.61562828907471	0.584534242608766	0.838380358042112	0.707686039960943	0.61334231139393	0.526748883110003	0.575987931613107	0.420349867385998	0.304608324804354	0.591477814262285	0.629374139144181	0.582632728658829	0.520143863133439
APLP2	0.709018471337877	0.682506844094395	0.702849617559941	1	0.639028661033757	0.586856645563822	0.848158569991834	0.752621253510332	0.756258244768369	0.892331830929076	0.70877074979405	0.814263807781927	0.69391997842812	0.703702324463895	0.93656758911382	0.822673744019327	0.898491294049276	0.870822601542754	0.800709607101711	0.882750224330457	0.846543341088185	0.842153670918459	0.890798046195709	0.718932889701012	0.809109888403134	0.855751063564143	0.762710397493014	0.839657237445781	0.761341559069506	0.939154332363082	0.757580404315111	0.454772549598144	0.848221470536966	0.918002790158005	0.897488426762428	0.618567590438451	0.737376808340196	0.636653732003902	0.306568023256176	0.74521785404124	0.901459801283715	0.689299781179914	0.723276794842333	0.745571619084864	0.695311310241744	0.841479087023909	0.814071850396158	0.877349540289316	0.749101222920588	0.703091310480446	0.657071950342354	0.623690391957938	0.730922096812989	0.421422431286087
C5AR1	0.170620965731141	0.822931227913353	0.298191056905116	0.639028661033757	1	-0.148076646658151	0.565490205085923	0.165416793451237	0.148871448012328	0.585854352366853	0.254282687421463	0.672100014904914	0.925978640222063	0.0454252230199627	0.582197488772725	0.649894052676125	0.491064133725304	0.642564294724061	0.265828915969813	0.762468820710777	0.517774065025552	0.525402600586316	0.342000600569242	0.333178828504694	0.856748854756553	0.496780572846566	0.348556828870637	0.466548017672571	0.629646102385485	0.544705054814155	0.766671225341933	-0.212874503717276	0.455910126877669	0.511989969460256	0.484650857175976	0.0612921124312273	0.295054325712412	0.537749421788895	-0.31854605256696	0.493872566874836	0.483689305729497	0.321280478840764	0.576044003046757	0.290417615635211	0.247532915671429	0.289278988407658	0.844902288606128	0.684375057331891	0.838667548345582	0.863546027989879	0.0863759116455577	0.242815578934199	0.603994366878128	-0.274518910491154
P2RY12	0.708100416008206	0.0996870760617271	0.640058274407722	0.586856645563822	-0.148076646658151	1	0.454233696197916	0.773203499321588	0.72518023902565	0.474106918037865	0.587306103696584	0.290777826831833	-0.0099102674514363	0.818558426740467	0.629692923264826	0.449663175498569	0.623590145446974	0.500568279582895	0.732954506307476	0.394429302300209	0.570355559936207	0.460437077955578	0.719855970294862	0.620131067225531	0.157858842701496	0.607087403720183	0.52707037500402	0.554084837029642	0.46058024369	0.659029359588995	0.250698761656526	0.750458798222981	0.620220758347438	0.633284058148706	0.589746003118473	0.743685357481887	0.68533718779204	0.230938350801518	0.717851459437962	0.517901390670054	0.581284261413614	0.63703245217494	0.316878901762661	0.637584444697573	0.683084487769152	0.758767658790127	0.193141129380656	0.400724682518	0.108337161285673	0.0673766698172172	0.681918585550628	0.502327127172855	0.316198295403453	0.742478558408191
ADCY7	0.654760030001072	0.69115299520746	0.825184413828601	0.848158569991834	0.565490205085923	0.454233696197916	1	0.641285502878159	0.690720460794339	0.898118516889421	0.706868500521753	0.804802671125631	0.624359246541352	0.57141194454132	0.818782437500848	0.750045360742249	0.724212459374836	0.790640474855116	0.624342586637363	0.744906883318716	0.840918987916977	0.886597239748747	0.780815903908937	0.620124324371175	0.763699239384724	0.833548592603338	0.756437432818504	0.851551966170958	0.56846974314948	0.865463593666368	0.58283696956141	0.439075784975272	0.79445027647888	0.782238777516904	0.946208559460412	0.495187625164074	0.504219436914868	0.592157839155729	0.255949924096693	0.628936183624328	0.895671089294387	0.652207616243691	0.757066648903795	0.77970886174239	0.612781854849519	0.724068096371851	0.755421712131865	0.758814306997417	0.66524445943627	0.543097366152433	0.636427446683747	0.756642440113914	0.800870970005206	0.39317348393773
CANX	0.811733692081844	0.344706924907111	0.63280717004847	0.752621253510332	0.165416793451237	0.773203499321588	0.641285502878159	1	0.810574968973607	0.707785373959848	0.856196349171117	0.627444351742336	0.319642937610303	0.838325845726573	0.798065507571381	0.589300561063704	0.807613239049468	0.669193905060106	0.837372956633798	0.582986674024882	0.657765862466034	0.651527516844447	0.90894850484368	0.685110765981291	0.419791304620638	0.720991197721037	0.774270971583426	0.686900174276096	0.674282545345721	0.779208384709794	0.431051877890889	0.77005886996812	0.814993020165533	0.835856673240372	0.703346614759964	0.719612016593087	0.782417317828045	0.416442545331595	0.540621979471992	0.628060368592119	0.807806357516486	0.68344411212805	0.480310091633679	0.788696060241548	0.690059507794445	0.916664944451534	0.475255459385085	0.649674842803593	0.47546072753353	0.259571112731302	0.787768522378113	0.550711051099766	0.427814055467817	0.67903956615297
LILRA4	0.696235285653305	0.376011435006514	0.688445374247122	0.756258244768369	0.148871448012328	0.72518023902565	0.690720460794339	0.810574968973607	1	0.731992610827648	0.752520989931247	0.561916246472108	0.315279066261546	0.865699277820263	0.72279969799284	0.645710271589848	0.814839237602045	0.640173148626805	0.833848411621927	0.63052672227846	0.656922907784036	0.666596871836238	0.884826206089424	0.751828510261198	0.485141953124606	0.647185705036198	0.734942985975976	0.830281238134833	0.555888807230969	0.711411059281796	0.335456348483602	0.674442821298922	0.698488565280373	0.871597613158986	0.754579892426268	0.670296927595576	0.570815141411948	0.311218881551836	0.370052332635769	0.455617296764773	0.805527428178731	0.497584121008493	0.459668661769197	0.776108092842335	0.528439963463181	0.857329507006983	0.461778118376513	0.683442082583963	0.48112993558282	0.272459137147295	0.848264176723569	0.741843166073721	0.562908786838808	0.507315221599562
HAVCR2	0.721904951485351	0.733506017793586	0.69497718370746	0.892331830929076	0.585854352366853	0.474106918037865	0.898118516889421	0.707785373959848	0.731992610827648	1	0.711241067436041	0.836808680233747	0.705601122749749	0.630019088380313	0.890367417446037	0.832710563617726	0.840829132801168	0.854131634036724	0.708816899788394	0.816153710810645	0.859131712166052	0.87554357188626	0.867028270378615	0.660358228682762	0.800838684931516	0.828254555602164	0.813348081936789	0.882802449244137	0.645075141093866	0.847505435454654	0.595583160225027	0.457741863017068	0.841501631204037	0.875412747690171	0.89752093926273	0.602685196915984	0.571857920987617	0.653280926774579	0.299518639015613	0.686526775017581	0.924088231638827	0.675937855851117	0.832434747433154	0.763479474965894	0.624191304101001	0.820353565546344	0.757820005887531	0.832471301126928	0.745196058515941	0.564391716684609	0.646881482582	0.793525240268214	0.751760389056793	0.415977081738594
TLR2	0.778578852666853	0.396189446199586	0.71883137838975	0.70877074979405	0.254282687421463	0.587306103696584	0.706868500521753	0.856196349171117	0.752520989931247	0.711241067436041	1	0.665897482651211	0.376319433298282	0.652794668991355	0.744224924611357	0.524226351766548	0.671478996846829	0.579289939343987	0.708462162464602	0.529987601494161	0.586474202430675	0.725452898948476	0.829946073964785	0.558675659623993	0.499421387183471	0.705403832897208	0.735517824630358	0.652305190372096	0.560123490138341	0.73923002849868	0.387444326397301	0.72239226667687	0.788126067687857	0.750384965774181	0.720622181470186	0.571949896973093	0.71443857043573	0.402246823319644	0.351852290760231	0.611881882323126	0.792962571802822	0.55148027240904	0.536180624430552	0.793618990271733	0.637885897823597	0.776035388392877	0.513339970379342	0.598353526678033	0.537952439341771	0.269593045118755	0.731127460600644	0.504820212324028	0.427508602084493	0.583904539368823
RXRA	0.519864235818751	0.674779656370578	0.536975810727381	0.814263807781927	0.672100014904914	0.290777826831833	0.804802671125631	0.627444351742336	0.561916246472108	0.836808680233747	0.665897482651211	1	0.721068114835717	0.516225940932573	0.79188888877532	0.751413256375957	0.712307099218876	0.733387214161035	0.576421000054929	0.769679788347826	0.770342807153283	0.778839981090223	0.724508413382401	0.623149845562031	0.742901589309892	0.661138688976676	0.815936132200535	0.721529276942225	0.723757486032287	0.762847645170743	0.563766793685625	0.245536287437978	0.758680783515202	0.801039467537157	0.767506319683824	0.455610152620994	0.508981943530117	0.483862983470038	0.093117272369767	0.581248909998152	0.801892879593362	0.494043017274108	0.598889619150311	0.633122820272299	0.385650508557061	0.732733770013108	0.752571382977418	0.708619825006742	0.748497057887102	0.595902640006777	0.54948266343538	0.537522721735631	0.619208743254615	0.215582593932557
CXCR4	0.316276423897281	0.921612172953415	0.332721092038858	0.69391997842812	0.925978640222063	-0.0099102674514363	0.624359246541352	0.319642937610303	0.315279066261546	0.705601122749749	0.376319433298282	0.721068114835717	1	0.199311683501691	0.700098197288971	0.731656516667476	0.632347686832346	0.775983380880269	0.429220039204576	0.856449026366427	0.630457937758839	0.556974985349267	0.474276465572845	0.460496806521979	0.896687167785907	0.57127440695034	0.487562966889553	0.553271846046202	0.693195732914416	0.605364376432583	0.7884521683371	-0.062731002859876	0.606027613855777	0.637223526495993	0.558693718909761	0.1861388614706	0.315360047517804	0.556920745047687	-0.22817269897317	0.580968609409012	0.578400666981265	0.48328686423547	0.671608335227586	0.365837883201226	0.329002551922157	0.447011630542259	0.890927484229826	0.823754386893923	0.914785397037971	0.851170453090742	0.183788491244717	0.435565785566333	0.709261942949789	-0.165154637725395
TREM2	0.608389104779905	0.233092099154223	0.563440612960163	0.703702324463895	0.0454252230199627	0.818558426740467	0.57141194454132	0.838325845726573	0.865699277820263	0.630019088380313	0.652794668991355	0.516225940932573	0.199311683501691	1	0.68388955238085	0.631898052421368	0.817641729204477	0.623503673637844	0.846480485552009	0.58917313646179	0.609272513365619	0.527418317362778	0.830823086762372	0.854246167455817	0.371348006520599	0.583005187987233	0.715277222287489	0.727538798688696	0.606099124196149	0.679528403698007	0.329873076023428	0.591793001605718	0.657509021048137	0.834313177710725	0.637054747998687	0.700183078176477	0.62800585944957	0.276274101229608	0.574912610407472	0.353381868625072	0.748048739936633	0.479070928937102	0.305285499732182	0.657556898864186	0.48610939143839	0.877949727900802	0.412281817842746	0.600651059602524	0.341215410553646	0.215124545515848	0.821445359816065	0.658786344230725	0.507644620135182	0.602582648276563
AXL	0.79602132409394	0.693033266799295	0.722421920795532	0.93656758911382	0.582197488772725	0.629692923264826	0.818782437500848	0.798065507571381	0.72279969799284	0.890367417446037	0.744224924611357	0.79188888877532	0.700098197288971	0.68388955238085	1	0.845914703378195	0.903144266311838	0.863604845409396	0.770158945446816	0.85602263042443	0.833252115186068	0.820624242954495	0.902127184950339	0.661310798651841	0.77933252807221	0.874912679288306	0.728785632511378	0.812882360865478	0.782732711126692	0.947039410502522	0.714330704180721	0.545905520870178	0.884791047610087	0.901557409043692	0.875244896506468	0.708832669603316	0.756520889910744	0.665719309892615	0.398220369441323	0.846853678868428	0.88775636002591	0.795684701354684	0.791207544649175	0.771526100221104	0.776600848283279	0.841178001790888	0.767689628865151	0.851460784498357	0.737700294164234	0.602229534585148	0.590110304603603	0.664597813209884	0.657459141910553	0.4795878244811
TMIGD3	0.558608431273359	0.687127313092943	0.584291233917077	0.822673744019327	0.649894052676125	0.449663175498569	0.750045360742249	0.589300561063704	0.645710271589848	0.832710563617726	0.524226351766548	0.751413256375957	0.731656516667476	0.631898052421368	0.845914703378195	1	0.814943677132431	0.769295681572279	0.575930718918684	0.8827591235986	0.716395118534043	0.727450812882939	0.741988521297942	0.758616571739215	0.775545607079279	0.662048845676061	0.624673589974589	0.852047411736066	0.74623662350859	0.774279370210855	0.591369174942303	0.251061561079159	0.625848022419841	0.847968115355851	0.734221356862819	0.555026690995853	0.481089462049688	0.577866467178186	0.236649435871811	0.545621690313524	0.80378524335026	0.52464367393966	0.640238399490271	0.59756462351233	0.475586217812013	0.725063433865448	0.738310597058739	0.776026162458241	0.766628410481199	0.567049170391942	0.629056107578133	0.732128001446364	0.667400118673949	0.194297041961455
CD4	0.688318984790566	0.614683268291879	0.626277051449463	0.898491294049276	0.491064133725304	0.623590145446974	0.724212459374836	0.807613239049468	0.814839237602045	0.840829132801168	0.671478996846829	0.712307099218876	0.632347686832346	0.817641729204477	0.903144266311838	0.814943677132431	1	0.862059682079575	0.880619902640323	0.850421507432877	0.758747127064379	0.709556826141065	0.917639052600873	0.771718804811261	0.758801387847113	0.79514010924093	0.73074792640177	0.833007897330441	0.794648603872845	0.835578089890715	0.650484882222041	0.48448393381784	0.829566504802519	0.943646669576838	0.77288584092347	0.745951852410347	0.670008197040358	0.610770912665062	0.407060799627435	0.668698505473919	0.893802825702982	0.680978657070955	0.644906379821194	0.753387254162112	0.641007479365763	0.863505664102379	0.729027526474791	0.895002218878141	0.713536643010286	0.55583291780203	0.657334351091326	0.712198401516481	0.689416421455876	0.425240834704038
ADORA3	0.572035070339966	0.808274055118939	0.60122219211368	0.870822601542754	0.642564294724061	0.500568279582895	0.790640474855116	0.669193905060106	0.640173148626805	0.854131634036724	0.579289939343987	0.733387214161035	0.775983380880269	0.623503673637844	0.863604845409396	0.769295681572279	0.862059682079575	1	0.798789192350278	0.867341470149319	0.895928718592271	0.701610539221426	0.763308468608749	0.733295573689604	0.816459278760425	0.851317145458233	0.752013487164558	0.752064342226033	0.791971625997859	0.792719431470832	0.765487381301092	0.302631647937409	0.860418032841249	0.846047628532788	0.803129711305841	0.5451612988364	0.597883216476336	0.613899349199946	0.205248876156532	0.692395658967938	0.802856598498613	0.783641682757232	0.712684843514914	0.675779641905934	0.639521847503594	0.791417850219186	0.837575656234325	0.897255309653323	0.733459980089639	0.741442140570554	0.504377785504115	0.651378540635147	0.865446185941857	0.300459912437759
GPNMB	0.661708481122543	0.439675708323079	0.608526787930155	0.800709607101711	0.265828915969813	0.732954506307476	0.624342586637363	0.837372956633798	0.833848411621927	0.708816899788394	0.708462162464602	0.576421000054929	0.429220039204576	0.846480485552009	0.770158945446816	0.575930718918684	0.880619902640323	0.798789192350278	1	0.697770705929284	0.698362940450127	0.607831896340349	0.863866475520143	0.769269443824592	0.559484463248047	0.769025452622917	0.770888601439088	0.677045171570508	0.725575371162031	0.736501294795389	0.582387393543156	0.573736319371141	0.836300425697546	0.871823027240098	0.687569621309245	0.677856940625998	0.732068541236193	0.438517550456499	0.442022235583617	0.581289942198503	0.784748368574744	0.651243861557399	0.47410532927536	0.739656217477623	0.628276946051516	0.856886238052631	0.623871230632034	0.787368112799833	0.554192872400282	0.493072181859726	0.679789604698627	0.553195821996171	0.646000786092656	0.575991206709441
LRP1	0.511946728546679	0.803543026842818	0.536589011491234	0.882750224330457	0.762468820710777	0.394429302300209	0.744906883318716	0.582986674024882	0.63052672227846	0.816153710810645	0.529987601494161	0.769679788347826	0.856449026366427	0.58917313646179	0.85602263042443	0.8827591235986	0.850421507432877	0.867341470149319	0.697770705929284	1	0.774368239769589	0.68961011430828	0.723770227014465	0.768873282187063	0.866051641997264	0.711430236709079	0.666120266022799	0.738770493500703	0.823909075035336	0.819685364393527	0.829123320762927	0.171695939167037	0.744286027445393	0.863691046558763	0.730178266310699	0.448498726320985	0.554408185932733	0.591151788212646	0.105684055431018	0.622260798475391	0.768445423654809	0.601463781028762	0.67292301634282	0.535850250681298	0.49611277158932	0.719304360396521	0.901506889906226	0.92629643880471	0.877672233037205	0.824443914375033	0.544120727692363	0.603089218653615	0.787421674651119	0.144307500718083
TLR7	0.592050669406633	0.741027872655881	0.636031146470324	0.846543341088185	0.517774065025552	0.570355559936207	0.840918987916977	0.657765862466034	0.656922907784036	0.859131712166052	0.586474202430675	0.770342807153283	0.630457937758839	0.609272513365619	0.833252115186068	0.716395118534043	0.758747127064379	0.895928718592271	0.698362940450127	0.774368239769589	1	0.737012775711284	0.75239119238314	0.69011907125565	0.689899966622674	0.813052487039215	0.788578225244131	0.754469983829438	0.652877039823386	0.822655798836774	0.612805271964473	0.373737712843812	0.847690433151377	0.795255632581309	0.886019814947715	0.528561504723918	0.582884003416629	0.499781230762035	0.253776391993698	0.681202929018863	0.778674189288845	0.776256932446242	0.726195634894893	0.673804951024636	0.624262407204771	0.828421811038965	0.671959312739209	0.751003844612682	0.567431108836121	0.612633001350325	0.563570348405735	0.691975054450543	0.783769984684806	0.357903547549768
LPP	0.746851146251591	0.513960844207282	0.752075543309607	0.842153670918459	0.525402600586316	0.460437077955578	0.886597239748747	0.651527516844447	0.666596871836238	0.87554357188626	0.725452898948476	0.778839981090223	0.556974985349267	0.527418317362778	0.820624242954495	0.727450812882939	0.709556826141065	0.701610539221426	0.607831896340349	0.68961011430828	0.737012775711284	1	0.812559867261985	0.539062176927033	0.691773270281859	0.828332465576985	0.775203286807969	0.808511431473702	0.541483544472907	0.831673964017987	0.555278005014396	0.489041886439808	0.754242613123902	0.774147371465217	0.896816970846279	0.535886202001475	0.58601235450639	0.64585020805258	0.377492039429339	0.645571110262253	0.895414402716924	0.590154329250786	0.759387206742921	0.795853867297535	0.653809097216872	0.690292712828619	0.695653133332042	0.679072156778437	0.655547996094287	0.472811049137647	0.629801564038105	0.61889590676651	0.649112827600132	0.513184264082942
SORL1	0.853079631539103	0.483794404223604	0.716856000106484	0.890798046195709	0.342000600569242	0.719855970294862	0.780815903908937	0.90894850484368	0.884826206089424	0.867028270378615	0.829946073964785	0.724508413382401	0.474276465572845	0.830823086762372	0.902127184950339	0.741988521297942	0.917639052600873	0.763308468608749	0.863866475520143	0.723770227014465	0.75239119238314	0.812559867261985	1	0.697584717402567	0.620757931774699	0.810288141473223	0.803653585219012	0.852108813211387	0.671020705808105	0.877778420154426	0.517500676649688	0.721956775835131	0.847625361105032	0.93055428896654	0.853652166487919	0.758200418318106	0.747376220744229	0.549994627730193	0.507616153169861	0.706646594251916	0.931303937820139	0.682916876854032	0.67990065704508	0.85348711505849	0.709993633712033	0.917437591353478	0.604112508890127	0.77446462982379	0.617896135914955	0.385847538892452	0.787931936254496	0.718729901432691	0.566353890057561	0.624907391452424
CD9	0.418755239022031	0.453094750537866	0.483455595897715	0.718932889701012	0.333178828504694	0.620131067225531	0.620124324371175	0.685110765981291	0.751828510261198	0.660358228682762	0.558675659623993	0.623149845562031	0.460496806521979	0.854246167455817	0.661310798651841	0.758616571739215	0.771718804811261	0.733295573689604	0.769269443824592	0.768873282187063	0.69011907125565	0.539062176927033	0.697584717402567	1	0.543911376729107	0.579330766337782	0.735782181155963	0.715262393671431	0.716780531835731	0.645235887023577	0.500628983368577	0.286178187613655	0.63538482944115	0.832733372937222	0.624509787149261	0.50356667011785	0.52222628639936	0.320846420450782	0.297919320310907	0.291200464362323	0.713669681369362	0.432916464629549	0.318598429372954	0.551258612525583	0.356895917263135	0.821064750345723	0.620125680925004	0.693921252674502	0.535283270052035	0.488961382385113	0.777921510966223	0.624299268832523	0.698424573256843	0.316664963723074
TLR4	0.387822180940026	0.862397973481933	0.574735131046595	0.809109888403134	0.856748854756553	0.157858842701496	0.763699239384724	0.419791304620638	0.485141953124606	0.800838684931516	0.499421387183471	0.742901589309892	0.896687167785907	0.371348006520599	0.77933252807221	0.775545607079279	0.758801387847113	0.816459278760425	0.559484463248047	0.866051641997264	0.689899966622674	0.691773270281859	0.620757931774699	0.543911376729107	1	0.755022535444924	0.512413105513644	0.714561215492108	0.685559996191137	0.718658508708448	0.772854241144061	0.0774375597703487	0.696623253790052	0.729426907001451	0.711010149797608	0.413821040794167	0.429697569226487	0.731482054761328	-0.0306887778682722	0.621421069064837	0.76781635942011	0.51290863474602	0.737394299319606	0.594961707477508	0.492863874704463	0.530704254306325	0.909005761595152	0.880219652124697	0.843006392858874	0.805095203193053	0.312940585802439	0.577106860397076	0.808251173438588	0.00719161087856082
TSPAN14	0.702655316669939	0.608155642503222	0.820883809355395	0.855751063564143	0.496780572846566	0.607087403720183	0.833548592603338	0.720991197721037	0.647185705036198	0.828254555602164	0.705403832897208	0.661138688976676	0.57127440695034	0.583005187987233	0.874912679288306	0.662048845676061	0.79514010924093	0.851317145458233	0.769025452622917	0.711430236709079	0.813052487039215	0.828332465576985	0.810288141473223	0.579330766337782	0.755022535444924	1	0.666759443556513	0.726049907795914	0.660734862146615	0.859663452693255	0.686909856941412	0.513382408388904	0.87080788407374	0.76777739362326	0.876502394221965	0.681761343086575	0.727457792236004	0.786709666380978	0.44094405033793	0.792434118915394	0.869954497354041	0.808430299250329	0.769607276851608	0.851788788414373	0.852424204461003	0.735712535015749	0.731699882418229	0.78502836003575	0.57716733777339	0.579525423422689	0.516829381233632	0.589190680500158	0.752508665598957	0.558546664866276
ENG	0.638369369963572	0.474347625014338	0.523915510380133	0.762710397493014	0.348556828870637	0.52707037500402	0.756437432818504	0.774270971583426	0.734942985975976	0.813348081936789	0.735517824630358	0.815936132200535	0.487562966889553	0.715277222287489	0.728785632511378	0.624673589974589	0.73074792640177	0.752013487164558	0.770888601439088	0.666120266022799	0.788578225244131	0.775203286807969	0.803653585219012	0.735782181155963	0.512413105513644	0.666759443556513	1	0.713014329473199	0.632202167776233	0.70221028411251	0.445758313258821	0.458347211931333	0.807271152664144	0.835201745119147	0.763720223390433	0.488945530936928	0.563175365245519	0.330067497423595	0.319559880699656	0.481773907795513	0.798871488335304	0.549737748908395	0.515108193640446	0.697613891509553	0.420804780347451	0.856186933562402	0.606899887624883	0.650340198420834	0.586366404791028	0.418634952427449	0.731751654830553	0.593355917206626	0.633689362303906	0.500380501280371
PILRA	0.646961706096787	0.603250324697881	0.735043244086981	0.839657237445781	0.466548017672571	0.554084837029642	0.851551966170958	0.686900174276096	0.830281238134833	0.882802449244137	0.652305190372096	0.721529276942225	0.553271846046202	0.727538798688696	0.812882360865478	0.852047411736066	0.833007897330441	0.752064342226033	0.677045171570508	0.738770493500703	0.754469983829438	0.808511431473702	0.852108813211387	0.715262393671431	0.714561215492108	0.726049907795914	0.713014329473199	1	0.611921266548691	0.781218195656148	0.422831455215401	0.493895878078916	0.715378968374741	0.888672492002014	0.852506218614893	0.675578816506782	0.504308241720292	0.490530664593248	0.271259393567683	0.546137423889606	0.903358487668245	0.533702460624444	0.655176979439895	0.816123845861983	0.524970627065108	0.797798189029998	0.632662283640479	0.726839968631777	0.618774255896669	0.399105617560022	0.717363766568878	0.845317272227428	0.67318767216516	0.324726312676952
ITGAM	0.44402039420369	0.635716324884208	0.524280678554533	0.761341559069506	0.629646102385485	0.46058024369	0.56846974314948	0.674282545345721	0.555888807230969	0.645075141093866	0.560123490138341	0.723757486032287	0.693195732914416	0.606099124196149	0.782732711126692	0.74623662350859	0.794648603872845	0.791971625997859	0.725575371162031	0.823909075035336	0.652877039823386	0.541483544472907	0.671020705808105	0.716780531835731	0.685559996191137	0.660734862146615	0.632202167776233	0.611921266548691	1	0.704805371552112	0.672497160247153	0.19901875954221	0.725160865782069	0.821299558216908	0.544970611969013	0.558493126636384	0.659348930791484	0.460038510711669	0.152078661155237	0.590421563327927	0.668793947425669	0.562857314495674	0.403821425529751	0.5788218731694	0.457414456848221	0.716439292066309	0.754584495332377	0.760570309560122	0.728196309472939	0.662687805310204	0.482018180611398	0.382197878393466	0.576026844106467	0.182866993911848
LAIR1	0.799214896702487	0.625606485663701	0.783338245323421	0.939154332363082	0.544705054814155	0.659029359588995	0.865463593666368	0.779208384709794	0.711411059281796	0.847505435454654	0.73923002849868	0.762847645170743	0.605364376432583	0.679528403698007	0.947039410502522	0.774279370210855	0.835578089890715	0.792719431470832	0.736501294795389	0.819685364393527	0.822655798836774	0.831673964017987	0.877778420154426	0.645235887023577	0.718658508708448	0.859663452693255	0.70221028411251	0.781218195656148	0.704805371552112	1	0.726535777400918	0.571965398113459	0.857379195021403	0.851280207257512	0.908170480504862	0.631397859313067	0.764697481043556	0.614406424240735	0.432490148722962	0.813275484386959	0.874196555665952	0.768495127509783	0.758740105256288	0.740859959371462	0.775342907476766	0.811844700078374	0.7472729406135	0.804637992745949	0.676277522147988	0.599408702897224	0.634812394720831	0.625555124800514	0.650658076550379	0.531561099213918
ITGAV	0.438735012305645	0.695845880391766	0.402224539096801	0.757580404315111	0.766671225341933	0.250698761656526	0.58283696956141	0.431051877890889	0.335456348483602	0.595583160225027	0.387444326397301	0.563766793685625	0.7884521683371	0.329873076023428	0.714330704180721	0.591369174942303	0.650484882222041	0.765487381301092	0.582387393543156	0.829123320762927	0.612805271964473	0.555278005014396	0.517500676649688	0.500628983368577	0.772854241144061	0.686909856941412	0.445758313258821	0.422831455215401	0.672497160247153	0.726535777400918	1	0.0952993679061682	0.651381905479676	0.604642294308715	0.587513662352538	0.217361686151948	0.572493879673719	0.63977058288334	0.0686948271108734	0.644917973557585	0.564865506214515	0.610126814680726	0.629302869740698	0.369580014788374	0.596364568928899	0.475483017743931	0.886347767683979	0.835235210654851	0.774751507532532	0.915975296435823	0.244497297627038	0.253611902785466	0.697581637309334	0.158971786678255
SIRPA	0.851404693279073	0.0359279913862959	0.581777057619331	0.454772549598144	-0.212874503717276	0.750458798222981	0.439075784975272	0.77005886996812	0.674442821298922	0.457741863017068	0.72239226667687	0.245536287437978	-0.062731002859876	0.591793001605718	0.545905520870178	0.251061561079159	0.48448393381784	0.302631647937409	0.573736319371141	0.171695939167037	0.373737712843812	0.489041886439808	0.721956775835131	0.286178187613655	0.0774375597703487	0.513382408388904	0.458347211931333	0.493895878078916	0.19901875954221	0.571965398113459	0.0952993679061682	1	0.556440648439788	0.502184128674853	0.557935550806868	0.629836048788512	0.590341347899751	0.215295350490533	0.602980221714861	0.558909201330581	0.566405688526844	0.563735572074226	0.418407808637378	0.665267189090605	0.684268636410439	0.629417720956027	0.0792546479889011	0.303392904934189	0.128961784840107	-0.143585355756757	0.600412939624603	0.460803712842771	0.094208203431248	0.769351108796288
IL6R	0.733807045528177	0.663938653252262	0.707870524479191	0.848221470536966	0.455910126877669	0.620220758347438	0.79445027647888	0.814993020165533	0.698488565280373	0.841501631204037	0.788126067687857	0.758680783515202	0.606027613855777	0.657509021048137	0.884791047610087	0.625848022419841	0.829566504802519	0.860418032841249	0.836300425697546	0.744286027445393	0.847690433151377	0.754242613123902	0.847625361105032	0.63538482944115	0.696623253790052	0.87080788407374	0.807271152664144	0.715378968374741	0.725160865782069	0.857379195021403	0.651381905479676	0.556440648439788	1	0.838285950498536	0.823698866799595	0.683840606171726	0.75043418538669	0.542600568774296	0.364993405839267	0.797328203605778	0.843665221342135	0.82641190217861	0.723136652100466	0.796675328734435	0.731683927253951	0.839946208375321	0.725702932768208	0.798305262064357	0.638997638994982	0.562706099690059	0.545228332956553	0.597081610529224	0.672606886678548	0.525846612764992
CD81	0.694824117381662	0.625522425785313	0.657356005692416	0.918002790158005	0.511989969460256	0.633284058148706	0.782238777516904	0.835856673240372	0.871597613158986	0.875412747690171	0.750384965774181	0.801039467537157	0.637223526495993	0.834313177710725	0.901557409043692	0.847968115355851	0.943646669576838	0.846047628532788	0.871823027240098	0.863691046558763	0.795255632581309	0.774147371465217	0.93055428896654	0.832733372937222	0.729426907001451	0.76777739362326	0.835201745119147	0.888672492002014	0.821299558216908	0.851280207257512	0.604642294308715	0.502184128674853	0.838285950498536	1	0.817176986890783	0.681229802328895	0.700487772298569	0.48924376684559	0.303219068145669	0.622680249464869	0.901187504801706	0.606808515828087	0.615921083821649	0.787073619845116	0.564475233382956	0.920341688420672	0.737794420386785	0.84584399985111	0.738394493012588	0.564751777065346	0.758337437659273	0.703773055462911	0.684670809355588	0.396880791570995
ITGB1	0.745103721953064	0.627622219945663	0.795899089118589	0.897488426762428	0.484650857175976	0.589746003118473	0.946208559460412	0.703346614759964	0.754579892426268	0.89752093926273	0.720622181470186	0.767506319683824	0.558693718909761	0.637054747998687	0.875244896506468	0.734221356862819	0.77288584092347	0.803129711305841	0.687569621309245	0.730178266310699	0.886019814947715	0.896816970846279	0.853652166487919	0.624509787149261	0.711010149797608	0.876502394221965	0.763720223390433	0.852506218614893	0.544970611969013	0.908170480504862	0.587513662352538	0.557935550806868	0.823698866799595	0.817176986890783	1	0.589090327571242	0.61669068663964	0.601019940359941	0.351982650463229	0.710727726126963	0.897475311428905	0.726278154186311	0.797585037714566	0.80334424146668	0.719142424803078	0.796049909084063	0.684463151318133	0.746912907587185	0.587138021888995	0.520477360535801	0.652561336400968	0.740091375437424	0.747041747363629	0.501357135594094
KCNQ3	0.630089944630463	0.244561158731936	0.664203835646448	0.618567590438451	0.0612921124312273	0.743685357481887	0.495187625164074	0.719612016593087	0.670296927595576	0.602685196915984	0.571949896973093	0.455610152620994	0.1861388614706	0.700183078176477	0.708832669603316	0.555026690995853	0.745951852410347	0.5451612988364	0.677856940625998	0.448498726320985	0.528561504723918	0.535886202001475	0.758200418318106	0.50356667011785	0.413821040794167	0.681761343086575	0.488945530936928	0.675578816506782	0.558493126636384	0.631397859313067	0.217361686151948	0.629836048788512	0.683840606171726	0.681229802328895	0.589090327571242	1	0.620106529112349	0.492622712626557	0.62584692482167	0.626231431758295	0.719493477624314	0.628722292862707	0.455823170536499	0.770018887947756	0.653719689202465	0.696832674657973	0.303276315025324	0.496585836057186	0.259031347588356	0.0809156435517847	0.501088013683772	0.585400539347092	0.306105663311614	0.580500109443162
CD33	0.680652163070999	0.308844109579604	0.576696851841033	0.737376808340196	0.295054325712412	0.68533718779204	0.504219436914868	0.782417317828045	0.570815141411948	0.571857920987617	0.71443857043573	0.508981943530117	0.315360047517804	0.62800585944957	0.756520889910744	0.481089462049688	0.670008197040358	0.597883216476336	0.732068541236193	0.554408185932733	0.582884003416629	0.58601235450639	0.747376220744229	0.52222628639936	0.429697569226487	0.727457792236004	0.563175365245519	0.504308241720292	0.659348930791484	0.764697481043556	0.572493879673719	0.590341347899751	0.75043418538669	0.700487772298569	0.61669068663964	0.620106529112349	1	0.470852448828032	0.455438943487966	0.705353539931096	0.637192860702013	0.632845966089119	0.487235945138324	0.651985436755319	0.760629737026652	0.733438996708011	0.499686120986297	0.55212596331903	0.417923859027731	0.444997898466105	0.530289959120289	0.227458470579367	0.318360766440161	0.615574344922095
ADRB2	0.47494114694646	0.491501210778826	0.528746438712703	0.636653732003902	0.537749421788895	0.230938350801518	0.592157839155729	0.416442545331595	0.311218881551836	0.653280926774579	0.402246823319644	0.483862983470038	0.556920745047687	0.276274101229608	0.665719309892615	0.577866467178186	0.610770912665062	0.613899349199946	0.438517550456499	0.591151788212646	0.499781230762035	0.64585020805258	0.549994627730193	0.320846420450782	0.731482054761328	0.786709666380978	0.330067497423595	0.490530664593248	0.460038510711669	0.614406424240735	0.63977058288334	0.215295350490533	0.542600568774296	0.48924376684559	0.601019940359941	0.492622712626557	0.470852448828032	1	0.380728081443097	0.618948568833437	0.687206198714955	0.56207291181635	0.715167337614714	0.559418461918241	0.705703289277696	0.397243475733702	0.652427050122425	0.681290423254237	0.540737096564975	0.520027497320277	0.251714082699148	0.405284559674421	0.585138623378275	0.360259835440893
TLR1	0.601662395480911	-0.218638972468513	0.422531194560686	0.306568023256176	-0.31854605256696	0.717851459437962	0.255949924096693	0.540621979471992	0.370052332635769	0.299518639015613	0.351852290760231	0.093117272369767	-0.22817269897317	0.574912610407472	0.398220369441323	0.236649435871811	0.407060799627435	0.205248876156532	0.442022235583617	0.105684055431018	0.253776391993698	0.377492039429339	0.507616153169861	0.297919320310907	-0.0306887778682722	0.44094405033793	0.319559880699656	0.271259393567683	0.152078661155237	0.432490148722962	0.0686948271108734	0.602980221714861	0.364993405839267	0.303219068145669	0.351982650463229	0.62584692482167	0.455438943487966	0.380728081443097	1	0.332323702624602	0.449789116922461	0.455675302657717	0.256293258246142	0.423061333070246	0.585704010690925	0.427564485722169	-0.00371411637315938	0.159852171344991	-0.080560860208934	-0.218309095412897	0.418182511461219	0.352893170255565	0.0879667011911639	0.866949739274085
INSR	0.765472057343764	0.610495105802486	0.635332175331681	0.74521785404124	0.493872566874836	0.517901390670054	0.628936183624328	0.628060368592119	0.455617296764773	0.686526775017581	0.611881882323126	0.581248909998152	0.580968609409012	0.353381868625072	0.846853678868428	0.545621690313524	0.668698505473919	0.692395658967938	0.581289942198503	0.622260798475391	0.681202929018863	0.645571110262253	0.706646594251916	0.291200464362323	0.621421069064837	0.792434118915394	0.481773907795513	0.546137423889606	0.590421563327927	0.813275484386959	0.644917973557585	0.558909201330581	0.797328203605778	0.622680249464869	0.710727726126963	0.626231431758295	0.705353539931096	0.618948568833437	0.332323702624602	1	0.665720420681861	0.842914093566247	0.777562974339805	0.653663317869371	0.8186003197727	0.597815634882217	0.585986715063599	0.665049415121103	0.574685265629004	0.494526961288478	0.282192793480079	0.41986257581105	0.410590254287702	0.434858029782741
PLXDC2	0.754698820450021	0.578623630145518	0.779944135176863	0.901459801283715	0.483689305729497	0.581284261413614	0.895671089294387	0.807806357516486	0.805527428178731	0.924088231638827	0.792962571802822	0.801892879593362	0.578400666981265	0.748048739936633	0.88775636002591	0.80378524335026	0.893802825702982	0.802856598498613	0.784748368574744	0.768445423654809	0.778674189288845	0.895414402716924	0.931303937820139	0.713669681369362	0.76781635942011	0.869954497354041	0.798871488335304	0.903358487668245	0.668793947425669	0.874196555665952	0.564865506214515	0.566405688526844	0.843665221342135	0.901187504801706	0.897475311428905	0.719493477624314	0.637192860702013	0.687206198714955	0.449789116922461	0.665720420681861	1	0.648313026402147	0.731318712328348	0.877028309762764	0.679353340744252	0.840712996973711	0.725328653734057	0.814144943576785	0.680288074987768	0.462428594626337	0.729804374956871	0.769387175461895	0.713157123457635	0.527638595840422
