""	ITGA4	CD2	CD44	ITGB1	GPR171	NCL	RPSA	ITGA1	CXCR4	NOTCH1	CRTAM	CLEC2D	CD69	DIP2A	PTGDR	SLC16A7	PTGER2	PTPRA	RACK1	LRP10	CD47	CD3D	CD96	CD3G	PTPRJ	PTPRC	PDCD1	CD8A	CD8B	ACTR2	JAML	TIGIT	S1PR4	TNFRSF1B	CD6	CXCR3	CCR5	TFRC	ADRB2	CD46	CD74	KLRD1	CD247	SIRPG	CSF3R	LAG3	VSIR	JMJD6	SORL1	STX4	CD63	ADCY7	TSPAN5	F2R	TNFRSF14	LAMP1	CXCR6	APLP2	CD81	PTGER4	RHBDF2	IFITM1	TSPAN14	HAVCR2	TNFRSF1A	ITGAX	C1QBP	TMIGD3	CANX
ITGA4	1	0.956011516311179	0.915727625601369	0.954662641605071	0.742223136823466	0.901075173351206	0.921366997837261	0.937637907280467	0.904059123931733	0.388336136510446	0.942758595670092	0.906049627733669	0.942912412457553	-0.562949529429114	0.862373702807413	0.81968334736775	0.855482728448165	0.628815498738541	0.90972968151467	0.833347260818456	0.947171752585509	0.816918468679974	0.975170911446506	0.933297386127328	-0.0632794004495596	0.95104391937278	0.689480639846295	0.930097535481111	0.905221284772547	0.567706265835717	0.879878433993187	0.823991392491161	0.828568656568631	0.772914150863599	0.713012782537814	0.809742685519644	0.77719327081077	-0.470863531516699	-0.00147391394171705	0.765617536206688	-0.251258977978513	0.957004677009698	0.860157608436452	0.872882048079846	-0.708716215745667	0.960335846268547	-0.0823844170636179	0.422331771488706	-0.782661210227469	0.51835144308413	0.84256715659054	-0.106049441357808	0.96041034639488	0.932950037889513	0.941327420577638	0.505046332999525	0.892733223572798	-0.0729878071372221	0.48038990805507	0.931104362487021	-0.731103803956579	0.952894466932126	-0.18969565687888	-0.209224809453427	0.874288997539504	-0.809885417742343	0.909168779432396	-0.541999349292385	-0.157500110210809
CD2	0.956011516311179	1	0.941521524672375	0.900731779480625	0.863628471210052	0.83810787427557	0.980349712037167	0.961112867493407	0.978373356629717	0.401642600212177	0.974332142550658	0.832096197632942	0.985508722461783	-0.684393898686108	0.944666510110409	0.904073852293429	0.871721973727811	0.479540061571368	0.980757781826613	0.886862041159922	0.887686488665799	0.936807331830309	0.977835169492215	0.97661968371932	-0.0294634141406099	0.908372729153777	0.795283811403222	0.963002545158109	0.94976160616468	0.459587546261532	0.853071813059294	0.908285201907555	0.923850989335576	0.737950020210368	0.768861557717109	0.916908464629716	0.745960806302663	-0.427061581945535	-0.165918771381639	0.837400780171266	-0.283292879559295	0.902011763268954	0.945254086494775	0.95585429051741	-0.783537950843564	0.913603479464699	-0.0669659226973718	0.504544340249587	-0.833869624051908	0.440219686805212	0.894695321505364	-0.24080195023835	0.959177808776577	0.915770629798163	0.904574784443812	0.547934430125005	0.87487160896268	-0.147428705502892	0.58209233148721	0.900212100910018	-0.802422835875546	0.968467033407703	-0.325164007070675	-0.270130936401242	0.82300486886451	-0.88081350835914	0.935429070906557	-0.579312162715991	-0.244514870033995
CD44	0.915727625601369	0.941521524672375	1	0.827765784974485	0.86143225529294	0.779701037373643	0.948382899261808	0.879744571047161	0.918339163609922	0.367618503575505	0.932707475536806	0.738259827094145	0.916645489953976	-0.640310213696085	0.877331185258197	0.819539080928411	0.861120476991978	0.48992275316018	0.938940981724687	0.882151891920085	0.803031749493513	0.91153174239036	0.942352868011425	0.950157893047394	-0.0164943508019033	0.88357615356101	0.648867965244689	0.953436533484835	0.961995500986028	0.449681440287956	0.755361128847734	0.823690967065651	0.864514917538619	0.78467497847518	0.833756519024665	0.914694781123585	0.75668683520696	-0.299316172185116	-0.0958671341901416	0.883855474314433	-0.205963377544385	0.81057018984224	0.931475013252083	0.900158292522382	-0.722642997854666	0.876599020706318	0.0778602000279799	0.474827389686179	-0.777653439800473	0.389414965772741	0.851945583592669	-0.0737698592724192	0.922028434710907	0.876428256102135	0.917514241481389	0.602506485937992	0.712643626032151	-0.104457866642994	0.576990203204085	0.809438679970268	-0.734717466233031	0.950285348230447	-0.288434077356108	-0.24945122363922	0.863567139371066	-0.823194184229771	0.881246705769821	-0.519224204705726	-0.148059539197408
ITGB1	0.954662641605071	0.900731779480625	0.827765784974485	1	0.596355415081322	0.952502276033687	0.876389446716012	0.88449803514154	0.850874487440631	0.288072889946829	0.875332281379787	0.965288739372878	0.923591080475798	-0.420546614972625	0.772015005068473	0.716984885755054	0.895632672199169	0.678737505252929	0.866722530776402	0.807560233627299	0.976382151135979	0.753118451432146	0.905146167250489	0.902259097337998	-0.00168036075963006	0.924090817370046	0.633760069952758	0.906663931469431	0.862704828069139	0.703970385205397	0.943420954352706	0.779124730968567	0.720412995655673	0.764690826539591	0.513961595916012	0.756750702876305	0.627282814482642	-0.404125842648835	0.0689136650006457	0.716174399673541	-0.111844532750654	0.975393532224852	0.742350014044257	0.797416943871087	-0.564009422849344	0.928401459731003	0.0285284393928037	0.512091389070871	-0.62904882567948	0.603909729877454	0.870864278430294	-0.10499545931316	0.949128523900131	0.868413254311037	0.920850135127391	0.493113938284014	0.90149374890171	0.0946292270280588	0.539053386489614	0.985920219333501	-0.573258933715834	0.913042967272697	-0.00160206255039767	-0.000973439806593317	0.869617170109693	-0.664255462525344	0.928144633049597	-0.386220922067443	-0.0335190420872516
GPR171	0.742223136823466	0.863628471210052	0.86143225529294	0.596355415081322	1	0.563410983129653	0.890996747453334	0.75706462825102	0.915292746285412	0.357198598699092	0.860758582823429	0.479409804553232	0.831519727091713	-0.718980024862114	0.888755866596209	0.876269073595262	0.606369398703908	0.150209266469083	0.897066228133605	0.746067507918822	0.596795953127238	0.924746103963931	0.833787113855386	0.846838572626528	-0.102829936514806	0.670888420401582	0.665299711923051	0.802545621034613	0.856208119976123	0.111204950385907	0.530581865098692	0.826535584524417	0.939193893655194	0.624743178650955	0.852294823254963	0.88469836984762	0.614575082474545	-0.240871921957451	-0.335200315691303	0.816317589823307	-0.300564798007981	0.627188590377657	0.969149649646322	0.903386178759506	-0.783819642605027	0.676611935021597	-0.0235943788014405	0.424974349550417	-0.794334875411137	0.269113104228568	0.767091770185341	-0.335035123192441	0.727667552224886	0.712278135920832	0.740099686337143	0.472986515571519	0.626994852354492	-0.302991931386295	0.574583222435431	0.596800422480849	-0.792850507798339	0.843234834999775	-0.617416781430123	-0.396453801023998	0.674364574793526	-0.861119287833877	0.737681102973247	-0.569086901831546	-0.350576688019748
NCL	0.901075173351206	0.83810787427557	0.779701037373643	0.952502276033687	0.563410983129653	1	0.815782888349813	0.820660480883858	0.805513157684825	0.413604311533131	0.795706292630954	0.905721541351245	0.856237391671403	-0.311916823253311	0.722045909191271	0.67090384594084	0.802006419008485	0.789261705198945	0.809550607255362	0.798269728180684	0.952369688074382	0.676941204507345	0.861855682148242	0.822130499317808	0.143794581392178	0.915706727043183	0.579934601530968	0.816840777876969	0.78307945782556	0.787111051250522	0.840211812935143	0.772746345423552	0.655559284768844	0.788399535367788	0.477939099926478	0.700132379959973	0.582265096459029	-0.207272836408432	0.155311592936451	0.675988001437323	0.0686137844733075	0.925357341624641	0.696644848475028	0.754516513786308	-0.452887481619375	0.861736703696706	0.128960806404194	0.532594776278374	-0.516681717052999	0.685349209812544	0.868661331461193	-0.08200974466576	0.90494519154317	0.851274030379207	0.887185219072183	0.626961619082552	0.866923240536019	0.285487713111815	0.615618286430507	0.932291252705298	-0.447433209829093	0.842806940305939	0.0810691802496275	0.1291708390264	0.896021859443854	-0.56889410822807	0.892873548299038	-0.247833113248989	0.184227122986192
RPSA	0.921366997837261	0.980349712037167	0.948382899261808	0.876389446716012	0.890996747453334	0.815782888349813	1	0.903990401769612	0.986320721887626	0.290375168202478	0.973272767853091	0.793166674535622	0.985711503176516	-0.65668731702331	0.923403359696822	0.867815040193953	0.878361759105428	0.403428374023427	0.998006469945357	0.882230829658678	0.84969744803378	0.968503453222532	0.949081132303958	0.992418847426314	-0.0615366695055916	0.860158506010033	0.721397285290539	0.974590043908829	0.978008370458443	0.427971769317638	0.83655021879127	0.896926610703814	0.915752568856042	0.750630452263149	0.757507511136418	0.949240571621088	0.661037103459391	-0.357123372398005	-0.170590853869929	0.880076857660071	-0.232306701741672	0.868368075283868	0.947251203662841	0.96063092133556	-0.754884465844958	0.892091583771589	0.028068953078329	0.536075993673188	-0.794812606739625	0.462381181554239	0.920894836805188	-0.250595843506413	0.933931064209029	0.86382331311452	0.920115929438906	0.52166093141481	0.830037766582455	-0.144190416010598	0.650863527332453	0.870414821985777	-0.76369245889808	0.980718582923851	-0.35410860050085	-0.221041407017653	0.842450304598826	-0.849351137117355	0.935573243381996	-0.522289578950841	-0.243130639657234
ITGA1	0.937637907280467	0.961112867493407	0.879744571047161	0.88449803514154	0.75706462825102	0.820660480883858	0.903990401769612	1	0.907599433650439	0.503679947145843	0.929751398223401	0.844490949391766	0.934185879702146	-0.657455424019244	0.923465833400595	0.897588813935711	0.858993517589506	0.541272667065126	0.908105835634039	0.883594279786499	0.862746637128167	0.857083712874796	0.936644960560103	0.908506098395829	0.105585264039391	0.932162902830364	0.878579552767423	0.902189513190466	0.854242057161241	0.522893857247753	0.861967519312408	0.864567814770552	0.85749993796558	0.683261049534333	0.760475064658796	0.834333834290485	0.84118173956018	-0.483662388046253	-0.0432469207922165	0.789997382044918	-0.259161564908987	0.870982557162738	0.862074886703326	0.917964427604806	-0.728805926576699	0.917348002953376	-0.129642445406202	0.436251362357954	-0.814788519638841	0.432058852759999	0.828814244044367	-0.143237540249898	0.942461172665289	0.939005380059232	0.82554546875256	0.555010693621113	0.885098391276465	-0.110430695100755	0.514817987860512	0.888217083346562	-0.779810193433778	0.886025639363223	-0.235640720605912	-0.26507724301582	0.749514845885991	-0.840060260777177	0.890941405154782	-0.557665131153454	-0.189906290369958
CXCR4	0.904059123931733	0.978373356629717	0.918339163609922	0.850874487440631	0.915292746285412	0.805513157684825	0.986320721887626	0.907599433650439	1	0.36508297580326	0.959132619918542	0.756765544175391	0.978820158484688	-0.653372953003025	0.933404215578311	0.904411393824427	0.818318174397395	0.394660545251932	0.990162432487633	0.868785299146699	0.834047767808103	0.959788237046362	0.947497644861797	0.96814187125803	-0.024699827067105	0.850240433223023	0.761182088380195	0.939357177830235	0.944977831210375	0.416434677390113	0.80461873281809	0.896602606874011	0.953259393306166	0.760865592315379	0.756887315193279	0.925712416759138	0.666469053838083	-0.331452399198859	-0.188085963769143	0.873020507767339	-0.222304155143765	0.856148598972274	0.963158830753381	0.962034739729295	-0.744634970845145	0.853516954356882	0.018786321750652	0.560659646584908	-0.78114818586926	0.473975345857917	0.914644337520936	-0.292675013520186	0.907005488725395	0.847126350884358	0.89103091328151	0.527325511644019	0.838204384934211	-0.125730193545815	0.650063031368261	0.855177294366469	-0.760857970779651	0.959685497865581	-0.37592739502482	-0.217755372807267	0.81867813871711	-0.848615065524538	0.909128241033998	-0.522105613748748	-0.235374309868749
NOTCH1	0.388336136510446	0.401642600212177	0.367618503575505	0.288072889946829	0.357198598699092	0.413604311533131	0.290375168202478	0.503679947145843	0.36508297580326	1	0.321076063554929	0.255954134637574	0.299838550007795	-0.19207783466833	0.473536773423978	0.530220040302165	0.179875253913408	0.52189719416915	0.309099481732046	0.475998104870918	0.320509120452095	0.271879186446939	0.429182594376521	0.249248500228521	0.41943263447962	0.521946501251566	0.564096934141366	0.242550412189414	0.210273967824893	0.31963984547674	0.179373573202722	0.432416853692138	0.398693711403357	0.365165486804043	0.507251765999777	0.278610896882737	0.638074019010437	0.0692957964329654	0.108670015729424	0.305437774339885	0.0571729002503552	0.283872096876395	0.411727520314048	0.405604768138391	-0.261231823266733	0.316680764976706	-0.0458639802197792	0.0674785977265231	-0.302055471927208	0.225929590781665	0.334404196109372	0.0774668315240933	0.397309092982521	0.529068289564333	0.245011473574346	0.689779507389401	0.355162405159271	0.235870032410589	0.279616982934488	0.290072127263988	-0.292647798265877	0.253920877137189	-0.00419356579029501	-0.116817411806811	0.304699378218036	-0.398380001420816	0.29595352323183	-0.191790976733121	0.296195719960955
CRTAM	0.942758595670092	0.974332142550658	0.932707475536806	0.875332281379787	0.860758582823429	0.795706292630954	0.973272767853091	0.929751398223401	0.959132619918542	0.321076063554929	1	0.805373775086546	0.967696139078646	-0.670520072693661	0.918944368081797	0.86748784520583	0.861692687699626	0.412919686399127	0.967165124146551	0.859814477757931	0.848534250963368	0.930973112000156	0.949955994261766	0.971208871528666	-0.0845132215684809	0.871364088556307	0.74217574851485	0.960318432149296	0.948941825300767	0.40041005808624	0.85295152417232	0.87136844144387	0.90162858007551	0.718113620395647	0.802002925134507	0.907933353008952	0.751421325629566	-0.462307520754494	-0.0995127747444421	0.848679600863003	-0.302269941350795	0.870929472015805	0.920922547743247	0.952940769540458	-0.778776012306118	0.940272091200226	-0.090853694109017	0.42339799391259	-0.844014451746814	0.463156563433772	0.852321414498533	-0.181899186422833	0.925427131304203	0.906902688594571	0.904861692413514	0.469818160556262	0.855429176757538	-0.231388237782459	0.553450104749704	0.85373621621006	-0.807340141998631	0.959826529444876	-0.361811523472695	-0.307022182142274	0.818582871840135	-0.880964372821915	0.895830163037912	-0.588850544581204	-0.297555393905896
CLEC2D	0.906049627733669	0.832096197632942	0.738259827094145	0.965288739372878	0.479409804553232	0.905721541351245	0.793166674535622	0.844490949391766	0.756765544175391	0.255954134637574	0.805373775086546	1	0.861159008481104	-0.340552631574553	0.735205844991343	0.666404104085521	0.872334063803837	0.634764941110193	0.783528231349493	0.717452542538399	0.949141863846324	0.669454957854368	0.822332152463481	0.833948275157547	-0.0314876832706038	0.877157771749809	0.634250073117188	0.83908829511099	0.776939810659368	0.677418690051197	0.944795070048932	0.751918558293637	0.602199329768759	0.62338275522636	0.424990293543185	0.699634338342812	0.585129491802109	-0.447121622179939	0.072821675128425	0.600461231231686	-0.160297347352234	0.941171710048772	0.633127797380078	0.736076538686136	-0.52784058306509	0.900096040032311	-0.0637343445640611	0.378121402346402	-0.603441931622033	0.506655515794531	0.796855304404262	-0.105735150315805	0.917000468594928	0.841716405684845	0.822902121966728	0.437597119292543	0.911462878176582	0.0424369321302764	0.44822584433396	0.962610650308566	-0.52879037937564	0.838745074246396	0.0483504049999435	-0.0112863346493437	0.754919299747204	-0.630116440237055	0.897619793713091	-0.397676250571386	-0.061276624288649
CD69	0.942912412457553	0.985508722461783	0.916645489953976	0.923591080475798	0.831519727091713	0.856237391671403	0.985711503176516	0.934185879702146	0.978820158484688	0.299838550007795	0.967696139078646	0.861159008481104	1	-0.622379355692009	0.915993779297352	0.866079528629762	0.896703188886723	0.457720535871681	0.985323079793983	0.868095064086899	0.900540267596477	0.935837621380156	0.954189486088879	0.987692623432544	-0.0447112913425926	0.885214950161254	0.760565309494885	0.970406542227011	0.954346408134107	0.49658230782595	0.897417646656552	0.890316417468154	0.900114810954145	0.748024762464459	0.690715684887392	0.916359974075746	0.664879474998116	-0.410772889802765	-0.144091732206819	0.843179426383822	-0.241089694551041	0.91901811664243	0.912216276655789	0.944959204086269	-0.731634996629793	0.910548800337722	-0.0117622204675689	0.54437186899783	-0.779987679446533	0.482671838698659	0.918155477484516	-0.25996252446668	0.955287194886606	0.877431996955295	0.916671847305187	0.493729342274611	0.89105738072688	-0.112568125337995	0.613312825267804	0.927654425127842	-0.746315057064409	0.975275841376497	-0.281785105793298	-0.186728768010271	0.82917117287304	-0.831369556763701	0.951039226318232	-0.524773842439767	-0.229740369042628
DIP2A	-0.562949529429114	-0.684393898686108	-0.640310213696085	-0.420546614972625	-0.718980024862114	-0.311916823253311	-0.65668731702331	-0.657455424019244	-0.653372953003025	-0.19207783466833	-0.670520072693661	-0.340552631574553	-0.622379355692009	1	-0.69520480852622	-0.65008094848379	-0.493777297665527	-0.0719708190258487	-0.664010179105768	-0.551220888397658	-0.443349496054899	-0.69928649249315	-0.659580000753253	-0.626259720287873	0.185698772000009	-0.473044832921543	-0.628995007240385	-0.617090776808634	-0.622346330852797	0.0807103748489839	-0.397928440581653	-0.65089591764853	-0.725428041305618	-0.28547169837801	-0.682431097781518	-0.65855073031764	-0.577418666494555	0.56410183499059	0.463893872978002	-0.500340630337232	0.546434284763177	-0.477608863102281	-0.728725839453117	-0.684693133798173	0.841096517403326	-0.544333529017995	0.407397939602632	-0.268716500826404	0.839195642898717	-0.0105074430656078	-0.439370376936687	0.357786141117189	-0.56619161758351	-0.606460751535893	-0.484131077326836	-0.255262298243201	-0.497663174736858	0.51790291008029	-0.243438864333736	-0.403082949386814	0.873822897213093	-0.59675717124761	0.610139750341441	0.647764620210774	-0.362801578860184	0.813459581895931	-0.527250934820395	0.663577245389354	0.573254314301546
PTGDR	0.862373702807413	0.944666510110409	0.877331185258197	0.772015005068473	0.888755866596209	0.722045909191271	0.923403359696822	0.923465833400595	0.933404215578311	0.473536773423978	0.918944368081797	0.735205844991343	0.915993779297352	-0.69520480852622	1	0.967244877791237	0.776538306887704	0.310416667865412	0.934964010375434	0.847670466530192	0.752474925556599	0.933365126082328	0.88622098976935	0.904271059063695	0.0489493516121261	0.850151814498043	0.882990712785349	0.871940746583247	0.863943991912105	0.334038982108989	0.744787655795758	0.948961039079407	0.891245688281019	0.605707320543572	0.825672195751566	0.929629366263558	0.742475879804427	-0.383860155507943	-0.18084279504398	0.817469135798847	-0.266310733041798	0.764979390216587	0.927295419084759	0.968609325881487	-0.782039342840559	0.829244525995046	-0.0917382681197568	0.392715965978603	-0.837849835846991	0.31866961746914	0.858262898317099	-0.252972962678822	0.884745498455063	0.876206024949607	0.755237379384113	0.600997074903829	0.830596218997328	-0.230845021509237	0.627450607531151	0.781516277112925	-0.80843381221595	0.879537879132734	-0.442652409209419	-0.3278437437257	0.691581749033858	-0.895119143596153	0.892633392604675	-0.551189608076957	-0.28819876962641
SLC16A7	0.81968334736775	0.904073852293429	0.819539080928411	0.716984885755054	0.876269073595262	0.67090384594084	0.867815040193953	0.897588813935711	0.904411393824427	0.530220040302165	0.86748784520583	0.666404104085521	0.866079528629762	-0.65008094848379	0.967244877791237	1	0.679272559321999	0.288984084515265	0.883604559470841	0.790533641810419	0.690195169966193	0.880825616522007	0.85076727473025	0.842896687100292	0.0700205431515762	0.81881328095751	0.886019747396579	0.799805829108599	0.794284418722137	0.313847047024654	0.691333321338233	0.877031851531421	0.909351980509366	0.622846803032116	0.818525044853553	0.853833524080707	0.756247368632743	-0.350145374120042	-0.167858619320983	0.79518342205382	-0.253019901109491	0.717921060229653	0.912933677975979	0.923562756005088	-0.744526553450052	0.75262426726413	-0.091976848389269	0.429350288489776	-0.789994040131389	0.329740890479346	0.819878160942073	-0.222113521224673	0.814866017849704	0.801716130773497	0.690627030818416	0.569926760109196	0.782806649739336	-0.20392905897751	0.579479503526714	0.740079382176419	-0.781387651345971	0.827635393765538	-0.468046028823383	-0.332850882514688	0.629327252068371	-0.848478710123699	0.822036146763181	-0.540887320955285	-0.26028388461665
PTGER2	0.855482728448165	0.871721973727811	0.861120476991978	0.895632672199169	0.606369398703908	0.802006419008485	0.878361759105428	0.858993517589506	0.818318174397395	0.179875253913408	0.861692687699626	0.872334063803837	0.896703188886723	-0.493777297665527	0.776538306887704	0.679272559321999	1	0.493757980412341	0.871083710863493	0.850860693970811	0.834186805380453	0.837193062803863	0.821350867564273	0.918226201718895	0.0757678993997569	0.84160361676612	0.664424658911247	0.944989929685785	0.895774902747469	0.605368466074172	0.92118027204347	0.770182758363155	0.67371944662251	0.657424448534208	0.569297594284616	0.852960598625313	0.606548645955111	-0.341804174854509	0.00660146384310553	0.7978892735184	-0.119383428292677	0.82735302682457	0.723606003296353	0.816009880045285	-0.565236674461255	0.889711657253286	0.107595416937423	0.499814053020261	-0.636453773405274	0.422648463830398	0.850696820418565	-0.0489794904308913	0.932590177801413	0.829883417822171	0.842941200050751	0.514929786512896	0.764876913078542	0.000863676439044662	0.58688748230563	0.896346385054792	-0.575123768385388	0.877325359823317	-0.0342973584033789	-0.0457640789004928	0.768958017737587	-0.663533548966841	0.912591255286515	-0.386165474489438	-0.0863672055775196
PTPRA	0.628815498738541	0.479540061571368	0.48992275316018	0.678737505252929	0.150209266469083	0.789261705198945	0.403428374023427	0.541272667065126	0.394660545251932	0.52189719416915	0.412919686399127	0.634764941110193	0.457720535871681	-0.0719708190258487	0.310416667865412	0.288984084515265	0.493757980412341	1	0.388414404456125	0.523553196585883	0.708647939463672	0.220045568063507	0.585300920263611	0.420845405107742	0.287980695575439	0.704307050727687	0.275142135638098	0.455224065254586	0.396525342636598	0.819778702346773	0.519693296050081	0.354243347099221	0.29393102313646	0.647531971916656	0.237930352617882	0.252016853259566	0.5216505746959	-0.0546641830268404	0.352654140313072	0.337599328269542	0.204791733289363	0.660881117110246	0.329685641733409	0.33380634549742	-0.134374788687019	0.578699615646711	0.117950549680106	0.357291773994406	-0.203312336337717	0.595932253643167	0.471945642306139	0.199981509944514	0.610067212660444	0.629370090369542	0.619706353540026	0.559392250215282	0.525169548754345	0.543510600355164	0.261085950709786	0.637634329634874	-0.14371477688252	0.466105270896398	0.416394066912307	0.232137923176191	0.67907276801706	-0.221322458271185	0.50477580599725	-0.0659357537832956	0.519809076760217
RACK1	0.90972968151467	0.980757781826613	0.938940981724687	0.866722530776402	0.897066228133605	0.809550607255362	0.998006469945357	0.908105835634039	0.990162432487633	0.309099481732046	0.967165124146551	0.783528231349493	0.985323079793983	-0.664010179105768	0.934964010375434	0.883604559470841	0.871083710863493	0.388414404456125	1	0.88855319131842	0.839652292158933	0.974890906068189	0.942261275657698	0.987276602547655	-0.0321493374402149	0.858249831799822	0.749116180301995	0.966348567698379	0.969043303030327	0.425723220942546	0.828145214430439	0.910945042136325	0.922086280652589	0.73894952444584	0.755217185288259	0.955050670804976	0.655012641888004	-0.349288352049474	-0.180300886039414	0.881342183161815	-0.217303030806525	0.856566911630959	0.950102247887548	0.966745729500327	-0.749975622102347	0.877130452366541	0.0380350845392684	0.545482420104456	-0.789844639746783	0.452335056679175	0.928896513275228	-0.270881391114399	0.929082759044361	0.858410823805672	0.901950934403936	0.537907979436122	0.830856589429091	-0.135548213608268	0.674178026704526	0.866900162644592	-0.761746679385509	0.971033757420322	-0.35790653431188	-0.211879799062961	0.829482150985102	-0.849321950234389	0.938701760932798	-0.506122594958592	-0.243376042432227
LRP10	0.833347260818456	0.886862041159922	0.882151891920085	0.807560233627299	0.746067507918822	0.798269728180684	0.882230829658678	0.883594279786499	0.868785299146699	0.475998104870918	0.859814477757931	0.717452542538399	0.868095064086899	-0.551220888397658	0.847670466530192	0.790533641810419	0.850860693970811	0.523553196585883	0.88855319131842	1	0.762360472480393	0.860765835357275	0.856053312984923	0.868990434906703	0.276204628582591	0.889303080751326	0.760000637137274	0.870577047569408	0.846060610594964	0.571664612612114	0.749120217420338	0.840682860360459	0.774315018308388	0.711763515665761	0.750892926141047	0.853077775156998	0.731544701054491	-0.255800900516415	0.0674831586900643	0.865190565350374	0.0190689003563684	0.741885044503453	0.822053512886502	0.884794159544659	-0.573892715949205	0.837469463209899	0.183289784270897	0.502246053280099	-0.655500243273883	0.465644401634739	0.87070598685175	-0.0777483430401161	0.885939304853165	0.868154851107957	0.822793412113557	0.710603858133565	0.729542270106165	0.0848119896731222	0.724818949254322	0.798381350256045	-0.621925108801843	0.83512010397256	-0.129465833833669	-0.0369097857155916	0.812189133554206	-0.698466525754715	0.866998333984482	-0.292891472288191	0.00029768261181996
CD47	0.947171752585509	0.887686488665799	0.803031749493513	0.976382151135979	0.596795953127238	0.952369688074382	0.84969744803378	0.862746637128167	0.834047767808103	0.320509120452095	0.848534250963368	0.949141863846324	0.900540267596477	-0.443349496054899	0.752474925556599	0.690195169966193	0.834186805380453	0.708647939463672	0.839652292158933	0.762360472480393	1	0.711204451662426	0.911632681118439	0.868469774719814	-0.0544600446604983	0.899454525362505	0.605990891865046	0.867068890012632	0.830921166378661	0.66609713221334	0.887707483901417	0.78784427236306	0.712659500876029	0.718745798222878	0.486319497282154	0.723989843083521	0.606269297057473	-0.41545914951549	-0.019303786208428	0.629915928300462	-0.176512947031836	0.987208560497854	0.740653408550848	0.77255411916291	-0.59499857723662	0.902760056558282	-0.0653890038255933	0.460438923294393	-0.653394125970766	0.547414187581664	0.822566983639247	-0.215454002155277	0.9342414780639	0.879649902738458	0.908276806851367	0.47536607497712	0.917152647706154	0.0697917519034541	0.464195571002725	0.963963426313743	-0.591899777643243	0.894108132209448	-0.0193227492568021	-0.0480559270951036	0.851713758941727	-0.686708930672902	0.902262877649934	-0.443880577408562	-0.0560340689766618
CD3D	0.816918468679974	0.936807331830309	0.91153174239036	0.753118451432146	0.924746103963931	0.676941204507345	0.968503453222532	0.857083712874796	0.959788237046362	0.271879186446939	0.930973112000156	0.669454957854368	0.935837621380156	-0.69928649249315	0.933365126082328	0.880825616522007	0.837193062803863	0.220045568063507	0.974890906068189	0.860765835357275	0.711204451662426	1	0.868342985819164	0.954169783068044	-0.018688004466115	0.767650246571957	0.759079025485761	0.932236108772388	0.944922614572319	0.292022335115403	0.749354764316791	0.893526071890255	0.908752384995202	0.647886026063563	0.785747857589918	0.975090685048527	0.614904506535879	-0.300714790072112	-0.252560533574844	0.894422850816277	-0.241736841211499	0.733016445885669	0.941684121980628	0.959634834458018	-0.754956973355236	0.799968073921693	0.0496286445511602	0.515541932213937	-0.785987937051763	0.335003204180532	0.885919965384366	-0.285410241569225	0.861824151702102	0.791293778743876	0.810883274576355	0.519501594185327	0.733405931450659	-0.226531023442657	0.679712792894623	0.763471862415423	-0.767349078056954	0.91730973697565	-0.450319928456478	-0.27025498741118	0.728863582399406	-0.848314091554353	0.883144405802715	-0.515619866918521	-0.310876553127685
CD96	0.975170911446506	0.977835169492215	0.942352868011425	0.905146167250489	0.833787113855386	0.861855682148242	0.949081132303958	0.936644960560103	0.947497644861797	0.429182594376521	0.949955994261766	0.822332152463481	0.954189486088879	-0.659580000753253	0.88622098976935	0.85076727473025	0.821350867564273	0.585300920263611	0.942261275657698	0.856053312984923	0.911632681118439	0.868342985819164	1	0.944146034667786	-0.0751319478531679	0.917825876394738	0.709744734529936	0.933399287592536	0.925578897287516	0.485099818261596	0.813606762255962	0.847574127874363	0.907803461968049	0.788537043708698	0.759870301846748	0.845291464264263	0.77134605146738	-0.435021672413413	-0.132800676759561	0.790592272905599	-0.293708386426989	0.926269729961314	0.93118485775813	0.904729390705333	-0.769920401423449	0.911777565008915	-0.0859380636418412	0.482509710596023	-0.819369090267867	0.479204803768766	0.845522245945023	-0.194395610415139	0.945498317668434	0.91464512771613	0.941108015994441	0.524280715827449	0.853042310705074	-0.101375996009726	0.499803856761902	0.889873062926831	-0.786887237210196	0.960109386116848	-0.279556253958273	-0.273165962796035	0.863559147025723	-0.860562713850418	0.891011805625816	-0.588570009357692	-0.199441766083883
CD3G	0.933297386127328	0.97661968371932	0.950157893047394	0.902259097337998	0.846838572626528	0.822130499317808	0.992418847426314	0.908506098395829	0.96814187125803	0.249248500228521	0.971208871528666	0.833948275157547	0.987692623432544	-0.626259720287873	0.904271059063695	0.842896687100292	0.918226201718895	0.420845405107742	0.987276602547655	0.868990434906703	0.868469774719814	0.954169783068044	0.944146034667786	1	-0.0776901700500014	0.868128345080696	0.705987977042943	0.991250904770877	0.985789526725506	0.461338211886322	0.878121058986647	0.872132831698695	0.886526938500469	0.747122459611655	0.723469131515008	0.940736241262348	0.657604563649414	-0.377146322907101	-0.152344560484128	0.872350082920671	-0.245893318489095	0.887562054603675	0.919630493089558	0.938418872711239	-0.736852046704464	0.909650109735996	0.0280762659438732	0.530337941618474	-0.78205339620573	0.44729963227566	0.913333232619016	-0.215076255637226	0.949906910640998	0.864472482376298	0.927118058077817	0.495437407407879	0.831213385530482	-0.143032436507638	0.613715704669334	0.899627475678287	-0.743794568853787	0.987075615717862	-0.30339609484844	-0.206980592650642	0.840047049317215	-0.830192033482379	0.945043513837915	-0.531760399003844	-0.238742027523713
PTPRJ	-0.0632794004495596	-0.0294634141406099	-0.0164943508019033	-0.00168036075963006	-0.102829936514806	0.143794581392178	-0.0615366695055916	0.105585264039391	-0.024699827067105	0.41943263447962	-0.0845132215684809	-0.0314876832706038	-0.0447112913425926	0.185698772000009	0.0489493516121261	0.0700205431515762	0.0757678993997569	0.287980695575439	-0.0321493374402149	0.276204628582591	-0.0544600446604983	-0.018688004466115	-0.0751319478531679	-0.0776901700500014	1	0.213162097311614	0.27612714775258	-0.0659016773186412	-0.127493058603259	0.535679724018244	-0.00272385164824133	0.0738824577227471	-0.103993677763629	0.159946210320426	0.0612017802423844	0.0186848803450414	0.168291375698613	0.430274896972324	0.561860949857918	0.219150426521506	0.728719984174262	-0.131652940422079	-0.0870751925531214	0.0479232792170107	0.409814008978783	-0.0259989713404108	0.50343013598299	0.232707908193466	0.288722271549269	0.197396071718884	0.1463404727532	0.296625672296531	0.0417082233444015	0.105838725276549	-0.0868758720344144	0.525439852793305	-0.0146459853942653	0.625587216216729	0.415246351752784	0.0202274806851203	0.315284108223409	-0.14414297047584	0.417046563442854	0.535108932167151	0.0965945042644448	0.280380903236951	0.0620805281172822	0.54815542988059	0.623934139414752
PTPRC	0.95104391937278	0.908372729153777	0.88357615356101	0.924090817370046	0.670888420401582	0.915706727043183	0.860158506010033	0.932162902830364	0.850240433223023	0.521946501251566	0.871364088556307	0.877157771749809	0.885214950161254	-0.473044832921543	0.850151814498043	0.81881328095751	0.84160361676612	0.704307050727687	0.858249831799822	0.889303080751326	0.899454525362505	0.767650246571957	0.917825876394738	0.868128345080696	0.213162097311614	1	0.743993988687561	0.869037032294093	0.828774864550013	0.713175052311289	0.835014902670924	0.819753145084217	0.752521442878956	0.792335336865362	0.711598029987679	0.782787222447029	0.80905036747296	-0.337407500011247	0.18237486181205	0.792312676884397	-0.0140721767822789	0.882333162818882	0.799428555443386	0.84293454212231	-0.552192345246066	0.912929283744032	0.0926036777980528	0.455475233882308	-0.658242085665292	0.551273627617985	0.862541293323672	0.0181669187121614	0.943525546482	0.929931003965149	0.876954754865737	0.676815396690402	0.844711919543051	0.133103491149502	0.596998927494992	0.907943830020063	-0.598891023253547	0.873484153126958	-0.0242168338592493	-0.0298981804305855	0.876160861005672	-0.699551818365814	0.903258269060443	-0.34071364580688	0.0397031643866321
PDCD1	0.689480639846295	0.795283811403222	0.648867965244689	0.633760069952758	0.665299711923051	0.579934601530968	0.721397285290539	0.878579552767423	0.761182088380195	0.564096934141366	0.74217574851485	0.634250073117188	0.760565309494885	-0.628995007240385	0.882990712785349	0.886019747396579	0.664424658911247	0.275142135638098	0.749116180301995	0.760000637137274	0.605990891865046	0.759079025485761	0.709744734529936	0.705987977042943	0.27612714775258	0.743993988687561	1	0.677855762912124	0.61639717739275	0.345690404158696	0.676093467674479	0.816802397637117	0.74263065113442	0.424685915276465	0.675689761522787	0.736057803831958	0.733769417303069	-0.428257788056032	-0.0965290532865628	0.655446373398381	-0.215391156600406	0.609082230985506	0.719461760701664	0.83233762464621	-0.630597039887293	0.681792622304849	-0.171178403009619	0.328844134987889	-0.710674786970064	0.236156728134445	0.691461473888323	-0.204960165993231	0.748397906320978	0.769885160945418	0.508794172355183	0.543948593957267	0.768268867792571	-0.156529184701422	0.517281366879949	0.675265542822141	-0.698914729561657	0.641588308652414	-0.29311923329382	-0.272367547214996	0.439757285100821	-0.75122725338041	0.732203995450909	-0.450880290934931	-0.232977338073101
CD8A	0.930097535481111	0.963002545158109	0.953436533484835	0.906663931469431	0.802545621034613	0.816840777876969	0.974590043908829	0.902189513190466	0.939357177830235	0.242550412189414	0.960318432149296	0.83908829511099	0.970406542227011	-0.617090776808634	0.871940746583247	0.799805829108599	0.944989929685785	0.455224065254586	0.966348567698379	0.870577047569408	0.867068890012632	0.932236108772388	0.933399287592536	0.991250904770877	-0.0659016773186412	0.869037032294093	0.677855762912124	1	0.986532263409658	0.486860143852381	0.887523095552627	0.84039983649277	0.850787436004342	0.746331312107493	0.710362800843524	0.92495483425557	0.670270356705756	-0.375436805007489	-0.122329153638074	0.865432507310932	-0.235649206526605	0.881590623605778	0.890091283077825	0.90701031090803	-0.715304598356502	0.918924196052895	0.0412436037209996	0.524820651509343	-0.764134729226026	0.439715813276722	0.89254583330299	-0.151498669144879	0.95317680103686	0.870871955726196	0.927943130384458	0.508581485215362	0.802519620062979	-0.124624846395139	0.59021577087893	0.898097310149565	-0.722163969823472	0.977246528940169	-0.242071783914398	-0.195126618101336	0.84618586330873	-0.807199763192983	0.933332973981136	-0.52197404962245	-0.210022425080065
CD8B	0.905221284772547	0.94976160616468	0.961995500986028	0.862704828069139	0.856208119976123	0.78307945782556	0.978008370458443	0.854242057161241	0.944977831210375	0.210273967824893	0.948941825300767	0.776939810659368	0.954346408134107	-0.622346330852797	0.863943991912105	0.794284418722137	0.895774902747469	0.396525342636598	0.969043303030327	0.846060610594964	0.830921166378661	0.944922614572319	0.925578897287516	0.985789526725506	-0.127493058603259	0.828774864550013	0.61639717739275	0.986532263409658	1	0.411989921717869	0.816749809208555	0.838152865945071	0.867713907787479	0.741879007365301	0.727340380502887	0.934637370120296	0.617157433402537	-0.321919763815506	-0.184907575285912	0.868648020541583	-0.24194729144085	0.84730777269375	0.919339658925604	0.899699636134243	-0.727997341860276	0.877544370417993	0.072574562728645	0.528201539914496	-0.758961740014945	0.414439301657603	0.890265905499753	-0.198210887781904	0.918033962992159	0.831324201485358	0.929555386643679	0.498444830803957	0.750574727383589	-0.153359404134616	0.602955338814954	0.8522496552217	-0.721134243318879	0.981920582764394	-0.31275921655473	-0.213397024522027	0.855354211937626	-0.811329710171381	0.914019632449766	-0.525987577678038	-0.236975991261437
ACTR2	0.567706265835717	0.459587546261532	0.449681440287956	0.703970385205397	0.111204950385907	0.787111051250522	0.427971769317638	0.522893857247753	0.416434677390113	0.31963984547674	0.40041005808624	0.677418690051197	0.49658230782595	0.0807103748489839	0.334038982108989	0.313847047024654	0.605368466074172	0.819778702346773	0.425723220942546	0.571664612612114	0.66609713221334	0.292022335115403	0.485099818261596	0.461338211886322	0.535679724018244	0.713175052311289	0.345690404158696	0.486860143852381	0.411989921717869	1	0.634064255870779	0.370528550247253	0.244097184967671	0.683916934219987	0.145888032496173	0.338958290798401	0.387736422370149	0.0795090543372779	0.554933754985408	0.498258075008264	0.520508706332211	0.610647751644205	0.273158858447591	0.363219648380647	0.0969579264972788	0.549742083199776	0.463868360207616	0.530354473439924	-0.0162198825677721	0.658446331644528	0.615769358954077	0.249342156856697	0.607183660140638	0.53862431696337	0.577228761716715	0.579848395483463	0.532208034605059	0.693679199160066	0.525485293633233	0.699021989171286	0.0542664117004581	0.466402552197862	0.551343441926595	0.572852636406583	0.684087251521754	-0.049127881121385	0.598317042772587	0.235818306733649	0.594662107491033
JAML	0.879878433993187	0.853071813059294	0.755361128847734	0.943420954352706	0.530581865098692	0.840211812935143	0.83655021879127	0.861967519312408	0.80461873281809	0.179373573202722	0.85295152417232	0.944795070048932	0.897417646656552	-0.397928440581653	0.744787655795758	0.691333321338233	0.92118027204347	0.519693296050081	0.828145214430439	0.749120217420338	0.887707483901417	0.749354764316791	0.813606762255962	0.878121058986647	-0.00272385164824133	0.835014902670924	0.676093467674479	0.887523095552627	0.816749809208555	0.634064255870779	1	0.715734687495153	0.673997355675753	0.670453438624603	0.467540757991738	0.744819195491079	0.603447323960339	-0.459747999859466	0.0654803290162963	0.70734061052455	-0.176694211707425	0.904796823868785	0.663930756819395	0.782722816302469	-0.54769275050909	0.900917177444003	-0.0302919835903956	0.463991576766247	-0.622397220842074	0.527488008843665	0.811489767990114	-0.0743708664451196	0.902487350182834	0.80016093054973	0.823038239957025	0.369942024246222	0.885435367744417	-0.0164638774478531	0.482010745970741	0.946608651898861	-0.570894537800802	0.85726088096096	-0.0316741969061954	-0.0465943870204519	0.722375834799069	-0.637548992175101	0.87860823292158	-0.411684804116891	-0.117459101271259
