""	SDC4	EGFR	PARD3	F2R	DPP4	PVR	TNFRSF1A	NRCAM	TSPAN5	ITGB8	THY1	SMAP1	GPC1	LRP6	TYRO3	NOTCH4	CANX	IGF2R	NOTCH1	NRP2	APLP2	CAV1	PTPRA	CXADR	PLXNB1	NECTIN2	ADCYAP1R1	NOTCH3	AQP1	PLXNB2	S1PR3	CNR1	ITGA3	ADGRE5	HMMR	PDE1C	EDNRB	LINGO1	MCAM	IGF1R	APLP1	ITGB1	NOTCH2	VLDLR	FAS	TSPAN17	LIFR	LRP4	TNFRSF19	EPHB2	FGFR1	ITGAV	RXRA	SLC16A1	PTPRS	PTPRZ1	ACKR3	CD99L2	LPP	SDC3	TFRC	ABCA1	LRP5	CADM1	SIRPA	AMFR	LRP1	CD81	NRP1	GPR37L1	CD63	TNFRSF21	MCFD2	NCSTN	TRAF2	PILRB	LRP8	LAMP1	SORT1	NCL	CD44	LRP10	RPSA	C1QBP	SCARB1	TSPAN14	SORL1	CD74
SDC4	1	0.495766653303028	0.461588709604392	0.375038775372754	0.481451356720837	0.490418353396616	0.612774399767941	0.572405932435495	0.414971250662804	0.309723679988876	0.333646139379751	0.451355213565131	0.69166213724566	0.259320484996439	0.211519569941036	0.327250868924923	0.614396629770937	0.529416465403213	0.335283813951147	0.639841927927991	0.601307215498385	0.794218463064439	0.39215995737364	0.546888271465493	0.215096040542486	0.472971302236914	0.13900870983604	0.625344926852044	0.0975930195864858	0.644347109649592	0.792526854301549	0.512520838264271	0.722785615301345	0.441185464459161	0.268544543340303	0.514897130977332	0.142967565917343	0.178345786063597	0.143734994067997	0.565022275280466	0.530436130974788	0.602070938488191	0.431044990876081	0.608427328037718	0.578666392173569	0.47448336356327	0.200447096557347	0.175139488416084	0.460942749227563	0.458147536354841	0.751395978439859	0.374602568386646	0.572226578137805	0.739811332279289	0.306243846269635	0.261795078019398	0.209948066974866	0.40204205651238	0.607438220965124	0.291041559811828	0.52918537737993	0.588004099088862	0.298167114882452	0.409762979920016	0.335505541473658	0.57408130578328	0.414945913244612	0.444171434629176	0.757049243358714	0.110656392647268	0.537787855330037	0.346468007679174	0.582518110511587	0.51528739260654	0.396169154714566	0.335544976314444	0.329950524920076	0.501975782257637	0.398962099992009	0.413263892964052	0.459721216503356	0.501654617953617	0.438029636591185	0.393971343635702	0.715304600043547	0.427332989167242	0.462905648084311	0.46075438873321
EGFR	0.495766653303028	1	0.840423980439428	0.766584944794754	0.856414164623687	0.879345857596625	0.65967449590647	0.747074900858621	0.843212872175553	0.900836537616733	0.844676605899968	0.881691120554311	0.798393001986633	0.84350163187168	0.768743047892105	0.655489730912115	0.908862602929213	0.822198186578052	0.887517615174145	0.783382251114816	0.920112660572498	0.217269941523509	0.870031690997638	0.90765757011769	0.670834523005486	0.71883820445414	0.42671915555317	0.695669347217777	0.238685527377431	0.854292520216065	0.602571283174614	0.858960139171822	0.729249037496497	0.806634208776923	0.640988206038958	0.758231666273421	0.565103792309127	0.725036951108788	0.748196961762066	0.587341025520519	0.740024010958026	0.890582337751106	0.820109206883611	0.661094655715855	0.599532922352255	0.83463268638173	0.513240707812597	0.781786225836985	0.883287816256386	0.832950331916533	0.732355557846276	0.739468588995681	0.849284987619728	0.836538744617412	0.852946241643294	0.777570341994569	0.742307349819775	0.845999244531811	0.851548969776209	0.721555677229545	0.883492673756344	0.526043073286227	0.845013265275348	0.847053574132302	0.621754164750397	0.820244381418623	0.853792935325933	0.743325655646962	0.384994291237306	0.683282081049679	0.802266460947726	0.726398712145025	0.91661532567377	0.851271810276003	0.779703253220281	0.687834590815527	0.781276161289439	0.834026579421118	0.829759009384575	0.885417255596114	0.309101946365535	0.691520556444398	0.782273420477992	0.789316734781182	0.752516004783962	0.799439851760462	0.726876171317317	0.680201636940803
PARD3	0.461588709604392	0.840423980439428	1	0.69585579419937	0.791587041368804	0.759603198243132	0.632032377170201	0.682990557635998	0.804099885678772	0.804625758037795	0.704945667927151	0.824098744953006	0.716606099576014	0.766303109146392	0.673746942438528	0.650737229657296	0.825764269468382	0.790934806069952	0.835205832049779	0.683502520572612	0.839676104711877	0.214083636889557	0.803885959456926	0.777321151873549	0.611127081453016	0.619374334005291	0.399953012481614	0.665223201044498	0.227080881761267	0.79069945673654	0.524563539987339	0.771993589529045	0.650420010506934	0.72019446735422	0.697681845836296	0.698007786874046	0.51139268306402	0.595856548954002	0.667213605672766	0.549886313235937	0.679363924979431	0.805946669357635	0.780666727311454	0.58712095396446	0.600720293833541	0.712336109403076	0.467250678331106	0.707935894023644	0.813821855804975	0.755022885377588	0.65889034248218	0.669887499961043	0.795257788448339	0.785376792010035	0.78662423777622	0.701873282690763	0.678112345934252	0.764773810244036	0.767427320336889	0.657358508115455	0.776122689064982	0.478186074479713	0.750761041066697	0.771095566353735	0.591341965901399	0.774825529255626	0.78028559996299	0.67862343933292	0.326421290115233	0.5804120501916	0.708464947473201	0.656127976925191	0.822949328027605	0.78979677215015	0.7808631098098	0.736009862582674	0.726705729590999	0.757176769878892	0.794244082521415	0.811649587861382	0.330623126204894	0.621947093674787	0.698787199628141	0.686371594188546	0.602568391747816	0.78154691822072	0.650295505286191	0.619862775327153
F2R	0.375038775372754	0.766584944794754	0.69585579419937	1	0.669452678082153	0.72817350338783	0.818335049353698	0.872386233089718	0.659953860651548	0.791170492410095	0.677969477573143	0.864775381196416	0.814069118907563	0.799334217981043	0.893481624297878	0.721913118196716	0.882598006461052	0.801879458409341	0.816603235980287	0.855698377197387	0.867498487754078	0.275805224021654	0.941453301117925	0.616921966966018	0.889346345261586	0.818369956473634	0.826771107776128	0.854545880280748	0.641709727015722	0.826172610951115	0.524436967132144	0.869810418197629	0.721631021399187	0.490237261783343	0.391960632194687	0.708830693047677	0.904206419923987	0.470170466498568	0.700513515159321	0.599382471004795	0.831958197874858	0.694003511851213	0.903680976416158	0.77267137242481	0.3718810434408	0.773174699788124	0.863023523979972	0.664671277267312	0.767037425342636	0.772063298228585	0.524808271074335	0.929994498042496	0.840140666817895	0.69326060890783	0.738286298174238	0.871624520654484	0.809800891604772	0.888323450729926	0.769537301819043	0.963030382708785	0.761036874075019	0.736920189115006	0.697499425713563	0.930222252341218	0.919082273315276	0.890704411823201	0.888141949740975	0.866811401457632	0.272556619310056	0.882923935099506	0.620128253333379	0.948200881744344	0.853722934290457	0.87087739413047	0.504530427936504	0.511706956940645	0.56928916633524	0.910190059923215	0.918998763632751	0.68544608491354	0.599700408280625	0.862261732981663	0.633810975759264	0.594233061143167	0.647431094923463	0.708812186696201	0.907401177588843	0.631973025851468
DPP4	0.481451356720837	0.856414164623687	0.791587041368804	0.669452678082153	1	0.8325787499691	0.608525411694722	0.638226318143713	0.89068481793239	0.825045728438685	0.848998944327625	0.831432324750768	0.755537713678342	0.754792922846589	0.668792055608314	0.578374454978707	0.835344358932393	0.743512121660261	0.844015738192787	0.66893809258727	0.87392308124234	0.162701428414469	0.78718336344057	0.831511776413826	0.548100415488523	0.654185986845118	0.265130105527387	0.613552427301093	0.106769080262054	0.783122405961863	0.548302858045544	0.796240078530354	0.62907020293417	0.74043715785999	0.696410727175664	0.689907510643008	0.418660679238555	0.757206306099216	0.735209197771841	0.48170441514232	0.693904949527167	0.895351786672851	0.736847655315644	0.532185995347032	0.679632404676871	0.798239922168363	0.373023800368865	0.729297388330506	0.867931750097856	0.80937398560086	0.705016887993064	0.614347671876839	0.798109355082312	0.799209742697132	0.805767335957387	0.666611194624062	0.665944836654126	0.789708517770811	0.741313727533941	0.607891514323698	0.837583408851409	0.389639302730282	0.79956718685858	0.736817419623481	0.527043741806912	0.781294885665151	0.781961609625998	0.705490176785912	0.307267123604319	0.562586879798025	0.856683456635557	0.630260220003652	0.876212630552477	0.83942911835666	0.809878301048798	0.644902173107981	0.821754664385969	0.80560106988576	0.796691383848902	0.909400666578171	0.290965374826634	0.62610670179291	0.827237777014198	0.844596876588458	0.616031310843465	0.799758469863233	0.60628893018239	0.606879683634121
PVR	0.490418353396616	0.879345857596625	0.759603198243132	0.72817350338783	0.8325787499691	1	0.631602489830298	0.700274310566046	0.822845435583298	0.849194666312352	0.814773613717023	0.818980963619985	0.766678584237303	0.780913047370554	0.722406200635705	0.617905333535253	0.854403773699189	0.753212887242292	0.848316393227423	0.724476482794055	0.869756639940913	0.214648534724036	0.809263679202185	0.831020924230385	0.632018069290977	0.674405159941903	0.382852465237683	0.672526020618769	0.225323457573747	0.80417652243491	0.599669411718946	0.802250523766764	0.689686088574907	0.712649786603147	0.557274680247212	0.728808792342279	0.505714887565383	0.711343275640426	0.74999313339655	0.565018498902581	0.703341673263256	0.852434827297525	0.760305305114868	0.590183571633349	0.558646138819269	0.765745104720867	0.468137865337362	0.73441221234543	0.837537391396445	0.793246594801906	0.709912254261318	0.687026094830565	0.809320155061022	0.802787962668028	0.797235394558778	0.725614423582188	0.691888689047176	0.783584217344283	0.79630670059275	0.672115985669252	0.850796894682995	0.486347998342914	0.81682036466346	0.797591922489478	0.575519614232984	0.778371774621558	0.812079880413094	0.712791599313658	0.357000386805475	0.627420912519298	0.782847940668417	0.687495845786464	0.861655335591234	0.804791123031598	0.715026158452519	0.602880667967259	0.780353677257565	0.790989975779919	0.790567661214723	0.865354978903605	0.322474425632482	0.659191792090003	0.761003584783626	0.771173626590531	0.693531326440812	0.800024024241295	0.681059018505556	0.598240766829078
TNFRSF1A	0.612774399767941	0.65967449590647	0.632032377170201	0.818335049353698	0.608525411694722	0.631602489830298	1	0.809336410493358	0.551285278465807	0.542092235229274	0.605383542108278	0.773086633098744	0.919110401896768	0.515575526531872	0.716064007002505	0.677799836725425	0.80800963941248	0.71208904231352	0.626730388677359	0.832066349959157	0.801605633773153	0.541466056331072	0.772617337663831	0.588726323638947	0.737976965667662	0.893147801496718	0.668888313737546	0.864061354290837	0.546733858891521	0.831984731690894	0.551607143933242	0.726635335368818	0.794341401390658	0.490970098393109	0.32636503180065	0.634414589938678	0.680791421106021	0.310041999001106	0.463080884600227	0.552372930806144	0.897204722091452	0.694172193120516	0.76706393437307	0.828870127883809	0.392414906693052	0.763235335302524	0.682483995251188	0.382467328818837	0.620834451199238	0.696721245047647	0.500926308756444	0.78975063379783	0.802764500131072	0.666125638115644	0.56457674059553	0.62883834798057	0.667346870237487	0.761181557157562	0.666604484767375	0.801521798057066	0.622070892794647	0.732341856064971	0.529614005231128	0.799252804860995	0.818920825020657	0.846627773945471	0.734836747768334	0.915011571644468	0.475072200028525	0.705167724065499	0.684002969372547	0.84456124965145	0.822660173842239	0.850978377187986	0.48520686404928	0.405615137545877	0.406410074308172	0.894889725049928	0.794481223034482	0.542407159498109	0.766058074563636	0.913746825318932	0.639289476777539	0.578407832707234	0.676234867388452	0.599432550968751	0.796934480349172	0.707193900690941
NRCAM	0.572405932435495	0.747074900858621	0.682990557635998	0.872386233089718	0.638226318143713	0.700274310566046	0.809336410493358	1	0.520366708115259	0.769073875230865	0.50233002765575	0.76317450989414	0.82171349572069	0.77729212822353	0.780585518385519	0.651272552055264	0.898695973035968	0.865206893898088	0.743945135445166	0.925041586215268	0.863743479893509	0.489129814257009	0.886327806499993	0.628738534126591	0.778543770213368	0.74298293361612	0.718908143309037	0.905989247289649	0.522889189665243	0.854252867842957	0.629488558891406	0.905701957745804	0.817039521591782	0.445105050838197	0.292547567171933	0.817001598652045	0.784072615538729	0.322071900315875	0.569725055745198	0.840837116044112	0.760003013456374	0.725078968333259	0.897250088067394	0.896400016008026	0.442055420158482	0.709350072326908	0.826890695801889	0.626178156298347	0.723277276833117	0.648933997183487	0.640276713758875	0.932682774628453	0.808734075123208	0.749885043380825	0.629185107174908	0.868461184401774	0.676254445797585	0.813405229983103	0.909097152337023	0.853377134539759	0.751204461223664	0.883356977343188	0.638747589657027	0.834848926699092	0.870427846802575	0.846283707448583	0.882564356500029	0.728981775711075	0.550195253219812	0.686919158767989	0.503270666589511	0.862222523138959	0.816174357112182	0.785549543906277	0.410851834525135	0.557865413709675	0.47795325474132	0.842324417700992	0.855971206892293	0.590165148705015	0.721074727296058	0.874436151771419	0.456274338265429	0.41723941751771	0.707112010012971	0.667626834434771	0.903395732728636	0.633934735002895
TSPAN5	0.414971250662804	0.843212872175553	0.804099885678772	0.659953860651548	0.89068481793239	0.822845435583298	0.551285278465807	0.520366708115259	1	0.787551019043181	0.904255222319084	0.869683158764041	0.70150172166298	0.723607615929756	0.643213006880551	0.559309918008055	0.801474895756824	0.669356793517011	0.836775934928875	0.583159937429513	0.835032013911104	0.0718020032974092	0.765321878143623	0.832991536434165	0.510108617607444	0.595309594126461	0.250260142595888	0.536376873568343	0.109275469777369	0.728763846857553	0.526551357170086	0.735309469680735	0.545845948110788	0.768530580992622	0.788606473950776	0.616451704165201	0.409015388968907	0.798056844809893	0.746145771351712	0.338041348182078	0.653036068287658	0.848339568973438	0.681168553826475	0.409497071113928	0.668218320945195	0.772480629354725	0.310055093272769	0.706089136625515	0.878440241534591	0.861149991774038	0.700478222058057	0.530780244574666	0.794122790423183	0.809366914438456	0.808694833099302	0.60620747088738	0.678327789989954	0.769030996609718	0.648709848740617	0.589178398211319	0.82238204621194	0.266599818202364	0.791926331997436	0.736729308641865	0.473757929146403	0.752844135332835	0.716881317962766	0.714931572602847	0.158881895916991	0.562725108960746	0.906329928761036	0.590501509354884	0.845201014537608	0.820958539546797	0.872805547051604	0.623063504950504	0.879350826626751	0.76313090667397	0.75570882331691	0.967078695276292	0.127490247625382	0.509434784164874	0.9164703450543	0.931459674651528	0.584711631586697	0.794019364532947	0.545803693455487	0.552920926389549
ITGB8	0.309723679988876	0.900836537616733	0.804625758037795	0.791170492410095	0.825045728438685	0.849194666312352	0.542092235229274	0.769073875230865	0.787551019043181	1	0.758919251877117	0.835564878598141	0.6665130529539	0.943493876108839	0.832258791764967	0.61167375143454	0.87150572415695	0.815319726001887	0.936050226906324	0.714806218915898	0.879067538150625	0.0401189775082892	0.910428769413585	0.801247125609696	0.709551188718947	0.601762081513459	0.472498305147955	0.667045340764962	0.242390961815137	0.771027646361563	0.468750716463034	0.882892483292201	0.607455610454887	0.682770817913418	0.581288380163843	0.778566263515262	0.641174411151554	0.736807411931998	0.822282267829541	0.625237840405919	0.619652573506874	0.809256772483721	0.865232486435974	0.573305062202732	0.497627591509811	0.76120418043054	0.598587734359229	0.915004248499813	0.887083695931304	0.748194228810361	0.637410321491426	0.786645434399155	0.779598294986306	0.754881637389359	0.850244389190134	0.910820046725889	0.768475979520586	0.854729302197458	0.842866556777971	0.770544253597325	0.879109040393686	0.495596013411071	0.878460180092989	0.833928018051141	0.655951310655442	0.775141697984704	0.925036571038314	0.652368914492012	0.230739112567382	0.722689317114792	0.637121493466267	0.737167175682604	0.835146367860573	0.791221740882115	0.673889023816516	0.66512970454053	0.764562834308266	0.778869619205331	0.858717262955156	0.864596335298261	0.278103348306603	0.650293057896914	0.637596385746155	0.655610072718104	0.599471382155195	0.816375230178767	0.719712721677868	0.565259646422036
THY1	0.333646139379751	0.844676605899968	0.704945667927151	0.677969477573143	0.848998944327625	0.814773613717023	0.605383542108278	0.50233002765575	0.904255222319084	0.758919251877117	1	0.866822176282939	0.722895447553952	0.66818085872227	0.712832251558522	0.567370317214998	0.766141621016005	0.591462093035928	0.793199566920977	0.564715087331272	0.801374522222312	0.0394370999125439	0.75648195302284	0.840532184739878	0.560967041314095	0.6993560425408	0.283709084583961	0.545907672471603	0.125323103034034	0.685072295068802	0.440528075069884	0.690886609558573	0.541814836795249	0.810473987839913	0.652423511101143	0.569276859929143	0.434707387668291	0.848085247205176	0.752756103483348	0.264699005299876	0.688977510122757	0.7988565310612	0.643912295190706	0.406936467518668	0.507253589860912	0.842150823431843	0.325761842980453	0.661802736295954	0.812191724495114	0.827667506992835	0.578943840947493	0.537201958027926	0.756906401501782	0.699605077051786	0.816237620707343	0.611746348153706	0.726146141147484	0.752193139015039	0.571382016024616	0.624635760056342	0.793464715990259	0.23045989935863	0.777742129015743	0.761275690771122	0.492375204175169	0.73598925783593	0.720879411639625	0.799907937290232	0.102109925960957	0.699269050890814	0.916798540777387	0.631639215746354	0.855509021469447	0.823804366463783	0.789586014516625	0.482483815126126	0.753909741299762	0.792692229942514	0.72390672266247	0.908577573132534	0.153028426417057	0.585655618628325	0.934403889949656	0.952528640872076	0.585807727041356	0.694972595129069	0.522745442871651	0.581117781221733
SMAP1	0.451355213565131	0.881691120554311	0.824098744953006	0.864775381196416	0.831432324750768	0.818980963619985	0.773086633098744	0.76317450989414	0.869683158764041	0.835564878598141	0.866822176282939	1	0.816889769644667	0.803665901294435	0.8270484836744	0.685470212088642	0.905674765923487	0.77036360265727	0.859565458694921	0.752387546143029	0.906734597138263	0.231511787253971	0.929323936101181	0.820918947491251	0.732170703326274	0.793975396428943	0.564090868312031	0.784240620427387	0.342074158299532	0.823562787195259	0.562480247768495	0.858411791863514	0.677525034234086	0.71933515838273	0.600199756827377	0.703169772813365	0.687991118991012	0.679515434369516	0.713565519266147	0.506046883634466	0.806084144765282	0.83046893101788	0.836816000744689	0.655607026599679	0.569589007368278	0.855898254002883	0.612341013078354	0.726643830690984	0.866776689421565	0.833253624843909	0.665305534514031	0.772802687105601	0.886375994006655	0.820840741667123	0.819483366371462	0.802780980624054	0.816439141186141	0.871795933534897	0.76324914311322	0.824625247643984	0.838084139926218	0.531750224404569	0.787137436665383	0.911027037582969	0.748783771599468	0.883173572748682	0.86570689504441	0.89448506028839	0.242193057069927	0.786996765982448	0.830122948238453	0.826912973575055	0.927591623377138	0.905260730907967	0.745502670311807	0.586576091098972	0.724009948570521	0.910511301399651	0.884535543179352	0.881569960015735	0.41340171815776	0.771525026119281	0.853993675366953	0.82494032356282	0.672041727380402	0.780236340371469	0.74172902221553	0.651044546387605
GPC1	0.69166213724566	0.798393001986633	0.716606099576014	0.814069118907563	0.755537713678342	0.766678584237303	0.919110401896768	0.82171349572069	0.70150172166298	0.6665130529539	0.722895447553952	0.816889769644667	1	0.615019955618886	0.71388550189597	0.677578514058347	0.894260729456147	0.801459097874149	0.739323947465803	0.897055521542948	0.91048305355214	0.52132424691379	0.804499662695864	0.743437865418731	0.706599686012865	0.874383966373999	0.537911581236017	0.840754610928275	0.407184019749832	0.924068857938196	0.671065266628938	0.809679280471928	0.892759470720933	0.646000055461246	0.474864136886715	0.709568644020715	0.598107538712123	0.451349152655448	0.582318251522505	0.604192804718078	0.924999035926389	0.845116929612924	0.803061463591026	0.814411627614922	0.54803790718439	0.819859601845741	0.589072561268905	0.490380309776552	0.744397716120182	0.822506289896147	0.666117298308715	0.78312166748362	0.860453208709883	0.791111727814726	0.680611747047423	0.660132122935006	0.653940961821445	0.816722970099802	0.779705782761664	0.75728698870764	0.76824286338973	0.695399857025952	0.647338407497865	0.813376359587957	0.742369597950542	0.881407624727267	0.785492728582633	0.87450419477937	0.53527050861454	0.666435864326953	0.814642982745261	0.806889492499288	0.910960714666351	0.905299988417628	0.63641848079804	0.528376547581285	0.587045896224312	0.918940116473108	0.824211372343962	0.699747356092238	0.628030816576811	0.867699420369265	0.739314924705488	0.714995875001884	0.777357402544793	0.703107723049233	0.821006532823722	0.751161991840589
LRP6	0.259320484996439	0.84350163187168	0.766303109146392	0.799334217981043	0.754792922846589	0.780913047370554	0.515575526531872	0.77729212822353	0.723607615929756	0.943493876108839	0.66818085872227	0.803665901294435	0.615019955618886	1	0.819205141049364	0.618824900259998	0.830787381499644	0.810824849126873	0.898380674473115	0.705430475205728	0.826708322632981	0.0336619831139196	0.901424253072941	0.722731331804866	0.730637244618791	0.582416486982116	0.546477796998147	0.663004350329586	0.319210997233576	0.737963208572249	0.442588700011703	0.869683826591725	0.582192117104881	0.587696080269463	0.536028839960766	0.753268145289325	0.710740339691128	0.619788392884161	0.79015420168691	0.631278941899818	0.59495245214284	0.740358884681923	0.847047286863392	0.587922379655993	0.480769864379267	0.692324922195999	0.675913451102451	0.860018591664922	0.854383197944924	0.712654179598472	0.598649076298057	0.81338239042472	0.744436873577645	0.709068359786546	0.802670380694648	0.911554300745785	0.751821294691897	0.824293041519707	0.841796605743792	0.778763379658727	0.817519511449089	0.5487345198663	0.816581251835294	0.8146717467846	0.71377557955047	0.756882862481335	0.894059781599667	0.612377843291711	0.214162721185721	0.71964882896494	0.545775306629815	0.754349217783966	0.787393440307303	0.744051157332471	0.610736859188815	0.685602609924487	0.714872287877516	0.750708772166296	0.854348760195775	0.793169053432459	0.322142648247853	0.648216065530162	0.559943309313921	0.572872736240883	0.551918797190741	0.776722172171021	0.745868627326773	0.519751946153576
TYRO3	0.211519569941036	0.768743047892105	0.673746942438528	0.893481624297878	0.668792055608314	0.722406200635705	0.716064007002505	0.780585518385519	0.643213006880551	0.832258791764967	0.712832251558522	0.8270484836744	0.71388550189597	0.819205141049364	1	0.657627459066349	0.800596095465018	0.736194069248851	0.83440880090923	0.735145158289332	0.802300595121285	0.0669650615989931	0.904499501431525	0.636351976274046	0.866048708516193	0.749055672884498	0.72583163010465	0.742114671633508	0.55597690035821	0.747695545711616	0.344454353831737	0.796093701138631	0.582830210497848	0.540783794829298	0.38684740475341	0.683456135777109	0.815716502269315	0.579864145819392	0.761286809809919	0.529430740661693	0.733744242842103	0.65736473645416	0.857100956520853	0.645909518748977	0.274987789783748	0.78266410205696	0.770892280158448	0.735079975326083	0.752097465570695	0.726652484494875	0.419491364486516	0.869045543397479	0.766867097968436	0.589568309711922	0.739996937356277	0.870290778947592	0.841724869414313	0.852917836053731	0.702171551261431	0.911800580670949	0.703964611715706	0.59071869045825	0.741840517946212	0.882719782130886	0.831824307903707	0.80831152928797	0.88907254431278	0.812470164579317	0.120575843422317	0.902532087213127	0.576692680648857	0.891404224301503	0.794552111921448	0.806950772806584	0.498028488792007	0.496433367750536	0.572348677360315	0.85405641370951	0.876181253114255	0.683651980982044	0.515097251413065	0.800852650512789	0.606086565304197	0.591462384915827	0.492718610857694	0.677677747150669	0.794014672484445	0.560957416893527
NOTCH4	0.327250868924923	0.655489730912115	0.650737229657296	0.721913118196716	0.578374454978707	0.617905333535253	0.677799836725425	0.651272552055264	0.559309918008055	0.61167375143454	0.567370317214998	0.685470212088642	0.677578514058347	0.618824900259998	0.657627459066349	1	0.687928173081159	0.701940371094691	0.680118261380969	0.687291930993194	0.713747059632819	0.184586675221039	0.723550146148586	0.546236662466961	0.675844083107533	0.724506841462976	0.566705906244119	0.627218620301559	0.412347686162365	0.712550027144166	0.397842589635718	0.661924588211212	0.611202524804649	0.49003735340824	0.447658431143693	0.554694859731918	0.628793412691632	0.36343705766778	0.691435387792727	0.490275960295237	0.709990738820958	0.680275471186811	0.692525827937185	0.625673416921978	0.320409849695891	0.629730305917022	0.601656204044827	0.509778311553083	0.621682220969045	0.642597786326348	0.391476959953368	0.696436387093508	0.667270717479445	0.56182158263967	0.662052755577649	0.650369288250258	0.627461860523479	0.713070049706966	0.634056891024154	0.710292166270356	0.631767175941579	0.540194441493495	0.551345849977546	0.710202362960091	0.67491908667355	0.717466464923738	0.700414410097179	0.713999022154505	0.401967339666321	0.653520113725119	0.551364140745227	0.698116004234471	0.705667147052261	0.735062660532332	0.564804559719936	0.566907372352848	0.484132099285111	0.742624170183009	0.744119316432748	0.559058006221055	0.442615935886521	0.686463932261883	0.540914973506347	0.52365959999533	0.549380740054688	0.674455562045675	0.679410344370274	0.610095255879253
CANX	0.614396629770937	0.908862602929213	0.825764269468382	0.882598006461052	0.835344358932393	0.854403773699189	0.80800963941248	0.898695973035968	0.801474895756824	0.87150572415695	0.766141621016005	0.905674765923487	0.894260729456147	0.830787381499644	0.800596095465018	0.687928173081159	1	0.896007714989421	0.877607796542219	0.914082321567672	0.979835691319817	0.423328866203683	0.932242200378531	0.816730052412736	0.750761567198619	0.787220672450793	0.592252517439424	0.855250204736325	0.410814131130836	0.927299282455037	0.696179085636714	0.945595310390289	0.818144121065354	0.680004395628327	0.553383406853315	0.809507835393942	0.700450422520765	0.589723974044095	0.715361133315852	0.717030301650748	0.8299217281024	0.895459395001244	0.913365492237112	0.81265423455817	0.639489649462893	0.832715089201276	0.677082572765256	0.740888723455788	0.877517488629838	0.838853336232151	0.785092796869246	0.864068651876724	0.91394889007605	0.903885026970919	0.795106920186858	0.837985122380838	0.758388838506832	0.900505053896258	0.908542203345201	0.830376354044234	0.906371634680452	0.733114165330984	0.787656445917029	0.90481737348596	0.793187152809896	0.920760631875375	0.920476381614034	0.827723701382725	0.487553963856989	0.715678281459763	0.775920552493993	0.840119967095435	0.948670366377287	0.917377389649127	0.687203914114098	0.638398214445102	0.716718960068506	0.923773084730984	0.904126437298459	0.844682210311654	0.546015008467431	0.828673968280113	0.752010142538801	0.722512689370051	0.800224423586499	0.815050213843852	0.866418587529194	0.736216040802889
IGF2R	0.529416465403213	0.822198186578052	0.790934806069952	0.801879458409341	0.743512121660261	0.753212887242292	0.71208904231352	0.865206893898088	0.669356793517011	0.815319726001887	0.591462093035928	0.77036360265727	0.801459097874149	0.810824849126873	0.736194069248851	0.701940371094691	0.896007714989421	1	0.847575203652004	0.866602322811218	0.894596658058027	0.334487192345545	0.850147159393579	0.700059520242643	0.727551015267158	0.703161837526077	0.572730519242187	0.778945470895323	0.380632490626678	0.8972772740111	0.614036359494541	0.88466095324434	0.773263116417825	0.57028759857396	0.510956972466396	0.758694829317918	0.663891768103161	0.444504288548424	0.705072076185706	0.74049628687955	0.762226641947904	0.838957828895373	0.893656560607002	0.775973479644141	0.584666414811884	0.723492273893984	0.683414762043171	0.692420279395221	0.805280664559326	0.76136351812521	0.686598368038002	0.846536468030208	0.836689202598073	0.792841147188961	0.724426674115802	0.79444348128083	0.683457933730744	0.837923906037563	0.887574409242158	0.766447110587074	0.790667006902583	0.739300524153537	0.724713330001041	0.803634149778458	0.761281626939855	0.842973917132341	0.871424759980196	0.68966004507205	0.526671692083504	0.633158345192048	0.614166111419548	0.764337653001846	0.829140498396224	0.823906939168425	0.606893788443946	0.73120050452379	0.656992536842897	0.833442772811423	0.875140428239979	0.700020045146358	0.549858416130715	0.775673514003526	0.565512166798836	0.54937032711756	0.695228451087096	0.780828507837998	0.852074253908095	0.715989577910309
NOTCH1	0.335283813951147	0.887517615174145	0.835205832049779	0.816603235980287	0.844015738192787	0.848316393227423	0.626730388677359	0.743945135445166	0.836775934928875	0.936050226906324	0.793199566920977	0.859565458694921	0.739323947465803	0.898380674473115	0.83440880090923	0.680118261380969	0.877607796542219	0.847575203652004	1	0.734607349991795	0.905404831212604	0.0602587171565368	0.902065472406501	0.782454650048218	0.758924311425114	0.688968727067727	0.511692673014507	0.682877299615951	0.30521126081289	0.839051768318217	0.471786748782318	0.85678357706588	0.650888463325155	0.708320988336323	0.668387799140838	0.710724946477657	0.662169246526691	0.724214649563758	0.852076883016379	0.551401913793295	0.724518845758344	0.845483029199706	0.889009433772568	0.5983597198723	0.532047239325971	0.794635703161935	0.608359328206739	0.843041736846891	0.896020276335686	0.838014820475841	0.624411873118197	0.797024152917864	0.848937465884893	0.758704508192991	0.87763641449315	0.840023237113185	0.798571370476292	0.887241190691711	0.803139731808447	0.793653263007265	0.834988485244577	0.507602835280137	0.855088621782031	0.865640984023211	0.69990078494116	0.826957486753683	0.907588227359324	0.731646081939089	0.225993988990596	0.742875343477669	0.719792559277031	0.768428774470453	0.86063177969505	0.860541516331514	0.747441743332233	0.724741703183219	0.781253234750458	0.842161172588486	0.907726627693742	0.864691910371811	0.339374430131469	0.70168449125618	0.72165641522216	0.722759389847607	0.609514403483268	0.869991293320459	0.760958999272235	0.64459405600894
NRP2	0.639841927927991	0.783382251114816	0.683502520572612	0.855698377197387	0.66893809258727	0.724476482794055	0.832066349959157	0.925041586215268	0.583159937429513	0.714806218915898	0.564715087331272	0.752387546143029	0.897055521542948	0.705430475205728	0.735145158289332	0.687291930993194	0.914082321567672	0.866602322811218	0.734607349991795	1	0.895105231646795	0.560525025273626	0.834424995194812	0.678436715342814	0.753778813190561	0.791202217376238	0.664307258368635	0.858976476867989	0.559868453488215	0.911821868989231	0.694769659506821	0.878486647015617	0.879990579456757	0.529121840972316	0.362392599427451	0.758933644188935	0.710410672588648	0.339333538010031	0.591278067617313	0.784078312855281	0.843246095825865	0.784319414727709	0.866066200358551	0.902185776767777	0.529903230371494	0.724355306062564	0.731453019869463	0.551347766063839	0.712503667896876	0.742254003342325	0.692672384416084	0.881083246073921	0.827828113635522	0.782139676095938	0.648546257117496	0.749547041534951	0.638178892297036	0.802776528711341	0.8834204483397	0.800029017317866	0.777786731102906	0.873481876288119	0.610008626391031	0.819853315993082	0.817217677985344	0.869936090038062	0.828132712217288	0.759472566439311	0.599805997827828	0.649336991054122	0.623994913933263	0.826591788196894	0.858117977089777	0.830356000675092	0.496260754408733	0.564168402905642	0.529221584852477	0.873497904821848	0.822244115551157	0.621451108465278	0.697134810418524	0.859810645152366	0.565385758655806	0.530138616437672	0.7835942531791	0.683468071627656	0.91505895181665	0.721517806896564
APLP2	0.601307215498385	0.920112660572498	0.839676104711877	0.867498487754078	0.87392308124234	0.869756639940913	0.801605633773153	0.863743479893509	0.835032013911104	0.879067538150625	0.801374522222312	0.906734597138263	0.91048305355214	0.826708322632981	0.802300595121285	0.713747059632819	0.979835691319817	0.894596658058027	0.905404831212604	0.895105231646795	1	0.371944671326065	0.923838053200519	0.84062239346037	0.743886621228247	0.80545916074743	0.537478061599554	0.831454062223032	0.349864765537257	0.939648586811113	0.669394512033352	0.924934385269042	0.829003724577007	0.721945243316463	0.612580698834835	0.79171092995111	0.659904554327595	0.633686474846847	0.752696811543143	0.666270006122926	0.856808915904625	0.928935434369303	0.907711103799716	0.769062860887935	0.642087278735315	0.856313025287317	0.626735412093156	0.738774522323525	0.884897389365012	0.870287495642723	0.765297266021899	0.845722397778869	0.915611544883726	0.890393657640208	0.830502352758601	0.822325309286142	0.758704463249179	0.909104884397661	0.888383775547984	0.813070381594032	0.901796848062027	0.668932393222537	0.798798048960741	0.898035950009762	0.756125934269271	0.916626402013893	0.920182830763629	0.832249692260147	0.465095047231477	0.717885011255188	0.817322814051459	0.82232528188468	0.959939574294974	0.936583896350391	0.740762872116844	0.665525004429569	0.744591521904619	0.935644688832797	0.910654814257705	0.863818212554046	0.499755408862675	0.81715678802836	0.782780298731405	0.763940442299437	0.783788581588455	0.839914627734829	0.848030534146273	0.745147681451476
CAV1	0.794218463064439	0.217269941523509	0.214083636889557	0.275805224021654	0.162701428414469	0.214648534724036	0.541466056331072	0.489129814257009	0.0718020032974092	0.0401189775082892	0.0394370999125439	0.231511787253971	0.52132424691379	0.0336619831139196	0.0669650615989931	0.184586675221039	0.423328866203683	0.334487192345545	0.0602587171565368	0.560525025273626	0.371944671326065	1	0.209090004252583	0.241862744206988	0.166465614500808	0.399516227652908	0.225236983136854	0.56426474667455	0.269490034223133	0.444906547573075	0.672383917121072	0.348517632721517	0.605826920939693	0.122119630836239	-0.0442265779607781	0.284672116399836	0.156852063120034	-0.140343575495706	-0.089779861610308	0.530035006845442	0.438667769046549	0.319152862266034	0.282524887864935	0.590877148193126	0.423548884610016	0.225126169617967	0.226608931045626	-0.0638782252456347	0.157549596997951	0.174031026086118	0.567176436290859	0.315979794690722	0.375998138471711	0.502466479604889	0.0400755984687544	0.112479068659456	0.0420707444947983	0.196290875684131	0.429014551252664	0.205469596491417	0.305632048499505	0.658936798610377	0.0116847001329711	0.260122855582205	0.324677038209764	0.404159407404992	0.232921256223766	0.322430533068512	0.727208929783245	0.024232718794016	0.243688915769074	0.270150099075698	0.351356839267142	0.325136610117839	0.0562225425646275	0.0839644081999569	-0.0194207616814261	0.329396981002347	0.192526481121969	0.0807377341389143	0.587170808694725	0.467292555686742	0.180967911028786	0.0833335798508855	0.588604790097523	0.135642829883599	0.412664740981636	0.38532743993759
PTPRA	0.39215995737364	0.870031690997638	0.803885959456926	0.941453301117925	0.78718336344057	0.809263679202185	0.772617337663831	0.886327806499993	0.765321878143623	0.910428769413585	0.75648195302284	0.929323936101181	0.804499662695864	0.901424253072941	0.904499501431525	0.723550146148586	0.932242200378531	0.850147159393579	0.902065472406501	0.834424995194812	0.923838053200519	0.209090004252583	1	0.745779685974717	0.837192033319587	0.776015024523919	0.704211922021253	0.840209831745191	0.473088137675	0.843926947064701	0.528627660424087	0.930622196283011	0.702176075624117	0.606346938096456	0.50712838031846	0.789525341524798	0.831793425055814	0.606483511652117	0.763999828064804	0.649000230711098	0.791617651425887	0.795702501599253	0.927850095123113	0.745770561700773	0.472447270912456	0.823110628684087	0.784955011036749	0.799336192071093	0.864891872905171	0.803465236412509	0.610892804100929	0.912442986653144	0.87214339169076	0.778788669961323	0.817511960273012	0.941010641226766	0.83304604339066	0.922745713878243	0.846661277726011	0.926319129697271	0.846629740896364	0.66884717973341	0.801325561058018	0.93993625616632	0.863807301444168	0.898053623877679	0.954099331285431	0.847695764223154	0.278016402742032	0.852851113055603	0.679472561359388	0.914964215413951	0.907944427310297	0.892330252424699	0.629872017221944	0.604676543625316	0.679871260919853	0.919694125386681	0.948213031740819	0.812244598772349	0.509912234614393	0.830584911433123	0.692497199654184	0.667830115180548	0.654265056247023	0.797539297561959	0.853132930168368	0.635887317078593
CXADR	0.546888271465493	0.90765757011769	0.777321151873549	0.616921966966018	0.831511776413826	0.831020924230385	0.588726323638947	0.628738534126591	0.832991536434165	0.801247125609696	0.840532184739878	0.820918947491251	0.743437865418731	0.722731331804866	0.636351976274046	0.546236662466961	0.816730052412736	0.700059520242643	0.782454650048218	0.678436715342814	0.84062239346037	0.241862744206988	0.745779685974717	1	0.480345933994424	0.653392183414833	0.196921837620216	0.601949156596445	0.0497997218488854	0.761918740431612	0.583577643016417	0.761221967484297	0.682087676767664	0.87891086186933	0.640539497642861	0.695762701896967	0.346071113789983	0.769863333028541	0.656239716014482	0.515996972543837	0.643806510911723	0.857421099157197	0.687583591960838	0.5322192043044	0.641552967420881	0.802598733245982	0.296105517946643	0.672594333885018	0.815076194350437	0.766573196112933	0.753045620215301	0.564155511718012	0.770341227469189	0.807084656463912	0.796419614285226	0.638984860299947	0.636546837866377	0.709535249838402	0.755621001844661	0.54362066557184	0.836410724576429	0.385138857557012	0.762885128134515	0.720827290410856	0.438801148613205	0.732130529182025	0.743784751996673	0.664245749034993	0.378368390180018	0.531631164884011	0.83510996951746	0.552102211778443	0.865007267156968	0.766038207624919	0.782116572193675	0.605954019490754	0.739524890057611	0.736933780743943	0.699366294905761	0.863845265289903	0.205485204663761	0.588300643171942	0.795939158233912	0.815301536035372	0.699662318107452	0.710900607664262	0.553057090387629	0.578111935996677
PLXNB1	0.215096040542486	0.670834523005486	0.611127081453016	0.889346345261586	0.548100415488523	0.632018069290977	0.737976965667662	0.778543770213368	0.510108617607444	0.709551188718947	0.560967041314095	0.732170703326274	0.706599686012865	0.730637244618791	0.866048708516193	0.675844083107533	0.750761567198619	0.727551015267158	0.758924311425114	0.753778813190561	0.743886621228247	0.166465614500808	0.837192033319587	0.480345933994424	1	0.777320321498259	0.826846871813882	0.748003362259113	0.663898025238486	0.750314614814553	0.327477730540379	0.750222677154831	0.646482021945502	0.391911437322469	0.337767600208545	0.590476562239894	0.874043031276738	0.36450554832137	0.6586202422913	0.51505403482293	0.792020648805262	0.584758965030172	0.846858480106848	0.719208923665584	0.246823036208474	0.683564314984085	0.847773516445037	0.600773525542494	0.636047883550781	0.638858520962548	0.336295409176279	0.892905694211596	0.731482239406457	0.494831684384831	0.664550874058883	0.800320993227018	0.776436535783653	0.810337517816841	0.673387906173042	0.904460059678853	0.606991624951096	0.680962760372545	0.618346480155355	0.851924125397122	0.87099220087468	0.778400821941553	0.810494205478138	0.788918636997197	0.165748529040826	0.855875409155096	0.476462653874206	0.89763918036595	0.735567608151532	0.769190708494145	0.402673326824414	0.536020342099208	0.446178743141338	0.819198252732367	0.842660259952737	0.54150318325702	0.61644163146989	0.835535459866676	0.489274943618275	0.45815889515473	0.495842483309679	0.625866296669429	0.852086317317562	0.60906072207881
