""	THY1	MYLK	TNFRSF12A	PARD3	TNFRSF1A	CHRM3	ITGB8	LRP6	CAV1	F2R	IL13RA2	CD9	PTPRS	CELSR2	CD81	MCFD2	KCND2	PTPRA	PLXNB2	SORT1	CD47	NOTCH1	ITGB1	ITGB5	SEMA4C	KCNJ10	PODXL	LRP1	ERBB3	APLP2	SMAP1	ITGAV	PLXNB1	CADM1	CXADR	ITGA3	NRCAM	OPRD1	TRAF2	EDNRB	IGF1R	LINGO1	IGF2R	LIFR	MCAM	LPP	GPR37L1	TSPAN15	LRP8	TRADD	CANX	PILRB	HLA.DPA1	NCSTN	SLC16A1	JMJD6	TSPAN5	NOTCH2	RACK1	AMFR	STX4	CD63	TFRC	LAMP1	CD74	CD53	SORL1	ABCA1	TSPAN14	LAG3	ADGRE5	CD44	CLEC2D	CD69	CXCR4	PTGER4
THY1	1	0.942479332420069	0.909240077502248	0.914175885412001	0.883294605571618	0.856087678331489	0.88738339661597	0.895503574898312	0.839896525066112	0.906500568142251	0.916270204124662	0.853099318076021	0.786782344738504	0.90319389194895	0.874962300990165	0.873913378846673	0.720018448415341	0.843780285527499	0.899622511931911	0.885269363746698	0.830749950325645	0.906841450108811	0.924986777093844	0.833512292209506	0.740980383893576	0.416727032372274	0.844318448983854	0.866208203999779	0.784586744952969	0.921258305703435	0.808202611449301	0.93068054073546	0.731552605170854	0.91431912071293	0.861915238391355	0.901657516416343	0.943524107698928	0.873353072414174	0.842748559881946	0.820944389796685	0.933216606946445	0.691362517990087	0.806699358670204	0.927537450731119	0.885065966958562	0.922830278890264	0.711322024913828	0.697224927110555	0.819556878235651	0.690174778267197	0.861856713411909	0.847918695691578	0.802514706070473	0.816989619959342	0.878423418136304	0.878075918836108	0.901529288371342	0.924809317287283	0.690001320747841	0.909457767878185	0.908071701610539	0.918658597470951	0.814741876412073	0.86767148638285	0.820042945006614	0.521789725089489	0.793201292205614	0.904070852869012	0.81340464187695	0.735165317554182	0.802885880001539	0.835111790988407	0.459328239408102	0.17763077888309	0.425159664923087	0.432837521878895
MYLK	0.942479332420069	1	0.976857390802437	0.916961467209844	0.968276148079068	0.829460760992109	0.877672546025108	0.922131006569917	0.930132614064797	0.979278533419637	0.93478864023235	0.910742779477154	0.859141350897564	0.904478353605709	0.966276792362459	0.976221966780769	0.76949873006549	0.941337984810926	0.970270455191506	0.928703623421718	0.921819938342482	0.944435767430408	0.979865050465098	0.940774489044237	0.852513258147876	0.532517440081281	0.948451339055124	0.89718691395406	0.820518955131251	0.950376260874333	0.90963403573778	0.946346461262929	0.806990621092782	0.866736147872421	0.901612692569081	0.974961231906316	0.951892398636746	0.788313149234387	0.947745101658565	0.869615946883792	0.966364426084441	0.750751031101219	0.940161736462217	0.895641215864734	0.978042731260905	0.964033903897214	0.762606063452999	0.850976461966093	0.949859151514504	0.777697935216699	0.963021544174344	0.922639265610119	0.874400912710114	0.912539019527885	0.954136794323804	0.925500876003321	0.944838030509363	0.946671627908369	0.833935502488018	0.938399405971491	0.96984317780434	0.971583627795162	0.932686913678722	0.95744460157117	0.916322475560657	0.672267553078545	0.866605725626716	0.916845903370748	0.913495459048386	0.821555368367708	0.874619970044458	0.904258242227348	0.579228548850255	0.304772686288411	0.521175727923672	0.562483765375526
TNFRSF12A	0.909240077502248	0.976857390802437	1	0.928777451968802	0.988549279599544	0.864908779613633	0.902885551326881	0.94452364091769	0.896052496844235	0.987263766743356	0.928123748376946	0.953960971297379	0.92039176015044	0.92079249543323	0.984143301225205	0.978867367873186	0.813885218351455	0.975332807518806	0.992635092432245	0.956168584823048	0.965756705948269	0.965561517545374	0.984595165794659	0.965269495389867	0.912966347204977	0.600253214082857	0.959528943962107	0.922528139009902	0.848041216998576	0.969822277809919	0.94985543708094	0.959570445358239	0.861814122483676	0.887271571017036	0.95469985616397	0.978846971911726	0.965163466689423	0.802219799443843	0.977417988430287	0.896650292403455	0.981702652054086	0.794526631254948	0.962842735094242	0.899237550188914	0.977708159299013	0.97638690818697	0.82609042215082	0.860534249668546	0.955267972309464	0.826852119197227	0.983358641146934	0.961255438640365	0.869648802252737	0.959014890902657	0.986413641606102	0.956671225111856	0.971537066234352	0.957060602718848	0.871193626554888	0.969691552634928	0.977504369969745	0.987853041257391	0.965318009483716	0.98460771718956	0.929178133627327	0.745721265381883	0.915347986731719	0.935739903768847	0.95447570031185	0.868153291497122	0.933676491618197	0.938964242160896	0.690674908328274	0.411582191251607	0.612252987031426	0.645178797953358
PARD3	0.914175885412001	0.916961467209844	0.928777451968802	1	0.925156831493892	0.97536915440203	0.988867284086608	0.990989784978776	0.73611167452439	0.926807326257446	0.970820825454627	0.950227428250736	0.922947672974827	0.989341644619141	0.907190311916489	0.917988220553617	0.929179534587503	0.922464016944365	0.927519946691658	0.985559920337053	0.907479326466687	0.973937903995151	0.947574777575363	0.901424804693302	0.847082002106651	0.706614825124805	0.930428872926923	0.987021663163643	0.963347810291519	0.976446412284513	0.935853911612231	0.984960919415546	0.926163223261908	0.961461673190649	0.967837627305741	0.880642042876211	0.976161372504309	0.897712075314786	0.884833929561266	0.976010438016537	0.965538376594067	0.90060154913814	0.884653609303552	0.976061278737454	0.933910489641246	0.979277365873647	0.918758847403312	0.731425423841138	0.858064991640777	0.725653811534145	0.914071096024817	0.943934221352761	0.796535668788424	0.911591668124647	0.95122961027684	0.97824520170971	0.965384902558608	0.978775995428294	0.725212504378003	0.964278753265137	0.947572856243963	0.951680280087748	0.880476502181713	0.929009795883362	0.828426109834021	0.612986287274917	0.864290395477472	0.980666747201341	0.923907980824678	0.72651890386312	0.848784029353557	0.880623749002605	0.639410023618547	0.343758837980551	0.572404690488551	0.567075186296988
TNFRSF1A	0.883294605571618	0.968276148079068	0.988549279599544	0.925156831493892	1	0.861989151304334	0.899357287694833	0.944114005523266	0.888336315401155	0.989449524392196	0.922830795227823	0.968391718620031	0.932002221458491	0.916730793562809	0.997729900122212	0.989237642732118	0.83114664929764	0.990359794387105	0.992367776802187	0.962092311924021	0.985784207464146	0.97521859600305	0.991696498059494	0.980227088969147	0.936275884623442	0.665221527315411	0.968531354072165	0.928540657740002	0.856076578915673	0.973459417136447	0.967100644216263	0.959186049033283	0.87886204242308	0.880171786708744	0.954907649683112	0.976626030491557	0.958987518164778	0.791249612929394	0.990158395830908	0.897155254551309	0.974982984728641	0.813068781281382	0.983030604473688	0.892813262543672	0.981193157659004	0.978884762802696	0.841868643973423	0.887159068995217	0.971662234900924	0.867883106418216	0.996636743992365	0.975197573844384	0.89506424407343	0.978454357542929	0.989483083649324	0.966099217287885	0.977046605101308	0.954636106143072	0.91208495274109	0.973604952183638	0.989941185991386	0.990396752137764	0.985411646398391	0.997238449557889	0.955036327029123	0.801041067298595	0.943374359839513	0.942847256720617	0.978485623791599	0.880698513516982	0.950046510905122	0.963873822808616	0.722646538125022	0.485680972877475	0.674686549085017	0.708931677453851
CHRM3	0.856087678331489	0.829460760992109	0.864908779613633	0.97536915440203	0.861989151304334	1	0.994528825751011	0.972495736818552	0.596132372138524	0.857704377366704	0.945144431233575	0.916729678824697	0.902938465958174	0.984644882947463	0.840849421922949	0.83591565008594	0.937304286571171	0.869137823521713	0.871208257755305	0.960355525675829	0.863881190808503	0.944229883981075	0.888103075976424	0.833131507422586	0.796408577836911	0.738080972134009	0.853893911650046	0.9749340782672	0.965429641827281	0.948073031994627	0.895140144859343	0.959342885781965	0.913907185166781	0.975992569439867	0.953867534332928	0.798189274452029	0.949641959355176	0.936756121833859	0.820721255494232	0.962926428122745	0.925005743682739	0.890870242812433	0.811929089696274	0.97600203191977	0.85266462464081	0.937171574986291	0.931766639286717	0.619433284637827	0.765769032037637	0.700279133665156	0.842778935548213	0.912745675598627	0.747952505943711	0.865659660004052	0.90541210864252	0.956046605202815	0.936271425546254	0.953043953967573	0.648286132290779	0.941953689964839	0.894248013836842	0.901339365319693	0.822411576254603	0.874554687982442	0.769803671479478	0.59294587967349	0.853335303354253	0.96807661936944	0.882196301259873	0.670886298167413	0.827473711078382	0.851751718826827	0.652120750076955	0.38501884980434	0.616211807578015	0.574551902469657
ITGB8	0.88738339661597	0.877672546025108	0.902885551326881	0.988867284086608	0.899357287694833	0.994528825751011	1	0.987835121751721	0.666267305921149	0.900413344803609	0.969012934929503	0.938024462010996	0.918762944915372	0.995692585626186	0.880536954596462	0.879724848928091	0.937965927830403	0.902177556000977	0.907011809754849	0.977334739237309	0.892690409860973	0.964876467920294	0.924716519075286	0.871792217005053	0.823931061790806	0.730303942223669	0.892246619209845	0.988958672266025	0.968570107398517	0.970381218963551	0.918021701656155	0.98069005676776	0.92095886969134	0.978976049345957	0.966293223251435	0.849261438546639	0.97279341127149	0.930171552844148	0.859434297449011	0.972841844321629	0.954829652380282	0.891495618778014	0.854173358668018	0.985582751605559	0.893108509667827	0.96336905625201	0.931029466152073	0.664981490538106	0.812224345975636	0.725673809066852	0.882653910195625	0.936605574235036	0.781854921969511	0.893834038812961	0.935701288376202	0.973831686093899	0.960584268514002	0.97710893110186	0.690971725404883	0.962440445940916	0.928406766036561	0.935343396881288	0.861502237363614	0.909877895876913	0.808703641020772	0.619374735408749	0.874617781793511	0.984153836253643	0.909481169706081	0.704190015937865	0.853767886664905	0.881313116453219	0.659395122561488	0.381868987585496	0.616127509650801	0.586791897285226
LRP6	0.895503574898312	0.922131006569917	0.94452364091769	0.990989784978776	0.944114005523266	0.972495736818552	0.987835121751721	1	0.745406066536032	0.939359868716738	0.974898143181446	0.9639803620827	0.948769685688492	0.990208002031525	0.928153738755736	0.934251525760426	0.938346659472153	0.943557111405298	0.942558980458332	0.992985601416206	0.933094254157009	0.982138311782524	0.958742944352026	0.928878032545698	0.876445629971867	0.728741711244814	0.942526450821463	0.994449973829024	0.965294879606885	0.98398029594268	0.959973539986336	0.988767580019254	0.935002881983911	0.955512672136766	0.980586495068667	0.898386228110719	0.98040251083218	0.890463147467911	0.912553241734607	0.978333197451245	0.971617027402437	0.906878849220892	0.911152362609578	0.969742533223907	0.943704410799961	0.984227409668966	0.930514556947161	0.751247590051867	0.881052292913895	0.763551431110566	0.933715156462623	0.961659362930789	0.81492825293259	0.933739241363929	0.969896200849968	0.990651628911873	0.976295889557458	0.984433222926612	0.763835573977967	0.974504038135813	0.959217760941696	0.966387354278924	0.911074261185286	0.951599343624089	0.854098173589365	0.669356047103678	0.895805632097619	0.983682975311483	0.947738988416688	0.752216893986787	0.880441788974115	0.908346945988674	0.676386841339315	0.410492933612844	0.625648238138114	0.620320950903418
CAV1	0.839896525066112	0.930132614064797	0.896052496844235	0.73611167452439	0.888336315401155	0.596132372138524	0.666267305921149	0.745406066536032	1	0.905608322753795	0.748671917846912	0.797153438839662	0.733067910878846	0.699897790433114	0.895215663898702	0.905203786088129	0.561826454099955	0.847972370892157	0.879077883407056	0.763826420674411	0.8326214491649	0.798259672504884	0.8837162106453	0.87593149613796	0.804799109792301	0.362077614198413	0.86570994074988	0.711200333598874	0.597343836917883	0.80305521778551	0.782308312091609	0.787288265040266	0.644706238765552	0.659255027513697	0.749259115119069	0.93958546612549	0.800016519636931	0.549790529121681	0.881656777800296	0.664922426950611	0.838811292446483	0.576533000624271	0.87173902090309	0.68785043741433	0.893114519165132	0.825620999027739	0.570872027813785	0.868174409559068	0.903139939350848	0.72913368853782	0.894235471290073	0.797109746129989	0.785455533849993	0.828889742419007	0.841690980849465	0.765242883200783	0.804266484317174	0.783030079622551	0.846501016001102	0.796079809080337	0.858841731180657	0.866698702360747	0.861131786930718	0.866451371655343	0.85049802258983	0.645373830850807	0.743763681776403	0.742093100548791	0.808337413598605	0.806071724816416	0.795141992152518	0.807940534724867	0.50609299210473	0.265783771535212	0.418612535837362	0.506598768593392
F2R	0.906500568142251	0.979278533419637	0.987263766743356	0.926807326257446	0.989449524392196	0.857704377366704	0.900413344803609	0.939359868716738	0.905608322753795	1	0.933102807949637	0.954680685524983	0.916445994319499	0.917337241452753	0.987327586311009	0.985440425463771	0.817209326407731	0.977362569913511	0.989575675133206	0.951806787525446	0.966158094735714	0.967290900012025	0.992897222673796	0.972243829008413	0.913203797988232	0.629831026526453	0.964234477214308	0.92508829047062	0.848528161505977	0.971679414117394	0.941071129024405	0.963287465949353	0.863432433657975	0.885578920395044	0.941601495899718	0.988719912097488	0.964586584918607	0.796079132110611	0.975580261780354	0.890572761885261	0.983204556395651	0.79137966191704	0.970510944739787	0.901405517591353	0.976396584872303	0.976901924540613	0.824756370083995	0.85471941755574	0.956850865913717	0.838032216736757	0.986079780823018	0.968654657069008	0.883866403250901	0.964470921940633	0.984069721364997	0.953898834369875	0.975246543700935	0.961131500137998	0.877643860321451	0.968416429226109	0.985380800393039	0.990708729596388	0.971057292486422	0.987842254864555	0.939895328670973	0.758939849756236	0.916980763147547	0.946396393173018	0.960440919442182	0.861397400629362	0.93610274212649	0.953072288909727	0.703943878987902	0.422347156298885	0.632335608955995	0.659441255864808
IL13RA2	0.916270204124662	0.93478864023235	0.928123748376946	0.970820825454627	0.922830795227823	0.945144431233575	0.969012934929503	0.974898143181446	0.748671917846912	0.933102807949637	1	0.909218429807277	0.883850629207679	0.984142131538011	0.912812037641097	0.919904665499256	0.875009331832846	0.915465029100116	0.931255674700739	0.965408499299896	0.894674212461963	0.961213359858422	0.952401951236024	0.891055737917393	0.794133719729632	0.633569521150696	0.905350267014221	0.966786905180409	0.928305112733813	0.971150084146255	0.912562162589322	0.981382807560285	0.859207582035286	0.955286174822176	0.930229798663352	0.900942530079405	0.978439330448401	0.91555179301045	0.893160891925514	0.947746898247878	0.967845006896422	0.819004957425733	0.887109677766895	0.979677364367141	0.925098374447327	0.970150129124691	0.852546221809546	0.699126062046726	0.866053720462248	0.740192110502548	0.907675400089081	0.927848016732647	0.839965089280925	0.882547308793236	0.944122823739076	0.961377904023907	0.963422415904718	0.988386741258041	0.724925389629515	0.956921231979369	0.956468709842687	0.956810305192218	0.88650686229034	0.928998992044008	0.860147870319941	0.632142462305643	0.881799083040833	0.974543742493151	0.904116910481465	0.726099967113188	0.850946691349039	0.895703255303508	0.598880998892517	0.338404196399989	0.584141253683638	0.570464600355745
CD9	0.853099318076021	0.910742779477154	0.953960971297379	0.950227428250736	0.968391718620031	0.916729678824697	0.938024462010996	0.9639803620827	0.797153438839662	0.954680685524983	0.909218429807277	1	0.977643614987008	0.9341271678422	0.957666727112322	0.949541055174787	0.915589798747187	0.972018060502668	0.957861724808468	0.978659508916082	0.973301337433669	0.977660065052165	0.965221811998806	0.961964155935185	0.96348485312978	0.778158469053442	0.962282469961841	0.963598207260671	0.915175028502535	0.971739143366005	0.968593851796046	0.962566368957354	0.953192905618637	0.907625866651738	0.9861546801264	0.925335709255294	0.953322350542593	0.815343027839204	0.942663443834765	0.930980525983764	0.959573150479952	0.905235539993713	0.944739508374445	0.904235162596758	0.945752483016545	0.969947083899488	0.933738574564976	0.831698462321779	0.91053169028144	0.817839940137126	0.967415439839682	0.98328531109757	0.817989320015741	0.982921899233778	0.976524244387981	0.978583183686593	0.971538826951532	0.947074266169994	0.849650173784224	0.973662345781704	0.961492422129102	0.971153271448534	0.946432789345024	0.97593126128768	0.886758350513165	0.757583325321411	0.915350163688611	0.958487517098946	0.983080812076307	0.829771214942844	0.930170293598134	0.938687189488285	0.759825290428637	0.494435491205027	0.678962671460323	0.68958235084343
PTPRS	0.786782344738504	0.859141350897564	0.92039176015044	0.922947672974827	0.932002221458491	0.902938465958174	0.918762944915372	0.948769685688492	0.733067910878846	0.916445994319499	0.883850629207679	0.977643614987008	1	0.907287153286047	0.921625904229557	0.92282534327509	0.932367098008518	0.954109947196036	0.920933555375927	0.959988977360815	0.955083314562908	0.949046243849688	0.926189263121492	0.957301747133782	0.959708394571398	0.788535483640297	0.938025507543775	0.951195459290707	0.918466154741251	0.938356326036137	0.961776953240935	0.930885920031155	0.962894727124574	0.877369171927277	0.974642190833061	0.882954715737217	0.914725929400871	0.782954232755128	0.917597638579784	0.925172361750081	0.92448193367249	0.925656575479548	0.928738879272635	0.87005567587812	0.91184575564671	0.938197044711	0.94766733865481	0.805846074599107	0.884410674023806	0.77239950588207	0.938724947181929	0.971215563049921	0.756722990660003	0.966889768372111	0.960126907603261	0.962343946984698	0.945432428181901	0.915466139619298	0.808738625446499	0.940573139027948	0.924981524282646	0.938088395536478	0.927810828393282	0.948993990192309	0.844482817407565	0.747580586401504	0.884426754508679	0.936874016943622	0.971619361895567	0.801068386846623	0.902750656479386	0.91328555488027	0.802636708301073	0.511021666973047	0.678000018667562	0.676749549886336
CELSR2	0.90319389194895	0.904478353605709	0.92079249543323	0.989341644619141	0.916730793562809	0.984644882947463	0.995692585626186	0.990208002031525	0.699897790433114	0.917337241452753	0.984142131538011	0.9341271678422	0.907287153286047	1	0.90041535183243	0.899840158982977	0.918782637373445	0.91345864848772	0.924672615474624	0.980227730844721	0.900584744253067	0.970909585133975	0.940275157326963	0.881870398334977	0.818118767122236	0.702633207978622	0.903278933622356	0.986372617665702	0.959392177808554	0.978303369884472	0.925255776548303	0.987294231022716	0.902903474713359	0.976128207819251	0.961773071376212	0.871755632439765	0.982448377290776	0.930805227456666	0.87976321554464	0.971935502847115	0.966234195314694	0.868649109054362	0.87283975459886	0.990264907367054	0.913319253337609	0.973436199108325	0.907959521852018	0.68530822094337	0.838913224189881	0.743404368165125	0.898429247198355	0.938254915192076	0.812478040335096	0.896340382149164	0.945604238249024	0.976832093908518	0.968013816948071	0.987461436980569	0.714669905825824	0.96874907037974	0.944649151512817	0.948971251382303	0.878559224181974	0.923856251258191	0.834986498056372	0.632648272870668	0.889155724391961	0.984831079722553	0.913300607675671	0.717898999047347	0.861072041092609	0.891695880374839	0.637691438721734	0.376514266255224	0.613545732552494	0.593651166514526
CD81	0.874962300990165	0.966276792362459	0.984143301225205	0.907190311916489	0.997729900122212	0.840849421922949	0.880536954596462	0.928153738755736	0.895215663898702	0.987327586311009	0.912812037641097	0.957666727112322	0.921625904229557	0.90041535183243	1	0.988433360105326	0.805665689220253	0.987894313018681	0.991883490524137	0.950130411314238	0.983441780953093	0.968689763920502	0.988738590043947	0.977918495501416	0.933487317144409	0.649080416670951	0.959739757918262	0.910405820985002	0.832421910408393	0.965662677464688	0.955571121045522	0.949020802199539	0.859550840889648	0.868506662227682	0.941605895225242	0.978343243818486	0.949782950520368	0.782280738272032	0.990708700724726	0.876400960267512	0.968982381503454	0.786727371537371	0.985094563521022	0.879710717786778	0.975763297973537	0.970590415945829	0.818204680248891	0.895198361430879	0.975240310317829	0.869209816063221	0.995137099583868	0.97131062616261	0.899058042197912	0.974122169541304	0.98284661705033	0.954701294545415	0.970504075882536	0.943552897923916	0.917898760677599	0.966951537300841	0.987584344972211	0.985934144163742	0.987483157293153	0.994697184237903	0.964215921258791	0.80885194772168	0.943912961577626	0.932770722399887	0.973174712169594	0.890732809596926	0.950878650259377	0.965436861515825	0.719204784566552	0.482600617226274	0.67240659200647	0.706829563725166
MCFD2	0.873913378846673	0.976221966780769	0.978867367873186	0.917988220553617	0.989237642732118	0.83591565008594	0.879724848928091	0.934251525760426	0.905203786088129	0.985440425463771	0.919904665499256	0.949541055174787	0.92282534327509	0.899840158982977	0.988433360105326	1	0.82859839686256	0.980724888762766	0.979941620568628	0.9514321555314	0.965566217318498	0.96052073836845	0.983944662466284	0.98578948431852	0.925989178861875	0.649587465588488	0.982420175466648	0.918008554484455	0.856018351728589	0.955708482201831	0.96067701024731	0.944329599541181	0.876010199002423	0.848599696075788	0.93248173602625	0.970826039077715	0.939276432092695	0.752570878015954	0.978148386820733	0.897478011418647	0.9613528655535	0.820306145281005	0.988518720616223	0.873189000868449	0.993415254096263	0.970675821966944	0.828099928721776	0.906265924153645	0.984292936313304	0.812637685401071	0.993512466064285	0.963378845537427	0.871342848086425	0.963913768985236	0.98002071782215	0.95104385726841	0.958372893848086	0.939498086680149	0.886047651304118	0.947213784848813	0.979944257022627	0.977656247404158	0.975421265932191	0.985990631835848	0.936720540349096	0.753079132319613	0.899315592733017	0.925739021665233	0.967015116745338	0.850487617537353	0.905465646908246	0.932613915655996	0.68561075296291	0.413816286646746	0.602738623560135	0.646619227441877
KCND2	0.720018448415341	0.76949873006549	0.813885218351455	0.929179534587503	0.83114664929764	0.937304286571171	0.937965927830403	0.938346659472153	0.561826454099955	0.817209326407731	0.875009331832846	0.915589798747187	0.932367098008518	0.918782637373445	0.805665689220253	0.82859839686256	1	0.861318986783963	0.814671970664771	0.931903071923958	0.849086074527318	0.893594672487343	0.837931057177226	0.85011064857328	0.842317135370423	0.876432303417161	0.883384474708345	0.962177779751203	0.98701819936274	0.884415253925788	0.915990660024114	0.893108818963072	0.978441977485221	0.860585280969576	0.926907783788339	0.747248537855875	0.865800556661944	0.778123238632158	0.791863865657796	0.967416378547288	0.855779805912078	0.982460212613522	0.826343323477412	0.872755005458559	0.842721947343454	0.887971282968251	0.991171264378962	0.65987250887223	0.763835004572877	0.645291810805513	0.833626449725398	0.896779361071081	0.65908522437177	0.873176533326606	0.880910502349227	0.928992993477312	0.883051469678476	0.88613308063534	0.650974280774196	0.872405695729062	0.84609815580006	0.851040995784299	0.814636839112914	0.853480273806281	0.706220520122229	0.604661835957642	0.792354339837067	0.909504253448447	0.896842201260047	0.614938153137603	0.770149484761095	0.80092515900706	0.713284353092182	0.444812084819769	0.614711023869037	0.596104033383354
PTPRA	0.843780285527499	0.941337984810926	0.975332807518806	0.922464016944365	0.990359794387105	0.869137823521713	0.902177556000977	0.943557111405298	0.847972370892157	0.977362569913511	0.915465029100116	0.972018060502668	0.954109947196036	0.91345864848772	0.987894313018681	0.980724888762766	0.861318986783963	1	0.981319042577921	0.966122812329384	0.994220143645104	0.972387719536849	0.978358720288285	0.982601514120429	0.943992396126888	0.710762398493997	0.964331718701168	0.936163112339291	0.877096591567595	0.965996613908676	0.979683795370246	0.950602960113707	0.909651274958174	0.87408581101523	0.962906931560321	0.955446050062159	0.945391496054984	0.778654511588413	0.987278728239212	0.912454159982669	0.966097130946709	0.844808072190457	0.985893578274118	0.882154115570694	0.968927849258831	0.973045562714982	0.874172106471147	0.884667678099275	0.960203841461181	0.872422034420903	0.992354657125913	0.984666102855001	0.876609467705599	0.99026020193839	0.991483271210769	0.973431442390084	0.979321687100301	0.94966625775361	0.912270060218325	0.96888100315899	0.983926821606689	0.980097738815292	0.989618271735402	0.993755953174967	0.944856023129356	0.832685803623558	0.951264348133613	0.946772482887966	0.993007786972418	0.887263862892436	0.956810157005372	0.970180660874969	0.79630266602222	0.538791724274281	0.720112466738155	0.745016253542689
PLXNB2	0.899622511931911	0.970270455191506	0.992635092432245	0.927519946691658	0.992367776802187	0.871208257755305	0.907011809754849	0.942558980458332	0.879077883407056	0.989575675133206	0.931255674700739	0.957861724808468	0.920933555375927	0.924672615474624	0.991883490524137	0.979941620568628	0.814671970664771	0.981319042577921	1	0.96106068750829	0.973181338702645	0.976622411816171	0.989019522983172	0.964163516728703	0.919148004751242	0.63167360579269	0.956396042982036	0.923841996172164	0.849746661709111	0.978746157199855	0.94821826798333	0.965478452159801	0.866387280442312	0.900339586347282	0.956174982598359	0.975514202105982	0.969026923852163	0.824307587362737	0.980199235921127	0.896321172191292	0.985743299221325	0.788281962372059	0.97157826312156	0.908492890790252	0.974366533240155	0.980812657509852	0.829730799096141	0.863464069919202	0.957850417308459	0.839444976996413	0.986578944783389	0.974496445858001	0.891666652258774	0.96743383485198	0.986851076971105	0.961636090916513	0.979657377930371	0.960545120792157	0.876436224888952	0.979753723336119	0.985881919113643	0.989863247066754	0.975752548375915	0.98982648293819	0.95139279300305	0.770073264694096	0.936610635855635	0.948550413009809	0.963750935175663	0.878064276087185	0.948541316542513	0.958017276929214	0.705599313154639	0.424371056942206	0.638504970245421	0.660520973363451
SORT1	0.885269363746698	0.928703623421718	0.956168584823048	0.985559920337053	0.962092311924021	0.960355525675829	0.977334739237309	0.992985601416206	0.763826420674411	0.951806787525446	0.965408499299896	0.978659508916082	0.959988977360815	0.980227730844721	0.950130411314238	0.9514321555314	0.931903071923958	0.966122812329384	0.96106068750829	1	0.957048722105692	0.992725761091346	0.969623067502796	0.945361724593177	0.906670131404061	0.74591224364761	0.956084144994674	0.988630694545398	0.956442201204878	0.989654238909135	0.973523926938409	0.987823565035202	0.946860849156544	0.949373934153679	0.989019479110325	0.910620867199083	0.978585147251226	0.879080276499017	0.935624120445265	0.974214488744826	0.97705775944246	0.906608624263974	0.937039868982876	0.957801410536014	0.957162651024333	0.991167485262683	0.931696291445183	0.799710132196749	0.908872315607316	0.788105279651715	0.956165821980975	0.980270973214256	0.83969038836913	0.957408784743435	0.981153751161561	0.996398513216633	0.986017989604058	0.980992053152334	0.8005947645376	0.984055546682932	0.9732868095249	0.974768631594173	0.935166391685853	0.968639756098116	0.886957358058308	0.710818312614828	0.915739382413565	0.985101721430324	0.969192070297882	0.798149788667553	0.904498115780053	0.928788172852799	0.712087566442238	0.431805987874826	0.646483758575425	0.645639602278404
CD47	0.830749950325645	0.921819938342482	0.965756705948269	0.907479326466687	0.985784207464146	0.863881190808503	0.892690409860973	0.933094254157009	0.8326214491649	0.966158094735714	0.894674212461963	0.973301337433669	0.955083314562908	0.900584744253067	0.983441780953093	0.965566217318498	0.849086074527318	0.994220143645104	0.973181338702645	0.957048722105692	1	0.968148068158478	0.970627839053207	0.977080615559533	0.95250153753447	0.713437985429122	0.944027829695653	0.924556783112432	0.857629337440372	0.960166329660063	0.974400847708706	0.941858020785723	0.89955735358296	0.873425536845675	0.962663386482292	0.946382977974932	0.937657136531037	0.777163516089166	0.987424642007728	0.890182300658421	0.955014167326361	0.832720107835653	0.975120931150541	0.872039142286119	0.949460746272239	0.962395563796493	0.868036012332026	0.882691641555916	0.95076670803595	0.902775329765944	0.985535118156746	0.982553785970081	0.883507609862569	0.989885112140065	0.984404200041682	0.967817303490464	0.974659083400281	0.937660072864653	0.928849931399127	0.968717875573794	0.976597736008134	0.972957779636777	0.98736636214093	0.989287777444382	0.951343885874176	0.861163080646673	0.96360479834005	0.939763218212144	0.991350776268409	0.906666283694761	0.973730137788933	0.979772304933127	0.816798169000508	0.591020386176556	0.761207418454922	0.78275182529123
NOTCH1	0.906841450108811	0.944435767430408	0.965561517545374	0.973937903995151	0.97521859600305	0.944229883981075	0.964876467920294	0.982138311782524	0.798259672504884	0.967290900012025	0.961213359858422	0.977660065052165	0.949046243849688	0.970909585133975	0.968689763920502	0.96052073836845	0.893594672487343	0.972387719536849	0.976622411816171	0.992725761091346	0.968148068158478	1	0.984366737150147	0.951593157430314	0.91226797599845	0.713744681832592	0.950011657738834	0.972324292757836	0.92204480735089	0.996940648863872	0.961746917647413	0.99163045133981	0.917860783097051	0.955096890593611	0.982530567718	0.933438862695463	0.986477728977428	0.887232081269668	0.950847259978942	0.945446419394791	0.986939937173963	0.86477388842787	0.946328968839808	0.959499957825403	0.96003408481583	0.995522351445418	0.89811874377867	0.818067404495643	0.922423623992164	0.819530449661918	0.966472169598118	0.986432320120911	0.869558166819424	0.963315632779703	0.983888267350389	0.992023414308923	0.993229893544952	0.982254722200888	0.827721197080371	0.994073965608521	0.986535950823296	0.985307932080416	0.950376929912063	0.978200738430547	0.919681015217368	0.734968757446183	0.935875051485039	0.98758661702057	0.970461995444776	0.831862435851677	0.929150416522895	0.952364239049694	0.711286248166863	0.439038426041248	0.660410460938631	0.659607242382671
ITGB1	0.924986777093844	0.979865050465098	0.984595165794659	0.947574777575363	0.991696498059494	0.888103075976424	0.924716519075286	0.958742944352026	0.8837162106453	0.992897222673796	0.952401951236024	0.965221811998806	0.926189263121492	0.940275157326963	0.988738590043947	0.983944662466284	0.837931057177226	0.978358720288285	0.989019522983172	0.969623067502796	0.970627839053207	0.984366737150147	1	0.969248769726026	0.910759452650301	0.643190306937169	0.961580488360997	0.943766714598374	0.870940288463016	0.986216016150194	0.950265877409774	0.979277031205549	0.873255567179231	0.916082978377962	0.954184094100873	0.979452287176459	0.979192618127562	0.839002906234926	0.97292552169784	0.905716020636891	0.988351911641738	0.81178401886393	0.963739385896243	0.929032392951655	0.976411047093193	0.988836809550461	0.840574505819768	0.848181180560956	0.952728486513105	0.839887138914947	0.985274874148048	0.973287526437733	0.890159797870222	0.963288769608977	0.985507558459607	0.970658379030647	0.984832597687313	0.97440572398512	0.870123413845569	0.982026019704044	0.995515499125225	0.997281713489413	0.965781826146314	0.989892696415252	0.942433038405836	0.751683237188709	0.929636674060635	0.964848627660293	0.965605008098067	0.854180981458909	0.934821619279258	0.959517620402636	0.68402564409246	0.426475957804389	0.639603428539303	0.659896752585475
ITGB5	0.833512292209506	0.940774489044237	0.965269495389867	0.901424804693302	0.980227088969147	0.833131507422586	0.871792217005053	0.928878032545698	0.87593149613796	0.972243829008413	0.891055737917393	0.961964155935185	0.957301747133782	0.881870398334977	0.977918495501416	0.98578948431852	0.85011064857328	0.982601514120429	0.964163516728703	0.945361724593177	0.977080615559533	0.951593157430314	0.969248769726026	1	0.958316962815589	0.688788252707345	0.97287893872527	0.917439935342658	0.85608531139777	0.943050319657951	0.968935248317727	0.929876042584132	0.898548937160762	0.834225909124449	0.942609101834517	0.956543190428165	0.920999386926679	0.728213270362381	0.977426263998266	0.888019945581965	0.943769196811445	0.848262715535982	0.985243086464953	0.848440989865632	0.970743922236126	0.9548426943212	0.857607755344179	0.902576361199236	0.971691673638881	0.830929934987066	0.988036523834307	0.970317532993829	0.843496432692569	0.978470003463691	0.97948223465144	0.94996994882139	0.952315648369706	0.921464604677515	0.898215021943999	0.940432128267303	0.96304635670948	0.96780337715713	0.978051815624168	0.982863113179091	0.922518468327723	0.791868910249448	0.901378731473101	0.918539973571196	0.97845954965121	0.863732187620291	0.921448874487312	0.940706401595472	0.754876950647908	0.491807232794994	0.656580496523274	0.693622368887174
SEMA4C	0.740980383893576	0.852513258147876	0.912966347204977	0.847082002106651	0.936275884623442	0.796408577836911	0.823931061790806	0.876445629971867	0.804799109792301	0.913203797988232	0.794133719729632	0.96348485312978	0.959708394571398	0.818118767122236	0.933487317144409	0.925989178861875	0.842317135370423	0.943992396126888	0.919148004751242	0.906670131404061	0.95250153753447	0.91226797599845	0.910759452650301	0.958316962815589	1	0.767466174143602	0.939540011154128	0.872670896685899	0.817259589482874	0.895698269706375	0.933418902824224	0.873317858377185	0.915684786528639	0.786305551754095	0.930754692220594	0.893854271478136	0.860539803640438	0.670020807144756	0.925422923127855	0.839244989252913	0.885551653653575	0.858514447393623	0.94310840868358	0.775418651476841	0.910714086258903	0.898415653005727	0.876795168824439	0.889079035576611	0.914013181778567	0.791270730865532	0.949234331204298	0.95015187508553	0.764529835533071	0.969901636754092	0.933192745858956	0.90798083669267	0.901311263249137	0.846605773181717	0.873219309230538	0.90332521971086	0.901847533593309	0.913943442129863	0.936002259895786	0.944531930085105	0.867589842457429	0.781434018528085	0.86373795585062	0.865649223528407	0.959859855953119	0.843879358710802	0.905142984231896	0.898403871342693	0.78202014502187	0.51551296121625	0.654226878869752	0.685415278989801
KCNJ10	0.416727032372274	0.532517440081281	0.600253214082857	0.706614825124805	0.665221527315411	0.738080972134009	0.730303942223669	0.728741711244814	0.362077614198413	0.629831026526453	0.633569521150696	0.778158469053442	0.788535483640297	0.702633207978622	0.649080416670951	0.649587465588488	0.876432303417161	0.710762398493997	0.63167360579269	0.74591224364761	0.713437985429122	0.713744681832592	0.643190306937169	0.688788252707345	0.767466174143602	1	0.724426314612057	0.776461769776643	0.821543787328714	0.691212460578899	0.764227006184631	0.683355566831863	0.877540889521381	0.639634359519549	0.754611579642425	0.548843076770386	0.644836233996911	0.544029951743163	0.626627526276195	0.78393838733265	0.645435226247753	0.865137545327382	0.696925498514238	0.638972293886596	0.650931273064425	0.685044455404003	0.891400447216739	0.556021543770988	0.600466606504975	0.573845429486621	0.674979231986434	0.756937478159221	0.502613776198494	0.755722586484162	0.697828337368236	0.750979967484737	0.696952753946797	0.666210804977849	0.59051260929731	0.690702337792665	0.663002871465179	0.653948821079991	0.687010838737037	0.697858660528693	0.567086745308931	0.610073107941396	0.685046555868088	0.717098762019173	0.776106747468544	0.479035012988802	0.654659070589525	0.666557545706115	0.714584337890867	0.56671901063647	0.660409398364037	0.644007833763853
PODXL	0.844318448983854	0.948451339055124	0.959528943962107	0.930428872926923	0.968531354072165	0.853893911650046	0.892246619209845	0.942526450821463	0.86570994074988	0.964234477214308	0.905350267014221	0.962282469961841	0.938025507543775	0.903278933622356	0.959739757918262	0.982420175466648	0.883384474708345	0.964331718701168	0.956396042982036	0.956084144994674	0.944027829695653	0.950011657738834	0.961580488360997	0.97287893872527	0.939540011154128	0.724426314612057	1	0.935678343367303	0.897212719183245	0.944087173580869	0.964495496309448	0.935712204759726	0.927711685947921	0.835888504003702	0.941601685917523	0.937786088456495	0.924317323943768	0.732295823206736	0.942785429712625	0.928306192917064	0.944320736316842	0.887005787826624	0.969607210663452	0.862398718449959	0.987533834304921	0.96008318372919	0.884294571647913	0.882288157580438	0.95377209130817	0.753354036987085	0.977108751169308	0.956575652368177	0.809275419024637	0.963036266943615	0.96770407723327	0.949173706107577	0.940450116705843	0.925720638640339	0.840944482527459	0.931140947442774	0.953077717009737	0.958866158458475	0.945521881798459	0.969776231963481	0.877211349403107	0.699624473046724	0.857664566657075	0.917284183274786	0.964338124703241	0.788336587660495	0.867296018200963	0.890609585402079	0.67604398042562	0.380401397787518	0.562188329553452	0.605497275081175
LRP1	0.866208203999779	0.89718691395406	0.922528139009902	0.987021663163643	0.928540657740002	0.9749340782672	0.988958672266025	0.994449973829024	0.711200333598874	0.92508829047062	0.966786905180409	0.963598207260671	0.951195459290707	0.986372617665702	0.910405820985002	0.918008554484455	0.962177779751203	0.936163112339291	0.923841996172164	0.988630694545398	0.924556783112432	0.972324292757836	0.943766714598374	0.917439935342658	0.872670896685899	0.776461769776643	0.935678343367303	1	0.980247386193143	0.973593506863634	0.955837409809124	0.980042495493911	0.95286974386373	0.947848808040297	0.97595903008264	0.87785103768062	0.967619603512538	0.87893583185089	0.894226172901425	0.98449095248183	0.958616849595122	0.927150311501355	0.900652708611027	0.961397171112544	0.926082903836112	0.972954540243563	0.954329237858621	0.726619600014309	0.858603787605282	0.753110119187534	0.920370645062334	0.957840879819644	0.794740918700869	0.929996909573452	0.959449589614307	0.987327414703271	0.969286505328463	0.977824388612616	0.748323225858582	0.964274709125414	0.947426076666433	0.952853248154068	0.900438055793795	0.940499434555365	0.833436102692229	0.67176922598963	0.888803228338049	0.982433475614434	0.947278979209119	0.729816297115742	0.871237161750056	0.901843096583486	0.700396855106324	0.43292996739485	0.644533145394131	0.632958076652267
ERBB3	0.784586744952969	0.820518955131251	0.848041216998576	0.963347810291519	0.856076578915673	0.965429641827281	0.968570107398517	0.965294879606885	0.597343836917883	0.848528161505977	0.928305112733813	0.915175028502535	0.918466154741251	0.959392177808554	0.832421910408393	0.856018351728589	0.98701819936274	0.877096591567595	0.849746661709111	0.956442201204878	0.857629337440372	0.92204480735089	0.870940288463016	0.85608531139777	0.817259589482874	0.821543787328714	0.897212719183245	0.980247386193143	1	0.91816482420828	0.924845517914397	0.929463221162049	0.962218576050351	0.903980890086233	0.938145690903554	0.779494605662295	0.907405576400214	0.837469861583222	0.815605416856227	0.991513501503695	0.894833525642384	0.95903712866945	0.841759760627172	0.923783997570551	0.875753975009737	0.922737295710119	0.969800985677332	0.665550876692925	0.790697281814767	0.655346629883612	0.852663421227297	0.908560454229901	0.711287248539551	0.874008559955972	0.902995139592195	0.95014530297923	0.912171411685297	0.927714093634427	0.652668394448316	0.902313458589082	0.880456867685158	0.881439272862068	0.829699451128735	0.873146201152587	0.742387074168929	0.589984345068881	0.814133344320339	0.940064051247582	0.899457984997729	0.630169336699454	0.781072972607954	0.818651049438277	0.669320478856514	0.388056292281264	0.589846688077576	0.570295584735361
