""	CD163	LILRB2	LILRB1	LILRA1	CCRL2	CCR1	C5AR1	ITGAM	TNFRSF1A	APLP2	CD40	SDC4	SIGLEC10	TREM1	HLA.DPA1	TLR4	SIRPA	THBD	TLR2	FPR1	CD86	CD53	HAVCR2	CANX	PILRA	ITGB2	KCNN4	TFRC	VSIR	CCR5	ADGRE2	INSR	TNFRSF1B	ENG	ITGB1	PLXNB2	CD4	RXRA	CD81	NECTIN2	IGF2R	CD47	PVR	ITGA5	LDLR	ITGAL	CD44	ADRB2	CD9	TNFRSF10D	LRP1	SELL	CD74	SORL1	ADCY7	PECAM1	NOTCH1	FLT3	SDC2	GPNMB	IL6R	FFAR2	CXCR4	STAB1	MCFD2	PILRB	STX4	TMIGD3	TNFRSF21	TRPM2	SORT1	NOTCH2	TNFRSF10B	LTBR	TRADD	CADM1	TRAF3	TLR6	TNFRSF10A	ADORA3	CR1	CD300LF	CLEC12A	SCARF1	TREM2	RIPK1	TLR1	ITGA4	ERAP1	ASGR1	SCARB1	SMAD3	ADGRE5	TNFRSF14	AXL	STX3	ITGAV	LPP	NRP1	SMAP1	TSPAN14	NCSTN	ABCA1	CD226	CD36	TSPAN17	CD68	AMFR	RHBDF2	PTPRA	CD8A	SLC16A7	JMJD6	RACK1	SLC16A1	LAMP1	CD2	S1PR4	PTGER4	PTPRC	CD3D	CD63	CD3G	CD69	SIGIRR	CLEC2D
CD163	1	0.580842938001133	0.629538207938362	0.0716726616847707	0.451755937258599	0.725028816443082	0.814405495532701	0.451029555898915	0.863832443983885	0.899264487435068	0.19126376781345	0.250084025422332	0.706676910044175	0.208944319893884	0.142674974112413	0.896302340812946	0.776952193204689	0.280122871402361	0.588003994797514	0.53440554235426	0.413883196604497	0.711135598827458	0.773346186853424	0.826345891691375	0.873673414792517	0.694201093450601	0.298799023941028	0.825498779927236	0.474428505478579	0.641492605704314	0.587405647028784	0.173731192775476	0.613309870980782	0.767530162582642	0.740397056976069	0.767175864575527	0.785413932932672	0.535578473801167	0.829622822821917	0.475507019882174	0.793510637121055	0.576551548959879	0.508918555341826	0.384283277513511	0.0897623993209501	0.546696003625596	0.444603388892845	0.772989086276071	0.771421378117604	0.328626138036851	0.901179278526913	-0.0709654790917965	0.347352898464878	0.822732702456692	0.636185789491285	0.621699478996554	0.544502961990971	-0.155973620431235	0.504833744871863	0.768569234630394	0.64742249607858	-0.0835091099422938	0.261906260580554	0.828908204689903	0.720542163742049	0.615382140809301	0.745934106162729	0.906333900809454	0.802962129635886	0.78841880121096	0.816891662161337	0.71740399045293	0.400968964825557	0.837759253801099	0.335373512843439	0.620253809657765	0.459738642472958	0.653922511654886	0.244107939387589	0.823877165239827	0.753726164449907	0.688135447879044	0.258827756814052	0.0917916088838513	0.771423180559662	0.619768811372051	0.806135203056767	0.399912768727623	0.767987723692281	0.785953165177526	0.742989900395641	-0.0567152620204412	0.208164357734867	0.716736066197607	0.58636542824928	0.637535559027802	0.797102254994952	0.613899012171691	0.796382210197958	0.721823558634615	0.886398035510036	0.852532193874889	0.853983175608649	0.10626445298669	0.686839336564825	0.763581578424319	0.89193068141138	0.773500060826297	0.72793499258574	0.718726152830023	0.424218291635546	0.414010474164474	0.53415610216743	0.480946904346247	0.728974199921356	0.860650384696123	0.259357648308533	0.225126946349312	0.465494493994189	0.499672962478035	0.28819215241637	0.814439449748749	0.28861941712183	0.232762073775039	0.371243442046184	0.290154276594791
LILRB2	0.580842938001133	1	0.895977242439353	0.628942212309051	0.677392442436183	0.451462500862461	0.770313522463645	0.374203100853878	0.579919191352372	0.481776026785976	0.317195580224738	0.48974030563922	0.379767797451165	0.364413472050351	0.122590828059149	0.653932874169482	0.566742322311594	0.369305836491335	0.745725445062512	0.866472720999182	0.325343276403685	0.672856348347099	0.511487828658157	0.531447579231443	0.595731062137322	0.414987969308535	0.414329697103349	0.539487574410427	0.54750050998763	0.589844898495087	0.776894972858672	0.280742718718578	0.761776638995135	0.503883724924488	0.433464584686687	0.505533230650568	0.346454376452518	0.669053297633996	0.322798575348503	0.431852287947481	0.316663345222984	0.605455328038314	0.642614722713241	0.486502314641858	0.469197400926993	0.461606144533784	0.616761728749386	0.398910099178598	0.297205642834625	0.44572849791683	0.308031747157913	0.321126609914462	0.181269549372663	0.332128586125912	0.43576803479402	0.360397615143878	0.522973549956317	0.0374117339882382	0.166286870517947	0.186472893770033	0.669958468798893	0.209129197708373	0.514404463788098	0.249565404465935	0.425106126686524	0.368101724353452	0.560345283880556	0.340337583045608	0.332129474052665	0.245114623593734	0.43730261055753	0.451545247240567	0.591682921864062	0.43987086228651	0.357565591733209	0.0849604631259192	0.657044096889278	0.473397278892463	0.521100534398845	0.196915421778475	0.280722864420541	0.592460228523582	0.275673313219376	0.229650021531457	0.170644379747917	0.36592658818994	0.355483800413964	0.416321257087021	0.530693866689688	0.779349176392907	0.171168062761699	0.414571029644996	0.592220884560137	0.513476993605849	0.145214031780762	0.425528043542955	0.328514108149177	0.324175470129776	0.269078176049802	0.534444220929751	0.591811078462278	0.443313468885349	0.340838381876945	0.0693113943251326	0.2244099841582	0.476081249354157	0.336087243331539	0.309427698961077	0.464914438600301	0.456522416241492	0.368569186127398	0.548740392881128	0.611342235939776	0.536144960382951	0.428863693347463	0.35522692233641	0.333925354179225	0.472332180631802	0.350950262349053	0.526519965062122	0.324764091237499	0.42090645562055	0.315337225195166	0.334364567258203	0.575462703385053	0.320271411899582
LILRB1	0.629538207938362	0.895977242439353	1	0.713542321120899	0.795363227387562	0.614478279376658	0.850948045172213	0.573530134871749	0.553409196689173	0.560439394879641	0.272953181324402	0.632872417360014	0.280921425785597	0.548206787226868	-0.023664497163328	0.671452360602054	0.682298598254108	0.597261989461973	0.850128885553283	0.815625091294899	0.336941271198041	0.722564465235073	0.452735455201038	0.548656149474694	0.601895301590634	0.406523082457725	0.540585674999122	0.534663925342751	0.439004468166569	0.589656652025492	0.84844960987407	0.131063172065547	0.756510703425002	0.53765981461804	0.515444647690076	0.489106721237155	0.293809172323096	0.82571971879891	0.329734982046315	0.335491872775123	0.369240012401233	0.621639865997234	0.708904713147735	0.64170753020651	0.463758142092874	0.474577958949055	0.786720394348989	0.421341226256518	0.316314938766792	0.601244445073254	0.334498469316614	0.197512179948065	0.0518514683276384	0.302892070414137	0.33477428050779	0.326798760811103	0.47000588675859	-0.0881769940867568	0.333830808479009	0.21874483866272	0.732560016097533	0.335277888688537	0.377785642908371	0.234384723641155	0.426997057609015	0.330422771747439	0.568365403953078	0.370863560101653	0.36117305633793	0.232342531884716	0.518383321750157	0.439814112066063	0.513419648770933	0.379572270383406	0.239602355686793	0.0464159497745751	0.705156744453943	0.403195971783842	0.648524168273138	0.198082987576577	0.314403784799494	0.598308613685716	0.27271696961757	0.260234752797016	0.166020862622765	0.312011084532665	0.317011659700583	0.292066373094687	0.532764124445556	0.761966681065954	0.145106439473758	0.300539316252843	0.681962921111006	0.439811459072945	0.07263158257181	0.395974329654409	0.324833543530096	0.378883409472356	0.29427914910416	0.512157543722095	0.624360662534122	0.458108387857482	0.42120014987721	0.0364722224122709	0.266305663552188	0.500758695724081	0.372270874626771	0.2900144888418	0.46083285906339	0.444156861619804	0.372583861863255	0.574506979078911	0.589227281664764	0.471088379536215	0.498115001676874	0.400892335428628	0.283186412454547	0.428022401629395	0.240864115629116	0.435422971165262	0.292833959320748	0.476864467511849	0.29146809546785	0.263583224954069	0.564407461865704	0.277399071878856
LILRA1	0.0716726616847707	0.628942212309051	0.713542321120899	1	0.702961743804757	0.233622457089585	0.548370778349787	0.271380598134989	-0.0289776084023156	0.0813700163073451	-0.0317839653471443	0.507579684546212	-0.296389738610136	0.465340768345213	-0.328062836993778	0.234493459316411	0.204854064089401	0.490493829970665	0.571017639407582	0.537235155484584	-0.128673459575491	0.227475648255884	-0.103344761928709	-0.0524675478968427	0.0903445067063507	-0.184070724018469	0.308165766814455	-0.0304155751301238	0.0844217446580464	0.083616536677749	0.496997722630154	-0.160702253002472	0.370654077829515	-0.0347894045240013	-0.0159885442732913	-0.128581766687062	-0.35011839918132	0.72549611865522	-0.308946130869454	-0.169875580294087	-0.102968146724701	0.183065251006629	0.399852650763413	0.42594882592766	0.526596069133184	0.0357990473303171	0.599788814098741	-0.178532163917078	-0.313688319657561	0.421357004559876	-0.233757515828226	0.256829165229925	-0.396473470027028	-0.323018662747124	-0.203114195010306	-0.0879849755503161	0.0707702788236382	-0.111286953540796	0.0420019479594312	-0.220759679778067	0.336634524833205	0.620119496460048	0.0514913597036494	-0.382979675434874	-0.0994443067079493	-0.217394982384937	-0.019305266781476	-0.155447067773561	-0.172417081650482	-0.386247484586521	-0.0161369811480536	-0.0605473526339537	0.140293739621468	-0.227256318964264	-0.150959139606346	-0.504735733567918	0.392157406571077	-0.0818596504859275	0.584258970402085	-0.353517989584528	-0.0798758076330627	0.354055083252554	0.0290219178769074	0.0573882400267177	-0.447160235730927	-0.229108721922286	-0.289525079341047	-0.155145165411358	-0.0333998568390838	0.366367844290217	-0.379380974715181	0.305876773622017	0.56646413646344	-0.11665588128524	-0.493480481945482	-0.0739150076831019	-0.283136858537678	-0.136588057963994	-0.310278444745263	-0.0205719741017117	0.0855127300479984	-0.149312167970587	-0.071016784217273	-0.156275078027124	-0.0541963984671709	-0.0152953757184146	-0.175342970777254	-0.296570917807067	-0.160727715837917	-0.117419862095004	-0.0151903210050081	0.414780687248885	0.150839240138955	0.0613229474643973	-0.0578752193288659	-0.0958549157545088	-0.0308877597495099	0.214604935181895	-0.285977753757191	-0.00303273360451561	-0.021408061638456	-0.0703950021368251	-0.0101679387379606	-0.0509857757867004	0.243896811285734	-0.043715478346579
CCRL2	0.451755937258599	0.677392442436183	0.795363227387562	0.702961743804757	1	0.579510119971982	0.777787445098312	0.537558863527027	0.305162206604616	0.475592375910207	0.213437879870147	0.705909644348261	0.00173451023855167	0.655622777443842	-0.169525864748715	0.524756080150646	0.611142669647816	0.646889662973348	0.751965108668074	0.568440182476524	0.210556060631422	0.549374298089624	0.2798829317204	0.375496739799223	0.492059417724661	0.1921646538114	0.479363518912964	0.419985965088162	0.123952967498672	0.465559290460459	0.673218269029779	-0.0749617430746175	0.563712861579446	0.328039800092111	0.409928759051807	0.24744139239188	0.0401192530720727	0.825170920386878	0.162208184064726	0.134370812279843	0.356426910277911	0.490436830140285	0.579095662937686	0.585150858406603	0.397395856890257	0.333500919790657	0.786969594715726	0.207544337529141	0.151229795108868	0.586085006785222	0.214109608356961	0.0240924754216007	-0.146205183035293	0.048443925992925	0.0826507945271451	0.159575987965158	0.259580523319269	-0.103455973773957	0.475427574762398	0.203549179508011	0.60217452824627	0.481655889664626	0.184018327185307	0.00200664477254122	0.285356622222019	0.130404491464723	0.413050741746297	0.255134558601128	0.272931492349983	0.0148968318246047	0.399327106953627	0.355421639349339	0.305679877142232	0.161791926253171	0.0653988056694995	-0.136341262328131	0.599907261203659	0.179160223181109	0.6179705645036	0.0670022193240109	0.267407655750153	0.482854055635927	0.193484968438124	0.23350192513564	-0.046048167616755	0.135929181767592	0.0872172507359719	0.0552206466503187	0.32961824634602	0.617015395484686	0.046809338987578	0.217120952897468	0.678319753893183	0.277874546570203	-0.162852345864614	0.274826388314789	0.0822317373839715	0.298383526602359	0.129400500500305	0.362206880916087	0.497146374010143	0.273562729771787	0.412363474128261	0.00905799669827341	0.289057618198428	0.359725396787878	0.2974730654716	0.127527025491582	0.211881534300325	0.246788293605716	0.234988881170141	0.409814097847013	0.4013306225293	0.274170821408856	0.333154978206601	0.338667955807467	0.1274073987061	0.317374864469059	0.0106364191411342	0.225106768200114	0.152602548849041	0.40884049755362	0.163499647576564	0.101409585625475	0.366740439767848	0.152815167741987
CCR1	0.725028816443082	0.451462500862461	0.614478279376658	0.233622457089585	0.579510119971982	1	0.682021411491367	0.820969510936357	0.541553006260464	0.786333374668926	0.361090138598005	0.654121667928015	0.264784751834495	0.664789912632498	-0.045529864115901	0.616920093446701	0.87024028605459	0.681384735292403	0.618505203140819	0.407243148430238	0.48560509196628	0.740503782492629	0.530176088640322	0.748637328886449	0.740363655070307	0.662241377343629	0.752289466212038	0.731671259432729	0.192301757831387	0.625836234147062	0.553438125343702	0.0852657020562026	0.547055716330149	0.617527593551143	0.746606887116793	0.51878096448861	0.49738676121438	0.683154539524058	0.598635744863306	0.371878142321623	0.742301351465349	0.631299828071593	0.668605517130985	0.727803835555774	0.148100909213594	0.577579354342517	0.742552001571274	0.566474859384429	0.61047967309373	0.599403242704828	0.635697741508099	-0.0190200204800598	0.0833639164824122	0.396802251996665	0.278768049151327	0.311877380769287	0.308197731860589	-0.181652805541461	0.838698083664521	0.608039495539058	0.65312167368356	0.114090242030558	0.168373823625665	0.435950123090047	0.686486911798806	0.459894407973412	0.622603952901784	0.606390855092079	0.714556708337766	0.401206694030786	0.825992387600917	0.663227669323837	0.316137820734058	0.515634097854434	0.247416859232671	0.229820521476073	0.606733907660467	0.421530478134074	0.505552368645659	0.452738084035437	0.651240547668375	0.633857530843063	0.480397847165579	0.336131948302843	0.410840808140697	0.430633128267151	0.42940604403849	0.190013619676285	0.639946647782548	0.579029831334359	0.444456892070354	-0.0620037629551851	0.5240799549368	0.543010160583161	0.172802707488825	0.476123662971707	0.396183774713931	0.680064238118922	0.702156332761001	0.599744454640391	0.724702226526511	0.683899084552036	0.699807420055202	0.19611440684485	0.610387946402676	0.684914968278766	0.719588639474185	0.565590128433918	0.524092225827003	0.575564564522356	0.501459549445391	0.418571004299606	0.531124362357299	0.455214048431693	0.765261001354715	0.745438720142276	0.264759152784066	0.318294492453239	0.220402962258221	0.344669940707821	0.286436012932351	0.810329521023226	0.294458205458981	0.221811336680859	0.44412154202058	0.256559699178863
C5AR1	0.814405495532701	0.770313522463645	0.850948045172213	0.548370778349787	0.777787445098312	0.682021411491367	1	0.464306308502081	0.635596887050879	0.727921924104475	0.0936080627142361	0.453665478344971	0.37809089567582	0.386297072104248	-0.118250617740764	0.860363975029535	0.677940675917361	0.447843171648792	0.762358318415623	0.657544761450718	0.190219910693799	0.619798430142341	0.522630619340005	0.578822530949352	0.719003223423639	0.395275569929461	0.354405196731635	0.636978561549488	0.399565914860483	0.534947340586427	0.730516096288786	0.0118291607989474	0.692321799141932	0.545051789865452	0.551576260445716	0.489379354124034	0.402485531521334	0.821055841160831	0.460032496150959	0.233936727722294	0.565644096717024	0.505222456298965	0.59104623008494	0.485900578152199	0.423036132271657	0.457704983029301	0.652204208597015	0.500703933426218	0.431827208945591	0.440330649628194	0.567017503853675	0.00450642591691054	0.0119512575764751	0.465929365930102	0.348138868377054	0.444316631227796	0.470327090656094	-0.206788287724274	0.403319999391261	0.47042948011124	0.672152094938446	0.277868257375854	0.189771197655458	0.42772873967957	0.462571185465432	0.35126182332346	0.570244906165082	0.603687675184759	0.502767671640822	0.39483690262186	0.624454563801318	0.50419399161921	0.345639550165338	0.503085624996667	0.135047699263408	0.210834488284325	0.55366618520893	0.431447422575137	0.498905131474275	0.443275626701554	0.535603878596115	0.701951251287491	0.233667449432707	0.0412379901781783	0.355013918865455	0.34435588823105	0.446311061843616	0.189547130048695	0.553557014800232	0.790026174848983	0.355779614248423	0.0981088759253607	0.438820512381416	0.494625201572335	0.163839362650926	0.457522046241112	0.47773089951349	0.390927080579155	0.428205058791383	0.517532340302244	0.721708943194236	0.552126621938858	0.615199952098527	-0.0342234723510165	0.496958229106444	0.549493520789074	0.588919828142567	0.419971964236376	0.464978421198308	0.464034112775042	0.320961501193892	0.573008490223085	0.465683910965216	0.352534726044247	0.50708097275375	0.60461040278494	0.181772344643358	0.249605015300486	0.175421904779316	0.372523616543167	0.218748877996106	0.570003891139267	0.227181480857462	0.138904344320618	0.366175975453849	0.214037754513899
ITGAM	0.451029555898915	0.374203100853878	0.573530134871749	0.271380598134989	0.537558863527027	0.820969510936357	0.464306308502081	1	0.340998137696069	0.475685192345878	0.470988704553552	0.831876438706526	0.119048209099967	0.871636445947352	-0.0472995950774012	0.295798354279346	0.81718844328482	0.890932276540014	0.699254966533524	0.392796063141186	0.588958495180386	0.718206460054866	0.29871438553433	0.593941056986332	0.49641311142618	0.560202260008055	0.890794768209484	0.513536488982996	0.119267696572919	0.593947580436366	0.609754320164934	0.0515489759353792	0.475413838699915	0.566911000620318	0.640052401111374	0.468732121159769	0.308405125952172	0.627528520610215	0.414055209429268	0.351804791161903	0.395906444850082	0.62194019193312	0.7089518679646	0.845468380819009	0.0723759247190335	0.504633873883399	0.834438986589669	0.445804743923387	0.453285827641952	0.763478134183463	0.32272636887777	-0.0866206526717021	0.061938895369898	0.206619793100143	0.16434746513995	0.113528757334335	0.246854650161912	-0.178302630808634	0.742252632572922	0.212623938959641	0.604476818046511	0.173840789306321	0.175308812979022	0.260989461648991	0.48358929983975	0.334672939814559	0.561167382745593	0.311536638196874	0.411443217971342	0.273558248188716	0.622185269392085	0.442500350905146	0.340558897283254	0.277076444984254	0.185285306956961	0.0894787649176876	0.666117081339589	0.255608652626491	0.551104466606301	0.143751655040783	0.275063847473176	0.283442630084418	0.432658052707587	0.501032091361902	0.230631737962724	0.277097913800487	0.213814325312375	0.141175053941419	0.498079951746401	0.407301212468092	0.135879044006946	-0.0475775290414769	0.685204915098218	0.352686180309754	0.0591523392894824	0.304400629770925	0.282869089591659	0.614799835110506	0.498385325085414	0.421721312792904	0.499694176011842	0.467088729488547	0.426083600627034	0.17663206070355	0.185390354150862	0.448154465009648	0.398466310534078	0.356852932225904	0.546852644055575	0.395518669020445	0.443295375404249	0.265904346201613	0.528861509512884	0.39204060200392	0.688018804106912	0.400905394519284	0.257179803408319	0.340829394256067	0.185813638679261	0.236900966470577	0.269906278710922	0.624224393748773	0.263890503601659	0.219449178447784	0.482116633929661	0.240888465394162
TNFRSF1A	0.863832443983885	0.579919191352372	0.553409196689173	-0.0289776084023156	0.305162206604616	0.541553006260464	0.635596887050879	0.340998137696069	1	0.805500075965859	0.417150787729738	0.192661318957544	0.857132748785349	0.110844002631704	0.478216818735705	0.785497225233965	0.683963765601677	0.17500513187945	0.502319869944714	0.635048170049894	0.63087692643853	0.783009834240083	0.896076230465141	0.88326388356632	0.813170747742904	0.82435176594811	0.2725634626472	0.806366671188308	0.730716241758813	0.714822233638949	0.62449401534145	0.534293430897827	0.725349386651337	0.85370988437076	0.804005582175126	0.913264040704923	0.88657291680549	0.352770691206614	0.883765479151612	0.739299358773346	0.72258432844475	0.707695752685222	0.554383374615912	0.386662454059233	0.159565602708341	0.662279511757415	0.334023395851872	0.830881532888866	0.820554069083296	0.323890285836246	0.825768446038855	0.194113904577987	0.647451341146082	0.877179315234656	0.853716617253137	0.763346244887147	0.764970526237142	0.150942280055179	0.375945813847694	0.665987030871351	0.717523143279749	-0.261638312500909	0.582834703610575	0.811787841623386	0.822328689087211	0.81597163170782	0.854981103530953	0.768660688529709	0.77792424939453	0.816778899312197	0.78757816911377	0.805715540742407	0.665803491623515	0.930114828026423	0.648492674122567	0.744218868507723	0.526292853855628	0.818810465179172	0.23235309148245	0.803548609270651	0.580441545224635	0.639888710119157	0.410127727183296	0.331818455677234	0.792072005496398	0.841771229584381	0.893343425370725	0.721755484842791	0.846711801133917	0.757437260779536	0.776316945301952	0.2359534306658	0.283350344771478	0.841935966304583	0.756268338355204	0.770047451637372	0.848071164706014	0.734704193671401	0.789947415356568	0.861769414394912	0.887138253920356	0.88803903982448	0.746484372996286	0.310742917733821	0.574756724118959	0.834584441696127	0.789183136848285	0.841053571592311	0.824392389289007	0.875962804886896	0.527465072158921	0.450080907144464	0.72911158602603	0.734981505071234	0.767613917384359	0.766097829932573	0.461419475961893	0.465184685677144	0.754685640263718	0.753239780444032	0.466050270672592	0.787406435788722	0.450712538371194	0.494563400102316	0.589560665346036	0.483124473758078
APLP2	0.899264487435068	0.481776026785976	0.560439394879641	0.0813700163073451	0.475592375910207	0.786333374668926	0.727921924104475	0.475685192345878	0.805500075965859	1	0.287892862498561	0.337647935964802	0.552603518259821	0.319986678899195	0.164142991744462	0.817208985982099	0.818590294634797	0.374466501750115	0.474886463526804	0.449678084468492	0.474792127803443	0.750135028445841	0.760283631822131	0.85697309298601	0.893765297259552	0.709644203100724	0.370441209156197	0.82536410415911	0.357622066918794	0.643467523349616	0.494993394983317	0.236437606065462	0.552290454338725	0.749530374522158	0.838368154070884	0.691401435579145	0.703818003105288	0.544908660152313	0.82028164961418	0.498326075394998	0.931125523436645	0.639640148463168	0.52015578638979	0.488161445891132	0.0931729501380852	0.564914942488734	0.509310037336893	0.701627673555068	0.748653921057593	0.425676679493139	0.908836610591545	0.0403164351825459	0.312696152097402	0.686989570351743	0.556596818691181	0.63148068745554	0.503959214586718	-0.0632281989020201	0.714969756885948	0.894405548752394	0.659752933172885	-0.0316295201415879	0.290791660901042	0.677983162526549	0.835837887003664	0.649891549659665	0.71490499773654	0.86311196312508	0.911035684408479	0.636194709646798	0.87101062393443	0.831865428815352	0.420006513588666	0.80120384635819	0.411317109516577	0.525997817358202	0.506297259339375	0.637639286959947	0.327850477054049	0.813192589674033	0.810346874605368	0.780539567186606	0.293727303317602	0.238165802888564	0.6548957062488	0.650153142619258	0.726791065166715	0.396397937295194	0.76035493039549	0.73270337716787	0.790526620533129	0.0371064169361665	0.301304264772303	0.723910221376196	0.479728232767477	0.663004011147555	0.635941475231643	0.711513287296128	0.811231869721634	0.795235744670276	0.914434606340033	0.865210209768142	0.942191354470427	0.230171567519475	0.871559145090533	0.872483066408475	0.933457922357778	0.795254624424129	0.587343886444517	0.779551986281395	0.467434646714793	0.430964028939986	0.554128834769459	0.559225533006425	0.768614787728556	0.957795916040689	0.293080036485995	0.333572231757173	0.432158053987564	0.506145905403189	0.316919555382071	0.904241836188598	0.326531816536938	0.283955425467568	0.443017301477898	0.317574909539268
CD40	0.19126376781345	0.317195580224738	0.272953181324402	-0.0317839653471443	0.213437879870147	0.361090138598005	0.0936080627142361	0.470988704553552	0.417150787729738	0.287892862498561	1	0.564311191936604	0.345298634598585	0.439062855945386	0.689129218493186	0.0837783265836476	0.532488913682809	0.394721618533071	0.302076969154645	0.443173888177015	0.833955148772615	0.683899822603756	0.55814475018544	0.617457756268077	0.418381929349201	0.692379569116671	0.586372814001955	0.557170311596862	0.434124446809797	0.619339426212745	0.387047818052445	0.520851226085819	0.457638854527806	0.492534311919235	0.594937697303184	0.530122073618386	0.440256929566696	0.101507769215117	0.466397625678806	0.82615906684848	0.3695607884347	0.76936473469275	0.594801367208654	0.505461407206318	0.0419481657895093	0.59144361444082	0.444378707607854	0.394364226515686	0.415118337359971	0.460551955137418	0.201365090414628	0.316140460983921	0.676707063557429	0.191063438050641	0.536604349269021	0.240368597975882	0.39591639970512	0.569227121200522	0.46600532380214	0.175272874906188	0.57042835856757	-0.183969299842925	0.636994636827676	0.162820618769406	0.62788022919682	0.569170797088167	0.642040599168869	0.146322848494588	0.4044758303475	0.215880960423251	0.382176049570468	0.662101173535709	0.750335313613669	0.409782457142712	0.805561031892246	0.318484523153371	0.649082210673432	0.46341768905582	0.349728988052903	0.142054913854609	0.173363396660668	0.250743209865509	0.506806381115796	0.834511643740157	0.175874159764481	0.660267715179747	0.288920984314372	0.664665653940942	0.571141927166117	0.307198182153306	0.339030687332587	0.466844385212116	0.584329123730131	0.609085542703875	0.31382369843482	0.629838938702012	0.201648037802443	0.739299121288199	0.413008242520284	0.636731644836134	0.440285088186619	0.478371552282888	0.316076122294941	0.721983978833682	0.124600267167747	0.517152354730833	0.285744356594993	0.490597227482048	0.526427880566883	0.588609588952539	0.523546881671935	0.233276331993516	0.720635901666809	0.755625551500129	0.574120451353979	0.300914922345128	0.506448872673279	0.654414224935395	0.684509057030967	0.667719080540636	0.473775454838146	0.55311485604175	0.433135160395691	0.591763049156348	0.705336092625522	0.483098235164292
SDC4	0.250084025422332	0.48974030563922	0.632872417360014	0.507579684546212	0.705909644348261	0.654121667928015	0.453665478344971	0.831876438706526	0.192661318957544	0.337647935964802	0.564311191936604	1	-0.0917896316355426	0.908761518203105	-0.0423407355717781	0.197697049001952	0.706237989549465	0.873177739483078	0.673319232616986	0.503903412264747	0.538737238275567	0.673640968463569	0.188066585536037	0.445408929037385	0.40829589026445	0.359077925413685	0.837602455600609	0.426792550269319	0.0546366248658191	0.591373087208886	0.625743367053155	0.0947113535465632	0.499117770217225	0.407250713511582	0.513076118951963	0.276811993702376	0.0471316819363999	0.663592425439433	0.184645640351492	0.336393271180662	0.279385250516359	0.64156134051918	0.713339721658099	0.82151889554019	0.274483405097322	0.436199241796908	0.891911928083462	0.210784125090966	0.214897537786048	0.810144081031615	0.0886334219561752	0.0869874918378059	-0.0317222083687259	-0.0690969987808048	0.0357945187394149	0.0198998673551561	0.17850377501355	-0.035957373379035	0.651336154241934	0.0687252853044823	0.61924906991173	0.285497012455494	0.298543397001088	-0.0662263452399418	0.379102214595665	0.193873515443792	0.463980293760494	0.075985350800389	0.270020669620181	-0.0309398408119292	0.420984468080937	0.387544708193393	0.421143826465846	0.088284010094311	0.242645237532858	-0.190665858388644	0.727403625096003	0.170562222148564	0.644617582572326	-0.0965951387164769	0.143472785025319	0.295323837021065	0.337424097994248	0.533566724040701	-0.110602607187692	0.189703957492885	-0.0298760195620123	0.149392713954498	0.360342207860724	0.438391301030133	-0.04734018628696	0.191445513661455	0.86855966893924	0.302960538221488	-0.180423469150496	0.254008457179543	-0.0167630011611512	0.490576309323051	0.200816817619459	0.370651321710522	0.399632804862695	0.278421112620214	0.292804200938108	0.182003511253279	0.108072059135709	0.372822975403234	0.196772147109194	0.15365515626022	0.325678492966124	0.290539602924732	0.393876761169675	0.311859475023399	0.514579717620015	0.425294343775104	0.498890144981938	0.249220061484157	0.299941333788344	0.489297077608822	0.120122186301144	0.255958502321069	0.304131153838549	0.480060629601591	0.301509045844268	0.276903522313533	0.58384037862829	0.26928371420917
SIGLEC10	0.706676910044175	0.379767797451165	0.280921425785597	-0.296389738610136	0.00173451023855167	0.264784751834495	0.37809089567582	0.119048209099967	0.857132748785349	0.552603518259821	0.345298634598585	-0.0917896316355426	1	-0.161534960824716	0.651586269753517	0.586376138952235	0.428568785511887	-0.0921272832175913	0.272324960511526	0.478336790034547	0.58613522503731	0.574277665086007	0.855746363988473	0.71745085374987	0.610883662399842	0.758859138212809	0.0340703183673385	0.629389271209516	0.769844123176235	0.515855024662585	0.419086720668809	0.498473949293833	0.505761838274226	0.674247099659578	0.564384287649451	0.8667142719489	0.895035504248413	0.0102220270100683	0.835514237009094	0.676684573207161	0.510802030148409	0.517781224236607	0.286134198868638	0.0760363108468464	-0.0799395206856738	0.492323106943869	-0.00187192040789991	0.772870120655787	0.782257581913933	0.0240298101978596	0.717807480900311	0.0953410046563186	0.807601822695624	0.902473480442584	0.911905033980754	0.597087774978585	0.630619715850192	0.283023357616669	0.118943195689139	0.519778494815629	0.482336645921529	-0.471380591208345	0.539908058509673	0.839910542375877	0.635860868595069	0.717132406691733	0.721373616239579	0.664159274967002	0.612853695256794	0.874719160534347	0.577229549703619	0.645206723865503	0.576812436233771	0.876094642430863	0.610351192598251	0.885801183304974	0.278956184310395	0.756810026112477	-0.0776334557681634	0.779905350975605	0.404690714845565	0.3937818992001	0.373502067603094	0.236967582569057	0.86134402805998	0.787611634902208	0.90432012211209	0.708883967862699	0.715233321961639	0.550323723413151	0.764027660408905	0.124212773520621	-0.0131301555690299	0.737311513812746	0.924654253687955	0.723949232471039	0.857747063997097	0.57755174396974	0.675240049543007	0.710747529673698	0.670674776703127	0.769050004012131	0.560562617575931	0.347821671699062	0.355296218873798	0.617510204189232	0.651438789568072	0.780465275941413	0.800328867394252	0.721608630644593	0.348034347528559	0.216380908842237	0.575392723303207	0.610163289104147	0.578990288406257	0.556233708863837	0.318599376733634	0.299981049014822	0.823058108178387	0.669244723217123	0.312791200840082	0.587569404359947	0.284350546955656	0.395316465490188	0.382930176816964	0.350924223513359
TREM1	0.208944319893884	0.364413472050351	0.548206787226868	0.465340768345213	0.655622777443842	0.664789912632498	0.386297072104248	0.871636445947352	0.110844002631704	0.319986678899195	0.439062855945386	0.908761518203105	-0.161534960824716	1	-0.13426659912504	0.132916455292933	0.688713774436841	0.929859589350944	0.694824957623101	0.398070372114728	0.468115243108471	0.61784370932389	0.105992733863014	0.378251502427246	0.353954268742547	0.312765601310001	0.842713394054815	0.303435617281104	-0.0230485726676392	0.46574044265187	0.557744909300225	-0.0193120522280487	0.395955512911312	0.339983831877471	0.47439798045831	0.22093358561621	-0.0226210322817092	0.668363051472885	0.136347497140472	0.196301911206974	0.226928672137041	0.553764747917136	0.642117845735947	0.850104966863853	0.175089729093071	0.342015944898149	0.876754745434808	0.178593287606791	0.167622909583049	0.812405430704262	0.0607355380247233	0.0486166319347399	-0.117987803758506	-0.106808149995259	-0.0473066004817351	-0.0709740557857911	0.0946315569567979	-0.125438171634568	0.683177510897079	0.0342090406048934	0.554967857674827	0.426278092759631	0.151594240976285	-0.092495458331326	0.306066494273153	0.118803215359553	0.375572247431021	0.0600218518171111	0.210380266322383	-0.0532172857316053	0.391084854913858	0.297279770420597	0.280387333638514	0.0252774060826298	0.1026040279871	-0.212101304236335	0.650602486767767	0.0868582836458802	0.62111092754079	-0.123873666077564	0.111000678287774	0.209820417316711	0.350179695729284	0.496135659200287	-0.110806690336924	0.0842327562791414	-0.0732821694542763	0.0088340332009235	0.278508712221627	0.298710077658911	-0.0965851943383824	0.0894120953242161	0.791363475215562	0.164913131879264	-0.216118686175806	0.160578028930222	-0.0424812531344739	0.429350423810669	0.182630844266314	0.27629912261122	0.325121920374478	0.217799917375516	0.263165301577472	0.134797442179669	0.0766681467111382	0.287529183283302	0.166386869869407	0.0883073277289157	0.28730015596473	0.205949663374467	0.317036109618652	0.25946299261016	0.45317581331028	0.313026808751168	0.463439381292695	0.20421011232822	0.188058573198729	0.384412524717757	0.00597061951564683	0.124360720525073	0.196981715292504	0.449428374626608	0.196904239355174	0.164206399460926	0.473324866796544	0.164383740172621
HLA-DPA1	0.142674974112413	0.122590828059149	-0.023664497163328	-0.328062836993778	-0.169525864748715	-0.045529864115901	-0.118250617740764	-0.0472995950774012	0.478216818735705	0.164142991744462	0.689129218493186	-0.0423407355717781	0.651586269753517	-0.13426659912504	1	0.0528012840603522	0.141518609595177	-0.129222547576862	-0.0487940919268048	0.331535043765497	0.686217135626271	0.427259214949695	0.685723335513493	0.473942824983416	0.235869530769846	0.621271190855814	0.0382450522336273	0.334264026679429	0.677595933815232	0.343253376636057	0.127135243549399	0.614522988812404	0.26108995004025	0.328301143459714	0.345617995219104	0.560404086310601	0.549074336373659	-0.299852936207353	0.487932884618618	0.740585018476255	0.253431056855373	0.53764179864715	0.177510560260786	0.0254173091768441	-0.11778779559842	0.384025430578485	-0.123610550408207	0.376223960046104	0.398936566940061	0.0164184853852541	0.243766216900912	0.44167945896393	0.958802914733916	0.381893095938205	0.793152154270935	0.294453092723112	0.39818305541253	0.839084664226753	0.0493369554496844	0.194241294567649	0.338726403703765	-0.450229128504286	0.67805917355639	0.305019705478616	0.503476063097774	0.575604984078456	0.481927490232336	0.178726078399012	0.34086263557399	0.375110576903656	0.201980124906546	0.576429005675709	0.698721352522633	0.530315469780417	0.826991675856053	0.633666934117392	0.236691303697148	0.547263511806311	-0.0599807958419232	0.329617914693782	0.0739469959072427	0.194992898213176	0.453690577217191	0.647104225849529	0.366364404268697	0.727818093131603	0.492316927230011	0.781500240010936	0.477620216936889	0.179935876083444	0.544663966174698	0.501652181003413	0.110132610100507	0.557572161896234	0.654507006219781	0.71658207272315	0.325628312637164	0.542961083988166	0.312345619023673	0.596731115511122	0.309500009103061	0.458309412727822	0.228913189831678	0.804424831956137	0.098293594081024	0.408816890364136	0.239996572775764	0.520007892681191	0.439350300762056	0.543401441167881	0.280561070808039	0.11194598946709	0.560917681121691	0.704693056913082	0.323061561265723	0.192285706436721	0.346273333881277	0.51945585811697	0.833659326223039	0.699576738084245	0.297655696916319	0.320913076154719	0.254048624641681	0.515473609875568	0.498219370926142	0.35190384494381
TLR4	0.896302340812946	0.653932874169482	0.671452360602054	0.234493459316411	0.524756080150646	0.616920093446701	0.860363975029535	0.295798354279346	0.785497225233965	0.817208985982099	0.0837783265836476	0.197697049001952	0.586376138952235	0.132916455292933	0.0528012840603522	1	0.638155757753927	0.187548142286245	0.569644154949352	0.575401804011758	0.259804412044088	0.597872245192684	0.671058145625664	0.6812129206142	0.792053371138976	0.515644635033339	0.169049450438859	0.735815454719221	0.471611637775512	0.544459819798408	0.610379488561216	0.187749173134008	0.649341561219063	0.616137262322865	0.609351378588253	0.612810914722503	0.622238408842142	0.58949931568856	0.655125387305773	0.365627605956538	0.70039049999824	0.472544112332966	0.433164127804674	0.308046251480925	0.307858066490332	0.466544336901321	0.408592278271572	0.63176595817256	0.607959470474971	0.275361887504603	0.771062672096951	0.0628442418753938	0.210945574424179	0.694621712262927	0.52654775199492	0.619188071379776	0.536087422880097	-0.137453023776078	0.364099110997903	0.682507027765882	0.625576015836094	0.057442743356067	0.277091873100431	0.644424177050118	0.60200142171991	0.50685952107569	0.628126208291256	0.770254677911279	0.682177015636278	0.615449439769592	0.69324479630892	0.628759691927094	0.368143248239974	0.721495583225144	0.264817338363505	0.449043023395579	0.409975787342735	0.613851322267	0.314762543852866	0.69380471063092	0.694616799736759	0.744677455550616	0.2599437116271	-0.0102361152156051	0.592641335089334	0.523617320812591	0.669736959840241	0.351914946290611	0.651825445124066	0.778676444986567	0.618518424224882	0.067156545147862	0.216196804515363	0.644069429081821	0.433707661911099	0.56376389860608	0.646523201222596	0.461975963525809	0.598410373740461	0.628358533501143	0.817653452670703	0.715998992635627	0.740018882909391	0.00508841174502744	0.64628264424243	0.673745370622834	0.758436006743847	0.61189696400389	0.553318490086709	0.623420261243859	0.34679831107457	0.484800707925783	0.464463325359666	0.418723510752221	0.562614735100064	0.753543366554249	0.226764333722443	0.224871601040014	0.359638588762848	0.48096841883208	0.252094163039281	0.660563903113613	0.262354978426024	0.199930255221455	0.348968189661471	0.261904698813466
SIRPA	0.776952193204689	0.566742322311594	0.682298598254108	0.204854064089401	0.611142669647816	0.87024028605459	0.677940675917361	0.81718844328482	0.683963765601677	0.818590294634797	0.532488913682809	0.706237989549465	0.428568785511887	0.688713774436841	0.141518609595177	0.638155757753927	1	0.702873757260889	0.724419184530755	0.553668015103073	0.680485566401495	0.887260133584971	0.650362378711343	0.85525981718007	0.833125067673376	0.742818690590628	0.704494928033708	0.820948447183491	0.275482557589632	0.773217888422874	0.682050293171614	0.190173528131399	0.617912939059908	0.772077784685384	0.844302047767122	0.699320857657817	0.602956943304759	0.637448814335114	0.736209154381193	0.577897717920238	0.743767143477764	0.770163811453343	0.717283717510188	0.725914599271314	0.036117469985564	0.607600905045129	0.795188770804774	0.685302953169207	0.709457836665195	0.679800869093051	0.69853951479361	-0.0258928313548655	0.285455249252082	0.53030173223157	0.46626905958271	0.421282699223935	0.432332387848442	-0.102530930222502	0.801134062500335	0.620897017257073	0.751286705049276	0.0896017007984308	0.349442258058448	0.55025976037673	0.771078868954156	0.560222294919536	0.795175404897513	0.691361865613082	0.755546998953479	0.549311928494343	0.812568690346046	0.75533398383922	0.504630311086692	0.643231789127601	0.418106575937432	0.364623858759273	0.723521717501312	0.552663504496997	0.488281503470462	0.544785379868529	0.648217205735567	0.583924440300337	0.354648580236983	0.453522614388655	0.515514064906526	0.569546820721927	0.558349180098795	0.378553554944543	0.736859090839106	0.691867262595997	0.542784591929062	0.0404371186901551	0.604722893837032	0.683879123016405	0.356991135113127	0.579994003045237	0.535981676355509	0.758018273859403	0.731085402873273	0.731745644156548	0.834346578765818	0.774008223902781	0.799819395404221	0.233869597084769	0.559415220779611	0.76044981157435	0.771202672989274	0.681577393314409	0.703153211578664	0.691862336345139	0.525403775450628	0.329577872145736	0.666943749443489	0.586864972654138	0.826233776579935	0.771575870638399	0.343887098549035	0.419496574798059	0.437849136652858	0.475407134170193	0.359333557099498	0.90068474152187	0.354009810250505	0.325805960759931	0.570961093280361	0.336653635921635
