""	SDC3	SDC2	TNFRSF1A	CD9	GPR37L1	LDLR	GPR37	LRP4	LRP1	RAMP1	ADGRV1	LRP6	TNFRSF21	CHL1	EGFR	EDNRB	CELSR2	SORT1	CAV1	C1QBP	ITGB8	AR	MRC2	NOTCH1	F3	INSR	CD82	ITGAV	CD81	MET	ITGA3	FZD3	CNR1	CD46	DDR1	NRCAM	ITGB1	GPC1	HRH1	ABCA1	CADM1	TYRO3	CD63	LPP	CD47	F2R	ADORA1	RIPK1	ITGA6	CANX	SCARB1	TNFRSF12A	IGF1R	RAMP2	TSPAN5	FGFR1	IL13RA2	NRP1	SDC4	FAS	TFRC	SMAP1	PLXNB1	TRADD	IGF2R	CD44	ITGA5	FZD7	TSPAN12	ERBB2	CALCRL	AXL	CHRM3	VANGL2	PTPRZ1	PTPRA	FZD6	PTK7	FZD5	ANTXR1	SORL1	APLP2	FZD1	MCAM	ADGRE5	PDGFRA	PVR	NOTCH2	SMAD3	NCSTN	PLXNB2	NOTCH3	DDR2	TNFRSF19	NGFR	RYK	MTTP	EPHB2	ITGA2	AQP1	NT5E	SIRPA	IL17RC	NRP2	PDGFRB	ACTR2	APLP1	TSPAN17	CD99L2	PILRB	AMFR	MCFD2	LIFR	TNFRSF10B	SLC16A1	PLAUR	HMMR	RXRA	SLC16A7	TREM1	LRP10	RACK1	JMJD6	LAMP1	CD68	RPSA	CXCR4	TSPAN14	GPNMB	HLA.DPB1	NCL	CD74	HLA.DPA1
SDC3	1	0.425453969880138	0.601095700836109	0.823168107483211	0.571155825431402	0.438518166450506	0.44573763503384	0.581021141058345	0.542817381597281	0.857869077684401	0.610091794519418	0.634673384683099	0.724964212367347	0.621208616406057	0.323048852507537	0.733021054644901	0.633564787924177	0.712874869156676	0.114214976995589	0.613178279731959	0.840926461673486	0.717884329030654	0.565006552533001	0.754859011005422	0.565842604642533	0.427714004417877	0.108975971227499	0.590172922125193	0.527579953863688	0.313040386101776	0.529766689802073	0.740649308736078	0.509559621139525	0.556955254603467	0.829599692537831	0.529112285926869	0.171305722649431	0.539893969311433	0.612446076400479	0.431924655107422	0.851799393570979	0.696367251936151	0.573611337150124	0.437384540730107	0.585153071911941	0.3525665476569	0.668233022510142	0.640108685645109	0.577556267820313	0.709338540759364	0.434952345008762	0.494002420526139	0.485107565473906	0.633760471591928	0.705324838202385	0.711502744406749	0.70936560613202	0.171422858391348	0.258821296855162	0.311932095932936	0.434842050106764	0.724911291466974	0.586493364457638	0.451606187570538	0.368749324159809	0.43480785087324	0.1004485527973	0.554389510705572	0.632473335402271	0.617970289086186	0.42496528623035	0.464131725388701	0.569184684423582	0.778611509222264	0.703999350976674	0.753468871483472	0.469168233912774	0.346639697876555	0.689432990282378	0.352873709240984	0.49749033856968	0.801439331842887	0.577365965488326	0.408221631780862	0.514489775709303	0.54000752551858	0.493620078111792	0.410869980467056	0.442915134575131	0.654324384781868	0.513215202907643	0.0937410821796759	0.0882916106955533	0.73860546427524	0.621710808636433	0.492689250589152	0.706866560376097	0.67551286052317	0.325260950821162	0.147962651724128	0.234331401526695	0.580329233449796	0.664015106331556	0.492152362770024	0.00912968437056613	0.585441990109687	0.673194415840479	0.611091574585237	0.698273551862399	0.549628456915729	0.71342853259173	0.614270618405657	0.351145059899434	0.46270653555615	0.541026981989386	0.187772142505329	0.469832062271479	0.550836669461367	0.532710121347911	-0.043082372652342	0.581503560598056	0.478857558784419	0.336243454897122	0.708557206742336	0.10671273809288	0.518548170263264	0.240877654600437	0.513210432370056	0.248793044129257	0.154076315988596	0.685144263930574	0.213291877063673	0.241776347372893
SDC2	0.425453969880138	1	0.764301252764436	0.633500041807971	0.049146505700315	0.71035270881646	0.642830092497748	0.239722457246822	0.752288907265064	0.53244497259978	0.435698327201043	0.516952461279713	0.768272375437876	0.668031203822472	0.018929581406677	0.323767064561584	0.495948954547208	0.742083689826817	0.67022619139417	0.829762590341461	0.553756795129702	0.567547155497591	0.8365719306873	0.512483174630485	0.912110874576371	0.655989325025933	0.65127876834425	0.833801482756187	0.829516186782459	0.603470077472537	0.677961934987555	0.655367603555311	0.654404411909879	0.76070299977452	0.359457500535045	0.699985336669617	0.875770230655814	0.810835737923206	0.665900091142856	0.762199970233043	0.505734286802941	0.534037774694938	0.795823426883625	0.821745967068206	0.828119260386693	0.912691676683001	0.680203089165342	0.814100070065107	0.325255900941878	0.775119634555041	0.857091111790767	0.725842409447307	0.729842725278401	0.69867420415425	0.761227468628148	0.761130945833279	0.412224128604985	0.819170324993331	0.599456968440105	0.853532709251251	0.575361947266833	0.768551196260495	0.477167211124955	0.823863644969683	0.7957502879047	0.748589042753381	0.820775961202907	0.66975786868279	0.044872161422006	0.741901874065937	0.669197413244575	0.856702540060654	0.385872132095265	0.488359628417565	0.596504207139404	0.71367658113841	0.713845833585425	0.851090112502537	0.579887570663004	0.780088255261209	0.616478116156818	0.721936375442284	0.764458338558754	0.427537665727786	0.636544160707533	0.286361861553102	0.693850053696083	0.850665825586938	0.786518025453234	0.753356183497154	0.794868911056745	0.702205139317748	0.827279420224014	0.578970688094518	0.0511935579861561	0.80080783961115	0.384794013502756	0.545157353448147	0.755562506197308	0.133269667666553	0.611641121422051	0.73361643714619	0.732429177542202	0.666272028205332	0.767026393649055	0.880665568141453	0.672609721692006	0.5838898056776	0.758343624995762	0.39372731057493	0.750008126299749	0.874767347240862	0.341010185556567	0.790637496771639	0.606470552184971	0.695860355201992	0.183075889871108	0.671938435429925	0.768225477811369	0.378926265756926	0.844667854378977	0.830795973438612	0.69579950809112	0.803919931820037	0.494194144915633	0.830012601290648	0.484308863556769	0.641242430532113	0.416209442345986	0.428996003858519	0.795452253396517	0.389547964844042	0.375141834489905
TNFRSF1A	0.601095700836109	0.764301252764436	1	0.861974759364196	0.0358581308218701	0.915478297340425	0.839053033615038	0.270254395643459	0.847652929478184	0.715371504867313	0.584703737682586	0.656667109801201	0.875350830404608	0.868722850599184	-0.0143891720055134	0.380944511054127	0.711058243966038	0.919828801164556	0.634196543896828	0.907556927978062	0.776400142547982	0.756650474785793	0.938424482076754	0.600918000301987	0.85612158360901	0.773947909840398	0.420347109374825	0.955206382508428	0.880286069803405	0.800682595211296	0.948887193263586	0.90564348579655	0.879580289119211	0.892872280725405	0.506396407649925	0.952880200064082	0.592789179480443	0.953852737652879	0.919603096845773	0.915151081050822	0.72294889424287	0.758045097559164	0.955883739587351	0.933568688554607	0.895766919022272	0.668153778905495	0.949282053829088	0.854119924135045	0.404804743766632	0.955870835082467	0.777785168941797	0.926591748284014	0.785276523342602	0.882505465046605	0.762394646620671	0.89089655802683	0.552770740089852	0.646119664592884	0.696983876236244	0.814397451114061	0.727531346985341	0.862424715782512	0.58721833218951	0.884896271959645	0.846429004464441	0.953722848282228	0.519968952639306	0.90200980879274	0.102425258741876	0.900097444391018	0.763004613627204	0.856430387341121	0.623350179916683	0.71968455519725	0.822903301633099	0.924955114523029	0.820465733657702	0.59969420117854	0.844520966869768	0.657755234404368	0.813735645476215	0.904375847354573	0.912665780901524	0.428974060768353	0.838807522824156	0.158641953889941	0.886707327271825	0.671837663922383	0.88810949177459	0.90249080235452	0.92475113844383	0.317869405591498	0.558561482959962	0.706533416232082	0.0224280108799245	0.78532775030199	0.582295323913569	0.753522543188188	0.801527560692847	0.0459147612287423	0.634703771653598	0.878009391528583	0.919032428000102	0.921848142857455	0.322750672792638	0.863753948685473	0.911355509348399	0.648343558509596	0.897773066347393	0.525731332665383	0.931333602443011	0.929992731984909	0.348807135621734	0.860584726854548	0.753501656968994	0.599737493785565	0.138431522347655	0.812164753971447	0.951947709662498	0.366206579369019	0.968872542836651	0.85265132371359	0.64264537958043	0.940280513928205	0.510861117636523	0.792797397971117	0.526635662151459	0.772305310301283	0.431515219396495	0.382836616051779	0.850134072735209	0.454243071883822	0.444201974678464
CD9	0.823168107483211	0.633500041807971	0.861974759364196	1	0.36168991569047	0.762096628836989	0.712443075431745	0.459429344295749	0.706348821301906	0.853161804435814	0.561920772987346	0.676351941600701	0.810275436580632	0.813710579204014	0.344595464832393	0.6055859460474	0.681166692834121	0.874151281857634	0.399929599153747	0.846624085012996	0.888658749549002	0.796256953506039	0.774885063846023	0.749799935692425	0.751501701636017	0.674141143051206	0.306449404244888	0.845490044217967	0.708689799129614	0.599509868129726	0.782620961689413	0.912595214706725	0.771496571320892	0.750405935677851	0.773747697921312	0.791863111993037	0.393042843715141	0.794656951365811	0.848710037466783	0.734107273182371	0.921217097843496	0.77611856094143	0.854129505279208	0.746284837801681	0.82810466787561	0.554329190585711	0.859002303795108	0.835399503070562	0.438062805695488	0.916523980389608	0.602761421470326	0.776944199122922	0.681418959851313	0.869055142868818	0.83854975094497	0.890906382779202	0.771077700591669	0.403580928752924	0.479104420608142	0.605893149592939	0.582803071033283	0.911708404339088	0.652858954667443	0.72481178427277	0.641240674276214	0.73525693174536	0.305227918383144	0.78313668404597	0.496073002152932	0.812879091515464	0.661777592664851	0.712657606140105	0.692852868327883	0.818618975456017	0.85860733914758	0.936488065581839	0.703303634238483	0.484508278699302	0.818063607377812	0.503493749566467	0.687595137120155	0.946058061526602	0.815516027531961	0.436933610955093	0.753735623336259	0.451126998357012	0.766473260066599	0.613794080322903	0.712523378888042	0.885090968205163	0.756753793427735	0.195192513488955	0.317630782214644	0.828945851597649	0.390656560066195	0.709820843327249	0.70054561277736	0.842580704809613	0.580567919232207	0.0215167935041546	0.43619144999029	0.742660169763564	0.842731881381022	0.722762750799267	0.110435344198554	0.769809956912106	0.919750796652731	0.64816738426299	0.874709248145802	0.676214075289356	0.884137458059384	0.835042259757231	0.29380299104559	0.701068621271026	0.748161691209888	0.352405325826056	0.431083297000633	0.705022827891809	0.836240263374075	0.153783963046054	0.842532722514276	0.719945176807428	0.522586718541831	0.926332759936136	0.297211836940376	0.726644922324224	0.409160612812972	0.684742623466407	0.306960878548056	0.204855508167812	0.876750751396438	0.274239581518254	0.287897595562198
GPR37L1	0.571155825431402	0.049146505700315	0.0358581308218701	0.36168991569047	1	-0.121068864533988	-0.0615643986233234	0.771077515971663	0.180617237231064	0.537925527845661	0.512257637521846	0.221995820901566	0.283101312779727	0.193352991666798	0.585738655656358	0.815983355502933	0.413409105867338	0.229368921382486	-0.387721640449528	0.0651361141845117	0.528397928116851	0.35666844392083	-0.00241338451249568	0.561456562789621	0.216247118722831	-0.016604103646306	-0.1639094568113	0.110037482335412	0.154205284866938	-0.295017512407667	-0.120706852377041	0.206828270314254	-0.00186809580801439	0.0339490022210062	0.733302283399333	-0.0764079889642706	-0.226735365266586	-0.119221022839914	0.0280941862956309	-0.0916093838846962	0.58552662122784	0.354125218379795	-0.0254405778693878	-0.0858565097191067	0.0655800611187463	-0.0499250113737004	0.197033911178433	0.126431310093631	0.647301603470212	0.141165349913249	-0.120133644470611	-0.137955516225278	0.071036024947268	0.136603756050928	0.464659714161034	0.227117048017485	0.345563088155669	-0.334990387913352	-0.311229759932111	-0.179167264901971	-0.0175750582109172	0.344535447742209	0.484737097252188	-0.0597449316437327	-0.143993468242359	-0.170272050173447	-0.253326643274643	0.0220126313927719	0.705874895325615	0.166585559742805	0.223959271962538	0.0659408322023478	0.10957580439323	0.50057560392524	0.391756425555051	0.29072035114784	0.0044060953603741	0.0358344062231551	0.152257656566483	-0.00725980386957251	0.158368778969959	0.274397977521074	-0.0122138078469875	0.180107231898624	-0.104208027338205	0.470643743412518	-0.111858250585446	0.0913099174070431	-0.0476161757093469	0.152914972151508	-0.0155586855961014	-0.0366556791014308	-0.250812762879252	0.406226872718832	0.679141060244292	0.0686290441601304	0.61702648320218	0.280067364851374	-0.202792511526249	0.537589883215785	-0.246156425473787	0.158992516977593	0.191841917236338	-0.159525638711861	-0.144730286747293	0.0627275742609806	0.209883535765084	0.14459375914675	0.232406128442464	0.42402562748057	0.186644612587243	0.0694670217330394	0.549171136321648	-0.128190999218764	-0.0488088488708146	-0.216823355124548	0.48858438791155	0.199954957194663	0.0289012875071251	-0.389467876764363	0.0478477139571804	-0.0991460776746219	-0.182043050650399	0.260408810360616	-0.238643383090525	0.00976851179600545	-0.119364882777797	0.0684697096424496	0.0156039490943602	-0.110508958927859	0.17344989724384	-0.0498375447177563	-0.067437247612587
LDLR	0.438518166450506	0.71035270881646	0.915478297340425	0.762096628836989	-0.121068864533988	1	0.94729866573682	0.133775853056219	0.827577623374428	0.496281747446693	0.526573457716271	0.670775044897463	0.727703268546559	0.902330067405219	-0.00250646827265746	0.15871216311708	0.618113270294775	0.853662604318109	0.628224377802514	0.785974150173876	0.670630738186003	0.687572925817093	0.901106003544724	0.443909236180599	0.729948367983522	0.832034725585593	0.380447829140367	0.913187022302284	0.842591807603904	0.93164573104151	0.878497433264761	0.864837813071464	0.955894176851637	0.875590203361379	0.332663911897342	0.959566838135131	0.557587917896184	0.898213468447352	0.947587311236982	0.945013133675226	0.577683005823297	0.675916294942869	0.916157957346132	0.939902652992579	0.770947030440496	0.650393502276165	0.834532934703472	0.81319144373328	0.222613252784658	0.865172553451835	0.725401758834524	0.827038962770467	0.767320580595482	0.79689091585258	0.595745463194708	0.864569018365436	0.393149140106066	0.667726394813056	0.647219398778323	0.764778137720195	0.639003667828212	0.735778249535505	0.584089723079524	0.825608203427453	0.909407400978327	0.899136009221058	0.489895300230348	0.941237980767166	-0.0836380940103929	0.884629130853562	0.784577638594546	0.792176396862298	0.557369082127149	0.585050163919713	0.820914956246325	0.861323276100907	0.871975762425239	0.474603139813446	0.842722018263737	0.558067089486138	0.82947550818622	0.776763654127603	0.90784406120984	0.36836892499179	0.830822644166916	-0.0252399363740493	0.941233494557831	0.623678467700994	0.91872236013629	0.906651341580017	0.865630268745283	0.247971229708571	0.575822931039494	0.606401665339551	-0.116042905297483	0.783155443928916	0.341092551198054	0.75112618976617	0.721661809251238	-0.0518598923240674	0.514010463849333	0.846272794956515	0.836648585955242	0.902596628360167	0.306420034742471	0.772200357095578	0.825353339752813	0.433062968998722	0.850457782962638	0.525358564600515	0.862950804762479	0.837694859319823	0.251520152799736	0.813907303395387	0.720539078464318	0.540156403114728	0.0134830470460135	0.775573846131407	0.923316358161003	0.331791422563663	0.92147449786717	0.732712090864293	0.62865353855141	0.852087830822461	0.511468488608914	0.652346470453958	0.489101840812112	0.74124598122265	0.331477453327311	0.32629173588167	0.753782977635158	0.410372974927773	0.402809113640732
GPR37	0.44573763503384	0.642830092497748	0.839053033615038	0.712443075431745	-0.0615643986233234	0.94729866573682	1	0.164938648703004	0.850296793804313	0.448823721699156	0.615710056815775	0.719038294224495	0.669943938882392	0.944609952708759	-0.0120970261396167	0.145556896003501	0.603100856606448	0.811473428008089	0.505320621276414	0.67200018702762	0.661315698222302	0.667500721220891	0.854450601977624	0.388186168852959	0.659076831596487	0.786061637141539	0.239210256391014	0.860905732464461	0.839167910276853	0.937382991366009	0.780705833741834	0.822254949544218	0.967853652285751	0.838353791710232	0.315310583938748	0.936381635850287	0.429202726736786	0.825440405119362	0.926461699167293	0.904054931784822	0.519615104138034	0.653404283919548	0.84167661645126	0.873398793578775	0.642945144689009	0.551986570196942	0.79133395251353	0.718369552631447	0.291898902730633	0.785164284451529	0.650670213743677	0.703512796631341	0.713295493307456	0.689834523226805	0.513177433958919	0.816248250348018	0.297424052540513	0.565773655029355	0.536208251529661	0.642345017813224	0.54987288157302	0.653322317995981	0.655061550977916	0.725634598128838	0.861796545550008	0.798522988368559	0.366609030752763	0.949452231135056	-0.134546670763682	0.85545881926528	0.809251064921754	0.730288521462342	0.446662084144194	0.54088977727162	0.856394102017119	0.825700816821693	0.869539754456772	0.365873331138135	0.841623449267121	0.453494375361606	0.863471122249299	0.689217263344244	0.872800005535951	0.272728167388776	0.77821105001904	-0.144302752584091	0.908618514675963	0.539093039011745	0.878224342578695	0.864415218627217	0.789844805557824	0.132011104494006	0.46900189633846	0.488013301075294	-0.100314437026519	0.73530323169866	0.297700723309752	0.701962045716568	0.619993915960105	0.0699735291636091	0.368073456944686	0.847815165570617	0.785845012232268	0.804713087871479	0.236834130818837	0.673726789078467	0.73143372773689	0.283382533955425	0.810523225819974	0.517825231807507	0.827192561968784	0.736350312218297	0.363533505737196	0.708605659393377	0.624815800739018	0.42748346964029	-0.0512284562245428	0.761459246153073	0.854059461163988	0.225911004023005	0.846979046946867	0.58885188758629	0.531746730400926	0.778045224003203	0.428450350704465	0.508612107145248	0.387937537954044	0.672822217861441	0.248015126763997	0.262675546115111	0.641332141619179	0.359797707419241	0.346007233278745
LRP4	0.581021141058345	0.239722457246822	0.270254395643459	0.459429344295749	0.771077515971663	0.133775853056219	0.164938648703004	1	0.398469998125277	0.595940647221029	0.590471511031825	0.3778553140842	0.474310070610025	0.386709176306266	0.488119143994776	0.782618580483463	0.534699443157625	0.414526969232611	-0.170774463482099	0.232401131481358	0.597217552739284	0.486202536840088	0.229977485390437	0.581200019181449	0.400092678113373	0.217807420347593	-0.02640612653371	0.327142383599343	0.356577237332253	-0.0382925530978518	0.0946454357600084	0.392416854179517	0.201689749734884	0.232069977357501	0.719123411491463	0.16223163951375	-0.0313403932829991	0.106606278497585	0.25027604487486	0.148968169817489	0.581841972351868	0.504120437468106	0.17541001185635	0.164231779782976	0.249214427318189	0.139810991878678	0.384178986260147	0.270162940723428	0.722930213045879	0.318303677154632	0.0794146920419027	0.0817765125751849	0.234704087257863	0.346650617353119	0.543238427987976	0.387243382407317	0.268139291509061	-0.103923974929779	-0.0648718817207748	0.0384011838851039	0.175865624655648	0.49035829531267	0.559407589754344	0.209786927660311	0.110030170803712	0.0822958907966671	-0.0639501703993522	0.220262681022068	0.582390314987	0.345363050616339	0.371843536828721	0.254076185825885	0.319213767197382	0.629465126090976	0.540971352327285	0.453713695635053	0.167608769466995	0.182364178712097	0.303519533345805	0.18853881239018	0.375485502756311	0.399882169738395	0.213023717668039	0.226882040508586	0.111634033975003	0.326004512566489	0.15891802909267	0.2678148115231	0.205513071499689	0.321671352429949	0.213427509577713	0.0468483089302427	-0.0161359166003044	0.507564675291617	0.467669157449366	0.219653850216599	0.545600996170046	0.414802451833874	0.0315082265879108	0.492488178899271	-0.0497469981934337	0.392126153859929	0.37061014166497	0.122836286049756	0.00641541236738078	0.233579955856407	0.362137648907795	0.251667517169657	0.42747071572123	0.449718588635251	0.336957258815176	0.277681427860674	0.588135947266084	0.093760374045625	0.14259643391972	-0.0315711851375429	0.281562514788392	0.382183701651481	0.273870069898266	-0.24479807979336	0.274563990440088	0.0936638379640817	0.0228682676689167	0.420097811605127	-0.0831177414351887	0.156610247164227	-0.0560943416291593	0.217663557062237	0.107840203166489	-0.0056045591953717	0.316672080643854	0.0644574286850408	0.0389453381845022
LRP1	0.542817381597281	0.752288907265064	0.847652929478184	0.706348821301906	0.180617237231064	0.827577623374428	0.850296793804313	0.398469998125277	1	0.561702683291613	0.769248228831554	0.728935988400548	0.791094593693435	0.904786212181293	0.0359298009258448	0.365211109384806	0.77957725727853	0.856099230174296	0.550369013579568	0.686551420080617	0.755445416653038	0.770358975666058	0.911839455381078	0.547564021360853	0.829417512888215	0.795529492383994	0.400329667679645	0.904598673837774	0.950668157277888	0.794096776781381	0.753863232366257	0.787794456612633	0.838780614607269	0.890428835754041	0.427999337357761	0.878681608974858	0.546246233830738	0.799287144564851	0.82971277727317	0.881153907493878	0.592219035991503	0.685488278643154	0.767797012851	0.8650871358282	0.709891191381209	0.632099127236936	0.83996185315712	0.71804151271383	0.542438170782711	0.804835621698036	0.745660367281008	0.674343942985226	0.775263162608953	0.663339616115754	0.672784798414351	0.835600956362342	0.294536031997301	0.628711875299219	0.618869687360389	0.720762441495829	0.636979952059499	0.710016099342271	0.719564893712492	0.785132654133416	0.84037180353337	0.781638521001226	0.512025263865394	0.899661486674589	-0.012222596676168	0.885458459343069	0.795003092294917	0.802938794121147	0.408501351125843	0.676679914056511	0.842009905618535	0.839211523528949	0.866948941940892	0.576155714259683	0.782192355233839	0.620348392065425	0.903643017595183	0.73907378500669	0.827141943947981	0.348168803977223	0.711207955622209	0.0317442340521635	0.782389092917984	0.708287595448282	0.859643323567821	0.841265747730611	0.848203256457874	0.330468398927779	0.614926346587914	0.578096839920996	0.0241709644603782	0.801972979803183	0.509254078016947	0.627925428653351	0.717553663360432	0.332755814292649	0.502058632408862	0.939804006252927	0.796127118865318	0.78528381073378	0.42675200501266	0.752493910235961	0.739133786046509	0.422503671411016	0.821714240856512	0.593494669860723	0.880239712493492	0.813409682514638	0.620933826783464	0.757447631399806	0.651264477081815	0.575278332385833	0.123598232723022	0.902916855045483	0.860146379861841	0.340007683768409	0.861681841772569	0.64366110160229	0.609888159612984	0.825947540069319	0.497910366791705	0.5793461447046	0.439372600497436	0.659712427118193	0.385814113085409	0.352502319609838	0.65917082811232	0.42041437744772	0.389503196045668
RAMP1	0.857869077684401	0.53244497259978	0.715371504867313	0.853161804435814	0.537925527845661	0.496281747446693	0.448823721699156	0.595940647221029	0.561702683291613	1	0.603442189199717	0.475204037159402	0.822027625448137	0.642728695244217	0.226810917866749	0.827080922593525	0.655519785113957	0.775170973906064	0.168106560402625	0.734258620266741	0.851223953005312	0.710460853815394	0.621094297591936	0.746692127806517	0.69429247279795	0.443556324340482	0.151207070114071	0.675229106846887	0.598764740756018	0.29132774696812	0.592897950981464	0.756646467254233	0.54033433131693	0.555791430531069	0.877581224569902	0.58311193000557	0.257998387137471	0.620489894451569	0.636655175053777	0.481262082957555	0.887852911617667	0.718911067336459	0.688333928495507	0.520053010414214	0.719130100041531	0.408400434382139	0.777411323269425	0.68330598713419	0.619164070549004	0.778853005878367	0.451364849298188	0.632948349834088	0.489214003294685	0.769427932019175	0.84216214469824	0.722363563572151	0.706206158399201	0.210410093280228	0.296891320123537	0.433106411369933	0.467274796904985	0.829872758120124	0.565871594643036	0.577793268051935	0.387631316818596	0.559017574513237	0.16454650250828	0.563131865261447	0.5939005661754	0.648831089233167	0.523176180675662	0.588143315014486	0.583087596958077	0.825911089575542	0.720720625495993	0.803991523632426	0.484908088412374	0.440488646837009	0.683855258329434	0.467003922414033	0.515986337292227	0.857574703641524	0.628026736537263	0.414628092164679	0.49305115246617	0.4900542725579	0.507404298538432	0.460265798328933	0.497133317363748	0.688884805986128	0.603971770312936	0.1704237716361	0.156784582001277	0.775451381794837	0.452713523372937	0.490658782951852	0.802135222905806	0.681691515571877	0.424553582380908	0.162660607406947	0.32435185768238	0.624051288461841	0.78465533886015	0.556474495455222	0.0756986320219642	0.655398824466217	0.79389537794626	0.621450836012698	0.762061865760052	0.498041787487166	0.73754631539869	0.721319053601913	0.397386515148331	0.506103320277459	0.495077654646299	0.243041313168242	0.435783947160447	0.563914128478334	0.639232672639686	-0.0222336026043946	0.688923624667685	0.606261782031994	0.286360369975388	0.807318357081478	0.157308219236816	0.660631632562118	0.29515052599656	0.545931440710893	0.350038222981412	0.200406634477779	0.753346519848514	0.255630028992389	0.269134941837523
ADGRV1	0.610091794519418	0.435698327201043	0.584703737682586	0.561920772987346	0.512257637521846	0.526573457716271	0.615710056815775	0.590471511031825	0.769248228831554	0.603442189199717	1	0.650407996862824	0.671924910534934	0.776818563942041	0.0656996635959498	0.597739103560851	0.773093697814202	0.695133829689426	0.027628587268493	0.386718352594578	0.751459552010972	0.661537086445736	0.608519638021496	0.489286391380293	0.608527755571685	0.486057730667103	-0.104387438867996	0.618914418318209	0.726525708766281	0.442433296095894	0.438740066015208	0.626433876349302	0.646272857482874	0.648605114458123	0.56073458847671	0.602393818716941	0.0820166257877695	0.444490267941211	0.617614659648103	0.524721529028583	0.59618069763444	0.686701298965742	0.472690412565557	0.506426089982463	0.368639520261468	0.264722297499099	0.682688936127831	0.476852868843347	0.811618575151486	0.537709372112604	0.383846757688011	0.322609335359766	0.493114988765401	0.438229986849714	0.555795497758482	0.618956303781344	0.177448559007265	0.153825989206014	0.129502367411368	0.26046289923439	0.393584881418642	0.523022436578845	0.765538673651569	0.413442972351088	0.47428022243414	0.422471738132881	0.0421096020435118	0.665602161555255	0.125353100922971	0.669918006940989	0.702337702464227	0.510124148097073	0.202542614068477	0.683341764070222	0.808152038067097	0.680480153088084	0.63656649107708	0.247429765729486	0.710709555314888	0.270548089843145	0.773167658544763	0.528871469440651	0.489485627736421	0.309486356894061	0.325776138821751	-0.0471496663967533	0.459481242707022	0.289664909399663	0.585688702155522	0.618164969883395	0.554054430518358	0.0371126563011004	0.154168437936849	0.496073664617468	0.172052927045565	0.485737599759879	0.588352704639795	0.526458394451364	0.28525480674119	0.586553697991508	0.0400882137791987	0.750779642093141	0.651557840507854	0.478392669114991	0.135899848449447	0.44962365066815	0.50175071435019	0.232126968338031	0.620585842146293	0.484965873761072	0.638871080843538	0.493714690393995	0.817752779746037	0.359926247412004	0.240148487617491	0.172689643657378	0.0639067200658162	0.682343057451673	0.54584426447442	-0.156692721762338	0.559764726798605	0.231096718298283	0.169051210921652	0.617598670419569	0.137147705909073	0.208812838330027	0.162641867320257	0.479565618619105	0.24875846642493	0.162791301627683	0.383712789041153	0.287929891617198	0.244360428726564
LRP6	0.634673384683099	0.516952461279713	0.656667109801201	0.676351941600701	0.221995820901566	0.670775044897463	0.719038294224495	0.3778553140842	0.728935988400548	0.475204037159402	0.650407996862824	1	0.639890599182056	0.766020896078104	0.291381915874419	0.329201177843711	0.601816757056603	0.723449107247479	0.256538695167276	0.549177332429676	0.770536493462533	0.748345967380135	0.712268849387183	0.576033145048934	0.586293021306683	0.655740352567241	0.19388769907837	0.697208815981006	0.646444723408608	0.661148917365548	0.608346551499671	0.757262516212716	0.739283865600418	0.783535755241876	0.477731240112956	0.692078900062304	0.320822270219631	0.626169018853784	0.7353664803423	0.661033061790487	0.618998680191936	0.668506584142558	0.612360683356953	0.635226497568858	0.509980021359751	0.484005760639754	0.691635336325856	0.64351852926804	0.384960183843377	0.682994047849416	0.558631766351757	0.505388199327808	0.631125859425519	0.56471544797086	0.514973639128547	0.733066897041374	0.393988793238969	0.387573960851539	0.341768747996311	0.459341640920417	0.505427702494361	0.587044980629346	0.610406462353961	0.521013119009878	0.622874097359912	0.544886558318922	0.255638578761853	0.740305199963652	0.194051448705691	0.712230493953664	0.5819849902782	0.577637067060297	0.449161477527946	0.667334256909014	0.788590230292693	0.768293813336177	0.746549394736375	0.432651440796777	0.751236437814117	0.436776913647099	0.732667522545393	0.669016150776022	0.666833428427338	0.441631896178914	0.699534145070959	0.195592062045662	0.716546934725918	0.481133438281469	0.687974056279128	0.732279316548753	0.655633944998194	0.187480077520896	0.340803038210468	0.547826926732646	0.262247060989563	0.705349042969575	0.43136858485484	0.615777652821494	0.43133416989555	0.0490358179086314	0.205042886366211	0.713026820354319	0.638119522553899	0.623792133127346	0.203424252439824	0.614557841864441	0.598637285202485	0.46918842498729	0.713975830215652	0.623416663204806	0.734524635595547	0.604835983034971	0.3223331820062	0.61691301623142	0.529053276613989	0.33096054267501	0.205800708400612	0.702775712885842	0.662022847449076	0.0441689305873785	0.650940743842473	0.436311430465706	0.524526166325223	0.670270391481606	0.231608025900656	0.380444832670813	0.312552349277511	0.630815266190662	0.161940276055432	0.191755999971218	0.592041681607759	0.269182832927048	0.268795167223012
TNFRSF21	0.724964212367347	0.768272375437876	0.875350830404608	0.810275436580632	0.283101312779727	0.727703268546559	0.669943938882392	0.474310070610025	0.791094593693435	0.822027625448137	0.671924910534934	0.639890599182056	1	0.779588839837819	0.0948249603307524	0.612288711345551	0.77563804034889	0.913394339599299	0.44247206053152	0.849446865225233	0.80445362522088	0.765354012310962	0.845855969647885	0.755613479313038	0.877163599576029	0.672299223409259	0.349218376177812	0.86393262472172	0.825522955842879	0.576936282889533	0.765972138435272	0.844433805227965	0.724964424787597	0.806858216193171	0.650278141704923	0.785930741081141	0.56517931875411	0.831427090071693	0.79631045458335	0.732677405498661	0.762848659411778	0.847363477759005	0.827215559075622	0.791411801755351	0.837019451586161	0.652579937174758	0.863156982415248	0.805745450695643	0.584353235869303	0.902481487201516	0.747919946941323	0.770374957173164	0.745739950473888	0.835159937229776	0.81533295253056	0.829510998167479	0.530097449398216	0.55388456841193	0.525786469320793	0.669484913695339	0.716337435886305	0.851681614629186	0.603504962057369	0.779010468327889	0.686113987465613	0.792866551995284	0.472426122282359	0.761579369593035	0.297212280365363	0.81358735321916	0.689893876788339	0.796734045498906	0.583471951740009	0.798629331691623	0.798854930542449	0.886176167782724	0.712126102605193	0.647793436643386	0.805038890220329	0.713308186699419	0.727292070176741	0.881286407832355	0.78523040557049	0.55535634347192	0.698333191458255	0.314343764953202	0.733589033049488	0.651948132376264	0.77495540701455	0.808157584780135	0.815745982678121	0.425019470016446	0.503566427308698	0.749412101800103	0.19488214541507	0.724314296546299	0.704250524830611	0.690171190878904	0.665298012460984	0.166698809618177	0.519897484495613	0.830297280950207	0.895840078478753	0.793676075804384	0.406102584200341	0.859436022045049	0.830829731905984	0.672476655913039	0.868844069754529	0.51168544035998	0.865520417260921	0.869163563049344	0.434755452115297	0.767784982914067	0.617413435942581	0.555521784363336	0.238862133802891	0.763113202066022	0.821019778140876	0.17117392899094	0.877723595401595	0.778792334414082	0.566219466330222	0.905650651851951	0.398764709974174	0.761977415951663	0.446645630614847	0.730676940214525	0.452562980747971	0.427754442694969	0.823178615742846	0.472725502450723	0.468336115423525
CHL1	0.621208616406057	0.668031203822472	0.868722850599184	0.813710579204014	0.193352991666798	0.902330067405219	0.944609952708759	0.386709176306266	0.904786212181293	0.642728695244217	0.776818563942041	0.766020896078104	0.779588839837819	1	0.0813406960084702	0.407821327663563	0.728705811125649	0.885592162389626	0.404951166566718	0.701610470654432	0.820115197718718	0.778446133274018	0.87080013489812	0.535502354683813	0.739423656423426	0.772794593400042	0.189869621162058	0.894230787530971	0.887158070910938	0.838513947147625	0.764662144247388	0.877778712331297	0.956972978171355	0.84991086766502	0.523884460928304	0.919113473688567	0.372648745930479	0.799918449146101	0.930914392107841	0.870099983000334	0.681365910514105	0.749120680601489	0.841826038488807	0.842536876801076	0.677965764471547	0.535462040296379	0.864676415761345	0.748612828643281	0.510023271465964	0.832998465431038	0.635171869512382	0.688178361961203	0.717761041348781	0.751829037066591	0.656061727196322	0.865047219092272	0.385392386514183	0.475342559085064	0.469574976786739	0.607717249176238	0.557190985469525	0.753321094961522	0.757688630352185	0.725112382805014	0.811374351724265	0.765212086228571	0.303571754381581	0.944686783840756	0.0532839722138151	0.902153632184492	0.858530846755963	0.760077179214899	0.475877037399945	0.707909522639263	0.955097921832393	0.906942160074246	0.871520612697081	0.397433667010067	0.898102714262482	0.467071168311068	0.904857068004454	0.776123131801661	0.856445394941621	0.339175609598296	0.730448335531248	-0.0177707337071328	0.856557443421606	0.550724965133788	0.865864237455423	0.905846485405428	0.804643726568169	0.134257375764038	0.408410649915195	0.619409508869251	0.0527891524471693	0.741180582887266	0.480711899805755	0.75859665862519	0.590900642099331	0.22084122004753	0.320940298821177	0.907845719500102	0.845927625801254	0.787267001911405	0.207596027009825	0.705291624216238	0.795761611827773	0.375338765769677	0.877166600281982	0.611110814225245	0.880471434199099	0.779836215120281	0.524418697534495	0.682102548970434	0.604869884420198	0.384363121718624	0.0630788927055839	0.8196885737601	0.86390869570716	0.128474684375248	0.868199117200003	0.579368557098108	0.488964428789205	0.859128477156271	0.369660487921426	0.526977094226162	0.356504718429386	0.687243456135716	0.295296102259501	0.244496360166061	0.692211941314432	0.356512562085096	0.337602663053699
EGFR	0.323048852507537	0.018929581406677	-0.0143891720055134	0.344595464832393	0.585738655656358	-0.00250646827265746	-0.0120970261396167	0.488119143994776	0.0359298009258448	0.226810917866749	0.0656996635959498	0.291381915874419	0.0948249603307524	0.0813406960084702	1	0.400577212544563	0.167288719183865	0.108787664567305	-0.182898795059404	0.0740772439543995	0.359669727763987	0.293548119923876	-0.0159822674736441	0.535909897752466	0.0907177263772418	0.149153982442509	0.0980390085203976	0.0742671607282873	-0.0467520308844252	-0.140996097775966	-0.089032837388569	0.232250170071251	0.0187048122064751	0.035012594709821	0.523998249497035	-0.084868172522603	-0.0308986592180519	-0.0774991095886417	0.0752090205066958	-0.0421375709569296	0.463341076403112	0.260380805466753	-0.00803624344315047	-0.00150366758957366	0.0946549889493281	0.101993104072255	0.0212231410663834	0.177058065133013	0.0840211540969812	0.1335985489851	-0.0565434257549303	-0.0957797527310599	0.172267265285448	0.150816941954404	0.325183275508765	0.243901625030304	0.349315678863328	-0.127968515549299	-0.184461109920042	-0.0681571515979027	0.017209910224321	0.29971316655034	0.325040992092952	-0.0415204236910901	-0.0791378355441958	-0.152376097980124	-0.0636060262421577	0.0147638029749018	0.663130729910314	0.107298705107927	0.0548704206636378	0.0185088097100057	0.308405919664045	0.351321483529971	0.285841056892073	0.248226982752804	0.0613066127121482	0.116085743285129	0.0938741607086715	0.0897348257094906	0.0212668914214166	0.240336955395754	0.0355911813116083	0.254712181758456	0.149523186229726	0.593311313083304	0.0602058633368403	0.263840065393441	-0.0154920242555253	0.187843856330538	-0.0227525066365987	0.0889609217683328	-0.061294240441404	0.368260934478604	0.549315913404969	0.196741187374327	0.314426574427612	0.321328832304792	-0.13644883749403	-0.102204540916277	-0.165518386127175	-0.0259480475213468	0.050851984137909	-0.111758881247665	-0.0716837072079982	0.0923546770288258	0.207676952666519	0.116712338229172	0.200192850793542	0.570830302615953	0.119500453806902	0.0424288969610497	-0.0511694861004671	-0.00189000971827514	0.207866270650048	-0.165137417766965	0.589899542334936	0.108348070716581	0.0870456081453201	-0.234439692651883	0.0253740553067091	-0.0247392703450994	0.0960496135549447	0.188830428185119	-0.192817031229773	0.0447611653099688	-0.031512342639158	0.0868785463381532	-0.147736382696998	-0.153265644488561	0.254889767482566	-0.161713963982317	-0.140631294548745
EDNRB	0.733021054644901	0.323767064561584	0.380944511054127	0.6055859460474	0.815983355502933	0.15871216311708	0.145556896003501	0.782618580483463	0.365211109384806	0.827080922593525	0.597739103560851	0.329201177843711	0.612288711345551	0.407821327663563	0.400577212544563	1	0.542690888910417	0.493962869647826	-0.121001298929739	0.432398255912172	0.709704247201291	0.56446795806206	0.285066971625628	0.684614609816629	0.492330723771984	0.206476823379033	0.0195746209628129	0.400010582524143	0.380372332940947	-0.0660658916761243	0.230327235675118	0.495486164800064	0.227225514553252	0.271332855508001	0.889124701081217	0.227308521922822	0.0189455506568573	0.236079504045106	0.300263646174062	0.188927156113112	0.763725909813943	0.570588683719791	0.334830261862159	0.210930103009689	0.424226831788115	0.166796286873754	0.506663379276211	0.442364007883203	0.73085238212947	0.468839382829044	0.162449296166036	0.258098945691513	0.257519330221541	0.487656212356295	0.712447244450955	0.451806518729959	0.541321005023726	-0.0897798674601277	-0.012511474275702	0.155796947940235	0.242839930128678	0.644561691300802	0.490119968518898	0.302987585423402	0.0936427282845237	0.194112344358491	-0.0546916162524028	0.239413605103737	0.698020165696015	0.420585906822518	0.400844617742335	0.348744948211633	0.409262315341453	0.691371357705523	0.562525118153493	0.548214216722602	0.1993047466583	0.251141842156194	0.37500099862948	0.288103440753748	0.322843187546904	0.58279802501045	0.295002031008612	0.293089977118007	0.176133741759399	0.502538396879099	0.179244953371017	0.267967688757729	0.229803174333861	0.41462759203964	0.281816869443271	0.0982919456343879	-0.0328186847949216	0.636655436294091	0.591600051395878	0.228765310658385	0.753114256727205	0.459566934598609	0.137608327089001	0.413488225875193	0.0768419632992115	0.401172683809288	0.531243995566515	0.201972256093605	-0.0262100167646959	0.362112804292772	0.518919570933751	0.435749929088257	0.511910035413297	0.405236066566289	0.444279729351471	0.420130771631028	0.519897332521088	0.195416700964901	0.185197408766122	0.011000433404132	0.376771511138538	0.370654025208994	0.347069656767349	-0.205019290019009	0.382940395403351	0.282263955864969	0.00565448454200442	0.558550024840267	-0.0561401983712471	0.3673939804584	0.0552323318476678	0.298763429831021	0.213981254217184	0.0544032637934805	0.501115122742021	0.114509309381336	0.110870001810465
