""	CD3D	CD3G	IFITM1	CD44	CD69	CD8A	CD8B	CD2	ITGA4	PTPRC	PTGER4	CD247	CCR5	CD27	ITGB2	CXCR4	CXCR6	S1PR4	ITGAL	SIGIRR	ITGB1	CXCR3	CD47	CD6	HLA.DPB1	CD46	TNFRSF1B	SORL1	C1QBP	CD81	IL2RG	CD96	TSPAN5	CD68	ADGRE5	TNFRSF1A	TSPAN14	KLRB1	RACK1	SPN	PTGDR	TRADD	JAML	CLEC2D	VSIR	TNFRSF14	CD74	ATP5F1B	CANX	PTPRA	SMAP1	STX4	RPSA	CD63	APLP2	LAMP1	NCL	PTPRZ1
CD3D	1	0.977596882553508	0.872500917119326	0.96423017022908	0.945350563634048	0.743821525371987	0.831436790700683	0.973020884050044	0.913248255593635	0.959450527801529	0.883558022043763	0.916465945969496	0.807187731936539	0.8472212527008	0.428739773222499	0.952443112596741	0.827145095185026	0.799118036915533	0.823386885330426	0.885145042309623	0.675777430323845	0.617084467591369	0.713436324675089	0.871943537304454	0.182049113370756	0.602309218933915	0.664460720343849	0.128679689782545	0.0188547578157449	0.0142819830205835	0.939881827892051	0.970579353800379	0.764866282857886	-0.0600434664428132	0.919153617873862	0.254462851636038	0.759803713208708	0.744019202241686	0.552350644689618	0.915089756378561	0.842808000649118	0.740524462741762	0.92840248242055	0.869314426341092	0.490271785937702	0.838817730601313	0.128573600339815	-0.180383155868278	-0.230955280335383	-0.243367424845963	0.380926024138006	0.330529269985131	0.609210934856117	-0.296776660347384	-0.0693919780681495	0.316225878626781	0.0929907396538478	-0.481777941611956
CD3G	0.977596882553508	1	0.889203231273254	0.936363063531365	0.88284198945084	0.74384922553873	0.798934306530365	0.927911674082415	0.917310492930457	0.938978941917186	0.827705806243209	0.867792268512834	0.753664303525	0.87683151577674	0.444128610390619	0.905677226418432	0.784248583888718	0.811596887638779	0.865019695257227	0.829444732444573	0.662412286605482	0.560782429324736	0.728216997623033	0.848518258994743	0.206213499316729	0.581141311973827	0.6538879039558	0.145567123940913	0.0164756650476718	0.021211741258995	0.873288364679396	0.921738931079946	0.756648609052058	-0.0674844205416639	0.90267822908633	0.226459061072918	0.767710743858879	0.702861509568592	0.531833942390797	0.855644979013886	0.856215050316547	0.718580404349939	0.936126824038851	0.847790375212289	0.476326907092272	0.878232332260218	0.149699375170798	-0.130480893489522	-0.182702569372278	-0.178653157524324	0.430894532515566	0.388683531790389	0.587654737897555	-0.280682916480672	-0.0694976581937814	0.303233742487055	0.0820058303365851	-0.461227608660428
IFITM1	0.872500917119326	0.889203231273254	1	0.916977961100297	0.717340242445177	0.689652365901375	0.625048769450566	0.75236073978697	0.879710513725066	0.791285693036613	0.631420139979325	0.940511824468767	0.766666110126114	0.885945527465838	0.380042072442364	0.843518860313419	0.665011751269435	0.942982205082007	0.679115954362608	0.817115588017509	0.713857842573699	0.782040448738678	0.576513337678158	0.849732128462589	0.265722640460636	0.385726224359781	0.613494741769414	0.12479156789791	-0.0261533164330003	0.0294473976802942	0.703571009334627	0.786474607851372	0.659125819413795	0.00965659514911488	0.758433473318965	0.337934253005943	0.632102176750111	0.639901000344451	0.575225758105175	0.669303201211513	0.678321901980846	0.66388738772535	0.820548984990396	0.800589074498383	0.47482341107691	0.883732462667311	0.202964403113864	-0.0225942758969254	-0.173295663218955	-0.185717961457198	0.359345298345635	0.274334833141713	0.632976161696096	-0.235644055287694	-0.0400796830141554	0.152811588856777	0.0255873128006372	-0.450352222072827
CD44	0.96423017022908	0.936363063531365	0.916977961100297	1	0.884760888439925	0.727043573208343	0.783003384844482	0.913991142679236	0.943752219357737	0.924905609775312	0.817875164132679	0.958340602541143	0.883563928976959	0.877582305543222	0.466514479886051	0.958557970045723	0.782177957839257	0.886875881986068	0.782416906104711	0.926952225522158	0.754751824946958	0.733327139208984	0.707389596645907	0.872951432608568	0.273497240109842	0.609896957816274	0.663251938625989	0.180341170581798	0.0330062515900525	0.0902331888609105	0.873716359690204	0.924487116890619	0.760848914844902	0.031812675797502	0.913495537674149	0.359574226738273	0.772214676388754	0.680206594629041	0.584119238067143	0.871824156836538	0.810416720591986	0.704552492554662	0.881868979546027	0.837243925916829	0.535401740675837	0.864557644976858	0.215001804130434	-0.0831361079387534	-0.181792393621785	-0.217565669942449	0.395045841484422	0.363994646608037	0.642606289044533	-0.226376846418533	0.00917735276955662	0.308696780973747	0.0902704970930624	-0.449446602097936
CD69	0.945350563634048	0.88284198945084	0.717340242445177	0.884760888439925	1	0.602376406108513	0.770263656265141	0.97482069600309	0.830007395107607	0.951158214474192	0.96781680632182	0.841334785749745	0.731491823207016	0.657974281510168	0.463163636467374	0.952275268622184	0.796672604579706	0.617325732887291	0.719175152958174	0.890315926719015	0.666248569725867	0.536845449543308	0.716425146124648	0.852624768921137	0.229291284358915	0.674870326312329	0.729160928690831	0.209146872782031	0.16633329694133	0.102952082812729	0.991134606614576	0.984724002700853	0.745936458603867	0.0150158134018159	0.876042105700493	0.32154601667181	0.76135908647643	0.817439177319038	0.625728934048529	0.968345562117037	0.727244449706695	0.793033436789982	0.898072127857549	0.869905464709743	0.571120944024275	0.714738562184489	0.186265821715896	-0.165493162869026	-0.147156219507563	-0.206687451046686	0.40366726657927	0.34311787125445	0.666998303754911	-0.174680693772231	0.0489115111067723	0.452906035634069	0.248822583627915	-0.412742470950153
CD8A	0.743821525371987	0.74384922553873	0.689652365901375	0.727043573208343	0.602376406108513	1	0.930580799444208	0.735626233811887	0.577086386090327	0.672902861061555	0.53594186243747	0.658296243772827	0.670821110427783	0.862434772605667	0.279053869320766	0.620869961465578	0.899958218585638	0.681725709141991	0.842318640429725	0.558457789351346	0.377580408111903	0.555643727720946	0.478171039802688	0.378933419198281	-0.023178395775547	0.400100965799401	0.32852889635213	-0.0106180076122914	-0.209214448752178	-0.111147307670848	0.639417035330364	0.625145150811052	0.534119608324167	-0.141201446315123	0.626963333982054	0.0361694986218929	0.381079540482008	0.164574855003592	0.116152645104263	0.567067278236748	0.823538667566294	0.176369010132486	0.650714633042262	0.386202863016526	0.106996404414077	0.68400464146703	-0.0394505123419163	-0.189763782456985	-0.444931668560274	-0.323496096836567	0.0420363673256427	0.141307010659101	0.127659886118081	-0.437841976876311	-0.266367420335667	0.0669373443149507	-0.16055908313859	-0.476812766777798
CD8B	0.831436790700683	0.798934306530365	0.625048769450566	0.783003384844482	0.770263656265141	0.930580799444208	1	0.872356506959623	0.655254959796654	0.801356009809934	0.718978052840681	0.675009333216354	0.700895466314662	0.815172969256449	0.326824762119611	0.728896086350892	0.937377371169842	0.614960443709252	0.90158842374521	0.652410160026739	0.412593616191075	0.445711256336396	0.612437203255605	0.467140115184554	0.00232447297379192	0.574610089760007	0.405080709009496	0.0314979697075235	-0.101774731690765	-0.0681416552665233	0.800964201629934	0.771053478963842	0.646775493127044	-0.146062675409697	0.777899194432032	0.0368666297815858	0.519225396068581	0.316606487047422	0.199272239166661	0.761255264971185	0.912255536874646	0.319739911397477	0.733180778299216	0.482792364770909	0.197440531964768	0.669881342210549	-0.0260135271118903	-0.237779217753985	-0.405577081219783	-0.326710794549213	0.132839631454142	0.218394190170948	0.218601227794854	-0.401374019608511	-0.217876961808565	0.21430630005582	-0.0601434597280261	-0.471803817536856
CD2	0.973020884050044	0.927911674082415	0.75236073978697	0.913991142679236	0.97482069600309	0.735626233811887	0.872356506959623	1	0.851656757214993	0.955101028284209	0.928701385480913	0.843756819715816	0.783491244486116	0.770598002660218	0.420272540520631	0.934926173128183	0.8681257005131	0.675562063011704	0.824797443104788	0.863591528094913	0.611037134653295	0.547974190944251	0.71132632490616	0.803475542524148	0.14615821341485	0.656175280885351	0.646585676220302	0.122340390861956	0.062449746748951	0.017149965512402	0.980482004651943	0.977162522816113	0.745768245379901	-0.0772308426984832	0.907145105363692	0.224477465658798	0.737897743615797	0.710337436922835	0.51177598826707	0.950211325061923	0.840541336974795	0.691583861274905	0.897921967513499	0.81232752154698	0.456556559785891	0.753664989092935	0.0968633389598778	-0.207176641923073	-0.252296042398863	-0.258139316683221	0.350240456094704	0.322405340099175	0.556375884622994	-0.28407300050643	-0.0697685263489689	0.36534740794099	0.133768972550882	-0.461384904241747
ITGA4	0.913248255593635	0.917310492930457	0.879710513725066	0.943752219357737	0.830007395107607	0.577086386090327	0.655254959796654	0.851656757214993	1	0.900819950040186	0.763626193063088	0.887504294130519	0.820385963411682	0.844134289954961	0.483348542689392	0.925117260936709	0.642129763765994	0.872199891255675	0.753769152227684	0.895340846202129	0.761893250168746	0.651815585912364	0.705840518007123	0.899045857678138	0.37872921970146	0.622496157560178	0.688243655579101	0.223828283700032	0.114579044218991	0.147100203665864	0.804366164489072	0.879077541085323	0.742264584848792	0.0541658499021397	0.920635998074947	0.380641883149781	0.824968590218267	0.698811785289653	0.636429757213294	0.839159104798832	0.764736720789268	0.73359054867399	0.871588933379029	0.835305302932558	0.578975264269182	0.880766430624085	0.293363774666112	0.0260990613019195	-0.0813644397051452	-0.142388876963567	0.51637534418267	0.460026383870164	0.698518437012123	-0.122629231855852	0.0698298107711231	0.336097427759574	0.130113821709898	-0.406638417539704
PTPRC	0.959450527801529	0.938978941917186	0.791285693036613	0.924905609775312	0.951158214474192	0.672902861061555	0.801356009809934	0.955101028284209	0.900819950040186	1	0.935864633263731	0.845337503944837	0.740536219045208	0.774796562257167	0.626360373538036	0.959559015310621	0.788384147009285	0.718838728780678	0.833958785288619	0.884548257255981	0.777566514155779	0.517600177450852	0.800621213854189	0.841939701773326	0.365572228757629	0.745021761924386	0.783554909663398	0.365480814047904	0.168455489825827	0.245299687171506	0.937953901777317	0.955254516621346	0.806604695378699	0.153342519508216	0.936074687351961	0.407415342235188	0.873087380298028	0.745639260701368	0.634098806734898	0.951458823787459	0.822513603048748	0.773049470066349	0.949533406789386	0.853622021149845	0.661707794346979	0.836811745000851	0.340419460665229	-0.0562981055175625	-0.0585065281856405	-0.131291416045314	0.512736091531816	0.511084904369651	0.67120186210419	-0.104778621058834	0.156062757655682	0.539668011715355	0.246411909614629	-0.408344692852803
PTGER4	0.883558022043763	0.827705806243209	0.631420139979325	0.817875164132679	0.96781680632182	0.53594186243747	0.718978052840681	0.928701385480913	0.763626193063088	0.935864633263731	1	0.750504444866726	0.668665955969015	0.559381052129943	0.581103636752455	0.912190921942151	0.738816615599349	0.500996287022084	0.692518232056592	0.856699226779363	0.682755386647859	0.433238962648208	0.735534682321544	0.796535116563904	0.302268463712695	0.719876324720778	0.753761144640472	0.345807771777642	0.22829071343476	0.23280155493152	0.957095144062233	0.944387956367583	0.726664304654662	0.144291242591136	0.833183126525581	0.400459618037712	0.808094711538992	0.78851288125328	0.62189349616792	0.963144099403717	0.685727621537441	0.79282887586379	0.878258604252893	0.842537843260619	0.652985036265072	0.646900943717067	0.293217818374129	-0.121941007468203	-0.0469800505640726	-0.133377201880904	0.470837143382733	0.445587548759799	0.654267000649717	-0.0672711007449428	0.175542762772692	0.576485323803955	0.325808865893829	-0.351325409260762
CD247	0.916465945969496	0.867792268512834	0.940511824468767	0.958340602541143	0.841334785749745	0.658296243772827	0.675009333216354	0.843756819715816	0.887504294130519	0.845337503944837	0.750504444866726	1	0.840544975990597	0.816382668600613	0.37310012912982	0.92900796555177	0.71170801700565	0.89075519823753	0.627254384086239	0.904485014438898	0.737230555302733	0.820565679942741	0.596915892694398	0.896696946933578	0.249251175328166	0.472074279836868	0.638923064090958	0.115622063606254	0.0120613663416916	0.0341432089899745	0.831871519840081	0.880579558346092	0.697781878947777	0.0179351012870224	0.819095243690845	0.368859107184104	0.661264974603741	0.729271035726303	0.619289895401426	0.797496162313422	0.668341554157328	0.729812768926135	0.823545134973867	0.854727861184423	0.514035024298435	0.811283997884945	0.18334100124879	-0.097129926754773	-0.217791599496001	-0.265910770023656	0.328295884936424	0.210196950135248	0.683865701857214	-0.240194911621127	-0.02369435572133	0.213704263787794	0.0791373609231521	-0.466780227620228
CCR5	0.807187731936539	0.753664303525	0.766666110126114	0.883563928976959	0.731491823207016	0.670821110427783	0.700895466314662	0.783491244486116	0.820385963411682	0.740536219045208	0.668665955969015	0.840544975990597	1	0.786238706668737	0.364500117776338	0.820169803401618	0.719433632517502	0.799296195700555	0.638682243029367	0.866914421445143	0.606356226461452	0.798115446545061	0.453546872854436	0.712888509877416	0.120199502362639	0.489661479307007	0.471401580489292	0.0631392820606892	-0.147697797808755	0.0198223672329327	0.718239753686301	0.770969610939529	0.497781833951767	0.0172146301590518	0.738967053453469	0.318406330718789	0.6190246619546	0.442353826192908	0.350626107988809	0.727909193097069	0.691098800505788	0.430124898897124	0.623183338976408	0.63039629529941	0.367220484716799	0.710291852585788	0.0986588708122618	-0.176577502698566	-0.349838579056846	-0.373257741686327	0.17506910278096	0.290093833435383	0.407969680560141	-0.307363833505292	-0.091911128303662	0.140983879779638	-0.118421279983685	-0.484529755424785
CD27	0.8472212527008	0.87683151577674	0.885945527465838	0.877582305543222	0.657974281510168	0.862434772605667	0.815172969256449	0.770598002660218	0.844134289954961	0.774796562257167	0.559381052129943	0.816382668600613	0.786238706668737	1	0.344933137782774	0.756012120225007	0.766457754326528	0.900909749526059	0.870166061653927	0.707698243992887	0.577050657491016	0.652520743108191	0.586483141171849	0.643068176796121	0.157225944646645	0.462784119369779	0.463942018644893	0.0553143705987008	-0.141961476430727	-0.0335592043568253	0.665417900352174	0.718656469969004	0.637572380794317	-0.0846764299206926	0.797981867034196	0.157273855524975	0.577794988576748	0.364215128633452	0.329384882455819	0.65447408126887	0.861907325651277	0.400377453618385	0.748878652047687	0.571308079205241	0.284223560035356	0.888277993497771	0.0966518885730046	-0.078357851429585	-0.3087950008981	-0.260725453109703	0.246358029207455	0.302716161586753	0.374187506625625	-0.352559333255651	-0.173728521192624	0.0896517925786533	-0.128848737665271	-0.486450518418664
ITGB2	0.428739773222499	0.444128610390619	0.380042072442364	0.466514479886051	0.463163636467374	0.279053869320766	0.326824762119611	0.420272540520631	0.483348542689392	0.626360373538036	0.581103636752455	0.37310012912982	0.364500117776338	0.344933137782774	1	0.560072996384878	0.324156882186336	0.336712740130577	0.450989581307604	0.534695200252863	0.832402319862411	0.24491923881155	0.592536938594704	0.415619878343315	0.747501554436494	0.68761815722199	0.784901476288893	0.922259802708858	0.361701125741936	0.850329477485326	0.424417182820324	0.428230368466536	0.473737718887696	0.830984209285563	0.489616407392706	0.784070276484802	0.799121154995663	0.347166332148523	0.561495926087554	0.522974819007008	0.349018715260721	0.477279446203729	0.549841433026369	0.443069024409428	0.890433862869982	0.559269193924089	0.866876310013805	0.339980470995342	0.428510438877216	0.213653250197286	0.605659819593163	0.799601399966948	0.531102014990094	0.453771721759959	0.741577701335434	0.872234582778695	0.461669384486032	-0.102592534111938
CXCR4	0.952443112596741	0.905677226418432	0.843518860313419	0.958557970045723	0.952275268622184	0.620869961465578	0.728896086350892	0.934926173128183	0.925117260936709	0.959559015310621	0.912190921942151	0.92900796555177	0.820169803401618	0.756012120225007	0.560072996384878	1	0.76201657403308	0.782876869671053	0.721067057820021	0.967079109353956	0.811895824460928	0.696605208489031	0.750354972542873	0.910994409011011	0.402449700470197	0.689991213784093	0.791655428211607	0.308481652383616	0.211223574975139	0.225566385756095	0.935150087155974	0.961369497882518	0.788226518064476	0.144346921932112	0.907246266275698	0.474178759615292	0.824464454447156	0.789145507483751	0.72529673812388	0.93298740774265	0.72084467656203	0.806099562192465	0.919928019150499	0.890485065390887	0.671346667111864	0.823358490709687	0.345353559581355	0.00267342712646082	-0.0698697333296065	-0.152928910415539	0.502087427968477	0.421356479304146	0.767976601539307	-0.070171512903713	0.152709846136233	0.474987871536377	0.275868514935402	-0.412300979289143
CXCR6	0.827145095185026	0.784248583888718	0.665011751269435	0.782177957839257	0.796672604579706	0.899958218585638	0.937377371169842	0.8681257005131	0.642129763765994	0.788384147009285	0.738816615599349	0.71170801700565	0.719433632517502	0.766457754326528	0.324156882186336	0.76201657403308	1	0.638344902739213	0.828881793472989	0.725159327286999	0.450746538994716	0.588756778789608	0.540099693763232	0.529939963032729	0.0205884736059362	0.528783898627831	0.525290113604854	0.0527912616889311	-0.0456839777472058	-0.0555868603321429	0.819097284935453	0.793384855931077	0.576262414743661	-0.109474416936936	0.68730128726438	0.146655319745266	0.474658431959983	0.399369235196233	0.306401254269761	0.729569145402537	0.795029117468914	0.347000936449851	0.745777131302058	0.523022632737927	0.258349804595136	0.70767179266882	0.00338354811858715	-0.210455750357161	-0.394328461186197	-0.323445343955035	0.0836561476382925	0.224063873307532	0.304869727456646	-0.361372174145784	-0.166427782093887	0.219058475734129	-0.0068218968607658	-0.471324218192071
S1PR4	0.799118036915533	0.811596887638779	0.942982205082007	0.886875881986068	0.617325732887291	0.681725709141991	0.614960443709252	0.675562063011704	0.872199891255675	0.718838728780678	0.500996287022084	0.89075519823753	0.799296195700555	0.900909749526059	0.336712740130577	0.782876869671053	0.638344902739213	1	0.663620426461452	0.781178245652456	0.684294997934252	0.797401175630897	0.521801706286218	0.756157003943064	0.268469572368025	0.396125863365013	0.537611329786521	0.103391020598309	-0.0692420985387186	0.0318132861822439	0.596250951578889	0.695977363586302	0.601165512846873	0.0152973524367727	0.734826887216705	0.320250007876252	0.585349767387569	0.486547443639889	0.49218571163909	0.582626765524544	0.686208224858662	0.50742320218135	0.71948223810466	0.664125373282639	0.40714630969235	0.883577608990006	0.196317448490163	0.0181156700306755	-0.203991265512962	-0.213481740413856	0.283053761570269	0.291355088721163	0.544949940426964	-0.234720466113331	-0.0501548453729976	0.0887736756202106	-0.0738652944198436	-0.435105612700111
ITGAL	0.823386885330426	0.865019695257227	0.679115954362608	0.782416906104711	0.719175152958174	0.842318640429725	0.90158842374521	0.824797443104788	0.753769152227684	0.833958785288619	0.692518232056592	0.627254384086239	0.638682243029367	0.870166061653927	0.450989581307604	0.721067057820021	0.828881793472989	0.663620426461452	1	0.64559164851871	0.49595542453388	0.351485035023711	0.726164955967307	0.521951944688318	0.183870176749251	0.655984151497871	0.509947456396205	0.183540927175064	0.00507961057369864	0.0592503060985286	0.731150026830119	0.742767797116188	0.685196836863407	-0.0585940006586973	0.823071684545586	0.0964261434152955	0.643696938669343	0.337991815681247	0.293311974361632	0.745040956467948	0.945012181680287	0.387510957829945	0.79611649793207	0.508780085739065	0.322390884627602	0.810769482680644	0.141699413029486	-0.0802508230779447	-0.217095223110452	-0.173057701419093	0.319218453650522	0.464128092660909	0.312402811347373	-0.267295682797132	-0.0901930680157677	0.29739896811149	0.00772553934950043	-0.408835533339771
SIGIRR	0.885145042309623	0.829444732444573	0.817115588017509	0.926952225522158	0.890315926719015	0.558457789351346	0.652410160026739	0.863591528094913	0.895340846202129	0.884548257255981	0.856699226779363	0.904485014438898	0.866914421445143	0.707698243992887	0.534695200252863	0.967079109353956	0.725159327286999	0.781178245652456	0.64559164851871	1	0.795519320455891	0.770666518362569	0.668050521059591	0.884108897014083	0.42314237378722	0.650305377976183	0.770516971797701	0.302332950983451	0.212602198345691	0.237044643336044	0.861032108228784	0.902576217656859	0.698332490558261	0.170205080059324	0.82681889027605	0.515153102939217	0.764363056446532	0.727333716768087	0.720296168080273	0.871683409269704	0.634898666426079	0.737811439364542	0.839070732307674	0.83166607728772	0.664903791778789	0.791179601447761	0.363411457484632	0.0459549443806228	-0.076532970117625	-0.173890795479383	0.453772171109708	0.42037299063185	0.757191451717399	-0.0334152457623543	0.167342099852044	0.423897480696377	0.247767013642296	-0.400793878651775
ITGB1	0.675777430323845	0.662412286605482	0.713857842573699	0.754751824946958	0.666248569725867	0.377580408111903	0.412593616191075	0.611037134653295	0.761893250168746	0.777566514155779	0.682755386647859	0.737230555302733	0.606356226461452	0.577050657491016	0.832402319862411	0.811895824460928	0.450746538994716	0.684294997934252	0.49595542453388	0.795519320455891	1	0.604999435606032	0.72222440835817	0.749612957224697	0.725469057953298	0.706726893723046	0.870608305501995	0.712187690532181	0.395894695976006	0.670927468039995	0.62277954391713	0.664157376587924	0.708305013094173	0.610171812924268	0.705203599527157	0.833033632167527	0.854472683016491	0.627721449084759	0.808274052831875	0.680204553056911	0.438725936143383	0.715323718242264	0.735262358624655	0.721730412786365	0.895229706653458	0.765903829036837	0.745250235160175	0.353668241345477	0.376581340830964	0.211678480874035	0.666824831436163	0.655813159974188	0.811541899246508	0.359855301797197	0.627820308356853	0.722013887693006	0.490900060983531	-0.11318563036063
CXCR3	0.617084467591369	0.560782429324736	0.782040448738678	0.733327139208984	0.536845449543308	0.555643727720946	0.445711256336396	0.547974190944251	0.651815585912364	0.517600177450852	0.433238962648208	0.820565679942741	0.798115446545061	0.652520743108191	0.24491923881155	0.696605208489031	0.588756778789608	0.797401175630897	0.351485035023711	0.770666518362569	0.604999435606032	1	0.2847815003	0.649821593093673	0.257810968354439	0.262976503990861	0.502181127545316	0.0598826342493329	0.0218685980315534	0.0487687566865999	0.528600934893471	0.570041874436121	0.388347327001764	0.0733174054312191	0.464235066808836	0.446552776190293	0.352655079757257	0.403001929578347	0.508885960186411	0.457571957149306	0.331356784082822	0.378906062846793	0.516036813242045	0.541930801253021	0.35711908647742	0.647756383717947	0.192191414460965	0.0854137647136522	-0.226214997164052	-0.240245499913743	0.140734140725015	0.0996959732588304	0.531924593562343	-0.119742956924476	0.0051800694385264	0.03491910910168	0.03937586836459	-0.360025529545414
CD47	0.713436324675089	0.728216997623033	0.576513337678158	0.707389596645907	0.716425146124648	0.478171039802688	0.612437203255605	0.71132632490616	0.705840518007123	0.800621213854189	0.735534682321544	0.596915892694398	0.453546872854436	0.586483141171849	0.592536938594704	0.750354972542873	0.540099693763232	0.521801706286218	0.726164955967307	0.668050521059591	0.72222440835817	0.2847815003	1	0.61032579707945	0.564549993992645	0.865924164944215	0.659041272980805	0.452758627013093	0.514530182111836	0.429358055953238	0.706159479021695	0.709570885237414	0.920779885603047	0.205220879926926	0.831943286758956	0.460628874210258	0.774083104418491	0.547235869774916	0.685743999412752	0.767689835438407	0.66946291298239	0.664771191220022	0.79523375284778	0.640064783940865	0.613192428776431	0.653582165430796	0.477307553173683	0.320054502674204	0.331088207451249	0.313071238601914	0.745715282484486	0.544479278301914	0.693723452266755	0.266263268604045	0.377949323216709	0.647792101079979	0.55799255128959	0.0256352576019492
CD6	0.871943537304454	0.848518258994743	0.849732128462589	0.872951432608568	0.852624768921137	0.378933419198281	0.467140115184554	0.803475542524148	0.899045857678138	0.841939701773326	0.796535116563904	0.896696946933578	0.712888509877416	0.643068176796121	0.415619878343315	0.910994409011011	0.529939963032729	0.756157003943064	0.521951944688318	0.884108897014083	0.749612957224697	0.649821593093673	0.61032579707945	1	0.321150845467546	0.486599534731297	0.744171609908345	0.197620773167899	0.158796016483885	0.1182384839387	0.820830452084376	0.891665482085904	0.667938104142272	0.0639618302511789	0.79738191967394	0.426444535379498	0.759378165166255	0.911473816977371	0.744615319142713	0.807894922410397	0.54196428356481	0.891886437179102	0.837184518031582	0.957382200427806	0.631766555584697	0.762671552419953	0.2579706581066	-0.0436473586988638	-0.0106960101910665	-0.10413003058937	0.498077680539066	0.354540729393093	0.811513789210953	-0.0873309057567852	0.113127426435126	0.344580543046327	0.232258065440833	-0.356291950226418
HLA-DPB1	0.182049113370756	0.206213499316729	0.265722640460636	0.273497240109842	0.229291284358915	-0.023178395775547	0.00232447297379192	0.14615821341485	0.37872921970146	0.365572228757629	0.302268463712695	0.249251175328166	0.120199502362639	0.157225944646645	0.747501554436494	0.402449700470197	0.0205884736059362	0.268469572368025	0.183870176749251	0.42314237378722	0.725469057953298	0.257810968354439	0.564549993992645	0.321150845467546	1	0.571392532478235	0.677374717396617	0.820223919835709	0.724694406152837	0.846102716628515	0.187723515190214	0.19681540342222	0.485133938685248	0.731680591216947	0.330782269390823	0.759293024252335	0.548959203571103	0.260480873659421	0.759114291286735	0.303255129745782	0.0342899523773596	0.443263377048495	0.409092589748489	0.297091525507625	0.8076910425028	0.405325144197919	0.950651821881976	0.766274090337323	0.637894055638841	0.424730260467216	0.753509168788803	0.608048248236181	0.716768582049831	0.759604978321393	0.784936149802134	0.725956372239668	0.707533953022406	0.11027720569918
CD46	0.602309218933915	0.581141311973827	0.385726224359781	0.609896957816274	0.674870326312329	0.400100965799401	0.574610089760007	0.656175280885351	0.622496157560178	0.745021761924386	0.719876324720778	0.472074279836868	0.489661479307007	0.462784119369779	0.68761815722199	0.689991213784093	0.528783898627831	0.396125863365013	0.655984151497871	0.650305377976183	0.706726893723046	0.262976503990861	0.865924164944215	0.486599534731297	0.571392532478235	1	0.69484124846273	0.591130570646076	0.437667350968682	0.528354112989109	0.65206498533423	0.632373429392351	0.717965063571517	0.365788983360352	0.722454795758048	0.55078281377374	0.765764899612646	0.411934751654659	0.562087443616967	0.746133575969096	0.57893176035759	0.494923863955928	0.65630038886598	0.489533583883369	0.662756830747457	0.594979099074389	0.548988618097001	0.229352321284218	0.303386189125021	0.217009742701055	0.57730504606904	0.679171259689467	0.545975018379457	0.275510610462507	0.499809917974635	0.707307269676519	0.475012324717488	0.0771305581875455
TNFRSF1B	0.664460720343849	0.6538879039558	0.613494741769414	0.663251938625989	0.729160928690831	0.32852889635213	0.405080709009496	0.646585676220302	0.688243655579101	0.783554909663398	0.753761144640472	0.638923064090958	0.471401580489292	0.463942018644893	0.784901476288893	0.791655428211607	0.525290113604854	0.537611329786521	0.509947456396205	0.770516971797701	0.870608305501995	0.502181127545316	0.659041272980805	0.744171609908345	0.677374717396617	0.69484124846273	1	0.700993231077041	0.454372624862908	0.594691586468446	0.687840551839806	0.699826389774554	0.596739160447782	0.543988747712806	0.608110302291203	0.731860664750696	0.764562413877726	0.707734874379059	0.834485913301833	0.692739759151399	0.374549435707552	0.727950752159573	0.779959699982874	0.709976129717283	0.894673471701169	0.764208526153112	0.700931560039557	0.266850623537234	0.309185273131071	0.124159245581446	0.573843716350981	0.693884484712822	0.810394006467839	0.313603544982569	0.574229391499763	0.736912294322481	0.521515135123651	-0.195890776612756
SORL1	0.128679689782545	0.145567123940913	0.12479156789791	0.180341170581798	0.209146872782031	-0.0106180076122914	0.0314979697075235	0.122340390861956	0.223828283700032	0.365480814047904	0.345807771777642	0.115622063606254	0.0631392820606892	0.0553143705987008	0.922259802708858	0.308481652383616	0.0527912616889311	0.103391020598309	0.183540927175064	0.302332950983451	0.712187690532181	0.0598826342493329	0.452758627013093	0.197620773167899	0.820223919835709	0.591130570646076	0.700993231077041	1	0.498514040534815	0.93705998489706	0.159592629248883	0.152191488900155	0.298275476053031	0.929785569454738	0.219359003037397	0.798000627302443	0.593260658300276	0.203607674322413	0.534554037966082	0.278129443561606	0.0446786914150504	0.341961078740869	0.316722756833051	0.217892494951754	0.863660400043841	0.35474662585897	0.9419599637786	0.478642174921766	0.606786174330136	0.35954940453874	0.54955452862947	0.778791273249675	0.476246159591465	0.657596736030163	0.885371626732309	0.858760477749947	0.548788052373961	0.0917573960878344
C1QBP	0.0188547578157449	0.0164756650476718	-0.0261533164330003	0.0330062515900525	0.16633329694133	-0.209214448752178	-0.101774731690765	0.062449746748951	0.114579044218991	0.168455489825827	0.22829071343476	0.0120613663416916	-0.147697797808755	-0.141961476430727	0.361701125741936	0.211223574975139	-0.0456839777472058	-0.0692420985387186	0.00507961057369864	0.212602198345691	0.395894695976006	0.0218685980315534	0.514530182111836	0.158796016483885	0.724694406152837	0.437667350968682	0.454372624862908	0.498514040534815	1	0.636091240131041	0.152768352144447	0.113644333948013	0.468881825472779	0.378152233334949	0.174213620377364	0.545799474602899	0.264640096822424	0.253405146961586	0.729580746600957	0.194300811441134	-0.133555063021	0.354761058439863	0.249610508064117	0.157795322130812	0.49565846384288	0.0719643992417318	0.614521052697684	0.81991438372515	0.664619157477415	0.604987060483251	0.725078272931005	0.392762142391266	0.659302543195883	0.856729977249958	0.623995937439515	0.613053087353569	0.908915307456213	0.312980251603548
CD81	0.0142819830205835	0.021211741258995	0.0294473976802942	0.0902331888609105	0.102952082812729	-0.111147307670848	-0.0681416552665233	0.017149965512402	0.147100203665864	0.245299687171506	0.23280155493152	0.0341432089899745	0.0198223672329327	-0.0335592043568253	0.850329477485326	0.225566385756095	-0.0555868603321429	0.0318132861822439	0.0592503060985286	0.237044643336044	0.670927468039995	0.0487687566865999	0.429358055953238	0.1182384839387	0.846102716628515	0.528354112989109	0.594691586468446	0.93705998489706	0.636091240131041	1	0.0614767814671506	0.0491246957800199	0.312889223613638	0.927059035528169	0.16775217922641	0.842367666953604	0.525507265085899	0.116607644966942	0.556488933025978	0.176752620480039	-0.0589300186263968	0.261247036272454	0.192417257266155	0.120866133544402	0.783881471225686	0.220057801054208	0.943215240462229	0.671854293567249	0.722736270408099	0.506935460729859	0.643325388952758	0.699122591187274	0.486337891311907	0.826687102396671	0.925686451323552	0.866762189375982	0.682426494587975	0.221756018050589
IL2RG	0.939881827892051	0.873288364679396	0.703571009334627	0.873716359690204	0.991134606614576	0.639417035330364	0.800964201629934	0.980482004651943	0.804366164489072	0.937953901777317	0.957095144062233	0.831871519840081	0.718239753686301	0.665417900352174	0.424417182820324	0.935150087155974	0.819097284935453	0.596250951578889	0.731150026830119	0.861032108228784	0.62277954391713	0.528600934893471	0.706159479021695	0.820830452084376	0.187723515190214	0.65206498533423	0.687840551839806	0.159592629248883	0.152768352144447	0.0614767814671506	1	0.979104258481522	0.747727668728743	-0.0312359119372699	0.872574719607064	0.276721056949486	0.724626807949033	0.782780851584929	0.587765454020162	0.961151182375176	0.744530310721672	0.758035873854418	0.887359272256339	0.839906352318676	0.511969295535676	0.687274433057252	0.137820115666166	-0.180196399544688	-0.186244750502325	-0.222650694621909	0.377402420645069	0.294962899289954	0.628097000606825	-0.206313523796974	0.00171935387863076	0.42307376367354	0.238039475654036	-0.41713352595444
CD96	0.970579353800379	0.921738931079946	0.786474607851372	0.924487116890619	0.984724002700853	0.625145150811052	0.771053478963842	0.977162522816113	0.879077541085323	0.955254516621346	0.944387956367583	0.880579558346092	0.770969610939529	0.718656469969004	0.428230368466536	0.961369497882518	0.793384855931077	0.695977363586302	0.742767797116188	0.902576217656859	0.664157376587924	0.570041874436121	0.709570885237414	0.891665482085904	0.19681540342222	0.632373429392351	0.699826389774554	0.152191488900155	0.113644333948013	0.0491246957800199	0.979104258481522	1	0.748820645300524	-0.0357674895583849	0.901105642027105	0.29072191584907	0.770583651438734	0.822543451308836	0.611460368932604	0.955044757057977	0.773486020840884	0.801203268727864	0.910034363988529	0.895960802816231	0.538053068840665	0.752217197774572	0.143579947967438	-0.181243571175534	-0.181936360881234	-0.227616111219132	0.401529054419058	0.339227173350323	0.664187743508949	-0.226528336104277	-0.00769249131599516	0.388802588662506	0.183472583288639	-0.438892818844264
TSPAN5	0.764866282857886	0.756648609052058	0.659125819413795	0.760848914844902	0.745936458603867	0.534119608324167	0.646775493127044	0.745768245379901	0.742264584848792	0.806604695378699	0.726664304654662	0.697781878947777	0.497781833951767	0.637572380794317	0.473737718887696	0.788226518064476	0.576262414743661	0.601165512846873	0.685196836863407	0.698332490558261	0.708305013094173	0.388347327001764	0.920779885603047	0.667938104142272	0.485133938685248	0.717965063571517	0.596739160447782	0.298275476053031	0.468881825472779	0.312889223613638	0.747727668728743	0.748820645300524	1	0.0794011696015027	0.868263131609438	0.433020698251793	0.729694108236951	0.599143675148042	0.706843945939379	0.778077237659293	0.669778872539926	0.690647058056963	0.835424236804029	0.704124870188711	0.53103826851693	0.634904098069126	0.365563413498099	0.310760914497408	0.247546494867202	0.263601361814427	0.739386840784283	0.353257192849472	0.727348119013349	0.194360214925715	0.262229507463815	0.534690902985501	0.545650633256308	-0.0294740377762986
CD68	-0.0600434664428132	-0.0674844205416639	0.00965659514911488	0.031812675797502	0.0150158134018159	-0.141201446315123	-0.146062675409697	-0.0772308426984832	0.0541658499021397	0.153342519508216	0.144291242591136	0.0179351012870224	0.0172146301590518	-0.0846764299206926	0.830984209285563	0.144346921932112	-0.109474416936936	0.0152973524367727	-0.0585940006586973	0.170205080059324	0.610171812924268	0.0733174054312191	0.205220879926926	0.0639618302511789	0.731680591216947	0.365788983360352	0.543988747712806	0.929785569454738	0.378152233334949	0.927059035528169	-0.0312359119372699	-0.0357674895583849	0.0794011696015027	1	0.0173246888439008	0.787690999113748	0.426586519873605	0.0597184699597247	0.401527495758525	0.0734588822020269	-0.152132273678255	0.181581461950282	0.0729670576291401	0.0612986122754279	0.762824397122639	0.182114013392099	0.897554667139559	0.453394417218099	0.55979732876808	0.283716179461101	0.392657159181579	0.62744227371093	0.342015954185209	0.655453188399887	0.858397429975804	0.747378873317441	0.441028950163279	0.0769055234511713
ADGRE5	0.919153617873862	0.90267822908633	0.758433473318965	0.913495537674149	0.876042105700493	0.626963333982054	0.777899194432032	0.907145105363692	0.920635998074947	0.936074687351961	0.833183126525581	0.819095243690845	0.738967053453469	0.797981867034196	0.489616407392706	0.907246266275698	0.68730128726438	0.734826887216705	0.823071684545586	0.82681889027605	0.705203599527157	0.464235066808836	0.831943286758956	0.79738191967394	0.330782269390823	0.722454795758048	0.608110302291203	0.219359003037397	0.174213620377364	0.16775217922641	0.872574719607064	0.901105642027105	0.868263131609438	0.0173246888439008	1	0.302880939730754	0.844187076245867	0.662476777728512	0.574447537187252	0.916163773445357	0.865846701656386	0.720843505561601	0.87944928025139	0.78981835383408	0.524533735537101	0.768477985356518	0.245851067459261	0.00859407459580571	-0.0411818901586235	-0.075410853853086	0.56072876809013	0.413813997918897	0.632057523139503	-0.101904186774855	0.0714924214173975	0.441572761973039	0.223508807674733	-0.326497370545969
TNFRSF1A	0.254462851636038	0.226459061072918	0.337934253005943	0.359574226738273	0.32154601667181	0.0361694986218929	0.0368666297815858	0.224477465658798	0.380641883149781	0.407415342235188	0.400459618037712	0.368859107184104	0.318406330718789	0.157273855524975	0.784070276484802	0.474178759615292	0.146655319745266	0.320250007876252	0.0964261434152955	0.515153102939217	0.833033632167527	0.446552776190293	0.460628874210258	0.426444535379498	0.759293024252335	0.55078281377374	0.731860664750696	0.798000627302443	0.545799474602899	0.842367666953604	0.276721056949486	0.29072191584907	0.433020698251793	0.787690999113748	0.302880939730754	1	0.610373600846817	0.365558193518823	0.707047284286187	0.332835970801644	-0.000362686367075948	0.431072622816777	0.378145527770358	0.396014738768883	0.832802461755197	0.405454951807195	0.831365382223904	0.552430708347671	0.595812254049513	0.437519518087743	0.620194188628322	0.624580876535733	0.659845153042982	0.664336578575625	0.854125107795806	0.753120096139671	0.639037452688097	0.200486418481197
TSPAN14	0.759803713208708	0.767710743858879	0.632102176750111	0.772214676388754	0.76135908647643	0.381079540482008	0.519225396068581	0.737897743615797	0.824968590218267	0.873087380298028	0.808094711538992	0.661264974603741	0.6190246619546	0.577794988576748	0.799121154995663	0.824464454447156	0.474658431959983	0.585349767387569	0.643696938669343	0.764363056446532	0.854472683016491	0.352655079757257	0.774083104418491	0.759378165166255	0.548959203571103	0.765764899612646	0.764562413877726	0.593260658300276	0.264640096822424	0.525507265085899	0.724626807949033	0.770583651438734	0.729694108236951	0.426586519873605	0.844187076245867	0.610373600846817	1	0.672830273692452	0.643641122609766	0.815086622599853	0.644907086549462	0.759345863899555	0.799713128949935	0.785743233999095	0.801832911973488	0.708078870361991	0.570568624406582	0.131826193666055	0.27686535963995	0.138393889210552	0.700285071218778	0.689633712992292	0.680184768638459	0.179730276386662	0.463601721690154	0.728066426846754	0.382549371466954	-0.157756259894343
KLRB1	0.744019202241686	0.702861509568592	0.639901000344451	0.680206594629041	0.817439177319038	0.164574855003592	0.316606487047422	0.710337436922835	0.698811785289653	0.745639260701368	0.78851288125328	0.729271035726303	0.442353826192908	0.364215128633452	0.347166332148523	0.789145507483751	0.399369235196233	0.486547443639889	0.337991815681247	0.727333716768087	0.627721449084759	0.403001929578347	0.547235869774916	0.911473816977371	0.260480873659421	0.411934751654659	0.707734874379059	0.203607674322413	0.253405146961586	0.116607644966942	0.782780851584929	0.822543451308836	0.599143675148042	0.0597184699597247	0.662476777728512	0.365558193518823	0.672830273692452	1	0.748165571921724	0.752403364036855	0.365631402048099	0.952274333349631	0.759088545210752	0.936352028359071	0.624378306989914	0.550164664320303	0.216112260026379	-0.0925948451194837	0.0950237309295064	-0.024311678502676	0.477718368437449	0.256065775457087	0.80382217523727	-0.0108108401933544	0.168231422407023	0.415207385503521	0.356507632252307	-0.24479884402568
