""	CXCR3	CD2	KLRD1	CD3D	CD3G	KLRC1	CD247	CD8A	CD8B	CXCR4	KLRB1	CCR5	KLRC2	CCR1	ITGAL	F2R	ITGB1	ITGA4	TNFRSF1B	CD226	ADGRE5	VSIR	PILRB	TFRC	ITGB2	KLRF1	TNFRSF1A	S1PR4	TRADD	CD53	SIRPG	CD47	FAS	RACK1	TNFRSF14	LAG3	SMAP1	CD69	ADRB2	IGF2R	CD44	CD4	PTGDR	NCR3	RIPK1	ERAP1	SLC16A7	NOTCH2	PTPRC	TSPAN14	CD81	ADCY7	PTPRA	CANX	CD9	LPP	CLEC2D	PTGER4	PTGER2	TSPAN5	CD74	STX4	SORL1	HAVCR2	EGFR	RPSA	MCFD2	APLP2	CD63	LAMP1	LRP10	C1QBP	PTPRZ1
CXCR3	1	0.952639377087067	0.558571013523499	0.866008867658853	0.841972279862115	0.543733525464133	0.585518723876771	0.748521345554234	0.7560389299226	0.931788286153736	0.769263538589965	0.371167929490271	0.37822929428775	0.38454425474934	0.909527086497878	0.639192726271116	0.822159098383908	0.940801371567366	0.915111456068311	0.821527146133669	0.874616354763094	0.905759013669555	0.603215244710117	0.451040635859246	0.84736735918951	0.444235170483904	0.505787366833889	0.85441427647438	0.863908438744385	0.871645197868272	0.708007992769733	0.742723190947158	0.873308422451028	0.753713006979727	0.845664934006796	0.796004944065509	0.727423812420393	0.877967210967646	0.813457695684663	0.449871982721905	0.906261222331932	0.80428301757152	0.468044127641931	0.881222426477428	0.673507277948791	0.737413927697583	0.706537774532234	0.478518471223379	0.911213450197715	0.887472668031827	0.607213079245161	0.828520703882912	0.348755562896623	-0.123291468501649	-0.26049186403284	0.217708306445701	0.764225949633094	0.836128237568047	0.803541000904633	0.439146188041151	0.568085395128834	0.226150642942879	0.652148673544604	0.563337683702975	-0.275325651978989	0.822257815373813	-0.371601685539588	0.0921287239297951	0.400496466459058	0.429361158203753	0.595944841678302	0.349659027375264	-0.22661859949121
CD2	0.952639377087067	1	0.579811270142726	0.910514276626295	0.904006295777151	0.516374109354221	0.604475378103423	0.848494225694976	0.837469478556307	0.949839688522512	0.817245680029036	0.526903565341463	0.32223465173875	0.390675659657991	0.964835614692814	0.747961471238115	0.804618246222224	0.90974657396677	0.880902720216774	0.846885545882256	0.888139640862059	0.85258142966797	0.605344603094701	0.512460858341107	0.818466440674581	0.518717547854035	0.522715578831974	0.816111765141221	0.886560109595431	0.914930796627659	0.829258061969714	0.805179533135764	0.909138619121836	0.71506546679604	0.842476029142088	0.903250141121741	0.753797501414924	0.913873893454214	0.823888408496494	0.647311414636003	0.932752499281862	0.780640163652218	0.575988779449395	0.802960875131614	0.771281994297468	0.852102720902283	0.742820025886474	0.444929507912731	0.957481011764267	0.945004828610245	0.577654547228009	0.768078518973259	0.440533629256091	-0.094857477391668	-0.232198103461808	0.244058979899487	0.856572971099761	0.893834905236909	0.845323730865023	0.514324634816084	0.511920993411411	0.291471175258046	0.718347729593407	0.590725081923452	-0.230550072906959	0.776758749107556	-0.350552738958856	0.123183819985646	0.375975359913429	0.472257301152432	0.70247743617533	0.343286034659743	-0.176353076303597
KLRD1	0.558571013523499	0.579811270142726	1	0.274993949193501	0.233020804967775	0.970957511993221	0.983766958513036	0.164216354580635	0.158913248405811	0.504347149133123	0.292267772166819	0.620661279607155	0.896543721179803	0.744958785887339	0.463820561667028	0.58111383689683	0.820684608917831	0.573981040508901	0.490993311139478	0.139529780687983	0.719089358093597	0.4237805348855	0.648886225846766	-0.292663054618367	0.750987122294925	0.886485825210028	0.664874116406017	0.662800177509519	0.222008652670868	0.74527526526656	0.153260053915354	0.405883077095605	0.447734722165789	0.0789182943350167	0.438590449104839	0.351777090130741	0.144522004695919	0.355811266754639	0.755705951505369	0.331882934552473	0.719845421140553	0.420620282239033	0.888702863855113	0.579644024176912	0.116274929188851	0.505932150322645	0.327311171218433	0.285769521156803	0.70570593314817	0.424245363261279	0.54146518621163	0.633668423962309	0.0459941179686426	-0.425717195940376	-0.438838820662563	0.258529607209189	0.305465970823092	0.247815134065703	0.128588807122645	0.0168081486848188	0.515010850203978	-0.194809639245318	0.385194129738141	0.720268922822143	-0.316984969142962	0.154193200178712	-0.714185746945678	-0.235303848616015	0.120106098660772	-0.0213583068763033	0.38566861541703	-0.384137514501578	-0.286783956872949
CD3D	0.866008867658853	0.910514276626295	0.274993949193501	1	0.976218559031501	0.20022112111984	0.298834697186322	0.888332488324331	0.865108348411341	0.944229755590231	0.919974191618535	0.322377676588848	-0.0175805464782038	0.0684119041076161	0.947366244301659	0.671825122883593	0.582444080003051	0.85802729963144	0.867059016736171	0.917114259069129	0.781091454943446	0.779743238141069	0.518132461715054	0.634967782846384	0.678802004037082	0.309913758204626	0.349392193917928	0.782044748532763	0.965638641543607	0.805116456129136	0.853610627620638	0.797772727987965	0.862999766784949	0.846307551391331	0.869242474771434	0.941783675397476	0.789284479780627	0.961876945509009	0.722797641390716	0.56976629565898	0.796602682614245	0.821748863347199	0.365953558707769	0.649594622774722	0.782178772122617	0.715907839355591	0.802267561474882	0.408961057582398	0.821911572631669	0.952509714102289	0.432518317495802	0.709588189058348	0.454805779911742	-0.0067459139702135	-0.140722371108989	0.174306129717758	0.895119897014818	0.932805810337027	0.943366417777675	0.648545893289894	0.400941541725425	0.340563237449428	0.700798920131642	0.384312518155223	-0.164414057374103	0.899346487279758	-0.171012878859819	0.188639701084081	0.333866254544504	0.611148636755202	0.615109850529913	0.487059969570424	-0.118657162680472
CD3G	0.841972279862115	0.904006295777151	0.233020804967775	0.976218559031501	1	0.165934321252146	0.252888375991973	0.952605536884861	0.930882061630314	0.928397580628205	0.917135529122507	0.266856298347625	-0.0622923737323019	0.0511027941747916	0.94926725676669	0.635821511389306	0.555057650273856	0.827341902062208	0.818411227901861	0.942519645467337	0.775995384899573	0.766001880728185	0.443126803729277	0.712612269102679	0.600336436911971	0.283283623149048	0.308804902586066	0.696112563144236	0.971562380586467	0.758655515865033	0.924186888699486	0.813106757868932	0.858625646213742	0.850155465172363	0.813401996995714	0.922844338122398	0.848293322865	0.966677232861626	0.66755704399512	0.649334948844384	0.782447765108523	0.773492040230052	0.360504956568821	0.624898483239472	0.850954546855218	0.784305639578323	0.811347033974264	0.381596680140141	0.809964395015843	0.944531018009401	0.410720039672817	0.657922374530363	0.527780968253145	0.0710631290450093	-0.0626453708726606	0.177755737018902	0.931764525384478	0.969269800576411	0.967382932008137	0.656988046196622	0.317549819551846	0.451743007060944	0.673273556453148	0.393063483526993	-0.115099421430019	0.890259519672169	-0.0861370902546299	0.218258139858881	0.383411673672769	0.618588562436751	0.675011027888798	0.569919242275012	-0.0668354913957516
KLRC1	0.543733525464133	0.516374109354221	0.970957511993221	0.20022112111984	0.165934321252146	1	0.943980209159601	0.0987108507839348	0.0964270104421525	0.456391512964145	0.226661219456468	0.474656281459227	0.919775212962347	0.740045626327123	0.398823515720576	0.488693241852464	0.823261937686671	0.568018831285895	0.48209234609462	0.113890171126567	0.694673966555607	0.45805658924504	0.604116620169177	-0.314405368873369	0.732214250922737	0.827176319159859	0.669278717248215	0.638220752745309	0.174820096532062	0.673606548205577	0.0786397959676553	0.359308126924446	0.35806542718168	0.0791297309410946	0.397632791226375	0.247850944791686	0.121120384758833	0.30075954160499	0.691235237516839	0.230852354603877	0.672527574182213	0.428338735443605	0.831761999750178	0.603058774979851	0.0515070576573492	0.43158290876923	0.299701396795981	0.31344030781785	0.641099825552228	0.354088733037129	0.558937560516863	0.649295873742422	0.0119117180993884	-0.406810566695589	-0.404203644533088	0.252982136374168	0.235894720877581	0.201157193294344	0.0743197809367985	-0.0438822444630723	0.534882117112765	-0.183091738931925	0.314693190416637	0.724979930357619	-0.322203530743515	0.151994077746884	-0.690232342269022	-0.225376125381628	0.169529695146019	-0.0447230167034355	0.324647222273386	-0.376075907254729	-0.295722800603147
CD247	0.585518723876771	0.604475378103423	0.983766958513036	0.298834697186322	0.252888375991973	0.943980209159601	1	0.176439796860613	0.179479463240535	0.513496496628444	0.300737104387355	0.68513948033427	0.901569842464085	0.779646573691764	0.483434591434721	0.600252736276365	0.825097078029907	0.563633592339392	0.512282482907859	0.141396578223128	0.720043683172686	0.419369896887301	0.663413553650667	-0.267246391660564	0.772379907449531	0.868215617539401	0.659219186776173	0.659658559469143	0.241918828571104	0.758380147679693	0.165084287280887	0.433448230587333	0.497042360565154	0.0810015650355816	0.456795873947612	0.370177974616568	0.162056877982987	0.359984148452895	0.787311980938552	0.33311139334323	0.75108152983052	0.413208699097062	0.847708375075538	0.583787877986369	0.154655643601605	0.536317902407965	0.308435723826379	0.316269654592751	0.735419477287293	0.447992674566133	0.561369251092507	0.614167890063757	0.0719832212320492	-0.396711122120496	-0.430040252449003	0.264119877211109	0.315173151884928	0.258165501880061	0.143713058382194	0.0413731438571625	0.508201286964363	-0.205183166163257	0.418549182549804	0.704466830817675	-0.297202857315537	0.152193404970661	-0.709850544988596	-0.212035273683644	0.130071769693641	-0.0105104584180456	0.412122212029291	-0.363935742994501	-0.263439897138013
CD8A	0.748521345554234	0.848494225694976	0.164216354580635	0.888332488324331	0.952605536884861	0.0987108507839348	0.176439796860613	1	0.984986079068232	0.841870528669334	0.856131521966005	0.273956786947142	-0.145781089661162	0.0601959165343191	0.892651106354517	0.535091884733449	0.473045193619085	0.729263528485536	0.661128521984796	0.924146679117029	0.673188062387211	0.709619725751062	0.306072250678095	0.790504675559029	0.437444867981363	0.238132622127824	0.238518687915849	0.519176714251293	0.913320405339669	0.623239058815454	0.982534549195856	0.773475349756882	0.801507434150386	0.770112315778871	0.658949826232872	0.884261110792832	0.847779386140172	0.91220526353595	0.543689078945629	0.727441733529892	0.700208699533057	0.617587258750426	0.32122745844854	0.588969003442614	0.915418738075512	0.82059146044725	0.744643985526499	0.312382692353541	0.76133556158874	0.873435459556198	0.311426397834167	0.550654773911817	0.581479263502904	0.155345119696041	0.0052071063900033	0.136415852411051	0.931784248337607	0.971035164106337	0.953183172747936	0.642608298346646	0.193503841375808	0.545838954462927	0.618738093076083	0.330709684147776	-0.0693238470613778	0.792426873300332	0.0297064856519351	0.235694792253998	0.363637246497015	0.542809754428534	0.730173801083336	0.616395283041765	-0.0173548265299028
CD8B	0.7560389299226	0.837469478556307	0.158913248405811	0.865108348411341	0.930882061630314	0.0964270104421525	0.179479463240535	0.984986079068232	1	0.833872286662791	0.835372840447166	0.27490888497116	-0.132925153154664	0.081848299994251	0.873375850742544	0.482612659235698	0.466797917186823	0.732039768370526	0.634071735645668	0.911212564567987	0.641006572303758	0.707783332827473	0.301018142916177	0.792013915205206	0.411168957857003	0.244642945306201	0.213635954965679	0.499900803032006	0.908760166552925	0.586037626711881	0.968886341038915	0.784207829612347	0.824796282251482	0.77454882405215	0.635954430871013	0.856226049458441	0.854384368005345	0.889380406140868	0.549603679827568	0.672955918831463	0.699324914850636	0.587418961031535	0.284115054014782	0.605969818398798	0.907140700270761	0.831586664158233	0.70713118293506	0.29937810941557	0.770701830417785	0.842400471394646	0.293560582366722	0.554397911756626	0.572360998653651	0.177572659536491	-0.00348251203240744	0.122025248282062	0.939625939243443	0.959786668113682	0.947284115360406	0.627043342315224	0.206668226555916	0.519280750055601	0.613747311990762	0.301067180820422	-0.0723563236579043	0.784534051733688	0.029151560914417	0.215130081727005	0.348572396642265	0.496662411265313	0.754715119738693	0.632588086547451	-0.0185034307254605
CXCR4	0.931788286153736	0.949839688522512	0.504347149133123	0.944229755590231	0.928397580628205	0.456391512964145	0.513496496628444	0.841870528669334	0.833872286662791	1	0.923079527177099	0.365179056733309	0.239378801017431	0.279510548196254	0.967204951183258	0.667895351891256	0.747944643819352	0.934060619508594	0.89771841742518	0.85740390881881	0.905159040725481	0.825846835162125	0.648186327297373	0.501844977038408	0.770383481940955	0.525461341098307	0.490337839872079	0.889643661440599	0.945806022205017	0.881060268461677	0.798247592367551	0.856766574891784	0.875643176834645	0.839411550038539	0.884931601245742	0.887349021389836	0.798949964980112	0.971715299528484	0.85705147105182	0.557288240743232	0.910924349550086	0.851740222301176	0.558007827469569	0.78588041559099	0.737694520048108	0.780455223802188	0.834409003826201	0.4836303547722	0.929494757718773	0.945958503311718	0.535381698225331	0.86930967278051	0.457295830157377	-0.0746615124330934	-0.208812180598663	0.224161548049438	0.901477822951705	0.916234036750941	0.899402895808971	0.602642037954049	0.499993778002288	0.282484581254724	0.708559282676915	0.544288290889597	-0.215215412157966	0.892475632562998	-0.301357297642269	0.0940610559362102	0.381519891292053	0.537583846139391	0.681255683593909	0.382944804878953	-0.167479146148747
KLRB1	0.769263538589965	0.817245680029036	0.292267772166819	0.919974191618535	0.917135529122507	0.226661219456468	0.300737104387355	0.856131521966005	0.835372840447166	0.923079527177099	1	0.224122134950061	0.0034042012327109	0.0414135793709746	0.878006453424999	0.538284923680386	0.507727075466291	0.792412399109041	0.758689374086071	0.806473918868077	0.801465459051383	0.641228440812939	0.507317413875982	0.511417280186253	0.562355144693794	0.452143315238797	0.331553837311665	0.762330533528145	0.919287917304694	0.719699220058228	0.782946099376312	0.803334936107764	0.795076321007814	0.823052181538376	0.761405997550228	0.865021632320909	0.763986008639852	0.953836206498149	0.770471758706563	0.53163938335749	0.764065639881626	0.755361062157874	0.446483398579481	0.596257422876697	0.73400548676256	0.682723648898603	0.817677824482295	0.376277675490102	0.793088211566768	0.875297602582128	0.332956021180797	0.778472714926928	0.461509780063617	-0.0366595933422392	-0.145848261510258	0.104112962155939	0.893411467822289	0.900670535832638	0.91236042062647	0.675632604662904	0.223465605198058	0.305043867205577	0.601191388610096	0.361920162257951	-0.160408856089494	0.876333282181175	-0.147477491923169	0.0511655757055435	0.261472721144732	0.532993846040302	0.604842522096875	0.408156575979115	-0.120358915218221
CCR5	0.371167929490271	0.526903565341463	0.620661279607155	0.322377676588848	0.266856298347625	0.474656281459227	0.68513948033427	0.273956786947142	0.27490888497116	0.365179056733309	0.224122134950061	1	0.501010430222142	0.671484954409731	0.441490701304053	0.608515990800786	0.519656813391533	0.275855353633767	0.308321541983769	0.125535465253451	0.397328296395533	0.206440611812305	0.511068790036027	0.0292337338773438	0.50777041126487	0.568623695720694	0.496683967132853	0.362608705611766	0.236288873579437	0.572241052506287	0.330498772026463	0.42148407754868	0.487181854943845	-0.01646278529348	0.370279733370302	0.504900858556542	0.172826383394781	0.266515614281734	0.563683110234911	0.520371371383909	0.573353195035802	0.156412666834688	0.56201880292394	0.31989984299567	0.359898547394984	0.562326522971743	0.153697170754858	0.291455749608182	0.618035559095177	0.430375274083892	0.3743829667546	0.259525770548923	0.255977003456052	-0.10503636279699	-0.203443759053903	0.26996273585374	0.321489172586808	0.251231300025088	0.192583800429706	0.243268877451046	0.336543547305537	-0.0752124096232762	0.515870530541838	0.436201766864714	-0.0230727830120913	0.000263487307404337	-0.401219537081681	0.0621073639476826	0.0687241395521336	0.0953114528048483	0.498504958085246	-0.184460625190155	0.0157740532051306
KLRC2	0.37822929428775	0.32223465173875	0.896543721179803	-0.0175805464782038	-0.0622923737323019	0.919775212962347	0.901569842464085	-0.145781089661162	-0.132925153154664	0.239378801017431	0.0034042012327109	0.501010430222142	1	0.776838648499811	0.176149853932278	0.357889396085493	0.688013179837996	0.322031393893136	0.321373483685075	-0.154637936821317	0.516442905872305	0.239629929550219	0.533052475679766	-0.483890613875021	0.625365626947808	0.713001551843726	0.618343492860345	0.480705173055668	-0.0364802018962628	0.517928878512904	-0.160019396870618	0.173515154553806	0.219356710029599	-0.124820121770263	0.248115055918204	0.0298559460736393	-0.0557740273071534	0.0551343828934904	0.584191334878913	0.052093637098924	0.518952920182718	0.20522693060796	0.663790939496753	0.456281821881362	-0.109030689044373	0.272475143021176	0.0466936010972804	0.283491469248192	0.470028837343913	0.144088404172771	0.515567035007608	0.475740831075892	-0.0773836110850921	-0.388176043306248	-0.344670611317259	0.233259624408092	-0.0358122501814639	-0.0512631299973327	-0.157914776792725	-0.169271612255018	0.422296300184515	-0.323864859819978	0.166135597008604	0.618676085819049	-0.216902109343931	-0.0656078669597566	-0.661551585768624	-0.232409996996893	0.104153006266348	-0.185116987461884	0.154977000450311	-0.483768228180317	-0.207349049639844
CCR1	0.38454425474934	0.390675659657991	0.744958785887339	0.0684119041076161	0.0511027941747916	0.740045626327123	0.779646573691764	0.0601959165343191	0.081848299994251	0.279510548196254	0.0414135793709746	0.671484954409731	0.776838648499811	1	0.323313531662523	0.398267885341026	0.733604347975617	0.324998013643629	0.321571402438332	0.0234672908616814	0.459888335974714	0.34785747773163	0.669440274309856	-0.0976460005472272	0.559591192324779	0.582867229791809	0.735655730544561	0.359206293479993	0.0960381511962633	0.47445926741721	0.0824506083434761	0.418620704974559	0.25874917364068	-0.0136112168166783	0.334583587826292	0.137952328132461	0.235383911404676	0.147755548595537	0.523812501119958	0.385510289807874	0.581172565047549	0.199401902832671	0.599723173809334	0.527184890817385	0.230093837255253	0.490102284133427	0.239006751809929	0.615670214921654	0.543633556974716	0.293873418152588	0.682035218814873	0.409970873732022	0.361444029225415	0.0778420318204003	0.0260182937162668	0.556794304758125	0.150908345049268	0.132697356489193	0.00468303600140311	0.192735254700902	0.545054511667759	0.0581223467004822	0.496236231027803	0.700049248666301	0.16037342819039	-0.013477119296012	-0.384115612289287	0.203434261233553	0.445257138716485	0.140532730661897	0.531351078868144	-0.154563335515601	0.203995750787674
ITGAL	0.909527086497878	0.964835614692814	0.463820561667028	0.947366244301659	0.94926725676669	0.398823515720576	0.483434591434721	0.892651106354517	0.873375850742544	0.967204951183258	0.878006453424999	0.441490701304053	0.176149853932278	0.323313531662523	1	0.73048970076914	0.746094334838634	0.896189208730759	0.871961748101572	0.897068000674016	0.870943290857339	0.832254312563769	0.628476161203338	0.597209394966087	0.755407949989645	0.459162020614348	0.497231192013124	0.801279969134707	0.935483655396188	0.877259899513915	0.871225216416368	0.871052130839708	0.860608029701708	0.793061850242586	0.877448413728132	0.914610488932433	0.828620458618177	0.960906086708086	0.789472544803696	0.698484527592805	0.899815221312855	0.81134697447531	0.548952989249408	0.753634581582568	0.817878945350443	0.834884031542424	0.839960096895051	0.518477699043514	0.920713111243508	0.979140675859653	0.571817655477002	0.765246467497548	0.543112132524706	0.0221443604301622	-0.112796807554409	0.311883187781034	0.919317115667128	0.940997076420958	0.904534828983265	0.645278423152644	0.499296361599087	0.378954880464829	0.787614562357603	0.558831351292966	-0.113125819700325	0.83904747137847	-0.253492857562363	0.222044460503478	0.447878074901491	0.611015652321839	0.760220671722618	0.436140381252583	-0.0560103879145979
F2R	0.639192726271116	0.747961471238115	0.58111383689683	0.671825122883593	0.635821511389306	0.488693241852464	0.600252736276365	0.535091884733449	0.482612659235698	0.667895351891256	0.538284923680386	0.608515990800786	0.357889396085493	0.398267885341026	0.73048970076914	1	0.758053402772565	0.653294432416952	0.730265779595531	0.549951001482017	0.724521307046409	0.579810407854192	0.659481087655462	0.285266818868281	0.764794488667437	0.519595750830909	0.666206037392805	0.647687711885148	0.568775321315238	0.838461631767797	0.548068173089726	0.655145007890842	0.633045631230626	0.395862885812934	0.759007218340937	0.716884380036715	0.47622925002563	0.614253287962841	0.686734057881793	0.677773476751528	0.751376311741271	0.681094536023907	0.650027128900854	0.415123868861845	0.542535410612794	0.686078318583482	0.591005030648699	0.432956755854424	0.716628070176574	0.780586104759473	0.68053344127136	0.506518473286831	0.39650959580606	-0.0310454632834908	-0.0530877672671163	0.49078593528112	0.59483824268448	0.582477901673922	0.492690088797992	0.478837250685181	0.542806822945776	0.218582582720419	0.730275207564228	0.678334109712175	-0.000132470434039029	0.441978976727697	-0.391230867837899	0.349223744279103	0.381922913988113	0.558226250859773	0.620992978181933	0.0818988295244246	0.0456216386143536
ITGB1	0.822159098383908	0.804618246222224	0.820684608917831	0.582444080003051	0.555057650273856	0.823261937686671	0.825097078029907	0.473045193619085	0.466797917186823	0.747944643819352	0.507727075466291	0.519656813391533	0.688013179837996	0.733604347975617	0.746094334838634	0.758053402772565	1	0.822282514476299	0.804227261120363	0.542320864248859	0.856906294918733	0.791448056529355	0.811345831084609	0.184615770366925	0.894132430517799	0.661098681105566	0.8195392926737	0.789878839717116	0.580879125594619	0.862915921663752	0.457430279506785	0.713336476170265	0.649471232065833	0.475970547983184	0.76802024369201	0.562289006964314	0.571581253988114	0.638934358551062	0.806160316285516	0.531432781990864	0.889546759813582	0.724972123395302	0.735266587574766	0.796242453351066	0.500000239677675	0.721769843988835	0.657335615817379	0.632011392041363	0.847949174710462	0.737253390054704	0.848010172389561	0.78341268868467	0.414950955794297	-0.050636465748568	-0.111781564503953	0.543138442463925	0.566972017662834	0.592612476831152	0.472745947451415	0.399407387787548	0.734006160801503	0.208772053884147	0.699306990541898	0.841356757138531	-0.07176198613673	0.522274752483189	-0.497804516565357	0.230106347137358	0.550070548138544	0.424650152107771	0.671869455741267	0.0879692502196649	-0.0202957822287692
ITGA4	0.940801371567366	0.90974657396677	0.573981040508901	0.85802729963144	0.827341902062208	0.568018831285895	0.563633592339392	0.729263528485536	0.732039768370526	0.934060619508594	0.792412399109041	0.275855353633767	0.322031393893136	0.324998013643629	0.896189208730759	0.653294432416952	0.822282514476299	1	0.905555840684535	0.838938150966636	0.886073101080199	0.912981344272736	0.655262445521713	0.416661576174362	0.83248962301935	0.521575704547338	0.542755994098551	0.87758874976158	0.847000343334661	0.864523891257128	0.683873979926463	0.766438765664611	0.811243178958625	0.769080983324321	0.860722514403746	0.79032946404812	0.712770943317889	0.886059478730196	0.802679062857846	0.464440950095971	0.87969414669418	0.889164654678597	0.566745087214649	0.811885247937246	0.602582635081474	0.699173329097523	0.812032624437714	0.475165530576128	0.878259274596672	0.880075419413699	0.603058154406869	0.86446502777406	0.341748251641775	-0.122421600931729	-0.244815115614954	0.290572133970607	0.817456474108934	0.834172867051479	0.78351616481358	0.473154658581268	0.621484426270706	0.240963866543965	0.693786802191436	0.615087880392808	-0.258459599593918	0.837497710339485	-0.396086248623617	0.0949705351836763	0.395776443954698	0.490176540385335	0.6153475506207	0.302501699185348	-0.210710227955555
TNFRSF1B	0.915111456068311	0.880902720216774	0.490993311139478	0.867059016736171	0.818411227901861	0.48209234609462	0.512282482907859	0.661128521984796	0.634071735645668	0.89771841742518	0.758689374086071	0.308321541983769	0.321373483685075	0.321571402438332	0.871961748101572	0.730265779595531	0.804227261120363	0.905555840684535	1	0.782306812046362	0.875127518997333	0.873306294313496	0.710173324947894	0.434096026774245	0.893225853401492	0.404958236858571	0.621568158150915	0.890702562171278	0.840962008802593	0.892009928031954	0.620585845135982	0.763715860933307	0.779375861317991	0.775940261834537	0.946059230305518	0.768641974275318	0.724395506305132	0.836136979825639	0.797892282205265	0.456903590701644	0.872548686251918	0.928938097756232	0.459406507906178	0.737868872019606	0.622032372224065	0.663994004694421	0.780558966714216	0.615266642503306	0.816430672890542	0.89313019056038	0.719345982911612	0.818777286575164	0.419774374793433	-0.0194421224248886	-0.106177290679077	0.372527693145111	0.705392452719547	0.782335162359685	0.741259809087067	0.541141442826385	0.619536296119216	0.281214232057216	0.69060148548949	0.633545180412303	-0.121711042962913	0.838082897373135	-0.30976190744522	0.269483154718199	0.511195164153718	0.625674402184323	0.545961917445952	0.351165349544849	-0.081475383871492
CD226	0.821527146133669	0.846885545882256	0.139529780687983	0.917114259069129	0.942519645467337	0.113890171126567	0.141396578223128	0.924146679117029	0.911212564567987	0.85740390881881	0.806473918868077	0.125535465253451	-0.154637936821317	0.0234672908616814	0.897068000674016	0.549951001482017	0.542320864248859	0.838938150966636	0.782306812046362	1	0.671852480335507	0.861787598431619	0.369817814258261	0.789095694522459	0.551173004949437	0.131983825522039	0.27495944058756	0.610290499014451	0.930005760458257	0.658322785495448	0.902346154850489	0.743515476401002	0.767311752736373	0.850050846349754	0.767764235893074	0.844098241488691	0.844448768799625	0.910656132080776	0.515155605782806	0.590483245742848	0.686058550410789	0.769867666029387	0.239140247668288	0.663476643763722	0.824110884570582	0.709879679792151	0.792959368536259	0.38198502519038	0.717577737599403	0.88813527904002	0.422694655309067	0.609377266934949	0.503961922731727	0.146234250843059	0.00490152292016383	0.209310394713316	0.885667921946912	0.955458640992434	0.938800897730457	0.603677894921217	0.407619298028218	0.524730287570895	0.664483733159521	0.360142003338916	-0.0944537492147393	0.881868815075171	-0.019326374420717	0.309914473178323	0.446833418132731	0.623217683584819	0.64888379042809	0.648434498942113	-0.0442149324625082
ADGRE5	0.874616354763094	0.888139640862059	0.719089358093597	0.781091454943446	0.775995384899573	0.694673966555607	0.720043683172686	0.673188062387211	0.641006572303758	0.905159040725481	0.801465459051383	0.397328296395533	0.516442905872305	0.459888335974714	0.870943290857339	0.724521307046409	0.856906294918733	0.886073101080199	0.875127518997333	0.671852480335507	1	0.752641324584607	0.716184315908802	0.25233810941476	0.863130556029486	0.690339952922655	0.65413901991205	0.879398371677434	0.763404430531075	0.928157853869579	0.62176514184995	0.774685882508229	0.770947254421741	0.642120560083484	0.818477824969714	0.744832786404902	0.658844189014064	0.846736203625073	0.899421317417725	0.578680646738427	0.938178949284673	0.817698268684421	0.757261822510421	0.729865046058141	0.587798685275142	0.754606301871591	0.79561408822755	0.521904940368683	0.907073479319309	0.862239417463898	0.65224856896929	0.859961982770963	0.394552942805704	-0.171543134307841	-0.225555106244245	0.329958120456878	0.747400319773693	0.757341554442541	0.683922017808015	0.473983619819198	0.489682609342292	0.212839334478909	0.656105792152836	0.747863860857418	-0.198230480276584	0.72218127407879	-0.455968122155974	0.0421695091474684	0.405840816752783	0.468013891862161	0.627607038797645	0.146027228396891	-0.15356536421858
VSIR	0.905759013669555	0.85258142966797	0.4237805348855	0.779743238141069	0.766001880728185	0.45805658924504	0.419369896887301	0.709619725751062	0.707783332827473	0.825846835162125	0.641228440812939	0.206440611812305	0.239629929550219	0.34785747773163	0.832254312563769	0.579810407854192	0.791448056529355	0.912981344272736	0.873306294313496	0.861787598431619	0.752641324584607	1	0.556539137058593	0.55674098522763	0.780619479986481	0.278133294472976	0.550082575415693	0.737312920563858	0.799898509166399	0.748642550901946	0.677616207738475	0.692927045624165	0.711432799523929	0.745572610635505	0.806694996280598	0.69823708732291	0.735692964359647	0.792896509474346	0.622916295026622	0.459459362966501	0.779488882134453	0.837117655394344	0.358596798902926	0.849035628442972	0.655917314612915	0.658663627201949	0.722957106567292	0.550389860097658	0.767274241219474	0.823005301146216	0.670177796233675	0.759725634255486	0.398599534991666	0.048441733635823	-0.0725027164683236	0.336944546086909	0.705880576455072	0.810010667230779	0.749336593598551	0.446154488665932	0.683120455532696	0.380526104730234	0.682135768766146	0.585907662111251	-0.149783595989923	0.794784221512908	-0.23487363943035	0.299211366325163	0.541976950036404	0.531484142987022	0.58838012491612	0.445606624852951	-0.0996892880154784
PILRB	0.603215244710117	0.605344603094701	0.648886225846766	0.518132461715054	0.443126803729277	0.604116620169177	0.663413553650667	0.306072250678095	0.301018142916177	0.648186327297373	0.507317413875982	0.511068790036027	0.533052475679766	0.669440274309856	0.628476161203338	0.659481087655462	0.811345831084609	0.655262445521713	0.710173324947894	0.369817814258261	0.716184315908802	0.556539137058593	1	0.105896581582819	0.775022332251366	0.626906653509394	0.849918379857193	0.759331404713077	0.51048530493853	0.747847690095185	0.277733775600561	0.747306148218034	0.513002680174021	0.466666068150288	0.786618689613419	0.465737267618128	0.545630513057076	0.541397969186078	0.790024303593731	0.463881922604005	0.769945421326931	0.686347583335673	0.651030538419413	0.581221478785754	0.407279623382268	0.563127534746626	0.70190582138118	0.793618775431389	0.690448747372864	0.646045795752102	0.834132866607151	0.728757676800078	0.540819749269375	0.157514182236068	0.0946787277907339	0.697460688621719	0.485692805164097	0.455088394807012	0.373258272621043	0.615770863488979	0.696009212800301	0.202054318558098	0.771311454364207	0.74951459335679	0.220682432358423	0.485071573874507	-0.334721786752545	0.348546872401058	0.581723774270033	0.607368387836084	0.638565435744514	0.0905332942197966	0.266916183767281
TFRC	0.451040635859246	0.512460858341107	-0.292663054618367	0.634967782846384	0.712612269102679	-0.314405368873369	-0.267246391660564	0.790504675559029	0.792013915205206	0.501844977038408	0.511417280186253	0.0292337338773438	-0.483890613875021	-0.0976460005472272	0.597209394966087	0.285266818868281	0.184615770366925	0.416661576174362	0.434096026774245	0.789095694522459	0.25233810941476	0.55674098522763	0.105896581582819	1	0.104207696680703	-0.264869338762105	0.0709868353416981	0.139166576501407	0.717315204631426	0.230476367964189	0.819823032683982	0.587090645827317	0.528045688599215	0.701536378350717	0.464227875080392	0.592277210154588	0.796752875734041	0.605936511434417	0.100092797931649	0.572454683939473	0.359699362843569	0.391181377267722	-0.147807939253785	0.334927722627025	0.847942183568927	0.587567405415747	0.553521607877875	0.361722171172636	0.375935431797297	0.613379004847636	0.257884406472548	0.180423755169046	0.679519898398386	0.600716630129463	0.403024853915319	0.238963453626007	0.66858876356569	0.745428796342054	0.764439995072873	0.639027474991139	0.150758863155148	0.780117545381559	0.498496502641373	0.128076860198002	0.249768769960751	0.643235888537665	0.49889779087221	0.591223326945353	0.543265840937425	0.666778641124205	0.606241749139269	0.896672411194519	0.290510085955881
ITGB2	0.84736735918951	0.818466440674581	0.750987122294925	0.678802004037082	0.600336436911971	0.732214250922737	0.772379907449531	0.437444867981363	0.411168957857003	0.770383481940955	0.562355144693794	0.50777041126487	0.625365626947808	0.559591192324779	0.755407949989645	0.764794488667437	0.894132430517799	0.83248962301935	0.893225853401492	0.551173004949437	0.863130556029486	0.780619479986481	0.775022332251366	0.104207696680703	1	0.588406826434562	0.730942931392371	0.881652484091472	0.604217575958511	0.931557033403936	0.400184307531995	0.631542371291117	0.663522288251273	0.487478623957585	0.833041851125801	0.628135539009741	0.463464197714818	0.655582643093882	0.833992509291716	0.404597897591158	0.863304834191152	0.813137526297109	0.640419304713434	0.733473021417898	0.396626700517452	0.576636627310247	0.611688834138019	0.563690404071462	0.809199069190039	0.758535767980638	0.757107806760925	0.779763569469283	0.226586211146782	-0.225742411271227	-0.279694494426444	0.389371245205492	0.51888946001674	0.570432812378577	0.482138289108225	0.332898980454945	0.704142863360222	0.0279701234743626	0.660857089147326	0.710600137631607	-0.211467700284327	0.578869125267055	-0.585748632209117	0.108007523768953	0.386145054726295	0.417446342026547	0.46170355185419	-0.00203970567650521	-0.16627739215029
KLRF1	0.444235170483904	0.518717547854035	0.886485825210028	0.309913758204626	0.283283623149048	0.827176319159859	0.868215617539401	0.238132622127824	0.244642945306201	0.525461341098307	0.452143315238797	0.568623695720694	0.713001551843726	0.582867229791809	0.459162020614348	0.519595750830909	0.661098681105566	0.521575704547338	0.404958236858571	0.131983825522039	0.690339952922655	0.278133294472976	0.626906653509394	-0.264869338762105	0.588406826434562	1	0.591879339238479	0.626622068255768	0.267482442633977	0.65645551743647	0.204986614236811	0.511287505192494	0.448743778602226	0.129166764553484	0.400603436371452	0.415548873164808	0.186473219604803	0.401532746487964	0.799720937822956	0.362096466934323	0.681374438474197	0.420290945137095	0.911644887101763	0.411765895672017	0.161358448388114	0.531496598385129	0.386086817190137	0.233951881279247	0.684668651886457	0.419108034841088	0.387349609019506	0.658240847615472	0.128725479416524	-0.359687312737096	-0.381420729170267	0.199631523847346	0.438235864742601	0.3062423793257	0.197604108306652	0.172739900867836	0.323842641769492	-0.172147362807123	0.378034768669297	0.625476124481844	-0.25070490953058	0.186153160688914	-0.609859031085908	-0.280130790693479	0.0175943892063705	0.0184091026714444	0.458634290705109	-0.367085923770482	-0.222497670742405
TNFRSF1A	0.505787366833889	0.522715578831974	0.664874116406017	0.349392193917928	0.308804902586066	0.669278717248215	0.659219186776173	0.238518687915849	0.213635954965679	0.490337839872079	0.331553837311665	0.496683967132853	0.618343492860345	0.735655730544561	0.497231192013124	0.666206037392805	0.8195392926737	0.542755994098551	0.621568158150915	0.27495944058756	0.65413901991205	0.550082575415693	0.849918379857193	0.0709868353416981	0.730942931392371	0.591879339238479	1	0.590962257513866	0.35379539802346	0.641748993485043	0.22000337705846	0.638109675726518	0.361020982697531	0.301245026999201	0.655817182666424	0.364550672682836	0.456885176256736	0.380693100330543	0.659132098204665	0.502037513131936	0.681152385702096	0.595536058772974	0.637421612076461	0.500718720552172	0.378892032993703	0.560963804103198	0.569770823748077	0.787818523369538	0.586416102907607	0.528819569471061	0.897272208576751	0.637324342223948	0.54336851810928	0.191297616046139	0.247370887509742	0.752775166857916	0.33011573248652	0.358558978414097	0.219648212996174	0.523213237803045	0.616168926737854	0.281079799378988	0.658291474183385	0.83630066660808	0.323252906272827	0.303473861201113	-0.326715238265873	0.47067247545917	0.644516669495328	0.510172891961311	0.608149919094291	0.0232071391115549	0.350477922750388
S1PR4	0.85441427647438	0.816111765141221	0.662800177509519	0.782044748532763	0.696112563144236	0.638220752745309	0.659658559469143	0.519176714251293	0.499900803032006	0.889643661440599	0.762330533528145	0.362608705611766	0.480705173055668	0.359206293479993	0.801279969134707	0.647687711885148	0.789878839717116	0.87758874976158	0.890702562171278	0.610290499014451	0.879398371677434	0.737312920563858	0.759331404713077	0.139166576501407	0.881652484091472	0.626622068255768	0.590962257513866	1	0.744913418315805	0.9008730215933	0.461147793994556	0.698072348043408	0.709749274192949	0.684269742978645	0.868257359237175	0.707328096775721	0.539113034507507	0.793735864421267	0.895997125558547	0.297848009929244	0.851465120903168	0.864905231059886	0.62445838763154	0.758634242310661	0.407166137703781	0.534984258881727	0.703780388050683	0.487388544497463	0.831930288906665	0.787770695759022	0.581112540283442	0.922340225756181	0.216468884191735	-0.2850724446749	-0.356561881638837	0.216628059641233	0.647161935186342	0.65799723259035	0.6406803522461	0.413685451078666	0.631091158376363	-0.00279180553560657	0.598020226703336	0.586808255318885	-0.315646485156393	0.761278650974991	-0.508406510562175	-0.0482824313417805	0.283770818311784	0.412362537992143	0.43707996571711	0.0738978680934928	-0.284740931425444
TRADD	0.863908438744385	0.886560109595431	0.222008652670868	0.965638641543607	0.971562380586467	0.174820096532062	0.241918828571104	0.913320405339669	0.908760166552925	0.945806022205017	0.919287917304694	0.236288873579437	-0.0364802018962628	0.0960381511962633	0.935483655396188	0.568775321315238	0.580879125594619	0.847000343334661	0.840962008802593	0.930005760458257	0.763404430531075	0.799898509166399	0.51048530493853	0.717315204631426	0.604217575958511	0.267482442633977	0.35379539802346	0.744913418315805	1	0.734170998514192	0.880889660574643	0.846476374606612	0.855600222004619	0.918210305257163	0.847970071520777	0.887899334099699	0.889362140142421	0.965839233691146	0.692459459075658	0.563693521758025	0.789871768234485	0.801061902603635	0.311861544868245	0.693936391587552	0.841187456172039	0.756080020549689	0.829672964519859	0.470504557298424	0.815802006701836	0.929606381575982	0.455826684794175	0.737509655508188	0.558417192457794	0.124522053119893	-0.022363949181213	0.212028860240931	0.914072280797413	0.958190686356585	0.976922597832149	0.700548271196987	0.400617825169056	0.453076462689911	0.685376332511015	0.402354156590202	-0.0782103615538439	0.939619547221084	-0.0617707194285927	0.251226596551407	0.444971703498174	0.632013467280221	0.684268457548654	0.613621088908744	-0.0339987264085256
CD53	0.871645197868272	0.914930796627659	0.74527526526656	0.805116456129136	0.758655515865033	0.673606548205577	0.758380147679693	0.623239058815454	0.586037626711881	0.881060268461677	0.719699220058228	0.572241052506287	0.517928878512904	0.47445926741721	0.877259899513915	0.838461631767797	0.862915921663752	0.864523891257128	0.892009928031954	0.658322785495448	0.928157853869579	0.748642550901946	0.747847690095185	0.230476367964189	0.931557033403936	0.65645551743647	0.641748993485043	0.9008730215933	0.734170998514192	1	0.604313164273049	0.725487731079395	0.79397109071256	0.58163669634376	0.864554579972734	0.793233571086012	0.578829199150124	0.800553518785105	0.88589981929549	0.576528381594892	0.928535977703236	0.813535135616601	0.738387750702628	0.709712954751688	0.546103555524867	0.727657468441788	0.710777118708639	0.469859455279904	0.905430036519751	0.875160318177368	0.665170006918422	0.780306004355602	0.319833066642259	-0.228847119112069	-0.306847106329473	0.327680625198659	0.701593257020076	0.707910196727452	0.645239894220659	0.418742534685559	0.614850189874231	0.119661317676193	0.704461855604349	0.713495239232462	-0.246830612129566	0.662100865123904	-0.51958582135564	0.0563658671352876	0.346765552982717	0.461794950538392	0.579446493496261	0.0941156251198573	-0.201370190151823
