""	PARD3	EGFR	TNFRSF1A	CD9	SDC4	THY1	CD47	LRP6	ITGB8	INSR	AR	PTPRA	CANX	DPP4	NRCAM	HMMR	SLC16A1	ADGRV1	ADCY1	TFRC	TSPAN12	ADORA1	APLP2	CADM1	PILRB	LPP	TSPAN5	CD99L2	SMAP1	SORT1	TLR4	PODXL	SDC2	MADCAM1	TNFRSF21	NECTIN2	ITGAV	SLC16A7	ROBO3	KCND2	TRAF3	CELSR2	SMAD3	TRAF2	PTPRS	NOTCH1	LTBR	NOTCH2	ITGA3	CXADR	PTPRK	TSPAN10	LRP4	TNFRSF12A	EDNRB	FGFR2	GPR37L1	SCARB1	GPR37	JMJD6	NCSTN	LRP1	MRC2	NT5E	TSPAN17	ITGA2	TNFRSF14	RACK1	ITGB1	MCFD2	IL17RC	CD44	CD81	ABCA1	AMFR	CD63	ERAP1	TRADD	ADGRE5	SDC3	ITGA6	C1QBP	SLC1A5	TSPAN14	SORL1	VSIR	ADORA3	CD74	GPNMB	CXCR4	ITGB2	TREM2	PLAUR	CD68	HLA.DPB1
PARD3	1	0.805655645694319	0.762084212658783	0.785287962405639	0.583844365216343	0.758753014311301	0.796364843778147	0.778330167826364	0.85228067487173	0.484874470698915	0.722147030972596	0.779167981885118	0.806831924376501	0.71277950891781	0.785956109638391	0.683294660943618	0.777796411799787	0.835871101860804	0.765454467235271	0.404916957188269	0.832676295964417	0.760404048362114	0.786998034041787	0.772449272137101	0.821416452764078	0.758710018377886	0.824622067100454	0.575189507518698	0.728278042352687	0.768281508116666	0.731799784728977	0.485815289556181	0.818498312589164	0.685397080220037	0.858262495136102	0.600877261086812	0.770502215876935	0.793866949168995	0.810972844734951	0.766076605338369	0.576675599910575	0.836799783795835	0.80284134261461	0.589466595985761	0.483469513850614	0.77691158504343	0.732980702696151	0.688466511678407	0.796017755615098	0.662605250211205	0.515282170883994	0.625135129739894	0.820894450609755	0.597989516193821	0.856330722000615	0.751222495040673	0.749861694645415	0.607029510913927	0.774575226877019	0.736867471505793	0.867377380684506	0.803109065839135	0.716515358235224	0.794896513342673	0.715689415589445	0.801040019628525	0.262212220221843	0.640050932089789	0.625074330815033	0.774543550511373	0.829828389602282	0.625857842068549	0.423350203396131	0.660483310732873	0.411336709345603	0.795820428611465	0.636218655071331	0.20580514367238	0.0975879181582399	0.656195519451911	0.764704919007851	0.809340357615405	0.686778234925392	0.304627043594528	0.514868129945416	0.0369788747449652	0.00604990199266947	-0.107670266015566	-0.13698187311835	-0.465759284585915	-0.177133643642266	-0.09310778859364	0.0116830707664457	-0.109905140996728	-0.101623490299512
EGFR	0.805655645694319	1	0.955091249494111	0.965045242548084	0.883817086114441	0.928704288226926	0.964300301815339	0.919621583473326	0.986039102944845	0.811460897601595	0.955797110843451	0.970032714551042	0.987129547973251	0.751468782720101	0.985857469129394	0.889427909779134	0.963775849921522	0.769702458233347	0.949176685607023	0.628577006319578	0.971149944577964	0.973959950823308	0.962806871165587	0.982270879240412	0.986961412745655	0.946488172837031	0.959233963552046	0.831842297686463	0.803684272344515	0.975564796105041	0.697743947992771	0.767584077278824	0.961592994074877	0.904700491971639	0.9370220491396	0.815225193546562	0.959616189127613	0.894515483441729	0.986254196718885	0.970475152197159	0.793486710820971	0.979122872323144	0.975065480774287	0.889868584057111	0.83402671293395	0.941435011048659	0.851670763138565	0.909228112102613	0.922853015304622	0.761767964672688	0.611187725695825	0.669029981384239	0.801773994939877	0.892946030107201	0.865102968107792	0.832153107643713	0.928066225462734	0.821202906754951	0.861745791590199	0.869550479141572	0.935843399506579	0.962342295901733	0.962410690311796	0.968393110500502	0.904305044218556	0.84468014456167	0.598999536920799	0.867948758719531	0.831540296109693	0.826156572027434	0.887770756858853	0.851815971390202	0.582805304847884	0.851901847693973	0.624049191350838	0.961589011626887	0.910039605730634	0.385956752772846	0.231355683111192	0.887307760291857	0.937062701804014	0.94296472138735	0.548628790744224	0.599811430220603	0.735089279741215	0.132539674073135	0.0180361391741373	-0.0767508238849821	-0.0789385945662761	-0.421887577399696	-0.143804387683613	-0.0608470829416322	0.0812913160793333	-0.037131835841527	-0.0636036667327264
TNFRSF1A	0.762084212658783	0.955091249494111	1	0.903994845204345	0.895843896594316	0.929619664141148	0.944489980553717	0.960221900040471	0.961507127955895	0.874977445299603	0.948392104530172	0.981895506362266	0.968287119850132	0.710222619112901	0.977448066642873	0.883521551556161	0.901697462995729	0.674862584477558	0.929338077889316	0.720974382745502	0.906925102679601	0.968026513806561	0.965895314510451	0.955972791855549	0.964666690920773	0.983397986259924	0.929696058481779	0.928234262261951	0.838163031739896	0.960651882347862	0.767515283078375	0.891378840626722	0.912392074086151	0.862527318507897	0.884008339300082	0.906610301539596	0.989338722598658	0.77908109223734	0.972780286982644	0.957161655373991	0.834936930152252	0.945566535150925	0.966171939188986	0.837022678370144	0.891476695962842	0.945422092134762	0.957446759578912	0.964759441024612	0.874057022723011	0.889322978856179	0.694336139183788	0.522325478040145	0.663272124058677	0.942452497434194	0.777415450118379	0.76882224031857	0.912240541464227	0.761236944205088	0.883698930761464	0.898031365356824	0.930422424423615	0.972785615895371	0.976359548005627	0.981325028967462	0.981969645736294	0.854828669923484	0.746789875591008	0.89088989219637	0.932679014864897	0.86376572326994	0.796429874598564	0.854667080938261	0.765419125016004	0.93916442787344	0.763341048495744	0.978084182644915	0.961732171348581	0.562703170763191	0.371047208798113	0.967502823530106	0.988539497981601	0.971224862265868	0.561382081267182	0.779895654271561	0.87877839002778	0.357495674119496	0.228205395976214	0.153782129701753	0.0825872334403522	-0.30864809658358	0.0913106399989968	0.164088022409497	0.316616843995109	0.192899025574701	0.168425201950381
CD9	0.785287962405639	0.965045242548084	0.903994845204345	1	0.904059406264059	0.813068465270247	0.888102190674844	0.829832137470991	0.928095502022641	0.770066752052645	0.854740973810281	0.894953610557353	0.965696370735805	0.618462185185929	0.927179453038042	0.831910903450713	0.988330224416011	0.694899826059647	0.841778511623619	0.728658244959532	0.910358791356072	0.90692308561374	0.904542489232706	0.914896334979668	0.936620831337662	0.921491224701815	0.888729792851873	0.760308495234115	0.727010165082329	0.897826064681507	0.605144624586508	0.718452141045629	0.959981157067422	0.827321334574203	0.850593424008667	0.754694651010068	0.88996955728257	0.869101700463325	0.955206668881852	0.884578581765762	0.815883933252666	0.912551880799386	0.913845107518082	0.824119002957794	0.729338954286493	0.853528393438873	0.806196171806106	0.843398238317026	0.959804861226601	0.735796490839454	0.621584582370793	0.683817964950086	0.825256073002059	0.847822717966923	0.809673096333224	0.721712296637969	0.81034419381158	0.923488302220119	0.748664068255968	0.860104851024392	0.875004753043398	0.95132494114136	0.907277134501151	0.909495544157026	0.842112361443272	0.723278070826891	0.529327315537603	0.900331586072621	0.787293118524078	0.840413356788113	0.843208843750007	0.8139825674364	0.560128672293575	0.847503518327084	0.545808308501348	0.878741527429127	0.831192290161967	0.370383709622891	0.167709379789234	0.794570056764369	0.871924919306419	0.863767005122302	0.646816379967759	0.54874272894084	0.675052152433422	0.146114206121794	0.0478028563807407	-0.0485923406694728	-0.0402772959390517	-0.35809989653448	-0.116939287847703	-0.0359262228319677	0.0940662363459809	-0.000131375230858163	-0.0331866366082132
SDC4	0.583844365216343	0.883817086114441	0.895843896594316	0.904059406264059	1	0.742734992646805	0.775974455652691	0.825636094995405	0.849580616314458	0.89669009042481	0.817545599254143	0.862522909108096	0.879653034045076	0.444201254993528	0.892347818181845	0.788566320297089	0.902416500909313	0.42572177746295	0.772386616950765	0.823904082429366	0.759008628446668	0.85814194405318	0.808248869460131	0.83452353303905	0.853276301069019	0.931779916281859	0.769965385706741	0.842843781581745	0.58056128185214	0.826090161683438	0.443865756578825	0.872409228519797	0.869487148175751	0.725542968454072	0.698454714853809	0.718004206844029	0.86134971025876	0.627152786505439	0.897454067480874	0.844196509700984	0.79847265044867	0.8207441585939	0.839962720136889	0.706859951914386	0.856722012738545	0.783555586973789	0.813145452904846	0.889626596630734	0.884512824687791	0.721899567684573	0.782876932501192	0.386632767415863	0.567579142916797	0.952191910778757	0.553418035548509	0.52074139582846	0.726021386867768	0.840110330512823	0.694626722026288	0.858537819031193	0.728406688889602	0.909626261687279	0.912898334636705	0.875276023376897	0.869116771515606	0.615372471428231	0.732582373927134	0.90652417248388	0.79760001864831	0.71443204372946	0.600687518207856	0.745377458273354	0.618499007837884	0.907994127771516	0.656316502414956	0.832973232825979	0.849717668895175	0.457617122066211	0.265740215266059	0.837591174392946	0.852498723473235	0.790589502491907	0.427450366963016	0.715170365967397	0.715919781019884	0.23921180988076	0.0744611982076276	0.0303069158141872	0.0801718796996161	-0.230049486247838	-0.0168443139594439	0.0256304561735247	0.200155754586813	0.110943473411438	0.05806271974876
THY1	0.758753014311301	0.928704288226926	0.929619664141148	0.813068465270247	0.742734992646805	1	0.975798468081079	0.955425101285083	0.954643538497082	0.757211036261475	0.970768742459623	0.965441807139262	0.921586035478028	0.878492480073639	0.951822226160276	0.873300682655265	0.819408318812465	0.813548302222232	0.976976339165003	0.439237512924595	0.945769991063425	0.951134734391683	0.957946772432262	0.966410123277745	0.953230772997662	0.882897323419237	0.969876859002715	0.862941865675353	0.869532315309036	0.974723554582339	0.815663794271354	0.755380526630075	0.86862852281113	0.925295894897282	0.949538875601148	0.847899636315143	0.964838089354994	0.842997979241583	0.91975501611434	0.972937603658773	0.723242256967101	0.955208499005733	0.964615851512594	0.884354839335263	0.858162974656935	0.96447623756767	0.85645734711998	0.898974952202461	0.763981328469109	0.76528583613905	0.525309296164389	0.597192534081825	0.686426440673995	0.845764899603448	0.872374394800357	0.907007995526339	0.987141699491066	0.589147074699947	0.948310333333825	0.785097965156365	0.937532403184193	0.887403526917449	0.928727972444689	0.945042920406825	0.907779360803493	0.948837774344199	0.621076133610335	0.733964571053068	0.844585610995815	0.776459568442095	0.874180150031193	0.829471465899075	0.619915938207217	0.774793463903697	0.717045585898922	0.979794504106442	0.916941281565726	0.419103187978852	0.339098495480536	0.922748022322579	0.946123595452232	0.97008284792139	0.443165982517847	0.630257696021252	0.773736598658661	0.16813395991973	0.0567610209143132	-0.0273562337193418	-0.110540743103336	-0.443038097883804	-0.0913239264394383	-0.00948969209946199	0.126010215553887	-0.0170624327697928	-0.0215018769208525
CD47	0.796364843778147	0.964300301815339	0.944489980553717	0.888102190674844	0.775974455652691	0.975798468081079	1	0.930034985553907	0.965981060853256	0.768436127177424	0.969735251893154	0.97356363616001	0.967761400203577	0.865145829607632	0.963946978328444	0.903551492685451	0.895674343279911	0.825912168167523	0.97421387472637	0.522651177595534	0.977032233350858	0.964118601944228	0.985892029525284	0.9836716209082	0.977555365746701	0.906148816365891	0.983259479982452	0.848684743736155	0.903579086982705	0.987191880231938	0.809132416749213	0.7322535688296	0.909747531198194	0.943396492819968	0.957295385376313	0.873537583185669	0.963764149413139	0.906418395060889	0.94597157974667	0.967777083147739	0.77509728896936	0.969220365538153	0.979064054431981	0.929390424310042	0.825804474021218	0.955140272480359	0.868132156828287	0.902983211676201	0.825459695015512	0.789717110585327	0.518521495695445	0.682932517937434	0.75579598450857	0.84666131068102	0.915628564345236	0.91259146751816	0.967923656608279	0.708059219555199	0.914390915362693	0.832832061727264	0.967297960944837	0.914784408886652	0.930406580894433	0.96015503853659	0.904513324404584	0.91614724447396	0.609955780238206	0.812794474701309	0.858334221043734	0.845027722918441	0.92105686105719	0.890448343813063	0.624097712462651	0.812117502440532	0.680911705452458	0.974713217533512	0.92226235325955	0.451562399785386	0.325278489160355	0.897497429032153	0.945572852846884	0.974009725089761	0.550309457630567	0.619367722867608	0.784279368230851	0.195443658796729	0.0949714703293999	1.29833248258956e-05	-0.0584084216676167	-0.395321116798554	-0.0651687708230358	0.0173004126039379	0.148189111053594	0.0151418267591502	0.00668402283669491
LRP6	0.778330167826364	0.919621583473326	0.960221900040471	0.829832137470991	0.825636094995405	0.955425101285083	0.930034985553907	1	0.956484101503743	0.823060721183627	0.933661435042642	0.966372411325129	0.919062409130212	0.78325410443587	0.959158231826684	0.859598119782755	0.832975686183717	0.715288052708054	0.925839162336268	0.564349944517177	0.893372098699415	0.938213066520643	0.926700941940688	0.933368374423075	0.94727026039702	0.941287008896441	0.939145241054282	0.909854668806811	0.820447452840379	0.941586153425235	0.776250365241803	0.847790719855862	0.89052772328563	0.864178499111378	0.891033588638663	0.829661679103404	0.973940178089692	0.748007432100785	0.935998297738734	0.962124979318986	0.754382749959562	0.934087929048821	0.952286488269201	0.798720254241367	0.881889773015666	0.946143146459819	0.914860880611941	0.938532316235827	0.832034771152095	0.814822391997955	0.695761152893637	0.489513116157724	0.63045651621124	0.905797922300392	0.776919227194942	0.807473418608694	0.932865072980251	0.616718588327061	0.94983885045779	0.846300568987965	0.91861154280545	0.92140816685316	0.95053965992216	0.95462885007352	0.960799996253961	0.920653075378558	0.677496955131875	0.788175604656384	0.875249631143927	0.801460515158927	0.779315621232099	0.799528576378992	0.684441056996251	0.860193414637709	0.773354823278254	0.975531274543136	0.908616348510074	0.465316962788054	0.366767351198925	0.949910965090479	0.973312513164415	0.960276298866724	0.47667315344371	0.703055476077116	0.797213585244929	0.231094254930836	0.0969076709885601	0.0292392798655344	-0.0521899632825353	-0.390175030834674	-0.0357969663417373	0.0369914431595568	0.189792478332015	0.0518027876490234	0.0416469100307391
ITGB8	0.85228067487173	0.986039102944845	0.961507127955895	0.928095502022641	0.849580616314458	0.954643538497082	0.965981060853256	0.956484101503743	1	0.794645826293264	0.957254422311108	0.979634600597961	0.972387703122166	0.788825814969359	0.989679726635345	0.873940274535632	0.92561384474416	0.803663278232914	0.95812036320176	0.57628872840494	0.969417632451307	0.973941229486292	0.96077213544616	0.978318830506689	0.987550246051289	0.948031898333759	0.971332138820731	0.842333705417103	0.814450345992877	0.9756770232676	0.746764929226563	0.77745841684961	0.951743367593939	0.894529499560673	0.957237896065573	0.810353986490703	0.973895582821203	0.871516875899587	0.983500680090847	0.981075222038278	0.764015731018333	0.985636487474322	0.978747961858316	0.847484728437136	0.830621286054382	0.962484062059362	0.872419507531673	0.913893429071316	0.902409477939003	0.777012272168658	0.635112768239572	0.625297141184072	0.793219766138823	0.885159147583078	0.871294696855254	0.854632979343724	0.950944633231129	0.746444141839549	0.909849838400705	0.865022194343896	0.955342118105316	0.961177703875817	0.962967558321814	0.974673344361448	0.920409095393867	0.897182811856722	0.591189893912234	0.825028505297666	0.836843423680918	0.820060059677285	0.882931746020187	0.827347281520948	0.594956636420974	0.84781130485656	0.651999317444019	0.981386135292536	0.90655128193425	0.379970980648046	0.255550257883127	0.908942918494368	0.957621502425781	0.963613175352272	0.544654664267588	0.5982250185142	0.73965323896923	0.126979896723572	0.0131176017130235	-0.0799196808932779	-0.102706870655759	-0.455709027036717	-0.147591066263927	-0.0644230007519435	0.0817979316085043	-0.0486763377200936	-0.0679282068483975
INSR	0.484874470698915	0.811460897601595	0.874977445299603	0.770066752052645	0.89669009042481	0.757211036261475	0.768436127177424	0.823060721183627	0.794645826293264	1	0.833222778529694	0.866320153278413	0.812259376750352	0.49754681210296	0.849966325853276	0.763737385448056	0.794613948282817	0.351223036359977	0.778532857776695	0.734330757169489	0.707254582112539	0.821543548629118	0.787770018655573	0.795770584564983	0.809000676378971	0.882493885243146	0.735582983322675	0.890083487200756	0.625195487674739	0.824271493936165	0.476773412432604	0.902146169631248	0.771021929399008	0.737231388166279	0.654688973123472	0.767249940734108	0.848033476769742	0.530355679712579	0.829160349124397	0.810082865909769	0.746989385424575	0.797331382799691	0.801888942755237	0.707850540345939	0.905685072436399	0.747593989572886	0.818969691822204	0.920702462344086	0.729747869764547	0.742124208395065	0.784813521958087	0.233290806912694	0.390869438652018	0.944408855884746	0.488931552882123	0.55316486330676	0.736841617181857	0.65920028196788	0.741095802091914	0.86101559223647	0.689657078079001	0.809280743440484	0.857475649712998	0.863816807801087	0.883929496114408	0.625505398522962	0.876355652303837	0.843776295085619	0.821618300328736	0.651455673061877	0.513290598549037	0.785246908500118	0.661867378117131	0.906340759412461	0.800586026412125	0.823971220069397	0.885686263603475	0.617697853941161	0.492203940850359	0.858787307922173	0.844730622718804	0.788656463301571	0.315358587128542	0.834827431025486	0.79550351789992	0.348951125640065	0.145550767337246	0.132795779496054	0.184923703964728	-0.0913548312847601	0.110367442663728	0.124152855374285	0.306675491944532	0.208196429733765	0.15593063248091
AR	0.722147030972596	0.955797110843451	0.948392104530172	0.854740973810281	0.817545599254143	0.970768742459623	0.969735251893154	0.933661435042642	0.957254422311108	0.833222778529694	1	0.979974268105629	0.938560990602041	0.802741429182702	0.970246209133041	0.907068642088287	0.869075439622785	0.736000093807282	0.989400083995269	0.526678654406572	0.944556417668782	0.972482436246791	0.957836849354596	0.976091416217641	0.957907395035615	0.908140442202911	0.945456677947958	0.870347206323637	0.82702537233312	0.986461087617	0.729626053763116	0.794790134841218	0.877484665285314	0.905600547336798	0.928039052875332	0.856955068788919	0.961742341159468	0.82733494097319	0.941666433658587	0.977843298292924	0.735739242718037	0.968109653689173	0.963777520323649	0.903164340420392	0.909222215520487	0.950612874382996	0.854674948868204	0.935916132680225	0.794955044933154	0.760216842852815	0.558111604298781	0.57035286818305	0.665985176892648	0.898057328281843	0.827312637427252	0.854432106741095	0.970217657088874	0.667059070514581	0.892022073264906	0.825151571596252	0.913235176693224	0.901687235625318	0.949255553283899	0.965534334248677	0.916559073323282	0.882651944819356	0.694213134905323	0.797474950403893	0.842662991152278	0.755575033165195	0.838728572406475	0.848236317938794	0.605558885830718	0.826382979181465	0.687094574085214	0.974858636570867	0.955681315623252	0.437798314491655	0.315678189356922	0.930740168407578	0.938157557850686	0.956024785558628	0.38683068406244	0.676188720256593	0.789156901677029	0.180606825061308	0.0510354404397169	-0.028795647219821	-0.0417704626695991	-0.395039418484865	-0.0838543273055841	-0.0104759898106965	0.133406989160754	0.00614719648223389	-0.0182491228419415
PTPRA	0.779167981885118	0.970032714551042	0.981895506362266	0.894953610557353	0.862522909108096	0.965441807139262	0.97356363616001	0.966372411325129	0.979634600597961	0.866320153278413	0.979974268105629	1	0.967051090197814	0.791310440119592	0.988222764663176	0.907707098884785	0.904439413545186	0.730296613589535	0.967860612439486	0.609897284849346	0.94375423759716	0.974180696074423	0.971321268383094	0.97570309190768	0.980895431304167	0.959386553968821	0.960891668328646	0.90938801994111	0.842981516789047	0.988616402758988	0.751715519442368	0.837455619013262	0.925267902076267	0.908110282223243	0.922562345737469	0.872214930756952	0.986765013200759	0.818055483895761	0.96773852356568	0.97975993602051	0.788874495859541	0.973661287804856	0.98062464766787	0.870556613307237	0.897279553464786	0.952766477996644	0.910354358412577	0.964208218791651	0.847458917664416	0.821466707412509	0.661215211099383	0.5433313741708	0.685194759239201	0.930504090695803	0.824542761632009	0.840524956496	0.951738067284228	0.71183568027684	0.923246936296848	0.890229941682056	0.938324574028338	0.944553650410253	0.967744493526065	0.989894697553392	0.957669507138632	0.890087658269984	0.714822788982804	0.848755011727537	0.889009244817766	0.820278386733063	0.833562849908475	0.869840995138918	0.666759496865149	0.893863130697582	0.750614495822339	0.990531537474795	0.954368272883988	0.494009655542009	0.37705719058231	0.94441186089466	0.975853395630473	0.974977631318867	0.49789681405237	0.708601312497302	0.81962193753586	0.231402716995826	0.0955753138915486	0.0177562292857305	-0.00676545632413781	-0.364258798369764	-0.0372142692840553	0.0293485643848419	0.187958457546046	0.0541328940669418	0.0300766852986418
CANX	0.806831924376501	0.987129547973251	0.968287119850132	0.965696370735805	0.879653034045076	0.921586035478028	0.967761400203577	0.919062409130212	0.972387703122166	0.812259376750352	0.938560990602041	0.967051090197814	1	0.749505187191164	0.974726444247928	0.899297961320634	0.965150995286834	0.758126603077471	0.930320482446068	0.685516459226366	0.957450618874442	0.962145567399958	0.980626823458883	0.973759844018416	0.985457571340777	0.958356847651019	0.959355966190427	0.861694832546285	0.85717456509693	0.970169098516868	0.752417161205502	0.783305243199782	0.958137895981127	0.903494248027525	0.918294371854425	0.869943569190833	0.966109912710639	0.887612833531415	0.981288629555818	0.951022952580786	0.850207283386079	0.9648487984212	0.97888223317578	0.891292885391561	0.816094831767358	0.933514363529292	0.897757326946264	0.920582419529836	0.914317593633437	0.828258006964033	0.624973901240931	0.67404607399242	0.783307204465151	0.89316956668557	0.86820342239684	0.820631443591133	0.908220437357029	0.837368174187014	0.860528718347432	0.893077290380422	0.948353901770867	0.974419415854764	0.954888286340858	0.971576231485952	0.926507784193807	0.849005912966906	0.628223212806276	0.903314154076294	0.881329927711959	0.891242298175508	0.888562249590417	0.883341824150123	0.669511777359537	0.884734612658554	0.678262101183544	0.961417362637138	0.918429982684493	0.474162855620662	0.286269475231645	0.894263142108572	0.951649086307692	0.957887453164942	0.63446333498739	0.653437190561797	0.793663055844165	0.245706769061625	0.139170370304578	0.0453561916356413	0.00854943665965561	-0.359000099765256	-0.0215551077952858	0.0582385105977431	0.200564598325496	0.080890994333534	0.0579152669178082
DPP4	0.71277950891781	0.751468782720101	0.710222619112901	0.618462185185929	0.444201254993528	0.878492480073639	0.865145829607632	0.78325410443587	0.788825814969359	0.49754681210296	0.802741429182702	0.791310440119592	0.749505187191164	1	0.757864444054487	0.735223465408491	0.636192090592417	0.844403767911694	0.839047550352177	0.127056857094159	0.848062422815631	0.765769587106146	0.816238780629731	0.810548453711035	0.80604317861118	0.664996918030239	0.879401533034595	0.677874721854101	0.847303014852172	0.829420682575257	0.78925780009227	0.445927240955239	0.729442093068502	0.867629123472652	0.864337149405918	0.681887452753054	0.776555475341322	0.816325440377283	0.711343023033274	0.81031952036259	0.563250079116752	0.801441882909492	0.812012124366841	0.796406187016808	0.603047964557969	0.801413808852285	0.654843788027319	0.678457121819212	0.54853286822986	0.577030627235061	0.280564330453363	0.62345097950331	0.638348688664577	0.576808203360386	0.880454038327906	0.945958844097485	0.864351332465319	0.380270077800236	0.885695336056136	0.61087105025202	0.840478514963304	0.658192133522714	0.693830426219551	0.749209719835492	0.692379334116188	0.903541133264993	0.404645952338963	0.521445692791292	0.668841495899719	0.664474975898056	0.847584155981212	0.736413909376876	0.412116514409024	0.513272207381808	0.575317718212503	0.804638218760771	0.718297197212769	0.350826128614217	0.433589563786246	0.686761710512635	0.754820052024619	0.82617739850029	0.454200726837813	0.387368333087615	0.565319352502591	0.0513255198890094	-0.0250903131219313	-0.114869976818392	-0.229874483758386	-0.331727520449394	-0.164131112564678	-0.107898443503849	0.00556380994201617	-0.150619948415598	-0.113751323786054
NRCAM	0.785956109638391	0.985857469129394	0.977448066642873	0.927179453038042	0.892347818181845	0.951822226160276	0.963946978328444	0.959158231826684	0.989679726635345	0.849966325853276	0.970246209133041	0.988222764663176	0.974726444247928	0.757864444054487	1	0.880712799188485	0.927740549898284	0.744080582891565	0.960738163636355	0.626877554277035	0.950994605138544	0.985631607038579	0.962644303666299	0.983330428698502	0.982856542353905	0.9643231451371	0.957111418270677	0.878061503593863	0.803229489165194	0.978564736970043	0.717684915409262	0.833000407607356	0.935742263716063	0.8964182407626	0.931293288191722	0.836285837235485	0.983536748899923	0.840503687399065	0.98547981331753	0.988077888777542	0.787826797001357	0.975155671729911	0.975541835114183	0.866793917185071	0.884781665969416	0.964090873007071	0.885790629178328	0.939738417808499	0.896829683673269	0.789812561458777	0.660483371316503	0.586073946782103	0.743408330474831	0.929031459027703	0.824561419903004	0.822672039514617	0.947904168305014	0.761601782544818	0.896026404576114	0.876674045157383	0.936787025356356	0.9639147459625	0.984263695488109	0.981374590470192	0.937811503826895	0.877069346041948	0.669670134659665	0.860185918199429	0.862453722417254	0.808606386115471	0.845193701014248	0.85580945641104	0.62968388119339	0.879460837297939	0.688052587307444	0.983768678462678	0.942186094579503	0.43886655379946	0.287798285509794	0.937695605098448	0.966640384770912	0.961406245199534	0.501259853250757	0.665404596796111	0.780125702372704	0.176893695043926	0.0435208706174065	-0.0365248706127622	-0.0485300912596686	-0.404854240283684	-0.0987370993628418	-0.0242538996643662	0.13187714108448	0.00566432931039912	-0.0208055808871842
HMMR	0.683294660943618	0.889427909779134	0.883521551556161	0.831910903450713	0.788566320297089	0.873300682655265	0.903551492685451	0.859598119782755	0.873940274535632	0.763737385448056	0.907068642088287	0.907707098884785	0.899297961320634	0.735223465408491	0.880712799188485	1	0.851929037711263	0.632575263726231	0.878992592377647	0.544074472855114	0.870095777943608	0.868032903502449	0.900467602377191	0.888016759371991	0.911291674290899	0.865110869817713	0.901012341009634	0.853615190398096	0.805117017937391	0.913725804481684	0.657740153038833	0.69321623847302	0.864148474141743	0.861530156550457	0.810366252556167	0.822472993224551	0.873795400136578	0.756509330345162	0.85812373902478	0.876143567845578	0.747313168888569	0.889549577434528	0.925070499781367	0.830799852994827	0.817301852293946	0.819873364453697	0.827116762535877	0.903414310863135	0.741523243734659	0.728902473213397	0.50846480950413	0.551106423040395	0.580668876674972	0.834956284457321	0.780951936167992	0.755962270007584	0.840861597371066	0.681859814755274	0.824296666277446	0.76759114325578	0.852364520087652	0.842819044422075	0.861656058061493	0.907179465370172	0.865980135181785	0.78718523411553	0.624153932346119	0.760326690934791	0.810764652914782	0.810402982393531	0.772007018228791	0.771529735038366	0.593889825430395	0.808630380137607	0.698302177708464	0.882613712657244	0.859800598387722	0.386760291936732	0.309027712609063	0.80964914232344	0.862758975957623	0.87220204865791	0.421279867080127	0.649088276711422	0.729488805932817	0.189135668874134	0.0929435443353338	0.0134074594539884	0.00978909149892808	-0.316578035865191	-0.0433589867752056	0.0250544448007688	0.144979875803682	0.0314910564149892	0.0138759261972716
SLC16A1	0.777796411799787	0.963775849921522	0.901697462995729	0.988330224416011	0.902416500909313	0.819408318812465	0.895674343279911	0.832975686183717	0.92561384474416	0.794613948282817	0.869075439622785	0.904439413545186	0.965150995286834	0.636192090592417	0.927740549898284	0.851929037711263	1	0.685640032324434	0.853811393912086	0.713919952723934	0.906522691037462	0.896291636887288	0.904603470272704	0.912671058684848	0.936114491268863	0.916184511211837	0.887179613642937	0.765478273125238	0.740678085431142	0.903953786307812	0.595398902999944	0.711971530405164	0.950859811135934	0.832858130194112	0.844025559952854	0.752774065096193	0.886094017288325	0.858138232704871	0.94961499922444	0.882798496389548	0.824019008843948	0.917572078187316	0.914748501512157	0.834761627509759	0.746454732435686	0.843878241302419	0.807462936150915	0.867782683333727	0.935494944879358	0.720685162541736	0.653451109157614	0.655118029768469	0.790208794607483	0.867110706754182	0.806787157036877	0.72331670392306	0.814942008337253	0.894113129715838	0.754609549328656	0.89043701930197	0.86086508297958	0.936429474075524	0.902087814058099	0.919650711710883	0.845911679039805	0.732650650905032	0.569338931854884	0.917098846817537	0.77753121065087	0.823837344914378	0.832711848759049	0.855330724083569	0.539868594871062	0.857566913790131	0.580367889245081	0.884039062366232	0.83290302287119	0.384536534870093	0.20581083888945	0.791105440170501	0.866242615948056	0.865121825892788	0.609166632927792	0.5516947708273	0.677702710763102	0.131483839408956	0.0202893194663117	-0.0670655385936672	-0.00802534870233846	-0.340027815260833	-0.126471646348189	-0.0611654145484094	0.0914717110150464	-0.0120349349093701	-0.0489705084738378
ADGRV1	0.835871101860804	0.769702458233347	0.674862584477558	0.694899826059647	0.42572177746295	0.813548302222232	0.825912168167523	0.715288052708054	0.803663278232914	0.351223036359977	0.736000093807282	0.730296613589535	0.758126603077471	0.844403767911694	0.744080582891565	0.632575263726231	0.685640032324434	1	0.79299525617726	0.182660449780181	0.868067162442857	0.761434515035059	0.797443680505734	0.810064548978923	0.791655080389771	0.641657227819321	0.85402370655952	0.474476339416626	0.775043896189197	0.779028785114435	0.811463955113884	0.363447069848521	0.735057595079214	0.755751329539798	0.906430602749364	0.615051641905467	0.740907977205738	0.915134833077277	0.756137256381646	0.76784234295391	0.560822684784331	0.812721392529572	0.79135143293755	0.736294739032676	0.434001745762105	0.828212539712964	0.600050113518344	0.559026242906316	0.662746378388922	0.556577318724029	0.229712407043958	0.831070707567049	0.884793812448105	0.480397714414375	0.955211758663495	0.904942556780682	0.837080459903568	0.527506791118468	0.749244824251303	0.570006380693667	0.864002122092075	0.715060691061386	0.691248341476251	0.704038323082098	0.61116913068022	0.866364820706589	0.164106793780407	0.512345671484987	0.584825093219545	0.701433066878577	0.947326253879646	0.679347064181588	0.355066217532965	0.468694407911479	0.344850950454585	0.772251112209066	0.617604747936148	0.140422387574461	0.0730300183955252	0.628086232197719	0.710888067681001	0.794291505418812	0.583861658134527	0.196332497072866	0.476444263067492	-0.0397016588794024	-0.0447193160473347	-0.167651967495045	-0.231545340355974	-0.482882935139493	-0.238423594132825	-0.139480221522259	-0.0781847746667577	-0.192086037322773	-0.176718648488584
ADCY1	0.765454467235271	0.949176685607023	0.929338077889316	0.841778511623619	0.772386616950765	0.976976339165003	0.97421387472637	0.925839162336268	0.95812036320176	0.778532857776695	0.989400083995269	0.967860612439486	0.930320482446068	0.839047550352177	0.960738163636355	0.878992592377647	0.853811393912086	0.79299525617726	1	0.466772955468572	0.95712793811903	0.967346929807549	0.954426771308288	0.975448744751106	0.952263350430079	0.8842876983939	0.952029082945569	0.832811921454562	0.84462403808456	0.979493274756992	0.758596648206312	0.747398676936032	0.870857609312882	0.906591112951816	0.957133620821714	0.831353942111932	0.951790553936157	0.859822428929847	0.932359885353698	0.975988163560659	0.708684941599334	0.969470778675278	0.960208747696446	0.89895193972656	0.873154140640772	0.954899370288704	0.834092346750305	0.903032136116415	0.788035157403574	0.739886764297606	0.523396089760105	0.61937619653869	0.707826517895108	0.859385846499407	0.866858148964251	0.884788771551778	0.979668710572287	0.639699038296866	0.900701968693459	0.811342849658947	0.927452430397928	0.8898844561994	0.928525875980386	0.949545115491398	0.889330970672664	0.908037623703953	0.628061269855749	0.770142259278963	0.812638896155003	0.752070932738252	0.874972336635612	0.838800730198004	0.56738094331315	0.7826415336307	0.642205131653978	0.972294062568417	0.927780839311986	0.393022032035351	0.276777227955082	0.909338566204586	0.924154341272653	0.958298496407171	0.406992415554731	0.61143697203964	0.753011168158832	0.137060135418873	0.0214636718417598	-0.066464205868026	-0.0782561901985029	-0.441076366467234	-0.124846056915543	-0.0468897703491273	0.0938596601200491	-0.0394450346315731	-0.0565476674243188
TFRC	0.404916957188269	0.628577006319578	0.720974382745502	0.728658244959532	0.823904082429366	0.439237512924595	0.522651177595534	0.564349944517177	0.57628872840494	0.734330757169489	0.526678654406572	0.609897284849346	0.685516459226366	0.127056857094159	0.626877554277035	0.544074472855114	0.713919952723934	0.182660449780181	0.466772955468572	1	0.474422398890397	0.612153817800128	0.616716970673718	0.572563386954358	0.603138442344933	0.768694766594532	0.49176493430415	0.670507828324399	0.48108543088235	0.561814070827734	0.409225550571055	0.788269428357324	0.633161643246968	0.425497289640495	0.40614034049202	0.696273501930882	0.645814842321154	0.39637691387121	0.689586801925515	0.535874971101928	0.802314080948941	0.549757826917586	0.598153575184342	0.487135726822718	0.587544483961184	0.546019342198392	0.754966088964143	0.690062517914799	0.719307995821662	0.78262525146049	0.707538428885783	0.272465014273339	0.380982142785009	0.74482332525681	0.321089517969046	0.217929855392506	0.416808014858278	0.819323979858291	0.382676368276833	0.754078381775889	0.533409085027525	0.751959367386114	0.682697528432383	0.646403364485036	0.721998623055061	0.341696995239094	0.684679170165509	0.869913329579183	0.755971056010834	0.720729754769846	0.379635052200629	0.619785384382997	0.770157846983184	0.852786898492472	0.558371984339072	0.583369280974627	0.662284402280016	0.653606407287655	0.289285406589773	0.663966888153706	0.663003623931559	0.593228839116317	0.587069337244211	0.755415317585799	0.744500534234467	0.622493996624519	0.512038715163344	0.488508034900001	0.435072578664856	0.107319011050709	0.447747031345591	0.481157075440872	0.58957632017801	0.56490611997405	0.511861800186964
TSPAN12	0.832676295964417	0.971149944577964	0.906925102679601	0.910358791356072	0.759008628446668	0.945769991063425	0.977032233350858	0.893372098699415	0.969417632451307	0.707254582112539	0.944556417668782	0.94375423759716	0.957450618874442	0.848062422815631	0.950994605138544	0.870095777943608	0.906522691037462	0.868067162442857	0.95712793811903	0.474422398890397	1	0.955756064907955	0.961076995058737	0.977012705060425	0.97206287708346	0.882051585186397	0.979893255265153	0.775747849150115	0.856111512637785	0.970078666177901	0.765585833850563	0.656147846367598	0.931764706053283	0.924645687563688	0.980004064270889	0.798537816098289	0.931205955584658	0.949823225398208	0.944586005746674	0.95635460272239	0.726296529253843	0.970873057829136	0.963504169822486	0.90495422106691	0.755873401815068	0.941468552709461	0.799720964008956	0.83988753631355	0.860960520289712	0.72190765428248	0.474633125911055	0.748718956851555	0.849967184400335	0.791343939707337	0.942543855754512	0.926982948669704	0.952738943287262	0.745288269686708	0.87988497912049	0.80313454188477	0.963937131047969	0.908678712623449	0.907040486033707	0.928815050519254	0.850327191736018	0.887518072722087	0.495856963747316	0.774800967378853	0.791275966821659	0.815232962409617	0.953629705436291	0.835882398277614	0.526539318422213	0.751038635564054	0.567432412993336	0.945220035822397	0.874127178683045	0.329201865303783	0.228477300138905	0.841158143113286	0.90767803848582	0.939787558624866	0.567559952109935	0.505514686688321	0.689727112529918	0.0814502287275531	-0.000532443380022025	-0.114382370885462	-0.148083532227167	-0.457852097157843	-0.185302113658494	-0.0928632501887422	0.0269834582348486	-0.0999554845962571	-0.108801685729094
ADORA1	0.760404048362114	0.973959950823308	0.968026513806561	0.90692308561374	0.85814194405318	0.951134734391683	0.964118601944228	0.938213066520643	0.973941229486292	0.821543548629118	0.972482436246791	0.974180696074423	0.962145567399958	0.765769587106146	0.985631607038579	0.868032903502449	0.896291636887288	0.761434515035059	0.967346929807549	0.612153817800128	0.955756064907955	1	0.967401558205942	0.989171208746954	0.969929066670008	0.947364989381398	0.953857288310834	0.864746222522104	0.821907265416354	0.97725209823748	0.748886428828907	0.823835349581469	0.914545739227801	0.890585322405909	0.941741601740853	0.863388149182435	0.978772626231387	0.859676845457746	0.976753707153509	0.984465476372373	0.783905464780634	0.966057375576407	0.970269925929254	0.888682609522256	0.871123022841431	0.974480322400908	0.876875106670214	0.908940370575946	0.874074389301362	0.807090561504842	0.58099146887209	0.63394534144293	0.755115577370077	0.894944196306567	0.839292805102142	0.844966516715537	0.95924624833315	0.765604529005643	0.876493531042095	0.840249378283597	0.945343475414391	0.952443471083131	0.972963656158371	0.957298193868761	0.92252782490115	0.871557330040904	0.659393261070822	0.840428221147692	0.87651779538246	0.817472008922802	0.864543109830052	0.847648433353082	0.653384897404167	0.851275825703963	0.642204930734019	0.975042330569605	0.957608077970952	0.458056599895546	0.283807303319416	0.943292885074825	0.961841711828641	0.963560473594323	0.504296108326124	0.679469178032333	0.802199462680036	0.230470414422458	0.109433684521407	0.0203444883866575	-0.0288105213776058	-0.367220497238802	-0.0455831058202989	0.0394296036729718	0.168744819655795	0.0562814001864777	0.0312111893636947
APLP2	0.786998034041787	0.962806871165587	0.965895314510451	0.904542489232706	0.808248869460131	0.957946772432262	0.985892029525284	0.926700941940688	0.96077213544616	0.787770018655573	0.957836849354596	0.971321268383094	0.980626823458883	0.816238780629731	0.962644303666299	0.900467602377191	0.904603470272704	0.797443680505734	0.954426771308288	0.616716970673718	0.961076995058737	0.967401558205942	1	0.981963221886669	0.978923669335908	0.936392067981741	0.97352452756806	0.874985520439513	0.909876414109263	0.98356093329834	0.839059396303151	0.779274658677144	0.918333659691776	0.921966777111281	0.93671920771444	0.921642784680668	0.976777746544357	0.890216237064063	0.960102812971559	0.955920590238608	0.835041697831457	0.964343148193542	0.983876614433848	0.913114418369227	0.820066511808672	0.956789515536919	0.914528570297652	0.91458090946329	0.838817115851666	0.862556061975868	0.550653589608544	0.67468077560241	0.749388978791626	0.862697600204305	0.894454691540632	0.878282867933408	0.944696017226696	0.761084630470795	0.893767098236818	0.855794289907428	0.96788760604302	0.947845358734122	0.945111974547377	0.964137574781131	0.933372099580414	0.902528671489165	0.650886800049323	0.850743350610929	0.912515596619267	0.891419490073187	0.906169196845983	0.889358126880466	0.718563854620998	0.860039104196431	0.715542891174832	0.973654971470901	0.9448685567828	0.521008501324382	0.352401670360749	0.92174374091988	0.964120463016957	0.982711088122796	0.616532003254446	0.690999758460538	0.84747816310617	0.312469427400429	0.214535115243935	0.118239306306334	0.0345082460404438	-0.337722047618009	0.0521205273941693	0.135369923998461	0.267465687416034	0.139063834670724	0.124280865178101
