""	THY1	C1QBP	LRP1	LRP6	CD47	SDC3	ITGB1	KLRC2	LRP8	CD9	CAV1	NOTCH1	INSR	AR	ERBB3	LPP	SMAP1	CD46	ITGB8	CD81	TNFRSF12A	ITGAV	SORT1	MRC2	TNFRSF1A	ABCA1	CANX	FZD3	RAMP2	F3	MCAM	ANTXR1	TYRO3	CD82	RYK	APLP2	NRCAM	PDGFRA	FGFR1	VANGL2	CADM1	CD63	RACK1	PLXNB1	ITGA3	ADGRE5	TSPAN5	TSPAN12	NOTCH2	TSPAN17	CHL1	GRIN2B	LINGO1	GPC1	ACKR3	NCSTN	CD99L2	PTPRA	EPHB2	SLC16A1	MCFD2	AMFR	TFRC	LIFR	RXRA	JMJD6	GPC2	PTPRZ1	LAMP1	TSPAN14	NCL	HLA.DPB1	CD74
THY1	1	0.966729944748572	0.892809692263169	0.920996084957346	0.924151973767639	0.876070552410004	0.901318383025873	0.914563604567144	0.907160157978763	0.89764070615269	0.883131782827141	0.934084663713124	0.756426039363317	0.891189184918006	0.91594628706529	0.907162959419626	0.957113735324865	0.81473767145131	0.85205071888454	0.899273287528193	0.754095528714267	0.852645248339941	0.891800122583604	0.703209675389291	0.857027579911503	0.618486002232172	0.927326210550705	0.905660661809673	0.907782108071708	0.787672417356431	0.924831240529475	0.889838628176432	0.883921826355355	0.883665015804952	0.913981827640876	0.889180888485838	0.8452465607995	0.952926464735396	0.931438144232383	0.869638074697941	0.932084037168476	0.898114092942893	0.954073293623267	0.88448137813428	0.750632598270399	0.86590617140742	0.852745651786017	0.930595220448292	0.874147098619696	0.860501976574111	0.773794365327639	0.784833058443656	0.890351973523229	0.830612603104887	0.860980115677567	0.784954845415738	0.891399712295939	0.852474501295262	0.910614717607249	0.911779368734976	0.902204549551258	0.887370289732025	0.826801000964624	0.844445073579078	0.857600552754261	0.85771882188296	0.884148662867674	0.913566470277228	0.908697017219348	0.782425153754244	0.952753513363902	0.448664504592392	0.137901783891397
C1QBP	0.966729944748572	1	0.891902820608796	0.92999634647931	0.9213824374028	0.88028185454749	0.890872381172015	0.894230717387706	0.89918402849338	0.907302207125361	0.905830235737604	0.938154801293401	0.743208455604904	0.899712665563466	0.920765175409593	0.911601609999755	0.962049056214707	0.815141543094627	0.845506258381613	0.912663565514535	0.756461769336477	0.855266041171403	0.886185050388356	0.685295044472834	0.846500270783237	0.613872664217859	0.932646536490836	0.90212351442418	0.921595566866316	0.785827203662869	0.919497316877556	0.906981714018616	0.880322392996386	0.884431250166217	0.913819900110415	0.870626644115978	0.843205306145047	0.929357506571935	0.929773819648261	0.883469778251684	0.931724763486848	0.904572677552048	0.977236188373889	0.897280524093948	0.750625473145147	0.865245961165111	0.851624401083107	0.909187135910912	0.868863053659976	0.864241186145902	0.764565901725548	0.781251468697784	0.899241775608751	0.834522199511454	0.85236587022025	0.78241928585453	0.893754720559008	0.841159901807417	0.925141668037552	0.920167752002354	0.904079750971802	0.89869847312334	0.84884767135402	0.856790717302441	0.875172607116928	0.836488763143926	0.890348211950409	0.90058294896074	0.911858863205237	0.777191520482763	0.958000023097013	0.455252372008745	0.139675714725524
LRP1	0.892809692263169	0.891902820608796	1	0.932037708784055	0.928183989845778	0.961942028455182	0.947165840780347	0.874002196667249	0.881095839769799	0.915770936496211	0.898363353119747	0.93288180005993	0.851653246161155	0.896293916670236	0.933019474605019	0.955219191108814	0.881878816257371	0.886556751050639	0.942611511145899	0.959324797776287	0.81520754565174	0.951003193001577	0.950704266020518	0.856415020024261	0.907075708135961	0.811890442307396	0.963605394249701	0.946388662192085	0.933955083723553	0.846278695631266	0.839075055896177	0.934316298313946	0.943909371189291	0.820297938590894	0.901223084966422	0.94095582209615	0.942154802334633	0.928958059351296	0.908459490150246	0.920219288884203	0.907241065787619	0.937143114784812	0.926769654502033	0.925018500884699	0.873610271635511	0.909860200877671	0.903361984303763	0.907428487470296	0.917859936038292	0.849058965145965	0.905264373886823	0.884455953363064	0.922844189221819	0.927161375520233	0.834435085035599	0.879165508468559	0.903967205415665	0.941156597917882	0.910000081448499	0.889379608203298	0.928627124601176	0.92181408623388	0.880369523390476	0.858154125886636	0.909219847709888	0.805030499641217	0.848575884970946	0.967287717568989	0.947716763239223	0.866599956464097	0.880538894767445	0.527442031247185	0.275034515594974
LRP6	0.920996084957346	0.92999634647931	0.932037708784055	1	0.908702717189015	0.916850906135861	0.9136337699191	0.878102351373232	0.897622294616831	0.887097648781622	0.876090286125499	0.947675505738866	0.833221306558745	0.920964697977307	0.920315138730022	0.932441598332031	0.908130566737318	0.881359947070366	0.901814000945314	0.928720614083468	0.753807962951924	0.908170564109423	0.92516697996161	0.779375357938151	0.84128618639394	0.725478623367034	0.948922863570274	0.945655974966249	0.919875109270863	0.798952953358426	0.878173544573043	0.91790904390259	0.923448138021378	0.855317881404514	0.915629991797984	0.922277455082523	0.89561293460507	0.932381359731999	0.911546367796517	0.917324810791448	0.939052608889217	0.898194084878896	0.931036266721246	0.917725296120501	0.811329973635244	0.873204877082292	0.89682433432279	0.914985240141507	0.909766042256456	0.834558602911429	0.837075269753082	0.836441861260357	0.922714144176695	0.878529942883096	0.873125751915329	0.852365452745178	0.898009767603537	0.895012553095233	0.935923304925011	0.921426306478619	0.920495700557859	0.898369417378889	0.858307959560514	0.849036104802956	0.873896232282272	0.815458736339737	0.88564466874687	0.945633824247471	0.925181791888258	0.81503085494861	0.937182065195021	0.450799126798827	0.16743339841848
CD47	0.924151973767639	0.9213824374028	0.928183989845778	0.908702717189015	1	0.947136078771423	0.938032449448525	0.89931387712492	0.893337883200131	0.93579175861869	0.900344580133086	0.928041539369604	0.801744302266043	0.896402125248365	0.923000650952734	0.955567264728942	0.909005759039933	0.836096937044928	0.919255810542278	0.939528528617304	0.842391898935484	0.923578271761487	0.926822565197361	0.816835668979247	0.92258152094394	0.731576297566123	0.957241770180428	0.925535736758707	0.933133891687275	0.847783921513939	0.877640152017897	0.919594571610702	0.91241443733326	0.848198929276057	0.921380097684516	0.941964284897108	0.920644255559415	0.952284076270892	0.919706442929884	0.89269317558164	0.903312933060086	0.967460221822423	0.934627002598491	0.902910635451028	0.861789871085651	0.899801324554223	0.890698727282856	0.92163700657961	0.880251034427607	0.869526850401682	0.886715048582918	0.879357752057259	0.915434157582151	0.926721729134963	0.85666966098553	0.845342398631408	0.912959866835297	0.931753242130094	0.898661166031141	0.891466967956517	0.92375394252617	0.916651656328689	0.833611022179738	0.895383766326006	0.890760463813769	0.818732555530269	0.844801375828505	0.942638830122391	0.955175897318168	0.831896097774725	0.887377548716083	0.443515080030063	0.160511465723161
SDC3	0.876070552410004	0.88028185454749	0.961942028455182	0.916850906135861	0.947136078771423	1	0.952011630842794	0.872489610113438	0.866952235201933	0.933511375496554	0.911765515849576	0.92681022621725	0.842084466548382	0.896147999612125	0.935704874421249	0.968784368151539	0.868293294046637	0.87292487812621	0.961480122217642	0.964744264872217	0.865397005372307	0.963033935694338	0.946932810501949	0.879601356090869	0.920311766241301	0.825741907296405	0.968480778490793	0.949460414149568	0.94264027186528	0.883817816561343	0.83665418636746	0.946320204212757	0.943171216135745	0.807777702673134	0.906008666323823	0.951365250722326	0.964946481884511	0.926111579663201	0.907218207702536	0.926017743101098	0.889639240086913	0.965907579277737	0.919034182775842	0.911090988930942	0.912338983871474	0.908215326020517	0.910593059636888	0.903358943272453	0.906480891120616	0.861125713830544	0.939109783649542	0.911516646698133	0.935184759458801	0.965744228295413	0.823959098057784	0.890499342512323	0.908089402137156	0.950764356824813	0.901556467552482	0.886831813943755	0.934543975338352	0.933217146109546	0.847279699486255	0.888240358301089	0.910328324696645	0.778641181735815	0.833658046637327	0.96689152026146	0.95733056904104	0.860053063507198	0.851471668601429	0.45835408322991	0.205289567773834
ITGB1	0.901318383025873	0.890872381172015	0.947165840780347	0.9136337699191	0.938032449448525	0.952011630842794	1	0.875952844112655	0.891889398613487	0.915235751356419	0.885347412933362	0.925151554305427	0.844465413325487	0.90091208262665	0.889081063394163	0.965719747532658	0.886245981160232	0.885835499336794	0.933321163948891	0.939243483318222	0.856485738393435	0.947755431435897	0.9476633775051	0.856673327974115	0.91587071099287	0.798767350579591	0.963303325671758	0.939813732584791	0.919497299736809	0.851799530176612	0.856891439224694	0.912311948622435	0.937862142259398	0.787385094140881	0.915080276085726	0.962935507620717	0.934965511487582	0.92522392904158	0.913057970612117	0.905534242132197	0.894459463808554	0.954208461672156	0.920514102537527	0.905196950431604	0.895635141237675	0.900179704630137	0.915052436299531	0.91611808285281	0.896056387068356	0.854819993084024	0.895086930200375	0.908798011914307	0.915115656058568	0.943385775167645	0.842590199591665	0.88347420443923	0.911031985633472	0.948763021305368	0.921314180828763	0.899397796015885	0.927757536687188	0.912987098998749	0.858387110924577	0.866768230408643	0.893573338721425	0.824301952028666	0.86423590299756	0.960230634495967	0.957847986402465	0.86057092118247	0.895163474453918	0.502829870804671	0.242505508530239
KLRC2	0.914563604567144	0.894230717387706	0.874002196667249	0.878102351373232	0.89931387712492	0.872489610113438	0.875952844112655	1	0.873556605916143	0.869500933718706	0.856093586471824	0.908421865875142	0.766734660519138	0.882863772177359	0.889991419856672	0.887297241200189	0.888294355138767	0.780230914112638	0.862503320809827	0.882335930173825	0.733336316605815	0.856189749213748	0.868007987984118	0.723368419798868	0.842647340759052	0.688431393180164	0.899008418056777	0.878000056063949	0.872158866704651	0.812242015123193	0.853811149912782	0.869210028761682	0.884632043717089	0.834626893035733	0.899874647136571	0.866036414213418	0.86101352822804	0.908186570356664	0.902572872145664	0.859545246088455	0.891588555951014	0.874708261633863	0.904902713825625	0.846711238699639	0.77051079598764	0.823689071778396	0.853466297846432	0.894053941490184	0.843858798350061	0.802912100854749	0.802019600998162	0.781143413890195	0.886273926723717	0.835714064181226	0.840588707104868	0.791070817737565	0.88312771029706	0.858128630319838	0.869746330717	0.863423735970828	0.888742152630923	0.85600307566458	0.777224132709988	0.814344308260143	0.821973009391329	0.81357071207986	0.820906144431468	0.899118475866484	0.888665293335405	0.762977161942744	0.867038699536939	0.38280972299443	0.0911093478536446
LRP8	0.907160157978763	0.89918402849338	0.881095839769799	0.897622294616831	0.893337883200131	0.866952235201933	0.891889398613487	0.873556605916143	1	0.862459473469946	0.824856689515736	0.907413680544561	0.775061041598785	0.857571281722977	0.87294136950333	0.895532617491567	0.914248254396508	0.823328873969767	0.860737961307363	0.887557950198817	0.717101744687093	0.863381680301354	0.873986287721419	0.721685376242042	0.848455729777798	0.679165123911623	0.90394711733865	0.877460382577402	0.871477338163528	0.773266027512167	0.873084324115044	0.867005944888944	0.873958290981734	0.82040431729371	0.919734084275344	0.88757591324877	0.852968423249293	0.908523359683234	0.904022648309744	0.875784059711087	0.909429839913454	0.867205187405867	0.90960571804297	0.901091544932962	0.766023781726407	0.844310285451052	0.871314141583697	0.882133440058607	0.858466259456057	0.804425778817087	0.778481181454313	0.798530189667915	0.892943982729156	0.824291058683631	0.849894320171854	0.798233374377781	0.855735169155776	0.869089738753214	0.901449448073457	0.879687732153489	0.880370315671097	0.874788749670177	0.806646097522626	0.811502721541906	0.872573538780012	0.824603845729111	0.858518026542566	0.894882152777145	0.885359991172108	0.805993469010389	0.890270687090433	0.467428348489999	0.176737336668345
CD9	0.89764070615269	0.907302207125361	0.915770936496211	0.887097648781622	0.93579175861869	0.933511375496554	0.915235751356419	0.869500933718706	0.862459473469946	1	0.940442797556267	0.900216067196541	0.752127855115129	0.891341927338466	0.903225593422497	0.928700027612166	0.88837663699281	0.832169479664161	0.884165365180917	0.919957487521868	0.809201863292032	0.901231241144404	0.89810758319327	0.789330014684168	0.910163522244036	0.711237793661939	0.947156719407139	0.906867685242077	0.903123841853688	0.838729567782174	0.851453334402589	0.90641508833075	0.890191732600978	0.81757450892716	0.892331036822617	0.902617930420165	0.898003380732285	0.915520071692371	0.908873824350102	0.87722950071388	0.882255217180066	0.941094523349946	0.94320159910282	0.875454223748499	0.834097175307008	0.866444125946827	0.874593613149926	0.875641744422936	0.862353346208243	0.855830639427837	0.857598582805499	0.828856067522984	0.885822066196618	0.901320121014627	0.81260109692514	0.822033091073464	0.882063631965018	0.89527330722493	0.870158012749304	0.915268258653154	0.898663350339641	0.887258697989387	0.823792487400385	0.88014909830218	0.924259090738028	0.771025450348577	0.814998336151113	0.910705325989677	0.923169815496542	0.794241436488717	0.862078348762817	0.410903818523307	0.141152028536451
CAV1	0.883131782827141	0.905830235737604	0.898363353119747	0.876090286125499	0.900344580133086	0.911765515849576	0.885347412933362	0.856093586471824	0.824856689515736	0.940442797556267	1	0.886937989900629	0.729089852681146	0.872121363461739	0.892674054418404	0.92016118947706	0.875241403443818	0.802771983507014	0.870381427699165	0.899467024411885	0.839321533667109	0.882388622770877	0.890577131468748	0.751520963628544	0.876243785313017	0.688386846072085	0.919187607190166	0.899972917805174	0.91008151815253	0.828582031791522	0.839796677469589	0.905224836925364	0.885511758514231	0.796560025304591	0.860481445649363	0.863470327711194	0.865309981843251	0.861977155321391	0.891045136008306	0.862880426232212	0.838380109669146	0.916606437210772	0.943979568101966	0.837819766367741	0.811577388283516	0.848050437696564	0.843702419280268	0.849641199467871	0.841045731538899	0.838044009028791	0.828002003332059	0.805783969425305	0.865544309148114	0.883161658168335	0.786279414841391	0.805119526100699	0.859431821183076	0.853410372938138	0.857701756749028	0.888876459734177	0.874270198208619	0.86878813801899	0.808423527879271	0.839085777199943	0.883679166184751	0.729790040648427	0.784522667927317	0.898027775831168	0.892078767492738	0.771952175970999	0.85921306988777	0.40492388652425	0.128528603908795
NOTCH1	0.934084663713124	0.938154801293401	0.93288180005993	0.947675505738866	0.928041539369604	0.92681022621725	0.925151554305427	0.908421865875142	0.907413680544561	0.900216067196541	0.886937989900629	1	0.794536870541893	0.935426751636624	0.932042779659593	0.944048425242476	0.923580537414735	0.857293676575045	0.897813746056479	0.953443310143733	0.760870614520465	0.912273313676377	0.935794054927852	0.769627849809396	0.863743217958348	0.729240041786052	0.956851132085698	0.936883742496602	0.929754946114632	0.855566246086005	0.910401722721729	0.947104920142083	0.927312408357152	0.852629588187363	0.934054338676731	0.919043733186861	0.907522354120389	0.94609709187964	0.944316342417619	0.935569516107028	0.94211408897841	0.918894242632765	0.946873286951732	0.904258859577671	0.803720327851265	0.884031264364388	0.89488371328584	0.922046842103393	0.897971423639857	0.852872535849425	0.848537158758019	0.846112973372751	0.953547016355512	0.889475909869948	0.877635495689425	0.846401584865666	0.897980617433897	0.894134524388614	0.940542122590944	0.903616093489921	0.925898703359904	0.921981927793036	0.864482982397307	0.882149102506397	0.875427553334444	0.844888932074775	0.875658255617233	0.941732211782698	0.934586321449035	0.836284466534964	0.917605756493888	0.468038856357933	0.168196097478467
INSR	0.756426039363317	0.743208455604904	0.851653246161155	0.833221306558745	0.801744302266043	0.842084466548382	0.844465413325487	0.766734660519138	0.775061041598785	0.752127855115129	0.729089852681146	0.794536870541893	1	0.782774334784378	0.772992261771853	0.836227145534389	0.753408201490648	0.795536521184609	0.850972220770894	0.809751316447849	0.705764501142478	0.845404840960857	0.848276119006204	0.809547511373952	0.74980049392156	0.767610228274473	0.827772358387974	0.850340721580935	0.812218926899871	0.682197658843687	0.704450249132773	0.789701628388769	0.855875632024669	0.685561215820167	0.782068045949024	0.855009868952927	0.825407736512752	0.786870564100329	0.756785452917211	0.816003647873751	0.774443547027717	0.790616578961792	0.767449391182331	0.805029395063917	0.807393856613011	0.767309128205797	0.843223999217364	0.795363632487944	0.804804570841019	0.713937448566014	0.807414355893002	0.788719828373141	0.785352428652757	0.837044610509961	0.73367812949246	0.803970335815686	0.8138970354949	0.87644036673603	0.804236653006574	0.794376230321617	0.81396893678478	0.81513809462415	0.746466845600414	0.690395008574413	0.779789105768449	0.712642396742405	0.739088736342883	0.862548838975428	0.826578095185748	0.777792553335793	0.777332521377843	0.442992957845416	0.219451404655019
AR	0.891189184918006	0.899712665563466	0.896293916670236	0.920964697977307	0.896402125248365	0.896147999612125	0.90091208262665	0.882863772177359	0.857571281722977	0.891341927338466	0.872121363461739	0.935426751636624	0.782774334784378	1	0.896540739680887	0.920081624881885	0.868511053481859	0.828745312887453	0.857433014409186	0.913769017612884	0.753388512624204	0.867413718594275	0.896003082977714	0.745552177541071	0.831312307067979	0.694037418898424	0.930047848934835	0.906985546763869	0.896812810477658	0.806493617605599	0.868602560674638	0.904577559936329	0.895658134064572	0.835158512616078	0.900448500013577	0.898862446620793	0.868751779001619	0.908292965045832	0.908801338182466	0.912194234108655	0.903213939410441	0.893310169089441	0.910745675623245	0.882637339429438	0.811055041583534	0.848342213653868	0.877801947560458	0.898585542972263	0.860455144468125	0.823476092646138	0.80973937418499	0.811957035032057	0.907439671350846	0.877014845522698	0.857286438907753	0.834026346794552	0.880716570813327	0.864609476731045	0.913067341497356	0.891402789117664	0.889280995965207	0.873383159690923	0.847419372151756	0.859370223931114	0.843622828488896	0.801996737521834	0.84115089744092	0.912242702681307	0.905677660268772	0.789260291102043	0.894596410378571	0.431204125322471	0.156659554921833
ERBB3	0.91594628706529	0.920765175409593	0.933019474605019	0.920315138730022	0.923000650952734	0.935704874421249	0.889081063394163	0.889991419856672	0.87294136950333	0.903225593422497	0.892674054418404	0.932042779659593	0.772992261771853	0.896540739680887	1	0.924796622973951	0.89861822721999	0.831451685335077	0.909533649268487	0.944818184772867	0.770652425719237	0.907381218459306	0.89527340056074	0.769228360186111	0.879752819595456	0.722864909205546	0.94456709205992	0.925671855968809	0.927291908529565	0.845900814603517	0.881528720705959	0.929309044606213	0.903090341427134	0.863504414810968	0.908031968903959	0.885938060912056	0.902867068135659	0.933522236536926	0.904040281250691	0.901843691162523	0.923296674552876	0.916061021956313	0.932834053182978	0.907452158969023	0.809548682848881	0.896373926049179	0.851178495676935	0.893455987349486	0.899993408702391	0.837039786264306	0.856233229716797	0.841065564485621	0.937079052604781	0.881679284240686	0.813577865893349	0.821263710090453	0.888918153062716	0.878677728429242	0.9065534779613	0.882489628161142	0.9141617731747	0.913089523826658	0.85245669188872	0.864838100681635	0.882607110648268	0.783250516618627	0.868115593596175	0.941289150741685	0.918793304329032	0.803271895252458	0.875979707155398	0.434948884798026	0.162312164602768
LPP	0.907162959419626	0.911601609999755	0.955219191108814	0.932441598332031	0.955567264728942	0.968784368151539	0.965719747532658	0.887297241200189	0.895532617491567	0.928700027612166	0.92016118947706	0.944048425242476	0.836227145534389	0.920081624881885	0.924796622973951	1	0.896531449181309	0.876675038660988	0.945618460120928	0.95720577846858	0.876132644838788	0.956351527227223	0.953926201474498	0.852228538280456	0.919659911633984	0.788401015954999	0.971320861397923	0.957483497653781	0.946483401007918	0.874484356623041	0.873886111104838	0.935681091693239	0.946917700739569	0.821359256893423	0.926147741232569	0.958148064275485	0.938686111427795	0.931341838197704	0.922933343138966	0.924238032618122	0.896336915435312	0.968243449478646	0.944085437922507	0.913022710534386	0.898491645889386	0.919097853653341	0.919604534802591	0.915664674474088	0.908116963630972	0.869695246345056	0.906798278473898	0.912653600422749	0.941094132304508	0.95606878172266	0.860130524652431	0.880747539950407	0.917374249287682	0.950406638599295	0.918431547724383	0.909707552345363	0.944505739108293	0.929278863250568	0.871895352605768	0.880691444392709	0.903351997564496	0.809618676183426	0.852910050312622	0.968765810371776	0.958010113507439	0.862573170874548	0.89695676756882	0.490258533895972	0.217649423690977
SMAP1	0.957113735324865	0.962049056214707	0.881878816257371	0.908130566737318	0.909005759039933	0.868293294046637	0.886245981160232	0.888294355138767	0.914248254396508	0.88837663699281	0.875241403443818	0.923580537414735	0.753408201490648	0.868511053481859	0.89861822721999	0.896531449181309	1	0.822716516136948	0.849687948376558	0.893614171856541	0.732363442698517	0.8491633625144	0.870063377766845	0.681759608736953	0.838651563563402	0.61784440402585	0.916896420517442	0.893203011906706	0.907765232738859	0.767367079407511	0.922529168848869	0.888927021920242	0.864998747446397	0.863424436727826	0.917687194482049	0.87302213587551	0.847506831830906	0.927349516830704	0.926945254542008	0.875858015213565	0.930945169752412	0.884751695362441	0.95955304693534	0.881047954670603	0.737798532923064	0.85607048449227	0.839052721270516	0.907077640342163	0.866865100911366	0.851083496250412	0.746625912715023	0.769919638274125	0.893402135959801	0.819058537464316	0.849493232225638	0.800691256771788	0.876720228226042	0.840720199609036	0.919094410320144	0.912961684934457	0.895113617867826	0.902462852581607	0.813159736202261	0.833199807045117	0.873396432549131	0.830511752408389	0.881872786799161	0.888970329399325	0.898956959609	0.78831791886268	0.943681605871038	0.460405057779276	0.143004648085716
CD46	0.81473767145131	0.815141543094627	0.886556751050639	0.881359947070366	0.836096937044928	0.87292487812621	0.885835499336794	0.780230914112638	0.823328873969767	0.832169479664161	0.802771983507014	0.857293676575045	0.795536521184609	0.828745312887453	0.831451685335077	0.876675038660988	0.822716516136948	1	0.867806295506948	0.87062049711734	0.738848492938443	0.875008860301223	0.867385555812094	0.803603728202902	0.817486426198085	0.748321182752881	0.895062319699153	0.876593822329936	0.846145714248033	0.767094732532468	0.789752741850217	0.841092088749167	0.868104872882509	0.733813721152765	0.836870512375919	0.879364498224771	0.865913233268983	0.854260375225286	0.835630976976864	0.867673078708902	0.851870616903062	0.857364427923188	0.844872790242304	0.839251124966457	0.806530728598436	0.843571427497144	0.826636400413544	0.847965830673641	0.863398211321964	0.782588845736985	0.817868415033976	0.820065840126057	0.855706858485408	0.847143065576397	0.779774005465618	0.839569467524355	0.827473406101486	0.867705668293761	0.864633488679308	0.843166106897805	0.853236484659149	0.841562657788315	0.809363170484642	0.788420140794351	0.833102658332692	0.758236318228411	0.802286845208454	0.885252875369922	0.869325914558747	0.796481772225192	0.837073164880468	0.488793518618383	0.256729765187618
ITGB8	0.85205071888454	0.845506258381613	0.942611511145899	0.901814000945314	0.919255810542278	0.961480122217642	0.933321163948891	0.862503320809827	0.860737961307363	0.884165365180917	0.870381427699165	0.897813746056479	0.850972220770894	0.857433014409186	0.909533649268487	0.945618460120928	0.849687948376558	0.867806295506948	1	0.934671491294721	0.85445898238728	0.959001947832661	0.924703710777971	0.884738113598982	0.907859698963921	0.839038076118622	0.943966933689465	0.929550498343911	0.923607260897893	0.854513429094167	0.81167103215453	0.915363335252422	0.945040402216852	0.765693570590389	0.892566175225857	0.943381159781674	0.951787241486181	0.901951723944577	0.880166623547828	0.902539995996917	0.860325852251149	0.940348300177921	0.883932315770987	0.903777915572465	0.906502449009165	0.8952856260021	0.89341108308	0.894160615696274	0.901093600492646	0.825498736500937	0.931355048078679	0.91365434419554	0.922327693983163	0.947155510748057	0.822859396809902	0.887547481394621	0.888637639944555	0.94467163716236	0.881095844508167	0.856128016579244	0.920074361779605	0.904210374404919	0.807244256165932	0.840430863700423	0.879623529034429	0.748153970064784	0.81653701280698	0.961561738360213	0.933943011116292	0.861093454697575	0.829488022446154	0.431410190039796	0.19273988867414
CD81	0.899273287528193	0.912663565514535	0.959324797776287	0.928720614083468	0.939528528617304	0.964744264872217	0.939243483318222	0.882335930173825	0.887557950198817	0.919957487521868	0.899467024411885	0.953443310143733	0.809751316447849	0.913769017612884	0.944818184772867	0.95720577846858	0.893614171856541	0.87062049711734	0.934671491294721	1	0.815903861828792	0.952394775532027	0.944972324032218	0.842558119620233	0.912435636782779	0.804680881779502	0.966008783276056	0.940119018891223	0.940556324370423	0.87346880047976	0.866391454969944	0.952781824847559	0.930771042881775	0.841491218499727	0.926179722686601	0.927964878721328	0.93950415122164	0.932130032103537	0.922479944189036	0.92965059441521	0.915720455887602	0.953383907936403	0.939470466855329	0.920867366054351	0.865196610389517	0.901857771270139	0.894456460593184	0.901322722341933	0.912861884588217	0.866566643852864	0.898801987694109	0.878570578273673	0.94855165257704	0.929925000554309	0.843148329194068	0.876410816801595	0.901150561238605	0.921720465142741	0.920745637047177	0.883024191190124	0.928038744437998	0.93213770918551	0.903790979183252	0.900324742010762	0.904444866949987	0.814119638572942	0.853324260799863	0.948086275844909	0.950042961001532	0.885836027777773	0.870556067543686	0.570587050141601	0.313194772038511
TNFRSF12A	0.754095528714267	0.756461769336477	0.81520754565174	0.753807962951924	0.842391898935484	0.865397005372307	0.856485738393435	0.733336316605815	0.717101744687093	0.809201863292032	0.839321533667109	0.760870614520465	0.705764501142478	0.753388512624204	0.770652425719237	0.876132644838788	0.732363442698517	0.738848492938443	0.85445898238728	0.815903861828792	1	0.841928617660846	0.821505441671949	0.79938776783052	0.868005339891426	0.712056696098676	0.84023368131702	0.817483298850572	0.843343222569957	0.795604675886784	0.724826315336916	0.793048400629588	0.831168986341413	0.627632253084449	0.766645805668853	0.858753895078491	0.836470977934202	0.760403941256998	0.784928502419646	0.756860512700948	0.688787691292203	0.905864998542141	0.796746661965166	0.753506621332187	0.876858566632151	0.82613583955254	0.797143363311597	0.784241807906398	0.745137314406003	0.790476370124947	0.824717022650817	0.842460374467913	0.779301304571461	0.907155157310782	0.697047433394638	0.773794720105785	0.785340155414252	0.846033123083211	0.744098150882797	0.730538078040884	0.804928688635772	0.810999717735147	0.72493168262465	0.768909595225379	0.760863675957917	0.641052495922701	0.690691896600382	0.846296478384572	0.850532605853749	0.751093854793024	0.723396088678144	0.372238538136086	0.1675670999913
ITGAV	0.852645248339941	0.855266041171403	0.951003193001577	0.908170564109423	0.923578271761487	0.963033935694338	0.947755431435897	0.856189749213748	0.863381680301354	0.901231241144404	0.882388622770877	0.912273313676377	0.845404840960857	0.867413718594275	0.907381218459306	0.956351527227223	0.8491633625144	0.875008860301223	0.959001947832661	0.952394775532027	0.841928617660846	1	0.936591012507589	0.894681008540846	0.917297322991929	0.871640112030234	0.954829420779439	0.939682300704259	0.916614487155314	0.855187073870893	0.819927242362712	0.922017210522449	0.934171173342106	0.758132280695756	0.899080960317441	0.944601695067033	0.943617556343981	0.902839689123386	0.874577954471076	0.898373402723798	0.866443655812548	0.946414699667054	0.901491465090799	0.890118858670804	0.886662259423737	0.890370106556331	0.903316066251691	0.876350046884699	0.912204307773411	0.838594745543519	0.935043516966876	0.901320142964216	0.928135953895386	0.943039957045328	0.811627222963153	0.883313887589772	0.884414675433027	0.94736906618359	0.890496674707758	0.869107302933155	0.922542906675214	0.914716816887081	0.859504520320835	0.853635951802686	0.894654105962087	0.765888971651853	0.803034024759097	0.954642470059049	0.946561836190386	0.877062710261216	0.8356515285047	0.527825006269726	0.292940697283669
SORT1	0.891800122583604	0.886185050388356	0.950704266020518	0.92516697996161	0.926822565197361	0.946932810501949	0.9476633775051	0.868007987984118	0.873986287721419	0.89810758319327	0.890577131468748	0.935794054927852	0.848276119006204	0.896003082977714	0.89527340056074	0.953926201474498	0.870063377766845	0.867385555812094	0.924703710777971	0.944972324032218	0.821505441671949	0.936591012507589	1	0.839855718082976	0.892506169232534	0.785875578398598	0.950915113467128	0.941361895293008	0.930423216526525	0.828268944848924	0.83908823477214	0.924206003298642	0.93375094054024	0.805818608378109	0.895266763985903	0.944257124260595	0.92616906363924	0.918924135579121	0.90101697881888	0.909046685221321	0.886597708514248	0.934356667514265	0.910110177922622	0.898131927974702	0.870125857477097	0.887998798447046	0.903229785210603	0.899129886202055	0.891385086619294	0.841170032009148	0.896147896545723	0.877616222433279	0.907002190277938	0.927955774135766	0.848734430383694	0.881827988659725	0.895058136095656	0.926337836585442	0.905714296095705	0.881152379896368	0.913940569839959	0.898543859253896	0.863815495999527	0.855928327749281	0.875765674420972	0.813807181149208	0.829871188224464	0.956207545191451	0.9369692078478	0.86162093724227	0.878313575042956	0.495658182079426	0.23818819270236
MRC2	0.703209675389291	0.685295044472834	0.856415020024261	0.779375357938151	0.816835668979247	0.879601356090869	0.856673327974115	0.723368419798868	0.721685376242042	0.789330014684168	0.751520963628544	0.769627849809396	0.809547511373952	0.745552177541071	0.769228360186111	0.852228538280456	0.681759608736953	0.803603728202902	0.884738113598982	0.842558119620233	0.79938776783052	0.894681008540846	0.839855718082976	1	0.837566555010021	0.858840413089352	0.840554290699772	0.835472063411523	0.797225619433163	0.761692354396966	0.662802970631828	0.784131251992749	0.853156832093734	0.621786423045717	0.752666005191159	0.867676930722048	0.888335527236214	0.794487720145776	0.751559847848495	0.79690015783848	0.716176827001367	0.853145457329929	0.738940549748381	0.782404528959077	0.866710896362587	0.798090409641785	0.812599617644125	0.769652736609064	0.821808438547215	0.716323798091577	0.904927127600067	0.837578085420138	0.799296727363688	0.889841966683831	0.724335256797241	0.827242701456293	0.793138529538693	0.900789951245387	0.762492001078197	0.729231277764415	0.802467605687745	0.789093823865339	0.733871372740792	0.739175953874481	0.777829725534022	0.626684829769939	0.681187031992389	0.86637147344646	0.855900270610354	0.816891427951563	0.673623631928752	0.488444807124944	0.324612684708124
TNFRSF1A	0.857027579911503	0.846500270783237	0.907075708135961	0.84128618639394	0.92258152094394	0.920311766241301	0.91587071099287	0.842647340759052	0.848455729777798	0.910163522244036	0.876243785313017	0.863743217958348	0.74980049392156	0.831312307067979	0.879752819595456	0.919659911633984	0.838651563563402	0.817486426198085	0.907859698963921	0.912435636782779	0.868005339891426	0.917297322991929	0.892506169232534	0.837566555010021	1	0.763975877965041	0.918034805126879	0.882046410387742	0.887787421022256	0.833664790729387	0.818168990442058	0.86709378695801	0.894756306250579	0.754852244438955	0.871834798441724	0.901165828059607	0.904652437810628	0.891137346475538	0.880744372497335	0.842883024278388	0.824688156533975	0.94743822079292	0.889166526248313	0.852301117274446	0.87471096515697	0.894253951407753	0.852488368536828	0.847463976112509	0.848974066778613	0.851297904344916	0.882251288150935	0.864119701334762	0.878202174683518	0.909850172625997	0.775495452908937	0.832619039441451	0.864930980855889	0.906410533050881	0.83410614008015	0.83023674927003	0.872398628173744	0.862831537023727	0.836487695232977	0.844798274576458	0.868575916656029	0.764190154160444	0.779794774290132	0.908591711392399	0.919166232179876	0.853589045062083	0.797736067011469	0.507489263878903	0.282181459574354
ABCA1	0.618486002232172	0.613872664217859	0.811890442307396	0.725478623367034	0.731576297566123	0.825741907296405	0.798767350579591	0.688431393180164	0.679165123911623	0.711237793661939	0.688386846072085	0.729240041786052	0.767610228274473	0.694037418898424	0.722864909205546	0.788401015954999	0.61784440402585	0.748321182752881	0.839038076118622	0.804680881779502	0.712056696098676	0.871640112030234	0.785875578398598	0.858840413089352	0.763975877965041	1	0.78835484923364	0.767154324801409	0.729429022907345	0.740647651724997	0.590911199235015	0.752482290894557	0.801656284445442	0.558371866858355	0.723757326413307	0.792036872155413	0.838733114585905	0.702500166023363	0.697016322962109	0.755918226924965	0.676240539017591	0.77445284250636	0.691741368176641	0.732261006591046	0.810843016649223	0.736931369543444	0.797370416224055	0.699867648711387	0.761005028247817	0.647744165038296	0.849080780806134	0.786471887031053	0.76243008575532	0.821485397382226	0.628299452638813	0.767049757426274	0.716025577165294	0.840597028488627	0.713317183157792	0.672989851789144	0.754485362497846	0.752430612457304	0.729677760795571	0.679174013076597	0.740964931518716	0.595015507395606	0.606023550513876	0.795489256809834	0.78698017409558	0.809675556391648	0.606167397905493	0.517952049137302	0.385564226639976
CANX	0.927326210550705	0.932646536490836	0.963605394249701	0.948922863570274	0.957241770180428	0.968480778490793	0.963303325671758	0.899008418056777	0.90394711733865	0.947156719407139	0.919187607190166	0.956851132085698	0.827772358387974	0.930047848934835	0.94456709205992	0.971320861397923	0.916896420517442	0.895062319699153	0.943966933689465	0.966008783276056	0.84023368131702	0.954829420779439	0.950915113467128	0.840554290699772	0.918034805126879	0.78835484923364	1	0.954095853387249	0.947173660467217	0.876742518537695	0.889168788512603	0.948885293501532	0.94690397118482	0.836998554205991	0.939031484384779	0.961731333839932	0.942221609441116	0.958116089777419	0.937151368807296	0.935290644618319	0.930760770429755	0.967236244418302	0.958204396062392	0.928378110310945	0.880920263626947	0.913732214128957	0.922352912753029	0.940978098991478	0.91903456038695	0.882553322909424	0.899816818844406	0.896483823164489	0.945777061386078	0.942886599816564	0.868917885044818	0.884256417495464	0.921518643345671	0.944794805487873	0.93864357125776	0.926094689779595	0.950977230625629	0.934666883455739	0.88318171888767	0.904255356167302	0.919344665608199	0.832908912386018	0.88114176081099	0.971852194634883	0.96762791118323	0.856361547434457	0.917664841376481	0.47406330595744	0.202404659508835
FZD3	0.905660661809673	0.90212351442418	0.946388662192085	0.945655974966249	0.925535736758707	0.949460414149568	0.939813732584791	0.878000056063949	0.877460382577402	0.906867685242077	0.899972917805174	0.936883742496602	0.850340721580935	0.906985546763869	0.925671855968809	0.957483497653781	0.893203011906706	0.876593822329936	0.929550498343911	0.940119018891223	0.817483298850572	0.939682300704259	0.941361895293008	0.835472063411523	0.882046410387742	0.767154324801409	0.954095853387249	1	0.931905545410374	0.841428990087378	0.85688309679835	0.924777315028431	0.927646751213564	0.815477318851525	0.905664071166272	0.935303579701488	0.924362998083055	0.9268225176737	0.902933171766254	0.923237576904137	0.905770660111272	0.933518522681513	0.927267099305355	0.899734822263098	0.855962536960195	0.898084928209489	0.900646508584482	0.903352577337746	0.900566044560372	0.840964319541143	0.884226132152269	0.876169166109696	0.926419749417844	0.918171520110883	0.858890534235399	0.860811671574463	0.912459848579103	0.921941462202918	0.9185001614519	0.910622105171859	0.928156539700663	0.910549061443914	0.850550211001114	0.851770521097433	0.891651366939767	0.799251324273499	0.858191528658135	0.961466999052773	0.938044193879702	0.839667867969109	0.897159070428445	0.463775718815455	0.187082684988212
RAMP2	0.907782108071708	0.921595566866316	0.933955083723553	0.919875109270863	0.933133891687275	0.94264027186528	0.919497299736809	0.872158866704651	0.871477338163528	0.903123841853688	0.91008151815253	0.929754946114632	0.812218926899871	0.896812810477658	0.927291908529565	0.946483401007918	0.907765232738859	0.846145714248033	0.923607260897893	0.940556324370423	0.843343222569957	0.916614487155314	0.930423216526525	0.797225619433163	0.887787421022256	0.729429022907345	0.947173660467217	0.931905545410374	1	0.829889797081298	0.879821758904173	0.928305769510439	0.919835111933617	0.834636179608318	0.906505297675871	0.92752276014988	0.921779873145766	0.914542435939285	0.911179882863345	0.907673571094058	0.894375776284294	0.944228963103677	0.938449843954866	0.902201222284347	0.847913584651636	0.893107573050377	0.887361665836026	0.899383798481553	0.885985251961448	0.857867482295269	0.866289025591861	0.863705217685641	0.927095428509308	0.92420005069092	0.849651678776558	0.845308875501434	0.893521958436326	0.908136493839226	0.91222523138356	0.880414387791797	0.906799595092987	0.926108289619421	0.831325946463755	0.855297085198814	0.893090080577051	0.790229671405155	0.838095904394867	0.942338095927536	0.934969948713183	0.824010116351926	0.887828024968769	0.434267216660418	0.150312048914996
F3	0.787672417356431	0.785827203662869	0.846278695631266	0.798952953358426	0.847783921513939	0.883817816561343	0.851799530176612	0.812242015123193	0.773266027512167	0.838729567782174	0.828582031791522	0.855566246086005	0.682197658843687	0.806493617605599	0.845900814603517	0.874484356623041	0.767367079407511	0.767094732532468	0.854513429094167	0.87346880047976	0.795604675886784	0.855187073870893	0.828268944848924	0.761692354396966	0.833664790729387	0.740647651724997	0.876742518537695	0.841428990087378	0.829889797081298	1	0.768352388658849	0.856009098935523	0.841761094886049	0.722302145087164	0.821974153872137	0.837292463978736	0.855832917873195	0.827950210289856	0.824431445914445	0.845073974254387	0.790259310072588	0.88081578452606	0.823336089140302	0.797429634284361	0.805780342226868	0.808094506885541	0.802295430702323	0.811903952134206	0.804994805602366	0.776097930144674	0.863847846997313	0.837979515649481	0.850295880349849	0.862087021766475	0.756541082856491	0.782660744655273	0.806330568849446	0.850072827989185	0.802089202234691	0.769077076963295	0.846029757206468	0.816359213879802	0.758121255212542	0.817644559681396	0.81494668176238	0.71505848034702	0.749600123877834	0.871350999719958	0.85773576072903	0.743808997324565	0.751681588374332	0.36926861032651	0.140455824519034
