""	CD3D	CXCR4	CD3G	CD2	KLRB1	F2R	CD247	CD27	S1PR4	CD4	CCR4	ITGA4	HMMR	ITGAL	ATP5F1B	KCNN4	SMAP1	PTPRC	FAS	TNFRSF14	CXCR3	ITGB2	CD69	SELL	SIRPG	CD47	S1PR1	NOTCH1	ITGB1	ADGRE5	CTLA4	CLEC2D	CD74	ADCY7	HAVCR2	TNFRSF10A	TSPAN14	CD86	CD28	TRAF2	CD63	TSPAN5	CD226	HLA.DPB1	CD44	PILRB	RACK1	GPR171	RIPK1	TRADD	TNFRSF1A	TNFRSF25	PDCD1	CD70	CXCR6	CD9	LDLR	MCFD2	MET	PTGER4	PTPRA	TNFRSF1B	ITGAV	LPP	CANX	TFRC	CD81	NCL	SLC16A1	RPSA	LRP10	SORT1	CAV1	LAMP1	SIGIRR	GPNMB	C1QBP	APLP2	ITGA6	RAMP1	NRP2	LRP1	CD68	PTPRZ1
CD3D	1	0.947919320341571	0.971734311219612	0.899288193104595	0.723489769524581	0.359179405225031	0.971082278833646	0.815955792841614	0.767760718844861	0.119141703931285	0.784758432319599	0.609789992777125	0.176695697777525	0.881188521425351	0.0523399591741169	0.0410667909751147	-0.033162765447507	0.67203138474706	0.512083895591052	0.469850468995265	0.939341815007511	0.0355403266192852	0.815777041211575	0.758418473142052	0.849426256284417	0.213778208550381	0.341864044234485	0.241970997815737	0.0286285741947596	0.369527623506736	0.982297004517909	0.918917387724603	0.354756759804396	0.0252827325073485	0.371468127917417	0.0670626338930504	0.677635678246995	0.0381196906622689	0.865952729207214	0.386714073851756	-0.260208148541316	0.445142710894682	0.476336017506248	0.454188118729817	-0.284675644981499	-0.106694507311929	-0.0273117029285734	0.491553661211717	-0.0856089057137801	0.618360957530072	-0.262659347812101	0.85977633785591	0.957981301245426	0.928539835098168	0.671068342720289	-0.34571553238392	0.434183971459476	-0.288868756273446	-0.534055370964396	0.503430304006294	-0.213585421039705	0.908076644811504	-0.130662995766378	-0.10520064125564	-0.443368408668271	-0.291925506194474	-0.143466622838157	0.0688829107313233	-0.45180298557845	0.128605332512973	0.359485930095769	-0.101347717078355	-0.410197333161322	-0.368662168450412	0.199370544810985	-0.540070740619375	0.0429542047251938	-0.388522985451827	0.0450518083707416	-0.055832677488383	-0.353384125923933	-0.562445995113376	-0.410282502525901	-0.058716559295491
CXCR4	0.947919320341571	1	0.921875675752886	0.914542476780793	0.779374020142305	0.294427034057704	0.940707773186239	0.832198694216331	0.665842180860526	0.0275523536516677	0.724787071564286	0.494140698001743	0.0792647220971963	0.860335698571725	-0.0500530287835091	-0.0617065727538098	-0.0524990656773919	0.617975673989319	0.520422719723397	0.482425819472568	0.884141581148906	-0.0517981720567934	0.893028488764584	0.753946469160407	0.869033116976928	0.101658529654613	0.212580401229705	0.130859878435706	-0.0261856339033967	0.303568291027769	0.911948131287246	0.943618045252106	0.349303151164506	0.00335120210653099	0.373632995709761	-0.0300276473711329	0.694635054746457	0.00580004276213307	0.836166723455899	0.251667796057117	-0.323980825049346	0.410707725936286	0.562358974768117	0.491653979155428	-0.362982924607497	-0.134307339980837	-0.113949040600809	0.619256162471828	-0.108849221238377	0.583656069703026	-0.30423753651266	0.859788706660867	0.923126807999953	0.889750395080986	0.784747963319592	-0.370489406765887	0.378560157902961	-0.333967571866609	-0.510809905911869	0.52861709066438	-0.22244801681423	0.866486395834507	-0.211248706013834	-0.0759290060425766	-0.514052865597385	-0.314224268009622	-0.213639194960731	-0.026425406901039	-0.472356757583014	0.0271485733624362	0.340448646167864	-0.138470141956233	-0.400972565295375	-0.442926915078965	0.190598720255861	-0.551512755311589	-0.0646303137284922	-0.44693652505289	0.0293692335812566	-0.0635476524260017	-0.40773646381699	-0.606432805038838	-0.481142992377805	-0.0268066897089785
CD3G	0.971734311219612	0.921875675752886	1	0.868817070298546	0.660171904218777	0.438143287368999	0.93453022101317	0.784851462076475	0.798183567536917	0.26486968330833	0.702676661989943	0.663695104302679	0.316805192994985	0.928639802019522	0.181670096360944	0.179552081761967	0.0876698888130951	0.762828425985647	0.565669174710995	0.535958400232483	0.918993953513077	0.17738205911152	0.760118768335028	0.745469838586738	0.851305726393701	0.328352971821304	0.274184776641815	0.298964981863127	0.156503111258811	0.50484232702155	0.933250923297754	0.878338555282266	0.408045025355503	0.154355407624205	0.451299969782608	0.191384289285605	0.768899093295637	0.113340842617152	0.866223837607461	0.464886073998816	-0.190017407721862	0.470519136213566	0.467778394511809	0.444774990982177	-0.178213246987924	-0.0398900300252003	0.0881922822471812	0.392157536908243	0.0145074054536233	0.694477946414612	-0.185366105048572	0.845824084392032	0.92868681393885	0.902573780333992	0.638778237240107	-0.335742784750609	0.500099402339692	-0.20373589958799	-0.557348694910458	0.58366538836515	-0.150259832436316	0.91652557785669	0.00714946126673786	-0.0333434699165726	-0.331816225087202	-0.195389829840702	-0.0160905577259224	0.211541239469052	-0.390875483053689	0.247104803124983	0.409548304247784	-0.0196602830303635	-0.362597388375732	-0.257251110708408	0.277789257674444	-0.477566126077954	0.174585967368601	-0.266703956392935	0.127569325842388	-0.0693828654569929	-0.230161053875204	-0.488234508310118	-0.300032517097622	-0.0678999110345455
CD2	0.899288193104595	0.914542476780793	0.868817070298546	1	0.819416844597808	0.187344773344852	0.927134374262767	0.952051051831256	0.431512587666335	-0.101134048753968	0.602926107357492	0.243105082689712	-0.0653522251151953	0.904321974931681	-0.236675848722681	-0.184338714832297	-0.263794378725106	0.476112875465978	0.4709929580289	0.446376677864297	0.727278673221195	-0.206066670581593	0.923629910237234	0.495600903186527	0.965239644061062	-0.131908845307593	0.104510040156685	-0.111572297245214	-0.17732883000247	0.140760730106211	0.842950295624995	0.932155166241039	-0.00716753406243669	-0.158445311314768	0.0400844725076452	-0.0714143300583971	0.597199970869259	-0.259931302043792	0.926281861867997	-0.00103917412813739	-0.523528380480544	0.217046497327971	0.306352892098188	0.123668445853183	-0.502578145168905	-0.333887745865426	-0.319423269639777	0.613695904429548	-0.323025136442287	0.420591133523068	-0.532265613359869	0.811172505167895	0.924471382103808	0.904172394573116	0.825028367016894	-0.476597174692243	0.167374130126364	-0.494446055828087	-0.476875611756674	0.247182703533384	-0.38744449951702	0.795608649725482	-0.356926288259582	-0.286921265310672	-0.656507795386054	-0.546073017532769	-0.402038411599729	-0.170380041079305	-0.506134140722305	-0.183561436435561	0.0983081167208134	-0.34942044725504	-0.438836934668981	-0.577202078521133	-0.0336782169319975	-0.497812341179116	-0.232758757892399	-0.613165755526333	-0.185565177428138	-0.199502855770901	-0.537157633462886	-0.726919234124344	-0.54693246966289	-0.153115000887114
KLRB1	0.723489769524581	0.779374020142305	0.660171904218777	0.819416844597808	1	0.104420927709714	0.691839654549213	0.730876389043508	0.288715303624693	-0.144360353384785	0.495139385445311	0.13119727057158	-0.197155057113035	0.599978240363241	-0.293093575953272	-0.260930003898766	-0.341993397977687	0.291112364097294	0.290019605884302	0.263525191882551	0.523269831753478	-0.326540821718207	0.947362891206534	0.612583673529728	0.738226637129219	-0.202742728524692	0.184837161788772	-0.23583974889074	-0.185420998589322	-0.0155254868689392	0.684067383390767	0.725120984499548	-0.0773549690758498	-0.226008459224454	-0.0328785557862026	-0.226792876981062	0.463446387033622	-0.302710150152057	0.586024304478551	-0.0712403736110977	-0.499784875239296	0.190736300634523	0.278296667349006	0.0802582603715761	-0.616053094788667	-0.399163557628707	-0.355566536292696	0.843880268228154	-0.358351559174362	0.362338416236234	-0.533710440781429	0.570301173910051	0.687653517217673	0.77857320003306	0.784627542011634	-0.430873189151927	-0.0998316401143846	-0.548179291911654	-0.428191865773467	0.102572130105234	-0.382900974782448	0.673324117507255	-0.403441842175996	-0.253626054515805	-0.689001473819283	-0.569538751393282	-0.486418128913991	-0.245455943835597	-0.535894684525372	-0.222510336606603	0.0751638997456407	-0.289410999149286	-0.383571884242947	-0.642060487830398	-0.162602623267579	-0.564005903810834	-0.278505062171485	-0.640427218899577	-0.219962692031128	-0.143237881099086	-0.575014443425619	-0.717156746938217	-0.602868683798939	-0.0951211887779699
F2R	0.359179405225031	0.294427034057704	0.438143287368999	0.187344773344852	0.104420927709714	1	0.335441073537224	0.0935745921272991	0.56317083759785	0.752490213291701	0.15487103606539	0.677461736058353	0.791462995960464	0.403349814737615	0.785989563117595	0.765095107809425	0.747065147901756	0.797658027588402	0.583115753102721	0.501482945642092	0.450826827031874	0.679522234528084	0.114317026963911	0.450052112064016	0.152956453083589	0.753251193075844	0.507958988803322	0.519781365843492	0.884780079337062	0.865026006957323	0.300708795766021	0.339601084271183	0.577110159449181	0.558390055188936	0.653642735823415	0.751001900782011	0.590335218705111	0.365616872429609	0.225823570039634	0.696800062488858	0.484614656441087	0.693412399902164	0.0535405203503849	0.33018525877265	0.318405102399645	0.535655821531783	0.782795828353915	0.053749899833152	0.786437465208501	0.900225186845118	0.544969774693887	0.590168028006985	0.255679182931524	0.269092114000238	-0.0160295812401808	0.235396889694208	0.69025048910941	0.595148819051142	-0.0984297126545097	0.669883622349932	0.646570574636341	0.436292514761859	0.768674939209484	0.752726565873126	0.501347214741201	0.568472563609789	0.676897901653135	0.79665986248383	0.379380219903816	0.802667025328	0.70472693671973	0.663557656752357	0.508878100090671	0.335303681948632	0.799896619161685	-0.210247528458527	0.771033406538939	0.517238091419153	0.819104578779435	0.106462166829991	0.640231402240624	0.356477384521813	0.168421146033991	0.172952511856647
CD247	0.971082278833646	0.940707773186239	0.93453022101317	0.927134374262767	0.691839654549213	0.335441073537224	1	0.884290567472073	0.679020152982022	0.0466155153846298	0.746648857119493	0.518794207841682	0.13154888082901	0.880790646911336	-0.00788301702158338	-0.00143404442505228	-0.0572717875622628	0.634365443764634	0.546977504369684	0.434626855263851	0.901244795966853	-0.0205130792786688	0.816908031172511	0.653620158113291	0.892482857948836	0.125782570379441	0.25224966265419	0.139545733605232	-0.0144017465380701	0.336200118035706	0.955715425350051	0.965770846396111	0.271505788643438	-0.00518340351176801	0.288947314104266	0.0638897261295739	0.619739467856142	-0.0644598773882383	0.88419708996358	0.287819132524375	-0.319991785354697	0.391500409937879	0.379348112214734	0.375605094412848	-0.357031915792211	-0.0983925754861777	-0.0816395682340902	0.52075740147486	-0.105681505920859	0.57079727571504	-0.326237721700058	0.889413440353076	0.933040186570175	0.889412886791419	0.756178480154801	-0.361576802685444	0.394045007031441	-0.310377469609378	-0.486939547945538	0.440719446798821	-0.207726157182752	0.844095936837803	-0.171788025166749	-0.125165572815632	-0.481967583013117	-0.353250909740791	-0.196089158860785	0.0219242330209766	-0.406264052215453	0.0589063765318981	0.291865852885824	-0.165723657609208	-0.370533618475422	-0.44370688691034	0.212754190099678	-0.558454188637814	-0.0164066957075564	-0.443051698721419	0.0285136167732505	-0.105425904592713	-0.381678586417463	-0.604330302552342	-0.46611475402517	-0.0888454035967565
CD27	0.815955792841614	0.832198694216331	0.784851462076475	0.952051051831256	0.730876389043508	0.0935745921272991	0.884290567472073	1	0.316343346857427	-0.182806914189517	0.521941270525645	0.151288122473709	-0.156667859783777	0.837989125368922	-0.320458173018504	-0.261661849639959	-0.323402903415511	0.364794724819804	0.5205575986043	0.361848661692487	0.630514121340647	-0.2657306666251	0.865398960400028	0.376323124965889	0.971892375866095	-0.218186709744363	-0.0293085324677314	-0.160693556036664	-0.242295616254997	0.0485899963506897	0.767759210154922	0.918810058831118	-0.110128777137232	-0.221138943184039	-0.0561385898888153	-0.131885668233141	0.485334535195962	-0.319344183679519	0.873779653827852	-0.0842950167252001	-0.57310222961882	0.115915439340777	0.202351892772447	0.0275545324430257	-0.531773781402051	-0.340471164291931	-0.376970182946671	0.607496986118957	-0.387490123613119	0.327507163161619	-0.603582483995149	0.73367952346601	0.836823845512173	0.787722251956526	0.865655290715406	-0.485610444038456	0.117365413709291	-0.511442984577879	-0.409924647578995	0.152569705963505	-0.421853924791629	0.667215086480952	-0.414514949914104	-0.315545157368699	-0.660024474473674	-0.607001665154095	-0.447022512680913	-0.252288152571885	-0.46029517329155	-0.26241104634192	0.0250728162814301	-0.420888555352152	-0.39790217304158	-0.611554789267547	-0.087227084300641	-0.458007467419788	-0.315338630127889	-0.657789695663699	-0.265001582881403	-0.265512813549855	-0.581452694981286	-0.72122029503265	-0.535701500025405	-0.225099797190571
S1PR4	0.767760718844861	0.665842180860526	0.798183567536917	0.431512587666335	0.288715303624693	0.56317083759785	0.679020152982022	0.316343346857427	1	0.517929598143824	0.685339071452108	0.951818237814838	0.609321935069038	0.589068022296245	0.569381068414381	0.494369727001055	0.446817946337894	0.820212837177949	0.461258877866947	0.392322583392702	0.906808663243396	0.493058151970781	0.342606651692384	0.851508601096533	0.388638883080013	0.725260393808676	0.488241846451842	0.659168724050499	0.428268445569011	0.708509862990659	0.789036494227086	0.570395715661931	0.797845227365374	0.412883794896255	0.786620755267498	0.381465003308848	0.640729907288172	0.480537847934972	0.481320360692758	0.85761243797224	0.247881095636489	0.626478465222662	0.51884914719425	0.757612316960687	0.191853118807692	0.354285498337108	0.509272054505952	0.0966465927323019	0.407170619436966	0.765895892604974	0.271895028907258	0.65294795055019	0.646118355913578	0.614179676805601	0.225827975479384	-0.0355125080632671	0.705984014117472	0.198549032959061	-0.416706027637192	0.774206916199714	0.183134177987219	0.741328151962443	0.36513705130283	0.251855647578312	0.113767151887667	0.255045185419419	0.381904302157664	0.531539080709378	-0.11434115887522	0.635913152343706	0.620995388570989	0.340291534982062	-0.149937939492974	0.12286534945146	0.574941215977542	-0.380489187229148	0.54939325757596	0.161926079595224	0.458567080054836	0.123992604849172	0.156162768763618	-0.0994507066055455	-0.00871199887371835	0.0690615089501737
CD4	0.119141703931285	0.0275523536516677	0.26486968330833	-0.101134048753968	-0.144360353384785	0.752490213291701	0.0466155153846298	-0.182806914189517	0.517929598143824	1	0.0934367135919391	0.711334802079315	0.937716216002592	0.165568084338169	0.895677359930705	0.951892823618357	0.72711384525554	0.782160838667673	0.227337191860914	0.575305597306877	0.242749416891305	0.965643290377603	-0.156478717407915	0.343205940860772	-0.128444138600229	0.90407303757502	0.495011282261321	0.449125540649822	0.916983468190683	0.900006019737792	0.0717043248032576	-0.0232948493022483	0.633747623020804	0.897699514684995	0.71964996344498	0.925498367292803	0.597120061451308	0.695543210573443	-0.0517625433025608	0.794582788398818	0.474911181475858	0.329874789897691	0.0622031262657719	0.274239015771812	0.707862438530466	0.510030822929734	0.867759916747358	-0.258620556572513	0.730205825588668	0.731950070028731	0.518988031589969	0.231684653292907	-0.0212937649368111	0.111456058412244	-0.211481938969232	0.00622108238933671	0.467326953894969	0.565780402455782	-0.286887669009717	0.695388668103404	0.450281612640887	0.314665631098459	0.910083102784296	0.556653624299942	0.665695520439287	0.718581803802715	0.881566414809852	0.947664364204635	0.337002868097976	0.915087643998826	0.465723202563446	0.545707421496554	0.302346047415529	0.688157095637083	0.81477164276264	0.256563677040831	0.923811003976894	0.730125756359374	0.66751398418111	-0.111442240973599	0.786270714080147	0.447231912945164	0.668017227242707	-0.141776290523823
CCR4	0.784758432319599	0.724787071564286	0.702676661989943	0.602926107357492	0.495139385445311	0.15487103606539	0.746648857119493	0.521941270525645	0.685339071452108	0.0934367135919391	1	0.586151103712299	0.0698454361886147	0.488573212823718	0.00540841508375996	-0.0274604304883563	-0.0537449679779461	0.494370038655628	0.213950706419517	0.502816170724553	0.806862617640675	0.0662083204828733	0.597685045407734	0.696361863857558	0.505694057735068	0.230416424483285	0.606852431951727	0.321565298905711	-0.0404530590496501	0.202018742878645	0.845006289851751	0.656757487984175	0.463202537778982	0.171750349164142	0.425558115584876	0.0287787203595174	0.500331692930691	0.327472831937639	0.526242955571831	0.402823149599237	-0.149129937671953	0.311454393433	0.683813542783211	0.591783559718644	-0.0298453725973436	0.0126056352003213	-0.0271698142186597	0.318991760477023	-0.0985298345425841	0.399256624330466	-0.160362271389736	0.562316545686438	0.674499258641754	0.813216558067565	0.476363036378344	-0.274323243177786	0.338474611578131	-0.202211305382241	-0.48976870417264	0.520099590779843	-0.200002803856329	0.796172123139215	-0.13929873225391	-0.0779161668281359	-0.295208463365037	-0.115408840939572	-0.0322241007222488	-0.00716976162316902	-0.403524509430638	0.0967766912686714	0.374378391182334	-0.0470496367416023	-0.453992685582227	-0.0659566266427784	0.210597905160699	-0.16675274160822	-0.00286493761333572	-0.224896940102152	0.0131034630492983	0.00393223313350935	-0.265691002819038	-0.3378255717893	-0.130267053416301	-0.0206865908373445
ITGA4	0.609789992777125	0.494140698001743	0.663695104302679	0.243105082689712	0.13119727057158	0.677461736058353	0.518794207841682	0.151288122473709	0.951818237814838	0.711334802079315	0.586151103712299	1	0.748630457826595	0.44028205012502	0.730508227805073	0.670366952465824	0.584384261326256	0.859505177795586	0.416244512708869	0.465575393341516	0.776534384020389	0.699830633216468	0.173996365164389	0.792726919174462	0.208267619847002	0.873666920221797	0.584862557376568	0.707417985972557	0.641946610869649	0.817892336163157	0.628316515387393	0.416812309024675	0.871018399137646	0.60955776855718	0.882136982347802	0.56862948312446	0.653862319373177	0.659542984536644	0.293732597672986	0.951871654719093	0.387789915060865	0.607806202336943	0.444497582298383	0.734955174075695	0.415796656967817	0.456628603222767	0.695322689967312	-0.0123315473956401	0.563099985710702	0.824797155090861	0.419074025664244	0.555459775728495	0.452531142661448	0.460159521436808	0.0789652482295723	0.00188691426884242	0.730435803450789	0.358613613645357	-0.418330086519245	0.844942059263789	0.315823194600966	0.652286232029657	0.58412121185565	0.434642165425288	0.330808357840861	0.477402660957628	0.611550823611709	0.700098675297974	0.0172660546803573	0.801590346726642	0.674519125759332	0.475271696369411	-0.000331745894005277	0.350298276285918	0.738900013614093	-0.204155707154221	0.718085105416469	0.391120233972481	0.587624612606808	0.0891443808987151	0.381984566526152	0.12751086338504	0.240126061751841	0.0254454816622887
HMMR	0.176695697777525	0.0792647220971963	0.316805192994985	-0.0653522251151953	-0.197155057113035	0.791462995960464	0.13154888082901	-0.156667859783777	0.609321935069038	0.937716216002592	0.0698454361886147	0.748630457826595	1	0.23727661569464	0.959411335047421	0.983512184028688	0.809500236477513	0.810819352267698	0.334233211956757	0.423746188700238	0.346758720650945	0.921221821350052	-0.190460803754399	0.339842007133886	-0.0919741164300122	0.928419037383974	0.386298261210596	0.521201178534248	0.886046998100849	0.95899622274925	0.137351820532704	0.0500935187320086	0.66412217317961	0.808586741688136	0.717930963910039	0.91612707976393	0.520231362269396	0.557338173405504	0.0352961794935472	0.837487535124083	0.551897624516377	0.45308735664695	-0.00874008369973762	0.325573550519641	0.606095840538591	0.63466783840267	0.912332104445607	-0.274594928852966	0.826060035631031	0.747884930107733	0.594362760359285	0.335909682869869	0.0564493515905531	0.0962388984312743	-0.215584443610951	0.144960524007777	0.58779074015431	0.642368784202634	-0.156949850976181	0.678608681720788	0.560870148543061	0.266065075403629	0.917732344260438	0.53803360680002	0.680294152586288	0.675858087298266	0.85513572571582	0.987476225029829	0.434039140720858	0.952530988024263	0.491882186283281	0.592392152040035	0.352652339738838	0.589019132200294	0.85031081060736	0.0650136449695285	0.972537309477205	0.70900237680661	0.767357248101715	0.0022795891285377	0.799347311844628	0.403450520066338	0.500568978364123	-0.0257912608799245
ITGAL	0.881188521425351	0.860335698571725	0.928639802019522	0.904321974931681	0.599978240363241	0.403349814737615	0.880790646911336	0.837989125368922	0.589068022296245	0.165568084338169	0.488573212823718	0.44028205012502	0.23727661569464	1	0.0614141152681037	0.101900319188566	0.0210896243147982	0.672665999530057	0.580102696153698	0.542411704725388	0.777213243864018	0.0926904076160315	0.733149508505154	0.491915740450673	0.909504919945013	0.151775465508964	0.0856048889957728	0.130656864805467	0.0849302522172804	0.423263239248932	0.796465286075893	0.863699224854437	0.195796595842523	0.0472174677842436	0.264637756764151	0.174204238232386	0.735916196228665	-0.0603435045986428	0.959844397484265	0.240689491502816	-0.302151584138246	0.34986770218275	0.308881743066964	0.21917498060978	-0.236030105528047	-0.152094763350925	-0.0313898015666997	0.330590575847566	-0.06301246848601	0.589387921780004	-0.27304225489663	0.849798504631347	0.924412365894401	0.831338632928986	0.623140888735889	-0.364592225442534	0.430710953120642	-0.243025667904425	-0.469727060475493	0.447784235793579	-0.20045341599587	0.814700693798779	-0.0610615407078207	-0.0901717320887249	-0.378757829263481	-0.267002569648259	-0.106085392475822	0.124461991598552	-0.353118878705027	0.0972359213603417	0.252641526937218	-0.140920191218165	-0.3067665984548	-0.328703714284724	0.174867677499861	-0.422221039671742	0.0568468763940702	-0.327957557749552	0.0393271589294776	-0.15165115849606	-0.260654518251564	-0.507750253076334	-0.339365868944478	-0.114612835029727
ATP5F1B	0.0523399591741169	-0.0500530287835091	0.181670096360944	-0.236675848722681	-0.293093575953272	0.785989563117595	-0.00788301702158338	-0.320458173018504	0.569381068414381	0.895677359930705	0.00540841508375996	0.730508227805073	0.959411335047421	0.0614141152681037	1	0.955465149923849	0.865472975051955	0.692594839360221	0.29650290907937	0.282067787503655	0.256928371588678	0.881985551792681	-0.312420725132304	0.329875128700751	-0.248463517616956	0.95508636863455	0.379649779163116	0.655600605925371	0.912169479530558	0.90875316305907	0.0386819003814963	-0.0865140986267352	0.69708251520196	0.749481411648413	0.729410692670751	0.832127454000776	0.375632407271025	0.573154314623634	-0.139254233967457	0.859367885847856	0.746164561506666	0.570496623701322	-0.00350115041587488	0.379764113676009	0.622416150228063	0.729188592308811	0.973574468413012	-0.30700962477943	0.909964748851704	0.701391978934125	0.769936456587812	0.205711887685613	-0.0870208390854167	-0.0517586867282705	-0.351573323394766	0.36679883538928	0.642891311154561	0.756473521746467	-0.027676630428872	0.631896467869366	0.727170567083547	0.138882225345667	0.959449345380766	0.666309541456327	0.786088386375104	0.746356629923357	0.904114754917369	0.977312825507383	0.511334072852809	0.987777768453538	0.617128609653957	0.773140644978986	0.450034450489829	0.655893065499624	0.829318842244204	0.0371948256747598	0.993891896013469	0.814518824832556	0.868693983426297	0.216091814312782	0.871410414797147	0.573117184337887	0.493005512186771	0.183715204540297
KCNN4	0.0410667909751147	-0.0617065727538098	0.179552081761967	-0.184338714832297	-0.260930003898766	0.765095107809425	-0.00143404442505228	-0.261661849639959	0.494369727001055	0.951892823618357	-0.0274604304883563	0.670366952465824	0.983512184028688	0.101900319188566	0.955465149923849	1	0.809236192005811	0.729906710556757	0.26361576101145	0.376104709456002	0.205818583406472	0.933935625802456	-0.287133875305972	0.247682673178543	-0.21331760122891	0.905691556690016	0.401633584981839	0.452463054522443	0.907861176181193	0.91182359273882	0.00713512610039106	-0.0751755226216097	0.590531661959736	0.83174487246992	0.652310495931946	0.941230454687876	0.442581669424005	0.555160191107862	-0.105585294436439	0.793333299753736	0.556043184363156	0.36279781526272	-0.114787221770358	0.220031635901782	0.649207683852191	0.639119030226162	0.923932195524503	-0.317965968942882	0.829471195023455	0.686328016145588	0.596913426412514	0.207008709714781	-0.0888048108769302	-0.0165176040914596	-0.290698027528626	0.153930913676954	0.483864120977658	0.673772112366983	-0.102161947979177	0.594985975660203	0.56839424940079	0.15913477616485	0.946957486114958	0.556976542803092	0.74257582623617	0.715187286420141	0.877907589122567	0.99328882832748	0.503868096717607	0.94438114031543	0.424135500065947	0.58742637986649	0.429781747057026	0.63868557785189	0.83012635713354	0.154130957311899	0.978009398968935	0.755249997845451	0.746271023374773	-0.0515102078280752	0.850132450054624	0.471101007910146	0.578277015333244	-0.0775613075943235
SMAP1	-0.033162765447507	-0.0524990656773919	0.0876698888130951	-0.263794378725106	-0.341993397977687	0.747065147901756	-0.0572717875622628	-0.323402903415511	0.446817946337894	0.72711384525554	-0.0537449679779461	0.584384261326256	0.809500236477513	0.0210896243147982	0.865472975051955	0.809236192005811	1	0.566126469684685	0.50036514850024	0.217266725732982	0.211856987261786	0.738389954616809	-0.327212442427215	0.253903729936615	-0.250501659499522	0.821503797371259	0.28305458850268	0.651757584113124	0.832917193162536	0.789593912139538	-0.040582098491478	-0.0666855443603961	0.660563401728709	0.682513751678129	0.695219563136693	0.690230041987031	0.321024922264965	0.508011243965969	-0.188820317621766	0.743380963958627	0.707969664370886	0.576098153250066	0.0524014484409073	0.401392057364268	0.54952559567759	0.899920574386729	0.92259492927561	-0.325520134638311	0.9472675892069	0.657763692337894	0.786589154915672	0.123447875979705	-0.147142736498713	-0.140620468975276	-0.285177770953122	0.532127967602749	0.656560356257728	0.907717084582097	0.26775707054775	0.594552304042406	0.800558446935628	0.0684983005640472	0.847747972549664	0.823406546823839	0.84689451350823	0.779636176925958	0.81671666666204	0.849490959403673	0.728855997714778	0.853047298292733	0.671932629276049	0.763605504095047	0.685705624980672	0.582896116652948	0.783399523176897	0.0459164008671501	0.848050052054509	0.781378064136942	0.881410100757497	0.189231906012748	0.834295969337607	0.618227667545349	0.381838763627234	0.254008490915119
PTPRC	0.67203138474706	0.617975673989319	0.762828425985647	0.476112875465978	0.291112364097294	0.797658027588402	0.634365443764634	0.364794724819804	0.820212837177949	0.782160838667673	0.494370038655628	0.859505177795586	0.810819352267698	0.672665999530057	0.692594839360221	0.729906710556757	0.566126469684685	1	0.507246130651677	0.706619229489323	0.748873043068491	0.730654422141127	0.369120857512796	0.671292154129455	0.425579752198994	0.772303425008004	0.501836666405051	0.435613026452686	0.70262129019917	0.913656971014325	0.616507900296831	0.57216183478597	0.708149468803609	0.687553692931232	0.778378469556806	0.738265776555068	0.85155404871689	0.509732389415198	0.504556379206443	0.778795914342411	0.19284632938476	0.522355799971311	0.324189659783282	0.507381312032875	0.329779751883591	0.352668997526945	0.630237997914108	0.117086385959575	0.541187195432398	0.920216475735379	0.248062120500157	0.751726004824357	0.561044467575344	0.600491198512742	0.280250821234544	-0.186410339021239	0.637729231129866	0.273299298404222	-0.494046226210989	0.84963827772421	0.257613633301556	0.744396570398156	0.602232159843843	0.392449612165966	0.227509208687124	0.38459352429139	0.568963331022377	0.745351942034613	0.0229566825243235	0.74380426317523	0.552972647493028	0.338338808620953	0.0263953687199581	0.251869561443662	0.794903992209204	-0.170521650131157	0.702117128283786	0.31083426222327	0.574783424037588	-0.116613861024666	0.390834448667583	-0.0107320718347167	0.205153360032965	-0.117517642626707
FAS	0.512083895591052	0.520422719723397	0.565669174710995	0.4709929580289	0.290019605884302	0.583115753102721	0.546977504369684	0.5205575986043	0.461258877866947	0.227337191860914	0.213950706419517	0.416244512708869	0.334233211956757	0.580102696153698	0.29650290907937	0.26361576101145	0.50036514850024	0.507246130651677	1	0.214029828532766	0.555981796273853	0.140707022163724	0.377052170053979	0.418003111897147	0.538551490068619	0.31297368350211	0.0346255886807866	0.393815264913037	0.334464955045454	0.461460232074824	0.468903788558082	0.635140860030852	0.284217791585614	0.0811600697640289	0.341799084802646	0.224427981643606	0.39104050196358	-0.0628495880569445	0.455222588381439	0.402129090220606	0.0788567129813342	0.534494965652551	0.13610185191185	0.25654857039726	-0.192905568058416	0.493484180180257	0.34578506935525	0.26692827253935	0.412511575642493	0.657911742362282	0.10929256118136	0.553999274945167	0.462434142043523	0.376215553015958	0.400349232018964	0.210633610879894	0.549420551233231	0.389231645043052	0.225592003251203	0.405945203846778	0.317486117452257	0.382821355335693	0.197990954814823	0.410448507202881	0.158795175120737	0.05226380269523	0.124005678901546	0.311891367308136	0.386142269154743	0.328544506563285	0.528436925105389	0.268459160925536	0.451918001772751	-0.176446746275703	0.334029991332238	-0.441383846400831	0.274446607096638	-0.0385093240509871	0.405207269235036	-0.050155048872156	0.117334748354892	-0.0900124207442099	-0.316703852572483	0.074559964639801
TNFRSF14	0.469850468995265	0.482425819472568	0.535958400232483	0.446376677864297	0.263525191882551	0.501482945642092	0.434626855263851	0.361848661692487	0.392322583392702	0.575305597306877	0.502816170724553	0.465575393341516	0.423746188700238	0.542411704725388	0.282067787503655	0.376104709456002	0.217266725732982	0.706619229489323	0.214029828532766	1	0.435855695433522	0.550609688914688	0.41101755663752	0.350416880703754	0.385107108137978	0.407353655732191	0.541892892432367	0.187100837515573	0.464309913860909	0.527924368716085	0.383184573176795	0.429549876206866	0.429123270752899	0.618421935662009	0.530492954129824	0.558195933958957	0.841232739440621	0.579413778970465	0.461870915732062	0.342022977321175	-0.0438531580300709	0.175916821306101	0.488178355078209	0.282429187634301	0.440779272738472	6.42588334591874e-05	0.259784293947364	0.0866579847690714	0.180111098628884	0.592462486349192	0.0277048664441162	0.54160862992333	0.439304200287566	0.598493164817556	0.249517693730462	-0.381655449717831	0.383181917252277	0.0488944307057519	-0.578178873010288	0.720393909502865	-0.0186984586711198	0.696103108943674	0.338986969669972	0.269540675775154	0.0743271860705341	0.30910086913145	0.428431678935633	0.373985405103295	-0.181468117505763	0.341616914434807	0.355380841538212	0.104096131582588	-0.150512777669979	0.387136727746568	0.512000161607575	0.337941623272915	0.300053493549279	0.225811339334933	0.234637409984434	-0.233349331564499	0.240895787629721	0.0698293135470019	0.415576467497493	-0.202763661465786
CXCR3	0.939341815007511	0.884141581148906	0.918993953513077	0.727278673221195	0.523269831753478	0.450826827031874	0.901244795966853	0.630514121340647	0.906808663243396	0.242749416891305	0.806862617640675	0.776534384020389	0.346758720650945	0.777213243864018	0.256928371588678	0.205818583406472	0.211856987261786	0.748873043068491	0.555981796273853	0.435855695433522	1	0.200906668569637	0.630909161116221	0.824164931094796	0.672284018936709	0.424432022706093	0.417298768186214	0.456244841195191	0.168914947291206	0.511070214877258	0.946049495018188	0.830944857277325	0.606520169022568	0.174126344618674	0.593340206531623	0.173226040158247	0.647201089007934	0.232445314721101	0.734124791560531	0.601733184683023	-0.0408741961894383	0.561154219912312	0.564850149266214	0.678982559774503	-0.11007038353729	0.164364872760168	0.204132379888436	0.329419594888257	0.158468620324748	0.691569085668889	-0.0168004627008966	0.827310950421518	0.864480149055706	0.816266665478531	0.506647990415133	-0.168638589134686	0.605082172874133	-0.0358056965756244	-0.417040328184058	0.661339771932187	-0.011876747237938	0.849544199954276	0.0508222992869622	0.0749725382498999	-0.202802337233906	-0.0457234239695273	0.06505651776141	0.242925550090762	-0.259976615783918	0.333379110241435	0.509683077091567	0.0862738751509807	-0.264457983194916	-0.190902512861558	0.39792552851785	-0.510940215623313	0.236701322310008	-0.176169410126051	0.253209605643422	0.0370310336936664	-0.149013904822593	-0.380253401381277	-0.295018002221974	0.0263378041852673
ITGB2	0.0355403266192852	-0.0517981720567934	0.17738205911152	-0.206066670581593	-0.326540821718207	0.679522234528084	-0.0205130792786688	-0.2657306666251	0.493058151970781	0.965643290377603	0.0662083204828733	0.699830633216468	0.921221821350052	0.0926904076160315	0.881985551792681	0.933935625802456	0.738389954616809	0.730654422141127	0.140707022163724	0.550609688914688	0.200906668569637	1	-0.297335025449324	0.248564499787026	-0.220606831435836	0.904219598939545	0.462467431493791	0.473817560743964	0.885952478149881	0.869966430013648	0.00194108802199092	-0.0955660216701305	0.675492481339826	0.929454594281507	0.746675748491829	0.919277584723038	0.549492378140822	0.781784560656438	-0.100187470209305	0.784051162128308	0.504875398953975	0.262432022650336	0.0662964577861422	0.317211891502506	0.830178013643831	0.525040892583073	0.868073441112367	-0.400887868325547	0.728442898348222	0.642573215807598	0.56946579442047	0.171818649222011	-0.0845413654056705	-0.00461013452844212	-0.296520235021902	0.0133690418544862	0.505900907412389	0.592159949572481	-0.285898364119767	0.712412554154273	0.449148631486697	0.236040830046109	0.914158960327763	0.563688658403896	0.718565592801616	0.799511565138928	0.932925835802716	0.92473230294566	0.34264441810214	0.897224674625931	0.421582752971821	0.520646431616514	0.275544925714025	0.775253205469851	0.851280091185151	0.363839118083956	0.903846516879205	0.800282472633572	0.655228432596148	-0.107851142401631	0.814705544339738	0.5309330388264	0.768679288790232	-0.154599312727474
CD69	0.815777041211575	0.893028488764584	0.760118768335028	0.923629910237234	0.947362891206534	0.114317026963911	0.816908031172511	0.865398960400028	0.342606651692384	-0.156478717407915	0.597685045407734	0.173996365164389	-0.190460803754399	0.733149508505154	-0.312420725132304	-0.287133875305972	-0.327212442427215	0.369120857512796	0.377052170053979	0.41101755663752	0.630909161116221	-0.297335025449324	1	0.59491374093492	0.866138944779046	-0.194754311868429	0.145284418502057	-0.163178024072277	-0.200871660610118	0.0277581623347253	0.766963442820815	0.856346236091273	-4.91851938350931e-05	-0.187458610443079	0.045211913548465	-0.207041521792375	0.555940530747018	-0.233200183719231	0.739877355812092	-0.0684521904854169	-0.504164904767846	0.226921976216566	0.404049354257114	0.176483090505206	-0.563579039470063	-0.375909978919461	-0.370323600236469	0.816108648595221	-0.356938765980648	0.392876870274864	-0.528358379549223	0.70001483639198	0.803942373888393	0.855418347305994	0.864424915681223	-0.452121392133297	0.0508922936489659	-0.542099056646273	-0.477633029437545	0.226975491398193	-0.376361955950325	0.748678746963679	-0.416417126276317	-0.234523223401833	-0.704122944272677	-0.564526613265332	-0.450427885126163	-0.264339828167373	-0.565120210889232	-0.237320673867026	0.141688132483403	-0.303722200827455	-0.44484281064042	-0.603360134193076	-0.0878252159687441	-0.508509401394031	-0.3089604220496	-0.635741409216122	-0.196703365092753	-0.124100723990437	-0.581929675424341	-0.708890174130997	-0.577683655434701	-0.073363260651379
SELL	0.758418473142052	0.753946469160407	0.745469838586738	0.495600903186527	0.612583673529728	0.450052112064016	0.653620158113291	0.376323124965889	0.851508601096533	0.343205940860772	0.696361863857558	0.792726919174462	0.339842007133886	0.491915740450673	0.329875128700751	0.247682673178543	0.253903729936615	0.671292154129455	0.418003111897147	0.350416880703754	0.824164931094796	0.248564499787026	0.59491374093492	1	0.431747368247464	0.504265418301446	0.486704818053785	0.450336213391729	0.303370459345754	0.491755439333749	0.775915814260849	0.617675366696517	0.696082377794648	0.262107127710359	0.699277603461856	0.122300917611056	0.623652044155159	0.374986618868154	0.373183768006181	0.660075793337716	0.0729610997021646	0.577975191581295	0.626923150208445	0.752807681090221	-0.0640371419207527	0.167616098528964	0.298610046437461	0.476924396263087	0.232470187949497	0.730665465549959	0.0862895895915426	0.601649214788102	0.605394174229558	0.655251873965122	0.443507802882168	-0.133364306436862	0.46558863588633	-0.0088837133736693	-0.454673756646109	0.69222199979332	0.0586297851123792	0.762341347189378	0.143711370385675	0.238869148645752	-0.12048503831221	0.0944681819799418	0.14793937975007	0.292855826990415	-0.277829631871033	0.432198464303473	0.596083516769907	0.253112537853893	-0.186136233106835	-0.106013652047204	0.414353573289962	-0.506623493953702	0.313584260203658	-0.0627877046472574	0.318634495991396	0.0937271246412001	-0.0706885428094999	-0.259952554649568	-0.203009536983711	0.07698703747261
SIRPG	0.849426256284417	0.869033116976928	0.851305726393701	0.965239644061062	0.738226637129219	0.152956453083589	0.892482857948836	0.971892375866095	0.388638883080013	-0.128444138600229	0.505694057735068	0.208267619847002	-0.0919741164300122	0.909504919945013	-0.248463517616956	-0.21331760122891	-0.250501659499522	0.425579752198994	0.538551490068619	0.385107108137978	0.672284018936709	-0.220606831435836	0.866138944779046	0.431747368247464	1	-0.150140841075042	-0.0659031860614155	-0.0755277310207522	-0.185203504319212	0.127965781315285	0.791438454359798	0.911356225892766	-0.0381682955662285	-0.191029157144944	0.0224497685556549	-0.117443979911948	0.560531084793285	-0.280499173748148	0.918970881648037	-0.0244723402014883	-0.50568346549553	0.210838872042958	0.280297222803391	0.0939575321983382	-0.510190254768792	-0.325522558156103	-0.326300693087641	0.541596571658748	-0.331891447283408	0.386022124255409	-0.523341038388448	0.753415106289453	0.880498031493841	0.821825373535369	0.836714384684396	-0.440076644068541	0.199394932451785	-0.481254717987317	-0.441668826105792	0.219689201101095	-0.371008494449003	0.734667201026543	-0.360471213175858	-0.258236137127546	-0.632414338391953	-0.551752320150088	-0.403241448241199	-0.189598357660954	-0.485098161886169	-0.200567241860973	0.116317248144525	-0.32894000099031	-0.406674886017143	-0.576943551998173	-0.071103662265923	-0.500882944495133	-0.252884073022278	-0.602141463018553	-0.199195828323036	-0.182198907709113	-0.545337967055092	-0.69372507364306	-0.542564417060517	-0.131828871964313
