""	SDC1	PARD3	EGFR	CD9	TNFRSF1A	SDC4	CAV1	TFRC	ITGB8	NOTCH4	AQP1	ERBB2	MYLK	NECTIN1	PVR	SDC2	NRCAM	CELSR2	LRP6	TNFRSF11B	PLXNB1	MET	KCNJ10	CANX	TNFRSF10B	KCND2	IGF2R	ADCYAP1R1	F2R	PTPRS	NOTCH1	CXADR	TRAF2	RIPK1	PTPRA	LTBR	CD99L2	APLP2	TNFRSF12A	MADCAM1	PODXL	TRAF3	BMPR1B	TSPAN5	LDLR	BMPR1A	ANTXR1	TSPAN12	SIRPA	NECTIN2	KCNN4	VASN	ADCY8	NOTCH3	ADORA1	ITGB1	PRTG	SEMA4C	CNR1	ERBB4	THY1	TSPAN10	TRADD	MUC1	NOTCH2	MTTP	TNFRSF21	PLXNB2	BMPR2	CADM1	CD81	INSR	FAS	SLC16A1	EDNRB	LPP	IGF1R	SMAP1	MCAM	SMAD3	ADCY9	TNFRSF19	PILRB	LRP8	LRP1	ITGA5	SORT1	PLPP6	TNFRSF14	TGFBR3	GPR37L1	GPR37	MCFD2	STX4	ITGB5	ACTR2	GPNMB	ADGRE5	ABCA1	RXRA	CD44	STX3	UNC5B	ITGAV	LRP4	LRP5	AMFR	LSR	CD63	IL6R	SLC16A7	ACKR3	C1QBP	NRP1	TLR4	TSPAN14	AXL	SCARB1	ERAP1	SORL1	ENG	CXCR4	CD74
SDC1	1	0.716962345725148	0.772041530082147	0.592484011395623	0.733720791585083	0.552619322353021	0.40458803422754	0.497529341443032	0.744246890577224	0.601681975229293	0.766122547865923	0.560523131088313	0.74374039126884	0.719947087747656	0.673518808137638	0.727771604874958	0.723675405932602	0.780384897959023	0.688921691164389	0.76487144251241	0.806452420880449	0.407595352368888	0.634536932120116	0.729545007543728	0.75506263446565	0.483130486874201	0.701021435424876	0.479969782909458	0.551031316847623	0.617993205852876	0.751981121848556	0.717856790935864	0.711240769495527	0.732978767808654	0.760090885876367	0.750718154375366	0.786556407337471	0.743543340056954	0.554817883297964	0.592887250600379	0.558017444993622	0.722627136255581	0.819191374118446	0.810667600716487	0.673917535413871	0.781026521072227	0.683968091563631	0.719904570191278	0.569712321966665	0.751434929960564	0.702578004534795	0.556379493478245	0.41144199874753	0.552646598376725	0.560515009624701	0.716450932246077	0.72895694328186	0.741924550555552	0.675936157313911	0.70785397566183	0.663795296295057	0.619158896337447	0.738866786200564	0.723569722024872	0.767414559911366	0.758844766405711	0.713954085865821	0.694761022325633	0.664213225931168	0.750520141137707	0.785886726544694	0.484415770237308	0.596369963220315	0.559997621486575	0.753507957229618	0.749528868667892	0.689995356544555	0.755211187120622	0.616539621056433	0.642043443337478	0.750752064524047	0.654894719013161	0.6789725424	0.744928419799025	0.745035924555126	0.525688345012381	0.789447093274744	0.676313310805797	0.5796002463534	0.512489621333975	0.644041425532473	0.808446934454753	0.741364426789124	0.645933532224798	0.673533221391381	0.643042692212157	0.241266590532726	0.632701677520132	0.449147130393155	0.634035233159846	0.692981204006888	0.563999638099716	0.212167623187167	0.725722486658334	0.52442155990695	0.755178554666096	0.73020642432491	0.70316122897668	0.702827462845321	0.588775705356165	0.795017594757466	0.492273546206411	0.720323042836528	0.611245842560231	0.378227950045426	0.60609248389041	0.448897143047531	0.469408039114505	0.629811837125005	0.419247597911372	0.28605600046699	-0.190790272868955	0.0140708532429587
PARD3	0.716962345725148	1	0.932570870757135	0.75019325073806	0.893055399732593	0.568891003990542	0.4775610841612	0.70758088546954	0.965745523073362	0.820651774280651	0.910379639530744	0.788342233837742	0.930486976547538	0.889566754487907	0.926113087340449	0.849358718725804	0.974472327406598	0.943325894669224	0.968638911734697	0.851273471563537	0.935902586719268	0.564367183962705	0.913427582738285	0.959814532510497	0.952368711514644	0.648949080130918	0.940493390624148	0.62441193118707	0.891070104572963	0.935439460060724	0.955614311917366	0.86620173089321	0.681558551456714	0.939533283723276	0.958534082270226	0.935837754643459	0.952652697793182	0.972226671230543	0.637338838121839	0.854327554204821	0.898027930239869	0.922384149504639	0.909776308367581	0.914429112754369	0.905351934983775	0.950498409944162	0.963466040699262	0.888584366480882	0.785184746116117	0.848766925964105	0.823794177130535	0.658959575551512	0.525465408633722	0.66792663455967	0.783102399872545	0.948636536866418	0.953623045626566	0.875445579604327	0.922169480476957	0.927532444652141	0.707241947051963	0.624718117181343	0.817388698462721	0.869548428401929	0.964316008483306	0.943589909290038	0.869169635426389	0.87113429525321	0.959937316586844	0.944646679763793	0.901332872656884	0.75574895974427	0.779486096875372	0.729504957100757	0.940459541632499	0.969487096388469	0.881465342304933	0.900285514688744	0.867035337421694	0.946341795165901	0.920407019846074	0.867371905811286	0.928783129496205	0.916246431905403	0.941224760649415	0.79897709289165	0.968209962512033	0.718238768857953	0.837265771926618	0.640765298379482	0.881630712548186	0.92093351501919	0.885117544807845	0.795080591523269	0.847220422912291	0.913878040657777	0.375378652382434	0.907189992897001	0.755829065875786	0.849098602943017	0.908348438643286	0.778245966015922	0.305636707828523	0.941376870441958	0.695485712557796	0.917752666728725	0.907929340644218	0.720847214191351	0.842262333481327	0.81729932397212	0.926716858032763	0.694032299824137	0.792899029619365	0.89365895840011	0.595729066528492	0.839594965507409	0.656512270612597	0.690422330212607	0.90389177804484	0.588452742031425	0.577795142654801	0.0641270010490883	0.111179365064638
EGFR	0.772041530082147	0.932570870757135	1	0.846816696330892	0.913917470767472	0.666073687099141	0.581735682969113	0.817941577318337	0.926973908559855	0.711342025527005	0.875283921360649	0.765265415256678	0.871139328290609	0.928656101635712	0.902459125426055	0.887362858060659	0.923417814475613	0.940322766641026	0.905325344239941	0.893552035328601	0.944557369814409	0.627107971898023	0.896413462570949	0.960266936682738	0.947191425211759	0.75880565413793	0.868956576102987	0.679723089931192	0.751563676696383	0.853472891308479	0.940088092517676	0.954606985653581	0.770667511833875	0.936988090538049	0.97642719393031	0.91997627404829	0.917883662439313	0.928995653862074	0.756453391650268	0.788888296410043	0.785075785928937	0.93475540059777	0.894335456904125	0.926540651152431	0.912220633370421	0.945251318026918	0.922508061068846	0.930965041196375	0.829125476518161	0.851354627545029	0.858738255863507	0.624493861596463	0.615260241305854	0.736021611023356	0.849099771568739	0.88512795148461	0.916729741611282	0.828898129541761	0.931982779004359	0.923850497621576	0.747483196173669	0.661877327722935	0.879286981204402	0.782002197489667	0.920240098803408	0.920531754640611	0.897254342341322	0.829844726981388	0.893696891111991	0.922532217906725	0.912702861805442	0.615610536487629	0.758186932792209	0.832258845768706	0.941747978823407	0.930705605830821	0.834293956290136	0.96028352655641	0.768859926559477	0.866563567591369	0.898932775294638	0.895628757255814	0.882555992442822	0.921955066930533	0.95331413535452	0.685199423583749	0.930934026257641	0.689469732069618	0.745767430631853	0.633191360842215	0.905039007411847	0.917267448841623	0.938491475317333	0.871981676310662	0.759856491741034	0.858971881013535	0.422675204274234	0.917133130252648	0.677480851400781	0.839461590254141	0.889209307572585	0.812316271804759	0.383032098332863	0.914666161896578	0.79177791597315	0.941885657382933	0.919426321784447	0.762106615076008	0.90590202171572	0.700169951101183	0.921003339128564	0.533686611075026	0.879606218839573	0.83098165502639	0.474997114968226	0.777815603621425	0.617941509207346	0.715039982707527	0.839575309037851	0.52261647100275	0.397463582984804	-0.00865461115046703	0.0332957561212332
CD9	0.592484011395623	0.75019325073806	0.846816696330892	1	0.913620374847209	0.740971549284997	0.731597660403985	0.884645238526775	0.67819168811764	0.524801230761612	0.7113838615151	0.833652566902664	0.729719013602994	0.852461311848184	0.696998712719065	0.857080236500871	0.755205777581901	0.805243937726056	0.744001346447659	0.877951609653342	0.805418666589181	0.732142020034059	0.784630052292865	0.809762179903415	0.842147889060411	0.775785879439599	0.657094285340216	0.782868540689209	0.53978072761145	0.610894738401722	0.789541804342887	0.926017762216137	0.825889249797125	0.812485721520302	0.849207973884419	0.826218829246467	0.746208021174128	0.728903693370581	0.943547778363601	0.634132850637464	0.624159345045745	0.819439140075958	0.768862192050796	0.777956585147865	0.84666872400369	0.735069809695401	0.796705964636795	0.809468889812334	0.839303125000159	0.817667857543677	0.819122983962917	0.551473453458184	0.713792273173869	0.793180512453298	0.928483603977198	0.714410096172559	0.68252642198818	0.717175463892077	0.817030914192567	0.743048437856023	0.762919888388536	0.603519738049941	0.897001681339665	0.668206420095326	0.710530282052949	0.779443349890195	0.820779374135039	0.72130178054438	0.740333589334261	0.764838146357828	0.851669860360576	0.411087429344683	0.759774782814235	0.889109477816453	0.78071318776926	0.735829059768158	0.676146271808516	0.899273162228665	0.580761895815704	0.618536275819995	0.777001602021371	0.867061817196979	0.707644220850042	0.71048424535897	0.870645053138759	0.574815097808979	0.751306446056331	0.600150746370986	0.589143118459359	0.487454774428429	0.784781765617497	0.81434193383302	0.892247864518119	0.932680174063387	0.640982907699248	0.7267933655724	0.478986175334197	0.752034781339092	0.571462896788121	0.679088737430598	0.814090529526285	0.706341121460437	0.557367585336415	0.768325296121859	0.822120695493244	0.749485420598259	0.864477674714744	0.827420802108895	0.930119126714012	0.577444341829155	0.688601300594039	0.260469289733688	0.897100037335418	0.69836570662209	0.328916233250521	0.59844872119084	0.572170943050992	0.703454168817723	0.700606208527556	0.386199865335152	0.235223625220873	-0.00997420514362714	-0.0011232106563456
TNFRSF1A	0.733720791585083	0.893055399732593	0.913917470767472	0.913620374847209	1	0.705867985208209	0.597615952204841	0.816571297631934	0.845292416349997	0.698396628512252	0.862160834825317	0.865856004977962	0.90227546478967	0.927903053544347	0.800888488378993	0.892029299613876	0.901518803645056	0.944650497312536	0.881463927225804	0.940965392298141	0.930196333482901	0.693769460315559	0.901526105962526	0.917694404074079	0.945048211834349	0.712065441661316	0.827687652547592	0.829052759761646	0.712559568393808	0.780489733392027	0.918247724164071	0.936208079109189	0.827533692129153	0.929406137505379	0.94435823155763	0.949246381698949	0.906253570139645	0.886981815646706	0.853624982458825	0.759127047530385	0.770251784178535	0.922830956693764	0.928574908035356	0.91273242012095	0.92184468722028	0.886774281790979	0.915999889389461	0.899347161025398	0.860261955829498	0.898344677858587	0.884705826639051	0.622280631741851	0.668894434215475	0.763529462109763	0.923948229896159	0.860110798948015	0.82761857648364	0.846673476464987	0.897394360694777	0.881693871346405	0.817911395341002	0.692898018713262	0.925416196971426	0.862644995054292	0.873806522568625	0.926438229347036	0.91170979237853	0.864638597330866	0.880240454814092	0.903673694782096	0.949608244618001	0.575397319608474	0.814608699158677	0.83298193027562	0.914144565709058	0.884477676327244	0.813633741921226	0.947687382361657	0.729001589601221	0.796232751244261	0.910149779731928	0.922752168656872	0.82626597395134	0.836761567849804	0.959283740975776	0.729047738727849	0.89914947503069	0.695556599545122	0.771978053603794	0.568615367068798	0.870810577569742	0.954569983441008	0.943028382521731	0.916786165853953	0.822823939688994	0.861937827836822	0.427814782981282	0.830474590691635	0.684394743377817	0.774926523258801	0.92209171971854	0.765557510396562	0.442858287203462	0.921449014948204	0.750066505900886	0.859546943149061	0.933522887177196	0.856976559176558	0.950808593646828	0.77394964063036	0.849675452072859	0.475681000332576	0.912419029643598	0.818804886154629	0.508236478835794	0.761298989889819	0.662657571986056	0.714804223578911	0.862287187422353	0.549767435739415	0.420932732719194	-0.00648138644654104	0.102556456835813
SDC4	0.552619322353021	0.568891003990542	0.666073687099141	0.740971549284997	0.705867985208209	1	0.828720014600181	0.859933467523231	0.45658589263324	0.447710818777273	0.584672188009002	0.751479099110394	0.632660433911101	0.631688100800925	0.640503570336367	0.765220605159808	0.520479313173392	0.623445982956249	0.532191830560508	0.739391649082245	0.62356374169741	0.877790976852196	0.450636169567184	0.662887917901226	0.700645571092649	0.816779948926895	0.611649575026863	0.534561657641905	0.39058926784762	0.46948673230945	0.570986045045409	0.722764329819508	0.780984737461178	0.714693451293317	0.623074344285775	0.714450733615641	0.565396605977599	0.543907346782835	0.78981280687916	0.558409330625015	0.460377999208765	0.729749728664393	0.640465349228069	0.515440152859227	0.71438454190015	0.561380393924748	0.589563969032613	0.482447852087321	0.846122740187026	0.722298321752266	0.468591536743761	0.496371779668838	0.862315761372495	0.838901944294498	0.588666355408553	0.581619079220968	0.500619861861102	0.679021326615417	0.603360748235569	0.462401984454123	0.473140101352826	0.475034871774293	0.709346017035767	0.543665429615674	0.561225020199798	0.524424791721707	0.67848667956868	0.639952223026635	0.598892014014272	0.48197096495956	0.590761053373753	0.475079506304298	0.701360911572609	0.899962637641598	0.490927731494493	0.631499935984792	0.742315889623561	0.653028771302763	0.446615202958162	0.462708982154332	0.618345032052044	0.609591741599842	0.671178727638802	0.456864154912134	0.734097142958746	0.566408636981996	0.598467582781998	0.467442332502763	0.47864466974438	0.635570022042618	0.411106098691454	0.646768659123318	0.748673025153027	0.737558336641937	0.631559026373989	0.554041261748984	0.831719461824956	0.502283885151883	0.683039457846233	0.707721568344717	0.726667065025602	0.815022186839114	0.830840050689664	0.539800010172457	0.855938656412067	0.586293730666606	0.724503242594695	0.612996004726819	0.639911873452924	0.527875836853869	0.542414948268335	0.207611994414109	0.617375611478764	0.660548919580829	0.335182416336498	0.455123140565878	0.540514020704547	0.831080552598613	0.500371807508996	0.374403219136589	0.262158157360053	0.069675999256954	0.0546600364628959
CAV1	0.40458803422754	0.4775610841612	0.581735682969113	0.731597660403985	0.597615952204841	0.828720014600181	1	0.820339759579965	0.355994608751871	0.363908811782782	0.41281547195224	0.671823978411834	0.476505661891086	0.496741979268246	0.557731087702214	0.803088603357289	0.387589557676625	0.449114047347555	0.440746804260383	0.645714848046388	0.498308481565197	0.817094845460791	0.358993737134729	0.533691089319453	0.604006461525866	0.828700734424413	0.505696154277511	0.370344649188956	0.32966110785411	0.419156370094596	0.46828941421101	0.661064822863882	0.831794287841759	0.57146018961674	0.541390162205823	0.615490218634674	0.408721802438588	0.409502519144539	0.807592067547512	0.578999499751057	0.356604432072523	0.605550355282709	0.467506070581223	0.442324942693811	0.568863632725516	0.389799535370758	0.484912917542226	0.378538838918749	0.777058783690653	0.711094191450425	0.463295784139054	0.651999770298493	0.786744884281266	0.878589361947329	0.532727853195397	0.53687963021029	0.402930621009698	0.536962831730311	0.446066694203566	0.361452570021513	0.516847520298743	0.550141321311052	0.684118826846683	0.364532102314044	0.418954691876577	0.380205205937378	0.505105163762362	0.539086251386216	0.488403306538987	0.40762057047019	0.56567120280565	0.365922822772476	0.716978559029491	0.817936663993368	0.385864777144368	0.499982004581603	0.54835722074381	0.600904582276311	0.450416594929175	0.369530609960979	0.453789386940213	0.519790929593676	0.562109458474028	0.314120281099754	0.589358967532255	0.524522936268513	0.466142495908204	0.517092006632511	0.42128383556493	0.585387090102293	0.325182722641609	0.464161614424349	0.729039509896294	0.766217488987929	0.544178011120022	0.469953391664078	0.771304252687008	0.456299539579671	0.574729551838954	0.645560394405573	0.565635483435766	0.687178068382576	0.835938461323514	0.375531897641111	0.771685573709592	0.435688535647981	0.690167995328845	0.636245765463945	0.638338423978893	0.34762967353129	0.37998803648778	0.196585443360225	0.659328386266283	0.584154300329597	0.197789729090211	0.305378634262334	0.515128255744388	0.696584028278394	0.309304694830659	0.205180125749747	0.213570491693523	0.0837629782464152	-0.00415258361850707
TFRC	0.497529341443032	0.70758088546954	0.817941577318337	0.884645238526775	0.816571297631934	0.859933467523231	0.820339759579965	1	0.630813606629675	0.516261174583696	0.615607982019255	0.791778643621158	0.672597815488403	0.745944395011116	0.737140792587898	0.827263329206458	0.678583229391943	0.731385788978338	0.703067465996382	0.821185626613489	0.714688668794781	0.884116415792055	0.677898613787566	0.793842864710829	0.802206834755339	0.924959021756583	0.682086749714821	0.656002027529533	0.513352474812251	0.62114677694054	0.722144033265286	0.875463043480201	0.800725798140713	0.819058895296001	0.7948349206324	0.787451404619282	0.666370237482699	0.673034160791135	0.873138325935226	0.68955677902082	0.576574041995096	0.814157836408797	0.707595768759541	0.663834492228543	0.815711927022647	0.674082889960798	0.73605849910961	0.689191022570432	0.932086226237474	0.740936278028699	0.631915920796984	0.509329846747057	0.851863091158368	0.825924577047318	0.798297725277109	0.67270272206213	0.654484364301409	0.712286607997296	0.766305175326055	0.683313706873627	0.567705556312974	0.585427896689179	0.813103706871462	0.584605176193873	0.678221172959375	0.677720780710119	0.743371558980494	0.718772070204168	0.726110102076359	0.669128122639889	0.725316225987136	0.466183789993051	0.727807789180195	0.97151259115552	0.673252038163671	0.728311577990727	0.774880237970443	0.817998549158094	0.509592740035046	0.618313303815232	0.706290205196243	0.786069283873553	0.739645743588222	0.628648242849316	0.835357841220307	0.580323973314519	0.691132051395632	0.557065710480095	0.569826459011804	0.671233553851498	0.648966122488964	0.715073677435039	0.876041758308934	0.888730963256471	0.641513551074005	0.687343504828433	0.716102243281437	0.730888304789581	0.704899249989483	0.782814254382901	0.774844378645774	0.851691587939048	0.731677257034965	0.685252046469947	0.916514809129475	0.701902780799582	0.836959952782822	0.663121448383082	0.80468695283582	0.539527638115658	0.631800927992052	0.262957666750571	0.774834292968902	0.744142861255819	0.345813106280061	0.58434314275653	0.593734051401888	0.865420733221547	0.642470004755568	0.425654672144539	0.273148380405503	0.0940733754535009	0.0421105580243203
ITGB8	0.744246890577224	0.965745523073362	0.926973908559855	0.67819168811764	0.845292416349997	0.45658589263324	0.355994608751871	0.630813606629675	1	0.805244561162604	0.89047801375479	0.684002330163642	0.900888365749282	0.859071841901932	0.900850651042006	0.786617623347821	0.974326593257315	0.932076451507167	0.959704211606318	0.793545794707295	0.927583687959361	0.456044017188182	0.921813728902415	0.941599493580382	0.919659332519435	0.584487610936846	0.919615863434593	0.58244427303907	0.875482287688197	0.942112164452021	0.954547003209792	0.832505153190506	0.615055173293304	0.909333334166408	0.95402905975068	0.894535466476208	0.950437446093439	0.972300054511052	0.552280680664767	0.826828587875409	0.868180351910216	0.885342626231635	0.896741630448433	0.931398663849184	0.865173854753583	0.963131790576847	0.931192042540032	0.906364652469584	0.70907763609676	0.786572772470413	0.815974517750035	0.617516425149314	0.441938608307919	0.546468365281156	0.748914777180525	0.920172690253017	0.970508434149085	0.825243699761892	0.909754007355375	0.948201033679222	0.675530980085465	0.639013152004545	0.7576463783794	0.8516483323738	0.973267460369261	0.951927932637323	0.830242180027413	0.836780475620039	0.931140378657921	0.960982523636737	0.888231076684809	0.710280387887173	0.672237505189062	0.649668132840105	0.958866095026349	0.952712517977404	0.834282068970943	0.88722783442841	0.839013481972512	0.960869507999463	0.899358688960967	0.835990807386065	0.890006073823969	0.949450720246715	0.894800163884935	0.726640539476215	0.952880339105393	0.703053490709916	0.819837191917873	0.61639622942373	0.900552887428362	0.90159681179629	0.854658582962887	0.741913780123054	0.796359075229443	0.885023894097987	0.244335332524066	0.914065724213775	0.693071823411089	0.815935766025895	0.85285726498753	0.727837007075272	0.159944401593176	0.940308353584552	0.617185988181484	0.933567929805009	0.859505876112439	0.652603296850573	0.807235476338453	0.783201550254851	0.93608498507874	0.716014824085112	0.768268891272304	0.844565509978209	0.578859754661297	0.846834676899049	0.613575721443301	0.599601944248477	0.886117738245471	0.572398208540289	0.534272615537676	0.0214922839369253	0.0962378105076899
NOTCH4	0.601681975229293	0.820651774280651	0.711342025527005	0.524801230761612	0.698396628512252	0.447710818777273	0.363908811782782	0.516261174583696	0.805244561162604	1	0.760594471620284	0.650649810113984	0.765583323822396	0.64165728032668	0.825926108335505	0.658768612162307	0.797685668997006	0.761307357598839	0.837383802099751	0.654902723500519	0.742880566026915	0.499730058193156	0.708790324891953	0.78705465655214	0.772451978317664	0.479016017756963	0.871237405945831	0.429576529324186	0.896164378626299	0.838255593256248	0.814825096098739	0.640718237859626	0.557202329940945	0.748307628263173	0.753747970296086	0.796845384430563	0.789004351569462	0.830659592976215	0.416373322090882	0.814768506663549	0.91293365161579	0.733869818818854	0.760015677733709	0.713822734839486	0.754707930533034	0.775974763239511	0.772192283522843	0.651671509071134	0.669117071458126	0.747099091376994	0.653778801460894	0.52593970180945	0.442098573967024	0.503505877417097	0.555314986091382	0.872589324132568	0.840088203319256	0.831735291788149	0.693058163494577	0.71583738869388	0.483588141891619	0.556073514689664	0.615836627577165	0.735862469362829	0.822540995565237	0.73605965596994	0.688985369327475	0.797108821789074	0.878546575442151	0.770926187223956	0.71277272483353	0.928250117833242	0.575438132436547	0.533649573003032	0.750649789939865	0.833287710627503	0.80575783106033	0.668270585990921	0.825569186589175	0.827776077400091	0.791460030987868	0.633598125568224	0.809588391262426	0.69587044733149	0.742765040481162	0.877134241060491	0.825283003472896	0.717926694428241	0.799433704050173	0.713767744720457	0.639704000028038	0.737124927205891	0.704727874794553	0.606362320012993	0.829201409402346	0.819059318674368	0.360499188058307	0.734219004828341	0.792467251406718	0.791935805546387	0.718318198638913	0.71577099280133	0.342172741147035	0.765757671170294	0.513131500554575	0.74210712480273	0.77103099050269	0.560600706589194	0.607712922387321	0.840807745298072	0.75453745016619	0.816275714279222	0.557316740267525	0.893435753046289	0.718993984151124	0.818708050263266	0.706569827195498	0.624592314043982	0.747370240440361	0.626871374271417	0.839815781051886	0.169213499544691	0.280374885608743
AQP1	0.766122547865923	0.910379639530744	0.875283921360649	0.7113838615151	0.862160834825317	0.584672188009002	0.41281547195224	0.615607982019255	0.89047801375479	0.760594471620284	1	0.721046216867962	0.898388011757074	0.877673266006471	0.868526251906427	0.798057820515527	0.906001246966799	0.923102678864631	0.857674992372724	0.815976633815803	0.924734682856129	0.516093625475321	0.81232066318651	0.914267103667429	0.898361937187676	0.53361125699051	0.872335107099318	0.642713896851862	0.803695974123018	0.803998767266127	0.890080552073714	0.805738100039113	0.643906206412536	0.868272183633663	0.887402865071296	0.901294994815055	0.936860548677481	0.931958520590226	0.624173836975747	0.706262631805467	0.818247390102368	0.856306648064923	0.863242294379464	0.871260309206522	0.881577410492808	0.937688492159559	0.884799180873132	0.843589326460969	0.699131891775857	0.822622016363129	0.796519171463021	0.582707573864489	0.467014491429376	0.621771017954603	0.746504055929838	0.891182289293587	0.887754013091196	0.807290865857694	0.868234343840347	0.810133707670654	0.700362557168352	0.580328964187582	0.769975659862068	0.851541306997066	0.917532173438285	0.903401130446628	0.8843691973058	0.799036501029705	0.881775099059174	0.880031089699914	0.85704723497032	0.723615149800374	0.714138664896754	0.670527333413228	0.873553995470036	0.916365245231115	0.793208844143375	0.855051193661127	0.835678170229448	0.850538617115902	0.923476513776616	0.813094744834939	0.861059997369212	0.892336826751187	0.897970889676375	0.742036526896721	0.945091249539476	0.611761954972439	0.740634187794025	0.554259502028209	0.817981615470271	0.925848188588258	0.822140867889903	0.71511376292918	0.772369702447436	0.822276034143322	0.325361220185416	0.809471012359586	0.655325578240937	0.739174332273681	0.901041432713987	0.72488286406043	0.256199388738065	0.898936845848015	0.616868105537821	0.924404948951647	0.837728818610441	0.699669737780906	0.78907135089423	0.77002966845624	0.935956374401121	0.598232672178361	0.743442102522495	0.80887906570669	0.541856578061719	0.779102770340933	0.582724199859594	0.588570398378907	0.835330279331972	0.527276814761414	0.505226585482482	-0.0387487203834642	0.0511983029564274
ERBB2	0.560523131088313	0.788342233837742	0.765265415256678	0.833652566902664	0.865856004977962	0.751479099110394	0.671823978411834	0.791778643621158	0.684002330163642	0.650649810113984	0.721046216867962	1	0.790839814286802	0.761143326802776	0.708433533918746	0.823986131359782	0.762102430542504	0.763117685755213	0.791564283101126	0.884982568033569	0.768664930386105	0.787044956534337	0.73795907116234	0.766548526706097	0.847894653442233	0.730004593211435	0.745838135000819	0.72664532683973	0.634892402267711	0.726631676381075	0.773074629501125	0.825636232338513	0.799953329992488	0.814562063667945	0.799457279365291	0.862704308369023	0.746412241416292	0.724647665514016	0.78296749394135	0.779129782877982	0.725488479487915	0.822074532844166	0.829003432662277	0.749187261362171	0.812122576401544	0.706116069554542	0.799888450684895	0.668607312271308	0.814326267706344	0.837780278419989	0.714215535827175	0.639394762038189	0.710735431181807	0.767976990611131	0.748502744351879	0.75996823270177	0.668688038235247	0.806647026950869	0.714833711328739	0.726311357223981	0.662210965564466	0.582001086625898	0.855482779254076	0.789403182152319	0.73300537623604	0.7697054275651	0.723925197948418	0.757696240434017	0.773399514957119	0.771594129900175	0.817165964723901	0.598372603002201	0.83359724846829	0.782927832165942	0.72459598909949	0.76451009003904	0.767004649884205	0.782791946429866	0.658353908661808	0.667763643006037	0.753227676320411	0.756812462759682	0.759035569586136	0.618387727899905	0.833931997358698	0.689018219121109	0.768784312471131	0.702301832998893	0.712180426602238	0.57269689741937	0.663017801082684	0.792334942019323	0.848972085975294	0.851785126806482	0.778170869840636	0.733240027448786	0.573105055607608	0.666024939931316	0.715483270808774	0.730425066336431	0.803037349724453	0.702090131841774	0.572254678566145	0.738783042913443	0.733307624562954	0.700748788746623	0.857864472291461	0.75706471281802	0.8225007067727	0.700678192206092	0.64583492781015	0.466607932874719	0.786056835360634	0.775034991920979	0.428178274955916	0.562592745601525	0.657514840230026	0.74668438666577	0.718742696410295	0.414915774245006	0.434660392638279	0.0248360645503816	0.0655556075954904
MYLK	0.74374039126884	0.930486976547538	0.871139328290609	0.729719013602994	0.90227546478967	0.632660433911101	0.476505661891086	0.672597815488403	0.900888365749282	0.765583323822396	0.898388011757074	0.790839814286802	1	0.900088925222229	0.831730821261157	0.855460711015639	0.932392147081502	0.93484733899435	0.905090570344032	0.8412122770057	0.925114124229573	0.582380315066948	0.875692292951857	0.919133972203565	0.935011619010032	0.604894505453141	0.900872228217443	0.676810339950034	0.825131913105327	0.86726458457372	0.916075957321597	0.833348836012062	0.706069846385738	0.942214130665108	0.915988848918106	0.92725860716408	0.938013682481505	0.92777923710473	0.679873680853446	0.765212863162166	0.848882862901844	0.931762986080542	0.912803851589413	0.891402840126348	0.885760069983448	0.921348917163498	0.928656241292014	0.852866942427395	0.756846847945696	0.85938245363578	0.78747765015601	0.68835406168807	0.553686218837499	0.675909472999761	0.774113401909964	0.912335864415563	0.877462433437393	0.844884358112324	0.897204711924849	0.873944306240489	0.762095743885546	0.582333112190389	0.79392276641908	0.915389119258626	0.917794472898025	0.93099419742164	0.880015002078747	0.839126568244798	0.911422373568756	0.891221556666628	0.888870726576261	0.694216009541377	0.807045767186016	0.728283955257442	0.906663584268355	0.931287349004123	0.870251409287409	0.877570237480262	0.829319104250194	0.887385503628977	0.888596040683956	0.85177028590532	0.886892145552153	0.868594417818574	0.916034871543703	0.797295307487172	0.923652465524627	0.608649100779789	0.819017956465044	0.575397209268396	0.835520380085439	0.936401112725066	0.872488812931732	0.779946474675956	0.869780765962731	0.880026678232722	0.37714492788464	0.81448174020328	0.732715455011966	0.77891872935205	0.926187839732243	0.761495549257576	0.309861137000307	0.928809762380897	0.665218594215942	0.892648953949681	0.853744264437819	0.740757447088894	0.837463572841582	0.831476877711154	0.902768930188083	0.600196880190665	0.794055696778647	0.840827996510152	0.568363099581867	0.81020518573481	0.613973983893726	0.637901988109179	0.890647668803727	0.56273766871793	0.547712120067706	0.0406782779612542	0.103657971800425
NECTIN1	0.719947087747656	0.889566754487907	0.928656101635712	0.852461311848184	0.927903053544347	0.631688100800925	0.496741979268246	0.745944395011116	0.859071841901932	0.64165728032668	0.877673266006471	0.761143326802776	0.900088925222229	1	0.781910465314276	0.853235032368693	0.90083152118124	0.949058926925251	0.859512544586058	0.867101683588646	0.938519938607872	0.544370688135829	0.902179569553729	0.922433414498104	0.915606097723352	0.624447114557628	0.780348052339938	0.804769328144966	0.691244966376107	0.751708965402292	0.900495576873766	0.914188935068472	0.706978181243226	0.908759366910289	0.934787317828031	0.880469357722974	0.917659647019367	0.89156723889661	0.779744976783387	0.640284658348371	0.756786956924583	0.916098053686563	0.872400448964653	0.903805522377481	0.905698035948376	0.925671934285221	0.910855985186237	0.945415647216537	0.749639681580623	0.82988524693057	0.872073719426208	0.58847509889414	0.538513999103791	0.706477899307625	0.903097316124685	0.836734333549441	0.840082597047891	0.767735111955525	0.939364136952032	0.882325605276967	0.836505838146362	0.544050030152255	0.849695585934011	0.798888558427808	0.862326790470556	0.926208193574416	0.931936852926486	0.76353710778083	0.842751219297457	0.881305495050577	0.890670434472225	0.529202825722614	0.75779524209028	0.792466866351477	0.927972976858971	0.876814245605904	0.767595462887098	0.94083597647082	0.738103866906697	0.79652668006491	0.890140597477119	0.937032734688832	0.818692127481998	0.907186560801812	0.932020047010826	0.669402728773028	0.888599421973209	0.533303400588457	0.687389836840013	0.46020606922558	0.930474476009307	0.923600181290234	0.876040234951649	0.831356672985562	0.721130929767728	0.840056656214132	0.31556788352463	0.860688342633409	0.57627403618181	0.699058712908577	0.899844288915525	0.732995122443289	0.310139411369022	0.928602435436303	0.730050541210232	0.923321722513236	0.846424237664549	0.790201041164602	0.915286636635664	0.700305173686916	0.908675052649651	0.385849097006764	0.879567256183487	0.745323879664429	0.424394811888455	0.760141679312756	0.538075469390211	0.614437683575206	0.865723472268371	0.49553896829214	0.359137861370122	-0.016442741783049	0.0125295400700809
PVR	0.673518808137638	0.926113087340449	0.902459125426055	0.696998712719065	0.800888488378993	0.640503570336367	0.557731087702214	0.737140792587898	0.900850651042006	0.825926108335505	0.868526251906427	0.708433533918746	0.831730821261157	0.781910465314276	1	0.811978505339634	0.884143272793652	0.867553378247959	0.886924196349953	0.767633321260611	0.867634684629583	0.636011906366142	0.772784781681986	0.93258275158579	0.890912662789118	0.714925875706157	0.947331605206826	0.466871021940061	0.873554125882083	0.898432790053936	0.891191444719712	0.819525484572859	0.654563918886804	0.883237018611442	0.885967614222262	0.901936437179107	0.873452136263701	0.924583565851486	0.588301707927837	0.845333282471069	0.862484023995928	0.874264566658734	0.819277031842059	0.800288220224882	0.877999124653131	0.89525121647144	0.889008974620975	0.770114964416938	0.8101318316631	0.801204606202811	0.697901870056145	0.583896080454391	0.600729377756276	0.681838528388599	0.670939862932916	0.926410380704166	0.923429907688048	0.865926787365546	0.852891195187421	0.813350022818409	0.552967584142908	0.58660651474739	0.745583202638587	0.746229128489344	0.916372290055355	0.823248879841341	0.83009952960652	0.850676199665514	0.938551635416597	0.837015761609899	0.79469586263036	0.837038724005784	0.719776426831924	0.760145604377799	0.833528940562413	0.944539455101659	0.885661383532123	0.830226567909124	0.856024818508172	0.906577708209839	0.870350021818206	0.761530214455729	0.928846791632093	0.842867351717264	0.891672102808044	0.812434830120429	0.923436711320393	0.710453034664331	0.790719092094303	0.759742462785859	0.754698207801802	0.834690636271534	0.841886401872894	0.737673221300481	0.799771780599928	0.863812081671736	0.530299061719238	0.884786930760653	0.822048646316092	0.918421595887683	0.868945489194534	0.861848576379444	0.451787235159627	0.843796964954127	0.751557950361374	0.87419884956722	0.883172361659964	0.608060504159049	0.734828989595551	0.787921458667184	0.877095225392491	0.72495790724185	0.682866173773687	0.921920937001969	0.632832501915895	0.818096714901053	0.701821845549156	0.760392124761795	0.798356381425452	0.60095262195106	0.611858918512641	0.147459230243039	0.152773041926003
SDC2	0.727771604874958	0.849358718725804	0.887362858060659	0.857080236500871	0.892029299613876	0.765220605159808	0.803088603357289	0.827263329206458	0.786617623347821	0.658768612162307	0.798057820515527	0.823986131359782	0.855460711015639	0.853235032368693	0.811978505339634	1	0.800523360912072	0.84236252208363	0.822251322203779	0.88589834126406	0.877303380991504	0.701649645866222	0.784836794864579	0.865227829478263	0.910072658331391	0.787316232279079	0.819196790928296	0.662165456751083	0.677983146408864	0.773295079594592	0.860663326704541	0.88791559025251	0.897302342882377	0.869876040146468	0.891886729256547	0.902389673792764	0.832295519872386	0.811112382826519	0.859318815705581	0.786108515919105	0.702629760425295	0.915539112936867	0.835740943033556	0.859702350042943	0.869329038700163	0.815556578810175	0.861805872218412	0.790579285287583	0.845381299420463	0.939207434977969	0.815195071445246	0.842803026569601	0.691537634457679	0.907467737409645	0.798368108158677	0.872958785701662	0.786766510267775	0.806929950085009	0.800424516035677	0.779687666052942	0.849961759130415	0.713793323184661	0.885288639615821	0.747614736346937	0.823826404795938	0.816972950271647	0.834857209339144	0.810966147899846	0.818917354583748	0.826766438903527	0.904960770904079	0.581698042572888	0.864843456979301	0.850684489964947	0.817800555099833	0.845494104620166	0.780343778804874	0.905320335477328	0.794462557049585	0.759089793287284	0.830534269680034	0.847620441519557	0.835784826209691	0.746112855206479	0.887826216598142	0.767194327480629	0.843975659013718	0.705809330323636	0.736054450831406	0.599906592544536	0.75889564939169	0.829533718894527	0.948140695316467	0.913451286710018	0.820773659368925	0.808673152930285	0.551782491981946	0.787261602682236	0.70297238458234	0.820789133261283	0.850360118868255	0.796020214991806	0.570285239620836	0.807141689826669	0.792903813667671	0.821441894928264	0.906662488121725	0.852749703105633	0.908753351270529	0.66636743046779	0.784875313979263	0.493428819296373	0.909529768378089	0.808042104004186	0.430703332460996	0.669776710686627	0.648004722391295	0.709654187608528	0.71532427223284	0.446479038357397	0.413558358378402	0.0190226027904849	0.0412517653735572
NRCAM	0.723675405932602	0.974472327406598	0.923417814475613	0.755205777581901	0.901518803645056	0.520479313173392	0.387589557676625	0.678583229391943	0.974326593257315	0.797685668997006	0.906001246966799	0.762102430542504	0.932392147081502	0.90083152118124	0.884143272793652	0.800523360912072	1	0.963554636891122	0.971975910826289	0.828831139538156	0.936859080259457	0.525645918125589	0.94168917893593	0.956550405304147	0.945973237578801	0.586607970496483	0.913705928266421	0.664113096049944	0.873227230029279	0.91714785276117	0.957290451011583	0.862598001155769	0.628717230572607	0.942260930005261	0.961468382928319	0.919626691369281	0.968419274097432	0.975560207311127	0.625012149895846	0.80501537830658	0.891112565131053	0.910885893296836	0.923441118178675	0.919749735987909	0.905376726356647	0.961361264873329	0.958582054086859	0.916294593443026	0.749300684941494	0.811784018967627	0.827690246669778	0.583289920850585	0.502021768457919	0.584860120937587	0.814452993794109	0.918966049046643	0.953874413840073	0.863325644414719	0.945276668729906	0.950504365033567	0.698612186434796	0.599489125140337	0.797959437792719	0.900093238428009	0.965388306881831	0.972895847252462	0.877665622639695	0.860196839457714	0.95222611786501	0.95404247023672	0.898205466902634	0.711980952446894	0.728253780150714	0.709005878680665	0.960879776054411	0.961676895265625	0.861971411036265	0.905705301065084	0.822851217271595	0.939161731882097	0.926391434912429	0.89058541918207	0.898161679260928	0.943243649063978	0.935533855256858	0.752656600958473	0.962741122380497	0.677987207694155	0.817248328952475	0.600580978543618	0.910452459710165	0.945413881836534	0.864034580138015	0.777114041399229	0.81676714902238	0.905449437480238	0.283829333925786	0.905907112043829	0.713564151728602	0.801788840447604	0.914338952590183	0.745786710347286	0.215850750215466	0.967298307607831	0.667588951615636	0.926062253517183	0.880125219645683	0.700516036511832	0.842259153603042	0.829199887751206	0.928745447732658	0.654760048168476	0.783321337441123	0.861965940953176	0.585818430599154	0.852291102850369	0.624145818758646	0.654348453594782	0.938094929319277	0.592336138440261	0.541383027235766	0.033582664378678	0.102237190987501
