""	EGFR	SDC4	PARD3	ADRA2A	F2RL2	F2RL1	F2R	AQP1	ERBB2	CHRM3	CD44	ADCYAP1R1	ITGB8	KCNJ10	CADM1	NRCAM	APLP2	PLXNB1	LRP6	CD9	CANX	MYLK	AR	INSR	ACKR3	SIRPA	CD99L2	SMAP1	TNFRSF1A	NOTCH2	PTPRA	SLC16A1	TGFBR3	PDGFRB	ADCY8	SDC2	PILRB	ITGAV	AMFR	TFRC	LPP	RYR1	CXADR	NECTIN2	PTPRS	TNFRSF21	CELSR2	VASN	IGF2R	PRTG	S1PR3	MTTP	TNFRSF11B	EDNRB	SEMA4C	NOTCH1	S1PR1	CD47	RXRA	IGF1R	ERAP1	ITGB5	TNFRSF14	PLXNB2	LRP4	NCSTN	ITGB1	SMAD3	CNTNAP1	LRP8	COLEC12	LRP1	TSPAN5	PLD2	GPR37L1	MCFD2	GPR37	TLR4	MRC2	CD81	SORT1	ABCA1	C5AR1	RIPK1	VSIR	SORL1	RACK1	CD46	C1QBP	AXL	TSPAN14	CD74	TREM2
EGFR	1	0.909340350243295	0.672427838889609	0.259182269340202	0.812534809260278	0.748506336188752	0.84398241942491	0.990840060615476	0.75299083747813	0.898751764513724	0.934749842414183	0.875326713245872	0.668515664538276	0.9472540148506	0.931746007282852	0.898255006846728	0.916285417987589	0.941663146607328	0.536045830930143	0.925536731885409	0.877940024242587	0.789041532823287	0.700468774901452	0.600528123909324	0.835139397067668	0.890863374636223	0.970729593877909	0.891702083892393	0.92616423787646	0.789758415494252	0.962743804410789	0.792893672705456	0.937140302088035	0.670520731075374	0.288082612621114	0.900066747311564	0.747094887358277	0.947240692668604	0.75639165431921	0.892910453563844	0.880952841721611	0.745075778324427	0.782044852372027	0.940295619153224	0.349164207525731	0.978634431617264	0.865950458896153	0.82797033261529	0.795653720785664	0.53134057334199	0.776119327652546	0.943504484613012	0.946919955045548	0.887798510680912	0.582443089404244	0.712384613449139	0.844141672742834	0.927339423780765	0.753166561234921	0.605469693604425	0.834873324027826	0.858169219445595	0.863406365204617	0.763281817569276	0.914307168760083	0.946542664388873	0.607462356701008	0.527876596024316	0.897265692287292	0.975829913060738	0.461521916875535	0.959031032922694	0.938923764453176	0.764899415887475	0.989279500746884	0.847127342939254	0.982301198427256	0.575011836154457	0.860745602386283	0.964401125356861	0.826025970146347	0.72636956958171	0.171501502905125	0.818339180490342	0.709378639865347	0.630926424381866	0.587555570335083	0.70591735040314	0.956998660238836	0.394088115882775	0.422924864191149	0.491315773348267	0.278301404369263
SDC4	0.909340350243295	1	0.858193295929049	0.456347854480404	0.897323638637414	0.916658590161413	0.952958885133549	0.919119003487525	0.814461279190335	0.935792944378999	0.985009631458411	0.99057170015048	0.893801967404926	0.94688407994779	0.96636445458837	0.978298619242297	0.980494221682542	0.979236617814907	0.783586056499444	0.914406994061523	0.976942888499656	0.919742480939165	0.89024601797974	0.788855541086746	0.889322541345362	0.877097410823127	0.930360066332057	0.869187100205615	0.845709044316766	0.928090166345964	0.969378770549353	0.938795237563711	0.977847657469517	0.874859953571453	0.610034913853266	0.960122575077799	0.915963373064907	0.961299660139874	0.900089320100756	0.90657948838285	0.938801674829469	0.9121912528476	0.937559788303244	0.85961235330754	0.665222955410279	0.844723278357097	0.955000200463085	0.965852756803833	0.827100241247338	0.772183926831528	0.766045744072633	0.965928262182533	0.878740885589417	0.959170082528757	0.768716478377787	0.88820764080706	0.879321139025117	0.90956515830906	0.907573133534977	0.834893056786415	0.882621443504898	0.956367415472167	0.866674126176677	0.813539257228765	0.986508333635298	0.943174997969945	0.683494554110464	0.735002802931363	0.886900327152137	0.896039539792698	0.632008210366753	0.931586354773311	0.92728605623019	0.8710236865462	0.930192451000804	0.971284186583455	0.933126694640072	0.650040460636386	0.96663868194027	0.863276013768802	0.844057382803472	0.902432786234149	0.213452010571634	0.767664487128812	0.691795072177578	0.694910498552917	0.491357551653508	0.811808643307191	0.889327090738017	0.335733154131688	0.384164260696642	0.355439368000573	0.206624997502568
PARD3	0.672427838889609	0.858193295929049	1	0.550316788009774	0.710934026143186	0.880929636768623	0.877981086381213	0.680940360952586	0.737141041164582	0.777796332588445	0.836465657087345	0.880114441414677	0.907393047778162	0.721583011382946	0.830751089083179	0.871016315413384	0.855766322637259	0.841384964717074	0.840482395213506	0.706286547883365	0.91130872041758	0.901030738707294	0.848957240686453	0.802741865755519	0.729447131866132	0.737701076781401	0.761974174454251	0.680908315081065	0.670878186449389	0.874047318985805	0.819466716966809	0.92004833330375	0.79545046939108	0.827047849191253	0.798533089755486	0.83865385702852	0.882866211371004	0.806454853590373	0.88417616128743	0.776558634241583	0.847001113868177	0.896476082745891	0.88061803041902	0.650082493961298	0.732257959888628	0.615398144169904	0.914864867634576	0.870951148218703	0.804942553869297	0.840815443738937	0.637823356263753	0.82180910306204	0.687629060372215	0.801538012021429	0.740621506817464	0.904269884017891	0.694642744402587	0.733799309160338	0.894420961738767	0.931857880292218	0.842305179722981	0.834681679378518	0.732076076108764	0.790912416262675	0.858856179368391	0.769134881510783	0.667710888341951	0.768490465523554	0.755746634549614	0.684870461974119	0.696584295791344	0.769721199407168	0.777491286649387	0.80775014465648	0.727741625143701	0.889073334496104	0.754278414466194	0.66470242344685	0.875308838883751	0.635983617344242	0.776415426524329	0.874633934722901	0.299939994283788	0.646486889792559	0.616687264848486	0.683390921507338	0.365587377683787	0.86101341842881	0.676363608136333	0.296222738409801	0.388255206784659	0.251686602371016	0.166473327995094
ADRA2A	0.259182269340202	0.456347854480404	0.550316788009774	1	0.457338117650019	0.47692005805213	0.671946713663653	0.263145388775029	0.732623903387637	0.369155457474002	0.427253113943384	0.545342715490583	0.631024236898791	0.489112875570839	0.4620324387417	0.421489427945479	0.398797708644909	0.483075003539911	0.758619940369144	0.382684572438331	0.455322024250257	0.467909715100848	0.715298590714335	0.687767817683242	0.655137113601181	0.336251415341613	0.247565663010872	0.44516316468742	0.151164376526114	0.559965745904943	0.398968647791673	0.631458610760131	0.483684338483869	0.538914478111967	0.783972688194895	0.341809859560198	0.548484573644483	0.320825281675025	0.662127841932084	0.429468979800678	0.420168603505942	0.507135123179561	0.435412290675737	0.173012543216647	0.48501212792529	0.111379280668017	0.433511481778576	0.451260774511337	0.199399240870679	0.596349596749338	0.623963359786324	0.414986512452535	0.120489786250013	0.553283852316407	0.552982691910005	0.632961628135257	0.436556430158659	0.360371242308324	0.466593705300676	0.669908968361599	0.474911225391966	0.508385667877017	0.134744516348657	0.321513064262779	0.41432946727501	0.369613030179676	0.194459726830645	0.339674186456966	0.564341851600342	0.18638826259062	0.682764903483275	0.250038988364186	0.436749270842448	0.677003144894541	0.365676891094409	0.494294760186095	0.337761770497845	0.119237467827236	0.371822752121364	0.227017973697834	0.228362045839076	0.582462211663459	-0.0626895809074361	0.00551210088886646	-0.00988651256727615	0.252311749461605	0.0189551637564529	0.383725972281958	0.369993641414323	-0.179333702137497	-0.205051715122715	-0.253471310302158	-0.264023599597289
F2RL2	0.812534809260278	0.897323638637414	0.710934026143186	0.457338117650019	1	0.933460341478359	0.867907470978798	0.842080847338426	0.66147308462914	0.878832378837678	0.920951060839782	0.889411543816495	0.83161123174979	0.859140444302777	0.836188407021635	0.91942322573791	0.873670976272898	0.875347136263507	0.689676130628386	0.78047500195579	0.855843613190527	0.759372719399472	0.840181696086686	0.716928942227668	0.797509887569333	0.713287800923543	0.813080254431586	0.705689502232887	0.697588658912128	0.822194001010582	0.828072626560505	0.832146243845478	0.909398937820501	0.892408311596233	0.506187040341835	0.911402106136117	0.85412546264723	0.847449418552781	0.747440734310366	0.753743011944381	0.796977608058576	0.779267624846241	0.838074084568229	0.654666522573207	0.624650497079672	0.734769677105829	0.81589559515288	0.864988887876163	0.645239774324129	0.581390734666837	0.589040141410162	0.856071111701895	0.743223989080073	0.922057020280842	0.738453290519011	0.793980662453449	0.730121935649447	0.786143789256518	0.795595819398761	0.760043896391308	0.741355052624135	0.897357494417657	0.757239362418595	0.629796568428251	0.912232598535601	0.847932049495674	0.504060065738507	0.623165678566399	0.785032621523627	0.76432478844129	0.431437648107287	0.80425479520996	0.770148527775711	0.780235734138352	0.84692644992762	0.855812566731436	0.800822014592753	0.578509499286237	0.875167401839553	0.717874609046104	0.698312737075938	0.820546679575437	0.0680214135442343	0.667740618369536	0.587128636434627	0.556800566929614	0.314241967091085	0.667197254582805	0.751888029908752	0.233870559983237	0.225321714933723	0.19719059648236	0.0763154499831258
F2RL1	0.748506336188752	0.916658590161413	0.880929636768623	0.47692005805213	0.933460341478359	1	0.890082656415513	0.774149190240452	0.650195483595183	0.868924654010269	0.922079006071563	0.919098079905305	0.927836118509721	0.793682334747855	0.840507958042548	0.947995055127346	0.900913313405123	0.872598574840997	0.786669028610866	0.74582581020256	0.920506537229741	0.867238549172281	0.8937227202419	0.7920404347825	0.755364337625839	0.721799841873672	0.811032428068282	0.672341590458172	0.687706733521415	0.874914791106223	0.831103121006551	0.909454963540062	0.880377340216815	0.945704247229443	0.679847419958932	0.93222710549846	0.925962871403786	0.856578908170464	0.819690814694997	0.760866752133014	0.844454207883016	0.884709219366712	0.927904091648349	0.634886122258579	0.77332952172482	0.676259676591412	0.898774938638632	0.913759303649164	0.754867641261377	0.751973697595195	0.55253323596003	0.855697194257105	0.727553949611238	0.894259461195718	0.790013702857199	0.884634598415958	0.704378748552696	0.772770353648817	0.888387192509815	0.898560628726833	0.79737720310441	0.908868521735796	0.785575894481689	0.717289836927544	0.935448611979309	0.824203280127881	0.610246267967612	0.772243384509307	0.76228169608364	0.728640171222372	0.521429146689924	0.807839440540438	0.759939906679756	0.799244606704006	0.790442341571065	0.910313679130628	0.779495067635685	0.684505349675054	0.933866928782995	0.663964862448754	0.766184746067467	0.891248377912446	0.193556111260615	0.709456671940717	0.641440486049356	0.642744233524187	0.316715738139175	0.793299730885217	0.695119606938808	0.289818065550632	0.329412829682565	0.214503103962098	0.129247837282521
F2R	0.84398241942491	0.952958885133549	0.877981086381213	0.671946713663653	0.867907470978798	0.890082656415513	1	0.850696094713156	0.907523999532445	0.877356445149969	0.944775876067092	0.972276001078934	0.908702174534515	0.92804968371708	0.939346712799062	0.936109144695197	0.93073249739557	0.961109668464762	0.853624294178721	0.87916658221947	0.944963034694591	0.907060776271327	0.941811983373027	0.845348376968993	0.923253072196309	0.842596424507898	0.865813331565697	0.863588891156164	0.772639354502396	0.93022943676972	0.930915751140072	0.968079190571683	0.947726738603739	0.866586649493304	0.711138636580843	0.899698996327799	0.917696006503584	0.894048346522325	0.946003706657758	0.888283035500123	0.907467654882259	0.898505584593256	0.890498184324063	0.765005989146352	0.639236061434239	0.755511991276185	0.931422260441084	0.908811058857433	0.763227261414122	0.804589441170582	0.826624706769358	0.931406922182232	0.765786772777077	0.958566734709872	0.789349480505228	0.925707813981374	0.843394132338179	0.879475927623716	0.885658852145756	0.896194441224649	0.911218857083245	0.939633722087682	0.770249026725007	0.794481446288603	0.935908304415358	0.908086786626595	0.628710077532804	0.686240786336641	0.925615037207983	0.811779956991556	0.712907007857985	0.861742589956599	0.908222660668277	0.93277528517873	0.894171367752462	0.947310394375574	0.89336541488492	0.590625723579139	0.904498085132714	0.803140036699637	0.787164182900076	0.909885194752435	0.172533534950492	0.660838989829348	0.596921029289312	0.671875863446231	0.448515784684842	0.809334732814896	0.863338027274629	0.256114091598506	0.277721703846815	0.249409374297872	0.117113711700437
AQP1	0.990840060615476	0.919119003487525	0.680940360952586	0.263145388775029	0.842080847338426	0.774149190240452	0.850696094713156	1	0.755109718458046	0.882526447776902	0.946337394463352	0.88241528777626	0.67048043366233	0.947468279538897	0.917480388297999	0.910649475788776	0.921305725760547	0.938422846906566	0.522694557017959	0.905264422030748	0.876263285666757	0.776416837867146	0.701636801878305	0.580627037803931	0.822105479150893	0.87821424181016	0.963548953252755	0.856167697774476	0.914668433999691	0.785097592723186	0.954286808673853	0.782142491772246	0.945331838107339	0.698729579660043	0.286025969202333	0.922805846428203	0.74316793070936	0.944063835001493	0.755203053517597	0.865445590432606	0.860149199762006	0.744269933714023	0.773343905458888	0.916513476721676	0.345760182020286	0.965258413855623	0.866703448447619	0.841386147891845	0.772540788130462	0.526095195290695	0.737076995560047	0.955179175152706	0.925223477424944	0.902859229602039	0.568241943637133	0.7083054758937	0.840089168897163	0.911173001984408	0.744632885510542	0.611528669184018	0.832673452968606	0.861145952007232	0.857821238348749	0.743577800131036	0.924923335069363	0.932056531718064	0.575178542845461	0.506921305878304	0.872271569746026	0.971999627791493	0.425687435432645	0.957272473054185	0.931611553988013	0.775782640436471	0.984593125815935	0.850210473107419	0.978608236280642	0.566252099587209	0.862715555630579	0.949414098270322	0.81216244896257	0.728140841102369	0.119249655068564	0.799959772140414	0.701773232027383	0.610472639345259	0.554932082138287	0.690997346250334	0.941435855579802	0.370338675350217	0.389135854868333	0.450707231889641	0.243798677952194
ERBB2	0.75299083747813	0.814461279190335	0.737141041164582	0.732623903387637	0.66147308462914	0.650195483595183	0.907523999532445	0.755109718458046	1	0.704353409696403	0.791674226168268	0.850177240473793	0.732672710065323	0.879081699854849	0.848778003517579	0.757788581268448	0.784489471513303	0.856961009789653	0.763661962075026	0.811975357297902	0.78568518864942	0.750092746594913	0.814492897145859	0.733377055615143	0.913457772876093	0.776297830400875	0.723557322626259	0.845461121060474	0.679380305800856	0.807107164696367	0.829826933970553	0.830247002346074	0.832275033498467	0.6589098592382	0.648778779590438	0.713669728908161	0.719539443693208	0.749152359296979	0.885980157659472	0.809643487315406	0.774279902648118	0.736974441362161	0.684766304939327	0.720190089919492	0.426093809138002	0.657617440001545	0.77413182051512	0.769564327938523	0.589963710584769	0.689187676244891	0.892892736549141	0.839530606502994	0.632241099006404	0.850925408018781	0.608545951354705	0.790769731566006	0.854028920300137	0.77733680295691	0.70730582971881	0.741106224422981	0.805630169978315	0.811629778875898	0.580276797516533	0.669450991576343	0.776512064235692	0.787309797110824	0.49102869306514	0.47685673251816	0.886906576593034	0.720872411468797	0.766244039938877	0.730237215854653	0.864813660397823	0.893345941883274	0.81427847233358	0.808971490671184	0.814294878983984	0.375317409400144	0.704687546854999	0.755501434318752	0.624668703567874	0.763993392861956	0.0594524051941004	0.451125605328191	0.405596927110215	0.523815957611018	0.433264426419512	0.635180335368874	0.846832406891746	0.125784797712698	0.11719610378381	0.171766954405064	0.0253409030035197
CHRM3	0.898751764513724	0.935792944378999	0.777796332588445	0.369155457474002	0.878832378837678	0.868924654010269	0.877356445149969	0.882526447776902	0.704353409696403	1	0.925113109551959	0.933463954130501	0.857489263799958	0.902931933388657	0.935284289151299	0.921229488573798	0.913250304782909	0.932250921370481	0.753907961191625	0.867154981132772	0.928138819788663	0.83799797688263	0.821209173236557	0.747988039080437	0.874338943447846	0.793522261455045	0.901653040651232	0.848116735474776	0.789335816051787	0.864109458393396	0.930368871102587	0.891944469368726	0.930630778824055	0.776177239593901	0.542850572330031	0.882613469349511	0.881257715516761	0.904577688546804	0.809419673574556	0.876517098130405	0.905397997802057	0.822622808360646	0.900357338901728	0.821287143751551	0.639777842556672	0.845478317545947	0.884090510635546	0.886464822336342	0.768454691198608	0.64379785670213	0.782535366930332	0.889520301852608	0.904314396869722	0.884856788943243	0.734650273307925	0.836902642619357	0.829322638330297	0.855097260165635	0.857472565131418	0.746719479152959	0.77922696513	0.903318512656688	0.824376329715418	0.742130669049587	0.936522587104949	0.938893033133361	0.62694974457881	0.670285703923058	0.868955493245641	0.846671376713163	0.614221500739203	0.872589369564405	0.8628628321286	0.769922063630752	0.916155174451828	0.890476441474572	0.883054784232896	0.586822985867124	0.915791679921266	0.825247415345113	0.764405318316169	0.815238656240404	0.186659965088607	0.746010948726817	0.645399723525305	0.622074085888171	0.4345937947507	0.747915773356896	0.867530788464818	0.285591751354322	0.348382404242269	0.341494506909258	0.167751030833341
CD44	0.934749842414183	0.985009631458411	0.836465657087345	0.427253113943384	0.920951060839782	0.922079006071563	0.944775876067092	0.946337394463352	0.791674226168268	0.925113109551959	1	0.969829305223831	0.854541380572602	0.948184860541294	0.958164734370063	0.989174514158651	0.984097879510088	0.980647552796685	0.720923362339427	0.920785835913835	0.966992298253203	0.90568287896391	0.870959646803731	0.76927959494762	0.868192246988037	0.897177736424034	0.95425172041075	0.863895506447626	0.882663289809702	0.910114204650662	0.969625314642345	0.920287103877294	0.981190587520474	0.88008174110202	0.531781568563825	0.981127721779782	0.90221761714299	0.975855191878537	0.872905348488152	0.905438931762649	0.938615246048786	0.897673992527727	0.918069025629186	0.860691305240777	0.603049283786282	0.883257564656115	0.951265321327282	0.940538959062237	0.844194363660056	0.722260606366935	0.731092819240315	0.972177673333652	0.885491845970477	0.97004833254275	0.757296861155934	0.871314036304269	0.851399049645644	0.933655545655058	0.889183562623803	0.812181014909466	0.899733429765525	0.957860651661337	0.891275570414866	0.820528492362345	0.99058028952342	0.950166186618466	0.683916281830928	0.712881105082802	0.891326024712634	0.92397068290635	0.537330508235186	0.956394096501573	0.93094967625626	0.875514604506994	0.951775441919128	0.957380902441043	0.953273527898279	0.691980987801609	0.963840244107441	0.889872283416678	0.872834240198112	0.891530224779552	0.227669221371608	0.81843120709259	0.734754858194628	0.715798219611914	0.528914821004064	0.823483006367878	0.899670432947979	0.395835582495948	0.423996778463914	0.404195890214762	0.2524948999869
ADCYAP1R1	0.875326713245872	0.99057170015048	0.880114441414677	0.545342715490583	0.889411543816495	0.919098079905305	0.972276001078934	0.88241528777626	0.850177240473793	0.933463954130501	0.969829305223831	1	0.927059949807462	0.942225027701286	0.963182273434354	0.966413431597277	0.964702663210599	0.973386786404576	0.843556679538388	0.897384034882831	0.974087000645729	0.917031189036248	0.926554491866119	0.830925875387011	0.917656927843271	0.851088552524076	0.897391337168293	0.869559769255383	0.799699620379995	0.942244951787479	0.955168266249082	0.961149435740509	0.970665521917809	0.881176882345178	0.687795442799872	0.932800806628086	0.928729529531972	0.932228823967918	0.928015823877021	0.899937009395122	0.932513002259944	0.918409049731875	0.93949263501007	0.822945667218247	0.705314093123794	0.795808610878376	0.944553809700211	0.958560272738839	0.793403503519056	0.800853492521741	0.801461146572451	0.94828798309297	0.840631188719244	0.96099560864749	0.788534748388926	0.919559876898196	0.889697045001105	0.886168462602087	0.911847098537059	0.866254603399466	0.872461352482613	0.961092271407421	0.821907297595694	0.795965820103421	0.977033665765695	0.928386987270285	0.664081675683271	0.734862252596099	0.894976926583601	0.85184586121692	0.69197544454892	0.89297479807132	0.917630618460002	0.899583147318586	0.910535256816992	0.972131574354597	0.908225120196661	0.618491615939178	0.950992346354864	0.826211406536201	0.805960485635356	0.916609013641721	0.189595296999289	0.710900682768774	0.635773080152086	0.672189495731996	0.450355589754328	0.802969451610774	0.877724312369971	0.278099000397985	0.324423030156709	0.290091499168465	0.148403735796804
ITGB8	0.668515664538276	0.893801967404926	0.907393047778162	0.631024236898791	0.83161123174979	0.927836118509721	0.908702174534515	0.67048043366233	0.732672710065323	0.857489263799958	0.854541380572602	0.927059949807462	1	0.777700421645001	0.858807375825054	0.891190466187474	0.868044754875736	0.861143586986954	0.951167705801041	0.749342438417737	0.921301988345606	0.889864854613516	0.946127531423059	0.907742410989385	0.816798917668656	0.702232736546272	0.732215864256587	0.733729292297233	0.604808943816834	0.939365197827197	0.814978571693252	0.957172609782311	0.851233626468613	0.903194439506482	0.858194721966795	0.824503855780392	0.957300870263258	0.797500227109856	0.912244837891165	0.796908643725167	0.865289594127995	0.91535408727048	0.942654450095457	0.611248727652876	0.875135291417394	0.565615268319623	0.881635209031069	0.903420894346624	0.721825386038031	0.855736968852107	0.683890009159607	0.798766262752561	0.684445284354514	0.862936821050263	0.873267755650049	0.956165860050652	0.763513425703964	0.73746189208889	0.935130563764377	0.934984331142955	0.784126821686875	0.896003097770038	0.722030144972822	0.741371871133671	0.882688533481346	0.807157804283455	0.662516064185571	0.821094960958864	0.776162985698098	0.641962668428712	0.745555761775517	0.728119501236075	0.769309214323307	0.832721843203623	0.72781942331054	0.925306050644637	0.724333464309448	0.622383075022449	0.898375275163508	0.605734713335611	0.717817252789789	0.935463929911759	0.260991193045685	0.587318633164808	0.54710831277187	0.653336958418442	0.295748830609635	0.800764122577511	0.682296199440066	0.212591089941884	0.279689511537848	0.157237288477279	0.0878114988352983
KCNJ10	0.9472540148506	0.94688407994779	0.721583011382946	0.489112875570839	0.859140444302777	0.793682334747855	0.92804968371708	0.947468279538897	0.879081699854849	0.902931933388657	0.948184860541294	0.942225027701286	0.777700421645001	1	0.95780694082993	0.909619897640308	0.925176504241019	0.967448391315873	0.702911774796582	0.939688664568069	0.89686303745786	0.821664427916977	0.837708233073702	0.741270739663415	0.947151191935921	0.880061691769291	0.911533795174325	0.922096317635813	0.84815881279798	0.864423508507289	0.957923433041597	0.868618983405256	0.972222441948747	0.772761524856403	0.485833154620677	0.884770818486722	0.823840128847013	0.924460981408313	0.861267582479166	0.904093269491417	0.895920787352664	0.810397541898314	0.823450487696406	0.888207988553614	0.494686231101705	0.879439425308833	0.864211067426423	0.883510302770346	0.732265690873894	0.653733272458632	0.866463876658303	0.944608839168399	0.862225181791462	0.957630156438038	0.689770687899475	0.809549432164273	0.917946387355907	0.922649719791678	0.797146132700573	0.706442830893495	0.83116357394349	0.919349601680124	0.792136891664182	0.747735984266631	0.931952602577525	0.936165246366114	0.591486772582368	0.580752701508647	0.931339108446098	0.912351788160841	0.608516709438558	0.907402344688813	0.953871468879312	0.890382382473167	0.967605899020747	0.899090000029516	0.953485449020066	0.524046110680756	0.866733542649629	0.91292062390314	0.771810093544584	0.821357940808165	0.115649630473936	0.699908622165395	0.603383980552504	0.613459082692467	0.522388188621354	0.70457264913056	0.955119550025026	0.278762695292472	0.286634954045409	0.346638667307406	0.160697361284394
CADM1	0.931746007282852	0.96636445458837	0.830751089083179	0.4620324387417	0.836188407021635	0.840507958042548	0.939346712799062	0.917480388297999	0.848778003517579	0.935284289151299	0.958164734370063	0.963182273434354	0.858807375825054	0.95780694082993	1	0.946976631024865	0.970280641189422	0.990434661547924	0.78763123927507	0.955194972412561	0.966607873422473	0.899899320783249	0.855209973711896	0.811681522837508	0.918899514885656	0.91882812370964	0.937368227574038	0.94454725606409	0.880977331671877	0.943220277193973	0.985249132733645	0.934365836657074	0.964330793613955	0.799288135377579	0.582106063324461	0.909200517752707	0.890084351436032	0.961349933933941	0.912263716705036	0.96497302644956	0.968418453889909	0.890034717903363	0.906543729860655	0.90852828761711	0.599274087706427	0.877221204966941	0.932824500961261	0.932151609499696	0.849758248102296	0.723076528213946	0.849056313700214	0.9530500923136	0.91856490219128	0.943711080049406	0.774400605260506	0.88330503503679	0.913967756012103	0.938666599834721	0.910170906827179	0.791603995799163	0.889403393814814	0.951147287334198	0.878438563603983	0.858377783765118	0.955267020884823	0.972881155238807	0.735389715476763	0.721155426353842	0.935938084513741	0.916370703120483	0.693439727940126	0.937736392637895	0.969377987878341	0.8786726531935	0.953744182373613	0.960575824554954	0.951934168363728	0.656737886085637	0.935919994554404	0.912122544672695	0.863502018764202	0.895278385151282	0.299842251516494	0.780886542782515	0.710266202488272	0.73321506062963	0.573845023575708	0.821407556511872	0.942505296670687	0.388022466446427	0.436806501844151	0.444616515712662	0.275751475727096
NRCAM	0.898255006846728	0.978298619242297	0.871016315413384	0.421489427945479	0.91942322573791	0.947995055127346	0.936109144695197	0.910649475788776	0.757788581268448	0.921229488573798	0.989174514158651	0.966413431597277	0.891190466187474	0.909619897640308	0.946976631024865	1	0.984273815609088	0.968921101481869	0.750283539333041	0.888906664611986	0.978471487767446	0.918846282588069	0.878768944101741	0.794654686589194	0.828540513360142	0.869148555416097	0.937950538919889	0.830315853256305	0.853034854575037	0.932718578616797	0.951277608454595	0.929852985353727	0.965317230182729	0.901404002168458	0.57401023872304	0.983917924826445	0.923470290630125	0.961351926680665	0.880904455134736	0.886700410505887	0.937185178776071	0.910907666967347	0.940102519129348	0.820764931919433	0.657513014786784	0.842537258734171	0.966031403864836	0.94117514875274	0.850484609732569	0.742899409928102	0.683455090415045	0.956723759391049	0.874491156410642	0.960187793164848	0.785208481625876	0.900793476090157	0.840119825312124	0.904189815351027	0.920492291263218	0.843159366446664	0.896696824586761	0.957017134959781	0.898267559017955	0.823902279465562	0.992871959833785	0.936254612396217	0.700911645420299	0.750778503981412	0.861312207934556	0.894388349704837	0.536706556975979	0.93802207005732	0.910592937553512	0.856612465812077	0.920336741764886	0.965583018407155	0.926346223806519	0.722282163803182	0.975032983228066	0.842782623860125	0.876704822744822	0.911065721593903	0.254466373800859	0.813743621913884	0.740997783259768	0.725044845005602	0.485331917932281	0.841047752416632	0.856816843456971	0.391331643728382	0.433511356840701	0.379559389620777	0.24353562571451
APLP2	0.916285417987589	0.980494221682542	0.855766322637259	0.398797708644909	0.873670976272898	0.900913313405123	0.93073249739557	0.921305725760547	0.784489471513303	0.913250304782909	0.984097879510088	0.964702663210599	0.868044754875736	0.925176504241019	0.970280641189422	0.984273815609088	1	0.980111152212022	0.748958216441134	0.939285520455869	0.984535422662837	0.930638422115566	0.85735372948523	0.800154028156725	0.844433886485973	0.929788795457368	0.949346118501786	0.887325367501427	0.907372705546125	0.94614456650722	0.97473429830173	0.928838393683494	0.96577716139292	0.866521748730274	0.556868443699529	0.968551452191359	0.911478525260237	0.985195074740727	0.894425886931604	0.93894646655017	0.968630880241933	0.930583825528094	0.939034115395584	0.883080175548801	0.634874802719577	0.872424400109768	0.968126376827256	0.947332677354957	0.893671836276285	0.755649151403105	0.725961593850284	0.966393288147402	0.908869721121886	0.952230344313834	0.796100543564403	0.894352097205458	0.868793500494213	0.94249503685892	0.937337630882837	0.817853242355506	0.921758373727639	0.965769297902797	0.934694135172501	0.883012705768104	0.981053730696558	0.956208800185243	0.781518796230816	0.77320256944651	0.870771878565938	0.926746327981229	0.573730586390183	0.966202395957925	0.939529777775507	0.866889655712847	0.929077292078699	0.980878735736955	0.945627147377194	0.759202083569418	0.981167541985247	0.899524919085484	0.916732964162636	0.923380976608244	0.34805827899049	0.846125594426398	0.796810292255897	0.79371510160029	0.599569746767029	0.871479693841582	0.902572089262535	0.483472341510298	0.523669735244109	0.492937063419153	0.354315771436753
PLXNB1	0.941663146607328	0.979236617814907	0.841384964717074	0.483075003539911	0.875347136263507	0.872598574840997	0.961109668464762	0.938422846906566	0.856961009789653	0.932250921370481	0.980647552796685	0.973386786404576	0.861143586986954	0.967448391315873	0.990434661547924	0.968921101481869	0.980111152212022	1	0.770675717080363	0.949539611060036	0.971466071586833	0.911061400613449	0.872175734080697	0.800310119606129	0.911075431368808	0.91720094810604	0.94974356049941	0.921026299862441	0.885949294217734	0.936040599357789	0.988338444442891	0.939551720055663	0.979637943096281	0.832699752253175	0.570446958186643	0.943875469465732	0.899201875652409	0.9694285829568	0.908108850788438	0.947059384673458	0.958115058743182	0.89395068937368	0.907249074982493	0.889950766584297	0.583829359360311	0.885662963303019	0.951681259173007	0.934334031764107	0.843481228044348	0.7269799161914	0.823416332369349	0.976130339810903	0.902538426550238	0.965987570039518	0.765410863030175	0.886957328922236	0.896026328881528	0.942901280770463	0.902715828576891	0.814233670812577	0.915689556087206	0.958762990127603	0.879517868714056	0.845472749049181	0.972482622548604	0.97119167615903	0.705575108701811	0.702181581004238	0.938344351100001	0.925685656657803	0.646175799145001	0.950373391383227	0.964270596219046	0.890132143946887	0.965191647059311	0.964255382866815	0.964444217330206	0.66108398011893	0.945798762826726	0.91130086528246	0.869218818288129	0.896745549284623	0.252935325265888	0.784371227310272	0.711743152090307	0.725514154707043	0.556117904118591	0.825937340452382	0.938100916747075	0.379723364101391	0.415590706675661	0.41645639464915	0.251100174461504
LRP6	0.536045830930143	0.783586056499444	0.840482395213506	0.758619940369144	0.689676130628386	0.786669028610866	0.853624294178721	0.522694557017959	0.763661962075026	0.753907961191625	0.720923362339427	0.843556679538388	0.951167705801041	0.702911774796582	0.78763123927507	0.750283539333041	0.748958216441134	0.770675717080363	1	0.682045351625989	0.817342315847286	0.807229026693482	0.911298350074536	0.924229489130611	0.818503132645615	0.621628904967757	0.583498838308021	0.711110416117256	0.475661934979949	0.885893805488985	0.715877404509997	0.909226236816157	0.745145056582804	0.797075910432487	0.93433047065935	0.655256522149056	0.884166763791597	0.668330792340341	0.891485255295872	0.750052716491612	0.788313167070959	0.84623794696184	0.843170732988051	0.518561028284316	0.857809957256271	0.417392694040045	0.763338187702153	0.807995757035629	0.608225137308114	0.841589714637033	0.741927138170303	0.680338207859953	0.550334801301044	0.770606496122323	0.856084168091851	0.914651434539014	0.720629511375804	0.645113307827123	0.865992371840236	0.890441581416016	0.695973506033316	0.813513146680379	0.570892600223422	0.674551688366243	0.747333277387053	0.70914888765715	0.613967998462215	0.767465876650958	0.733514045670645	0.499534907032848	0.865337610212821	0.584960156129402	0.693345822624254	0.810424303271832	0.613332097563873	0.839415721096855	0.603876785478643	0.501848511038127	0.771465593291659	0.503992724150136	0.592571964331097	0.884593704700917	0.267572146496138	0.416212930650232	0.403204931847012	0.592482565591006	0.258593734000815	0.726267076081209	0.614165962127559	0.122540908360963	0.185253477154285	0.0821571729561987	0.032644892668774
CD9	0.925536731885409	0.914406994061523	0.706286547883365	0.382684572438331	0.78047500195579	0.74582581020256	0.87916658221947	0.905264422030748	0.811975357297902	0.867154981132772	0.920785835913835	0.897384034882831	0.749342438417737	0.939688664568069	0.955194972412561	0.888906664611986	0.939285520455869	0.949539611060036	0.682045351625989	1	0.902224332186946	0.879454130966778	0.801352081922513	0.766094934645673	0.878113302907842	0.96574621722332	0.924375860485545	0.970345162319616	0.932188302976364	0.885780523130874	0.956049088202673	0.869120211841808	0.923652588275285	0.752795093608113	0.441121457475969	0.868415689929441	0.834444869842727	0.95418648576407	0.843520353233611	0.969297919452198	0.953610126464896	0.858753529205178	0.855604185960594	0.932152081241681	0.505830671040276	0.895553841933899	0.878883012332607	0.861356935778564	0.864708060380238	0.680718155711266	0.810305925005615	0.913214019984408	0.892432587164033	0.90748717822033	0.762825057000065	0.812327187391567	0.876008339535398	0.976437396697343	0.855269034339972	0.698642998230792	0.88880283334722	0.919058562998743	0.898176308849071	0.869689213145562	0.895855321743731	0.955908460024374	0.794158762480762	0.716176698541993	0.898590366286341	0.929957803919612	0.578469143676467	0.942107742408451	0.933618988842885	0.845550055154523	0.923319264763746	0.916560534807467	0.936856092968529	0.707228796409662	0.897458250710207	0.957662483368339	0.895548464055668	0.859015904343239	0.408203371944117	0.832377601427889	0.770843581479923	0.795763162796213	0.736416345709159	0.819274228246023	0.952244336006344	0.540366301075701	0.545379948982229	0.596404260060275	0.451641550307516
CANX	0.877940024242587	0.976942888499656	0.91130872041758	0.455322024250257	0.855843613190527	0.920506537229741	0.944963034694591	0.876263285666757	0.78568518864942	0.928138819788663	0.966992298253203	0.974087000645729	0.921301988345606	0.89686303745786	0.966607873422473	0.978471487767446	0.984535422662837	0.971466071586833	0.817342315847286	0.902224332186946	1	0.949790456510183	0.885958183596389	0.828992838610964	0.850582691097042	0.891497052516762	0.926042002639557	0.869643242869438	0.853167736070409	0.960568873473929	0.963918663922689	0.963667352170582	0.94955674539669	0.865853623185096	0.653168625806809	0.947692382928455	0.940714544209392	0.958475185747811	0.926152472944119	0.929423816399428	0.969155038908565	0.946433740943472	0.961983334796393	0.839934097547344	0.69628795201886	0.822821511293454	0.982538062480628	0.949198252775536	0.886330908139151	0.804260710595241	0.746323818630519	0.944785889149104	0.887047439449829	0.928932625782683	0.814483740017203	0.931977695811199	0.845545561558567	0.905865370364772	0.960163475417455	0.872657257329521	0.919535661070768	0.952801021393738	0.901409740929046	0.88204947067376	0.975214928455456	0.943883472364019	0.770115250240538	0.790302677609641	0.877680236771878	0.876119198806176	0.65642500083328	0.931133759815053	0.922491375658687	0.865373862594594	0.902036689056044	0.98462610369619	0.918186677612015	0.73517137860085	0.9805306498505	0.846258507875806	0.892346952646824	0.932376656782107	0.341533712139584	0.804502038864287	0.752450809877042	0.775602635714123	0.533073850188325	0.885821224979783	0.86855647221814	0.420151985818188	0.481544850769464	0.423892333925558	0.291300519157153
MYLK	0.789041532823287	0.919742480939165	0.901030738707294	0.467909715100848	0.759372719399472	0.867238549172281	0.907060776271327	0.776416837867146	0.750092746594913	0.83799797688263	0.90568287896391	0.917031189036248	0.889864854613516	0.821664427916977	0.899899320783249	0.918846282588069	0.930638422115566	0.911061400613449	0.807229026693482	0.879454130966778	0.949790456510183	1	0.896492096051046	0.851577318401735	0.783809488831887	0.878474789013248	0.870532975874291	0.833079058451942	0.820287549099953	0.91885037616429	0.902359239351398	0.952933292390287	0.866231404590803	0.872001328478312	0.67496383088826	0.893770243006542	0.941235020393284	0.913614177279206	0.896783389383453	0.890909185447747	0.946828314675514	0.959766545725263	0.953728926395975	0.78976510044741	0.72653472382185	0.746356647851151	0.962844311662943	0.893067233536078	0.915050030855881	0.888574737803808	0.690711597213275	0.875911786848428	0.784584075121358	0.869378807869751	0.840900430279384	0.92055410124458	0.757188137187615	0.896517302909336	0.940660532358401	0.899493175326629	0.926842364020397	0.901895396438957	0.863227951204319	0.890005725141553	0.906505422453776	0.875975097884091	0.813265746060351	0.864934291414972	0.829227753523789	0.814266289601106	0.631657334976523	0.8838218027732	0.846537888495874	0.838683893538299	0.805417372654036	0.947015762118502	0.850190520854857	0.78071781692179	0.948682132166713	0.786102735747804	0.914652520564179	0.928420626310535	0.456778516141313	0.80679215332286	0.753512211193836	0.82497494832988	0.581809613611414	0.932430673765952	0.785121879821751	0.489296433216756	0.551907811712558	0.462553371919437	0.378071776668332
AR	0.700468774901452	0.89024601797974	0.848957240686453	0.715298590714335	0.840181696086686	0.8937227202419	0.941811983373027	0.701636801878305	0.814492897145859	0.821209173236557	0.870959646803731	0.926554491866119	0.946127531423059	0.837708233073702	0.855209973711896	0.878768944101741	0.85735372948523	0.872175734080697	0.911298350074536	0.801352081922513	0.885958183596389	0.896492096051046	1	0.923094327973155	0.874685955304021	0.74387848889887	0.743947340012137	0.785371032576455	0.635104647483415	0.909244056373798	0.82057699595692	0.955479165374984	0.870584205902308	0.923172760995453	0.808084122027044	0.819910718900888	0.950025551699974	0.803652305047287	0.916624684257874	0.805075418769866	0.859289773135149	0.90504328807649	0.904064981020435	0.634928341598382	0.805069002890978	0.590751239188867	0.857913955831318	0.868221407961662	0.702092377747285	0.880812491860512	0.737124797439264	0.808910655976806	0.632528412740905	0.91017246203673	0.874721400951571	0.946931719634361	0.774106228178917	0.800130189140387	0.878551495177336	0.919553888758783	0.808435066105252	0.908197957654726	0.685566108223643	0.725218926441223	0.876893041272334	0.80854534804988	0.623232177551583	0.785032166839789	0.832868697051156	0.667574338597416	0.697532401542887	0.741783610462627	0.78880394232212	0.915188222731884	0.75763155178142	0.906566433826012	0.759767292285342	0.592521411320475	0.868620637095668	0.652249809793839	0.716260977226829	0.929407629423639	0.219708973501276	0.587438744670649	0.516450667347664	0.646900289747247	0.359115829791347	0.787996494255451	0.727304076117739	0.214678885473974	0.232834871870879	0.158297080261101	0.0877822884201143
