""	CXCR4	CD44	ITGA4	GPR171	CD3D	CD3G	ITGA1	CD69	CLEC2D	NCL	CD2	PTGER2	RPSA	JAML	CD6	CD96	CD247	CD47	TNFRSF14	LAG3	PDCD1	CD8A	S1PR4	CD8B	ITGB1	CCR5	EPHA1	CD46	PTPRC	CD74	CXCR3	TSPAN5	SIRPG	LRP10	SORL1	F2R	ACTR2	CXCR6	DIP2A	IL2RG	TRADD	PTPRA	SPN	JMJD6	PTPRZ1	PILRB	LAMP1	PTGER4	CD63	STX4	TSPAN14	RACK1	KLRB1	ITGAL	IGF2R	IFITM1	SMAP1	ATP5F1B	TNFRSF1B	CD81	APLP2	TNFRSF1A	ITGB2	CANX	C1QBP	CD4
CXCR4	1	0.961997321197764	0.56269950630011	0.846142363369265	0.902166577381653	0.879432898913327	0.609813283331943	0.933109023246037	0.859166095879543	0.301707076696267	0.875147035461879	0.638072877358954	0.787444321611585	0.768405538065448	0.822402759869988	0.785613926524392	0.939456613345256	0.745901784000384	0.843292856242914	0.758004757504502	0.818647814916431	0.759070078178892	0.872052101355711	0.68570237686433	0.693764224484632	0.517888098848483	0.819193770419118	0.614434694532046	0.685614925288093	0.566659747654248	0.808143024693665	0.685347630036048	0.726549190379701	0.716304787111759	0.407978006449059	0.708699565375638	0.703378872431357	0.707536623085488	0.249979642374333	0.770072595450403	0.739509675818204	-0.0619738372950975	0.838571959269758	0.714128008219099	-0.442029982731927	0.549238853892155	0.285451341405553	0.664270887258394	-0.204636780262419	0.51511875295163	0.64015408005616	0.772027038409104	0.630125177267306	0.722014222654929	0.428969996670034	0.805399540912719	0.493505553912761	0.444068456662786	0.738655527766006	0.380788744022082	-0.157231498379797	0.470004639691506	0.808103230094538	-0.0538882385247655	0.245868050069009	0.571275733145568
CD44	0.961997321197764	1	0.585448743866422	0.831741455976402	0.914353783916262	0.854048711614815	0.583819153193142	0.915879078526777	0.872530042137043	0.371342730639197	0.876696897065314	0.675097909614618	0.825023054738977	0.750874641868144	0.85096157695617	0.823725273604203	0.909092451162773	0.782916623307109	0.81092001450219	0.73993425096793	0.79032192860145	0.671700641357662	0.826334614404402	0.579257535662259	0.742582929004188	0.497962110719007	0.795575706279357	0.573878311359917	0.691017071463762	0.554314437626819	0.85005115167362	0.652020472293083	0.594213007437826	0.693283292145365	0.42723991808723	0.656990193158113	0.732010789558809	0.69508635180976	0.283012277342921	0.821095764597118	0.805866588515679	0.0157320459796976	0.8917739443925	0.671429313304038	-0.406181950659159	0.619138088900713	0.373724740560063	0.668148388992584	-0.160743705774829	0.484801419426059	0.670660168894472	0.797461383286959	0.663018258319628	0.6922108792212	0.48856593223781	0.81026450963916	0.557057561395714	0.468829270972874	0.7540929542877	0.42126010790421	-0.14583630697755	0.449143478533566	0.782244174666489	-0.0131807097415386	0.268702753985833	0.609261432475148
ITGA4	0.56269950630011	0.585448743866422	1	0.553294083376024	0.821470169195834	0.826003688652717	0.771263192779536	0.711908171735967	0.641945946271073	0.558699808657634	0.81263956994422	0.686430691551923	0.474486736586111	0.77279350323035	0.630321624559092	0.849513106039587	0.673529768071694	0.593618584180763	0.735934477952867	0.5850922047156	0.265533381818204	0.576678776738019	0.586978290066735	0.69926331946726	0.78847253027128	0.689221027530463	0.365549882588746	0.759686366525181	0.90398299586632	0.109646259379724	0.569226215100476	0.54920531444178	0.480708004209138	0.611860358835838	0.588636377511679	0.517428661282821	0.73132999021399	0.892214543968195	0.589665116469511	0.770933000770686	0.603317679060605	0.274011237308232	0.645841477399924	0.636364316977138	-0.25236264436874	0.35613730933567	0.685708888397697	0.948045639016268	-0.017603396151509	0.413039658708173	0.886035463966868	0.492745746744097	0.618010584954386	0.870883476226038	0.83998115541675	0.505309217900754	0.628461910250833	0.151477957464568	0.850157769905601	0.304410957488865	-0.0374179608756308	0.1651073570058	0.528461274423024	0.104848839379337	0.280319114329216	0.483873732405053
GPR171	0.846142363369265	0.831741455976402	0.553294083376024	1	0.796827627734729	0.786558489792918	0.302955905928403	0.850270344285701	0.940858068534237	0.485471795015443	0.840195104989871	0.853959527277537	0.904364305144206	0.555167088914463	0.88542050174907	0.60878940716553	0.77123338307376	0.829717410162633	0.866954535478241	0.426386466305953	0.60202825550918	0.442779979814041	0.934116687903574	0.425427668809496	0.751900802438098	0.269846128566747	0.583268296112544	0.726222615245725	0.518837441079248	0.582767028363815	0.597304874391222	0.480918880827015	0.546322937047007	0.866249511172475	0.501620283773807	0.421419068551913	0.846880317646393	0.684721866636842	0.253008392339867	0.872489119528878	0.894076783994752	0.00379235763690602	0.834638691010536	0.776022316238203	-0.230040360474927	0.371467470796606	0.451281226559098	0.706722535898026	0.0429849959417069	0.479950684059783	0.684916702639094	0.874180368093169	0.876572877260029	0.626250642421687	0.523049738411395	0.877108494941994	0.65480243258461	0.609873102691881	0.803509989921726	0.42535684668054	0.0710359550354078	0.475456995189497	0.873739859158448	0.175659686458111	0.390660495758309	0.798333821042217
CD3D	0.902166577381653	0.914353783916262	0.821470169195834	0.796827627734729	1	0.95269898467016	0.759844613003932	0.922862465473646	0.865544937686193	0.454597719927001	0.95996878001675	0.721614887994083	0.739267069767407	0.853931648402965	0.848173543796592	0.935917910020014	0.923170109396525	0.764927626432376	0.878548422521597	0.790419947060131	0.660063937025046	0.726756787962048	0.832114344985042	0.75506740096121	0.813511611986133	0.709878314500757	0.712190359270631	0.709407482578242	0.872970609545245	0.373656890111934	0.844949997815263	0.717806316481377	0.646326185855282	0.739559539147563	0.505247457839018	0.697762247048245	0.774855521250778	0.87657979384999	0.393916810040189	0.871786466640178	0.785847731006028	0.096874840223736	0.889614054978411	0.749218020985142	-0.409787436452682	0.562860763490288	0.483597395489676	0.853837589418875	-0.156448781447492	0.494858716904009	0.820355911996821	0.732216421763264	0.687062175418104	0.85777068334988	0.665415849694332	0.757952646861259	0.631999226859149	0.359269087309517	0.854024305226371	0.379686225402495	-0.168379043439003	0.346072740544318	0.738708193644041	-0.00649057770587131	0.284900920915559	0.579908551111021
CD3G	0.879432898913327	0.854048711614815	0.826003688652717	0.786558489792918	0.95269898467016	1	0.73906887254851	0.918598408711816	0.864139544225219	0.453626185419993	0.968265525215881	0.714654303882802	0.706483492533245	0.826371716071948	0.869448222746763	0.872954611567992	0.939290262407317	0.74585629030818	0.88524469670312	0.743208564131358	0.625322091680257	0.742337354933422	0.794550278007916	0.766042335440013	0.766260405816587	0.667240444469377	0.726944112561299	0.753969110383315	0.841783703202528	0.331393628774902	0.72966028008893	0.746752279513348	0.657122095512645	0.7629900257245	0.492742406405851	0.659102478727503	0.78363330572239	0.85379786900465	0.471099117327125	0.857045904946697	0.746792330267432	0.0666285621679629	0.848994278310002	0.825426656486228	-0.409427764356652	0.489680416800745	0.455220030295921	0.880435464479588	-0.166195655909573	0.523638210742237	0.776030185001006	0.707104211681172	0.708643293742875	0.855746677999024	0.721821220618459	0.684686941669225	0.602571030493269	0.305417365160065	0.885120590427638	0.314774619694063	-0.170174182243528	0.270118252596381	0.761147784019788	0.00265457424037668	0.263703820535173	0.617757383441491
ITGA1	0.609813283331943	0.583819153193142	0.771263192779536	0.302955905928403	0.759844613003932	0.73906887254851	1	0.67937010029646	0.395191250413843	0.190396538460254	0.659550503432455	0.249380559485732	0.209240900451702	0.798746249084734	0.407562976094117	0.86966937546873	0.712682796483765	0.342100363267938	0.550018449860747	0.859067984740265	0.497828166330465	0.855206168556154	0.41517635398723	0.896428040105304	0.526178860203365	0.816622099766511	0.503319008686573	0.461914326077207	0.866049490964688	-0.0383277232613246	0.69717855281977	0.71221149785183	0.616503400457478	0.296694643251575	0.23143390127322	0.730635208655595	0.364887317362141	0.777099890156812	0.387546973012106	0.443730556080628	0.261471903037625	0.128963778534211	0.463493777078026	0.383451590694403	-0.418138328386672	0.490803477780077	0.318621697547743	0.663781087072335	-0.301373713252674	0.322065148713474	0.627398012842623	0.237214577896571	0.158890467292653	0.794715396514886	0.50478800428847	0.370680356903924	0.264632970072514	-0.0601019294640571	0.558353573345436	0.168490435946866	-0.35596264512943	0.117013388960868	0.284448492883952	-0.201100433048355	0.0495529337410261	0.0439324570869905
CD69	0.933109023246037	0.915879078526777	0.711908171735967	0.850270344285701	0.922862465473646	0.918598408711816	0.67937010029646	1	0.856415775331768	0.37952811854022	0.894354685392085	0.69888251234209	0.770974167522165	0.807381940758874	0.819442593866583	0.845472477030659	0.918987897378605	0.768529084788031	0.913918373445478	0.767757546541837	0.682145291826905	0.715771243273839	0.855175904266064	0.714030930324702	0.775673486887955	0.541244503310644	0.776838063627725	0.650409395031376	0.766742927495263	0.467648925057653	0.824199737700992	0.693145094561363	0.646277950968661	0.73356796924801	0.457867548800981	0.602721941784096	0.753108359596757	0.810561171469302	0.331695059786916	0.833961859302431	0.778279477963352	0.0172400713598252	0.843503429787031	0.729462399364553	-0.413744223849595	0.589643884784914	0.414469598299812	0.76593204057821	-0.168866522631603	0.465311143930081	0.728073067344632	0.759806866467662	0.69316100554232	0.79621836531551	0.575474463696396	0.801606870235536	0.577244302117465	0.407446008267651	0.794210025826859	0.370546683746476	-0.165571448976138	0.432986080134959	0.778320634546801	-0.0308413190548552	0.247057136261994	0.568064101061584
CLEC2D	0.859166095879543	0.872530042137043	0.641945946271073	0.940858068534237	0.865544937686193	0.864139544225219	0.395191250413843	0.856415775331768	1	0.568628977678158	0.921611012941846	0.839019636420428	0.902178588250721	0.621395834646406	0.941964294710137	0.697702282528802	0.838273210511012	0.887305742426691	0.878894249011171	0.529402720808716	0.599727841651049	0.456766015032009	0.89535991802539	0.457706272798018	0.807569976114166	0.412865897293264	0.686925055675907	0.760867495335211	0.624300335223775	0.541033599319494	0.644329906202042	0.582262311252352	0.511110379332724	0.86659493815913	0.564530807795629	0.509219329042249	0.883574144457614	0.704338614644336	0.420925330542522	0.911560049921319	0.920924542211965	0.100701734036997	0.920597570991522	0.844328681992995	-0.233092878202672	0.467388267820912	0.500667726779234	0.768571798516496	0.0351995276908305	0.518905622265087	0.734755098307233	0.875484332297436	0.868403082368472	0.678152168908804	0.621853869291745	0.813690614128774	0.700118736398224	0.580701117177993	0.877625348124886	0.451971178069764	0.0815026149378588	0.450169906536186	0.869354531616346	0.193819234724202	0.389886278082576	0.819822831313297
NCL	0.301707076696267	0.371342730639197	0.558699808657634	0.485471795015443	0.454597719927001	0.453626185419993	0.190396538460254	0.37952811854022	0.568628977678158	1	0.513903014354019	0.621586778009179	0.667479951160244	0.340142610684221	0.521593887205089	0.401546517323753	0.356884385066938	0.762176915160889	0.481057665292275	0.118321291094375	0.0501538424978892	0.0724972836544495	0.397238446854429	0.140665368532114	0.718411281488027	0.23255511625329	0.185345463995871	0.686371440480074	0.429712079486927	0.181611122242143	0.247473524572886	0.418845212314572	0.106067456051571	0.647781525111102	0.456992858263592	0.318373687701289	0.81125437134293	0.443004350143522	0.662933521397262	0.612064985279204	0.573527990129333	0.783812119806453	0.491316089295672	0.653616500833382	0.43346056822303	0.281686541031856	0.810980830930341	0.591828174513258	0.745454521571659	0.488394774855086	0.585619511501961	0.714469241776501	0.610915701180224	0.403679670993752	0.64391247235377	0.360901702230997	0.870952477364884	0.757338584331853	0.599819638454049	0.813919404218806	0.5853865784292	0.502734294015471	0.405395798673528	0.749830214407633	0.885361913066598	0.539016365910321
CD2	0.875147035461879	0.876696897065314	0.81263956994422	0.840195104989871	0.95996878001675	0.968265525215881	0.659550503432455	0.894354685392085	0.921611012941846	0.513903014354019	1	0.778035533306649	0.775189352499668	0.772432876674908	0.926929359079627	0.873255374812914	0.930226988239734	0.799764978330005	0.879975266577677	0.696117819328026	0.626868574448631	0.656724862724167	0.836138654302054	0.680000616443092	0.781374786275567	0.620168220413645	0.704315043628354	0.765072761167348	0.808664850732471	0.354267633457727	0.745098918929805	0.70731358132518	0.619364223800665	0.809142022514793	0.516904834367987	0.63092785357368	0.827291945672205	0.857795610506024	0.476209505734965	0.906745636977266	0.833873771119001	0.0751558319370182	0.908870638004204	0.813139386689678	-0.379370872825144	0.440430130388201	0.486412230364394	0.886825785125565	-0.118938576451447	0.51277647681801	0.797666769304118	0.76343281666181	0.779636550692479	0.799961891229843	0.702841758341046	0.757408309480142	0.638757945733435	0.380412398878175	0.925718811989243	0.347883964202854	-0.129063166318685	0.294468952093525	0.781188634281497	0.057666646036917	0.305751323439863	0.709854308371284
PTGER2	0.638072877358954	0.675097909614618	0.686430691551923	0.853959527277537	0.721614887994083	0.714654303882802	0.249380559485732	0.69888251234209	0.839019636420428	0.621586778009179	0.778035533306649	1	0.835022471202783	0.536341349838999	0.805790529969107	0.558515684229666	0.591037010180855	0.807311149300881	0.787667581905618	0.235177086087223	0.26879702344005	0.291452206907025	0.788648438804547	0.294217698891681	0.822212181850006	0.216405813223963	0.377390183527796	0.79195053636296	0.552257018914711	0.502420586075855	0.439215728870058	0.251680456948879	0.451355560944501	0.81687906334502	0.622118352130059	0.304684569411355	0.886917629185206	0.695931749226993	0.397535361452233	0.939013396640734	0.902770761554271	0.167854756667148	0.773386204843031	0.714662037898697	-0.116212893962426	0.206361675129049	0.70128152911574	0.810720643201525	0.19400608917438	0.459395209350285	0.775912301947064	0.820435481252592	0.970672902074884	0.651086248982242	0.663303578614616	0.705426082185888	0.763825216670156	0.517261151188444	0.805855699534281	0.452333280038308	0.191416409758978	0.347571194338183	0.786483267681736	0.306806156847276	0.467285273314876	0.898096296886356
RPSA	0.787444321611585	0.825023054738977	0.474486736586111	0.904364305144206	0.739267069767407	0.706483492533245	0.209240900451702	0.770974167522165	0.902178588250721	0.667479951160244	0.775189352499668	0.835022471202783	1	0.508102070534597	0.866891279202866	0.567549319326902	0.705455484040502	0.925959903097861	0.782056408012544	0.392103808361012	0.52425491412135	0.313118325646939	0.824686499033282	0.27560478017953	0.769389249921139	0.209404791085724	0.60069395615694	0.6683810367674	0.450104449025014	0.629708544761606	0.615803715064907	0.468560374039185	0.399868007237732	0.864340840602546	0.489607966837436	0.402522850445967	0.886514649302838	0.565155363491874	0.336934096558512	0.870668737085733	0.916441927988957	0.243173244418908	0.837461635764228	0.772799907745044	-0.0530412902209427	0.435378616660028	0.538744603550532	0.615202958727952	0.283539728222364	0.496700687616881	0.607565064355498	0.982301068029987	0.862553736600399	0.515171498972657	0.483976017306784	0.786404784401557	0.784434210608809	0.805538256342045	0.719053932738722	0.650272850220108	0.23489565907628	0.610669172488601	0.816877745220177	0.381046224699227	0.614813624606384	0.810424096164329
JAML	0.768405538065448	0.750874641868144	0.77279350323035	0.555167088914463	0.853931648402965	0.826371716071948	0.798746249084734	0.807381940758874	0.621395834646406	0.340142610684221	0.772432876674908	0.536341349838999	0.508102070534597	1	0.560849107250103	0.855061494898316	0.792396929022156	0.558595216404194	0.80920997025405	0.766385498609317	0.460615564484522	0.735916809054858	0.661203444657654	0.798211661149844	0.708002136524445	0.763368537974173	0.638840591456971	0.552200711594603	0.908185052702695	0.394482805330453	0.746110360613705	0.648360372798127	0.657698788376665	0.562042873968196	0.5637715334538	0.685231790453238	0.618173513096755	0.745869224735121	0.30206687117759	0.672071823652747	0.536767018235653	0.0749129265831713	0.678550427495924	0.606816799898434	-0.407428655935848	0.459995486173077	0.412521369245576	0.774375844419838	-0.173050084763623	0.473964928331568	0.754774809992329	0.534764206415795	0.477563330297498	0.778837798229664	0.597829610591823	0.545699553128122	0.510277464703455	0.195336378284869	0.713266302733635	0.342954654392037	-0.104828158996511	0.353418861309826	0.626103529664543	-0.0982000992467809	0.19976197034252	0.325583377470021
CD6	0.822402759869988	0.85096157695617	0.630321624559092	0.88542050174907	0.848173543796592	0.869448222746763	0.407562976094117	0.819442593866583	0.941964294710137	0.521593887205089	0.926929359079627	0.805790529969107	0.866891279202866	0.560849107250103	1	0.71140915958897	0.837773737546161	0.850110976434351	0.801448795321769	0.524406692529279	0.619013307223393	0.478563975453755	0.790835870200144	0.439001009554671	0.698283535954722	0.381993222175007	0.65953336454266	0.715101036115354	0.567754955325283	0.416878645810643	0.660451351066597	0.603599276723077	0.464935249364897	0.841267041582571	0.464586754620655	0.437670545036116	0.820188918973237	0.7116946967756	0.446116248600724	0.903458073611407	0.908596226014064	0.0581607198488068	0.917145665583161	0.809851759383249	-0.283808052153257	0.415162645891876	0.452872974761706	0.757584576827411	-0.0298806329920149	0.481235406590485	0.679600975590998	0.830553526399028	0.844860954059577	0.627414014831043	0.625297488012488	0.747265666467994	0.639575406518505	0.492010339996376	0.85430474909562	0.346291407603061	-0.0552184231954226	0.281560513219232	0.81838196546986	0.165535961482439	0.348936297091864	0.832160885843025
CD96	0.785613926524392	0.823725273604203	0.849513106039587	0.60878940716553	0.935917910020014	0.872954611567992	0.86966937546873	0.845472477030659	0.697702282528802	0.401546517323753	0.873255374812914	0.558515684229666	0.567549319326902	0.855061494898316	0.71140915958897	1	0.852724839087574	0.638740570011405	0.751191972597344	0.852653901688583	0.589651493577137	0.732976935389172	0.653964304381857	0.772219347262862	0.730259000469243	0.771049133686	0.618035518708566	0.592448253585865	0.917726501096216	0.200885116586733	0.870573631892804	0.713515703116925	0.547203546110999	0.573277738595983	0.44456904472469	0.694273224332363	0.649079984309244	0.871521215305343	0.437401125397952	0.75276212164806	0.643285358676476	0.14658078332797	0.760146764633021	0.574572836047276	-0.41798537696922	0.552844889335805	0.475058303065616	0.809141380671349	-0.213654372935024	0.405827048591436	0.787556036955571	0.560960648405188	0.51169460135353	0.81505466000034	0.656455910135107	0.648990551404868	0.514641470901941	0.208685661586324	0.785465153781514	0.308266746481106	-0.256614796602342	0.278217392454862	0.552431933972757	-0.0817256744913281	0.203561356798918	0.389014989791115
CD247	0.939456613345256	0.909092451162773	0.673529768071694	0.77123338307376	0.923170109396525	0.939290262407317	0.712682796483765	0.918987897378605	0.838273210511012	0.356884385066938	0.930226988239734	0.591037010180855	0.705455484040502	0.792396929022156	0.837773737546161	0.852724839087574	1	0.702450439142425	0.820692155785728	0.79437490766767	0.78307153004003	0.791781225888196	0.789425419998739	0.767440715305515	0.660396040102639	0.598779061562673	0.799202672264061	0.629262056720263	0.759801532178294	0.342872808080105	0.805456728884712	0.798117665350485	0.701856612439359	0.711755265201753	0.336750119648594	0.73244280803585	0.697785238855363	0.77315148461535	0.351758669038201	0.764181689978305	0.692999066043852	-0.00972639830605418	0.850971763541804	0.745724065988352	-0.437815300111589	0.516465186002221	0.294944529707315	0.746285344761997	-0.222961438512275	0.528753589474793	0.652986729247905	0.694729045019971	0.592955408828311	0.759145411073649	0.536093239302092	0.748146415299339	0.490146436341212	0.347751612527318	0.805893882218602	0.325394862408118	-0.239238795982026	0.325354001441072	0.70815531881751	-0.0560972482585336	0.226277870864537	0.520089914437775
CD47	0.745901784000384	0.782916623307109	0.593618584180763	0.829717410162633	0.764927626432376	0.74585629030818	0.342100363267938	0.768529084788031	0.887305742426691	0.762176915160889	0.799764978330005	0.807311149300881	0.925959903097861	0.558595216404194	0.850110976434351	0.638740570011405	0.702450439142425	1	0.794905038516222	0.458488652934984	0.46365558315914	0.363598266189203	0.758720710538205	0.349514614377607	0.840692493265243	0.336494662610408	0.607301799467586	0.761738322869838	0.563079129023993	0.508421364337936	0.618212971910269	0.5429666740913	0.401626679440113	0.843008264129697	0.58351528541657	0.470222941307311	0.897125471833046	0.640817860014531	0.571334452774222	0.86860942799098	0.876368109010723	0.41571832351878	0.815303220346829	0.789578482613257	0.0431729186752949	0.513588890171564	0.683418991923142	0.693438554903174	0.347113058851046	0.553873645815567	0.708486524425648	0.934069997577189	0.824677991251565	0.579149144053775	0.613224770021999	0.696600203356925	0.820616533906111	0.746295890531642	0.747197702128016	0.690754807456525	0.300063218815717	0.610691454544221	0.77521448984021	0.465831798754565	0.660145586150034	0.767680889169197
TNFRSF14	0.843292856242914	0.81092001450219	0.735934477952867	0.866954535478241	0.878548422521597	0.88524469670312	0.550018449860747	0.913918373445478	0.878894249011171	0.481057665292275	0.879975266577677	0.787667581905618	0.782056408012544	0.80920997025405	0.801448795321769	0.751191972597344	0.820692155785728	0.794905038516222	1	0.616219620193813	0.488345029042673	0.562296871613842	0.879653265429794	0.639699601850876	0.808523608621642	0.552051352578227	0.697819034546445	0.731815863930911	0.75470015322165	0.548153515322235	0.702488623646761	0.592386916078225	0.604237482265485	0.817987027135796	0.652050469647734	0.494023709424123	0.817963600029432	0.766958357641716	0.352139340174305	0.866797299409604	0.820801692557136	0.051214286842779	0.821417217124394	0.804231200693116	-0.303540356185271	0.44847374411888	0.484845356523936	0.820239273781628	-0.0371626986184942	0.470998930531401	0.789403528384646	0.78793917689987	0.794587636072275	0.746063486059065	0.630927250221622	0.725362376752968	0.673955467017374	0.454521301324172	0.833746117250729	0.405500867456468	0.0325079743754348	0.463645137225229	0.855358238280851	0.0811746944384054	0.317793626181537	0.654572840689056
LAG3	0.758004757504502	0.73993425096793	0.5850922047156	0.426386466305953	0.790419947060131	0.743208564131358	0.859067984740265	0.767757546541837	0.529402720808716	0.118321291094375	0.696117819328026	0.235177086087223	0.392103808361012	0.766385498609317	0.524406692529279	0.852653901688583	0.79437490766767	0.458488652934984	0.616219620193813	1	0.644357830294158	0.774529200917333	0.5430498399044	0.80436435870573	0.488805656455645	0.755135327407243	0.715665024676369	0.359647966435355	0.753499429939964	0.191596021048329	0.850429864036876	0.747138526919602	0.561365751451805	0.388820162775727	0.242926085271924	0.705570494359149	0.377628699468554	0.687882747409454	0.251882217126466	0.481396347747206	0.398397459722408	-0.00136720638650719	0.600743122036779	0.432048274338298	-0.480730244460921	0.617600894907379	0.143780703348679	0.518207442988972	-0.368771668752118	0.288908036156236	0.509190473596737	0.389481792211027	0.211265146514672	0.676073748885698	0.334733577277694	0.524644654939742	0.250821065130196	0.104840886539338	0.5192318088844	0.192112532698285	-0.363423325086727	0.306672577708683	0.426594261801546	-0.245573692548689	0.0144971980997645	0.127792697593772
PDCD1	0.818647814916431	0.79032192860145	0.265533381818204	0.60202825550918	0.660063937025046	0.625322091680257	0.497828166330465	0.682145291826905	0.599727841651049	0.0501538424978892	0.626868574448631	0.26879702344005	0.52425491412135	0.460615564484522	0.619013307223393	0.589651493577137	0.78307153004003	0.46365558315914	0.488345029042673	0.644357830294158	1	0.724678236520826	0.594990345141229	0.560685411491785	0.336779146775368	0.312479605794117	0.67507507666401	0.317271542482791	0.405790628749418	0.310918349234897	0.678849544803419	0.612129312245885	0.601757010977759	0.421772810780627	0.0262949145168023	0.617072909332298	0.371956869955713	0.45406285447542	0.10032775213573	0.439848922368564	0.432122725261414	-0.172692185069326	0.575842914274383	0.409118718904071	-0.420334420838676	0.454750091197678	-0.00785006785244381	0.357619805368939	-0.322278207767145	0.382119504380226	0.311127409639527	0.487144662655784	0.267344213330149	0.434333278293516	0.163623540592069	0.632903513795183	0.12904620050056	0.269883170625853	0.46562852058224	0.180711161642696	-0.32294568102551	0.277490818220603	0.50062298773072	-0.187857002596927	0.0709948642726046	0.274168222169435
CD8A	0.759070078178892	0.671700641357662	0.576678776738019	0.442779979814041	0.726756787962048	0.742337354933422	0.855206168556154	0.715771243273839	0.456766015032009	0.0724972836544495	0.656724862724167	0.291452206907025	0.313118325646939	0.735916809054858	0.478563975453755	0.732976935389172	0.791781225888196	0.363598266189203	0.562296871613842	0.774529200917333	0.724678236520826	1	0.538901754844522	0.904504181565389	0.436164226638794	0.582695706234083	0.573733494275296	0.486212436597792	0.681714657935204	0.115718280796797	0.648118437741322	0.707119789744767	0.854061857727163	0.375502346984445	0.123855938748157	0.781972326093847	0.349850389325589	0.685241018064886	0.247428944334669	0.425447872780017	0.266692377018718	-0.0607502651473734	0.475606352509967	0.423181213070808	-0.462232392045228	0.404455056211814	0.17427476553534	0.587096173143786	-0.332754103436954	0.452835548531906	0.529825786749933	0.329838607740759	0.195046792996512	0.731225626681673	0.322012584693868	0.466916826339601	0.164343365691159	0.038222059153127	0.516156150674893	0.172486855863667	-0.363452762493427	0.166464262335391	0.415543877312695	-0.211626798274237	0.0656142084565734	0.126687974179794
S1PR4	0.872052101355711	0.826334614404402	0.586978290066735	0.934116687903574	0.832114344985042	0.794550278007916	0.41517635398723	0.855175904266064	0.89535991802539	0.397238446854429	0.836138654302054	0.788648438804547	0.824686499033282	0.661203444657654	0.790835870200144	0.653964304381857	0.789425419998739	0.758720710538205	0.879653265429794	0.5430498399044	0.594990345141229	0.538901754844522	1	0.57326781951456	0.765395930671286	0.40842193806711	0.613185203263503	0.702191591755958	0.615045350284742	0.600061317196225	0.640664205085303	0.511496977343288	0.676697666966864	0.822367092764195	0.523296429527333	0.552633406176648	0.784217464022926	0.722758045237628	0.172368224173702	0.812940346266476	0.799815491960764	-0.0391163692069943	0.801533695226438	0.739600532489434	-0.315763880736395	0.35687956234343	0.378574610977949	0.71147855079165	-0.0413998508751089	0.474985804847693	0.7074985420475	0.813735336380003	0.784063041893555	0.692317889079556	0.461734216422967	0.886915782864858	0.610819070368618	0.549527218264494	0.766931670800481	0.423261237523187	0.0323917227713636	0.522441606584928	0.847025831094687	0.0850866576878287	0.32392342994275	0.677007032508787
CD8B	0.68570237686433	0.579257535662259	0.69926331946726	0.425427668809496	0.75506740096121	0.766042335440013	0.896428040105304	0.714030930324702	0.457706272798018	0.140665368532114	0.680000616443092	0.294217698891681	0.27560478017953	0.798211661149844	0.439001009554671	0.772219347262862	0.767440715305515	0.349514614377607	0.639699601850876	0.80436435870573	0.560685411491785	0.904504181565389	0.57326781951456	1	0.476722617148241	0.709167593859529	0.514341020318924	0.521395784063622	0.77354470605559	0.0726388821030906	0.658123499216217	0.739829538180947	0.794871848862916	0.440144714867044	0.238489562390002	0.715353870459145	0.384679203275486	0.781352027596956	0.216646333238391	0.438920959316159	0.267023857083056	-0.0074735504896127	0.482115330772346	0.497611424303241	-0.423222235135036	0.378173811845177	0.209319484621482	0.664263096784504	-0.292837153329855	0.412744825510874	0.579276733155915	0.312382203022189	0.216712730233531	0.785939364323407	0.423091401780271	0.454299153075421	0.251231810906357	0.0287210714453655	0.560351149916661	0.171991586339179	-0.297822754153585	0.201312207425518	0.411125889006833	-0.172763958868218	0.0739365427264346	0.0789325984852663
ITGB1	0.693764224484632	0.742582929004188	0.78847253027128	0.751900802438098	0.813511611986133	0.766260405816587	0.526178860203365	0.775673486887955	0.807569976114166	0.718411281488027	0.781374786275567	0.822212181850006	0.769389249921139	0.708002136524445	0.698283535954722	0.730259000469243	0.660396040102639	0.840692493265243	0.808523608621642	0.488805656455645	0.336779146775368	0.436164226638794	0.765395930671286	0.476722617148241	1	0.505739543299013	0.487803823638211	0.817729351216434	0.77432353072212	0.481012976793784	0.58085474408898	0.5042350109315	0.442790913732009	0.730238821512362	0.683035586390951	0.555630789551525	0.895076830570463	0.743066791253033	0.561513969751973	0.852193092890806	0.775114438435591	0.452116832863394	0.75541081057322	0.75020292624623	-0.0238419569698171	0.521303402348925	0.788943692021793	0.820533511031901	0.266139729755156	0.599895914356985	0.870696524074083	0.796215826665549	0.767249600583399	0.78807901451263	0.768774141931892	0.667562700976904	0.851512308965435	0.569937082574071	0.808967339005254	0.665310411899814	0.300959291483892	0.530709328606698	0.72497809505479	0.366633669984019	0.544237203824158	0.65284090785542
CCR5	0.517888098848483	0.497962110719007	0.689221027530463	0.269846128566747	0.709878314500757	0.667240444469377	0.816622099766511	0.541244503310644	0.412865897293264	0.23255511625329	0.620168220413645	0.216405813223963	0.209404791085724	0.763368537974173	0.381993222175007	0.771049133686	0.598779061562673	0.336494662610408	0.552051352578227	0.755135327407243	0.312479605794117	0.582695706234083	0.40842193806711	0.709167593859529	0.505739543299013	1	0.514936701800711	0.410865130906195	0.851265347377443	0.0484657599100988	0.594669058673968	0.621428644194333	0.384887049097617	0.314756361512062	0.390575084458844	0.635468492569359	0.366900882597783	0.600075174892095	0.36239743832497	0.413624993640955	0.289608449992883	0.119513467378171	0.462489143037014	0.455242496415565	-0.366831748092896	0.44809148639019	0.207404561233796	0.592220451406061	-0.258156055016836	0.222659403633887	0.605339400288783	0.242441597142818	0.186761940694952	0.663363456865586	0.504132989912985	0.265411035700371	0.360744330563884	-0.0170184358043757	0.541744151299082	0.141277231670287	-0.21302209683399	0.111975264453145	0.321357570662174	-0.183909693728148	0.0537379780164893	0.0691937754241197
EPHA1	0.819193770419118	0.795575706279357	0.365549882588746	0.583268296112544	0.712190359270631	0.726944112561299	0.503319008686573	0.776838063627725	0.686925055675907	0.185345463995871	0.704315043628354	0.377390183527796	0.60069395615694	0.638840591456971	0.65953336454266	0.618035518708566	0.799202672264061	0.607301799467586	0.697819034546445	0.715665024676369	0.67507507666401	0.573733494275296	0.613185203263503	0.514341020318924	0.487803823638211	0.514936701800711	1	0.329721478752889	0.554658213853128	0.456149644708084	0.685270609261351	0.63941147895307	0.467494576154511	0.45559693122135	0.275648716895561	0.518349898635105	0.469955990589636	0.41846154738439	0.281802542215647	0.576458458330882	0.565401753069971	-0.0792239146415181	0.701801643503	0.581010048368851	-0.432795753596065	0.595008751767415	0.0513122837267344	0.428341145140333	-0.287732931002993	0.291236506253405	0.358683887632232	0.608356069044307	0.432820127702227	0.461005124394947	0.294304576621503	0.479625024600766	0.350504806186001	0.292608687301127	0.518650484062592	0.236531421462614	-0.244691924828399	0.309074124795448	0.615945994511382	-0.163180680976745	0.0786309941568262	0.392121391157971
CD46	0.614434694532046	0.573878311359917	0.759686366525181	0.726222615245725	0.709407482578242	0.753969110383315	0.461914326077207	0.650409395031376	0.760867495335211	0.686371440480074	0.765072761167348	0.79195053636296	0.6683810367674	0.552200711594603	0.715101036115354	0.592448253585865	0.629262056720263	0.761738322869838	0.731815863930911	0.359647966435355	0.317271542482791	0.486212436597792	0.702191591755958	0.521395784063622	0.817729351216434	0.410865130906195	0.329721478752889	1	0.636538143684539	0.30456596446063	0.382917751983014	0.495988567048519	0.563985080047164	0.808905293361774	0.601417882386818	0.536407666106557	0.856549785289916	0.735191994043619	0.657183620506139	0.763673906700183	0.688036427175711	0.410671221456737	0.64117995557832	0.795229029391828	0.0911696332797744	0.269083501301969	0.72153536417484	0.835659404275683	0.275362012248111	0.652370165191688	0.823791549925855	0.686040818379655	0.741167304493057	0.766637759045933	0.710776509411325	0.568891442978163	0.727408954030416	0.479160886640824	0.818760925284082	0.540176619166015	0.3234873097843	0.379831614462203	0.683689690106606	0.46861598197987	0.536299023496855	0.688927880663852
PTPRC	0.685614925288093	0.691017071463762	0.90398299586632	0.518837441079248	0.872970609545245	0.841783703202528	0.866049490964688	0.766742927495263	0.624300335223775	0.429712079486927	0.808664850732471	0.552257018914711	0.450104449025014	0.908185052702695	0.567754955325283	0.917726501096216	0.759801532178294	0.563079129023993	0.75470015322165	0.753499429939964	0.405790628749418	0.681714657935204	0.615045350284742	0.77354470605559	0.77432353072212	0.851265347377443	0.554658213853128	0.636538143684539	1	0.20724730806841	0.702601079479886	0.625414556525698	0.554013222564926	0.517457838125406	0.561894089868535	0.708720325412533	0.648757824632494	0.829130714690202	0.495177964782288	0.700611624601874	0.540116531359087	0.193325421213525	0.649953918285298	0.596405238954104	-0.368504741529229	0.45101380138067	0.515122054297463	0.850574605606498	-0.160557658552247	0.426329451020132	0.829168504044078	0.476265501853526	0.491899989808133	0.852682078717183	0.722456917036663	0.524772795357425	0.545021703018792	0.126749246092007	0.777511891074494	0.307185564653458	-0.128971050074806	0.26140166439579	0.521996456213909	-0.0725646418029686	0.209660739161685	0.343338186614663
CD74	0.566659747654248	0.554314437626819	0.109646259379724	0.582767028363815	0.373656890111934	0.331393628774902	-0.0383277232613246	0.467648925057653	0.541033599319494	0.181611122242143	0.354267633457727	0.502420586075855	0.629708544761606	0.394482805330453	0.416878645810643	0.200885116586733	0.342872808080105	0.508421364337936	0.548153515322235	0.191596021048329	0.310918349234897	0.115718280796797	0.600061317196225	0.0726388821030906	0.481012976793784	0.0484657599100988	0.456149644708084	0.30456596446063	0.20724730806841	1	0.318960466290213	0.070385039373687	0.268672826984108	0.487439005837832	0.61015073170475	0.164733652315183	0.508572502913752	0.156275871445841	-0.0227115584175299	0.470262504641703	0.559555899232996	-0.103877185415799	0.46870311810327	0.438567694496452	-0.181448529527249	0.234850437031159	0.208668147504712	0.247710878992088	0.0476857837008475	0.323428192515749	0.313759133695188	0.619265435803821	0.525672076185966	0.237266837100752	0.151090251820072	0.475215389955707	0.372206434068123	0.489560055260667	0.381703667543976	0.395208224205201	0.34227717446605	0.594883573447228	0.783300789928307	0.110760756891625	0.183494514926928	0.560559997193967
CXCR3	0.808143024693665	0.85005115167362	0.569226215100476	0.597304874391222	0.844949997815263	0.72966028008893	0.69717855281977	0.824199737700992	0.644329906202042	0.247473524572886	0.745098918929805	0.439215728870058	0.615803715064907	0.746110360613705	0.660451351066597	0.870573631892804	0.805456728884712	0.618212971910269	0.702488623646761	0.850429864036876	0.678849544803419	0.648118437741322	0.640664205085303	0.658123499216217	0.58085474408898	0.594669058673968	0.685270609261351	0.382917751983014	0.702601079479886	0.318960466290213	1	0.674906814039607	0.510736604702569	0.549396858216275	0.316357718420791	0.591724328301444	0.513513165220237	0.695778627219587	0.202111594262167	0.651734532414714	0.634113942299382	0.0291439785266702	0.752845904538254	0.468501146931193	-0.402202187986467	0.610414097083748	0.255314395427695	0.555032385627225	-0.239240541580387	0.333341589308729	0.576897168091252	0.592105348606882	0.411886551802836	0.609764738829446	0.358074051017393	0.671265456733022	0.415581362831057	0.312835063196127	0.566404721609771	0.317338351332546	-0.288063661610992	0.391543861914869	0.523746403575745	-0.121904650622014	0.166297962029705	0.300109260979858
TSPAN5	0.685347630036048	0.652020472293083	0.54920531444178	0.480918880827015	0.717806316481377	0.746752279513348	0.71221149785183	0.693145094561363	0.582262311252352	0.418845212314572	0.70731358132518	0.251680456948879	0.468560374039185	0.648360372798127	0.603599276723077	0.713515703116925	0.798117665350485	0.5429666740913	0.592386916078225	0.747138526919602	0.612129312245885	0.707119789744767	0.511496977343288	0.739829538180947	0.5042350109315	0.621428644194333	0.63941147895307	0.495988567048519	0.625414556525698	0.070385039373687	0.674906814039607	1	0.513833634635294	0.53646668437982	0.195036562050949	0.65157842597166	0.494481440412225	0.600512853797802	0.427339319126548	0.450769666263047	0.366653935660305	0.25920175111478	0.628481256987809	0.672635179125054	-0.167973480612185	0.586459441169528	0.226401503972916	0.554914274786018	-0.017398669061545	0.508215587508008	0.482486674946711	0.510045209840949	0.252862535353175	0.583158569356438	0.470962107539902	0.436390138347832	0.450360171308094	0.346843638241553	0.58584411137248	0.396272485284443	-0.102187601023551	0.295030271410733	0.432478533203545	0.130130726038589	0.323678669174984	0.172475591973594
SIRPG	0.726549190379701	0.594213007437826	0.480708004209138	0.546322937047007	0.646326185855282	0.657122095512645	0.616503400457478	0.646277950968661	0.511110379332724	0.106067456051571	0.619364223800665	0.451355560944501	0.399868007237732	0.657698788376665	0.464935249364897	0.547203546110999	0.701856612439359	0.401626679440113	0.604237482265485	0.561365751451805	0.601757010977759	0.854061857727163	0.676697666966864	0.794871848862916	0.442790913732009	0.384887049097617	0.467494576154511	0.563985080047164	0.554013222564926	0.268672826984108	0.510736604702569	0.513833634635294	1	0.500945582427277	0.19504127387962	0.736590196413317	0.416014745694041	0.643837571074756	0.122105203648971	0.45551690085925	0.342921397084818	-0.116281498744502	0.466840474056835	0.445363289191372	-0.365938762510435	0.134504644313454	0.191814826541622	0.56808465616921	-0.188931968993851	0.48439327660435	0.529623674805323	0.415050510621069	0.349088905660732	0.663091554427282	0.194917860661969	0.560441025893138	0.194667647242206	0.174070723557085	0.495047946255812	0.245543806139808	-0.177237161851048	0.297996657692884	0.493138898391446	-0.0982884026205056	0.166751487894698	0.288703344322387
