""	CD3D	CD3G	KLRD1	CD8A	CD69	CD8B	CD247	KLRC1	CD2	KLRK1	PTPRC	CXCR4	IL2RG	CD96	CXCR3	S1PR4	CD27	SIGIRR	TNFRSF1B	IFITM1	TIGIT	CD6	PTGER4	IL2RA	CD44	ADCY7	KLRB1	CD70	SPN	FAS	NCR3	SLC1A5	SELL	C1QBP	ADGRE5	TRADD	ITGB1	RXRA	CD46	CD47	TSPAN14	RACK1	SMAP1	ITGA4	CD4	ABCA1	HAVCR2	TNFRSF14	ITGAX	TFRC	SLC16A7	SORL1	LRP1	LPP	ITGB2	SIRPG	ITGAM	HMMR	PLAUR	RHBDF2	RPSA	ATP5F1B	C3AR1	NRP1	TNFRSF1A	LAIR1	VSIR	HLA.DPB1	CD68	CD81	ST14	PTGER2	CD82	PLXNB2	CD93	GPNMB	CD163	CLEC2D	PLXDC2	JMJD6	CD74	ENG	TREM2	CANX	CD63	CD9	FPR3	TSPAN5	ADORA3	APLP2	MCFD2	PTPRA	STAB1	PILRB	TREM1	NRP2	LRP10	LAMP1
CD3D	1	0.988698609809223	0.446635492855495	0.943249909832692	0.803910027804057	0.922974398670424	0.546630252216768	0.381186415317468	0.987242444380352	0.624575294363682	0.782725195019455	0.89765198059376	0.946451372422734	0.752380961489146	0.856271717289931	0.933727719262592	0.9303057818614	0.725866383215804	0.505429211838331	0.892508553301432	0.81799925655744	0.884129076735324	0.615299894858739	0.809896956131082	-0.283995507160494	-0.0501899368149788	0.466460852499153	0.66450831941481	0.841194095932645	0.896973379332279	0.683640731990949	0.395544049942664	0.769256067846799	-0.0915524248391351	0.748087766523785	0.856356466321368	0.00240696876943421	-0.414032065741773	-0.319864595023643	0.466527554486351	0.300988801174479	0.0186428701417047	0.174168887196737	-0.097740231966639	-0.463682683941206	-0.711046089131761	-0.263974004216385	0.0849720703052653	-0.70735192438148	-0.282779989949983	0.478916242972621	-0.359861451327663	-0.671811441234389	-0.131024560076383	-0.426238909090797	0.66144944646761	-0.567750024346018	0.470923108888335	-0.584589181303365	-0.49346903020647	0.217676510324174	0.111022235731789	-0.537841060212506	-0.640450352196109	-0.502905706735957	-0.420621142919288	-0.219528636353273	-0.272342579021198	-0.625612341697632	-0.420147189621373	-0.58229055937743	0.568216386013869	0.292635815597203	-0.589957122377361	-0.524342238382242	-0.659913303135831	-0.616823456413187	0.869808378416208	-0.517279056873619	0.0496738924454924	-0.329411374574255	-0.532286863363813	-0.453591431205951	-0.488522950438145	-0.300889464452436	-0.540694163530325	-0.631249443424221	0.330855111610047	-0.422941361645161	-0.599584792258842	-0.454533547046611	0.0756636358585091	-0.500647871186733	0.313073651861047	-0.637107936723947	-0.613563283876714	-0.305631241450494	-0.405798294168513
CD3G	0.988698609809223	1	0.420002074126529	0.947517220680927	0.746573374808695	0.911089538498628	0.486876537310715	0.324828966606303	0.979244971111971	0.572768248936558	0.762581786698348	0.87220711173253	0.923137076340638	0.696109294651559	0.843453887338009	0.928594841507637	0.935259681437324	0.726727727122085	0.483371721625667	0.863450701943153	0.80080244301989	0.872071471509045	0.618569032787419	0.829243646050903	-0.260700468450071	-0.0240027433369154	0.386568757645255	0.702916246091751	0.827784528652259	0.890369809686663	0.61562117259122	0.365979524139021	0.73365779859499	-0.107693560569368	0.721675520512056	0.837865308514137	0.0269837309392659	-0.425552843184272	-0.299704306935976	0.460507739469899	0.249081540704028	-0.00935629460020133	0.168212738325539	-0.0779268621314157	-0.419436660921613	-0.681879278749106	-0.262347786230577	0.0929163769774483	-0.691079290586452	-0.256707558398755	0.411972951939983	-0.325410616383117	-0.630762559426388	-0.123240070065761	-0.39346668517683	0.599440056832998	-0.536567721106528	0.484850097972023	-0.555949017742311	-0.454892312035515	0.168596068830934	0.108009899991387	-0.501853282354971	-0.607056747389576	-0.472655776852427	-0.38956038085568	-0.22243770210402	-0.241954937094255	-0.604617528543402	-0.39187207596314	-0.559782201618305	0.488986749058879	0.321649962766923	-0.563337853508558	-0.489313030615961	-0.637420591192326	-0.57771962594726	0.883489436857893	-0.478083922142271	0.119303838757814	-0.294366945104256	-0.497399043786488	-0.419727201500193	-0.465331803764519	-0.295771311772376	-0.50334945612109	-0.597103132748175	0.291706270908362	-0.39087867074761	-0.562564024725247	-0.42037304275381	0.0956912386536437	-0.464389460800299	0.299230715131846	-0.617540141679038	-0.573243718996464	-0.255381355218241	-0.376429001682375
KLRD1	0.446635492855495	0.420002074126529	1	0.483870753688834	0.497703424085802	0.485679184132063	0.577296300675087	0.840168414159462	0.522210366414045	0.824005655350307	0.376170241743331	0.395182282196898	0.565899251953015	0.611686206348771	0.658513430485689	0.424612592777113	0.464009574314163	0.294083290818659	0.093046084007097	0.651324266450207	0.558321693142407	0.33948397187979	0.124759059338794	0.309648167112982	-0.37486792354004	0.0371138891870905	0.587079370978121	0.158418771097143	0.333738295571438	0.275288989154475	0.564364901402567	0.294120386060952	0.228288149861673	-0.0714914661008172	0.577335410055634	0.254310320178098	-0.0506941025738987	-0.239093630613728	-0.215114010257224	0.0876205089240492	0.14417898421299	-0.131009597614563	0.00487916056727502	-0.24137805326293	-0.475970438286806	-0.537530440991188	-0.0863333371619311	-0.115151842272445	-0.372608321101461	-0.385794291887901	0.571362689098821	-0.400473516789839	-0.522483371081996	-0.0476636367658326	-0.419247443145452	0.494873116359143	-0.404494860098225	0.143153210210998	-0.49705382984994	-0.451104161941028	0.0564005828229481	-0.00509648376808875	-0.462772921771759	-0.505251586400784	-0.423824039372106	-0.394764847794952	-0.289888498066555	-0.327927627016471	-0.514035860332576	-0.370266401777391	-0.494130051918928	0.634685395060132	-0.0627043278892691	-0.479233638784867	-0.444058206723311	-0.510711747459964	-0.485142484488235	0.335279049365712	-0.431059881176465	0.0499971642190476	-0.338938530905819	-0.436079071360065	-0.381808315127679	-0.470845179449793	-0.230837553229788	-0.262199498554217	-0.502646517690254	0.302036560629265	-0.38948084537081	-0.503758122852399	-0.498299734217135	0.0637598308651639	-0.40767582265383	0.446824399600665	-0.521377629850766	-0.495594647943804	-0.321770201132905	-0.367985605884265
CD8A	0.943249909832692	0.947517220680927	0.483870753688834	1	0.691965108571678	0.925040520949974	0.450475253223268	0.352885100868569	0.926316566511745	0.589710141324004	0.687474824295468	0.788620303811498	0.847401915245184	0.647411655094147	0.812349684850976	0.841389823154623	0.871694141429087	0.666862113694331	0.329872359086524	0.82931066167187	0.696759046553702	0.798045665210832	0.563396255236628	0.748332237112507	-0.268080730484543	0.0256132309243324	0.366742089715131	0.629136325430106	0.757177967891617	0.812932068855579	0.551073269786117	0.333711265066787	0.695805260316537	-0.124344484987636	0.674728530884968	0.755687427083681	-0.0153177916260686	-0.428285523880161	-0.329770674336097	0.362612893930838	0.181118831630116	-0.0687317603309014	0.105095382473748	-0.107538386354182	-0.435321886388085	-0.666259935930114	-0.236590708759609	0.0455966655687279	-0.668348011594993	-0.320898049720632	0.441873378142753	-0.323449099310308	-0.633913583698654	-0.189664350135795	-0.400202248338697	0.557575200182438	-0.537538171563616	0.449056927729153	-0.553085008692354	-0.463225997082246	0.114170619239958	0.0549081459548403	-0.502440275537383	-0.605053818242818	-0.483027965220651	-0.389080232388917	-0.257292928786713	-0.260737160364041	-0.592062738221623	-0.393744237803872	-0.54440067887609	0.499948882588859	0.241911421316055	-0.548750400500564	-0.491809889994446	-0.620102687495784	-0.572236550688014	0.799902460144202	-0.480057866694116	0.195798581004027	-0.3121162282657	-0.493313509917691	-0.417266763226348	-0.48691978806613	-0.320927314702606	-0.51169050370204	-0.587435495409413	0.207664503733389	-0.384868849559008	-0.560344820345018	-0.478654492619943	0.0315164944886649	-0.457917066185798	0.338822146531192	-0.595951663403724	-0.575871325338226	-0.272271930007373	-0.394137832250867
CD69	0.803910027804057	0.746573374808695	0.497703424085802	0.691965108571678	1	0.779178680054765	0.875542553737871	0.681865293882584	0.786901866645686	0.847230422607176	0.850189545437753	0.892421190635406	0.895060155394146	0.975169244098745	0.72991645499732	0.792080068879321	0.64585868494985	0.678084559522831	0.615976247916673	0.913208222378984	0.815099296579344	0.768932629678925	0.562533764250446	0.493852868102795	-0.352300334200618	-0.0754931282351067	0.8516188300471	0.318706471145	0.801997217596478	0.732862745330716	0.932635859618054	0.558080901871382	0.72192543008613	0.172773311079482	0.835601636668023	0.758164795655065	0.031350000255337	-0.202336309488089	-0.157080528685447	0.516994574271104	0.621503642997269	0.297943254265251	0.352585969358078	-0.0553011210920465	-0.51767820769226	-0.742902927786228	-0.121850512147775	0.0568712872708231	-0.660819572931662	-0.262057366042153	0.806859610563629	-0.334031941520721	-0.664021929541134	0.0073814173897762	-0.429786235122953	0.944662673860269	-0.537226639883858	0.368253033478634	-0.553824472089652	-0.489404003310826	0.552632902952486	0.297396732761002	-0.504678539809425	-0.613005182000329	-0.426073108785512	-0.383103310433582	-0.0174899937200435	-0.229604855894729	-0.621644293715815	-0.351689751105045	-0.529875190277252	0.820047026727465	0.054132085795979	-0.535809761527541	-0.487624183737539	-0.681090254141276	-0.606244491270548	0.586045548341021	-0.475710108460792	-0.12473530449663	-0.287753732145996	-0.508197746890419	-0.424778029120976	-0.404430965842004	-0.113865047901465	-0.519523933068711	-0.611497128251647	0.617017567712172	-0.402663444115298	-0.585361601090811	-0.381417839775856	0.217295011766198	-0.477637160382686	0.432457083598956	-0.621213831090022	-0.659091527500758	-0.313447640692229	-0.390436946744951
CD8B	0.922974398670424	0.911089538498628	0.485679184132063	0.925040520949974	0.779178680054765	1	0.590937076162891	0.467093698206708	0.891899973118169	0.679419809479229	0.687971567125529	0.801537976975573	0.852558771471619	0.730887809202325	0.79866256140942	0.807359429872529	0.802402966788088	0.600139129968081	0.348654901093691	0.856894403699283	0.663313361021973	0.758981236709165	0.56496431305572	0.600899779255911	-0.37262222361646	-0.0942558229354415	0.524858106361575	0.464158658722707	0.739628437808073	0.761813403817793	0.629798598404072	0.268095278433018	0.806385984490428	-0.150700087548932	0.661711969202919	0.740026524606878	-0.0946858503450558	-0.433404424770014	-0.369899741754464	0.29114367123478	0.228576405983896	-0.0430591630174988	0.086754858255493	-0.184410940808485	-0.532503921834551	-0.722526979287573	-0.28524090967123	-0.0178537945241064	-0.709714755745782	-0.409206930488775	0.580966027588983	-0.42582495686402	-0.700067501794588	-0.225428372142221	-0.503423791615029	0.647941115819846	-0.633054542676603	0.30755739397877	-0.633298720637071	-0.519721132232453	0.160795507413092	-0.00389128467973558	-0.588048948550122	-0.673994275162232	-0.55307103709626	-0.477282972001651	-0.278127660869919	-0.333768175715418	-0.649186312699428	-0.476771282997806	-0.624241996581446	0.647646560104434	0.0741697398359219	-0.618530596582128	-0.553081354775371	-0.676231468595038	-0.651821319389838	0.668160562054611	-0.562063337220752	0.0574378010257194	-0.397810136321022	-0.58133494762709	-0.504476745897674	-0.561031307042059	-0.382472120033344	-0.595618587400636	-0.656817909374295	0.288573147738252	-0.474850871976742	-0.654029018906789	-0.583833983240606	-0.0411177995379659	-0.523111338397877	0.307756540788857	-0.67892020567736	-0.663147012563972	-0.352573998845967	-0.464182569587206
CD247	0.546630252216768	0.486876537310715	0.577296300675087	0.450475253223268	0.875542553737871	0.590937076162891	1	0.872512077281984	0.54317243863334	0.912947958866208	0.663783317875929	0.639733602086803	0.697487420051628	0.923558790493077	0.566865121290539	0.546399489977399	0.412068181955964	0.416090751853254	0.407992701375197	0.780421396130971	0.692059285857247	0.473237592421068	0.33397666184762	0.227015776618119	-0.488806859751873	-0.194313515965903	0.941133174047644	0.0396263380084491	0.518431070361849	0.422158302271718	0.902789563735304	0.423934187438158	0.456957971124444	0.113437638804745	0.671712682229464	0.431931580444614	-0.106910206199493	-0.22019086687139	-0.183276182444304	0.240745138758227	0.534247224737602	0.201217582017111	0.282814644944778	-0.219531856933416	-0.600767608763286	-0.673047559790362	-0.16589507951973	-0.0643239936633534	-0.546598766836644	-0.380830899121	0.829951540489996	-0.455281728745413	-0.647075856125053	-0.101261284613431	-0.516802299095763	0.926820425954802	-0.555193150441267	0.112733291861728	-0.571596603529922	-0.563620122233266	0.451287647383625	0.179225526334163	-0.534970472110929	-0.599066284668228	-0.458532212089347	-0.439295099787712	-0.0876220393932688	-0.338448029822493	-0.598685732111852	-0.400267798318555	-0.562680241210249	0.791943414152041	-0.20632523655261	-0.527313988942064	-0.505736513925874	-0.625869272156461	-0.610949548968791	0.277772509157321	-0.509952282514303	-0.152714325298497	-0.378625280553246	-0.539322509227225	-0.476293319716721	-0.455129101095943	-0.137882422794712	-0.483340502389096	-0.606767400608429	0.592654215965951	-0.45786605710044	-0.602104994838359	-0.45250140394535	0.167334346036397	-0.491350779038925	0.341176772179252	-0.612577476358625	-0.63584062620435	-0.344909501202331	-0.401917134300689
KLRC1	0.381186415317468	0.324828966606303	0.840168414159462	0.352885100868569	0.681865293882584	0.467093698206708	0.872512077281984	1	0.420047257014842	0.930853288070099	0.463627199574949	0.41820160729604	0.554952495836396	0.786240915321527	0.570256918707415	0.382068726017953	0.320161350550642	0.244874564279508	0.170035572819449	0.696053300313153	0.560277055630277	0.274077078885881	0.167191644151139	0.120195125171074	-0.480563520396532	-0.0889817268300649	0.879121997324768	-0.0880388457162603	0.304165909338538	0.221071786702535	0.761572367552753	0.347659942844489	0.307518640756504	0.0532677960347639	0.560935302991111	0.239397600436944	-0.111671081988605	-0.169795498420149	-0.184229111955181	0.073670068235529	0.356811759061295	0.0632119202780329	0.128065961676282	-0.274768408827606	-0.574352250503201	-0.601207170127195	-0.105454808737053	-0.13431790665788	-0.427203195715846	-0.423578058429451	0.801645597471758	-0.444920275555084	-0.585768495231085	-0.0780282983066284	-0.501374872038208	0.73602689513017	-0.481827839551694	0.00967362966509699	-0.537842465996193	-0.529736286218239	0.288584176094671	0.0521562069050278	-0.510534939933275	-0.555854666038102	-0.448175621520325	-0.427975047137723	-0.173633696815755	-0.356983488015114	-0.554002969815917	-0.392504565686566	-0.52653777746079	0.803396167312776	-0.242751706761301	-0.493718034367861	-0.473984440443457	-0.56566053266723	-0.555247500994283	0.148070154412484	-0.478844921527337	-0.111175922303011	-0.383241330818589	-0.497561329031526	-0.44140305549923	-0.46769451018443	-0.167882117126484	-0.357715066349021	-0.552050858213669	0.491595770000321	-0.435443467360867	-0.566189579984002	-0.498917974330439	0.100276768470762	-0.452399496140141	0.409843869278551	-0.566307927640059	-0.582843736260882	-0.348352473390184	-0.407398035680557
CD2	0.987242444380352	0.979244971111971	0.522210366414045	0.926316566511745	0.786901866645686	0.891899973118169	0.54317243863334	0.420047257014842	1	0.654507039601718	0.770014746990174	0.881847120239378	0.954871467315795	0.757494022847866	0.88922458213089	0.932339396805648	0.955849151121667	0.70717777211812	0.499573153762429	0.901807535218783	0.854534510171359	0.859954048955705	0.592238092337738	0.835234588246536	-0.299735067440585	-0.0581845240636748	0.468629105642213	0.676150613792811	0.827109983669955	0.874958448231667	0.69206585799672	0.395890908959637	0.734400859116828	-0.113221463690593	0.755285807714579	0.832077524985497	-0.00234728215593953	-0.425714249538021	-0.331511961626959	0.451531054271002	0.282453330789227	-0.0106838565280168	0.143315715650687	-0.130119599373663	-0.47697941577218	-0.720693722476788	-0.275789378137901	0.0849875791085576	-0.703994887325104	-0.299036087576526	0.461817649306158	-0.38752234777936	-0.681543734211611	-0.116301599582927	-0.441926173661127	0.656031936530039	-0.573792905666936	0.455613621127508	-0.600312930174768	-0.517460296030298	0.191801414988349	0.0950851900674426	-0.556419199742585	-0.652517894915163	-0.522370285403341	-0.441627727274228	-0.246071683755511	-0.291783796538127	-0.63557185851368	-0.439430607478335	-0.600438723800523	0.569686387725486	0.294960233109068	-0.610937656155631	-0.53925669613565	-0.666607853040925	-0.62844572254529	0.883212431067918	-0.534356120514243	0.028857131744205	-0.347616517227399	-0.544578260501504	-0.468395181518975	-0.511560497260561	-0.318499045583842	-0.535477103610441	-0.645325829517397	0.330263893506457	-0.440644678106174	-0.616600842076491	-0.456126823564917	0.0733058705636746	-0.514862314629272	0.306982835588559	-0.651797093433575	-0.626639790369491	-0.328364953016747	-0.411210114009242
KLRK1	0.624575294363682	0.572768248936558	0.824005655350307	0.589710141324004	0.847230422607176	0.679419809479229	0.912947958866208	0.930853288070099	0.654507039601718	1	0.665217925181896	0.6570746416118	0.757063912194958	0.916280413998856	0.716343016419014	0.591384355833255	0.540340909613027	0.457024256548338	0.347660935067164	0.855208161932539	0.73376081289921	0.528429132900661	0.354315468034275	0.321119457649882	-0.467297779846422	-0.0894219514891325	0.897572341504876	0.119394490129121	0.550930057361559	0.458139600287145	0.871140336806871	0.416218502996984	0.507967254475915	0.0558885017232103	0.745032698321084	0.467481072896413	-0.0748303114139744	-0.253365016907983	-0.216336056205578	0.232394989671703	0.453786828644372	0.102947811106143	0.185755631257422	-0.237011731183116	-0.612591336845747	-0.725439061508164	-0.138021742036138	-0.0494299670405532	-0.574413772258949	-0.426348089207743	0.841179247591516	-0.468916030465115	-0.684793507437081	-0.0667674051590396	-0.530024455902669	0.872018189587755	-0.569259627618158	0.13960609487069	-0.612020196722614	-0.573390168993317	0.361513534353477	0.122087283139426	-0.57438899602946	-0.648363069269161	-0.499903614922938	-0.473327773882351	-0.171618713348227	-0.354449319958693	-0.648240792046172	-0.43449044046414	-0.60062420749664	0.857915940203123	-0.152322101440272	-0.582362142977875	-0.537747799091859	-0.674434396321759	-0.63776668668017	0.377223163848112	-0.537173548030529	-0.0757052299461365	-0.395759747604824	-0.558043778297001	-0.487411783950134	-0.524729290776809	-0.211339202884945	-0.469604839956246	-0.642087718900898	0.542655966936273	-0.481992931177374	-0.646396278636481	-0.522177863371942	0.124375042658039	-0.515473231972846	0.439217643534977	-0.66152238402722	-0.670812381753271	-0.374523960654947	-0.447468177692365
PTPRC	0.782725195019455	0.762581786698348	0.376170241743331	0.687474824295468	0.850189545437753	0.687971567125529	0.663783317875929	0.463627199574949	0.770014746990174	0.665217925181896	1	0.909530942932938	0.861690180606299	0.790459453154041	0.670039961826202	0.854740545827346	0.682848597986062	0.863630718309696	0.779587110793157	0.811797427885348	0.809050666052217	0.795759173588413	0.791463032060764	0.649978035094377	0.0289502187796004	0.286792805259107	0.58875280865286	0.538107375759031	0.879336395653496	0.784903852781425	0.763791792742468	0.741023171555082	0.620258942829512	0.442116966874119	0.895243464693606	0.871315399867379	0.436156447521277	0.0829824472800043	0.133151451394174	0.74865846849297	0.733481917197377	0.531981127567912	0.61071183102815	0.343097013247263	-0.118313733414709	-0.576784013804864	0.244340410906038	0.326879231430987	-0.473262280094715	0.0777830395942156	0.648543115084393	0.0541572258991982	-0.358230900800244	0.337303261971047	-0.01206110879412	0.745930338695275	-0.175763695168214	0.58552953454995	-0.192454309053845	-0.136485569405477	0.687086459333811	0.580577660533967	-0.133381434067499	-0.309572837027849	-0.0557731788447188	0.00967885703955341	0.332321386727486	0.176343771653547	-0.395073552630198	0.0262432616179464	-0.181514254463047	0.571044279681622	0.317352723301745	-0.182853648372648	-0.127805405716076	-0.509110591980291	-0.269119256416829	0.729883148758645	-0.0866182019972268	0.168821035936221	0.132828071525974	-0.137947257095301	-0.02047309349722	-0.0537589864432689	0.216763698677669	-0.188658407306371	-0.27157286609173	0.480024250647818	-0.0340011874171663	-0.229675047149415	-0.0321586507758797	0.495808100898339	-0.151161733966747	0.46652949268852	-0.321886856572338	-0.364502490203462	0.0911431016675288	-0.128688329768863
CXCR4	0.89765198059376	0.87220711173253	0.395182282196898	0.788620303811498	0.892421190635406	0.801537976975573	0.639733602086803	0.41820160729604	0.881847120239378	0.6570746416118	0.909530942932938	1	0.93878799210554	0.828033512560239	0.773918162940399	0.916702078288792	0.764392808675101	0.847227092728225	0.742351572074445	0.854824538472604	0.825701740289953	0.894080165131557	0.681086374835352	0.692953107165201	-0.103075412366456	0.0573695831936267	0.56878628117559	0.605539059620396	0.936991279129301	0.86928110453816	0.778143765804202	0.619315869341923	0.707265349988894	0.203183426303373	0.887423043362657	0.895230835767197	0.208954570929301	-0.152867154785139	-0.0467962472720711	0.677922676090503	0.577238414841154	0.364948192654045	0.478888827959613	0.129696262294251	-0.314129307332618	-0.614946254231993	-0.0104152769900613	0.233744955510172	-0.577409832806377	-0.0635798824349873	0.581530509012612	-0.16237329947601	-0.530536430858441	0.12777826327904	-0.22132761203136	0.765288039590164	-0.374236732312451	0.578596138239447	-0.388325294895477	-0.316326014871733	0.54069019731597	0.409694087113346	-0.338259658736801	-0.503287895692255	-0.283831927820578	-0.240258594288154	0.0806287903190966	-0.0322776242943381	-0.475791353280597	-0.220378926985857	-0.39477875942039	0.593872077824818	0.305775311892041	-0.397682323692628	-0.370669419684956	-0.546865463509914	-0.476079244074508	0.809609754114019	-0.323362121258645	0.0660782677461474	-0.0978657044177399	-0.369165718820283	-0.263696790991497	-0.245812522029826	-0.010015037699965	-0.367826056307364	-0.483617431225603	0.481836896004828	-0.266941103412557	-0.422956355846204	-0.215896688135906	0.320497054288725	-0.383253812229328	0.406190019514647	-0.456910890045198	-0.483216412471303	-0.109221167761036	-0.243052744273339
IL2RG	0.946451372422734	0.923137076340638	0.565899251953015	0.847401915245184	0.895060155394146	0.852558771471619	0.697487420051628	0.554952495836396	0.954871467315795	0.757063912194958	0.861690180606299	0.93878799210554	1	0.871174794965278	0.857560295808442	0.947711574643209	0.867792196414024	0.777694210987391	0.625715064672831	0.93718949242884	0.916441479746785	0.870049908640105	0.600287747707244	0.788656182102688	-0.297287317093293	-0.00464736327759389	0.619748107299701	0.62981076939493	0.883668429682264	0.882271267963751	0.8231595130157	0.554517236157477	0.698466833778717	0.0432468326611541	0.854795033254103	0.844760378536164	0.088809152191075	-0.302909961367453	-0.224926481811223	0.554511414851772	0.463223047323597	0.14358656248057	0.313125434635987	-0.0311000203157733	-0.45464750471714	-0.731922486714558	-0.164954286550887	0.100745207465972	-0.683399310314186	-0.252457710399741	0.593872755202516	-0.333345071331931	-0.655954483877584	-0.0114407264706574	-0.387205791899776	0.781375590906828	-0.509840748918177	0.53111987705279	-0.554019782470926	-0.483896130317067	0.365976113910994	0.26074918601446	-0.501268566195671	-0.623189780614854	-0.448617798119383	-0.38127005013629	-0.119519582142843	-0.225346878194083	-0.621518165209531	-0.359863687100631	-0.547825417072923	0.650472615724933	0.258397354119377	-0.555096453114724	-0.492566719221077	-0.671514194679737	-0.5962452749579	0.835522126232376	-0.473490156859322	0.0100752526370438	-0.274641623504084	-0.495037550352625	-0.409991041766347	-0.433317856746801	-0.172970661772654	-0.486844262431582	-0.605952875879466	0.447170969359781	-0.387052799814814	-0.569115313083148	-0.402321396598145	0.202833038656003	-0.468868426641523	0.390927099782237	-0.617918103439862	-0.619476088681244	-0.282027038376107	-0.36681762587943
CD96	0.752380961489146	0.696109294651559	0.611686206348771	0.647411655094147	0.975169244098745	0.730887809202325	0.923558790493077	0.786240915321527	0.757494022847866	0.916280413998856	0.790459453154041	0.828033512560239	0.871174794965278	1	0.743890251094905	0.734918554451955	0.628326750349673	0.595397279938339	0.544335803508729	0.918195847452536	0.830105816214951	0.70688373814137	0.465595276501255	0.447409811276398	-0.437877128610556	-0.130879637712234	0.899911211137295	0.251641784886131	0.717871115855421	0.645321735014984	0.955552627484429	0.499605567526534	0.642801344493637	0.101091310953578	0.81644039178401	0.662145044299067	-0.0394814770275467	-0.259997210829045	-0.200298559840243	0.418460735889637	0.579415232886475	0.21055974177346	0.283737483723679	-0.165188716757186	-0.589947540013925	-0.758049299653117	-0.183701474574133	0.00261072764681866	-0.653477120804709	-0.339953316845253	0.813629789722418	-0.430636453072882	-0.706683317888925	-0.0387948159253321	-0.510974127732259	0.965880620129225	-0.589050979588083	0.274865783755175	-0.616114609911356	-0.559188422669232	0.480765270710933	0.2189241459827	-0.56907274663044	-0.651837967689916	-0.494176563005611	-0.454030806730509	-0.109175648680848	-0.320248137771304	-0.659108975123351	-0.420112198496837	-0.598284281313018	0.843820369958719	-0.022519678325203	-0.597860744432584	-0.545479953621264	-0.700638288807837	-0.655238444643972	0.53437508479801	-0.543411439543119	-0.164045953409183	-0.370539523970732	-0.568417860194694	-0.492889363450731	-0.4811063008106	-0.175059213121246	-0.539598695911295	-0.66158643892622	0.636095311980505	-0.466206780432125	-0.645824825412522	-0.442213796724058	0.182439261063197	-0.52616262081494	0.414492067646451	-0.673346900960012	-0.694896452567963	-0.380118788939932	-0.431781891013839
CXCR3	0.856271717289931	0.843453887338009	0.658513430485689	0.812349684850976	0.72991645499732	0.79866256140942	0.566865121290539	0.570256918707415	0.88922458213089	0.716343016419014	0.670039961826202	0.773918162940399	0.857560295808442	0.743890251094905	1	0.810138856203583	0.871702666416606	0.537517940956688	0.354988635314478	0.890915373365486	0.762453686471353	0.71334269636215	0.511436062014572	0.675251822742605	-0.34989611032784	-0.0258295307055016	0.559985317742221	0.457377135972197	0.685803319728902	0.723714817058063	0.68693558901008	0.315892170686844	0.737393855518554	-0.122007251691093	0.675131492927365	0.728324983883569	-0.065217823298388	-0.401621256514608	-0.293894291665228	0.329938565126113	0.224439204217663	-0.0111584531143685	0.042088338632175	-0.210917322066519	-0.498268321944461	-0.730763585690032	-0.272346388139865	0.0585069986263292	-0.673265812670039	-0.327300733170167	0.534228558359734	-0.401831919930852	-0.702143988831683	-0.112012770422736	-0.502710597196901	0.633681822126577	-0.595496412930477	0.276299775463468	-0.630923660668117	-0.530610296753723	0.176611460920776	-0.0118898640380214	-0.595392580908791	-0.665942715494604	-0.560638150138451	-0.474126096740922	-0.2904505659101	-0.306006020512072	-0.650484415556219	-0.487805731357334	-0.616914334988884	0.683405466590186	0.183699957798585	-0.622955136585689	-0.559360481077982	-0.683901042264302	-0.65712462914355	0.736954868055826	-0.56397580472996	-0.0424287665101021	-0.374634599803988	-0.581890002217326	-0.5003335846783	-0.559890485358263	-0.369103766324067	-0.507727073302364	-0.672586388679881	0.383252208567046	-0.478964382236348	-0.661600773163576	-0.473290492270194	0.0275915759053855	-0.546170522886463	0.332922462635597	-0.68033127166726	-0.655893197427955	-0.344727708147547	-0.468879407060869
S1PR4	0.933727719262592	0.928594841507637	0.424612592777113	0.841389823154623	0.792080068879321	0.807359429872529	0.546399489977399	0.382068726017953	0.932339396805648	0.591384355833255	0.854740545827346	0.916702078288792	0.947711574643209	0.734918554451955	0.810138856203583	1	0.871626786716645	0.812225822670682	0.643527805968625	0.84811159089504	0.859087720478415	0.880113808625792	0.644456808963801	0.864392794706114	-0.167498913698922	0.0901631540441251	0.442538919299564	0.743744333478633	0.899550449718039	0.901873540740671	0.699257937908076	0.59922697762272	0.670280670540133	0.11590922433808	0.811175564560361	0.87857843063272	0.178998566134615	-0.252790005257824	-0.142669472507968	0.628158826080075	0.40705547468617	0.192681015989348	0.367186822700616	0.108617050103654	-0.308545285442307	-0.656996819432067	-0.0924935677815494	0.165946967078469	-0.626913055807462	-0.121274669128978	0.464117833098416	-0.175527150933655	-0.555998386474677	0.0427220282894954	-0.252177292513672	0.629134049334231	-0.396840068661027	0.64666709589408	-0.432951671334676	-0.363539630927914	0.363214601737816	0.337046669333267	-0.363669982205612	-0.524921593591301	-0.331806616284365	-0.243779972280956	-0.0272423950807569	-0.0731996903398358	-0.54091881441752	-0.240783653857535	-0.425361974041789	0.490118613184887	0.384236469351137	-0.440512661338429	-0.369297694330906	-0.608565475812751	-0.48320622655106	0.90921839881913	-0.335118186386909	0.123823144306543	-0.126622915072002	-0.376736934693115	-0.280477957943416	-0.305596767731098	-0.0932609664840854	-0.388801542168239	-0.494723255853392	0.357486775652824	-0.265669727201402	-0.438343318254592	-0.281240363368719	0.264257034656016	-0.370904343798077	0.369307995431155	-0.511647922545695	-0.514045465858185	-0.149955828797041	-0.287682370507363
CD27	0.9303057818614	0.935259681437324	0.464009574314163	0.871694141429087	0.64585868494985	0.802402966788088	0.412068181955964	0.320161350550642	0.955849151121667	0.540340909613027	0.682848597986062	0.764392808675101	0.867792196414024	0.628326750349673	0.871702666416606	0.871626786716645	1	0.594157178965487	0.412118936584475	0.824260115241661	0.817218036174099	0.776649481516327	0.567861644100959	0.869135052958345	-0.261194206611593	-0.0499254459167475	0.342794626265885	0.690857583058052	0.708042066856811	0.818609554098087	0.588106066156671	0.274642321389093	0.691777400732645	-0.177067686809972	0.641677494128379	0.773814867641488	-0.0207081082691929	-0.458744563311415	-0.350200282243426	0.371559838058701	0.174252662911172	-0.0908710793380424	0.0334669432719949	-0.162634892590381	-0.421515987017172	-0.676401680564242	-0.313952954048228	0.111033347108997	-0.657674431114723	-0.27047298802915	0.327669564607929	-0.363947648140015	-0.630712065603511	-0.128788162681542	-0.428196588437847	0.530716368571144	-0.554081218087872	0.354193814785438	-0.572248033162545	-0.488496746053225	0.0744634863705898	-0.00867743269984568	-0.539497234726396	-0.606155955086418	-0.51056757088275	-0.416350255630212	-0.287900551041883	-0.285898748928276	-0.606504177093052	-0.431488407152456	-0.576621678871621	0.469700661520592	0.351906575810798	-0.591258108523864	-0.505541768935163	-0.630375864319781	-0.587632467278761	0.884542562430112	-0.511721065547311	0.040887306000556	-0.33645358797219	-0.516263207475977	-0.445367300582676	-0.5042972046063	-0.36178991469135	-0.480745898932361	-0.609504263217675	0.270364995930312	-0.421854326009488	-0.586851381974289	-0.402205858337742	0.0334394583449265	-0.480347564401503	0.22370060391653	-0.625756883875997	-0.565744129393266	-0.297978878315288	-0.409000678770514
SIGIRR	0.725866383215804	0.726727727122085	0.294083290818659	0.666862113694331	0.678084559522831	0.600139129968081	0.416090751853254	0.244874564279508	0.70717777211812	0.457024256548338	0.863630718309696	0.847227092728225	0.777694210987391	0.595397279938339	0.537517940956688	0.812225822670682	0.594157178965487	1	0.772318556447316	0.655975598141799	0.678832517655034	0.804577589617776	0.703731485415085	0.656147219675585	0.212142654193201	0.383044639989398	0.332579845723939	0.646016640906645	0.854420162682674	0.802576622248191	0.542699553523368	0.748704150203154	0.457797097990339	0.418473284899138	0.820635251819266	0.822875106630837	0.54931580051399	0.164345581134571	0.234526720969878	0.816181065912746	0.628498427069362	0.485646949140441	0.662651186528736	0.45668277031413	0.0392624821406586	-0.342891756586985	0.321803817233688	0.40841617318968	-0.294974682861826	0.225387404514804	0.461216066483981	0.188996672547193	-0.146119581789554	0.40329987063457	0.164507665893677	0.519687817526294	0.00482320279749983	0.756706303720995	-0.0282128417141709	0.0297359217119243	0.573741351337995	0.639788011076832	0.0391128651051496	-0.162681265851857	0.104758486758929	0.11735705992548	0.362962405774097	0.269619657219051	-0.199095813567624	0.157059451723187	-0.0548245310984186	0.355797910308925	0.50872458531525	-0.0358283392546959	-0.0118272607662281	-0.287941329057526	-0.105342142002344	0.774300119298149	0.0665602148893975	0.32147437821311	0.252245584079627	0.0154919321526762	0.114536933556273	0.122192782112375	0.327385408151889	0.00197261218655961	-0.121752539070349	0.362271506598616	0.0882236670593064	-0.0373297550529821	0.0806012813547637	0.555763723706586	-0.0324261986622579	0.531381409384681	-0.143705166774152	-0.128421846695409	0.233002498219546	0.0587725350517871
TNFRSF1B	0.505429211838331	0.483371721625667	0.093046084007097	0.329872359086524	0.615976247916673	0.348654901093691	0.407992701375197	0.170035572819449	0.499573153762429	0.347660935067164	0.779587110793157	0.742351572074445	0.625715064672831	0.544335803508729	0.354988635314478	0.643527805968625	0.412118936584475	0.772318556447316	1	0.494330693642675	0.621678825302631	0.668342812550478	0.585700826613351	0.481909383891759	0.268642473177391	0.274363377502631	0.369605678277667	0.51703830558449	0.710639360710336	0.648557938893552	0.597970842232643	0.663571984348697	0.375504490717422	0.427002019442071	0.716781423776338	0.740820203626485	0.581963179037915	0.287718012243611	0.419540940530279	0.7585796349518	0.782990537136227	0.601679266916501	0.720964286178525	0.441596978454735	0.144780274328248	-0.173358507928486	0.353083146425678	0.485519457371012	-0.135359307121505	0.281075335139753	0.360937563364824	0.188967662379414	-0.0137940155607366	0.550072525697275	0.235954327959202	0.537151378530946	0.116483285987903	0.55969361436525	0.109209646346446	0.146855625737304	0.632399924276222	0.627757233437675	0.149959816712198	0.0125795842383756	0.191482012833208	0.201569910962029	0.48644857195318	0.333385181450535	0.00059825224431033	0.243122529800147	0.0466027129908799	0.311420066171346	0.452362395941199	0.0538368060290772	0.0742772451419078	-0.111436963690649	0.0223835339002189	0.595178883705524	0.15022843819046	0.0641397635511203	0.321219371358125	0.101520318773123	0.200798652638934	0.241874862136103	0.448231332386243	0.083988119995674	-0.00194219473020784	0.472862440292154	0.192426750760208	0.0960268505614776	0.267705776149802	0.541580194534437	0.0583426975576848	0.34672747908343	-0.0146773365784279	0.0040518237673708	0.285102313603794	0.214313444937804
IFITM1	0.892508553301432	0.863450701943153	0.651324266450207	0.82931066167187	0.913208222378984	0.856894403699283	0.780421396130971	0.696053300313153	0.901807535218783	0.855208161932539	0.811797427885348	0.854824538472604	0.93718949242884	0.918195847452536	0.890915373365486	0.84811159089504	0.824260115241661	0.655975598141799	0.494330693642675	1	0.845502407389424	0.781035461855154	0.58674185175112	0.634359132789225	-0.387676096236766	-0.0193761742034908	0.755018083185817	0.404075099887654	0.766506443554192	0.764347158320356	0.847863517917546	0.455746534915386	0.741341928259448	0.00548761805836518	0.81109335826959	0.78650489581764	-0.00398412523891267	-0.330705050946883	-0.251725738096741	0.430689983513747	0.440675805747866	0.105800569444734	0.202580455139545	-0.147350207015562	-0.544524356309234	-0.788207847677355	-0.193315053523713	0.0813750676482716	-0.705334144138557	-0.353554670888463	0.729548798055519	-0.409074494286585	-0.721773082521127	-0.0566920545494973	-0.494174528991014	0.839433252691841	-0.602315575588133	0.332383029611672	-0.630076650792921	-0.540997718364318	0.34929852059232	0.138986634913744	-0.575920114806692	-0.668726381061293	-0.520012542631896	-0.444056764569086	-0.180052238515808	-0.307009729127465	-0.683223039740645	-0.431860997636182	-0.621188033126332	0.806496380257324	0.124548614912975	-0.617246556819012	-0.546867663467973	-0.730738270231696	-0.65621060273443	0.697454398885004	-0.544572424707316	-0.0437233942617056	-0.358852395137425	-0.5685230812644	-0.476435523279306	-0.52687586591796	-0.249284593527837	-0.537529527405248	-0.669911202499515	0.510915943241179	-0.445367301865676	-0.656396303358576	-0.479820797597072	0.117542677168427	-0.517006791411762	0.414864613456245	-0.702729543492014	-0.698717177119925	-0.351396348588252	-0.445580904131789
TIGIT	0.81799925655744	0.80080244301989	0.558321693142407	0.696759046553702	0.815099296579344	0.663313361021973	0.692059285857247	0.560277055630277	0.854534510171359	0.73376081289921	0.809050666052217	0.825701740289953	0.916441479746785	0.830105816214951	0.762453686471353	0.859087720478415	0.817218036174099	0.678832517655034	0.621678825302631	0.845502407389424	1	0.760713848527459	0.499747295417929	0.795297309004734	-0.307816738411106	-0.0391866480673813	0.590629714422506	0.639672798387762	0.771495181377515	0.789674261298362	0.825450195350016	0.543402726201205	0.518758728371536	0.0687530145774833	0.811750079403311	0.707387094731103	0.09037155628123	-0.288694471528132	-0.208995741767936	0.510097573314295	0.472915335982087	0.11652965231559	0.287895331444498	-0.0478588995678162	-0.428376019346613	-0.690440895921663	-0.171345213121764	0.0852185141064301	-0.619576818769458	-0.225494407201432	0.512370565698332	-0.312038748025356	-0.586741373372878	0.0107504992401724	-0.360527358640198	0.770540110133263	-0.462649463055462	0.489292656621156	-0.515787451752057	-0.470674218515564	0.33022552890279	0.275972750429215	-0.45925773616256	-0.565230809024917	-0.403753899549817	-0.340794306994084	-0.0902234260503992	-0.211385603232483	-0.592313009095624	-0.320469912176093	-0.513008678581531	0.540011381597716	0.258780849039267	-0.526983413817902	-0.444447981922919	-0.637419423874427	-0.544289458213777	0.788136296728888	-0.423454666564032	-0.0156723234793973	-0.243309026800934	-0.443979713485209	-0.373978302407002	-0.397031164403819	-0.132121080463464	-0.417324204887223	-0.563394338741282	0.463186198431792	-0.354015843992519	-0.519282076178283	-0.30713912670688	0.268051386500817	-0.420813986524991	0.348784632749538	-0.583221854003154	-0.567661438947077	-0.255620809489976	-0.335348651265345
