""	CD74	NCL	APLP2	LRP1	ITGB2	PLXNB2	SDC3	CXCR4	SORL1	SDC2	ENG	LAMP1	TSPAN15	LRP10	ITGA4	ITGB1	TLR2	SIRPA	NRP1	RPSA	PILRA	ACTR2	NCSTN	MERTK	CD44	TREM1	ADCY7	TLR4	CD93	ITGA5	ITGA6	FPR1	ITGAM	ITGB5	AXL	LY96	TLR1	CD81	BMPR2	KCNQ3	NRP2	KCNN4	FPR3	PLAUR	CSF2RA	STAB1	IGF2R	CSF3R	TFRC	TLR7	ASGR1	ITGAV	VSIR	TNFRSF21	ABCA1	DIP2A	NOTCH2	CD33	CADM1	LILRB3	AMFR	CD63	STX4	CD163	HAVCR2	THBD	LILRB2	PECAM1	GPR84	ACKR3	CD47	NECTIN2	PTPRA	UNC5B	MCFD2	SIGLEC9	CD46	C5AR1	TREM2	GPNMB	RYK	CLEC2D	ANTXR1	RHBDF2	ERAP1	PLXDC2	TNFRSF14	CD69	TSPAN14	PTPRC	RACK1	ADORA3	C5AR2	CCR1	PTPRJ	ST14	LILRB1	SCARB1	ALOX5	JAML	IL6R	TMIGD3	TNFRSF1B	C3AR1	CD4	TRADD	ITGAX	TNFRSF1A	PTGER4	JMJD6	RXRA	HLA.DPB1	SMAP1	ATP5F1B	SORT1	TNFRSF12A	CD68	SIGIRR	C1QBP	SLC1A5	MRC2	IL2RG	CANX	LPP
CD74	1	0.750940386476959	0.736603379734906	0.568251018888807	0.794259089721033	0.551750352186165	0.372611299178055	0.80896279789413	0.879989778321848	0.392509307619835	0.67270473085381	0.754677426950256	0.762469827484016	0.854892971125021	0.754705654938804	0.783973798422664	0.858544014259366	0.732725381786996	0.499232518582588	0.701035269633782	0.807445097523239	0.70019543558143	0.707588338747103	0.58443587110808	0.566449223132415	0.22999411463259	0.799697635133518	0.706694014689958	0.617134900969568	0.279396131065399	0.747854932633034	0.910689188309214	0.555613107776416	0.408430090254896	0.968427537710029	0.896378587146591	0.906134597687094	0.647594749927742	0.754816249073694	0.726914841901728	0.353007460816911	0.472713010478072	0.555209854499737	0.733189705782052	0.912948769902393	0.452116476412677	0.260974511476826	0.845188104282953	0.7045045194316	0.830668269543243	0.384322824221694	0.829620754200221	0.952153666165129	0.252710982364528	0.0530438460627388	0.637309092951818	0.604352314036506	0.848201930054291	0.760721144478996	0.691032419776698	0.52573091288799	0.726531301115635	0.766457034404702	0.744206762177683	0.903341990859584	0.592323218594169	0.853454644311757	0.801996484563522	0.817122493818894	0.171499788073241	0.808387759846285	0.799779781241985	0.768231826295162	0.804984606667938	0.696250940873345	0.758500514366059	0.826154507647776	0.709006442848534	0.900013886040113	-0.0126402013682349	0.556205525399099	0.587224111385379	0.669219941503836	0.892939480850865	0.69414862467799	0.875061093011441	0.664428257180414	0.83902887705489	0.67289849286848	0.909605775571794	0.789837581990725	0.913530627921707	0.239019576363153	0.694409880259904	0.541785101857114	0.678769096130691	0.893655587823773	0.58557727661013	0.822859258934588	0.630064209679078	0.540111973581823	0.613884505904444	0.831214022995149	0.92813169682005	0.670359258020084	0.824180753409042	0.409803812455053	0.884171414330385	0.824173991556275	0.722856735125335	0.349635517564185	0.97813414188456	0.681507122953734	0.737453315060441	0.752025017076256	0.505157916096499	0.749730830589122	0.755185533726712	0.684804502015824	0.7836472071172	0.661986329607047	0.629220181435729	0.73615496700292	0.767629261680216
NCL	0.750940386476959	1	0.868375499085266	0.610103350020497	0.934954546825904	0.773819082424499	0.375663654151037	0.521024997401033	0.863071838660532	0.364783770634643	0.869965593859218	0.77389645937621	0.884727565110914	0.839540405191912	0.954223797344584	0.887366449127923	0.821732728000805	0.873206426939326	0.746813243401956	0.964811598369254	0.505381834352651	0.953676370425178	0.826354414187081	0.558639329136278	0.791039196906828	0.562091282488898	0.840991094242187	0.632585577322223	0.859032917390323	0.669679070667	0.837870664645007	0.879122601893596	0.832605873166321	0.561637083166113	0.74627870155995	0.781700063605335	0.844628504105695	0.784167464082163	0.835326621207189	0.767997131888956	0.491937850324656	0.835127173858363	0.652941831840272	0.862859652438204	0.681803642514633	0.639642153570092	0.366667453881906	0.675168981967175	0.560960739721971	0.72930676158939	0.767136562152629	0.860759956913339	0.793395121746539	0.315003044628254	0.211826562397653	0.689486451596063	0.609627797216362	0.90403686925182	0.773336675250631	0.576640537322789	0.612264944058594	0.891041669943621	0.742765654180175	0.743994858140517	0.869931373446097	0.770525817420273	0.843366907035114	0.740826246457163	0.856618443424715	0.276074176192102	0.954817470822587	0.921028861046767	0.875525277031135	0.90076208082403	0.888640692240853	0.909391247041804	0.822292706284713	0.515418189551947	0.875280246340844	0.157517186459954	0.604410371772769	0.692881643181344	0.864861643173486	0.867545299312777	0.785043323717665	0.866363751157626	0.663799663734779	0.8036644112006	0.678110281905916	0.919452120944181	0.934375147175985	0.872898462483171	0.306335544884156	0.849972407393283	0.701177283139156	0.882650887948238	0.871593007194929	0.683100269960534	0.901498730297027	0.557153457534723	0.801292566100381	0.677313624732299	0.781873349883438	0.829909070515845	0.850475828153089	0.873947344441978	0.390029987741951	0.880234159468472	0.733581913610456	0.80628052597299	0.667395489649851	0.645006967622611	0.833798766123216	0.965717502971776	0.839290903038375	0.844475764830867	0.726310811554581	0.867447775090379	0.958435511837417	0.907450055831559	0.844680043258495	0.760854756048027	0.941271090741409	0.799731947792607
APLP2	0.736603379734906	0.868375499085266	1	0.865006111402714	0.903626892928907	0.835060788403195	0.679217978211241	0.496221590809856	0.891556860049416	0.664266194378168	0.944543784315653	0.943593915875839	0.917367522759845	0.913235175518707	0.820246689516685	0.962726510416818	0.849516589088195	0.930794979723502	0.906627640489997	0.834579064532357	0.690194607019405	0.92802612539315	0.904063336044523	0.814877367762699	0.826549823832079	0.729402535456248	0.877487863658051	0.828565600190107	0.840421747164192	0.734607675463792	0.885937398098052	0.808603412212811	0.884844967637809	0.819057526607986	0.7382281534468	0.861012479752432	0.837143612912426	0.941854667856158	0.878423743993635	0.793319622086142	0.716125203141492	0.70564183689999	0.822716642023507	0.953351511204971	0.720737779287888	0.805549539558829	0.659021250187409	0.765923067310257	0.736569158487849	0.819893597154941	0.628333727192931	0.910092142675866	0.703433240370995	0.536163541783304	0.546398078629317	0.775208192593552	0.713202057210897	0.859460825802653	0.857590719065069	0.719370162628292	0.7999112185113	0.947022495041236	0.888218828409345	0.927259014237383	0.889782300452386	0.846814719558271	0.831459884376884	0.891111597889597	0.838905333355504	0.484645210617237	0.90493549657126	0.896186067401281	0.900190920366198	0.881518452656886	0.912876372096544	0.8387373826454	0.891246988836969	0.741667707270327	0.900679806197751	0.442846960033173	0.772634406269642	0.815441337974204	0.686506196772501	0.899396267045902	0.816130488701254	0.871331765750769	0.810824598769431	0.754570765915877	0.871509106814588	0.855274344211336	0.862532840258568	0.892607209008197	0.519180486664822	0.926699498705145	0.869716297867834	0.889797527130875	0.881623865038081	0.825675781640076	0.825234069627514	0.452743619827449	0.835314694451688	0.874450742910604	0.869234908809304	0.820741708914035	0.942718025153053	0.882627579818737	0.692206112305859	0.918750865792262	0.769894715429808	0.811025270348282	0.788628294330302	0.632677429959555	0.836488182589995	0.813387621128778	0.815922037647565	0.795729041239363	0.918722911884191	0.858673377005209	0.791722649889638	0.780258163067504	0.83057323758743	0.775761134154118	0.950712196549216	0.892595028835119
LRP1	0.568251018888807	0.610103350020497	0.865006111402714	1	0.66873368586398	0.821927813749455	0.844076058516707	0.369857415993699	0.780845755213891	0.716048127350855	0.833647542313221	0.823470063789262	0.74502300030354	0.798977075132558	0.574251847540704	0.830874453504791	0.75032100479577	0.842659929180537	0.854343367037221	0.566014745383454	0.65339423822219	0.738166911245988	0.77579518351694	0.900250852406141	0.750082410371795	0.664907209753004	0.789380450975133	0.866665755616476	0.732246952542566	0.643723729169626	0.786524569307001	0.541404227363073	0.795919823399624	0.8909015038137	0.588123439594248	0.692705711504643	0.646088031630696	0.907494254428384	0.811527597872026	0.741069246625716	0.776784081525921	0.432366816940202	0.839634761487946	0.815206493198446	0.655710980079365	0.831303248157441	0.752310156187624	0.778150340569248	0.798902619997031	0.768620861091866	0.392070266531551	0.819869921807542	0.480384033347177	0.635679880694363	0.707669328243428	0.765131539617262	0.720734485421543	0.633991401294539	0.7745687105299	0.696196699754787	0.819539859813425	0.732326400285167	0.853487189016453	0.906248736976748	0.712445667254205	0.76879244997456	0.670438849183076	0.874129843048723	0.68366890909865	0.645339270590597	0.665872625476923	0.704126239979073	0.802726980037008	0.74400647228774	0.734211139198868	0.561513666047817	0.764019110415311	0.818592396971851	0.699419078195991	0.497353483605079	0.784885772823203	0.812914636379524	0.496834924652158	0.761764705935098	0.742304673544673	0.765490311892006	0.767743636918998	0.613523330210645	0.917476152123446	0.641709116656621	0.644830158414828	0.703976964566927	0.662844621187363	0.773755292598311	0.867506220318453	0.725472936340579	0.737413920430386	0.777281427434446	0.642229171920664	0.280158083996716	0.725440137127806	0.792400682317511	0.790558319486358	0.592001130759717	0.866614117467486	0.695138640686179	0.787795250844538	0.774652889614345	0.707950663456948	0.679682163910527	0.77107342104246	0.490865951965634	0.665541290819892	0.497304015216026	0.706177870091756	0.55913504660708	0.814691013135011	0.703241475911397	0.478280022060089	0.493838601637887	0.736844387788685	0.685546448094871	0.775324662437466	0.84475189886753
ITGB2	0.794259089721033	0.934954546825904	0.903626892928907	0.66873368586398	1	0.738720441267221	0.390815322617231	0.547409971486282	0.892623722880906	0.462249365442689	0.891162950051995	0.871041139956868	0.896632090687011	0.878203853681065	0.912471725295522	0.928053777742736	0.842087136104179	0.871520831901217	0.772407990698392	0.921528121173952	0.666141609421782	0.922857441308885	0.864989626625306	0.581879386325299	0.770327004422011	0.675014890510514	0.835433822699128	0.65441620511786	0.81306816975104	0.63796037469277	0.807722139911645	0.92506535732255	0.836907443100329	0.581770304688977	0.789062989035037	0.847932353761296	0.879953801973193	0.79817257858643	0.826680863079749	0.766942071585105	0.523789489042023	0.835006599359828	0.637853180946209	0.928620388234139	0.71699778752119	0.611948237855127	0.434627830999239	0.714680227045288	0.586785839414041	0.749877764212132	0.718749829954818	0.844703315163318	0.830329416088447	0.307800557955049	0.302830412863413	0.665844382027153	0.621004089838146	0.94543287405067	0.802140359282924	0.685405241972185	0.659672630746062	0.943289591802175	0.80002917153198	0.790941411421213	0.926936700352799	0.75634718065897	0.838594975292415	0.781961814039381	0.882858975114615	0.275561291611219	0.945288864232783	0.941714253921564	0.864190941220296	0.88125380784625	0.900337389993447	0.936086439917316	0.860292592891253	0.590992862755658	0.943469385134112	0.306097559746426	0.614415788187966	0.697447410284516	0.796464238209251	0.900839930916006	0.728608835093214	0.863992005154397	0.736207114676166	0.775734128808791	0.729022454733856	0.937896327640621	0.929908606099213	0.914509517055903	0.310698219156739	0.876764210733405	0.724234651402802	0.839570642015441	0.885161689815511	0.663483800094834	0.911669217967664	0.602263684637771	0.7918387570837	0.77559893520493	0.855783093209017	0.901491841117766	0.844703448487726	0.917350122379024	0.523050593561355	0.910291692655881	0.714045254083464	0.825634895826214	0.684775606513106	0.689733270586983	0.855523186637432	0.936541145708334	0.804173644768225	0.868901115440143	0.825703142862436	0.887625978671362	0.910891772645743	0.899493060407117	0.801823261167224	0.775531084941424	0.940685018601178	0.823567928638335
PLXNB2	0.551750352186165	0.773819082424499	0.835060788403195	0.821927813749455	0.738720441267221	1	0.664723962224879	0.331198824010959	0.803073370416324	0.497058171948967	0.858783268345437	0.709700088509635	0.775128688022238	0.778069954928524	0.75368124349261	0.832189236000432	0.761337032453751	0.887198802914357	0.829518015264213	0.728612519062011	0.440260118971785	0.857890170825511	0.780669073249958	0.773888366506246	0.792810034173588	0.630215030508888	0.818324497692019	0.737074289921571	0.865888879997629	0.721348466737149	0.807371678577854	0.607140686509615	0.879850846545714	0.765535121260431	0.570562296451502	0.620376194276625	0.667201151706278	0.881035910838313	0.840525444354259	0.802418792335394	0.6577398541766	0.641189827646853	0.793733458356573	0.797795244340471	0.608914112250437	0.840131456694603	0.550523114935796	0.698097385350189	0.680568980425632	0.743507612838538	0.583905049953721	0.812368956127247	0.523351350460283	0.526466242107373	0.496155875099763	0.766279912752966	0.652268746698667	0.70782110486474	0.729924416749461	0.559302554514609	0.716187391987009	0.737291132037339	0.756018563042925	0.810085774119726	0.713735666589476	0.825659375800014	0.723730884005756	0.797620079105836	0.709802264865047	0.564360933626816	0.754468500455932	0.77690135513705	0.83559692503057	0.821506390613153	0.79810237571582	0.642743864637287	0.736273943565303	0.624776713691195	0.703173146661378	0.290952202645392	0.727693149189907	0.801501181254848	0.69388480034086	0.755131915634225	0.788000301953499	0.807499155714834	0.672040050635635	0.651423917785336	0.819831703847618	0.708138032358488	0.736590116849416	0.710360681529659	0.583218807507518	0.778940707883829	0.86179174535395	0.813227242690089	0.749950353712828	0.74559121384543	0.767695873446493	0.344328064973557	0.778500178967044	0.691741867380511	0.740614490045447	0.579397984398944	0.899750767543833	0.693557149188366	0.578346135768007	0.757434795249734	0.691242685602833	0.679462901932855	0.787549236077128	0.448243196835384	0.69896281458166	0.668331147576921	0.737137120296031	0.711458384387214	0.675252443308771	0.73139754305739	0.661169703561397	0.625416174600883	0.819788727621542	0.709429527403378	0.841206090760151	0.833650883126439
SDC3	0.372611299178055	0.375663654151037	0.679217978211241	0.844076058516707	0.390815322617231	0.664723962224879	1	0.207370711384563	0.534159474229934	0.652686107037393	0.671889750698314	0.636998802410881	0.586878113647087	0.598987934371721	0.344473370252253	0.615900877789628	0.563943914246156	0.675750898406253	0.717641849363901	0.308497741538048	0.442070336974097	0.550322765266098	0.592467679726903	0.907959881596536	0.514215567676627	0.449140095560068	0.633004157408037	0.746339229066983	0.60076021511685	0.51778276014646	0.647934586162859	0.302159181788114	0.574225784259724	0.849156619884639	0.37758452928478	0.48064186158781	0.395167903856605	0.798244815956682	0.634228096909676	0.514753166734763	0.613670232797068	0.209190865965767	0.835277502687774	0.599887646354396	0.464010866550508	0.837349710990717	0.691811890204354	0.599845576932754	0.729242630325267	0.637088888511646	0.203962898750445	0.661481352563683	0.239262292488547	0.668694092043718	0.640707976880396	0.595225134954749	0.516437933392709	0.377728189472492	0.564297353032271	0.463782600073728	0.675677390698914	0.498201515795412	0.697223944971393	0.797592758291416	0.462362103698483	0.652739260635162	0.474767679338551	0.728672279510315	0.495230636305585	0.674618351237277	0.453174124002118	0.463904141584655	0.566670746038607	0.539643523150436	0.495068798779313	0.329434988877253	0.541293757926071	0.684675650862855	0.479490237645399	0.333728737958617	0.634466741612748	0.6353293377291	0.253844037494895	0.53497031885255	0.645198425126072	0.556469987962892	0.533759885341662	0.442641329283247	0.764325893389011	0.375451330832624	0.371432742322802	0.512045208044007	0.616453582712281	0.574324153929113	0.768327438458403	0.595627013720122	0.552165858125959	0.72204538379459	0.37628941596413	0.0207868957119687	0.494561963005044	0.670884731729787	0.549762436984963	0.373821934354715	0.72112169960761	0.448473491497056	0.643602843081972	0.562258047308844	0.588048251113009	0.441536178024358	0.589975279925208	0.318021116029106	0.372074370291097	0.253233688478732	0.494654232272844	0.314102548197322	0.633035921225182	0.428550689499659	0.245235377061191	0.253798169170543	0.562919372719342	0.433497288350363	0.538656097383168	0.642016678427298
CXCR4	0.80896279789413	0.521024997401033	0.496221590809856	0.369857415993699	0.547409971486282	0.331198824010959	0.207370711384563	1	0.631534421803864	0.349798277213099	0.3845081204436	0.500759691220027	0.46968375319515	0.64736525254212	0.495375788267662	0.572238379517513	0.650321333352763	0.500375403866036	0.242143911898478	0.496682102199101	0.702949779054904	0.440243308902837	0.450740842426423	0.418810482362284	0.517041202486449	0.12253300453022	0.530250945891261	0.615103514190485	0.32508079359177	0.163170649955423	0.545891579056526	0.658393523607938	0.324702592138708	0.23177052266052	0.79278289856721	0.71010088762642	0.679856460528953	0.369300081667723	0.546160531108571	0.610917132194149	0.346986491438742	0.185652947720103	0.322383637061935	0.520645475327677	0.844040527964915	0.166394934416851	0.192945506847602	0.741903338587232	0.560247653077384	0.665092556965494	0.219753148186253	0.598038196610715	0.804521638319474	0.295375874669199	0.0582070503535799	0.546013894537371	0.532185754450506	0.584597521990156	0.686340387559559	0.663380003910237	0.438774139194294	0.464780153661868	0.609727908689705	0.478210839982488	0.679868501958583	0.365868219949677	0.653870305254698	0.597383441134252	0.594478396651311	0.222791957012379	0.578104557895781	0.550604009016782	0.584060374587054	0.536031300087614	0.478834010478551	0.497256023523442	0.641791193135251	0.660012224416844	0.606723370498098	0.0716901779287963	0.472053318348649	0.462617414186379	0.504091238230478	0.636002191836011	0.505505141929716	0.678819962728139	0.554859575562104	0.746265616130285	0.51347096806792	0.713027745458493	0.605996064047226	0.625212908815964	0.278754233522539	0.487795868917469	0.300725917775711	0.470567645317748	0.626335874924226	0.462323636095301	0.589512388690547	0.687148918077725	0.408211872398225	0.292966101767442	0.668423253181083	0.71620849128588	0.408740302729113	0.612007622621312	0.345292645293121	0.653482519531752	0.74630731808415	0.686224131458155	0.174123675200719	0.860687330904172	0.590981656919619	0.489079057308845	0.601170985378262	0.272007279664414	0.555728954370624	0.599254721155094	0.445355480971831	0.608406395727389	0.483491751360875	0.521551154854364	0.500618129728529	0.583057652483384
SORL1	0.879989778321848	0.863071838660532	0.891556860049416	0.780845755213891	0.892623722880906	0.803073370416324	0.534159474229934	0.631534421803864	1	0.496429115077142	0.865051232858273	0.856519928125929	0.86220849440285	0.928631376930298	0.847592964185972	0.931942246132202	0.912158100414507	0.896578328584648	0.747610878431086	0.812980138718735	0.755333342091272	0.875359067351748	0.837808440129563	0.711315857538694	0.759979173292681	0.522774917943834	0.908168852135297	0.800457404023012	0.803385943682376	0.540252081229226	0.857733976627716	0.876077495415639	0.803644227179009	0.627556726052003	0.8837010713728	0.870311958046156	0.891702706245405	0.843132541952361	0.891309567976729	0.863769817000725	0.567551365004214	0.657476468904922	0.700930429419611	0.883192831983888	0.856563545857069	0.673973293001824	0.460633878451928	0.868571681064289	0.752870556753626	0.876662815047064	0.546255763003077	0.91558658647379	0.845713251985254	0.389871768535242	0.305596484152309	0.765690782012164	0.717328445889842	0.898059147456254	0.838241841296085	0.738632677983646	0.713008931374917	0.850170118921365	0.869914140685389	0.86436356960198	0.936081566251402	0.760812220571092	0.895964246444613	0.891280198421149	0.874696987393408	0.356064468786395	0.886837126497165	0.911436358266096	0.910639534986801	0.916493638551119	0.853678222743005	0.813062200699226	0.879099786550285	0.761195922713384	0.929472327700543	0.202261181224656	0.727368169070385	0.785596085877419	0.756896777437935	0.944724176123962	0.801838741591976	0.944039196295917	0.75731297531305	0.83836664551843	0.830117857594339	0.933924728166348	0.877227301702735	0.925024811337173	0.420286657599483	0.840444816279661	0.783528594476444	0.799717213965424	0.926621552592429	0.712574062001869	0.89800319094297	0.559153328375774	0.748477000798712	0.75926387700311	0.919328486964408	0.868743219681072	0.865729226223743	0.879958725274945	0.600220820843906	0.935342648966034	0.825119152729525	0.811074017624416	0.640089657788352	0.805550075601168	0.798951561219224	0.81026398693488	0.866234667100002	0.715056010665921	0.821220996760607	0.871385092272893	0.775535523434836	0.809865603094601	0.830443956548801	0.792925067532199	0.89460310808875	0.901531871630749
SDC2	0.392509307619835	0.364783770634643	0.664266194378168	0.716048127350855	0.462249365442689	0.497058171948967	0.652686107037393	0.349798277213099	0.496429115077142	1	0.549207204338549	0.706231779507258	0.504052413884153	0.608595933429875	0.300440155099697	0.634964546745056	0.472042099985607	0.562011964157055	0.641007372303444	0.360900486866306	0.61529262778598	0.465004869203868	0.549927740543504	0.714559200235266	0.566082380966903	0.578492727832171	0.488432179460691	0.707947853825132	0.355198990255064	0.468085136862066	0.551147041702086	0.342733732371255	0.489444674775754	0.714804553279467	0.422202830197386	0.583506783408524	0.436195893342536	0.638098304857648	0.563522320954026	0.42683523802217	0.676674774951017	0.203774308289162	0.586486806440513	0.636081283157782	0.482488040403683	0.503646638279451	0.633285776354493	0.538108577292833	0.596635116133672	0.524943251515694	0.193611020313253	0.541114014922528	0.319361721617237	0.584650717843685	0.707610918047624	0.547985356710241	0.553621771774414	0.404849889193691	0.607825911022014	0.607287665140569	0.651535055025107	0.591523499277693	0.672232881407344	0.651769885618367	0.519726359986364	0.502383487440986	0.468270104808517	0.603793842549571	0.452000332654957	0.529175392626802	0.465943917953	0.479136574744828	0.568196958385832	0.434964188331133	0.541689998461562	0.362886133255399	0.595974460545965	0.706997296496083	0.497148421937745	0.626480235232867	0.611770505220818	0.613772270517047	0.199768021567324	0.50208858792437	0.435777595539625	0.491336320424757	0.672314866312101	0.439851808543065	0.684646500987209	0.426622094077059	0.44554056622888	0.487751530954684	0.586909795949415	0.575800492587207	0.616198182649014	0.47399023745849	0.466610354807568	0.634944561170154	0.361869558761488	0.240714838218491	0.521587252085269	0.642787011608273	0.589382472321979	0.452005105934742	0.57953775347441	0.516690102914316	0.754413615460908	0.560001834883601	0.504735954097235	0.522818155614224	0.533091751790314	0.357340825550872	0.517432035554912	0.304118957554222	0.452229523168282	0.393897515837397	0.745048535920848	0.517165704231378	0.280963715946584	0.291783353434291	0.423907180640907	0.536874902599594	0.5465337187375	0.551424386089083
ENG	0.67270473085381	0.869965593859218	0.944543784315653	0.833647542313221	0.891162950051995	0.858783268345437	0.671889750698314	0.3845081204436	0.865051232858273	0.549207204338549	1	0.878149601580581	0.918802570836392	0.868729679347701	0.842226412129551	0.927545615391835	0.842201713232207	0.922783104309407	0.908044385676611	0.817796115941609	0.576828144568826	0.943952116724121	0.895520328372666	0.779867147560893	0.766169385216433	0.718239539539373	0.869239052502137	0.733301811586866	0.910058585464327	0.735138994151147	0.853010279418962	0.781933307688152	0.905262304642082	0.784911275671145	0.677627598113588	0.752011411197646	0.785383026060118	0.940922100284567	0.871813677564076	0.769739452150749	0.612541701105089	0.779364125536313	0.834183071345866	0.928010518744765	0.64698644538835	0.86063856014808	0.596733118042245	0.720952996025458	0.690758434805197	0.775844908193836	0.665125261117265	0.884897962160638	0.657006952940291	0.500013906530858	0.448992784020941	0.709659188852695	0.618605092625733	0.8468222933017	0.760359598479282	0.6202584396395	0.745475695658981	0.89621180567307	0.844181243841235	0.906178843087372	0.830364710203925	0.858429819443426	0.798506859003544	0.840466838514932	0.856440420332978	0.481213514921191	0.880340181971499	0.885332655452589	0.869731335579085	0.895269302016672	0.871462712989603	0.833571662375292	0.811217540114062	0.642522340252039	0.876022451204071	0.308000417906808	0.713624593298583	0.762706286993117	0.71290917419697	0.87155570616263	0.809130368314411	0.845543082321065	0.69180702165865	0.723358220672108	0.83948713974066	0.824328713936908	0.821711070355933	0.864834034814067	0.448375927997643	0.879510229688624	0.880325193013926	0.885457897711516	0.861477045041237	0.763076473392934	0.83231079014056	0.375182294365711	0.792078281874609	0.85411230261844	0.818093104305366	0.771950891957066	0.945736033871511	0.826798418505891	0.622788897338374	0.869089487097198	0.720651930654158	0.762455126740829	0.796128084351305	0.55358842074084	0.758486469416855	0.811133278591007	0.787248026568778	0.818285046131167	0.813235985376552	0.809308988530123	0.804837751448131	0.769493148799451	0.83982128702808	0.737103202366884	0.925511362949199	0.868928356816981
LAMP1	0.754677426950256	0.77389645937621	0.943593915875839	0.823470063789262	0.871041139956868	0.709700088509635	0.636998802410881	0.500759691220027	0.856519928125929	0.706231779507258	0.878149601580581	1	0.861858621700307	0.890447445205308	0.719530244608042	0.921898159517993	0.803045579439138	0.844956323200216	0.834780170586119	0.742821493639792	0.798197873847502	0.824909766481489	0.858432788671791	0.763576959963047	0.7304263636877	0.695677209414397	0.814021540421501	0.7881968037514	0.711385503261602	0.620876011746967	0.793312224072481	0.804501440519309	0.777173554259727	0.756173529066691	0.753218025889134	0.886733390931143	0.814426545600241	0.876261220822177	0.794686358741028	0.686101429836719	0.683061246138677	0.646869096597018	0.73004121689412	0.931867502706222	0.704027778583709	0.693889602515013	0.65425166077418	0.735493917468586	0.707276745620052	0.778696598710471	0.517762374183601	0.84143594071661	0.703362482501148	0.472655797784653	0.531398223014956	0.671098078703721	0.661472884480256	0.832728787165779	0.793805047416123	0.740032568519462	0.762875667564829	0.937694921435362	0.861173646230531	0.891903060857536	0.890525029337456	0.723690016597098	0.78882467489801	0.844973871676678	0.813403054374914	0.36594558819728	0.849085875089735	0.844880612262766	0.828336691893562	0.794083209694173	0.850216112676733	0.812426335064843	0.862927172107453	0.752531151709299	0.906237475980766	0.494136062166692	0.717012711865572	0.73674816927752	0.554627974972825	0.86640860064549	0.718385342372935	0.795456101628555	0.79952844752875	0.700827477966153	0.819846415056804	0.817623177432492	0.795341312377819	0.881531878766523	0.421352463654261	0.867692509754876	0.804816223767329	0.777662067448909	0.835725122905209	0.748553361529768	0.754154004478825	0.445359275678355	0.742818127447221	0.904105908650075	0.866106963413862	0.840146236861495	0.84100884332749	0.858177634244359	0.732246472818535	0.891597210608786	0.704991144493298	0.774116820047276	0.685560034467735	0.662711792100414	0.79970102485709	0.750153973945236	0.752668765811282	0.737391386848025	0.957041059054403	0.804293601768582	0.709788395417571	0.740545569157043	0.715612166164254	0.730099533527046	0.879710413536342	0.829354468057015
TSPAN15	0.762469827484016	0.884727565110914	0.917367522759845	0.74502300030354	0.896632090687011	0.775128688022238	0.586878113647087	0.46968375319515	0.86220849440285	0.504052413884153	0.918802570836392	0.861858621700307	1	0.869854392759982	0.873458970826041	0.90024846780401	0.841377664603656	0.902079876271139	0.821306919582626	0.86351377106847	0.603828518734949	0.92487580194085	0.871064502938787	0.736207242910966	0.744819807956794	0.600597877604462	0.88375195317806	0.737564591601602	0.87273328934194	0.68315264496616	0.879495375938715	0.834429174557304	0.833520766081675	0.716762506333004	0.755174843231754	0.818859672412696	0.840403205593998	0.883144635024827	0.839143919494987	0.756055299583022	0.539594815988803	0.750795581069118	0.802819827164269	0.901501089741993	0.70002974264673	0.773842846141285	0.505258509650366	0.724615990951475	0.690362419998303	0.798855974905112	0.686440001056626	0.89368568705039	0.756747513852709	0.453269701257852	0.331378027256787	0.712285208692649	0.639734579726493	0.879713578831706	0.788934134345237	0.585191847147382	0.675355010938615	0.897784207741296	0.818042550128131	0.858406475209761	0.853709069458586	0.808368627210102	0.833764140269484	0.833089026337557	0.859635413964085	0.406732440525271	0.908113806570272	0.873558320331516	0.836840403219443	0.888417394741941	0.866749912143496	0.866927779769908	0.826567053739314	0.615897417186636	0.90041450447193	0.226788943710363	0.685352658547373	0.711566820804636	0.74361615315333	0.891367303628709	0.811496384576843	0.873480151098526	0.703970393252567	0.774289121241673	0.769424377513724	0.863576633489143	0.87253217883049	0.910830848792025	0.362654076571262	0.850689700627774	0.797942405224929	0.892456996290623	0.900368829592835	0.758274705479526	0.857814086721414	0.438328710823517	0.756004235811793	0.825698930163769	0.792901083516026	0.825102416085921	0.900994176008999	0.871350118369612	0.500486404089019	0.893516285312385	0.777451349842631	0.76432267799171	0.69628508508119	0.662034013133761	0.781086265890404	0.855074438248957	0.757325039095613	0.780892325808662	0.834358406886309	0.825173902695714	0.853861091662326	0.795135360403176	0.8167512987042	0.695078238605958	0.916805535046087	0.838425552401533
LRP10	0.854892971125021	0.839540405191912	0.913235175518707	0.798977075132558	0.878203853681065	0.778069954928524	0.598987934371721	0.64736525254212	0.928631376930298	0.608595933429875	0.868729679347701	0.890447445205308	0.869854392759982	1	0.817732278315779	0.933434300199421	0.895821386529346	0.902668167127704	0.778180904315261	0.812015581043342	0.765866357610226	0.866548538914474	0.85228446608802	0.777521272115369	0.792313199053506	0.567329967819009	0.884828412859575	0.835379784168527	0.778257638136601	0.594523144378823	0.85627462861231	0.853088225547974	0.78754516941149	0.708162209768687	0.850155814339461	0.892730364015793	0.882738370193615	0.86164275852131	0.884401735550649	0.808038149128475	0.620883605529416	0.618602292008177	0.750511729219284	0.908024743848522	0.84895040695588	0.688553845084294	0.51569601560397	0.862195260643786	0.776922475853287	0.875653179677062	0.554430674544994	0.910131523279058	0.821427286975388	0.486378580797815	0.405901848283909	0.76520460979449	0.722691660181701	0.870772279326271	0.866110485406729	0.760496180981765	0.741521355569994	0.87246023977178	0.892441119907061	0.881524802805019	0.923130583114588	0.778520239555792	0.877411391027302	0.891181619076151	0.863187838767191	0.426296767515391	0.888813029790097	0.891786046631032	0.900764614846558	0.883401047050575	0.859741678251657	0.806688927518021	0.896219254144695	0.79432241724	0.912195814160494	0.293520228063869	0.759487500117877	0.779983811676451	0.713252308705736	0.924949431721616	0.799514172601416	0.915270196343567	0.802844875796963	0.845006801053086	0.851920541421347	0.90619926343505	0.877442409314357	0.91916541309946	0.492563705457113	0.863506680857723	0.801284012920452	0.819071581347411	0.910877735424424	0.76878699223523	0.84736161754307	0.559133171261216	0.761478047400557	0.785066784722011	0.90286511351704	0.866374171736725	0.872131699303674	0.888599116832653	0.628942948785311	0.937839491899723	0.849732460571241	0.821374744721538	0.677042545059774	0.78816184302886	0.810865107951335	0.790360827371658	0.842276403904025	0.702915446142077	0.883104642268714	0.868944527031677	0.764018759301263	0.776575603941023	0.80548580614381	0.7741345186797	0.899505634172607	0.891657520502425
ITGA4	0.754705654938804	0.954223797344584	0.820246689516685	0.574251847540704	0.912471725295522	0.75368124349261	0.344473370252253	0.495375788267662	0.847592964185972	0.300440155099697	0.842226412129551	0.719530244608042	0.873458970826041	0.817732278315779	1	0.849576572528895	0.824213812928674	0.857841735884758	0.704027880998812	0.948524718421027	0.464253932661775	0.935208552395953	0.793292569669189	0.538272063511627	0.74047575561452	0.511085213952128	0.84688950856586	0.587198755780251	0.873835943538361	0.628908860676175	0.828079521254613	0.869129496260306	0.815889679039084	0.528658598619478	0.741293570695936	0.736836386147072	0.846917779254364	0.756316183789051	0.826166563860755	0.756217316690101	0.396161028918512	0.815070816845411	0.652275863215621	0.811471877078166	0.689317784112349	0.63066411393143	0.305260348209043	0.665030375080912	0.522065713286476	0.716373201081258	0.787667810993043	0.821268042859323	0.806267091937563	0.299048722076846	0.119128483732511	0.65493935051587	0.578988312222777	0.891164894350289	0.744699794636261	0.534396744348772	0.556771449697378	0.847110649249714	0.716946916436517	0.714373847439154	0.846007879468772	0.7244716108387	0.823226270227143	0.723219226071742	0.811087276361496	0.263240456962579	0.921362800504238	0.902728590049618	0.830696002434775	0.888587519918012	0.84224006867682	0.875184255789574	0.780494907918523	0.455284431231397	0.859381319972043	0.0667003399028627	0.563791313506953	0.653767623760075	0.884569904104302	0.849418845740084	0.767728628569819	0.87209642188481	0.634733855109007	0.761797742707058	0.644148204449065	0.910875075106015	0.92462960568108	0.861869253452976	0.256585500262528	0.789568535476742	0.688742970979418	0.865568545736465	0.866134427246518	0.643796027484017	0.914203089180033	0.578909937359519	0.754774506719976	0.637138314364087	0.735264215523562	0.806875436207217	0.829868930464024	0.846314902054641	0.33127426997937	0.84817861465015	0.697393080027189	0.755355728293987	0.624170038358616	0.656364202396145	0.784998970645812	0.939763365814246	0.772374448992546	0.816243726719973	0.681348631801962	0.849386653009977	0.946864562524082	0.868439819503412	0.844089767709533	0.710072218258993	0.899642427760143	0.775713850608882
ITGB1	0.783973798422664	0.887366449127923	0.962726510416818	0.830874453504791	0.928053777742736	0.832189236000432	0.615900877789628	0.572238379517513	0.931942246132202	0.634964546745056	0.927545615391835	0.921898159517993	0.90024846780401	0.933434300199421	0.849576572528895	1	0.885296958029697	0.934871791674454	0.858397693982411	0.852516095835908	0.722234208484318	0.926140136118062	0.894802388159399	0.772616226189938	0.835687910548577	0.700426350748727	0.886407597654102	0.816424197342257	0.828043100891379	0.69277641481914	0.886771932829657	0.838543161847207	0.869096774294685	0.746619855978471	0.794435053158502	0.862026482505379	0.85408827840934	0.908637368711699	0.906285919256946	0.832813267693249	0.675663575899212	0.718157197003564	0.764340849318162	0.953153288677445	0.776799620246006	0.74053887928834	0.587649834528291	0.812070460022717	0.731722600145655	0.85011433220295	0.628700608175875	0.916029435472145	0.761808155253516	0.494673925166302	0.480882790451625	0.789963815924454	0.72396730629069	0.886020073716963	0.869269453666276	0.747700881899836	0.798011392134135	0.930906305320721	0.901414064846937	0.899650429071513	0.922003182348255	0.810242394342775	0.861056708379149	0.89029445506075	0.872608626409281	0.457923716630589	0.918620492036148	0.923274357826631	0.927334124887235	0.903793299549612	0.911853693552617	0.847872068338949	0.897385626695231	0.748976436088933	0.921912061693623	0.397048978887773	0.761768665154132	0.835565403297224	0.731773568538611	0.920644328123686	0.812888984653482	0.910491094696477	0.811738269228592	0.809215938894631	0.870108689852173	0.903911344686923	0.893487170437351	0.902150376606041	0.508144045957955	0.906442080343168	0.846653724650151	0.864596047417754	0.894992096424629	0.790580983669362	0.870131298355711	0.528075970861603	0.825116572658369	0.830477461369181	0.911980171589776	0.850670684296089	0.915181032201368	0.903081405363337	0.69722026148748	0.928597239175587	0.802795428325253	0.851677817205938	0.748372564486185	0.690530374065053	0.860376436708485	0.835452965137292	0.858361735979966	0.814615713653958	0.892323087747207	0.895327406970375	0.806919019475875	0.81819690110323	0.856504118593585	0.82042821903569	0.947319640159375	0.90692225141761
TLR2	0.858544014259366	0.821732728000805	0.849516589088195	0.75032100479577	0.842087136104179	0.761337032453751	0.563943914246156	0.650321333352763	0.912158100414507	0.472042099985607	0.842201713232207	0.803045579439138	0.841377664603656	0.895821386529346	0.824213812928674	0.885296958029697	1	0.874252709498876	0.705196799232528	0.767895580342934	0.688043222212891	0.846631829568884	0.802972133572061	0.725980660479989	0.72465029750817	0.450250435270537	0.865912295408823	0.785887431916698	0.791429034718616	0.496469825694115	0.839010368375296	0.839448893957988	0.743175838850377	0.631477294255598	0.857785085427746	0.825488712003711	0.866408579819161	0.824789719288658	0.876376680956671	0.817128778193906	0.516674459311157	0.616166931471482	0.749179575109024	0.836802162521839	0.840404315184649	0.680732891326089	0.468917943881359	0.864198277493188	0.725262872239497	0.86103349293171	0.54936872463514	0.896803147123885	0.83299784678747	0.435664010308764	0.2736208326505	0.752433216573044	0.680888574522939	0.838031210072112	0.827303661235134	0.711874553304155	0.692090932343831	0.801266265089977	0.851212043733711	0.864815037683597	0.878084121381136	0.748249755256611	0.862877369647299	0.872087943705043	0.860223683285063	0.414432924358308	0.858482245357349	0.855919733460635	0.84757356412584	0.886301296962133	0.799105457490739	0.783766109775242	0.838396060455101	0.730377532062116	0.885298273694763	0.145004906727028	0.698589942305949	0.757025636426473	0.736268878689935	0.903892546684715	0.791679351664044	0.922495973739203	0.716233984020481	0.81336778506306	0.823270427022645	0.895398835186165	0.825951126276458	0.881693139341426	0.420996366222969	0.801863680354524	0.739312956621859	0.79773825625637	0.897861142112926	0.724637176311989	0.85920768639197	0.558872800159878	0.711192095710596	0.674120160104832	0.858202196042118	0.852353059146724	0.831310635177748	0.821130672469585	0.56107275007558	0.893626841331849	0.812793738564858	0.79741264109953	0.592994584099077	0.796239636508267	0.736428622176499	0.776021846674229	0.819275206632774	0.66066942600135	0.775736676929021	0.806392739388652	0.744002345228944	0.768359717324416	0.813788784358603	0.70827529022013	0.840588789296237	0.875990463787385
