""	GPR171	NCL	CD44	CLEC2D	CD2	CXCR4	SELL	ITGA4	CD69	RPSA	PTGDR	CD3D	PTGER2	LRP10	CD6	CXCR3	TNFRSF14	PDCD1	ITGB1	CCR5	ADRB2	F2R	SLC16A7	CRTAM	S1PR4	PTPRA	SIRPG	VSIR	CD3G	JAML	ITGA1	SORL1	LAMP1	ACTR2	PTPRC	TSPAN5	CD47	TIGIT	DIP2A	TNFRSF1B	FAS	CD46	TRADD	CD74	CD247	KLRD1	LAG3	ITGB2	CD8B	CD8A	JMJD6	KLRB1	STX4	ADCY7	TNFRSF25	TSPAN14	PTGER4	CD63	ATP5F1B	TFRC	HLA.DPB1	RACK1	HAVCR2	CD82	IFITM1	ITGAL	APLP2	SMAP1	PILRB	PTPRZ1	CD4	SIGIRR	CD226	TNFRSF1A	CD81	C1QBP	CANX	LPP
GPR171	1	0.54958894126959	0.473255020909055	0.478120424495815	0.390864758595358	0.710852381996866	0.804268585216957	0.315452021918887	0.835882095052955	0.904804244260576	-0.251356477231349	0.556826976664777	0.823592827946556	0.624457783411781	0.706683367990273	0.117955909591326	0.58196002257804	0.420130354499273	0.664547307823718	-0.151282315584966	0.00975874181350171	0.0187477856038557	0.531349017371223	-0.0988881388101188	0.749188882208819	0.450464667956396	0.376539759878257	0.803187493915351	0.596679500971109	0.451097701506792	-0.211157252252956	0.659172272692136	0.625079748478379	0.557550868874592	0.355228391220358	0.428552400243697	0.660056833084479	0.100305309121079	0.282703793003386	0.311925712263328	0.386273821155452	0.493061955333128	0.862793812520288	0.273673151339464	0.559661318265423	0.0616525199949717	0.063563166776565	0.377250084466395	-0.153578022239443	-0.206579111892914	0.155797270211646	0.818276565142401	0.434393715407395	0.377305851566036	0.763856561085707	0.580580688751574	0.835751935229623	0.341483703689172	0.67313304145551	0.37178354974828	0.157732228899564	0.854344167932888	0.18278214577386	0.576325579018808	0.855876769006166	0.267337256011287	0.22510487020594	0.696524906820502	0.0378504463414478	-0.111524851956291	0.561566196030144	0.657952834378718	0.715966721926284	0.37255009631959	0.197962469455179	0.809648806511621	0.606123364027623	0.415569090756704
NCL	0.54958894126959	1	0.890156413343375	0.876398743726572	0.742657268597302	0.747297919564892	0.549691921575264	0.816860850323625	0.736324720362088	0.709534017139621	0.0211114455040005	0.756040089902175	0.462954908514783	0.833925857640487	0.71438235251035	0.413511767977654	0.805953709020119	0.513578813615323	0.908994606671794	0.331155489385608	0.325109831665955	0.436887920652868	0.848017327657425	0.20005088239318	0.746330656401942	0.873274731280234	0.679755996489973	0.709001721343566	0.82773699198161	0.710885692743737	0.152823180294002	0.735628374616482	0.845787102154525	0.902146748703124	0.878598248634893	0.785189577009296	0.840991240290603	0.566074026902337	0.796164832236437	0.740042582476155	0.708719330005271	0.867659249859205	0.628719630804801	0.592548049707579	0.763726349350658	0.146345569544417	0.462470807523725	0.707847870800561	0.00617187322469021	0.0163115786644593	0.469056019652911	0.547241060072896	0.838530165702129	0.771105971331714	0.630327331614172	0.87588118694377	0.734490916906487	0.650220328919164	0.796861862932057	0.810709814736777	0.55371288980905	0.785183872685336	0.657703827044597	0.816220777262511	0.694688449056567	0.745298850108887	0.590761009144736	0.787143663259992	0.414041709127249	0.143033703221006	0.708052237129559	0.757994521364382	0.737312289274176	0.646972354997367	0.578617021900465	0.756702249125607	0.832396207715024	0.846682673319103
CD44	0.473255020909055	0.890156413343375	1	0.85621279481012	0.810740027518391	0.836550472986953	0.427361058269161	0.822947993782345	0.748036438127364	0.61984316321197	0.164324784588584	0.808698928904921	0.403327711801125	0.775808045378013	0.703528520129354	0.575471568182801	0.820250764552665	0.512979281463654	0.805163147698188	0.497408040149107	0.472961704949892	0.529669421554759	0.844350717944604	0.383829811217142	0.716674614648909	0.835056488631841	0.661359892605468	0.599127365530636	0.895409248848048	0.750947346359859	0.335978446288918	0.6350909862467	0.754114020772624	0.850105233797174	0.939087277049369	0.799279653082041	0.840319546997517	0.563883480114942	0.80772973408072	0.714964374375836	0.714874637634451	0.799019157075331	0.52927910141877	0.535592149858334	0.792353264215709	0.246692448437842	0.58152233871676	0.770272109770321	0.23509642461442	0.246208608599124	0.621784666380444	0.439668369889507	0.823187230766737	0.77745708295637	0.526982908769546	0.820247467424886	0.719415945610642	0.477010414452237	0.682353819931525	0.736931957742478	0.580073124841969	0.708629235377451	0.654823115548612	0.781059386611894	0.648632348540537	0.851449622917589	0.411356523436804	0.714089784834694	0.526301807261414	-0.0514071631592371	0.606523793065445	0.779131639680899	0.629485222878851	0.572397342367896	0.634288434783009	0.618396812092392	0.699829812750661	0.73734382301707
CLEC2D	0.478120424495815	0.876398743726572	0.85621279481012	1	0.795869195252243	0.709316901401462	0.494638889570307	0.881969802911215	0.722807537157797	0.635365075382666	-0.062832695062312	0.793400735929422	0.438336623554976	0.833567826937357	0.681760947131925	0.44415080242296	0.829603266309196	0.613041293722621	0.793186510428031	0.317289799077012	0.217386526463626	0.285552829232898	0.795595819963532	0.0568083687530615	0.772633226907345	0.871893311315871	0.818969072236222	0.66151558585293	0.828324388882305	0.702986029075088	0.0472637615070608	0.645468932359897	0.73401065100671	0.854038006752534	0.878694251261839	0.781410038306504	0.772178810054652	0.738292276175894	0.7903258456012	0.851660515792499	0.841987835556543	0.843696423971133	0.617836593895312	0.462095022573925	0.783162007822999	0.0198176216324861	0.438860372705846	0.674413959205908	-0.104004681179051	-0.101301344314316	0.358352169616883	0.53861040920946	0.763123826524274	0.745073386883872	0.687451905223919	0.87771996026285	0.642502838174909	0.4805929915374	0.680687800974925	0.784159420699871	0.415436296050258	0.715187698483063	0.677974624777201	0.823317859348444	0.598067144894333	0.760239003551881	0.415337792803003	0.762489415281959	0.299601156877671	0.00723019585560066	0.778240836602884	0.745433800373972	0.765380265933402	0.482136129399138	0.37057621433663	0.621491581433626	0.687641092290881	0.766835019891169
CD2	0.390864758595358	0.742657268597302	0.810740027518391	0.795869195252243	1	0.785441343024989	0.249499871940175	0.838453501704563	0.695900891450257	0.547334521922605	0.0661609999668745	0.950906067372213	0.248083072212592	0.74114791313872	0.775240740483459	0.734180941589917	0.857627901973963	0.800229454756695	0.678797520674161	0.521619081097696	0.244953705155791	0.424136397195005	0.608622006055496	0.260853678712717	0.736171648640456	0.789436403356718	0.838854954324393	0.575063535869019	0.906758429791894	0.78808706294608	0.23476940074812	0.416701723054548	0.703774008247836	0.815764283957965	0.856336417978425	0.864054002880499	0.73712534967592	0.705542247941505	0.741422743730464	0.819794859272831	0.800834577429942	0.669045019237278	0.487543260555506	0.454118599263275	0.87524618687766	0.16795644469416	0.663328618634111	0.828838605401346	0.187383755260514	0.172805551636242	0.555327836871952	0.529562521430686	0.727418410199531	0.651655657069295	0.619076880480817	0.756939191408819	0.532380543359593	0.413986504472672	0.719299604446244	0.656058355756417	0.511267655483602	0.644602448530153	0.7365030161185	0.826099832107377	0.599497269514395	0.816605094454708	0.276534717758774	0.767062964410043	0.365629625189079	-0.105555588351655	0.676907086680481	0.839440952756919	0.584795469009987	0.576306958098291	0.542944003721896	0.563408762765453	0.605945125730086	0.653426647638371
CXCR4	0.710852381996866	0.747297919564892	0.836550472986953	0.709316901401462	0.785441343024989	1	0.524332575490853	0.658219787649357	0.907747644243663	0.77067334453025	0.0531172188850783	0.867895355835177	0.592878453072921	0.756479305356391	0.793978940622894	0.583339701030455	0.81561918993678	0.598846157754361	0.742071835824467	0.318004103787405	0.346115196855475	0.371401286920986	0.693252597517206	0.348835963122826	0.81714500651587	0.699510624290884	0.616262091678632	0.690752608119735	0.910695312721617	0.716270989755457	0.187981513677458	0.590364000228323	0.731159352878129	0.758990267001382	0.768751453893097	0.754435651881384	0.856616659122412	0.437751551128333	0.635522168558473	0.599989212450123	0.633529720029718	0.661193592591318	0.680186308792209	0.428080697025156	0.856675385248511	0.334491527614692	0.502062313044807	0.730881796766345	0.281911648747892	0.224334460469965	0.621658188460453	0.626349814714822	0.677880751231111	0.618207531037806	0.64528399700356	0.733447138059328	0.839791683495036	0.381414330156153	0.733585351909765	0.559011446859025	0.480840309623334	0.817406837102518	0.51157659148738	0.737577899827783	0.839685889689238	0.698682400526367	0.233323404242563	0.77481283943199	0.372349498735512	-0.164112057288392	0.574490110958789	0.84727310114009	0.659343928834382	0.551233490338596	0.572375172091898	0.711803719952339	0.6235786859306	0.562627189759885
SELL	0.804268585216957	0.549691921575264	0.427361058269161	0.494638889570307	0.249499871940175	0.524332575490853	1	0.269016140381358	0.715234686273414	0.876771118387615	-0.425461539774269	0.422770167558286	0.763619542701298	0.586912908895393	0.51833292114254	-0.0392590676524925	0.527136725982813	0.237071151030953	0.635712154870978	-0.318215918008976	-0.129159368592816	-0.160162837107896	0.53735520796594	-0.263397332560897	0.687717496502729	0.427681772044752	0.338290377525286	0.761389770493055	0.480280551317696	0.201552993119883	-0.343053536422428	0.646141999928088	0.568135489259268	0.508785190054373	0.308980032256289	0.301186479419129	0.585187560577509	0.159492053519311	0.212898830168384	0.303963027171427	0.404912650941374	0.541911334917306	0.872042823427932	0.236731247536251	0.420852644628353	-0.185057174907803	-0.115214542537442	0.234861182232804	-0.37005527892322	-0.399990354717332	-0.0479866149351964	0.651277503554296	0.384685805296636	0.338270563177398	0.690162991203167	0.54923980669754	0.76758009805001	0.295891791379927	0.564194386596224	0.394258706364769	0.0740036180883881	0.833956512227413	0.133750338559901	0.501570075406382	0.759025202697694	0.146816565806557	0.298071581050847	0.628283469275138	-0.116847039634119	-0.0398074030174436	0.564943660807349	0.526044338208437	0.685998259396606	0.22393504842576	0.0342893933787327	0.782916514739876	0.561055308984979	0.425393640820661
ITGA4	0.315452021918887	0.816860850323625	0.822947993782345	0.881969802911215	0.838453501704563	0.658219787649357	0.269016140381358	1	0.613385377341876	0.478552075574248	0.0695874884748184	0.788617643937883	0.257288719347808	0.760083398461711	0.632316186158697	0.543998114756285	0.808657845763125	0.642629341190857	0.728024996516265	0.441429989665193	0.246083736694193	0.403503598863184	0.700033492651047	0.15914673993685	0.690567687678808	0.859076931805244	0.819634959412558	0.539294870077407	0.803500746901825	0.74412637348063	0.148137193612585	0.522260007052802	0.689681110653152	0.8416650321064	0.887894858680321	0.80892141134765	0.701796811795064	0.76853479534629	0.806004936757149	0.859703259143503	0.797568772290051	0.749891532162987	0.449516868657295	0.476857032871893	0.786034660506131	0.118752488549712	0.511346788936433	0.730715222488534	0.0157810192418165	0.0102438906303222	0.415984284453374	0.439708623634065	0.757617228629606	0.729901645630998	0.580448387878326	0.819744041884356	0.50495198386569	0.477014050846416	0.634710765306066	0.768992657721511	0.476555129690752	0.580539117874598	0.741248281414283	0.770760194180491	0.493906774762919	0.795331845726649	0.399670136686363	0.713442646404363	0.37140315873214	-0.0166911989425487	0.724244483313195	0.701733494412285	0.660110871191224	0.52246301870699	0.442275730513502	0.503924159587236	0.627623072627429	0.743338279851599
CD69	0.835882095052955	0.736324720362088	0.748036438127364	0.722807537157797	0.695900891450257	0.907747644243663	0.715234686273414	0.613385377341876	1	0.891763125802347	-0.161153906307478	0.803189666875603	0.732427519671215	0.778440457121835	0.85101445188225	0.357433641641785	0.789683358207715	0.604469283134527	0.767129819480865	0.0754958292226507	0.13901233552978	0.149339233479291	0.680278146778504	0.0636313577784003	0.865896919227834	0.690514752230911	0.625995710323043	0.81675000201786	0.836887586786947	0.633232130382376	-0.0843703875442286	0.662412501279384	0.74599306587212	0.751017441337218	0.653639976208492	0.693002696708155	0.838181537766901	0.397078599086864	0.517258932465453	0.587843797875815	0.636745292652112	0.667869485537335	0.853569847259943	0.363093636221513	0.802290298744731	0.138095495748588	0.258893401678274	0.619269270744471	-0.0278147754005161	-0.0861012598602348	0.35745162890856	0.816025656226288	0.623399051048701	0.566575348902025	0.816308924603603	0.747015059439017	0.897902841542594	0.38037017310532	0.748246014075742	0.573229161524044	0.311711043056694	0.90175294100204	0.428091726714812	0.750936238308942	0.889571691675633	0.542085742432049	0.247404607097058	0.826909282613462	0.171330578163075	-0.137345915254436	0.692565870967233	0.828799366396144	0.819939775504036	0.471838176202488	0.34468060597787	0.803457219262158	0.658342825578401	0.55817294285569
RPSA	0.904804244260576	0.709534017139621	0.61984316321197	0.635365075382666	0.547334521922605	0.77067334453025	0.876771118387615	0.478552075574248	0.891763125802347	1	-0.306983593996145	0.703564993538125	0.812539367609702	0.770470373409859	0.777969055066021	0.219367181988764	0.748372158923941	0.528682396533723	0.809139019006408	-0.106228546973023	0.0027159007924816	0.0469987640165534	0.631231893683923	-0.1145905345256	0.86352926415503	0.609805558801037	0.553205130718088	0.911998147784139	0.722673838805631	0.519845717181215	-0.226726377157934	0.733209025736643	0.777189190781588	0.733608543013754	0.514088355486554	0.570035003415191	0.767867951630441	0.307498665722275	0.40293445407703	0.512876703212413	0.563047723827814	0.659349852928225	0.939995444624056	0.428798704458401	0.68178300498627	-0.00324307169000586	0.149574627804749	0.530526867422179	-0.201868479751298	-0.250645713172721	0.197947287870151	0.850704734832727	0.58870374424349	0.502986650944905	0.85007356323203	0.736249306615346	0.87856085726785	0.488167881197497	0.819197956894972	0.533650479092409	0.304153922623364	0.982384356155136	0.361385459348799	0.736617929995553	0.930236774904215	0.402501944506524	0.390153268617539	0.835054035896164	0.0415619983069713	-0.0408834451307845	0.724014600939311	0.793423112033283	0.815768358612477	0.49213108373605	0.293888845170094	0.931485236534843	0.751070256407176	0.595876983898876
PTGDR	-0.251356477231349	0.0211114455040005	0.164324784588584	-0.062832695062312	0.0661609999668745	0.0531172188850783	-0.425461539774269	0.0695874884748184	-0.161153906307478	-0.306983593996145	1	-0.0273335275108677	-0.261700623921981	-0.12121771208243	-0.0878493627973372	0.272468704055389	-0.0985205591581027	-0.13079069246178	-0.0880721663671755	0.618949001500373	0.630724184850518	0.591362295665642	0.0747057965463468	0.666714025000924	-0.247780381068835	0.00875323019268755	-0.15197021185859	-0.314694486558961	0.0470796224869703	0.145096962073919	0.683921653477057	-0.132219615140665	-0.0917861745139002	-0.0594611771441262	0.22690538219942	0.0489282917454433	0.0350598261122597	-0.104291110420091	0.257955633498689	-0.121607594235568	-0.187778868889359	-0.0509224950710273	-0.420009967899965	0.0339034626675242	0.0653916893801213	0.653762907899164	0.386438988032014	0.180926509356569	0.680535292359856	0.731595708775682	0.446976845867937	-0.346770081990877	0.0942097098701491	0.177258427206286	-0.418390530145034	-0.0574137755566436	-0.0681667526559658	-0.0292490498441962	-0.144405609124854	-0.055507410357555	0.209163828265218	-0.270942136777403	0.0316222215120097	-0.101015300374804	-0.144624984339592	0.32659758765766	-0.0798748728644799	-0.176883298475923	0.612974585957704	-0.0583743309650345	-0.368239102111244	-0.0669662621484389	-0.325795306950698	0.0808386452963647	0.457108167583857	-0.26049872409651	-0.074160606468646	-0.00549012022585788
CD3D	0.556826976664777	0.756040089902175	0.808698928904921	0.793400735929422	0.950906067372213	0.867895355835177	0.422770167558286	0.788617643937883	0.803189666875603	0.703564993538125	-0.0273335275108677	1	0.424588524741403	0.807618923136858	0.82234236117418	0.703614546387609	0.903811497346401	0.798136064341107	0.736376083347751	0.402990658398385	0.203416575564268	0.334499515012986	0.617517612501922	0.217306202147411	0.843710435865084	0.780746897061431	0.836448493325369	0.695319669356644	0.93988791483698	0.755975020244749	0.11854305078931	0.509627989029693	0.75817233479928	0.834951909854034	0.815953458566239	0.855160252112394	0.799842909118079	0.680233618905138	0.677213466623187	0.809225455658824	0.800292061185622	0.687008777896546	0.646572788202999	0.465982136001118	0.914841874037624	0.163872048732965	0.599568949489038	0.82260475264033	0.153794017188684	0.104147952223805	0.541243382738658	0.633520045951496	0.722049173871914	0.644979917855828	0.717786127600058	0.791274727233655	0.656637883650174	0.444153875540071	0.793514523808453	0.641118484631189	0.497247342705694	0.781800612255958	0.693695347063269	0.851786189126931	0.74549345660838	0.76083719491995	0.283734893589176	0.844517897059826	0.276081037958312	-0.118356411906212	0.720565703825141	0.906145385897629	0.664145638921257	0.609548953779368	0.524169102477117	0.691075938582209	0.65106513940798	0.656426956717804
PTGER2	0.823592827946556	0.462954908514783	0.403327711801125	0.438336623554976	0.248083072212592	0.592878453072921	0.763619542701298	0.257288719347808	0.732427519671215	0.812539367609702	-0.261700623921981	0.424588524741403	1	0.535845392485989	0.491657995513056	-0.016753775065857	0.488860337064277	0.287233693144884	0.549619572823991	-0.248040348042538	-0.0292414833954447	-0.144269616409779	0.484169117814218	-0.190791818457728	0.690327749005136	0.410746150332756	0.34573491373288	0.692900127603023	0.459041711208696	0.310160997824832	-0.301582823749309	0.593466135093211	0.521339008430779	0.465424919214032	0.268179340839579	0.29881559889923	0.56291601297815	0.155698461700658	0.184709188568101	0.282148218961604	0.354700454241797	0.473558359509417	0.815885100161806	0.239851611995624	0.471716333808473	0.0594597411331857	-0.0861491292995769	0.303512386243569	-0.214029048386228	-0.299075947962135	0.0326234230153297	0.683338330661542	0.307318996844507	0.338110476150157	0.671463132323758	0.529700693184993	0.752669950273122	0.304275848673925	0.539327602755672	0.367201576058408	0.119623358250175	0.762832001117208	0.141074169026627	0.460789783054488	0.761728037168265	0.161350442758875	0.223735156528142	0.559706177407244	-0.0893612676656231	-0.0879840878357559	0.506818180975126	0.541751453144279	0.676006100180218	0.275375584224449	0.0721910138487032	0.710102681584459	0.477251020610678	0.343190543418484
LRP10	0.624457783411781	0.833925857640487	0.775808045378013	0.833567826937357	0.74114791313872	0.756479305356391	0.586912908895393	0.760083398461711	0.778440457121835	0.770470373409859	-0.12121771208243	0.807618923136858	0.535845392485989	1	0.765728982530719	0.42699411449918	0.860835619052661	0.636385041277778	0.861981143033368	0.219305888053383	0.129744295960989	0.27598884596873	0.714828832410942	-0.000153047371709482	0.820541642678541	0.814198816713098	0.821545565749209	0.819091761125391	0.817639898375824	0.714733669353159	-0.0693777785584398	0.775123156573926	0.837375062784404	0.898037603060076	0.768491888061051	0.791702484296195	0.783295347069207	0.691208527750848	0.68101369554209	0.849097012729092	0.781645731929245	0.76871307323692	0.740255054392923	0.592417022065977	0.81019016948523	0.0562449766864896	0.41445943164859	0.711997867196327	-0.139946486517292	-0.166025380448239	0.328362682658106	0.667673986163256	0.759268587401457	0.747475285847772	0.789112446711559	0.91025632607781	0.698123816609307	0.625236122796387	0.822780545544164	0.753281264881037	0.507372144181146	0.827052157656941	0.717093192073456	0.876566025033216	0.730733952399456	0.709162668684406	0.529896986957247	0.858740699123162	0.228959164509825	0.0277066595132608	0.850795013778613	0.828627485820262	0.817955202790899	0.659525512779168	0.427333433132244	0.774286112299667	0.806999420987835	0.81791816228478
CD6	0.706683367990273	0.71438235251035	0.703528520129354	0.681760947131925	0.775240740483459	0.793978940622894	0.51833292114254	0.632316186158697	0.85101445188225	0.777969055066021	-0.0878493627973372	0.82234236117418	0.491657995513056	0.765728982530719	1	0.4222388922372	0.760894308798634	0.720476215518301	0.752888187279746	0.231595401161695	0.144306082531878	0.259795059557622	0.595814644758425	0.0871099595849184	0.784717360380799	0.68225800896431	0.667589800575455	0.793254658380186	0.817757651726582	0.708445587227187	0.00778980751365707	0.596679197550712	0.756769112325539	0.767378223544968	0.67196332908215	0.750069609021766	0.762449925367419	0.414335112210411	0.581836319707091	0.639635518666406	0.61721052087616	0.60860530390702	0.728378207502537	0.425835942985131	0.778145358011065	0.106963663971158	0.389322853580148	0.679361980311368	-0.0300516152044106	-0.0331542586228429	0.389143416375732	0.814625542022472	0.676156513028941	0.582241140308203	0.7981949991764	0.727628013906927	0.736896485455389	0.446634832809213	0.773350398541868	0.556576781674384	0.386314794825561	0.795028106336554	0.534794579352677	0.805346953096576	0.777765466548535	0.627998937883606	0.295987936919139	0.804048294121483	0.254065870303775	-0.0709534185042231	0.721317233844841	0.818777937821109	0.74247355348723	0.543802323414247	0.4072889980586	0.72669231426935	0.684220262297214	0.58714551708972
CXCR3	0.117955909591326	0.413511767977654	0.575471568182801	0.44415080242296	0.734180941589917	0.583339701030455	-0.0392590676524925	0.543998114756285	0.357433641641785	0.219367181988764	0.272468704055389	0.703614546387609	-0.016753775065857	0.42699411449918	0.4222388922372	1	0.59302068560198	0.520118300351353	0.365971482017839	0.59668206413148	0.289978001233604	0.49012759245607	0.332688146915616	0.426146393395749	0.432078327628831	0.471949200369201	0.50688262984822	0.218484984348649	0.660621787410981	0.558514050629971	0.42484539623786	0.153261609898624	0.405288077760067	0.502239497500254	0.620231823094398	0.620030675723765	0.511451871087551	0.49276734913459	0.488125740000442	0.516714358885386	0.523790087043787	0.35498653147319	0.121031292742454	0.328328851190526	0.646493436794769	0.293328502031652	0.710516028942242	0.675676212307778	0.508280646536305	0.458200283780007	0.617121887059217	0.123058189376671	0.472131796625711	0.423319130309521	0.19876988247168	0.421050704208708	0.240375571389262	0.230778012170906	0.440766080875047	0.295319288851116	0.493595306384367	0.319905285817813	0.531097417031674	0.487304035356914	0.344182910823723	0.668270996921081	0.0861072444150138	0.44430231859615	0.399579361913198	-0.105773087445523	0.267755164231405	0.569451285269314	0.168054449082482	0.441064849881215	0.59728220170573	0.266386899932564	0.302614524071854	0.376348686883768
TNFRSF14	0.58196002257804	0.805953709020119	0.820250764552665	0.829603266309196	0.857627901973963	0.81561918993678	0.527136725982813	0.808657845763125	0.789683358207715	0.748372158923941	-0.0985205591581027	0.903811497346401	0.488860337064277	0.860835619052661	0.760894308798634	0.59302068560198	1	0.704824408024132	0.806487573686768	0.301446373711148	0.161221721438524	0.303168461521689	0.680401386382764	0.12167136590425	0.853185843397562	0.820131263935796	0.827528659156682	0.75524576572694	0.890173488317659	0.732906059279222	0.0333413829209747	0.63748661768463	0.80511907842853	0.881015170015887	0.809401939328062	0.812506957774149	0.793199262186867	0.690137030539875	0.69952256066726	0.828724192110933	0.814159854057841	0.764605229951376	0.700173042123152	0.538066346882727	0.862543852206321	0.0966358512851274	0.497481980241907	0.78248793134308	0.0182180839989113	-0.0303178720125134	0.441766391250474	0.632242048373613	0.749536053378487	0.69813880095159	0.752389260488502	0.86144382986544	0.68715990536605	0.537795141335461	0.813989389702121	0.736957759768712	0.510220795770343	0.823099476506099	0.698917987223371	0.856244649014597	0.741363078865182	0.741739704571829	0.426630829573635	0.858032116009184	0.256827945397433	-0.0601696206488587	0.788164706228587	0.885581420947445	0.732292302787159	0.598359157113135	0.481536669402724	0.752679192355302	0.740737923382652	0.747765049032713
PDCD1	0.420130354499273	0.513578813615323	0.512979281463654	0.613041293722621	0.800229454756695	0.598846157754361	0.237071151030953	0.642629341190857	0.604469283134527	0.528682396533723	-0.13079069246178	0.798136064341107	0.287233693144884	0.636385041277778	0.720476215518301	0.520118300351353	0.704824408024132	1	0.558178778731351	0.244500484034922	-0.0122223396362009	0.0845237564039261	0.370770827911904	-0.0349131694357999	0.680012866847862	0.59040247260386	0.801933715937324	0.633445261131062	0.671415378998319	0.655051122973664	-0.101184808454689	0.36671312826065	0.625031111211166	0.685188892374164	0.551649702622143	0.686961704054151	0.551524083375642	0.658045563294043	0.501637767056563	0.7472294892401	0.709359660376863	0.483103035744624	0.523048097727848	0.408198944923021	0.713735958038973	0.0135043397587531	0.461744389150804	0.678471388107035	-0.0962645762953765	-0.124421860382142	0.271734175853824	0.636632181102858	0.514879427589604	0.484757714402837	0.719325915750552	0.656067465457379	0.386976253341449	0.407159519975696	0.694637373365173	0.513655652634865	0.364079763283077	0.589219067213219	0.627400445862868	0.722790330588707	0.535919713026942	0.542731188730245	0.276629917695505	0.728291776848435	0.0212105961316759	-0.048657334284995	0.730112468293005	0.73521181603629	0.594884320451948	0.507883765769121	0.295033246582611	0.550000139086197	0.55479810249578	0.526049931332151
ITGB1	0.664547307823718	0.908994606671794	0.805163147698188	0.793186510428031	0.678797520674161	0.742071835824467	0.635712154870978	0.728024996516265	0.767129819480865	0.809139019006408	-0.0880721663671755	0.736376083347751	0.549619572823991	0.861981143033368	0.752888187279746	0.365971482017839	0.806487573686768	0.558178778731351	1	0.196101407387675	0.206064355144026	0.383146517496405	0.777851236282686	0.0794731247656717	0.787261002543606	0.811669872400237	0.657237027943205	0.837344456018603	0.781938435141504	0.711020582502703	0.0340309215739375	0.79163698971089	0.893473232901336	0.912469492687837	0.757103999631465	0.739016064137198	0.821550373792893	0.493762918117658	0.70016840219841	0.711938592560004	0.68119571594397	0.812774993313382	0.729988739968243	0.649421490995514	0.741058660898195	0.0917814515441512	0.402642794983475	0.685537365234662	-0.101262640191226	-0.0983801342191947	0.38124277151229	0.664662299930749	0.824486139953288	0.737150335366339	0.72843154352602	0.893724604972353	0.762329552729563	0.702605255815735	0.882253251964979	0.748648565501244	0.550779619639658	0.864613163628842	0.626091795489924	0.850004673159488	0.772743442858015	0.658367636984763	0.651447933695252	0.837239516570138	0.327601737834176	0.11526494028655	0.774610299478172	0.800256373919903	0.792164371619555	0.715122617123312	0.553602594062154	0.868938565553886	0.913098611366884	0.867292345921734
CCR5	-0.151282315584966	0.331155489385608	0.497408040149107	0.317289799077012	0.521619081097696	0.318004103787405	-0.318215918008976	0.441429989665193	0.0754958292226507	-0.106228546973023	0.618949001500373	0.402990658398385	-0.248040348042538	0.219305888053383	0.231595401161695	0.59668206413148	0.301446373711148	0.244500484034922	0.196101407387675	1	0.625144183385421	0.720555818294474	0.285304378084851	0.641492558909388	0.0825330435180405	0.336894404422576	0.281005405590494	-0.0886554947661082	0.442342619447181	0.455341392312686	0.724522411828641	0.0122750019244524	0.190174675175146	0.308943983156926	0.575283779553444	0.463165012565372	0.271679001063378	0.276279735141256	0.534328189901608	0.288585983464163	0.251434412857643	0.205402581442447	-0.184936821525598	0.251025351146937	0.388203576466394	0.39717965062359	0.620141062229826	0.519616577215757	0.63733846546878	0.689099422805474	0.598356808678599	-0.161498814741428	0.396116714119172	0.421831042554432	-0.11757921093321	0.264590451701064	0.0512627924704797	0.135135823308169	0.155579760541597	0.270776608781869	0.44457516285204	-0.0103251376435588	0.404014718043313	0.301783761386948	0.02903641859571	0.673137877289727	0.0561086534930379	0.139928340562349	0.608866591678903	-0.0763738034887273	0.000308818203319036	0.287488059979747	-0.096467142721929	0.334343142357075	0.603945984514336	-0.0505570385371023	0.167919596724171	0.252903271047097
ADRB2	0.00975874181350171	0.325109831665955	0.472961704949892	0.217386526463626	0.244953705155791	0.346115196855475	-0.129159368592816	0.246083736694193	0.13901233552978	0.0027159007924816	0.630724184850518	0.203416575564268	-0.0292414833954447	0.129744295960989	0.144306082531878	0.289978001233604	0.161221721438524	-0.0122223396362009	0.206064355144026	0.625144183385421	1	0.598653087207788	0.34260747218715	0.718418304335873	0.0536116833295955	0.206448346411372	0.0196132872814572	-0.0406469441644393	0.314891127178547	0.301041887466161	0.687123591769058	0.127273500804467	0.164392875295536	0.203621913350594	0.471955529663659	0.235721466565502	0.27208280798145	-0.0103464950221914	0.421500359740616	0.0526741062239079	0.0598636573119113	0.251982749049431	-0.136322159293352	0.239937760585839	0.245142603445377	0.548151321542853	0.476403694225607	0.363991726064289	0.631026333997571	0.696124937327853	0.605429181527849	-0.168151178749095	0.328794359114006	0.400507981692135	-0.166455509748504	0.21373868502057	0.244850903050977	0.13817640112717	0.118132036203315	0.219740903683432	0.390300818669267	0.0529419411781299	0.165448345955787	0.155660345381802	0.103284987390738	0.491778881646104	0.103549687437253	0.0565349738020516	0.674380321380484	-0.0638923619410948	-0.120529521762505	0.176743776498188	-0.074505326932049	0.258582822200662	0.58319110036044	0.0141413174609861	0.199745154386814	0.189813910579823
F2R	0.0187477856038557	0.436887920652868	0.529669421554759	0.285552829232898	0.424136397195005	0.371401286920986	-0.160162837107896	0.403503598863184	0.149339233479291	0.0469987640165534	0.591362295665642	0.334499515012986	-0.144269616409779	0.27598884596873	0.259795059557622	0.49012759245607	0.303168461521689	0.0845237564039261	0.383146517496405	0.720555818294474	0.598653087207788	1	0.395276385956117	0.636579913895631	0.110122608576771	0.372414163560019	0.134930715739197	0.0419464019790053	0.436920067132129	0.492157887203058	0.683446660290871	0.175219802010561	0.310293382543162	0.363587850706319	0.557112586202535	0.449324995725422	0.350279799216741	0.0945715522508609	0.538201027295582	0.206910632803093	0.158345802565268	0.290457813027815	-0.0864529195050482	0.302618907251448	0.363922103452636	0.446901220344987	0.593980760185475	0.432018395720513	0.590387385640968	0.646496575267738	0.627812257104737	-0.0532524448532714	0.509634494329123	0.415542296279434	-0.0936745714943419	0.307683377255291	0.184728124511743	0.284839096950453	0.282003170465562	0.285370989525619	0.444073304830617	0.121680124208179	0.318795049826077	0.326269637115102	0.164821323318919	0.639593776131731	0.196195486565462	0.186849314618857	0.733186693648919	-0.000962718872848211	0.0161347706543361	0.306887917864065	-0.00801202997029327	0.436894685946785	0.701523662906762	0.146754993986099	0.343928805718824	0.407943237597058
SLC16A7	0.531349017371223	0.848017327657425	0.844350717944604	0.795595819963532	0.608622006055496	0.693252597517206	0.53735520796594	0.700033492651047	0.680278146778504	0.631231893683923	0.0747057965463468	0.617517612501922	0.484169117814218	0.714828832410942	0.595814644758425	0.332688146915616	0.680401386382764	0.370770827911904	0.777851236282686	0.285304378084851	0.34260747218715	0.395276385956117	1	0.217454738290193	0.662666578236613	0.76353897564412	0.53765439372001	0.582906971697185	0.731935981090722	0.613870554170306	0.186805887443052	0.660533419351056	0.67293657568002	0.744123025110913	0.798217075093904	0.645371328905719	0.781135997310345	0.447030874214933	0.720411512643747	0.606684218645198	0.626053040279216	0.772048551111088	0.559993279969003	0.444596817101076	0.640342529362515	0.156588933066911	0.375985464270621	0.570335366063883	0.0310907330230099	0.0708737159326107	0.421108052671809	0.445249497571151	0.704264822090964	0.71522598159272	0.530539973888673	0.764401277477832	0.696537926143469	0.462047967905177	0.6118745062179	0.667408810692399	0.422022662941138	0.68605162320457	0.525972413074113	0.673916416197341	0.617999256248293	0.699863573965233	0.432197465313136	0.633445590755825	0.428863267656297	0.075061742515343	0.57496633129725	0.633495926143018	0.660393459348702	0.476660605437044	0.467659347413511	0.623052736209393	0.6766414241081	0.720604634257462
CRTAM	-0.0988881388101188	0.20005088239318	0.383829811217142	0.0568083687530615	0.260853678712717	0.348835963122826	-0.263397332560897	0.15914673993685	0.0636313577784003	-0.1145905345256	0.666714025000924	0.217306202147411	-0.190791818457728	-0.000153047371709482	0.0871099595849184	0.426146393395749	0.12167136590425	-0.0349131694357999	0.0794731247656717	0.641492558909388	0.718418304335873	0.636579913895631	0.217454738290193	1	-0.0485443328419764	0.138316341580665	-0.0731309524600832	-0.175234160296622	0.300643043483387	0.223405675375872	0.739629600071239	-0.049095451356024	0.0749555158696063	0.0860865850846571	0.401598573248853	0.226565531655551	0.219307084721997	-0.0278086846945443	0.359702693958148	-0.0159860164920222	-0.0526019946136832	0.0624968356557146	-0.264319599560105	0.145816616715348	0.219855494820214	0.622251108819794	0.547637913194065	0.305724589842479	0.837947854760255	0.870948214344138	0.786520478507098	-0.285721928978043	0.273775364179353	0.254350478831545	-0.321553986868681	0.0436801356387856	0.129180206823705	0.0117267318711098	0.0492537039337903	0.0374542629104321	0.363846466177397	-0.0536441029961667	0.0869983322592023	0.0569371055160872	0.0438793885105828	0.447612166791521	-0.0393912255275354	-0.0291449285422528	0.661031725802245	-0.0854407580007086	-0.293850904426524	0.154063492655727	-0.256655865490269	0.23439386018791	0.625494502586348	-0.0837139814167149	0.0261865239302671	0.0562684891015338
S1PR4	0.749188882208819	0.746330656401942	0.716674614648909	0.772633226907345	0.736171648640456	0.81714500651587	0.687717496502729	0.690567687678808	0.865896919227834	0.86352926415503	-0.247780381068835	0.843710435865084	0.690327749005136	0.820541642678541	0.784717360380799	0.432078327628831	0.853185843397562	0.680012866847862	0.787261002543606	0.0825330435180405	0.0536116833295955	0.110122608576771	0.662666578236613	-0.0485443328419764	1	0.745697980323104	0.752663157848968	0.821433741551284	0.824638003607518	0.659878877299778	-0.164419895301007	0.648788674712237	0.764047055448379	0.802460529538158	0.666223213387921	0.701734279159674	0.800968986210921	0.589828292988737	0.549481165397446	0.731891882461082	0.756764292582559	0.725304740359746	0.844679874175186	0.445692873938463	0.815309177869515	0.00258388687634148	0.318202235380012	0.651895093982154	-0.132330769930278	-0.191368986284388	0.300606361022754	0.757225596355877	0.641083969596434	0.577809575643314	0.84634123249239	0.810347541835477	0.754828450437154	0.458417409421093	0.79262130327424	0.635228733985773	0.389746431861908	0.900236243267734	0.549931222647235	0.789483186310354	0.835419511267949	0.554180711149212	0.349550857089521	0.84468158785541	0.097479188369074	-0.0764307850406287	0.783225889109293	0.847688192642469	0.787982201794838	0.536692883746774	0.323620805459098	0.801043925328704	0.685533250959398	0.652267728705918
PTPRA	0.450464667956396	0.873274731280234	0.835056488631841	0.871893311315871	0.789436403356718	0.699510624290884	0.427681772044752	0.859076931805244	0.690514752230911	0.609805558801037	0.00875323019268755	0.780746897061431	0.410746150332756	0.814198816713098	0.68225800896431	0.471949200369201	0.820131263935796	0.59040247260386	0.811669872400237	0.336894404422576	0.206448346411372	0.372414163560019	0.76353897564412	0.138316341580665	0.745697980323104	1	0.775432516805824	0.655024237785913	0.808739999040092	0.733553845274394	0.0622532734851911	0.652634226043002	0.767913117984845	0.86500169867532	0.842418121495882	0.80677644514763	0.774564557998474	0.70886388453039	0.764991749725467	0.826409613578002	0.788107447980485	0.821529345855874	0.579364971152818	0.540679640415517	0.772932682427263	0.1223774525885	0.461540526742244	0.711610820287291	-0.0208249281066379	-0.0469963331368404	0.413671255355195	0.52692698861214	0.777634092188512	0.734914661611575	0.642829114287356	0.859501532200992	0.615228361731118	0.596611389216552	0.725152552962771	0.782669203097063	0.5035776707487	0.696289111140779	0.715727914322414	0.798282655593299	0.603135295717394	0.749712306640385	0.511538940848561	0.764590055298933	0.326175525080754	0.0879650219819908	0.741488803874215	0.755162166181802	0.71545568116015	0.592871653796629	0.489860768941926	0.651468584860941	0.718713005665158	0.807843355356856
SIRPG	0.376539759878257	0.679755996489973	0.661359892605468	0.818969072236222	0.838854954324393	0.616262091678632	0.338290377525286	0.819634959412558	0.625995710323043	0.553205130718088	-0.15197021185859	0.836448493325369	0.34573491373288	0.821545565749209	0.667589800575455	0.50688262984822	0.827528659156682	0.801933715937324	0.657237027943205	0.281005405590494	0.0196132872814572	0.134930715739197	0.53765439372001	-0.0731309524600832	0.752663157848968	0.775432516805824	1	0.638760041458315	0.753709684035669	0.67876455051645	-0.103037418261209	0.493441781829081	0.686671099293442	0.813296036194139	0.721415240768108	0.765082515890571	0.63269997040808	0.879702177544351	0.64540582188669	0.938639428491619	0.875278992811511	0.670920412669356	0.570625540643022	0.465307789300385	0.787096931495789	-0.049971578862401	0.454307091866982	0.700587714843167	-0.177302537341254	-0.213955075222568	0.247222257019041	0.546087040471229	0.63582878814854	0.656602991376952	0.751255342318904	0.816163718268732	0.4361987815642	0.480691342218836	0.69879832987296	0.720459327573478	0.41473059676641	0.637105270520588	0.75745579663248	0.818549850147283	0.513816859449565	0.665012379946487	0.382110471514752	0.784695303443149	0.0806361983416399	-0.0262800948320384	0.836073145027853	0.769730786655059	0.69795500252	0.540499240510335	0.271775033511742	0.564068731922276	0.60100177905505	0.690993003839258
VSIR	0.803187493915351	0.709001721343566	0.599127365530636	0.66151558585293	0.575063535869019	0.690752608119735	0.761389770493055	0.539294870077407	0.81675000201786	0.911998147784139	-0.314694486558961	0.695319669356644	0.692900127603023	0.819091761125391	0.793254658380186	0.218484984348649	0.75524576572694	0.633445261131062	0.837344456018603	-0.0886554947661082	-0.0406469441644393	0.0419464019790053	0.582906971697185	-0.175234160296622	0.821433741551284	0.655024237785913	0.638760041458315	1	0.677545669568494	0.596203505692406	-0.287128915313532	0.792053169583445	0.837571194305701	0.80326373816256	0.523087523571944	0.615271895952885	0.705843396214894	0.418628314902946	0.449248303284493	0.628198400803067	0.624919519227964	0.676476657779471	0.871111268516985	0.569148313518725	0.675993846063571	-0.0273604121889086	0.207088501311721	0.601054565665401	-0.306049022287713	-0.340529614429427	0.15676080958062	0.860490666949991	0.640355336750509	0.579370464871574	0.879143401705265	0.794833467071477	0.755684563602249	0.608630444623734	0.861458321502677	0.608883138366639	0.406841342934933	0.916179533806408	0.514204429630341	0.791067737735745	0.836940755365005	0.442562990580276	0.532135506120998	0.852903588429244	0.0269431641959957	0.00724178970265672	0.829556225813281	0.793481921549133	0.845050301442345	0.587333455449485	0.303462929759159	0.90518184977789	0.824554567359796	0.681352676399206
