""	PARD3	TNFRSF1A	EGFR	ERBB2	F2R	CD9	CD63	LRP6	LDLR	INSR	SDC4	PTPRA	TNFRSF12A	ITGB8	CAV1	LPP	NRCAM	AR	PODXL	SMAP1	SIRPA	ABCA1	CANX	EDNRB	DDR1	CNR1	THY1	ADORA1	IGF1R	PILRB	CD99L2	CADM1	NOTCH1	ATP5F1B	APLP2	ITGB1	RAMP1	ITGA3	MET	CHRM3	MCFD2	PVR	NECTIN2	AMFR	ITGAV	CD47	ACKR3	FAS	CD44	ADGRE5	TNFRSF10B	NOTCH2	TFRC	CD81	TSPAN5	TLR4	RIPK1	PDGFRB	SDC2	DPP4	SORT1	RAMP2	PLXNB1	TSPAN12	DDR2	LIFR	MTTP	SMAD3	ITGA5	PLXNB2	TYRO3	CALCRL	NOTCH3	GPC1	RXRA	SLC16A7	GPR37L1	TNFRSF19	TSPAN17	LRP8	SORL1	GPR37	ERAP1	SLC16A1	LRP1	CNTNAP1	AXL	MCAM	NT5E	SCARB1	NCSTN	LRP4	ITGA7	APLP1	PTPRZ1	IL17RC	NRP2	FGFR1	TREM1	SDC3	LAMP1	TRADD	TNFRSF21	CD46	ITGA6	ITGA2	RACK1	NRP1	LRP10	TSPAN14	NCL	CXCR4	RPSA	C1QBP	PLAUR	GPNMB	STAB1	CD163	CD68	CD74
PARD3	1	0.899391539886185	0.778263026365539	0.637229738883774	0.694876011445856	0.759762259854305	0.876505588090857	0.740772378199645	0.810721263108577	0.638704298564397	0.409402952447416	0.891357685348552	0.744677640162018	0.87103656657726	0.155758673228596	0.811059301128278	0.81531558461665	0.796954237338985	0.839900398845266	0.785948016158389	0.803199712666537	0.786992720558369	0.830159765778578	0.582316339155058	0.773544209714939	0.784351399227321	0.750612899129241	0.829937623655041	0.659572222643482	0.773382606500479	0.809828355510292	0.756840925796225	0.721040803058009	0.833692200514766	0.84276911172036	0.567502194254872	0.756999549820699	0.707980403837978	0.71657011883296	0.786447896279551	0.806653973285531	0.811101680610244	0.737124535123541	0.752671894475997	0.881047881193411	0.818876991629486	0.568404335858089	0.545209056508249	0.676353147960549	0.752773659402862	0.637160598249168	0.71985308417698	0.529249935546391	0.77311860334218	0.719227251237472	0.638199334159131	0.791128052131963	0.374466542654389	0.647021678438496	0.622970665526823	0.85500374061695	0.758801270686296	0.62114148738992	0.458442522469806	0.456819037252904	0.5760682423137	0.828527936000718	0.597440797987654	0.302435269058635	0.723827648219382	0.732768789822282	0.802173129643154	0.334704888482215	0.798815010420975	0.771347383227455	0.817857127104973	0.605926841429436	0.587806115157566	0.804335332126517	0.682671779519975	0.788248574588474	0.751052110064654	0.742338606202363	0.487619296809649	0.766134710430153	0.728779588349168	0.631332929667141	0.711012881298662	0.380943965845863	0.574458239711678	0.854527018149971	0.65667398867613	0.845108519097502	0.839320676620647	0.811844914196371	0.848397318133811	0.741459955136324	0.833311238414289	0.163741192764149	0.539247215870533	0.846424391360009	0.744045048080544	0.846492226601604	0.805348690188975	0.422719198457397	0.440628993245391	0.726789009493295	0.508330517332644	0.881193900311594	0.756565302772787	0.778179314082836	0.432813192523931	0.688046308309288	0.804058736157347	0.32561410882238	0.0693752292214312	0.306607182308911	0.117547950060594	0.500488325896598	0.253999457834188
TNFRSF1A	0.899391539886185	1	0.838891609967084	0.714913318371591	0.78696976702315	0.832443626410744	0.958907836089271	0.797060483138373	0.888521638853507	0.719781259206181	0.460314018975245	0.965890413010689	0.827353010147665	0.92107386618727	0.225021327779343	0.881093786683072	0.872807340905523	0.859639966253687	0.877329331842871	0.885951073558926	0.859269919593977	0.840565456274181	0.891797864376012	0.689405236281822	0.846816071649351	0.83001528405295	0.75477059541372	0.876309082237407	0.755825676653351	0.846291750616779	0.895513571497636	0.854446522797034	0.785401255842811	0.922760576077279	0.963626698143606	0.653886156824357	0.849774194411425	0.781679275911667	0.704851336964719	0.815191394635932	0.884852388977853	0.875874479079246	0.840890032959171	0.835343068495672	0.955054886710592	0.916854663312401	0.624449077144007	0.651620127526368	0.80323756048326	0.86174898962445	0.683378627471243	0.790451329527151	0.640318022847624	0.874336235347441	0.856908675252868	0.703731941161691	0.851524067282295	0.441917360424049	0.747679745759476	0.725928420607723	0.924620411750364	0.870069423161091	0.704110945990706	0.556701558426099	0.554154219575089	0.648594790601342	0.904938787599923	0.662689769426866	0.411309858953469	0.785761436543934	0.798660144409293	0.85153743574418	0.429925321675903	0.893583437612921	0.824630888200183	0.856044043019291	0.603099003279431	0.701961312212076	0.886648506440487	0.768704491697702	0.848721471147915	0.736944568058064	0.788157518026839	0.571918505688456	0.840077905050658	0.799903185853851	0.742364021689326	0.752988415772746	0.474363153433119	0.666205316704799	0.899824784346327	0.76538787828653	0.884593530203697	0.922107360991769	0.851219068580052	0.925668915647976	0.861354609771988	0.908797713953485	0.213403382580005	0.64284841727809	0.952632639402354	0.849134486855177	0.902899504951564	0.855476403999741	0.517180256894978	0.523157930194956	0.808662042725857	0.597521084080389	0.953604300611916	0.835624730448547	0.885235445345482	0.474417124049021	0.794162596250312	0.899853602335215	0.424212095996063	0.0907391323994617	0.359010907273806	0.146375768754885	0.559779881941553	0.2721721252493
EGFR	0.778263026365539	0.838891609967084	1	0.664147217192538	0.769012034153322	0.697022077672391	0.828598467769135	0.667831386543205	0.723004870525539	0.763868124332909	0.620855798215069	0.819388280565942	0.809682252521065	0.787028753251812	0.435831091700465	0.848250227510672	0.822419206006304	0.796684080631103	0.657571728685666	0.825568851096287	0.754661881243915	0.836236745963903	0.840144739398648	0.543444554824998	0.704180621444748	0.603098555677579	0.682319961076482	0.730663332147136	0.76297703444294	0.788894353699332	0.771416787721935	0.66152793134298	0.600880271801746	0.767957281105429	0.856832365535166	0.724043976109284	0.634064617703509	0.765109640543035	0.714356758309482	0.720920613580554	0.800907565840261	0.824141455786658	0.812940423455181	0.786293364867287	0.841920042248493	0.81414495571626	0.479251975705336	0.720527536083318	0.760321217664232	0.840225562686974	0.686136248629393	0.829935970013469	0.689922632931708	0.813215204702857	0.787780165675572	0.611753518169551	0.811721946916807	0.534214681836923	0.767534508082707	0.714910474853503	0.758721083817293	0.682570488327824	0.644379433246568	0.387761049012618	0.636650103417087	0.536951132926927	0.712731812321453	0.689531974774199	0.567080860492646	0.775629802202353	0.653418069151689	0.743624307483672	0.56740967839542	0.80352296349112	0.755495763921678	0.825517653741213	0.515515174212677	0.615459183570783	0.7960313858573	0.826698492897293	0.66471425306807	0.660385179647232	0.802400642989449	0.68339203350902	0.850042203140143	0.702947324204824	0.720659826022033	0.595116378737927	0.633498982113775	0.70842904386283	0.80449358046467	0.645218969772613	0.734743532946667	0.85166266582014	0.682291578698865	0.778288704775001	0.8150326102642	0.856994893813622	0.422831693672044	0.463533530501966	0.839841036656744	0.79395065868449	0.747319055790687	0.850517350303186	0.339537626978978	0.649129120591698	0.765836387577742	0.673459374344036	0.845535096199558	0.71625230693664	0.816092842836123	0.553205474673797	0.713264690387205	0.789453378408491	0.553345535894155	0.171773041369828	0.327228955905969	0.0988158383783198	0.582435731024687	0.171929737919864
ERBB2	0.637229738883774	0.714913318371591	0.664147217192538	1	0.603249278200225	0.419016012727686	0.625262041511215	0.665628679825838	0.713429096988853	0.602301718967581	0.280036350447294	0.725956092537069	0.556645995556017	0.696540638108738	0.129977033494216	0.706219019088291	0.644122156055603	0.670921363959005	0.609494395436276	0.563425943154841	0.65478790652532	0.623995822855885	0.601188122071992	0.617905848220579	0.736664885343365	0.688138999282209	0.4787179039963	0.683862117800277	0.627618542089242	0.714478280359804	0.702355017581559	0.620779511411526	0.681754915711905	0.583341517330858	0.707091443048026	0.498904547692099	0.56955833819992	0.606728202421302	0.436242558801251	0.611810435927341	0.620682141986917	0.706904434534516	0.656978547667476	0.629043847431592	0.711512720444058	0.606478539709942	0.507551441249341	0.51548047456649	0.622818955213602	0.634019097817874	0.54943431994881	0.61006112740249	0.483156326905262	0.777212240926149	0.620112238406019	0.678543000815747	0.69585386084866	0.464101944177237	0.642526172794451	0.464403643168085	0.705346299348167	0.539054411761716	0.701909209819981	0.418720653231764	0.442371381463672	0.718498139830454	0.649786018831952	0.672614511749351	0.399703220517604	0.695781368024001	0.625267793352531	0.681817815481653	0.470826634666352	0.733134922828899	0.636148174605515	0.586828148093373	0.551282071698288	0.69612986084038	0.58496187447475	0.611572028446791	0.657366431036396	0.526140843109524	0.564951097794311	0.378063030016138	0.722285968428734	0.717262896739966	0.567980348461144	0.617480628795191	0.327020698375434	0.580936863512256	0.721591845878101	0.650299105547541	0.73623526877095	0.745329082192818	0.686526777865255	0.618586162121423	0.714422279618481	0.691104598123682	0.125395956763791	0.554900177280435	0.695700114107481	0.576188474801082	0.649302634988267	0.6304267087821	0.51960731443089	0.50246805309081	0.469336602751426	0.422388565954977	0.700182713062729	0.620798599622894	0.635387474380486	0.290934439750618	0.483761720963725	0.591886194928075	0.376379660916894	0.0622783390081716	0.353301168449262	0.148825933394787	0.36066230768321	0.18080892208582
F2R	0.694876011445856	0.78696976702315	0.769012034153322	0.603249278200225	1	0.611790588391778	0.825680188172084	0.596175663627685	0.735801496631923	0.759491345704094	0.654867783751711	0.757449663929137	0.847407046743004	0.738550596143066	0.54844685166886	0.856169724521628	0.747492904615617	0.748008242159771	0.602953647637877	0.786456199611618	0.755182535609903	0.805216956689682	0.816860785156134	0.42654067800735	0.615224372504748	0.552759032679799	0.801952786996853	0.645376640766311	0.780572835088454	0.755585801383817	0.767054717406385	0.54412904303002	0.540430044733025	0.78043507455871	0.826379615084529	0.871189557219337	0.534370868983174	0.734656694263371	0.696719078000416	0.601675631813491	0.881497919463214	0.798782779785447	0.907352142090572	0.759025539339353	0.830420232468555	0.860908876388054	0.417796518651364	0.800088274256079	0.824966375423698	0.828545448072009	0.73473805302965	0.860345986808595	0.713157395235266	0.817935137110553	0.811262341602469	0.628312355790765	0.788769289701585	0.76750703211419	0.875217592233594	0.792646552151014	0.698739171085268	0.650355693074676	0.543609858761988	0.294152164139373	0.820898254762231	0.466068846748638	0.626241633826122	0.678702800335827	0.705129737146778	0.801280005773186	0.597413316043836	0.731029484686544	0.751108901673871	0.818251620279647	0.767301742553612	0.792022964282534	0.403796709130108	0.480287108027967	0.800104791309942	0.79962020957738	0.590205834166252	0.59844277129243	0.813951645810063	0.667550577438419	0.789982170025674	0.661189574270984	0.843780175404018	0.659511952273533	0.702778399797366	0.73519618817942	0.799403212657217	0.558843054618308	0.654729034795731	0.830402615178597	0.572088690879298	0.804905267363818	0.811248379377851	0.768693527831814	0.513301696583814	0.341250175123716	0.829707428348918	0.822993758774887	0.694323482111577	0.812140358374479	0.22002137514313	0.698510299062282	0.835730767200264	0.703136000460822	0.851005781129561	0.730000488491419	0.847720436619771	0.657109619262611	0.805248555758436	0.833338947613404	0.69295169479355	0.308825279494912	0.360710185567083	0.163338760127404	0.685236052516058	0.23035760711035
CD9	0.759762259854305	0.832443626410744	0.697022077672391	0.419016012727686	0.611790588391778	1	0.844352341395764	0.55769894341827	0.657730753922787	0.601602563460138	0.439943583236009	0.803572735917649	0.701921443037927	0.76412499186007	0.27824650628803	0.703262528015969	0.750476538509868	0.647302022479361	0.759090663451634	0.870914028977944	0.67164666219848	0.712579902855677	0.833869507607534	0.504358633934514	0.616066340499087	0.66556037378343	0.65832126266863	0.679159772729893	0.668219587095271	0.625520780710435	0.693280426224395	0.73312909928388	0.557982058340359	0.831495608891693	0.802761094594579	0.478170636973611	0.721209327480744	0.638275981124374	0.686310297733566	0.734002516346267	0.787014940290121	0.667253009848245	0.64579938489431	0.718100599581664	0.799884486278252	0.794638835173732	0.429534590172373	0.52437108030364	0.634338898604146	0.666729434319525	0.536661554726064	0.615415952786845	0.595311596225872	0.578460293979197	0.724393504951984	0.466402472495195	0.679484793573042	0.188638562141923	0.51840602215559	0.584568544632266	0.75464861499644	0.762701697579644	0.383472825201127	0.43714970738987	0.377147816444382	0.414037565080388	0.800290810603935	0.413810341296663	0.230917593014768	0.511121738464364	0.60689511333027	0.674568340294227	0.204405703766478	0.680380293002961	0.693279282814386	0.768547972307557	0.412053863356773	0.476573534443969	0.767949524540258	0.614582910006333	0.709033930588796	0.639883909823541	0.684687473098579	0.637719592700622	0.636608961692729	0.610810882979771	0.606539204701282	0.538813003773586	0.39706322480912	0.599947008898049	0.723783092503053	0.644119784325201	0.665234203780805	0.718689950219435	0.672013828537236	0.802656329765273	0.632124880582227	0.771094336425939	0.185405488840193	0.462836859331622	0.795399633680463	0.767581129615414	0.760897315583515	0.765778511042113	0.309522166017314	0.340827277900027	0.783932372422731	0.602945356096011	0.791781377912697	0.66840236421876	0.716163130145388	0.399766933163171	0.715082224219709	0.760891959911908	0.245639380269652	0.0516923552583786	0.178600081281252	0.0375073819148881	0.465811571700639	0.172829880337608
CD63	0.876505588090857	0.958907836089271	0.828598467769135	0.625262041511215	0.825680188172084	0.844352341395764	1	0.682489446951412	0.836534387018621	0.711695635839005	0.56210704779696	0.9212883116363	0.914850820055474	0.874146450918472	0.356370436369446	0.88838106952074	0.866598302774316	0.810067727390096	0.820699390279886	0.906887824095973	0.825030015904096	0.866988743033363	0.923455302032918	0.569090355317947	0.742238084342544	0.739784162717373	0.814531618858196	0.82044709376015	0.756065213794458	0.80646185572816	0.859246291177945	0.765472118782265	0.676072307876339	0.954293610016649	0.951670375536615	0.759399685408326	0.791869229904005	0.774897579572897	0.75624264013501	0.75972058305186	0.933958892487915	0.871006516124994	0.884105863192439	0.827276691734069	0.943385729096892	0.96263658738102	0.526935182060911	0.741433643679697	0.825864390235336	0.884747706003825	0.739039855663796	0.830990091614987	0.681479629801012	0.845434772049769	0.876763649369083	0.660601290018426	0.856208510969561	0.526212013739414	0.807417705356197	0.796359208510207	0.874339617446389	0.869660879676851	0.624094058574116	0.465802975259735	0.645044498240236	0.522690869886483	0.844678722141722	0.639851948102144	0.510318992043116	0.780101995391635	0.713421681074813	0.828450055279214	0.502346008384918	0.880054132436552	0.817763010473763	0.868717273430796	0.503636733152511	0.59110399831644	0.924776195623314	0.795963830095182	0.782144433977901	0.71856029615003	0.836270223159821	0.625689776635959	0.812594797442341	0.745615546087893	0.797489373931596	0.711242395197343	0.586839815526869	0.671577042716585	0.890391326698907	0.668649087441326	0.804788403748322	0.913990090793184	0.75494433929749	0.916540230778678	0.86354897446729	0.878605229383405	0.343911589738638	0.533200198748251	0.958326657915034	0.871562440741123	0.850177780099589	0.88075778685512	0.35858328000878	0.600327541016939	0.90216638824044	0.667956727424313	0.959208631239513	0.809987927866768	0.922881049006005	0.589355288998961	0.885582901110642	0.956802856185349	0.521763655416859	0.160249468130038	0.346377358811527	0.139304472767548	0.640047930021281	0.279394672269633
LRP6	0.740772378199645	0.797060483138373	0.667831386543205	0.665628679825838	0.596175663627685	0.55769894341827	0.682489446951412	1	0.777274608620063	0.590937054771339	0.170634461695582	0.828647705853934	0.507555747185976	0.824825670547081	-0.0650825666343245	0.68049000517579	0.68921708404197	0.799965580414898	0.759366393227742	0.633455042312923	0.729590140063101	0.600364630002856	0.64464392024412	0.727416806117167	0.849052849963496	0.784224555055531	0.537035008729518	0.758053439663311	0.565894425186642	0.759977842235439	0.76607335992082	0.792329136553034	0.794018322072617	0.668877998462836	0.769377902773457	0.38456352365294	0.745431392566759	0.595919718587845	0.472873892093272	0.73733062036718	0.627929411207261	0.748949670986089	0.591504822496974	0.666816060950096	0.769161129246345	0.642301895002305	0.691390073400007	0.39389892099835	0.564992868575483	0.629707635394768	0.505221238075591	0.583699384282445	0.384370481393786	0.752968628224266	0.627880181780655	0.636307441625469	0.731060464320407	0.272136931197307	0.536665680191807	0.464059500844488	0.797422750311876	0.668070035675517	0.740973259016355	0.595572407568484	0.335982198730279	0.650486618231572	0.74646111082267	0.581202918077639	0.18226554325034	0.661871161259075	0.766249205799654	0.708778565040667	0.298655238494961	0.708910287584011	0.657469960455782	0.625044846375698	0.664821857614451	0.716895729589647	0.642867881060338	0.566681949670434	0.731247624010922	0.640024956298471	0.552641647828845	0.290151032672762	0.706225588409014	0.681184470919841	0.490747767681007	0.698319867846992	0.16898997798173	0.49560609207876	0.740332872772897	0.687369018517557	0.832558430572754	0.749246419376301	0.841210081994202	0.733550041186718	0.685741963051592	0.755675077835904	-0.0524343441076988	0.665851260893835	0.743816458204045	0.609050266901957	0.790642154163599	0.649570647298438	0.64579587142251	0.326187699372167	0.46547738722555	0.312546766012635	0.732438951610176	0.73001187178506	0.665507039329994	0.204888454012735	0.454328818172116	0.616301082878141	0.173313448098223	-0.0267196233932333	0.290959874736026	0.130671931394993	0.303761033887514	0.20956294691119
LDLR	0.810721263108577	0.888521638853507	0.723004870525539	0.713429096988853	0.735801496631923	0.657730753922787	0.836534387018621	0.777274608620063	1	0.727979427087913	0.389536211551957	0.898558867461025	0.707916178082043	0.896926566041678	0.157092565164349	0.877718829013822	0.843602132376658	0.850901437959663	0.820515966254401	0.745085676260527	0.868582410069723	0.817106986234727	0.810284125048764	0.626055089808331	0.84316724443933	0.854290441129408	0.703425066250956	0.871715588769531	0.736977662354405	0.857912156980382	0.872321268895944	0.755018658818906	0.784977233702895	0.769164107991016	0.85924921440644	0.5828971427287	0.728139373656451	0.7657221864076	0.674978605073326	0.81228457992405	0.780615665704192	0.846312930846543	0.768139273719687	0.813916542283914	0.89216672267917	0.795643772530151	0.595402992077269	0.562324779860047	0.77316890581695	0.775587556184078	0.685110000275187	0.73799017842952	0.579911298268516	0.870798944252218	0.72579155896081	0.807327054958666	0.802334982468068	0.454117353732439	0.71200082236507	0.657747256568095	0.882647852308684	0.701784349102009	0.758648430605153	0.442339537065218	0.538127734698648	0.709861426893865	0.852162782093709	0.692637456479162	0.370360086816743	0.814824205250978	0.772977005809855	0.881651673272622	0.396079579813828	0.894673464645565	0.829375556779173	0.769658469393186	0.590413614599017	0.660064346234244	0.721327668332865	0.711110170987613	0.861334853441617	0.766177316473387	0.704026485124573	0.486261170878916	0.851272912825471	0.843311264430171	0.667708096707547	0.72558731415486	0.353652946612735	0.632680117453376	0.872184549420446	0.737053459262753	0.884412613268433	0.884403238445837	0.849671666833349	0.842949514881776	0.815086202978156	0.84239002766057	0.143798021365918	0.536457582428424	0.851365040662371	0.779911827023248	0.787773852591395	0.809499815543483	0.487530985048035	0.489296626483916	0.65740346559373	0.513866268123528	0.882944698463814	0.791584255758383	0.772377847460383	0.415487414789386	0.624801414623517	0.758123633568946	0.384914351370959	0.12517317031937	0.385081929359694	0.198918865785741	0.514149864101691	0.264738859418146
INSR	0.638704298564397	0.719781259206181	0.763868124332909	0.602301718967581	0.759491345704094	0.601602563460138	0.711695635839005	0.590937054771339	0.727979427087913	1	0.695256212005109	0.720575606837672	0.747131776872955	0.720443920817214	0.560186938162665	0.870425567495226	0.818880375992963	0.706632405421868	0.572170695382173	0.739128926284354	0.721414977629224	0.838104414517243	0.8198536166069	0.358003156462971	0.61074431246476	0.516523023938482	0.631906198488914	0.633770824199233	0.794023828239581	0.731109194592736	0.72697799005963	0.498868764770274	0.481219582772485	0.593970391237854	0.758818704423676	0.664499320103379	0.441555410509133	0.80929705952462	0.762175997604885	0.693787009943104	0.760191689703107	0.783660519044803	0.739784452464233	0.810471170050471	0.769083200193917	0.696335866415193	0.331721425108691	0.680483336520702	0.785275314081115	0.732619217905168	0.732994620279105	0.773895682704479	0.743451460388726	0.75864185112155	0.633786599967529	0.640011629362736	0.725072097947009	0.49397817234613	0.698662727552308	0.672219485878645	0.630251634231136	0.514205587951616	0.588582525356644	0.186362749989159	0.612828155813544	0.503343168666775	0.641606190760434	0.746302386640324	0.597745169899189	0.800412559444879	0.545315769578511	0.742881480609623	0.544955763830504	0.771394238414025	0.747894073973804	0.780010037758936	0.321647346743613	0.41243915369121	0.62822761279543	0.779407621682296	0.626531966735296	0.654221521258138	0.749984452388124	0.765479534276862	0.854193101671843	0.687893717270093	0.651383944363925	0.497161539654719	0.662881172070214	0.774805873872151	0.775643363926849	0.58730698703321	0.662337436557427	0.799790759248577	0.568842126094177	0.714328348947763	0.77142402667398	0.793542526703228	0.525628327864827	0.249341542481744	0.716521992062626	0.797968728885578	0.587609333527122	0.838928548433788	0.195043830593891	0.658148391692486	0.684453013597179	0.739825079675498	0.765544818506507	0.660936471085568	0.658917365021105	0.590866846674931	0.562050128502253	0.626155279693669	0.610204173867359	0.262957635673988	0.333215156574991	0.151009944941967	0.622556114436685	0.181992295317874
SDC4	0.409402952447416	0.460314018975245	0.620855798215069	0.280036350447294	0.654867783751711	0.439943583236009	0.56210704779696	0.170634461695582	0.389536211551957	0.695256212005109	1	0.401144242230504	0.755743499546562	0.405283736083535	0.846025075724215	0.698176456433146	0.665510380682186	0.369438225080224	0.267386277191138	0.573877647718691	0.516709818323611	0.757071881717658	0.685072031508641	-0.0901921658577318	0.171416086969394	0.10259174210038	0.554720533587002	0.344106865233422	0.632816638965323	0.517339390377477	0.460355995505955	0.102686575679657	0.0753491938391545	0.422582106430978	0.511913543709866	0.762061958707737	0.070186157860921	0.762011623175723	0.772304062431815	0.394723033859778	0.648455746749089	0.573248092909613	0.668510928025117	0.588409257039889	0.539483376262582	0.599584887667206	-0.0941579966350668	0.69984302227477	0.661665445457243	0.648266222841284	0.602104121303215	0.737251777516166	0.712821904357	0.504757047415282	0.467499290943516	0.321286482422771	0.537401850628756	0.575896285633975	0.612026781731053	0.694551182733791	0.340642699598583	0.266463723825073	0.170925453526767	-0.221393195036349	0.686957748552472	0.179863089536648	0.318166778068421	0.514633349230637	0.772366132162673	0.651629679883221	0.224217917573865	0.481895168719376	0.590039339910722	0.615507420990294	0.620237998907928	0.711426834571268	-0.0741999258776656	0.00485144803697234	0.525632866388098	0.732693383457639	0.319108561959457	0.471748116056018	0.710660097284027	0.831165715685536	0.651545991007279	0.440000531823488	0.583749743625985	0.214605063374143	0.883554982794557	0.665804761191424	0.562801319432465	0.109496697912231	0.306123052235568	0.585845316489396	0.147219828029054	0.516605186697777	0.527537096206145	0.504550749063516	0.870078374252075	-0.121773268740174	0.495854863072718	0.640332782352939	0.261075335170283	0.689085764323083	-0.322700420062718	0.741889780403634	0.699904138344198	0.806875458666439	0.585304096419143	0.364104875187382	0.519541386973624	0.766119795757655	0.570421674956331	0.520208066187972	0.767619537799259	0.293418984017019	0.216282694878938	0.0649275269386264	0.69460528539815	0.0407526911597919
PTPRA	0.891357685348552	0.965890413010689	0.819388280565942	0.725956092537069	0.757449663929137	0.803572735917649	0.9212883116363	0.828647705853934	0.898558867461025	0.720575606837672	0.401144242230504	1	0.762621921281954	0.952507159004118	0.139609897041593	0.868537711565547	0.863133834777478	0.88768344249304	0.898560296911746	0.854890845227502	0.899878966030459	0.824138536975183	0.883803678909986	0.686648771435036	0.906332493952012	0.878865528231803	0.761350138093328	0.908980427381753	0.74538050545716	0.888448395702051	0.90141233424824	0.848650691030909	0.852937225552145	0.883291744212089	0.934160035521003	0.583433352063492	0.855750894777228	0.769311173742847	0.722673736466561	0.873461783166578	0.852663300481688	0.862133070359687	0.789968862449255	0.855244110662912	0.945287920710957	0.866455669298561	0.6838489555795	0.568490278481062	0.726574783604753	0.814301328554554	0.648568250394571	0.776021027982402	0.597696800738689	0.883498005019535	0.806770147260742	0.749668151360413	0.855991772517198	0.395617645879597	0.702600510248886	0.667982390396755	0.957307060515409	0.818446094879572	0.741215467010135	0.564828481787421	0.490187556490281	0.699023784985093	0.908021878545096	0.653375383331119	0.346262712386719	0.795874207642981	0.853666009496486	0.854061068177601	0.373680879555336	0.894728120436365	0.849814721561447	0.84765583442771	0.683388820829088	0.715059633581025	0.825509614255372	0.755437591058283	0.897461773322837	0.804896511172699	0.77308760514689	0.53299093376361	0.862602519941746	0.856491685294115	0.682522764701219	0.76844849310176	0.376147366556305	0.655489893265228	0.92633534930149	0.793961476783378	0.932199537792107	0.925333974012299	0.919409371602339	0.917395787061565	0.831752174041563	0.913070309514098	0.133039594632348	0.660404164716659	0.913330906981308	0.804833719523523	0.915078982655008	0.860769144812159	0.56266321749394	0.480960309026547	0.741496162700253	0.542930429948775	0.928336144042634	0.871949581176114	0.840004790909564	0.426965037274337	0.70859258834286	0.845390330412258	0.343807936560176	0.0572083849400714	0.35656372133621	0.152035765663314	0.504551422696795	0.259048274939769
TNFRSF12A	0.744677640162018	0.827353010147665	0.809682252521065	0.556645995556017	0.847407046743004	0.701921443037927	0.914850820055474	0.507555747185976	0.707916178082043	0.747131776872955	0.755743499546562	0.762621921281954	1	0.720021503642778	0.617543366493393	0.884174387892637	0.815538045771915	0.691487386920554	0.61394415844613	0.838281186856319	0.71745162120189	0.880612112407083	0.882982795238739	0.358196043119954	0.549632536836703	0.498896157467686	0.765916295782008	0.66042673372946	0.733637679084622	0.731310248965953	0.740320553289102	0.529829123676429	0.445509273335892	0.832318044614384	0.852683516516342	0.901120056005678	0.540569956297585	0.781229536098933	0.780020445052139	0.597841631201365	0.908138760760511	0.826166384102644	0.919664964198705	0.747818157842235	0.848188132664642	0.926419511993583	0.292159162381271	0.874722672029884	0.853726343069146	0.887231357192066	0.788582014473831	0.869998811361507	0.742658998499861	0.786052932428709	0.821716948254069	0.575798501662256	0.802453291632855	0.665574572293241	0.859104064267769	0.832791896128139	0.693586156969733	0.720332619597803	0.507100574355766	0.222953678642653	0.787086471320024	0.376839342647254	0.648773187452992	0.671849410351296	0.753480533645553	0.786968776337316	0.526207210388084	0.740753138282625	0.658404828891963	0.824471726738202	0.757217529407085	0.852094414034491	0.311863833189774	0.414390554199087	0.868828359281765	0.844786556143895	0.590484047897283	0.617820085885437	0.851382822908973	0.726749899200006	0.783217789012168	0.631390433339665	0.820391210655917	0.554021364244472	0.812919582457373	0.707785317887454	0.817124650654914	0.488563629006361	0.628343077809651	0.860409238796771	0.528272901451943	0.794613062369436	0.831767274473959	0.780365626208241	0.626458462956626	0.288294186921668	0.872750116432718	0.842273330915875	0.66470989028948	0.855303454073415	0.0983900525468279	0.79804519422216	0.914918249310895	0.760474606027885	0.891912097545606	0.671562891018659	0.877946121482423	0.735903893653514	0.883928150427099	0.905664726874948	0.739407081235529	0.2515104127858	0.311964770728319	0.102467521377698	0.717253541330428	0.189227128211884
ITGB8	0.87103656657726	0.92107386618727	0.787028753251812	0.696540638108738	0.738550596143066	0.76412499186007	0.874146450918472	0.824825670547081	0.896926566041678	0.720443920817214	0.405283736083535	0.952507159004118	0.720021503642778	1	0.105330686210518	0.863901037179717	0.865868678009466	0.870699545832728	0.921469805841336	0.788264736480964	0.911369758185592	0.826832607498947	0.848245683240791	0.62853603360759	0.892391755165748	0.872497362931872	0.781678057751065	0.899008843553763	0.731130073345757	0.877072472829483	0.905766367363326	0.778182825880801	0.812389174623424	0.82217705843138	0.878380268453397	0.541932541341899	0.777540893427279	0.751929576848442	0.772561074881278	0.896351831322431	0.823748845774917	0.826120633407166	0.750323390018545	0.816079372788788	0.938917953215773	0.817708930141098	0.616776039195988	0.518163833077902	0.694002893642274	0.753633251072324	0.611389110938721	0.741758875726401	0.549546490364867	0.845293891513503	0.718436967418946	0.756316615019289	0.837007192205286	0.362525235075988	0.643819417407196	0.619150705832055	0.93286805763154	0.724054774039284	0.7201794504748	0.457878815029463	0.467118988572129	0.689262007187556	0.88300441018968	0.610388881155261	0.281630648541379	0.772240232273182	0.845708497042598	0.891153698481917	0.317799977614309	0.879184996125135	0.851709239966082	0.855005676204736	0.705728063435467	0.635164997812563	0.769833496206475	0.727885743668573	0.882232190618179	0.870281557435201	0.763708820474119	0.493624365120544	0.853118966843219	0.846378690321721	0.621316683342602	0.741734856081304	0.345468932191862	0.623824041021156	0.930334541491242	0.750955738661962	0.94115625769585	0.895104585682045	0.927163513599073	0.900781953138581	0.772707054903342	0.85182180237861	0.107435211048347	0.562751580976014	0.859642631063461	0.772107359847375	0.885332434751301	0.855279709282299	0.494713905819432	0.431769710058991	0.680618323103537	0.501458255201257	0.906979818220442	0.840029191549356	0.761333357404531	0.426779212892586	0.62912421225879	0.774527886868074	0.299214918992895	0.0360598709473601	0.331540808696629	0.141113252499236	0.491048026409947	0.211877167946773
CAV1	0.155758673228596	0.225021327779343	0.435831091700465	0.129977033494216	0.54844685166886	0.27824650628803	0.356370436369446	-0.0650825666343245	0.157092565164349	0.560186938162665	0.846025075724215	0.139609897041593	0.617543366493393	0.105330686210518	1	0.490070627373967	0.419986942636129	0.150593304344305	-0.0747795835566728	0.45364182275639	0.196919243942546	0.54201150486591	0.494627861796749	-0.215397818340994	-0.0797729763381847	-0.158233027117573	0.34188521303191	0.0382492067924152	0.551243495098475	0.233049985491625	0.221418926802603	-0.0662731683945885	-0.181353157896515	0.258720491336388	0.329466591742755	0.726488366626582	-0.130759665326195	0.526996287436295	0.490419179699845	0.119149522461662	0.491113007857365	0.388599385472826	0.550169808017126	0.371541086326386	0.29030268020708	0.426243147639989	-0.25097184579762	0.723494709170106	0.610077189564094	0.486396564817486	0.573403301047848	0.585456058280319	0.68234585204283	0.305021325973898	0.405417584945097	0.161079637378447	0.314618105015278	0.620648530606989	0.567136854984671	0.591898915703703	0.036004233099132	0.119873879218648	0.022231783340571	-0.27332285280397	0.711455642293741	-0.0483794773940468	0.0733193834458678	0.462412995641	0.818609777553004	0.4332372356531	-0.0978563822678092	0.228202578314246	0.683518313523261	0.377330130376116	0.347829092346764	0.430952487530326	-0.311080016807625	-0.0681909065392176	0.369504694943305	0.562372727896249	0.00771322403068431	0.110959523121456	0.524871055151738	0.807538881966812	0.426098096767904	0.150630184046734	0.575950311033752	0.0325141384167122	0.901084811166788	0.641826717376439	0.283121092372352	-0.017838018931726	-0.00200504563356157	0.352123984703212	-0.171926368869837	0.259090561404415	0.4305626147989	0.340828015460569	0.896263078304282	-0.247140224550979	0.337227576134587	0.532145502243453	0.0217147635234441	0.474786104884894	-0.421753368754736	0.678490988599831	0.628724567215224	0.781899698228081	0.365512131423765	0.160530202884317	0.418484671445932	0.681979414035137	0.523574016438617	0.387062726422515	0.783107207825447	0.436393390951317	0.157574405470112	0.0458566606241775	0.628894692305743	0.052604686558919
LPP	0.811059301128278	0.881093786683072	0.848250227510672	0.706219019088291	0.856169724521628	0.703262528015969	0.88838106952074	0.68049000517579	0.877718829013822	0.870425567495226	0.698176456433146	0.868537711565547	0.884174387892637	0.863901037179717	0.490070627373967	1	0.93958215447435	0.799928528523053	0.742057237610164	0.823841408741469	0.873271316379534	0.956991174247819	0.932244925698374	0.459462725990417	0.72585586365753	0.680541159836156	0.802344179607704	0.816545219866029	0.851937370014639	0.85581532748606	0.866848136913415	0.615910389084128	0.617531970271257	0.764254382436341	0.883303536991499	0.794666229252802	0.5730784630046	0.890082298380557	0.846412121529085	0.783541107943246	0.888535777768534	0.898525979858968	0.888070602593047	0.870995452995546	0.935332663461896	0.88092113643805	0.401570500431127	0.766558738059432	0.883046492466182	0.859719641945073	0.798624075324243	0.866043477563114	0.762239644888627	0.901969090040657	0.755226288940102	0.774205185785964	0.868952257534054	0.615133789232858	0.833543914912126	0.781996879896548	0.812152748466439	0.655204770386149	0.666365974618523	0.243362166149015	0.719519596516946	0.626569664378983	0.787200533178086	0.745961548695889	0.624576118681284	0.89853852475467	0.659656304170882	0.899695139958046	0.595005291907974	0.939395624977164	0.89182223286995	0.911740762232734	0.4290770879824	0.522883455765729	0.780986906607135	0.878156669821603	0.788372150931273	0.795644219888761	0.866189168670582	0.727904671961231	0.934065698295522	0.823588556660284	0.767309492769807	0.664995557214935	0.664001917972571	0.794315144271412	0.925293019313404	0.62962613199598	0.80853788009907	0.941058212935186	0.721792339038849	0.871031730863151	0.852397023552565	0.862732877193161	0.482767773895829	0.33927292618029	0.886793012394051	0.888127384896636	0.721898042144733	0.941300958905576	0.248458380620447	0.714879182253406	0.803436020551322	0.750223663427975	0.935284895961662	0.760328143761663	0.813143457759384	0.651539997760269	0.723928058518322	0.805721133700464	0.636852899075011	0.243628861882688	0.406175837002432	0.197272943314056	0.706810094486699	0.234840316706285
NRCAM	0.81531558461665	0.872807340905523	0.822419206006304	0.644122156055603	0.747492904615617	0.750476538509868	0.866598302774316	0.68921708404197	0.843602132376658	0.818880375992963	0.665510380682186	0.863133834777478	0.815538045771915	0.865868678009466	0.419986942636129	0.93958215447435	1	0.760008320229819	0.768558258736555	0.791365859973349	0.840577898634802	0.954209740971773	0.924361469686247	0.400943035536377	0.693108286100499	0.699696685858182	0.761132826281787	0.840175838700487	0.814648572385245	0.83774596312429	0.859437765215001	0.620667653805327	0.623506203387821	0.729759022855855	0.846553128863181	0.667818133580646	0.579704802378461	0.928208366022816	0.865291321296209	0.855303189304106	0.818904296773527	0.876266634514423	0.785503265832789	0.86326047112031	0.902593451658759	0.819401721971166	0.357777166765697	0.656005341124697	0.829277665381622	0.793597408695104	0.755718093501488	0.802200791005845	0.701976505325041	0.841704715220005	0.674971385318375	0.677393643827041	0.825811832529237	0.457849333611378	0.715751555605159	0.706724176317185	0.802502336400073	0.627406701895019	0.658753971352024	0.223691734555924	0.580204456033429	0.611076432584234	0.804553097418254	0.708179756585542	0.495985049860293	0.857935399787785	0.639579771211428	0.887696239737611	0.462911046714234	0.925943208170071	0.888892471112291	0.902952540073807	0.379957207874497	0.538738625658998	0.75291272429149	0.850994873882792	0.803061852086262	0.830037087131669	0.829465488704974	0.732594132216141	0.917839113097641	0.81684623105871	0.654943315777981	0.626054309891596	0.581207909446184	0.775118222523939	0.894986913915195	0.574936314687931	0.831636705324125	0.891237210364901	0.732562930127242	0.859068041531152	0.799893530328461	0.858515679844621	0.378563181500258	0.36894805464663	0.833511403030186	0.838486888976338	0.695283760851004	0.920945235113366	0.21713280751093	0.607148761506632	0.747649877702795	0.748327605362259	0.898959500784681	0.724379309530649	0.750423833698009	0.581816805641423	0.644487035199231	0.748140515312697	0.47060954813239	0.136027871648304	0.338674613380229	0.140630423153495	0.631473052467174	0.201523207981672
AR	0.796954237338985	0.859639966253687	0.796684080631103	0.670921363959005	0.748008242159771	0.647302022479361	0.810067727390096	0.799965580414898	0.850901437959663	0.706632405421868	0.369438225080224	0.88768344249304	0.691487386920554	0.870699545832728	0.150593304344305	0.799928528523053	0.760008320229819	1	0.75402036147306	0.770723386792897	0.834177945293662	0.74671236548338	0.77421928502423	0.688959637353982	0.869112045223972	0.783039681511637	0.685875393499866	0.830538404295726	0.684788054144655	0.834289665409897	0.844085661754175	0.771738333843415	0.791300861812494	0.783231248450333	0.858681490666787	0.567693704452301	0.782433339473525	0.6731082585798	0.635856762653904	0.751363050297981	0.764888531631467	0.792950892681354	0.729943984965178	0.804901670340317	0.848905181844013	0.763284843553146	0.667627081043928	0.544111671087337	0.679992999003207	0.775282089430638	0.599157392021643	0.76084276276707	0.554794278423658	0.844282365193995	0.764353221505441	0.731436436593259	0.803924128364584	0.429503109272013	0.71289460039159	0.63204157629585	0.866358672689026	0.724253227598919	0.770000727132115	0.560748622455719	0.510160080953124	0.661616234101447	0.768645627144525	0.670313020798263	0.359257816042119	0.775481818417796	0.806558468645397	0.774526541438203	0.40893735047892	0.796575734876856	0.757262612102495	0.757008682970668	0.711307144633594	0.683163626354084	0.740236544870362	0.691803350094377	0.754959495544673	0.716996604364018	0.685594546471	0.469393992360699	0.825902975658166	0.763952405574214	0.655959133121858	0.723658372455634	0.37005811828808	0.577638902466644	0.815163195454855	0.781934434928231	0.826259374961297	0.850490454474326	0.848681058694406	0.822906146467783	0.803430008317155	0.863319674644187	0.164041011145188	0.620372200787519	0.82341511191164	0.74138832618543	0.845958429770178	0.783015430506546	0.557273293001304	0.487952012438078	0.641198668433264	0.461645804147521	0.834718338810403	0.820423728641172	0.778715354055791	0.379379448658035	0.610994024976844	0.751261723671879	0.372091738865049	0.0896628993036782	0.326972775627322	0.143582264033758	0.44794357310077	0.202608883652289
