""	CD69	NCL	CXCR4	ITGA1	CD2	TIGIT	PTGER2	PLXNB2	RPSA	CD3D	CD3G	CD247	SORL1	CLEC2D	GPR171	KLRC1	LRP10	ADCY7	LAMP1	FAS	ITGB1	CD44	KLRB1	PTPRA	SIRPG	LRP1	ENG	APLP2	SLC16A7	SELL	CD46	CD96	KLRD1	DIP2A	ACTR2	PILRB	MCFD2	PTPRC	TRADD	CD47	NCR3	TSPAN14	CD81	HMMR	CD74	HAVCR2	NRP1	ITGAM	ITGA4	RACK1	TREM1	TGFBR2	CD63	VSIR	ITGB2	CD8A	CXCR3	CD8B	PLAUR	CD6	S1PR4	CD93	KLRK1	NRP2	IFITM1	STX4	TNFRSF1B	RXRA	ABCA1	TNFRSF14	PTGER4	FPR3	RHBDF2	STAB1	TFRC	PLXDC2	GPNMB	ADORA3	SIGIRR	CD163	ITGAX	JMJD6	SMAP1	TSPAN5	HLA.DPB1	TREM2	SLC1A5	CD4	C3AR1	C1QBP	ST14	TNFRSF1A	CANX	CD68	LPP
CD69	1	0.501822215685216	0.892421190635406	0.753069137075135	0.786901866645686	0.815099296579344	0.820047026727465	-0.535809761527541	0.552632902952486	0.803910027804057	0.746573374808695	0.875542553737871	-0.334031941520721	0.586045548341021	0.958176131193384	0.681865293882584	-0.313447640692229	-0.0754931282351067	-0.390436946744951	0.732862745330716	0.031350000255337	-0.352300334200618	0.8516188300471	0.217295011766198	0.944662673860269	-0.664021929541134	-0.508197746890419	-0.585361601090811	0.806859610563629	0.72192543008613	-0.157080528685447	0.975169244098745	0.497703424085802	-0.185188820359037	-0.109324569380488	0.432457083598956	-0.381417839775856	0.850189545437753	0.758164795655065	0.516994574271104	0.932635859618054	0.621503642997269	-0.351689751105045	0.368253033478634	-0.287753732145996	-0.121850512147775	-0.613005182000329	-0.537226639883858	-0.0553011210920465	0.297943254265251	-0.621213831090022	-0.471117570800398	-0.113865047901465	-0.0174899937200435	-0.429786235122953	0.691965108571678	0.72991645499732	0.779178680054765	-0.553824472089652	0.768932629678925	0.792080068879321	-0.487624183737539	0.847230422607176	-0.659091527500758	0.913208222378984	-0.336521882414745	0.615976247916673	-0.202336309488089	-0.742902927786228	0.0568712872708231	0.562533764250446	-0.611497128251647	-0.489404003310826	-0.477637160382686	-0.262057366042153	-0.475710108460792	-0.681090254141276	-0.402663444115298	0.678084559522831	-0.606244491270548	-0.660819572931662	-0.12473530449663	0.352585969358078	0.617017567712172	-0.229604855894729	-0.424778029120976	0.558080901871382	-0.51767820769226	-0.504678539809425	0.172773311079482	-0.529875190277252	-0.426073108785512	-0.404430965842004	-0.621644293715815	0.0073814173897762
NCL	0.501822215685216	1	0.491777785913132	0.260825478878461	0.150737408187281	0.393022989432728	0.243260559557716	0.331387187871804	0.880447709862214	0.163817533415645	0.131857166928132	0.417897054729941	0.483176948803735	0.224980573459003	0.341783039382365	0.258053150313578	0.358642889440859	0.471799783662337	0.25086046986192	0.303290080343128	0.624784792594761	0.287805809482879	0.38716192163957	0.694395105045508	0.472068466240139	0.139712929818081	0.380415444136248	0.28857152982339	0.50570011527993	0.116755130578288	0.500708298463437	0.449669873113965	0.0831333471633269	0.276499604517365	0.721381778978819	0.443748147440861	0.441266455117642	0.662102213433743	0.442554072187564	0.790139694625539	0.468927911673446	0.795576150549343	0.509592212608661	0.583275306692944	0.525830659587974	0.60517338670435	0.192011647014911	0.325329203586191	0.684770062078338	0.789361671209481	0.162452511515361	0.389765631058434	0.681840359621863	0.703187479884383	0.419991748345314	0.0599790531169681	0.0772989703015779	0.0615559069602608	0.292229161498788	0.360429387421237	0.354065713799861	0.361523699502411	0.327860423598147	0.0496499791920521	0.294401246997141	0.420107655508266	0.679604752813813	0.58159830914729	-0.186188682146236	0.254698622898005	0.461786984763469	0.252328066069551	0.247507621128795	0.319411056571903	0.398272602993693	0.398512538546611	-0.143958450990711	0.394831332104659	0.616099728211609	0.249589291533603	-0.066984095118498	0.135569549455293	0.73598394453854	0.393016578390257	0.513390748430095	0.427119079047528	0.842567228314204	0.302731123054182	0.350012262375461	0.874099251854153	0.37143193565474	0.466995493419321	0.464291213312763	0.0214321332613068	0.610531877011081
CXCR4	0.892421190635406	0.491777785913132	1	0.565828066440131	0.881847120239378	0.825701740289953	0.593872077824818	-0.397682323692628	0.54069019731597	0.89765198059376	0.87220711173253	0.639733602086803	-0.16237329947601	0.809609754114019	0.810487052590047	0.41820160729604	-0.109221167761036	0.0573695831936267	-0.243052744273339	0.86928110453816	0.208954570929301	-0.103075412366456	0.56878628117559	0.320497054288725	0.765288039590164	-0.530536430858441	-0.369165718820283	-0.422956355846204	0.581530509012612	0.707265349988894	-0.0467962472720711	0.828033512560239	0.395182282196898	0.0257756013355778	0.00601631563946693	0.406190019514647	-0.215896688135906	0.909530942932938	0.895230835767197	0.677922676090503	0.778143765804202	0.577238414841154	-0.220378926985857	0.578596138239447	-0.0978657044177399	-0.0104152769900613	-0.503287895692255	-0.374236732312451	0.129696262294251	0.364948192654045	-0.456910890045198	-0.30653112344516	-0.010015037699965	0.0806287903190966	-0.22132761203136	0.788620303811498	0.773918162940399	0.801537976975573	-0.388325294895477	0.894080165131557	0.916702078288792	-0.370669419684956	0.6570746416118	-0.483216412471303	0.854824538472604	-0.0933676703741497	0.742351572074445	-0.152867154785139	-0.614946254231993	0.233744955510172	0.681086374835352	-0.483617431225603	-0.316326014871733	-0.383253812229328	-0.0635798824349873	-0.323362121258645	-0.546865463509914	-0.266941103412557	0.847227092728225	-0.476079244074508	-0.577409832806377	0.0660782677461474	0.478888827959613	0.481836896004828	-0.0322776242943381	-0.263696790991497	0.619315869341923	-0.314129307332618	-0.338259658736801	0.203183426303373	-0.39477875942039	-0.283831927820578	-0.245812522029826	-0.475791353280597	0.12777826327904
ITGA1	0.753069137075135	0.260825478878461	0.565828066440131	1	0.592817316925313	0.67009860657732	0.728615208703865	-0.527689035377715	0.263236431069461	0.571890839065696	0.538139240556015	0.89253396870423	-0.45115643441209	0.332901519023189	0.756008466654493	0.924505772447591	-0.315679200094716	-0.0868416296906774	-0.416786254676466	0.398052025030772	-0.0749000445537017	-0.483446759041314	0.8118556656184	0.149221724126061	0.757329939999173	-0.630757765995115	-0.515734381990982	-0.5956617763187	0.771357114065355	0.379707817489335	-0.241766447622825	0.822475704805306	0.792000366319716	-0.200534835335451	-0.216240657590014	0.443293779215172	-0.538279485543315	0.593177961696162	0.37339739151094	0.178073020542781	0.76657116208887	0.344356788868279	-0.396400527451925	0.174277541309712	-0.377143257652364	-0.146315300772827	-0.606136216455053	-0.530929373954378	-0.230952913573834	0.0356557745279589	-0.622766585946556	-0.498377655410056	-0.186342370968623	-0.192972116784515	-0.508052846035017	0.554025554789509	0.637833530983549	0.64492042954086	-0.578160068458897	0.426325168751331	0.568171047195581	-0.49592688055376	0.930839128608223	-0.607276171972825	0.784108293965088	-0.463644560032542	0.256096596910774	-0.262295604124689	-0.671050268019436	-0.109303577794134	0.302460415145091	-0.595588464542376	-0.56826105005275	-0.467830361427815	-0.428422356360683	-0.495543491053458	-0.632696517917342	-0.448808132284945	0.425720681216309	-0.592411097671753	-0.521349042536027	0.0163110196685877	0.196932347982738	0.439407007045732	-0.344524495125674	-0.45704330606224	0.401534637099604	-0.578604841872279	-0.529220744226185	0.0295043273898012	-0.575865412402827	-0.465465213794114	-0.497172257674896	-0.61668630335821	-0.128551951101762
CD2	0.786901866645686	0.150737408187281	0.881847120239378	0.592817316925313	1	0.854534510171359	0.569686387725486	-0.610937656155631	0.191801414988349	0.987242444380352	0.979244971111971	0.54317243863334	-0.38752234777936	0.883212431067918	0.743046267053567	0.420047257014842	-0.328364953016747	-0.0581845240636748	-0.411210114009242	0.874958448231667	-0.00234728215593953	-0.299735067440585	0.468629105642213	0.0733058705636746	0.656031936530039	-0.681543734211611	-0.544578260501504	-0.616600842076491	0.461817649306158	0.734400859116828	-0.331511961626959	0.757494022847866	0.522210366414045	-0.0669652033794357	-0.251815793702593	0.306982835588559	-0.456126823564917	0.770014746990174	0.832077524985497	0.451531054271002	0.69206585799672	0.282453330789227	-0.439430607478335	0.455613621127508	-0.347616517227399	-0.275789378137901	-0.652517894915163	-0.573792905666936	-0.130119599373663	-0.0106838565280168	-0.651797093433575	-0.526380508696392	-0.318499045583842	-0.246071683755511	-0.441926173661127	0.926316566511745	0.88922458213089	0.891899973118169	-0.600312930174768	0.859954048955705	0.932339396805648	-0.53925669613565	0.654507039601718	-0.626639790369491	0.901807535218783	-0.286147010061224	0.499573153762429	-0.425714249538021	-0.720693722476788	0.0849875791085576	0.592238092337738	-0.645325829517397	-0.517460296030298	-0.514862314629272	-0.299036087576526	-0.534356120514243	-0.666607853040925	-0.440644678106174	0.70717777211812	-0.62844572254529	-0.703994887325104	0.028857131744205	0.143315715650687	0.330263893506457	-0.291783796538127	-0.468395181518975	0.395890908959637	-0.47697941577218	-0.556419199742585	-0.113221463690593	-0.600438723800523	-0.522370285403341	-0.511560497260561	-0.63557185851368	-0.116301599582927
TIGIT	0.815099296579344	0.393022989432728	0.825701740289953	0.67009860657732	0.854534510171359	1	0.540011381597716	-0.526983413817902	0.33022552890279	0.81799925655744	0.80080244301989	0.692059285857247	-0.312038748025356	0.788136296728888	0.71227206883955	0.560277055630277	-0.255620809489976	-0.0391866480673813	-0.335348651265345	0.789674261298362	0.09037155628123	-0.307816738411106	0.590629714422506	0.268051386500817	0.770540110133263	-0.586741373372878	-0.443979713485209	-0.519282076178283	0.512370565698332	0.518758728371536	-0.208995741767936	0.830105816214951	0.558321693142407	-0.0705486761178982	-0.0939697184162939	0.348784632749538	-0.30713912670688	0.809050666052217	0.707387094731103	0.510097573314295	0.825450195350016	0.472915335982087	-0.320469912176093	0.489292656621156	-0.243309026800934	-0.171345213121764	-0.565230809024917	-0.462649463055462	-0.0478588995678162	0.11652965231559	-0.583221854003154	-0.400549251296246	-0.132121080463464	-0.0902234260503992	-0.360527358640198	0.696759046553702	0.762453686471353	0.663313361021973	-0.515787451752057	0.760713848527459	0.859087720478415	-0.444447981922919	0.73376081289921	-0.567661438947077	0.845502407389424	-0.223850994389978	0.621678825302631	-0.288694471528132	-0.690440895921663	0.0852185141064301	0.499747295417929	-0.563394338741282	-0.470674218515564	-0.420813986524991	-0.225494407201432	-0.423454666564032	-0.637419423874427	-0.354015843992519	0.678832517655034	-0.544289458213777	-0.619576818769458	-0.0156723234793973	0.287895331444498	0.463186198431792	-0.211385603232483	-0.373978302407002	0.543402726201205	-0.428376019346613	-0.45925773616256	0.0687530145774833	-0.513008678581531	-0.403753899549817	-0.397031164403819	-0.592313009095624	0.0107504992401724
PTGER2	0.820047026727465	0.243260559557716	0.593872077824818	0.728615208703865	0.569686387725486	0.540011381597716	1	-0.564583878635799	0.407284087123924	0.568216386013869	0.488986749058879	0.791943414152041	-0.428393439956582	0.264071623740983	0.86404544661394	0.803396167312776	-0.399139464838736	-0.112976183665618	-0.471181617248986	0.432336317625958	-0.124620004355536	-0.3799250316609	0.918229391836311	-0.0188623877321036	0.816465173906421	-0.649112069262641	-0.564195042321546	-0.641851206751897	0.861516664540661	0.706260507382665	-0.181347054062523	0.843820369958719	0.634685395060132	-0.288181212873467	-0.296791773349464	0.405425650192522	-0.488935312465032	0.571044279681622	0.525962403542085	0.199896142825154	0.810533187466949	0.44917929793508	-0.452472879949965	-0.0415933186072213	-0.413729865569595	-0.147856243980326	-0.614722513194096	-0.567533137676141	-0.260227557637818	0.177324718962759	-0.62355696185959	-0.552450567632535	-0.259387516554054	-0.147121331921003	-0.534123683539439	0.499948882588859	0.683405466590186	0.647646560104434	-0.577271902364387	0.499320022934427	0.490118613184887	-0.530459355539705	0.857915940203123	-0.641804394270838	0.806496380257324	-0.47281220990241	0.311420066171346	-0.178015974618887	-0.658176352859756	0.000730322509849167	0.379517787368934	-0.61897028029213	-0.488921904884914	-0.523291489284147	-0.356290116152348	-0.540868498582193	-0.611495632649521	-0.486432572776415	0.355797910308925	-0.624152042482857	-0.527527275951548	-0.277993991184627	0.0909728432718451	0.611321264294794	-0.347682942021724	-0.492987632494059	0.282288508961642	-0.590656348622477	-0.567382825254539	0.0274822205138607	-0.571233154847301	-0.496775394985845	-0.492151784937389	-0.586206713658942	-0.0230736757877658
PLXNB2	-0.535809761527541	0.331387187871804	-0.397682323692628	-0.527689035377715	-0.610937656155631	-0.526983413817902	-0.564583878635799	1	0.263170622742263	-0.589957122377361	-0.563337853508558	-0.527313988942064	0.835951989822636	-0.347418389704221	-0.600196588075552	-0.493718034367861	0.776029525952326	0.61831747594791	0.735768065437878	-0.391553253328047	0.684524961886435	0.75986683069223	-0.522387732309523	0.394294343758192	-0.558967826315453	0.893430751362489	0.926037989015938	0.944361996925823	-0.335821608808081	-0.510958292642649	0.679241949268301	-0.597860744432584	-0.479233638784867	0.52431593046668	0.808620408436054	0.0159466647601074	0.816231531303356	-0.182853648372648	-0.237762187439967	0.209426042524255	-0.55588723697093	0.198106792403591	0.899909509388352	0.161969802834223	0.845995779347517	0.812791703317294	0.891981250553855	0.924014479383737	0.75017421516443	0.485477827618127	0.865621367763374	0.905451277172869	0.804779052818962	0.755072052844529	0.925893684578337	-0.548750400500564	-0.622955136585689	-0.618530596582128	0.935981745379015	-0.422670177427734	-0.440512661338429	0.903509413163458	-0.582362142977875	0.799406507203603	-0.617246556819012	0.803291275074627	0.0538368060290772	0.812556946026559	0.679395387725796	0.380037472425974	0.0432255604675945	0.925483944960695	0.863635899849741	0.86784883164574	0.682734989143473	0.915082320929196	0.674661126214226	0.869163503926773	-0.0358283392546959	0.921279982107511	0.70989352441122	0.315353336243961	0.410171683424552	-0.339699012867502	0.772949422103175	0.912686183597536	0.183658154016375	0.916827100949022	0.894898242738458	0.585707578806118	0.943715024045415	0.9210956561965	0.907855616292946	0.776442416639917	0.624320952399643
RPSA	0.552632902952486	0.880447709862214	0.54069019731597	0.263236431069461	0.191801414988349	0.33022552890279	0.407284087123924	0.263170622742263	1	0.217676510324174	0.168596068830934	0.451287647383625	0.395260266701432	0.189287275997867	0.462156354387557	0.288584176094671	0.319389863460349	0.368366509905904	0.161189324719699	0.295169059492806	0.517216189313181	0.386660132765148	0.472816705945504	0.552205774997093	0.516385093222184	0.0293239712274489	0.232405464754047	0.162659570007941	0.589180285358608	0.303959102350597	0.467206480052227	0.480765270710933	0.0564005828229481	0.184445579265788	0.551845430121945	0.335951164430582	0.383042045340043	0.687086459333811	0.502667821460396	0.696396447142101	0.482088293218131	0.774538439458778	0.353496815147139	0.398873536076347	0.417620896660421	0.567326159721912	0.0314000711540607	0.231424608358154	0.562129472522796	0.930391244615416	0.173773616667124	0.271483862786663	0.575294171599528	0.696341525886035	0.329973284172798	0.114170619239958	0.176611460920776	0.160795507413092	0.244776854421693	0.34923694953767	0.363214601737816	0.225942928883868	0.361513534353477	0.00296463293737219	0.34929852059232	0.306145138240393	0.632399924276222	0.553374906199241	-0.176477398797563	0.351333873755082	0.559467494726436	0.140001970756299	0.161040473575902	0.129364336964138	0.394733523373676	0.261677745934268	-0.113359891131004	0.238585088171341	0.573741351337995	0.0988283553833745	-0.0782102055327451	0.0877235348336658	0.751949904298705	0.411179745834676	0.469530522548853	0.298639404934913	0.781369974904415	0.187901604693186	0.238174372517643	0.820126699287396	0.285798630674895	0.346956784447444	0.402919612776388	0.0343491641621442	0.549341004670444
CD3D	0.803910027804057	0.163817533415645	0.89765198059376	0.571890839065696	0.987242444380352	0.81799925655744	0.568216386013869	-0.589957122377361	0.217676510324174	1	0.988698609809223	0.546630252216768	-0.359861451327663	0.869808378416208	0.771489554430236	0.381186415317468	-0.305631241450494	-0.0501899368149788	-0.405798294168513	0.896973379332279	0.00240696876943421	-0.283995507160494	0.466460852499153	0.0756636358585091	0.66144944646761	-0.671811441234389	-0.532286863363813	-0.599584792258842	0.478916242972621	0.769256067846799	-0.319864595023643	0.752380961489146	0.446635492855495	-0.0565061922683974	-0.237777426943793	0.313073651861047	-0.454533547046611	0.782725195019455	0.856356466321368	0.466527554486351	0.683640731990949	0.300988801174479	-0.420147189621373	0.470923108888335	-0.329411374574255	-0.263974004216385	-0.640450352196109	-0.567750024346018	-0.097740231966639	0.0186428701417047	-0.637107936723947	-0.515968723682728	-0.300889464452436	-0.219528636353273	-0.426238909090797	0.943249909832692	0.856271717289931	0.922974398670424	-0.584589181303365	0.884129076735324	0.933727719262592	-0.524342238382242	0.624575294363682	-0.613563283876714	0.892508553301432	-0.275187568992413	0.505429211838331	-0.414032065741773	-0.711046089131761	0.0849720703052653	0.615299894858739	-0.631249443424221	-0.49346903020647	-0.500647871186733	-0.282779989949983	-0.517279056873619	-0.659913303135831	-0.422941361645161	0.725866383215804	-0.616823456413187	-0.70735192438148	0.0496738924454924	0.174168887196737	0.330855111610047	-0.272342579021198	-0.453591431205951	0.395544049942664	-0.463682683941206	-0.537841060212506	-0.0915524248391351	-0.58229055937743	-0.502905706735957	-0.488522950438145	-0.625612341697632	-0.131024560076383
CD3G	0.746573374808695	0.131857166928132	0.87220711173253	0.538139240556015	0.979244971111971	0.80080244301989	0.488986749058879	-0.563337853508558	0.168596068830934	0.988698609809223	1	0.486876537310715	-0.325410616383117	0.883489436857893	0.711556359495872	0.324828966606303	-0.255381355218241	-0.0240027433369154	-0.376429001682375	0.890369809686663	0.0269837309392659	-0.260700468450071	0.386568757645255	0.0956912386536437	0.599440056832998	-0.630762559426388	-0.497399043786488	-0.562564024725247	0.411972951939983	0.73365779859499	-0.299704306935976	0.696109294651559	0.420002074126529	0.00429011577463994	-0.218173237663605	0.299230715131846	-0.42037304275381	0.762581786698348	0.837865308514137	0.460507739469899	0.61562117259122	0.249081540704028	-0.39187207596314	0.484850097972023	-0.294366945104256	-0.262347786230577	-0.607056747389576	-0.536567721106528	-0.0779268621314157	-0.00935629460020133	-0.617540141679038	-0.479125139352568	-0.295771311772376	-0.22243770210402	-0.39346668517683	0.947517220680927	0.843453887338009	0.911089538498628	-0.555949017742311	0.872071471509045	0.928594841507637	-0.489313030615961	0.572768248936558	-0.573243718996464	0.863450701943153	-0.232913303448464	0.483371721625667	-0.425552843184272	-0.681879278749106	0.0929163769774483	0.618569032787419	-0.597103132748175	-0.454892312035515	-0.464389460800299	-0.256707558398755	-0.478083922142271	-0.637420591192326	-0.39087867074761	0.726727727122085	-0.57771962594726	-0.691079290586452	0.119303838757814	0.168212738325539	0.291706270908362	-0.241954937094255	-0.419727201500193	0.365979524139021	-0.419436660921613	-0.501853282354971	-0.107693560569368	-0.559782201618305	-0.472655776852427	-0.465331803764519	-0.604617528543402	-0.123240070065761
CD247	0.875542553737871	0.417897054729941	0.639733602086803	0.89253396870423	0.54317243863334	0.692059285857247	0.791943414152041	-0.527313988942064	0.451287647383625	0.546630252216768	0.486876537310715	1	-0.455281728745413	0.277772509157321	0.882123768520066	0.872512077281984	-0.344909501202331	-0.194313515965903	-0.401917134300689	0.422158302271718	-0.106910206199493	-0.488806859751873	0.941133174047644	0.167334346036397	0.926820425954802	-0.647075856125053	-0.539322509227225	-0.602104994838359	0.829951540489996	0.456957971124444	-0.183276182444304	0.923558790493077	0.577296300675087	-0.293772041213352	-0.185608260263194	0.341176772179252	-0.45250140394535	0.663783317875929	0.431931580444614	0.240745138758227	0.902789563735304	0.534247224737602	-0.400267798318555	0.112733291861728	-0.378625280553246	-0.16589507951973	-0.599066284668228	-0.555193150441267	-0.219531856933416	0.201217582017111	-0.612577476358625	-0.50027289648806	-0.137882422794712	-0.0876220393932688	-0.516802299095763	0.450475253223268	0.566865121290539	0.590937076162891	-0.571596603529922	0.473237592421068	0.546399489977399	-0.505736513925874	0.912947958866208	-0.63584062620435	0.780421396130971	-0.479455479603815	0.407992701375197	-0.22019086687139	-0.673047559790362	-0.0643239936633534	0.33397666184762	-0.606767400608429	-0.563620122233266	-0.491350779038925	-0.380830899121	-0.509952282514303	-0.625869272156461	-0.45786605710044	0.416090751853254	-0.610949548968791	-0.546598766836644	-0.152714325298497	0.282814644944778	0.592654215965951	-0.338448029822493	-0.476293319716721	0.423934187438158	-0.600767608763286	-0.534970472110929	0.113437638804745	-0.562680241210249	-0.458532212089347	-0.455129101095943	-0.598685732111852	-0.101261284613431
SORL1	-0.334031941520721	0.483176948803735	-0.16237329947601	-0.45115643441209	-0.38752234777936	-0.312038748025356	-0.428393439956582	0.835951989822636	0.395260266701432	-0.359861451327663	-0.325410616383117	-0.455281728745413	1	-0.0786966580869304	-0.443922966373717	-0.444920275555084	0.78713759147817	0.764059575343549	0.538836085323279	-0.125128661087441	0.743977223440052	0.702592758147581	-0.436341087610627	0.564072203800015	-0.428913118354868	0.743995915808154	0.874083696527644	0.83242814022103	-0.197016050930099	-0.266503493422786	0.688439746122885	-0.430636453072882	-0.400473516789839	0.55169995995655	0.866400010735689	0.222537829783335	0.781624952953921	0.0541572258991982	0.00375674870877103	0.456375223974408	-0.3978686574774	0.277317710815124	0.886961329991957	0.373122186189624	0.931747918665277	0.794829326404334	0.73720933728439	0.828707467201516	0.902496462211759	0.576872254610536	0.676131011938194	0.823532975689821	0.77130291683665	0.812446309401571	0.88546165883662	-0.323449099310308	-0.401831919930852	-0.42582495686402	0.810363868940223	-0.142472422874705	-0.175527150933655	0.870640041562264	-0.468916030465115	0.609033020409574	-0.409074494286585	0.846635225288552	0.188967662379414	0.765793916682621	0.386797128548892	0.310567976753138	0.263692943429322	0.809237252809709	0.82137682040168	0.803599302431433	0.708778335947607	0.925783207844898	0.371345171155735	0.839293144337087	0.188996672547193	0.80854172838783	0.431586124639841	0.40105429239513	0.445582730264091	-0.163926150376059	0.899861517352763	0.901217353189675	0.372221726532746	0.864190068983899	0.859051542569013	0.725607338634861	0.863729942276532	0.89138747123485	0.843063872899267	0.509161534921447	0.70238287144401
CLEC2D	0.586045548341021	0.224980573459003	0.809609754114019	0.332901519023189	0.883212431067918	0.788136296728888	0.264071623740983	-0.347418389704221	0.189287275997867	0.869808378416208	0.883489436857893	0.277772509157321	-0.0786966580869304	1	0.479745222354203	0.148070154412484	-0.0422983875961447	0.15522990908899	-0.185548146400205	0.87421028838885	0.250665639759243	-0.0288607073183802	0.17913005536946	0.29614338464734	0.417023211490382	-0.39078302655826	-0.259822565728567	-0.298594033444205	0.202881893979534	0.529940166352277	-0.0996579211745856	0.53437508479801	0.335279049365712	0.173143891590372	0.00196810878979111	0.328213870461122	-0.152243661259081	0.729883148758645	0.820335480076756	0.603561184466531	0.511385865450695	0.306906255124706	-0.153918083226535	0.647589407832585	-0.0437284990568281	-0.07507210621356	-0.368175714107186	-0.26798884302736	0.135392107275984	0.0882430470253002	-0.389963707603883	-0.232828052809021	-0.0680907996396035	-0.0403725975677264	-0.12658561321977	0.799902460144202	0.736954868055826	0.668160562054611	-0.312263115748218	0.85480759031269	0.90921839881913	-0.274379541540577	0.377223163848112	-0.33295076617531	0.697454398885004	0.0583302683362772	0.595178883705524	-0.242259957809014	-0.487916493026766	0.227360857258516	0.581214516724991	-0.37102129203291	-0.212180132477039	-0.260995003780175	0.00394455080209681	-0.226542974610642	-0.451219839648425	-0.15322153071092	0.774300119298149	-0.338898219872956	-0.487462211719023	0.208733027798724	0.284718321074486	0.261830128533727	-0.0209373886068872	-0.169977208971238	0.483913005669434	-0.159338170520204	-0.240206899634168	0.0279848144661901	-0.331868419700935	-0.232811485703861	-0.210347415485499	-0.409123629068015	0.0990994205634071
GPR171	0.958176131193384	0.341783039382365	0.810487052590047	0.756008466654493	0.743046267053567	0.71227206883955	0.86404544661394	-0.600196588075552	0.462156354387557	0.771489554430236	0.711556359495872	0.882123768520066	-0.443922966373717	0.479745222354203	1	0.68832842420608	-0.373737722854043	-0.192858387079863	-0.458550094135853	0.649213888782884	-0.0903973229276066	-0.410957144806146	0.872376563116325	0.0936449509922975	0.922553588835061	-0.703039282149055	-0.594613599061505	-0.667976206044148	0.81507875065133	0.77328107612563	-0.236946204324182	0.937010603116832	0.457199084061097	-0.272039457174823	-0.251381793792329	0.348817180579138	-0.480291343181656	0.760445531987026	0.685258357146564	0.349867885620462	0.891639316018177	0.53497375031933	-0.454256708705928	0.157064840971654	-0.408108772445197	-0.226047698503976	-0.664745468508816	-0.627488972482225	-0.20107860714115	0.216506295215612	-0.673061510095453	-0.575694638625736	-0.241200359893901	-0.120888774883151	-0.538678805177476	0.665129764285047	0.702437176854365	0.813256654103726	-0.62068916536282	0.692546820439283	0.706958273276763	-0.55799209394429	0.83739880995791	-0.684786356975325	0.880976590385868	-0.442248883516241	0.498915289827728	-0.279384068898743	-0.735692239729304	0.013559961090366	0.525388187558717	-0.670303378109757	-0.544747644909141	-0.547585765891312	-0.332937070655663	-0.568677696865251	-0.679931608121368	-0.496460620914251	0.549719047069417	-0.67060148535772	-0.659196654071394	-0.169866280061869	0.235723941260608	0.611659892422981	-0.342060206697961	-0.522410351266886	0.372858591062156	-0.599218237781856	-0.595130162619115	0.0423085771745045	-0.61406115821437	-0.513725058809749	-0.494082770193112	-0.647697896490251	-0.0900125407863994
KLRC1	0.681865293882584	0.258053150313578	0.41820160729604	0.924505772447591	0.420047257014842	0.560277055630277	0.803396167312776	-0.493718034367861	0.288584176094671	0.381186415317468	0.324828966606303	0.872512077281984	-0.444920275555084	0.148070154412484	0.68832842420608	1	-0.348352473390184	-0.0889817268300649	-0.407398035680557	0.221071786702535	-0.111671081988605	-0.480563520396532	0.879121997324768	0.100276768470762	0.73602689513017	-0.585768495231085	-0.497561329031526	-0.566189579984002	0.801645597471758	0.307518640756504	-0.184229111955181	0.786240915321527	0.840168414159462	-0.30392130553785	-0.228924301773458	0.409843869278551	-0.498917974330439	0.463627199574949	0.239397600436944	0.073670068235529	0.761572367552753	0.356811759061295	-0.392504565686566	0.00967362966509699	-0.383241330818589	-0.105454808737053	-0.555854666038102	-0.481827839551694	-0.274768408827606	0.0632119202780329	-0.566307927640059	-0.478131972331955	-0.167882117126484	-0.173633696815755	-0.501374872038208	0.352885100868569	0.570256918707415	0.467093698206708	-0.537842465996193	0.274077078885881	0.382068726017953	-0.473984440443457	0.930853288070099	-0.582843736260882	0.696053300313153	-0.493564540517505	0.170035572819449	-0.169795498420149	-0.601207170127195	-0.13431790665788	0.167191644151139	-0.552050858213669	-0.529736286218239	-0.452399496140141	-0.423578058429451	-0.478844921527337	-0.56566053266723	-0.435443467360867	0.244874564279508	-0.555247500994283	-0.427203195715846	-0.111175922303011	0.128065961676282	0.491595770000321	-0.356983488015114	-0.44140305549923	0.347659942844489	-0.574352250503201	-0.510534939933275	0.0532677960347639	-0.52653777746079	-0.448175621520325	-0.46769451018443	-0.554002969815917	-0.0780282983066284
LRP10	-0.313447640692229	0.358642889440859	-0.109221167761036	-0.315679200094716	-0.328364953016747	-0.255620809489976	-0.399139464838736	0.776029525952326	0.319389863460349	-0.305631241450494	-0.255381355218241	-0.344909501202331	0.78713759147817	-0.0422983875961447	-0.373737722854043	-0.348352473390184	1	0.645917419841484	0.71246142936603	-0.119061322856978	0.791372049936534	0.786634940914072	-0.375452502667333	0.599212113332006	-0.358934853981068	0.764603961162061	0.75092820309129	0.814539314629793	-0.204395165927136	-0.313770106004649	0.811515458927195	-0.380118788939932	-0.321770201132905	0.709790946945048	0.724595518226918	0.19708989839518	0.788940273720396	0.0911431016675288	0.0292824478675598	0.368110567778357	-0.331735433671585	0.328386178837563	0.798123974430564	0.250818865476027	0.853242231869294	0.776301739905147	0.709250911992712	0.793248840218694	0.728187163781399	0.564945764987292	0.67233403799741	0.782937667682659	0.809136445923218	0.751187627383909	0.820415316889465	-0.272271930007373	-0.344727708147547	-0.352573998845967	0.804992543965604	-0.123837308648269	-0.149955828797041	0.71819044584293	-0.374523960654947	0.762542222432541	-0.351396348588252	0.842536471783065	0.285102313603794	0.731053408285041	0.552314015088631	0.564795255235161	0.240816485349674	0.730671387777013	0.800747557697874	0.686071690266299	0.706290533101932	0.821827284203721	0.552536259139944	0.756087178113716	0.233002498219546	0.747096749996646	0.608877374706615	0.565803180852306	0.578280330295259	-0.0485691436393004	0.814728087962405	0.821451524970773	0.283023118982253	0.783914575572585	0.805729352727891	0.560000159805233	0.718005078581984	0.838169549981651	0.834758845677502	0.656620799439158	0.726199174704282
ADCY7	-0.0754931282351067	0.471799783662337	0.0573695831936267	-0.0868416296906774	-0.0581845240636748	-0.0391866480673813	-0.112976183665618	0.61831747594791	0.368366509905904	-0.0501899368149788	-0.0240027433369154	-0.194313515965903	0.764059575343549	0.15522990908899	-0.192858387079863	-0.0889817268300649	0.645917419841484	1	0.423300827375953	0.114715043639264	0.788920131781827	0.527716445957122	-0.169899127072454	0.4859089574438	-0.185918384893024	0.515936797173294	0.696837509174905	0.621969006522537	0.0729868569656328	-0.0815939242429513	0.587282054887132	-0.130879637712234	0.0371138891870905	0.567187825173472	0.770415036139332	0.370776129399201	0.490568509918629	0.286792805259107	0.24346449094367	0.473424208973697	-0.125745090832595	0.403476337608501	0.75636664710217	0.449346436020178	0.781620314035546	0.793660901108944	0.555018948656719	0.659019030329855	0.816009118443075	0.460356289681761	0.426808691543088	0.664518034513672	0.639653405621407	0.656770094183564	0.718661849142172	0.0256132309243324	-0.0258295307055016	-0.0942558229354415	0.593790366347244	0.136374539273406	0.0901631540441251	0.691328258139062	-0.0894219514891325	0.376943199334025	-0.0193761742034908	0.688429652045633	0.274363377502631	0.640353980498737	0.125859142580549	0.32014800982854	0.428579872574242	0.623921609648236	0.656444413634136	0.693420406377135	0.489516278195652	0.736414199331678	0.136163781575137	0.749269967623616	0.383044639989398	0.632514087105592	0.284768443570898	0.437511306024391	0.472772167946163	-0.124198298299067	0.7331883669887	0.758315739598955	0.488661354248925	0.71424932615443	0.656761873954254	0.614912272220014	0.640684518201053	0.681341397591002	0.587973325502717	0.305175805092429	0.676168717144576
LAMP1	-0.390436946744951	0.25086046986192	-0.243052744273339	-0.416786254676466	-0.411210114009242	-0.335348651265345	-0.471181617248986	0.735768065437878	0.161189324719699	-0.405798294168513	-0.376429001682375	-0.401917134300689	0.538836085323279	-0.185548146400205	-0.458550094135853	-0.407398035680557	0.71246142936603	0.423300827375953	1	-0.238449704504788	0.635241129803703	0.705649536514137	-0.426729674590504	0.268008496479258	-0.405430861930385	0.799199937840495	0.694841579967293	0.813447100128739	-0.327202145399114	-0.428120288405472	0.704092336567116	-0.431781891013839	-0.367985605884265	0.569435171849467	0.610624985873669	-0.0707137272375835	0.754512609279405	-0.128688329768863	-0.0816353677381848	0.207916275665305	-0.39408286783539	0.251837124152159	0.719265937364304	0.181479060279916	0.659782613633503	0.619058344692598	0.732280273477713	0.77079165320275	0.52002881691283	0.379690569240359	0.71648863252203	0.804819370117339	0.759542843740285	0.547753681388418	0.738982291947748	-0.394137832250867	-0.468879407060869	-0.464182569587206	0.773812368459399	-0.275574541441236	-0.287682370507363	0.621650025543263	-0.447468177692365	0.763679832104173	-0.445580904131789	0.69839803777875	0.214313444937804	0.683988828873177	0.697934382478567	0.557670116021551	-0.0135884450859034	0.718028716917172	0.665147266841364	0.669995131058781	0.539706336758624	0.665122742059773	0.751271938308961	0.707300159597092	0.0587725350517871	0.782307624396154	0.700151162973035	0.340731437932635	0.433423263497052	-0.24970475259061	0.589948649369546	0.711039776834738	0.149069604463912	0.740712627214363	0.671634858390885	0.374285462304092	0.692146450626254	0.753544609020776	0.805896300508233	0.866718593867472	0.57527071249663
FAS	0.732862745330716	0.303290080343128	0.86928110453816	0.398052025030772	0.874958448231667	0.789674261298362	0.432336317625958	-0.391553253328047	0.295169059492806	0.896973379332279	0.890369809686663	0.422158302271718	-0.125128661087441	0.87421028838885	0.649213888782884	0.221071786702535	-0.119061322856978	0.114715043639264	-0.238449704504788	1	0.209824985072606	-0.111173046546197	0.362185277327819	0.238192114218479	0.576803592864638	-0.437294773059539	-0.305822129520625	-0.362757234397553	0.378116966563425	0.67436346233029	-0.119942528011548	0.645321735014984	0.275288989154475	0.122674886525429	-0.00856188924266119	0.359672192246587	-0.225349339918488	0.784903852781425	0.866233590367022	0.61039598477407	0.640668694065552	0.412190634345743	-0.186196321022299	0.60634618730194	-0.106298044245373	-0.095552812292729	-0.438245756848781	-0.336748397062586	0.130195018714326	0.156821030917777	-0.455673121547037	-0.29878431000761	-0.0824395531168123	-0.0197540621394793	-0.199376737572896	0.812932068855579	0.723714817058063	0.761813403817793	-0.37213772637936	0.89094948584404	0.901873540740671	-0.307351132379144	0.458139600287145	-0.411716665693664	0.764347158320356	-0.0417686560065541	0.648557938893552	-0.228798561596518	-0.559645026338957	0.185189896812907	0.614700111857706	-0.416762513605764	-0.252953990263879	-0.286433738148616	-0.0564157994391078	-0.277039452278266	-0.521346403353741	-0.200628647512971	0.802576622248191	-0.399524617459917	-0.577961788546384	0.11136176550343	0.330102003183137	0.361550173084308	-0.0735799398728959	-0.235667993071237	0.503669915006621	-0.234418011253198	-0.304512387391429	0.0403652388835638	-0.371821752127224	-0.273056173718233	-0.24982103263944	-0.466359976721381	0.0704126539802393
ITGB1	0.031350000255337	0.624784792594761	0.208954570929301	-0.0749000445537017	-0.00234728215593953	0.09037155628123	-0.124620004355536	0.684524961886435	0.517216189313181	0.00240696876943421	0.0269837309392659	-0.106910206199493	0.743977223440052	0.250665639759243	-0.0903973229276066	-0.111671081988605	0.791372049936534	0.788920131781827	0.635241129803703	0.209824985072606	1	0.693893781434602	-0.117690138373653	0.70549043116434	-0.0724541775726611	0.622119908169963	0.737487642085318	0.711977082471833	0.0830425279695963	-0.0750005347149475	0.758191734452599	-0.0394814770275467	-0.0506941025738987	0.673135620301352	0.852023678943549	0.435189137951615	0.69670114337255	0.436156447521277	0.367400534996499	0.675667378618457	-0.00559742291879114	0.631994674459414	0.831843845548319	0.529672404513455	0.827342807746135	0.840532515133598	0.625743873270845	0.734155608990527	0.842764810313025	0.648846090695822	0.520812644304977	0.737343870207634	0.851955613450597	0.777613841884414	0.801891557772147	-0.0153177916260686	-0.065217823298388	-0.0946858503450558	0.696712488226349	0.19608075905978	0.178998566134615	0.703684442653942	-0.0748303114139744	0.539817793207932	-0.00398412523891267	0.830542295500106	0.581963179037915	0.763672490479661	0.265075949106004	0.564525805234995	0.489123558785653	0.651758210683635	0.729250651436488	0.701387640972271	0.673156738306766	0.75415655010439	0.298802468658416	0.770731403950003	0.54931580051399	0.681592715458302	0.366400842936002	0.480406089573936	0.70697287485595	0.0985065640036707	0.753026635773805	0.806281366726672	0.587209795749825	0.759816742278563	0.713190140486963	0.688405962520219	0.669338021299089	0.786170260847351	0.76537387098683	0.457581200892651	0.857159723952958
CD44	-0.352300334200618	0.287805809482879	-0.103075412366456	-0.483446759041314	-0.299735067440585	-0.307816738411106	-0.3799250316609	0.75986683069223	0.386660132765148	-0.283995507160494	-0.260700468450071	-0.488806859751873	0.702592758147581	-0.0288607073183802	-0.410957144806146	-0.480563520396532	0.786634940914072	0.527716445957122	0.705649536514137	-0.111173046546197	0.693893781434602	1	-0.451377367076927	0.382311044990607	-0.421731385370775	0.734633056786687	0.691264745593953	0.772073188627038	-0.264000119107001	-0.262224216583156	0.726492601692823	-0.437877128610556	-0.37486792354004	0.65476879904601	0.609640819138167	0.0278159652655798	0.805616636189523	0.0289502187796004	0.0641918508886326	0.324983265672875	-0.411444934064004	0.248157589738438	0.692695095786879	0.209555146093538	0.739997028891635	0.755917160606288	0.636146599341868	0.790409523328568	0.637769727609438	0.646160265827809	0.810171969734592	0.771853244065656	0.728869035174038	0.702939030238145	0.827307118739264	-0.268080730484543	-0.34989611032784	-0.37262222361646	0.823980471088388	-0.109388926816604	-0.167498913698922	0.615903411321513	-0.467297779846422	0.798109413361664	-0.387676096236766	0.807304919680015	0.268642473177391	0.727747856309715	0.68213445862903	0.653539246351767	0.224222439422221	0.680808456660007	0.749433402543223	0.546087872923006	0.758755828121996	0.71944617388549	0.70555962303289	0.631097574201003	0.212142654193201	0.689037503192045	0.659835563348234	0.439601119012278	0.566352601666046	-0.16585229337006	0.731629455455377	0.730515299208254	0.248179491941207	0.750544196970992	0.75393506237124	0.516641837015327	0.725610901315436	0.76215317328101	0.85514220292523	0.777387050502968	0.663356940280044
