""	ITGA4	CD44	CLEC2D	GPR171	LRP10	CXCR4	CRTAM	PTGER2	TNFRSF1B	PTGDR	CD2	ADRB2	RPSA	TNFRSF14	ITGB1	NCL	FAS	CD96	CD3D	TIGIT	JAML	ADCY7	SLC16A1	CD3G	ITGA1	NOTCH1	PDCD1	PTPRA	SIRPG	S1PR4	CD47	ACTR2	TFRC	CD69	BMPR1A	LDLR	DPP4	ERAP1	CD46	CD247	F2R	KLRD1	SORL1	VSIR	CCR5	JMJD6	EPOR	CXCR3	CD4	TRADD	PLXND1	CD226	TMED5	CCR4	TNFRSF13C	CD74	CXCR6	KLRC1	CD8B	CD8A	STX4	LAMP1	CADM1	CD82	TSPAN5	APLP2	TNFRSF1A	HAVCR2	PTGER4	HLA.DPB1	ATP5F1B	TSPAN14	SIGIRR	KLRB1	PTPRZ1	SMAP1	LAG3	PTPRC	PILRB	CD81	KLRK1	CANX	C1QBP
ITGA4	1	0.606722739991306	0.6101435319802	0.454992154991635	0.147341597970092	0.675222162425058	0.606636115212578	0.3372483968364	0.697855357836942	0.440812828251889	0.652706325366839	0.890728595487772	0.645104305499664	0.8890514065061	0.883767502896962	0.935196736149458	0.720177888291397	-0.261540395712516	0.702055139340006	0.870921382990857	0.728087741572848	0.816288729333301	0.554246713686361	0.67869249271497	0.530463114208723	0.765110292744101	0.522575169554715	0.787141380359273	0.892292857456654	0.284383560765979	0.902912349830176	0.805628858643322	0.652004764232221	0.576567492933556	0.818864607435397	0.856896806530232	0.466697826820642	0.876888290215703	0.658906893598934	0.681087944427129	0.96655006822875	0.555557509938719	0.0698300941195812	-0.153669715751403	0.0788619265817166	0.733373330066703	0.512560547634402	0.945277832460845	0.00650067350639474	0.298405791858293	-0.085734818292219	0.908056432457495	0.545949238623569	0.899820325136085	-0.405642807206946	-0.26998006267365	0.875709732092096	0.86222122616751	0.664952700849923	0.606735900193301	0.405019024608354	0.26120670577864	0.189645085734518	0.270809255033366	0.769969206143646	0.384965077941326	-0.407848413698109	0.16752654704337	0.814327160870255	-0.350498299424961	0.681323191393564	0.572385377440314	0.735132773900943	0.667982256693539	0.475852589539798	0.693059911935211	0.418017908706017	0.844153266104025	0.610850687579869	0.123295148416115	0.765673996921473	0.497828496009431	0.442546235042105
CD44	0.606722739991306	1	0.974040525519504	0.981572529997496	0.842275161926611	0.944345146285128	-0.107080178837401	0.947645998878032	0.509262856990537	0.940858260575285	0.970088697597389	0.478183174784448	0.893256041360562	0.700769702293619	0.735863137688884	0.552811245977712	0.886645555673146	-0.115029305289934	0.973330378063053	0.586575360262987	0.981783650981104	0.547735619675445	0.915175374593843	0.989793231523859	0.986192110761625	0.775013725020484	0.556220426780332	0.698718580601163	0.885683749575436	0.878464054260022	0.737769916951433	0.532470639394001	0.388357973638739	0.995052466241421	0.793474954234238	0.839207757357195	0.9786006061247	0.464697919999129	0.356555144745064	0.927175698991551	0.713694981794938	0.986042084434147	-0.194074734098011	-0.675254756244308	0.223796416545131	0.781808941665677	0.977835426304157	0.769465869729808	0.112744417577251	0.798899454393896	-0.63684241867519	0.861345881301653	0.58932401652388	0.877306885983364	-0.772685936672263	-0.591093736736468	0.897163674866702	0.893151465292551	0.972036722981532	0.895333100418627	0.576946160071466	-0.113441595342658	-0.544915226224874	-0.318891733488651	0.927255631227674	-0.286144835976448	-0.12757304875691	-0.0433445863890904	0.93840290051101	-0.493834126873854	0.190106383800147	0.206222238580136	0.966718188269896	0.957946212373436	-0.217267562542953	0.41141753823768	0.889720092870725	0.832295465549029	0.61184208316234	-0.432614610121446	0.962035696334651	-0.234697768807423	0.208912419931689
CLEC2D	0.6101435319802	0.974040525519504	1	0.951262124871256	0.833598227886409	0.954207460787903	0.00503889470230141	0.930505875879903	0.564340561191048	0.932067116848582	0.992668552017088	0.44315700400913	0.918339680474405	0.687901093452892	0.684029193677868	0.553599460797138	0.801504306085349	0.0334262119955984	0.989875707478651	0.671684028301682	0.951015814988232	0.446667108858089	0.885635614167182	0.985214775675404	0.952724967101003	0.803287968278971	0.707189660879779	0.676206088743099	0.868415694335877	0.917327775971772	0.695547109546715	0.529872907703274	0.289304507539778	0.974285294660192	0.791834695627562	0.78955559201922	0.927551404948591	0.448789426449197	0.233214987553684	0.961952806098934	0.736538001788221	0.969107683567362	-0.193232581546744	-0.684707084608234	0.410954221149434	0.742076545327314	0.929545620486648	0.780545077966525	0.238198850887548	0.869939957258643	-0.627668825757923	0.845023672358543	0.511370399205876	0.852996084783717	-0.65200558470515	-0.528675669345481	0.865815999365854	0.848382655568006	0.981043831643708	0.964144226040439	0.443316269522194	-0.0223774007438632	-0.520102834039298	-0.363511408403161	0.917268712282636	-0.273310920499549	-0.0769936056198574	-0.128704776408206	0.896872458144145	-0.418342049890967	0.203369374490251	0.109862036840489	0.96048177159714	0.899334263243863	-0.22951031771965	0.435133222286124	0.937143651991576	0.869821728878418	0.540998815487736	-0.404881745924697	0.972314607748429	-0.217799693845637	0.291662545489933
GPR171	0.454992154991635	0.981572529997496	0.951262124871256	1	0.89695676253605	0.895396174381625	-0.243909241032422	0.986088383343265	0.379588093905243	0.941291525288241	0.939628961587849	0.312844954759873	0.853682953981536	0.565077777280642	0.613751387282899	0.399689205797328	0.828763333101091	-0.0513226982122718	0.93290735849515	0.470434207758886	0.934329861596909	0.41992877239147	0.880360522962685	0.957163938697863	0.981490879512277	0.686150322046177	0.501260503290497	0.585720700700773	0.790626947279782	0.908461338371471	0.607396503784596	0.393505650466359	0.260118692356247	0.982435512542007	0.682292418728262	0.741520098925023	0.989952663886751	0.309940035989732	0.230630525185349	0.893560527627636	0.584752174587366	0.972046580852615	-0.269469692494611	-0.757675999351015	0.226851508833212	0.685127578203288	0.972985040562789	0.657086291582796	0.104663766832533	0.812900351173782	-0.719039997928821	0.763363027088804	0.500856659406128	0.776053190011869	-0.786010725558333	-0.632901919318502	0.805014126478159	0.800690887556919	0.930086123662729	0.868044788661893	0.529086796587401	-0.223831484085064	-0.654035546147366	-0.421511351067935	0.869118671806247	-0.423580149402652	-0.0765210495325654	-0.132067405873532	0.868125472290964	-0.50078884783975	0.0382778455539855	0.0678812087501666	0.909968760444442	0.927879590235336	-0.349798280035295	0.278452221043499	0.88832132354066	0.730593817166041	0.520609644404044	-0.53945396520771	0.905351661231978	-0.393127537335746	0.131384450782445
LRP10	0.147341597970092	0.842275161926611	0.833598227886409	0.89695676253605	1	0.77547436294446	-0.436536689277372	0.931404311629717	0.33734100249452	0.900685719040931	0.811420440357724	0.0955514124198741	0.762306388451651	0.377120031141416	0.381917040083855	0.14397480439594	0.605173180921313	0.103870969973585	0.770794861692877	0.213377089807105	0.735313129695227	0.135022621480492	0.772468491466414	0.793053578633344	0.855287360165706	0.492600437633381	0.503248738612476	0.412067966828659	0.535463798682494	0.926663479613197	0.367888004056726	0.253332354571144	0.0770042497410035	0.859853932175222	0.505884140828111	0.475439415126249	0.882862609117328	0.0588424075883855	0.0275876653053919	0.732719649312389	0.293584740216859	0.863893445557217	-0.0958120393192053	-0.622894467062199	0.320015626634824	0.515940598294938	0.854553777052778	0.357067789390867	0.324221823875893	0.901763767248603	-0.608967122741523	0.48277743511696	0.45576502994814	0.516587113950183	-0.55568455482354	-0.373203469231701	0.546726618132561	0.549738060155261	0.796961983742331	0.762951927178662	0.417155430353607	-0.0913842188390816	-0.754319292726068	-0.514135385028138	0.640116099393751	-0.503791095504972	0.225965388012683	-0.0980697132754518	0.632373033625783	-0.181932611157	-0.0804699103454987	-0.0495596223000461	0.748527786921597	0.72571830345525	-0.579371829246952	0.189265176803997	0.865121570126392	0.573377450569075	0.379470841243909	-0.444244255600802	0.717207280010873	-0.512366080304624	0.0849128354551938
CXCR4	0.675222162425058	0.944345146285128	0.954207460787903	0.895396174381625	0.77547436294446	1	0.0809179799003609	0.850391220469739	0.726779292917924	0.903229010868592	0.952660485600837	0.556997882517968	0.938988327121545	0.737020062280228	0.817300587617246	0.684399304568413	0.867098641637841	-0.0189119932840417	0.955583789956202	0.689697092002476	0.946813648479593	0.5608386872447	0.886239331445229	0.95827176142103	0.917928192339273	0.857759432329804	0.643321203342464	0.747087301431521	0.912300512584447	0.829634321375091	0.756297313216273	0.716573466514695	0.473012841407754	0.95568432345777	0.82460107376153	0.840023669752863	0.89877906976529	0.569718395675173	0.407361228076029	0.929218431537679	0.793049147550709	0.942031657419056	0.045975361662085	-0.488376043179472	0.389731997089236	0.849245710120509	0.914462592350984	0.822652665416768	0.346291021865321	0.797702810485058	-0.417400631833306	0.867840393522891	0.672414035846212	0.870758989443229	-0.56785051687209	-0.345008060516746	0.883012712496407	0.890518520928372	0.957362025156806	0.914890391518318	0.487403365951733	0.152803673067433	-0.382897718763288	-0.188102619328377	0.925074060188289	-0.0452414077140421	0.0330435268583697	0.062901397591555	0.931157031082325	-0.286495846192609	0.391191820001873	0.320502741819084	0.93898596304252	0.912687879177792	-0.130495920290607	0.56873184353478	0.874931151252776	0.938213471561971	0.548112404832275	-0.179322822062171	0.951382684503659	-0.0363851957254366	0.448105433009877
CRTAM	0.606636115212578	-0.107080178837401	0.00503889470230141	-0.243909241032422	-0.436536689277372	0.0809179799003609	1	-0.330566559823705	0.424796864168003	-0.266482188140465	0.0721239060659263	0.420626787482164	0.189262406572713	0.301660167556911	0.309089118176282	0.55808590873692	-0.0113750620196823	0.302291586124637	0.0972268275446524	0.711848065138834	0.020202626536243	0.191256979149827	-0.167737205737225	0.027620312901234	-0.191904887657692	0.267312256833828	0.464839270930419	0.188080961377067	0.299036531913252	-0.280225621853369	0.249440672463345	0.463251299669531	0.101670406074431	-0.105617607657071	0.159132892504043	0.156179819335044	-0.270571192384934	0.444699792138205	0.13013870719207	0.200824694802329	0.544855911568982	-0.150510989233299	0.231554053806333	0.229799081158206	0.354877668008344	0.042636799544092	-0.262806328876348	0.510712715824319	0.25886994297008	-0.147411655930862	0.378743570909208	0.31284702157194	-0.101936830787657	0.240945877087042	0.377611071982663	0.276820297453136	0.191972784836707	0.177309266552	0.00108955335802955	0.179071438830113	-0.399457728325649	0.477524284217755	0.577904255549715	0.518720667767909	0.152919674461763	0.606483012905115	-0.115911770018944	-0.151751104864295	0.131094373751243	0.207530607164166	0.558716571717608	0.170374717167496	0.0376406272055815	-0.0144226002607535	0.513922863959211	0.378746357058878	-0.128961742180407	0.370270202990102	-0.130403292356828	0.51498433457752	0.150722229607125	0.656402883492716	0.590270405206326
PTGER2	0.3372483968364	0.947645998878032	0.930505875879903	0.986088383343265	0.931404311629717	0.850391220469739	-0.330566559823705	1	0.315760145966485	0.932765454784043	0.908545789748322	0.200846323965338	0.808734324613932	0.481553291113743	0.497226853915822	0.284344238693376	0.752734521985999	0.00318526031501559	0.893572966704464	0.393082124528282	0.876580528261136	0.30812409550925	0.847998205505225	0.915542435290579	0.953567197907863	0.612720751789906	0.498256352835745	0.513353394865158	0.699412565993931	0.940997946715303	0.508271170563393	0.285259534447259	0.158463584691738	0.950326248295555	0.617003931558156	0.651807598723243	0.966538750385734	0.202680253791161	0.111561965480214	0.851367836645351	0.481023423787154	0.945803704867015	-0.311893393334729	-0.786181795323543	0.270127081759793	0.611721200090814	0.947059617314113	0.555809124394684	0.120786619776422	0.848257431834444	-0.772092955847874	0.676224213302276	0.438086015219634	0.691569525548452	-0.746074257996943	-0.628666352962685	0.722954123983759	0.710166340213004	0.895329256643043	0.847369573879103	0.488051000674479	-0.261266024133011	-0.721308431395186	-0.532835317896464	0.799592869290475	-0.51722427091007	-0.0360313394213808	-0.167722787763765	0.786740161800637	-0.472335794494651	-0.0687995817073959	-0.0416328387510926	0.864786451502755	0.862897787850244	-0.441362380925343	0.194120086196245	0.899441877012308	0.658551638747306	0.468193614289371	-0.598812604721495	0.850818892018539	-0.48986163809862	0.0739972309030254
TNFRSF1B	0.697855357836942	0.509262856990537	0.564340561191048	0.379588093905243	0.33734100249452	0.726779292917924	0.424796864168003	0.315760145966485	1	0.526872353456692	0.577041094767019	0.763536508098589	0.657409006589417	0.75964805092404	0.789293888762288	0.821925309966231	0.548193801940688	-0.0643853652977603	0.587454096960922	0.656368923111996	0.567155394636561	0.567802051100287	0.569486101758671	0.558746112244298	0.459077291816235	0.730660329502033	0.597992501458815	0.751136683962702	0.684641936330647	0.408319902554884	0.700602494041377	0.91422130265961	0.656793976749979	0.518735365031153	0.768800652754204	0.65761063595178	0.399135638818204	0.768360282256208	0.53181739197166	0.56124535412119	0.740526430259455	0.524256072953793	0.573300684497937	0.165289236754207	0.377282103312254	0.775182426066517	0.46926063983396	0.672734345129146	0.558167399990389	0.530217667616701	0.212517597068188	0.652612206568962	0.738716899228336	0.650595839315742	-0.0229942423000631	0.260883786740225	0.639507455986287	0.650146033441073	0.618009747128521	0.584722683033132	0.314520463183076	0.729798162692355	0.147599945925798	0.187582023522082	0.610575419884474	0.529996792648536	0.191460548787104	0.450914530019076	0.623608865725575	0.190353813711463	0.784218290296984	0.623160524741469	0.630699403964133	0.475405007989734	0.251556231744902	0.81614296258871	0.513494173315952	0.855719691743814	0.452003771942053	0.452539642120111	0.622010032967976	0.53583971060115	0.696400839633162
PTGDR	0.440812828251889	0.940858260575285	0.932067116848582	0.941291525288241	0.900685719040931	0.903229010868592	-0.266482188140465	0.932765454784043	0.526872353456692	1	0.901382560394227	0.402271322345016	0.811257722248457	0.624326490919591	0.635635958309599	0.437987998886125	0.774801672028372	-0.124467096719266	0.893222363018982	0.412111575823276	0.896089943854332	0.417771316030808	0.931806480177958	0.909387448246684	0.950846308725871	0.757235075167422	0.537965251431191	0.669801014017178	0.75575426842444	0.944411395121606	0.647656094770503	0.478392717955996	0.359442453071479	0.944692920368218	0.783771398288809	0.734808120962384	0.945562369960114	0.394621345249395	0.275000215656971	0.82881699337071	0.568719396293167	0.97435475853308	-0.114778733018063	-0.59527781036606	0.281702042406841	0.790103847530583	0.959247499150826	0.597229047360758	0.200070199819691	0.865128550373392	-0.585359684852343	0.706218091796286	0.617430643272748	0.755074989921566	-0.687595259215389	-0.476775573972968	0.778044842155183	0.788123309221757	0.949196010503828	0.852470469524212	0.579938240726903	0.0030544066084438	-0.595425495951657	-0.40459110697263	0.838515638747226	-0.312194057816605	0.035651483369867	0.0577668953415345	0.819847040826068	-0.39210008034737	0.160396689643986	0.183624302329932	0.902881103132404	0.841752720322383	-0.295225358204305	0.414055624238202	0.933476085661251	0.763759061186758	0.607454801334364	-0.416671320476026	0.881179090386818	-0.27440019052163	0.162986311088274
CD2	0.652706325366839	0.970088697597389	0.992668552017088	0.939628961587849	0.811420440357724	0.952660485600837	0.0721239060659263	0.908545789748322	0.577041094767019	0.901382560394227	1	0.472666832074383	0.94496835338129	0.706802275604878	0.711739579168809	0.585019897750851	0.81126263881432	0.0661021409635008	0.995268925076773	0.718556957450636	0.955584202288289	0.46383159397247	0.866934109612332	0.989465182123261	0.941484011799675	0.79719114315462	0.730263594863093	0.680896126618331	0.892241221597809	0.882248110232427	0.706606681257752	0.562076417084093	0.285590324140964	0.970541505862134	0.781427997595647	0.79512846568743	0.915696406416208	0.462769274124361	0.245727481114345	0.980317842853758	0.767959703460197	0.955546662087173	-0.163039799494254	-0.672477349078627	0.407475391230501	0.726269236838774	0.907727993652658	0.820386446586093	0.248273295970617	0.849754764964166	-0.602466906598814	0.869099450571591	0.494227906217838	0.868140884004341	-0.636608450012611	-0.508676144802634	0.879141718310483	0.863765793802068	0.972457719329035	0.970023160511657	0.407746318907537	-0.00115941033451755	-0.495088157822798	-0.297977791684423	0.927742156693935	-0.241888135225564	-0.0722541187458077	-0.157370463016427	0.911466127249318	-0.386880136590438	0.233354791241974	0.11947531166903	0.959610504807673	0.913671636090202	-0.212993626721432	0.441355321919163	0.912177499921908	0.888164174501367	0.512554835774034	-0.359768985377024	0.981005767587943	-0.17910207303483	0.331456373888854
ADRB2	0.890728595487772	0.478183174784448	0.44315700400913	0.312844954759873	0.0955514124198741	0.556997882517968	0.420626787482164	0.200846323965338	0.763536508098589	0.402271322345016	0.472666832074383	1	0.453732820768097	0.927870766365667	0.867008616422509	0.889138910787777	0.643247385468534	-0.533033203989272	0.523588342796906	0.627549702168093	0.60101736623528	0.88671625376246	0.549119469414755	0.513445390331644	0.422059402198914	0.656650549250184	0.317524713292434	0.8304850395589	0.748298820017008	0.189339864204738	0.914040161642094	0.827558779561595	0.845476382737597	0.437616846414537	0.847932055018229	0.801844799633967	0.3583045826853	0.924455966630232	0.806346722295506	0.440850991241129	0.812801377488133	0.457909941427248	0.289165749777397	0.153223763431049	-0.13455471755767	0.797791608393169	0.442491305208604	0.753996553710144	-0.0510509778052365	0.216282893887911	0.120109853739222	0.763103412960729	0.728431099550879	0.799595155957433	-0.344377068770799	-0.078183985584765	0.779893415024805	0.781739176939751	0.559022760659524	0.389007614986912	0.599552803542428	0.423746904939901	0.240819045674747	0.320598094603379	0.608047321242561	0.493717289246227	-0.317331696539867	0.541959828575117	0.687686435428021	-0.225911893454207	0.746296072431334	0.813866685304749	0.639155285004986	0.508937263373572	0.52539700150972	0.745217708658876	0.319093740389165	0.731965372903992	0.749604563678711	0.282776383216594	0.603373636613898	0.618196193018388	0.319086197894275
RPSA	0.645104305499664	0.893256041360562	0.918339680474405	0.853682953981536	0.762306388451651	0.938988327121545	0.189262406572713	0.808734324613932	0.657409006589417	0.811257722248457	0.94496835338129	0.453732820768097	1	0.637991346850002	0.748168809053093	0.643611962225707	0.792874247001538	0.21573745419781	0.93062617104963	0.730103278230932	0.883694696248005	0.413876001626546	0.766422137090156	0.925310458461821	0.850689706597541	0.804690245026359	0.750665202492009	0.675607883286571	0.8722151070529	0.7717694656789	0.646821457648276	0.685893264937157	0.292796998694276	0.914699488167614	0.695233100284394	0.739926552489146	0.840016164249938	0.467641134542549	0.270835717557082	0.957908113216622	0.764989097188733	0.873612549395391	0.0869999975751059	-0.538727793054135	0.466076349846557	0.682304787030469	0.810492884386881	0.812929773159486	0.453421859166645	0.801329269315739	-0.413009367456582	0.820521784115958	0.513741380591902	0.795120352045699	-0.452877189734785	-0.278061523361496	0.800171397147239	0.813167542387913	0.887017394480615	0.932239808044221	0.262741412471887	0.185725063087098	-0.347475264739242	-0.0829265806515133	0.898298404575751	-0.0440166989235073	0.111434642025235	-0.150280523485399	0.870576147399579	-0.141207909177516	0.393995797266203	0.153524068031083	0.869954717923202	0.883155539767634	-0.149808283071906	0.530710692487387	0.810535072413433	0.909036711205381	0.358735337135022	-0.106216327667757	0.919705306500519	-0.024696960049983	0.563884566478011
TNFRSF14	0.8890514065061	0.700769702293619	0.687901093452892	0.565077777280642	0.377120031141416	0.737020062280228	0.301660167556911	0.481553291113743	0.75964805092404	0.624326490919591	0.706802275604878	0.927870766365667	0.637991346850002	1	0.860578696879288	0.841248572288773	0.744165770217865	-0.436102033847957	0.744660083463885	0.711689382179183	0.782095205654046	0.845127312516762	0.715927944679297	0.730759788983704	0.642083853260104	0.736599159463789	0.497824683025046	0.866023058953477	0.851304537421987	0.47605960721692	0.956510981812906	0.769852825393069	0.725138206355404	0.658279498592415	0.932424390490699	0.875767854879837	0.581653942577146	0.848176167094469	0.688005364503212	0.650311197599875	0.864816440955096	0.676610138498094	0.113473482300289	-0.122384269052253	0.0253862444310744	0.847513795583844	0.65727000046028	0.83063875431386	0.00202817350276784	0.494458044523554	-0.168672901155116	0.87165792863813	0.736486709150981	0.915098032542478	-0.492001935801018	-0.263962613256221	0.903430383301157	0.87443388014934	0.767903076579525	0.619581243749012	0.662218699067254	0.279142529260326	-0.0195150515811754	0.0372145845837829	0.748276815084001	0.22448700745294	-0.335288781616062	0.398059390947495	0.820612149652413	-0.328837230615544	0.593527967472858	0.65807294895652	0.837052867778434	0.671156500117417	0.301690506350318	0.707105949856508	0.580326334411274	0.844513522217871	0.831366884825398	0.0380211141260777	0.792423387810111	0.36011554986145	0.251833790079495
ITGB1	0.883767502896962	0.735863137688884	0.684029193677868	0.613751387282899	0.381917040083855	0.817300587617246	0.309089118176282	0.497226853915822	0.789293888762288	0.635635958309599	0.711739579168809	0.867008616422509	0.748168809053093	0.860578696879288	1	0.927089957660463	0.881335370121226	-0.346773170253106	0.748761524121143	0.690029269743088	0.824147242369643	0.862098241026174	0.728155902847179	0.761155090979454	0.693131686067567	0.840249045691904	0.393364818838051	0.867683330031564	0.925839135690426	0.416268755541261	0.920707206624359	0.917408648834502	0.817482683988209	0.726806490040459	0.861324259660374	0.931738880645309	0.662058327621562	0.868078898265146	0.802643552157113	0.708122924685117	0.89737007054463	0.707175232101728	0.273732789228256	-0.128231709999955	0.00898269434147984	0.901608631608229	0.703252157241828	0.878788309917123	0.139938052731553	0.408310078209119	-0.0479802429116298	0.89555902988585	0.803312858933004	0.899066236808716	-0.50802896211716	-0.197334149380059	0.897148940490997	0.928806187972838	0.753798717300305	0.623816809873469	0.588930322966596	0.311609520134472	0.0603176914733745	0.279274885732602	0.851863457480357	0.389691099917634	-0.164883343162712	0.360370470499399	0.904029675972559	-0.273970666782929	0.729290068786182	0.715322689792723	0.80024043192019	0.806237555471433	0.344941384461409	0.761761760180833	0.517252416683395	0.889036715305783	0.660091801434442	0.163287391220493	0.803859969189164	0.428013742350288	0.508063115214517
NCL	0.935196736149458	0.552811245977712	0.553599460797138	0.399689205797328	0.14397480439594	0.684399304568413	0.55808590873692	0.284344238693376	0.821925309966231	0.437987998886125	0.585019897750851	0.889138910787777	0.643611962225707	0.841248572288773	0.927089957660463	1	0.721833848291608	-0.277147394840389	0.632605969300414	0.785421461195767	0.666580461706795	0.818254297055423	0.529137661447163	0.616699224336987	0.481338729109471	0.820769064613782	0.460436327972036	0.855837323050428	0.843471578914382	0.241966071496761	0.87865398688025	0.934899207297171	0.778756811290517	0.536264660616245	0.822052441236735	0.862467920130015	0.42509411797917	0.954564324373985	0.749224225288397	0.605670582276747	0.938078305014673	0.511125181356739	0.334483408433042	-0.00233426563261327	0.0798071820619408	0.797292255367809	0.485928688378303	0.87190693331916	0.193588265727166	0.307922073586213	0.0863342191576767	0.846216104265251	0.699629065501176	0.825732575758148	-0.275499935789472	-0.0605211307654156	0.8081761217824	0.8093279371003	0.612170605160688	0.537447347956017	0.409843659247257	0.460294700858903	0.346556602169879	0.364231185195349	0.754855243372365	0.595198838044899	-0.261323957856545	0.355445344069336	0.773100166792158	-0.173822052014221	0.86475027464488	0.6749079443555	0.68167116593567	0.610750241544722	0.58960756605588	0.858802626960992	0.364330864610241	0.858591665113885	0.572125481326133	0.331686434496387	0.695170056870933	0.652171201348276	0.636371345570159
FAS	0.720177888291397	0.886645555673146	0.801504306085349	0.828763333101091	0.605173180921313	0.867098641637841	-0.0113750620196823	0.752734521985999	0.548193801940688	0.774801672028372	0.81126263881432	0.643247385468534	0.792874247001538	0.744165770217865	0.881335370121226	0.721833848291608	1	-0.337751951772352	0.839271564610552	0.551076608172	0.92286648433879	0.794938490856917	0.800675174511169	0.875681046981935	0.854160801635469	0.762997305638877	0.311539008482852	0.776790226220906	0.913261007973513	0.596674946152904	0.825722176451525	0.683439193290404	0.667220297649963	0.879533740877353	0.786092489003006	0.917831728885314	0.870705294863928	0.661904299023657	0.661967621172758	0.787404838814175	0.769240834775523	0.847540196489625	-0.0120161576721717	-0.45607888594275	-0.052339472210741	0.856017465239358	0.880731800731702	0.806481597614278	-0.0199771768376892	0.512440923002604	-0.416673093027089	0.887219479328765	0.74310303926987	0.8955754823846	-0.738643435914359	-0.499762196966273	0.908441496523448	0.932078654249692	0.8341478018072	0.686272354076881	0.681690745392046	-0.0543866814662718	-0.253443910432071	-0.0323419331879801	0.893902555109105	0.0229608323037529	-0.228700480642038	0.211944123821905	0.953108397291806	-0.498714785861758	0.401099769661068	0.477520465247776	0.865116154416813	0.945373292548465	0.0812546653549769	0.50683830544803	0.625524088010371	0.80599283221941	0.661505851203031	-0.210510244081964	0.858360577992742	0.0419557101807164	0.276940191463558
CD96	-0.261540395712516	-0.115029305289934	0.0334262119955984	-0.0513226982122718	0.103870969973585	-0.0189119932840417	0.302291586124637	0.00318526031501559	-0.0643853652977603	-0.124467096719266	0.0661021409635008	-0.533033203989272	0.21573745419781	-0.436102033847957	-0.346773170253106	-0.277147394840389	-0.337751951772352	1	-0.000957644313388141	0.172248016684264	-0.185984525105642	-0.695864519271045	-0.247698319760058	-0.0485992587847432	-0.127530545579961	-0.116012951776507	0.494417142201733	-0.391183517742337	-0.176851307271813	0.0981155633775155	-0.514210725542337	-0.176568475476974	-0.724154376560218	-0.048408497178646	-0.418227961306814	-0.437598501367451	-0.123748926707163	-0.490411005312675	-0.726224465477107	0.180797560523428	-0.156689421189962	-0.102551581886259	0.0392655413630913	-0.212430766457243	0.758494635432019	-0.45572305678162	-0.23391263605986	-0.0874612891029167	0.627431762849349	0.213625897309154	-0.0312980676413431	-0.233732064218842	-0.562392867286276	-0.321483190184665	0.498778590652869	0.280062389948797	-0.332144027732664	-0.320074904753931	-0.0998967262092731	0.249132289855786	-0.833305596402759	0.156516619299883	-0.145709229149832	-0.0494247576923416	-0.104144614723148	-0.154755667710672	0.565791731060798	-0.731930669794263	-0.236804689583617	0.497913573932583	-0.204532471345326	-0.69313016684195	-0.197899018082771	-0.129348302825339	-0.429120332698165	-0.264877760257526	0.0808523711663037	-0.0207221783163393	-0.748269302361568	0.0793581492725462	-0.0587042475457511	-0.228599782109292	0.407433684110942
CD3D	0.702055139340006	0.973330378063053	0.989875707478651	0.93290735849515	0.770794861692877	0.955583789956202	0.0972268275446524	0.893572966704464	0.587454096960922	0.893222363018982	0.995268925076773	0.523588342796906	0.93062617104963	0.744660083463885	0.748761524121143	0.632605969300414	0.839271564610552	-0.000957644313388141	1	0.74230069989605	0.971644863847669	0.528617461133628	0.873839852595613	0.994726199413124	0.94222488278359	0.822020233384914	0.701781720127572	0.714412047978208	0.920745117161195	0.8575408861337	0.755653768675689	0.588357827618801	0.344690836986237	0.968350259840259	0.81722155351808	0.839836291420601	0.912041891723329	0.521407196520489	0.305791311675601	0.975570829386126	0.809126858040666	0.954190379244693	-0.179162621159116	-0.658723542943196	0.363437441721099	0.760752978709795	0.914406371699226	0.85492632764271	0.196324566590921	0.814222302220726	-0.595367926436292	0.905859681738927	0.523317885484348	0.90532779401396	-0.667574302531212	-0.537177319992047	0.915226253948336	0.896675267898928	0.977567797159187	0.957066132747115	0.452534989540606	-0.0143039054166429	-0.451859134491882	-0.279702073586631	0.945609060163558	-0.204448438140669	-0.141586088666357	-0.118667476630076	0.937537476394808	-0.440292030544168	0.267878858770103	0.171189613504926	0.974435256415191	0.924991922799991	-0.145426948203725	0.472856044045151	0.895340485297458	0.901906099530128	0.56113639255701	-0.358892587098283	0.992194001993804	-0.136455648241079	0.324038168475382
TIGIT	0.870921382990857	0.586575360262987	0.671684028301682	0.470434207758886	0.213377089807105	0.689697092002476	0.711848065138834	0.393082124528282	0.656368923111996	0.412111575823276	0.718556957450636	0.627549702168093	0.730103278230932	0.711689382179183	0.690029269743088	0.785421461195767	0.551076608172	0.172248016684264	0.74230069989605	1	0.674957325076377	0.499295893179494	0.496765765542513	0.692096419162293	0.514953483933252	0.724148245596315	0.742744082690301	0.620909992251057	0.811488817981928	0.398926602997696	0.673325908388624	0.675476938787113	0.29500890709223	0.577184496468355	0.653916040938171	0.678262202991006	0.431631136555283	0.640448184145913	0.275310902179547	0.781109318414023	0.912508243944822	0.54116373669326	-0.0172069151987217	-0.312580831963703	0.486707018363478	0.545743982766817	0.446011592423154	0.922999945122922	0.248718658806338	0.436659432837591	-0.207941172515409	0.827061722760421	0.260503062163368	0.773381743654138	-0.23284667260886	-0.222197463970985	0.755140233629707	0.719177078758468	0.661083483299683	0.756301988011315	0.0610826181403214	0.251916970569421	0.0701133325519382	0.113639360399061	0.745074416714049	0.229196589012308	-0.209741386643179	-0.17633935131404	0.714359209446583	-0.204092356026234	0.513799612008581	0.20901924564763	0.68824646051861	0.605638588945649	0.249095923682379	0.540795297340613	0.534328481393699	0.835209373169287	0.298957123451686	0.0579964020892639	0.765959624759657	0.330505392204836	0.580521325104418
JAML	0.728087741572848	0.981783650981104	0.951015814988232	0.934329861596909	0.735313129695227	0.946813648479593	0.020202626536243	0.876580528261136	0.567155394636561	0.896089943854332	0.955584202288289	0.60101736623528	0.883694696248005	0.782095205654046	0.824147242369643	0.666580461706795	0.92286648433879	-0.185984525105642	0.971644863847669	0.674957325076377	1	0.658108450115149	0.91816696785155	0.985127713071351	0.962037054822455	0.831210460502367	0.537461265375063	0.767563898277907	0.948590131800881	0.80238618122328	0.82629261953046	0.623010853361266	0.4882708106835	0.971627203004845	0.848104246441832	0.90465117582421	0.941233446224007	0.580538274852826	0.465706783529706	0.923737080868943	0.810920146530722	0.964053981306571	-0.163981065043041	-0.603062616390203	0.191914120065989	0.842233046974577	0.952025906784819	0.859960947784611	0.0582323711753079	0.709499431224866	-0.567566821465585	0.9257445212956	0.619596294059169	0.941929170392446	-0.774980472660246	-0.579247578144595	0.95610807862515	0.957165892721213	0.970937781531365	0.878583959760073	0.602330339513579	-0.0658920310651208	-0.429784027866933	-0.199322480818368	0.959688681793838	-0.166763279032988	-0.197841913660539	0.0151398011401747	0.978441901422787	-0.522778597943905	0.297000171926066	0.317159744417804	0.973893558478018	0.969225863514742	-0.0818616819824421	0.482425511828753	0.847621134086693	0.876598519081183	0.659797890799136	-0.354579568766362	0.978755631354949	-0.0962096656611899	0.252072625104979
ADCY7	0.816288729333301	0.547735619675445	0.446667108858089	0.41992877239147	0.135022621480492	0.5608386872447	0.191256979149827	0.30812409550925	0.567802051100287	0.417771316030808	0.46383159397247	0.88671625376246	0.413876001626546	0.845127312516762	0.862098241026174	0.818254297055423	0.794938490856917	-0.695864519271045	0.528617461133628	0.499295893179494	0.658108450115149	1	0.546111245752048	0.552793861368808	0.497281282389102	0.592848515199018	0.0558091938260164	0.759903972935229	0.754889355060087	0.17241962750521	0.894772881220393	0.716211662658015	0.899646498077537	0.50288510371447	0.775530046678115	0.867321838486534	0.476520765368302	0.870079625533007	0.897298258937018	0.421159013383213	0.75903943697998	0.4910800901633	0.121198267955889	-0.00740491926531073	-0.364244380688589	0.805882052941203	0.555758964256696	0.72370804142363	-0.257345684989066	0.126601177483646	-0.0441305355287801	0.792040204381042	0.77866394914411	0.812273132664909	-0.567530976920182	-0.311800999123505	0.81249031159499	0.803140623829689	0.542350490447713	0.306393717290915	0.767558041665316	0.0873248009533677	0.162384140965436	0.197416998940829	0.634042507499509	0.364654333733437	-0.48303824111533	0.563255981511991	0.75785161075818	-0.471980069721188	0.589266249892691	0.804280475195078	0.647555479259129	0.622792210277396	0.490507994784857	0.619495327790035	0.256144623173836	0.641273217714096	0.792054224345944	0.0662841370040875	0.589096492886509	0.425908899045586	0.15427850394423
SLC16A1	0.554246713686361	0.915175374593843	0.885635614167182	0.880360522962685	0.772468491466414	0.886239331445229	-0.167737205737225	0.847998205505225	0.569486101758671	0.931806480177958	0.866934109612332	0.549119469414755	0.766422137090156	0.715927944679297	0.728155902847179	0.529137661447163	0.800675174511169	-0.247698319760058	0.873839852595613	0.496765765542513	0.91816696785155	0.546111245752048	1	0.890104884482994	0.946790993978066	0.792075560018093	0.451283283616117	0.747861744674044	0.812968815967429	0.856431214507729	0.75367465395999	0.550494340509193	0.488377614331886	0.9094463999021	0.835743385248441	0.802528607066808	0.903300830398114	0.482756890813562	0.422119024255084	0.793709855697399	0.644719276741698	0.950513120090861	-0.110361040853892	-0.484318174983116	0.229070409874821	0.862108528284436	0.931073101603261	0.681314048904079	0.0744530708652245	0.723435126827342	-0.508096960907246	0.762752672696738	0.633036708218774	0.820572061667184	-0.738539988694215	-0.481540087140243	0.841481178654135	0.867901024853426	0.942795246643502	0.805476069690108	0.659195146851504	0.00919535985588308	-0.514219946602815	-0.245141321959436	0.862083709956171	-0.222012015957595	-0.0224333939190202	0.136477477099773	0.852206532988278	-0.443688338472093	0.23293664670229	0.342019601463868	0.903953637194611	0.852406072059253	-0.181740908549182	0.435814618171133	0.90564763468963	0.775619424311509	0.683505621893689	-0.346241908315259	0.881180001626415	-0.132853217970922	0.151270236105522
CD3G	0.67869249271497	0.989793231523859	0.985214775675404	0.957163938697863	0.793053578633344	0.95827176142103	0.027620312901234	0.915542435290579	0.558746112244298	0.909387448246684	0.989465182123261	0.513445390331644	0.925310458461821	0.730759788983704	0.761155090979454	0.616699224336987	0.875681046981935	-0.0485992587847432	0.994726199413124	0.692096419162293	0.985127713071351	0.552793861368808	0.890104884482994	1	0.964163987948558	0.810869048463662	0.635076070830962	0.715461389428642	0.92104561410096	0.856212898306825	0.756368299482032	0.580516307149504	0.374141182743207	0.985311116619377	0.807457793982343	0.852574549197245	0.944976653514824	0.510557079762077	0.342622578570591	0.964694970395591	0.785855063011178	0.969399096826842	-0.179883878978814	-0.668850298618341	0.298067600688512	0.775837017661256	0.944215577328894	0.837891655962085	0.158926314782917	0.79640610688565	-0.610077873470114	0.901867596234123	0.555202206501126	0.904046479882717	-0.718239783942324	-0.563341554387786	0.918814440244335	0.907669011750794	0.976747779983954	0.933853877455571	0.503013429201706	-0.0592379914421564	-0.478419248113157	-0.276189220772945	0.951011628247236	-0.223769876329688	-0.142607041948624	-0.0897327184654434	0.952043154400122	-0.467578255527424	0.248586154450106	0.195334953882292	0.974623169219391	0.953409080009027	-0.162127961519676	0.452774592073646	0.885484352057342	0.881943456232811	0.576619554086118	-0.381455324846216	0.986820341042938	-0.165448414268878	0.293632013291472
ITGA1	0.530463114208723	0.986192110761625	0.952724967101003	0.981490879512277	0.855287360165706	0.917928192339273	-0.191904887657692	0.953567197907863	0.459077291816235	0.950846308725871	0.941484011799675	0.422059402198914	0.850689706597541	0.642083853260104	0.693131686067567	0.481338729109471	0.854160801635469	-0.127530545579961	0.94222488278359	0.514953483933252	0.962037054822455	0.497281282389102	0.946790993978066	0.964163987948558	1	0.751078904086788	0.496276189877335	0.660267704612585	0.839111913484853	0.895850659038357	0.693383966548797	0.474367041810794	0.364892367285367	0.984189710275716	0.761207301335159	0.803610037507007	0.983288168893246	0.400862281238225	0.332551874474955	0.890537839829635	0.646050332389745	0.986791451556756	-0.225649696797412	-0.683991885864384	0.222213797333579	0.768399916942626	0.981359252366961	0.708763264449597	0.0885128983303041	0.784261424900556	-0.649234157625035	0.805473486367843	0.559584761535613	0.829372311733458	-0.798880546476122	-0.607805666013424	0.855008579578582	0.862360099438667	0.958773280990093	0.870352880449877	0.587542543251254	-0.154412990286802	-0.598851500300804	-0.343188011576694	0.904062606125387	-0.341043445375178	-0.085093733114364	-0.0514498747196389	0.902042154925434	-0.511290124411217	0.126732927966783	0.183229321015527	0.937295681385386	0.938008886132821	-0.272906241484392	0.351404925933567	0.904819759842318	0.776643249560031	0.593850437142813	-0.478250518892812	0.928913185802373	-0.290829312319876	0.157377758829855
NOTCH1	0.765110292744101	0.775013725020484	0.803287968278971	0.686150322046177	0.492600437633381	0.857759432329804	0.267312256833828	0.612720751789906	0.730660329502033	0.757235075167422	0.79719114315462	0.656650549250184	0.804690245026359	0.736599159463789	0.840249045691904	0.820769064613782	0.762997305638877	-0.116012951776507	0.822020233384914	0.724148245596315	0.831210460502367	0.592848515199018	0.792075560018093	0.810869048463662	0.751078904086788	1	0.588622287245342	0.866999345312458	0.876615477536962	0.634755318518148	0.811765176003527	0.799245419581982	0.566865622506179	0.779977337213142	0.857872760292382	0.856345624896212	0.701574288846677	0.736198548125479	0.51260261534621	0.795939765519347	0.86765842370413	0.791428113997132	0.10279455842625	-0.344605710445717	0.357104120057474	0.868496500541523	0.737968340174365	0.829434645444456	0.271093110369712	0.596436359098405	-0.253511022490161	0.82057978684363	0.623704937886695	0.837314253405094	-0.463450986225949	-0.271170070007262	0.833112874342746	0.858364149124033	0.845568700630704	0.789651740757544	0.416001918041817	0.308720138897633	-0.00483473176959587	0.104372749459237	0.91535191481003	0.231046914626935	-0.086486343736292	0.12431119025556	0.839682714546598	-0.300554321783536	0.647653807177011	0.401717546557454	0.818943505328226	0.764512906033648	0.282439685064501	0.769013911645818	0.725870790138102	0.894273995604554	0.577947825712826	0.000323876302687758	0.858510018734527	0.30246624410053	0.550736091157931
