""	CD8B	CD8A	IFITM1	CD3G	CD3D	KLRD1	CD44	KLRK1	CD247	PTPRC	ITGA4	CD2	CD69	PTGER4	CXCR4	CD46	ITGB1	ADGRE5	IL2RG	C1QBP	ITGAM	CD47	CD4	ADRB2	HAVCR2	SORL1	ITGAL	SPN	CD6	ITGB2	ADORA3	CD68	AXL	RHBDF2	TMIGD3	LAIR1	TNFRSF1A	VSIR	HLA.DPB1	PLXDC2	CD9	RACK1	CD163	LRP1	TREM2	FPR1	TSPAN14	PTPRA	CD74	CANX	CD81	APLP2	CD63
CD8B	1	0.631699777019179	0.840248450436756	0.826037597566092	0.811987298277357	0.77298573130986	0.885102856130527	0.838761239558774	0.696309290095154	0.641611695720311	0.235548772803308	0.808884478067246	0.634495563408929	0.560242877772434	0.581887234251605	0.209919795372077	0.266881264667495	0.836267910817617	0.843409465498498	0.393697283747956	-0.175198064405086	0.565126895956722	0.0720220492938316	7.22606305996557e-07	0.0194570858415769	-0.0660916994076859	0.594302961507821	0.764832100301219	0.796445553610788	0.11216032474365	-0.238470820841558	-0.183492051861499	-0.158541005295209	0.00450442772026639	-0.133656466453795	-0.0131312381670388	0.138256204223298	-0.126235864146751	0.0559933937572923	-0.0876848596259041	0.0138691180898203	0.319932973732889	-0.0112375384492384	-0.024450746854733	-0.123152281217939	-0.139474414897778	0.0809220704171729	0.51556850605763	-0.0796504134815747	0.253106862001649	-0.101783994654196	0.0266386599780042	-0.126779325822079
CD8A	0.631699777019179	1	0.575773635514785	0.335655519654963	0.839831362349738	0.620944203833884	0.653263639337623	0.459226293588393	0.58742336877032	0.545688674851595	0.822264147629976	0.671963296548975	0.85495210949472	0.305135702048216	0.833621502201277	0.380136558874724	0.313899092044631	0.694666701861113	0.745833731190099	0.347568589299114	-0.105467761946613	0.775518259012202	0.111651501000828	-0.0352805051667334	0.0375798514879624	0.00980323258242374	0.225867609532736	0.550661515986448	0.521924715114799	0.120131506694188	-0.12374095807961	-0.157165301999016	-0.0235543328973666	0.106645803892972	-0.0367986376314043	-0.00678249539678901	0.172371664477853	0.0289895382896892	0.135521523144263	-0.0202877703429179	0.132480766863496	0.361482821881658	0.0521305594406009	-0.0238475266575099	-0.0572093660074375	-0.00409177494479598	0.139202691005208	0.211573158599231	0.0116531702342714	0.131204889827951	-0.0673116496560767	0.00237887679103126	-0.10616838287442
IFITM1	0.840248450436756	0.575773635514785	1	0.789442948971941	0.855330512662432	0.976801428815932	0.835398831891363	0.96063949622239	0.949470413080484	0.385432620646282	0.324194711650152	0.881681206114068	0.541427069245322	0.169379236301149	0.482528747082986	-0.0172854853007444	-0.0483719255477081	0.74983244549238	0.833912286828045	0.112713806457152	-0.430637770569779	0.576657524738834	-0.219230137307462	-0.279355494507568	-0.2912656021364	-0.426984775693513	0.308287095308848	0.615752945264132	0.886031734424516	-0.146851633667268	-0.463092673238276	-0.425005113662465	-0.44133328563634	-0.305140023414762	-0.426590549211472	-0.354580130578599	-0.18355233603174	-0.379393196106086	-0.352511230445187	-0.426535323931546	-0.361271205577041	-0.0269411935364526	-0.313663130496637	-0.372623628188488	-0.418405501967893	-0.472357746275067	-0.262236207081107	0.189661875818528	-0.433418967676021	-0.0838861988047857	-0.403293013599713	-0.314528793540127	-0.421139231231441
CD3G	0.826037597566092	0.335655519654963	0.789442948971941	1	0.727376420465214	0.731075537219187	0.870378005516685	0.906491459753627	0.594509087489658	0.464952729950743	-0.025403235570437	0.858676600327051	0.380012125016717	0.250021472897203	0.329915431437643	-0.00822848047725386	-0.0722824716683681	0.810314712425741	0.732536486578949	0.307258938581119	-0.371232416412759	0.256715310097998	-0.160455108352358	-0.193914005135897	-0.211185132876635	-0.306063525743753	0.412394594730198	0.676346658393506	0.926305877953745	-0.0946988478883131	-0.409808869919577	-0.350264063971583	-0.37750816749837	-0.232760379273051	-0.341048240874935	-0.232004607612918	-0.0276702888421855	-0.376071424484249	-0.200292877147395	-0.339635658903019	-0.274418458589654	0.121376910817613	-0.214204249072104	-0.248992560938798	-0.338505889059723	-0.374512995272713	-0.189336523302665	0.292523117031594	-0.308910036646446	0.0343158295574644	-0.292937962739569	-0.192630452431094	-0.332221443860857
CD3D	0.811987298277357	0.839831362349738	0.855330512662432	0.727376420465214	1	0.874714968613654	0.887032951657505	0.815420670764102	0.796126502018874	0.523802875028293	0.593012652158027	0.954002082836398	0.745051296073309	0.204228760632282	0.74877356712367	0.167537643855388	0.0490250546756014	0.888984536291669	0.940823031281683	0.300251791323706	-0.360113182005146	0.680160741724044	-0.135874510563711	-0.225122183781656	-0.212400109893174	-0.282104677385074	0.306582549619805	0.712327826093369	0.851052434279633	-0.0708981690974945	-0.385582586994319	-0.391574584091425	-0.31813990008315	-0.173291962180532	-0.308932904743906	-0.264043115123847	-0.00830079047857324	-0.273422605045211	-0.13807726156459	-0.324012747404768	-0.196438181634049	0.2125920882707	-0.180588386162972	-0.28157083185212	-0.336101569262822	-0.345493452840066	-0.139958703329015	0.113942133783527	-0.282251977466132	-0.0312702895096498	-0.319626284057817	-0.232971802027693	-0.376257740115537
KLRD1	0.77298573130986	0.620944203833884	0.976801428815932	0.731075537219187	0.874714968613654	1	0.80131781276891	0.92559386851375	0.960941497117237	0.378692860223886	0.449798738667112	0.890339373948603	0.577912253671998	0.114804940806044	0.554670269073884	0.00101524528784725	-0.0605547093736955	0.729142040726254	0.830327902394745	0.0893539988347032	-0.411534523366776	0.620548014153511	-0.213560165158744	-0.276295221397236	-0.286918844274179	-0.43148486106556	0.242043097826674	0.600517915076873	0.877206781484206	-0.153338726729133	-0.443138566445396	-0.439895914668052	-0.428852769167957	-0.273067008792324	-0.428066623272076	-0.366667587059034	-0.186807433007923	-0.366400081873402	-0.369348549738915	-0.441377958063412	-0.385965353227089	-0.0464305663479212	-0.324956643191275	-0.375793068035081	-0.427057329151271	-0.47271334566459	-0.27074418361825	0.125936809810882	-0.443764538183649	-0.129337978528789	-0.412912735403531	-0.336927994467772	-0.449455709284029
CD44	0.885102856130527	0.653263639337623	0.835398831891363	0.870378005516685	0.887032951657505	0.80131781276891	1	0.861007517013973	0.692296360411821	0.657183642281875	0.321454224771154	0.919580983815705	0.728991193041244	0.358330276973726	0.586617482466893	0.282084596285305	0.183218361873718	0.951273776982619	0.882770147418897	0.464769792057251	-0.196242521566085	0.50443585805078	0.0625501662455634	-0.156608090413769	-0.0526217795307796	-0.149299015783088	0.52892200048251	0.825855387031294	0.90536930610213	0.118794064938391	-0.261627517143119	-0.182743645970276	-0.165434232021029	-0.054579688298696	-0.136061500217232	-0.0826009249123446	0.196076945726455	-0.202876819648206	0.0224983856727951	-0.162228522462735	-0.0605045529622381	0.376446425632899	0.0212981017154453	-0.0959234463309965	-0.151215480086073	-0.201061152593061	0.00966275128462557	0.284483163695585	-0.10101145475755	0.194284210586526	-0.124828867831519	-0.0421802581305422	-0.158379391517086
KLRK1	0.838761239558774	0.459226293588393	0.96063949622239	0.906491459753627	0.815420670764102	0.92559386851375	0.861007517013973	1	0.859903831498258	0.404601755804046	0.15351530020703	0.901771303865167	0.44963564269124	0.154987089055385	0.398556889159334	-0.0378788592270506	-0.114562768639572	0.775571170228436	0.794004936300906	0.143497781613126	-0.46535537937224	0.444634743539575	-0.244752634738798	-0.263595344734854	-0.308893004034161	-0.437224883240869	0.311352355966193	0.62562973476172	0.942254524964963	-0.181027315757224	-0.496143027897193	-0.455813306533544	-0.473466202520398	-0.321771625703478	-0.457389500259954	-0.366698271068585	-0.165244792663417	-0.414844333670607	-0.360896358955487	-0.452675099985717	-0.395089592745161	-0.0293671140028121	-0.352917624614216	-0.389804612767573	-0.443548679033947	-0.496865368014197	-0.28793086368406	0.195924655578802	-0.445271777349405	-0.102031922125069	-0.428324108558414	-0.335825596566821	-0.4534069869333
CD247	0.696309290095154	0.58742336877032	0.949470413080484	0.594509087489658	0.796126502018874	0.960941497117237	0.692296360411821	0.859903831498258	1	0.309324623986029	0.444651293193839	0.778233864775865	0.52243934779811	0.0767294100170463	0.499848013010538	-0.00340453212803963	-0.0607587701082174	0.602333204775183	0.768038638075166	-0.0553696134218805	-0.414008020584012	0.602551959534853	-0.238571224699934	-0.249676109163819	-0.306840685783789	-0.421412796290924	0.222615888735951	0.508540218588591	0.754059181012664	-0.15868764711887	-0.43021926085223	-0.422086243092334	-0.412887565682552	-0.310469495395691	-0.421395674942017	-0.373063342497771	-0.243637385442724	-0.319854987053483	-0.378395350213329	-0.422392156845855	-0.393639448150672	-0.120210277004041	-0.329346636760145	-0.415199783790719	-0.411815697190082	-0.467185779821631	-0.269553689925416	0.0425142381107997	-0.437975215309992	-0.184808769940019	-0.42445575664223	-0.377387292978595	-0.450888892280091
PTPRC	0.641611695720311	0.545688674851595	0.385432620646282	0.464952729950743	0.523802875028293	0.378692860223886	0.657183642281875	0.404601755804046	0.309324623986029	1	0.251156391585315	0.476294171804012	0.753094954546176	0.75987316471815	0.731079918289781	0.734792239715016	0.650908505272153	0.700531641500287	0.524177992476967	0.51267870989444	0.455790754088596	0.430726773480509	0.666958004612673	0.561880285739866	0.629523380024682	0.597533719015188	0.781815887518232	0.827778049021986	0.467024119623605	0.680819316689737	0.446053703802467	0.367183541701991	0.503640681464733	0.653020630299143	0.490013880361101	0.592508816353979	0.778023863584467	0.557765877586619	0.613597639318598	0.545887135833442	0.475632811409131	0.687039855567975	0.507235425635539	0.519210075038599	0.490258319864406	0.494921918146809	0.678276073846416	0.459706243255976	0.5667255816433	0.587022120707737	0.480945269477639	0.529288526598483	0.363935920963053
ITGA4	0.235548772803308	0.822264147629976	0.324194711650152	-0.025403235570437	0.593012652158027	0.449798738667112	0.321454224771154	0.15351530020703	0.444651293193839	0.251156391585315	1	0.414695399883021	0.696254878459586	0.0492454370485824	0.720968764913039	0.282248465273073	0.213525107932355	0.362712089015799	0.520486263667457	0.157524088681935	-0.0495606024804138	0.660249966972282	0.0341025541724025	-0.132319865345444	-0.0186795855496108	-0.0371804527774081	-0.0151091490264179	0.263327219301633	0.220592993977383	0.0705751000372357	-0.0385692679988037	-0.107377702309302	0.025145597661279	0.0588877785157975	-0.0267071794493384	-0.0526725129402441	0.032532786162077	0.0105721032225492	0.0555390972586278	-0.0639641804317143	0.0559637514011072	0.202154770941221	0.056995659333272	-0.0413170225671198	-0.0516371077916451	-0.01671298858915	0.0498637130111269	-0.0900201893612855	-0.0275808759734046	-0.0120235174861281	-0.0660912635724839	-0.0558391701454328	-0.0998170155471067
CD2	0.808884478067246	0.671963296548975	0.881681206114068	0.858676600327051	0.954002082836398	0.890339373948603	0.919580983815705	0.901771303865167	0.778233864775865	0.476294171804012	0.414695399883021	1	0.629356219271017	0.124389749403059	0.612380376967417	0.0792074593249312	-0.0796697351659813	0.893010085892804	0.903582384590097	0.267067196952002	-0.430538373395833	0.511781806405581	-0.21993202971922	-0.29925859749376	-0.284650534274503	-0.384567999734898	0.275341260584382	0.719688956964691	0.937750155624269	-0.147766318905439	-0.459048913640043	-0.452114210685149	-0.414241232145622	-0.265207153836434	-0.394788115658811	-0.354675276281708	-0.0662429866046281	-0.39027395729432	-0.248794175294925	-0.430920992401274	-0.322302756740384	0.133066186628103	-0.274031433283145	-0.360481686069787	-0.421968214473569	-0.45219803821952	-0.250116933393862	0.0926692764008166	-0.380324080171793	-0.0939617494007981	-0.394153326981857	-0.312130496223331	-0.449621584433198
CD69	0.634495563408929	0.85495210949472	0.541427069245322	0.380012125016717	0.745051296073309	0.577912253671998	0.728991193041244	0.44963564269124	0.52243934779811	0.753094954546176	0.696254878459586	0.629356219271017	1	0.535573785203038	0.78760079838133	0.578327340417552	0.593537004546255	0.777780481867027	0.704161549747525	0.555273500124455	0.198396530847283	0.694730204481193	0.447985394991563	0.0836916516136006	0.34883450506555	0.249167570443921	0.509784811225796	0.740337740668469	0.522430996810033	0.513521868282039	0.197893530862683	0.248645805962841	0.325729232834682	0.353226827010037	0.324355792067935	0.301025965636029	0.498920251735085	0.223105511313817	0.40588904644863	0.276065773001165	0.398127969720724	0.661646624819302	0.41641523167759	0.314105464329131	0.303037756964347	0.256473700591232	0.430684051229705	0.327858538361202	0.324532271766521	0.494391870065685	0.309730905861786	0.339764269124417	0.257778527975943
PTGER4	0.560242877772434	0.305135702048216	0.169379236301149	0.250021472897203	0.204228760632282	0.114804940806044	0.358330276973726	0.154987089055385	0.0767294100170463	0.75987316471815	0.0492454370485824	0.124389749403059	0.535573785203038	1	0.490675250268369	0.558991802964425	0.821343383977157	0.418106233895786	0.312588725587192	0.533894245068752	0.540944542108066	0.355772118960544	0.712338611812379	0.644861390207352	0.743536447800367	0.701861484351256	0.827535166466856	0.610071211049208	0.125235790668546	0.732658415396533	0.539931241560369	0.556751506599913	0.622603629508281	0.686346583541285	0.612950067696167	0.737031959248955	0.685120795093297	0.571030284613394	0.705570676146073	0.703618110783044	0.697723693681085	0.686782542273189	0.665922378125995	0.741445840382356	0.645022592470792	0.668626474979169	0.788400154828	0.731036823899589	0.664181250909965	0.810314968746377	0.670995198795413	0.761414113688152	0.604875339694355
CXCR4	0.581887234251605	0.833621502201277	0.482528747082986	0.329915431437643	0.74877356712367	0.554670269073884	0.586617482466893	0.398556889159334	0.499848013010538	0.731079918289781	0.720968764913039	0.612380376967417	0.78760079838133	0.490675250268369	1	0.523746408841421	0.362636211640246	0.672895147583085	0.696250783466974	0.318888607013872	0.158648537714889	0.689254775500141	0.291634756609605	0.338222563794831	0.308612860826215	0.292864083688843	0.46979953447126	0.715678089726173	0.456765007357008	0.308983027174714	0.154792994052477	-0.0213024095619552	0.171316597416512	0.368370141886174	0.133833855419373	0.238857642933977	0.385964852618645	0.306822996456168	0.283243931256088	0.187399212449113	0.160138571505632	0.408002117713969	0.194882101844148	0.178385333866797	0.0984611091170473	0.192006018282003	0.357359164950568	0.188187076630612	0.191528316481813	0.235680857923864	0.109856880241516	0.201349064544984	-0.0284681657607441
CD46	0.209919795372077	0.380136558874724	-0.0172854853007444	-0.00822848047725386	0.167537643855388	0.00101524528784725	0.282084596285305	-0.0378788592270506	-0.00340453212803963	0.734792239715016	0.282248465273073	0.0792074593249312	0.578327340417552	0.558991802964425	0.523746408841421	1	0.689351221098039	0.306907384398065	0.167221458445965	0.414541258276527	0.653986610563088	0.335857529939945	0.737294633317525	0.557426715373366	0.712044295908476	0.713366670542736	0.523027786138631	0.574076971212199	0.0310201467520903	0.686188449987072	0.576620748200325	0.51379873502087	0.63854641754835	0.689262037153728	0.627043562308895	0.657065619195616	0.80263683264644	0.663915794744601	0.678852419959912	0.675572367539225	0.645734536565927	0.656804601872395	0.606906265299587	0.615234814009413	0.611329639400717	0.626130252112992	0.763013591983223	0.323473894982256	0.688818625585999	0.611691697847435	0.595712269378448	0.618948164059842	0.52729978566565
ITGB1	0.266881264667495	0.313899092044631	-0.0483719255477081	-0.0722824716683681	0.0490250546756014	-0.0605547093736955	0.183218361873718	-0.114562768639572	-0.0607587701082174	0.650908505272153	0.213525107932355	-0.0796697351659813	0.593537004546255	0.821343383977157	0.362636211640246	0.689351221098039	1	0.236912424358757	0.150353369456303	0.630015395821886	0.660515389808443	0.39111083782094	0.848001742758165	0.526274175378084	0.783873328992513	0.744833559699282	0.636481722128611	0.401882667782849	-0.0903343651659739	0.860775004962468	0.657732998372166	0.759047944062421	0.812024202955594	0.739198466262698	0.806178018881331	0.794108182317667	0.77426190577244	0.650887902118915	0.833258626420079	0.817596109162973	0.909017135460003	0.820277175762478	0.805138775635673	0.848207114865939	0.842435050999042	0.769901880374607	0.862983877241079	0.595152835979155	0.812343727393655	0.854241892856276	0.82448498374101	0.822356007517185	0.82970876991775
ADGRE5	0.836267910817617	0.694666701861113	0.74983244549238	0.810314712425741	0.888984536291669	0.729142040726254	0.951273776982619	0.775571170228436	0.602333204775183	0.700531641500287	0.362712089015799	0.893010085892804	0.777780481867027	0.418106233895786	0.672895147583085	0.306907384398065	0.236912424358757	1	0.861186389369563	0.530163127855577	-0.115193775179624	0.530508863026746	0.135867081673922	-0.0783196197033599	0.0552683773821503	-0.0440307501477811	0.536117001339751	0.829867120269165	0.843139419921421	0.215881848842523	-0.132618450975579	-0.0927744153655727	-0.0546589873654439	0.0565713277785722	-0.0249154656310229	0.0158065907133735	0.287040340948528	-0.0954089113988466	0.111386116538111	-0.0588181965138216	0.0372616328323504	0.468737876035351	0.112049245961797	0.00518791542307771	-0.0503673998574125	-0.0950041770863736	0.109937155820603	0.277852382909427	-0.0054672947199377	0.275991126787935	-0.0123243915162556	0.0714232961347898	-0.0779969631298616
IL2RG	0.843409465498498	0.745833731190099	0.833912286828045	0.732536486578949	0.940823031281683	0.830327902394745	0.882770147418897	0.794004936300906	0.768038638075166	0.524177992476967	0.520486263667457	0.903582384590097	0.704161549747525	0.312588725587192	0.696250783466974	0.167221458445965	0.150353369456303	0.861186389369563	1	0.3822759842652	-0.32039529835583	0.629872955830037	-0.104800790131136	-0.195997913437251	-0.186305630257228	-0.233281469034659	0.460876650965641	0.736083945487586	0.784914384913071	-0.0135111316659348	-0.365561787520834	-0.31412136525471	-0.251085406263099	-0.182344309570414	-0.243756059217372	-0.212161219673274	0.0154311999922627	-0.277616655016502	-0.0372922872576989	-0.269931183980565	-0.118414988547291	0.314254366119269	-0.0822277225950636	-0.214836508285226	-0.26273040436898	-0.31972383456854	-0.0893236619237876	0.126642466628553	-0.217625381981533	0.0498336053368162	-0.252819539791877	-0.17718596539988	-0.288864012557259
C1QBP	0.393697283747956	0.347568589299114	0.112713806457152	0.307258938581119	0.300251791323706	0.0893539988347032	0.464769792057251	0.143497781613126	-0.0553696134218805	0.51267870989444	0.157524088681935	0.267067196952002	0.555273500124455	0.533894245068752	0.318888607013872	0.414541258276527	0.630015395821886	0.530163127855577	0.3822759842652	1	0.316178141188168	0.427505535453175	0.533948522718911	0.090522396256132	0.421095304382836	0.327139607621684	0.468858353226925	0.465098714837177	0.270715555200924	0.501839255210213	0.235702447773571	0.414253932748969	0.401575925794768	0.374557525958732	0.450259473523658	0.430860024032935	0.58504384620676	0.189960331641649	0.533126299769112	0.401080931149826	0.612848200167449	0.829060436985037	0.496909963557671	0.541960275174603	0.443698818600352	0.348632455047933	0.491621970308587	0.486069140744958	0.446644319023345	0.709105439316393	0.487059108531075	0.567338569847573	0.555065298623945
ITGAM	-0.175198064405086	-0.105467761946613	-0.430637770569779	-0.371232416412759	-0.360113182005146	-0.411534523366776	-0.196242521566085	-0.46535537937224	-0.414008020584012	0.455790754088596	-0.0495606024804138	-0.430538373395833	0.198396530847283	0.540944542108066	0.158648537714889	0.653986610563088	0.660515389808443	-0.115193775179624	-0.32039529835583	0.316178141188168	1	-0.00849841259668234	0.909249508741112	0.691770498671799	0.918920870661289	0.898474400428062	0.505489675190098	0.1986980910792	-0.392409255381443	0.841001218687564	0.912408362388886	0.844419310919529	0.889407333380154	0.908552242623905	0.890860334530132	0.904601123158946	0.814872779542322	0.836004263511271	0.783220626829549	0.903466885667171	0.719335776604746	0.581668830536116	0.830680894723815	0.897400884441369	0.8667209482254	0.875320557389191	0.888533375357289	0.3681214035193	0.886572802386307	0.735697860975922	0.89398029847515	0.866431419094479	0.827660975875726
CD47	0.565126895956722	0.775518259012202	0.576657524738834	0.256715310097998	0.680160741724044	0.620548014153511	0.50443585805078	0.444634743539575	0.602551959534853	0.430726773480509	0.660249966972282	0.511781806405581	0.694730204481193	0.355772118960544	0.689254775500141	0.335857529939945	0.39111083782094	0.530508863026746	0.629872955830037	0.427505535453175	-0.00849841259668234	1	0.19008556680586	0.0241760592653894	0.0925311866743133	0.00901521973200988	0.242739633579668	0.47602359498503	0.452783065358023	0.16728518439733	-0.0851763648201156	-0.0820656427356073	-0.00751769712844776	0.13367671355862	-0.0138867947642078	0.0563861517746126	0.143673170497147	0.0456317071620479	0.071874450942557	0.0289434052270042	0.20393626274241	0.313789854145144	0.0268407244085476	0.113887495154589	-0.00334526307724291	-0.00870128494824887	0.187196968195159	0.347085643441307	-0.00262128345169206	0.264504793842462	0.00168040724093542	0.147676062344542	0.020818702392722
CD4	0.0720220492938316	0.111651501000828	-0.219230137307462	-0.160455108352358	-0.135874510563711	-0.213560165158744	0.0625501662455634	-0.244752634738798	-0.238571224699934	0.666958004612673	0.0341025541724025	-0.21993202971922	0.447985394991563	0.712338611812379	0.291634756609605	0.737294633317525	0.848001742758165	0.135867081673922	-0.104800790131136	0.533948522718911	0.909249508741112	0.19008556680586	1	0.687671629338536	0.941127479528775	0.890292464855642	0.618665406624525	0.375322372157725	-0.161082626300531	0.933696299593352	0.85456230144939	0.868397647097976	0.911020045223984	0.928030786734712	0.918754047934377	0.93714761993911	0.91234148391169	0.831056379089198	0.860359307690643	0.936792021998012	0.836661697592756	0.757189386624865	0.869418793699659	0.938630649146508	0.918739049651868	0.891634530435813	0.944986359083122	0.528239779160567	0.926251360180982	0.855013991809139	0.925597053972359	0.916957174397968	0.879706025817704
ADRB2	7.22606305996557e-07	-0.0352805051667334	-0.279355494507568	-0.193914005135897	-0.225122183781656	-0.276295221397236	-0.156608090413769	-0.263595344734854	-0.249676109163819	0.561880285739866	-0.132319865345444	-0.29925859749376	0.0836916516136006	0.644861390207352	0.338222563794831	0.557426715373366	0.526274175378084	-0.0783196197033599	-0.195997913437251	0.090522396256132	0.691770498671799	0.0241760592653894	0.687671629338536	1	0.783777717066816	0.860193805954257	0.503946176645128	0.260906820296752	-0.275159727940897	0.620282889264321	0.720153389886688	0.500435953365441	0.658220403204478	0.813787742392066	0.614107933594952	0.775232994079728	0.680465992731526	0.853782818844159	0.628218191933791	0.77339943837296	0.522158871347206	0.335874550717042	0.52172872474385	0.667101792874757	0.631356795105456	0.744865885237241	0.773479035980485	0.341856689996509	0.699232881711384	0.470878456218054	0.612707204520448	0.653605994853747	0.488183076147786
HAVCR2	0.0194570858415769	0.0375798514879624	-0.2912656021364	-0.211185132876635	-0.212400109893174	-0.286918844274179	-0.0526217795307796	-0.308893004034161	-0.306840685783789	0.629523380024682	-0.0186795855496108	-0.284650534274503	0.34883450506555	0.743536447800367	0.308612860826215	0.712044295908476	0.783873328992513	0.0552683773821503	-0.186305630257228	0.421095304382836	0.918920870661289	0.0925311866743133	0.941127479528775	0.783777717066816	1	0.942740035086114	0.586522637524056	0.345584178061468	-0.254125731441699	0.899774574063363	0.914841228211702	0.841534935598933	0.902839360862195	0.950768626661462	0.897127160729325	0.948155709271744	0.886429129374011	0.886641822398015	0.815851510305581	0.948780433651518	0.800528289546635	0.658542134412245	0.820956114812454	0.936024199157301	0.899440385936345	0.929785150311696	0.963552060662348	0.526209405633681	0.906882587300746	0.827023068611895	0.923891447663535	0.932018173141921	0.840444618658279
SORL1	-0.0660916994076859	0.00980323258242374	-0.426984775693513	-0.306063525743753	-0.282104677385074	-0.43148486106556	-0.149299015783088	-0.437224883240869	-0.421412796290924	0.597533719015188	-0.0371804527774081	-0.384567999734898	0.249167570443921	0.701861484351256	0.292864083688843	0.713366670542736	0.744833559699282	-0.0440307501477811	-0.233281469034659	0.327139607621684	0.898474400428062	0.00901521973200988	0.890292464855642	0.860193805954257	0.942740035086114	1	0.578196125673999	0.262656390944174	-0.384706750575578	0.849834140819926	0.898436651705733	0.793076440025339	0.903216356170272	0.933650780808678	0.881485356848528	0.947493332929773	0.869987521301878	0.92659410107799	0.878606084974411	0.965279948825592	0.804257689330675	0.632313149625736	0.817000418531412	0.895636759088321	0.882823844209917	0.943682392174758	0.954137625901348	0.409968548405858	0.937051503782601	0.732045367654432	0.880784442559495	0.875612832782133	0.788076836338072
ITGAL	0.594302961507821	0.225867609532736	0.308287095308848	0.412394594730198	0.306582549619805	0.242043097826674	0.52892200048251	0.311352355966193	0.222615888735951	0.781815887518232	-0.0151091490264179	0.275341260584382	0.509784811225796	0.827535166466856	0.46979953447126	0.523027786138631	0.636481722128611	0.536117001339751	0.460876650965641	0.468858353226925	0.505489675190098	0.242739633579668	0.618665406624525	0.503946176645128	0.586522637524056	0.578196125673999	1	0.728939444486418	0.282355885117097	0.686924290771013	0.43001175994277	0.480488343871893	0.517095729607792	0.531275033225614	0.530195658004173	0.61643154804985	0.640659653210843	0.462536529892553	0.626288320443064	0.55510687577619	0.465010182222331	0.655415833659129	0.65604987914164	0.563178870100663	0.520907556138567	0.480582366421807	0.657376876442205	0.47407712628922	0.566523150951796	0.676281674086996	0.548615820024811	0.58082763723848	0.462236388035979
SPN	0.764832100301219	0.550661515986448	0.615752945264132	0.676346658393506	0.712327826093369	0.600517915076873	0.825855387031294	0.62562973476172	0.508540218588591	0.827778049021986	0.263327219301633	0.719688956964691	0.740337740668469	0.610071211049208	0.715678089726173	0.574076971212199	0.401882667782849	0.829867120269165	0.736083945487586	0.465098714837177	0.1986980910792	0.47602359498503	0.375322372157725	0.260906820296752	0.345584178061468	0.262656390944174	0.728939444486418	1	0.677013444625725	0.430355022491569	0.13735410460188	0.129439535441158	0.180530755905149	0.311530007488694	0.215405814185566	0.283621789118408	0.508208038540646	0.196505204073871	0.328183776821059	0.211642884463638	0.198306378117084	0.557375081187997	0.294780085664352	0.244951073387254	0.172208353455494	0.157545185304185	0.373016233235578	0.364309245917817	0.250222762369716	0.451858344139588	0.21424672606561	0.316016319418988	0.114385361968538
CD6	0.796445553610788	0.521924715114799	0.886031734424516	0.926305877953745	0.851052434279633	0.877206781484206	0.90536930610213	0.942254524964963	0.754059181012664	0.467024119623605	0.220592993977383	0.937750155624269	0.522430996810033	0.125235790668546	0.456765007357008	0.0310201467520903	-0.0903343651659739	0.843139419921421	0.784914384913071	0.270715555200924	-0.392409255381443	0.452783065358023	-0.161082626300531	-0.275159727940897	-0.254125731441699	-0.384706750575578	0.282355885117097	0.677013444625725	1	-0.126396555765637	-0.446653604193862	-0.415924705993046	-0.423278461888613	-0.234597912214312	-0.393767613577612	-0.307679750206356	-0.056916399574724	-0.386360428717148	-0.291415475860762	-0.405863877535401	-0.339521288338311	0.0645984870367008	-0.284533812351167	-0.317781008697474	-0.398078221970426	-0.420529918220342	-0.242108894341994	0.219336569341219	-0.376847775166119	-0.0539234465628317	-0.359581667159774	-0.266519980006435	-0.397732263806207
ITGB2	0.11216032474365	0.120131506694188	-0.146851633667268	-0.0946988478883131	-0.0708981690974945	-0.153338726729133	0.118794064938391	-0.181027315757224	-0.15868764711887	0.680819316689737	0.0705751000372357	-0.147766318905439	0.513521868282039	0.732658415396533	0.308983027174714	0.686188449987072	0.860775004962468	0.215881848842523	-0.0135111316659348	0.501839255210213	0.841001218687564	0.16728518439733	0.933696299593352	0.620282889264321	0.899774574063363	0.849834140819926	0.686924290771013	0.430355022491569	-0.126396555765637	1	0.878698808667314	0.910221859759335	0.929597856819693	0.842718919896305	0.935955674848731	0.91671459024002	0.885393898991966	0.796218392492379	0.85510483726231	0.912203036137578	0.827954504041871	0.787251265442523	0.909646466835496	0.904446612120186	0.938868283687581	0.846274719499259	0.924649421291784	0.427153270257216	0.90965070513348	0.865769739416967	0.94237795392169	0.898895029040638	0.884331387374525
ADORA3	-0.238470820841558	-0.12374095807961	-0.463092673238276	-0.409808869919577	-0.385582586994319	-0.443138566445396	-0.261627517143119	-0.496143027897193	-0.43021926085223	0.446053703802467	-0.0385692679988037	-0.459048913640043	0.197893530862683	0.539931241560369	0.154792994052477	0.576620748200325	0.657732998372166	-0.132618450975579	-0.365561787520834	0.235702447773571	0.912408362388886	-0.0851763648201156	0.85456230144939	0.720153389886688	0.914841228211702	0.898436651705733	0.43001175994277	0.13735410460188	-0.446653604193862	0.878698808667314	1	0.887938843658829	0.937664161630778	0.886221729817907	0.919526225582934	0.919002921391166	0.809390385232506	0.889934430049294	0.774429924576886	0.92426502702527	0.725106697912145	0.549147940413058	0.809029855705753	0.873626468051914	0.915601212974861	0.887708477178387	0.872392997638609	0.235819473971885	0.896322833664136	0.701211174850264	0.917465421975713	0.858706275070784	0.83181570850731
CD68	-0.183492051861499	-0.157165301999016	-0.425005113662465	-0.350264063971583	-0.391574584091425	-0.439895914668052	-0.182743645970276	-0.455813306533544	-0.422086243092334	0.367183541701991	-0.107377702309302	-0.452114210685149	0.248645805962841	0.556751506599913	-0.0213024095619552	0.51379873502087	0.759047944062421	-0.0927744153655727	-0.31412136525471	0.414253932748969	0.844419310919529	-0.0820656427356073	0.868397647097976	0.500435953365441	0.841534935598933	0.793076440025339	0.480488343871893	0.129439535441158	-0.415924705993046	0.910221859759335	0.887938843658829	1	0.946467551217282	0.752387373323582	0.969918814351879	0.885202809934565	0.763942411428105	0.746032710907427	0.828517720021089	0.903763937215924	0.830908094662963	0.698363680445505	0.903783508480598	0.894235343536909	0.967475064718198	0.846609836998846	0.838937802840162	0.317072216825726	0.91238520584111	0.820925612549727	0.964955415872082	0.883287767496961	0.959881643144149
AXL	-0.158541005295209	-0.0235543328973666	-0.44133328563634	-0.37750816749837	-0.31813990008315	-0.428852769167957	-0.165434232021029	-0.473466202520398	-0.412887565682552	0.503640681464733	0.025145597661279	-0.414241232145622	0.325729232834682	0.622603629508281	0.171316597416512	0.63854641754835	0.812024202955594	-0.0546589873654439	-0.251085406263099	0.401575925794768	0.889407333380154	-0.00751769712844776	0.911020045223984	0.658220403204478	0.902839360862195	0.903216356170272	0.517095729607792	0.180530755905149	-0.423278461888613	0.929597856819693	0.937664161630778	0.946467551217282	1	0.873957131305305	0.982270138587455	0.938226013694348	0.854386971581955	0.851934963319629	0.911251047248525	0.957401717067343	0.862985328770537	0.731425966768229	0.914075708458501	0.923873401181217	0.985137937287399	0.915779788851526	0.921786500274402	0.287137167089872	0.972257109218572	0.785139465943184	0.961766203324887	0.884037165991905	0.912699372995435
RHBDF2	0.00450442772026639	0.106645803892972	-0.305140023414762	-0.232760379273051	-0.173291962180532	-0.273067008792324	-0.054579688298696	-0.321771625703478	-0.310469495395691	0.653020630299143	0.0588877785157975	-0.265207153836434	0.353226827010037	0.686346583541285	0.368370141886174	0.689262037153728	0.739198466262698	0.0565713277785722	-0.182344309570414	0.374557525958732	0.908552242623905	0.13367671355862	0.928030786734712	0.813787742392066	0.950768626661462	0.933650780808678	0.531275033225614	0.311530007488694	-0.234597912214312	0.842718919896305	0.886221729817907	0.752387373323582	0.873957131305305	1	0.848840128361999	0.920943424087578	0.880806531675187	0.892466910038496	0.811329482620433	0.911248739354858	0.74793006223903	0.618455075625992	0.76632527319994	0.898505791763098	0.850547280153615	0.913463782477402	0.925904083381726	0.480535378455786	0.89004029490773	0.727801937216709	0.856546008494541	0.865185612199025	0.759743943868815
TMIGD3	-0.133656466453795	-0.0367986376314043	-0.426590549211472	-0.341048240874935	-0.308932904743906	-0.428066623272076	-0.136061500217232	-0.457389500259954	-0.421395674942017	0.490013880361101	-0.0267071794493384	-0.394788115658811	0.324355792067935	0.612950067696167	0.133833855419373	0.627043562308895	0.806178018881331	-0.0249154656310229	-0.243756059217372	0.450259473523658	0.890860334530132	-0.0138867947642078	0.918754047934377	0.614107933594952	0.897127160729325	0.881485356848528	0.530195658004173	0.215405814185566	-0.393767613577612	0.935955674848731	0.919526225582934	0.969918814351879	0.982270138587455	0.848840128361999	1	0.930677001383206	0.856827109821022	0.83556775432015	0.907136803491249	0.95235637355093	0.871185203252292	0.76487127182353	0.921639703703801	0.921344030681094	0.98511633548162	0.89734253435519	0.910159362410203	0.325981203047613	0.969109537488726	0.823815993928413	0.974452578315679	0.902272345118542	0.941223262496995
LAIR1	-0.0131312381670388	-0.00678249539678901	-0.354580130578599	-0.232004607612918	-0.264043115123847	-0.366667587059034	-0.0826009249123446	-0.366698271068585	-0.373063342497771	0.592508816353979	-0.0526725129402441	-0.354675276281708	0.301025965636029	0.737031959248955	0.238857642933977	0.657065619195616	0.794108182317667	0.0158065907133735	-0.212161219673274	0.430860024032935	0.904601123158946	0.0563861517746126	0.93714761993911	0.775232994079728	0.948155709271744	0.947493332929773	0.61643154804985	0.283621789118408	-0.307679750206356	0.91671459024002	0.919002921391166	0.885202809934565	0.938226013694348	0.920943424087578	0.930677001383206	1	0.869155732889825	0.888808385011646	0.884124232568086	0.97514960693886	0.827707232456847	0.692305157376501	0.875332110102293	0.944769152554487	0.936664445256942	0.938510662625855	0.954896643906605	0.457886063535572	0.953066992731518	0.831246788839574	0.942434534506718	0.937927894653832	0.879982026664893
TNFRSF1A	0.138256204223298	0.172371664477853	-0.18355233603174	-0.0276702888421855	-0.00830079047857324	-0.186807433007923	0.196076945726455	-0.165244792663417	-0.243637385442724	0.778023863584467	0.032532786162077	-0.0662429866046281	0.498920251735085	0.685120795093297	0.385964852618645	0.80263683264644	0.77426190577244	0.287040340948528	0.0154311999922627	0.58504384620676	0.814872779542322	0.143673170497147	0.91234148391169	0.680465992731526	0.886429129374011	0.869987521301878	0.640659653210843	0.508208038540646	-0.056916399574724	0.885393898991966	0.809390385232506	0.763942411428105	0.854386971581955	0.880806531675187	0.856827109821022	0.869155732889825	1	0.797732243910417	0.857169621385633	0.873106671018299	0.79511644819137	0.804629695828227	0.801560363771475	0.846340313044754	0.846219472466807	0.808080418239302	0.903307036789962	0.391073007977636	0.894672940957622	0.790510616670897	0.845265539350059	0.840886152411557	0.772715568110747
VSIR	-0.126235864146751	0.0289895382896892	-0.379393196106086	-0.376071424484249	-0.273422605045211	-0.366400081873402	-0.202876819648206	-0.414844333670607	-0.319854987053483	0.557765877586619	0.0105721032225492	-0.39027395729432	0.223105511313817	0.571030284613394	0.306822996456168	0.663915794744601	0.650887902118915	-0.0954089113988466	-0.277616655016502	0.189960331641649	0.836004263511271	0.0456317071620479	0.831056379089198	0.853782818844159	0.886641822398015	0.92659410107799	0.462536529892553	0.196505204073871	-0.386360428717148	0.796218392492379	0.889934430049294	0.746032710907427	0.851934963319629	0.892466910038496	0.83556775432015	0.888808385011646	0.797732243910417	1	0.775721597658729	0.905773846495954	0.676808860979256	0.510268211606142	0.684944750259749	0.775031438528596	0.834615558679725	0.882416931595047	0.87590951448835	0.261485304671682	0.871278263450751	0.592998666384744	0.793107648697982	0.772739146129864	0.710914711462817
HLA-DPB1	0.0559933937572923	0.135521523144263	-0.352511230445187	-0.200292877147395	-0.13807726156459	-0.369348549738915	0.0224983856727951	-0.360896358955487	-0.378395350213329	0.613597639318598	0.0555390972586278	-0.248794175294925	0.40588904644863	0.705570676146073	0.283243931256088	0.678852419959912	0.833258626420079	0.111386116538111	-0.0372922872576989	0.533126299769112	0.783220626829549	0.071874450942557	0.860359307690643	0.628218191933791	0.815851510305581	0.878606084974411	0.626288320443064	0.328183776821059	-0.291415475860762	0.85510483726231	0.774429924576886	0.828517720021089	0.911251047248525	0.811329482620433	0.907136803491249	0.884124232568086	0.857169621385633	0.775721597658729	1	0.897700997552649	0.876708617006865	0.857649548097499	0.868939101584856	0.863008143720297	0.904181802865211	0.852818171669267	0.888681077256836	0.349686778670054	0.961533318300423	0.765402734301587	0.860958477287719	0.822243201482364	0.830362565818858
PLXDC2	-0.0876848596259041	-0.0202877703429179	-0.426535323931546	-0.339635658903019	-0.324012747404768	-0.441377958063412	-0.162228522462735	-0.452675099985717	-0.422392156845855	0.545887135833442	-0.0639641804317143	-0.430920992401274	0.276065773001165	0.703618110783044	0.187399212449113	0.675572367539225	0.817596109162973	-0.0588181965138216	-0.269931183980565	0.401080931149826	0.903466885667171	0.0289434052270042	0.936792021998012	0.77339943837296	0.948780433651518	0.965279948825592	0.55510687577619	0.211642884463638	-0.405863877535401	0.912203036137578	0.92426502702527	0.903763937215924	0.957401717067343	0.911248739354858	0.95235637355093	0.97514960693886	0.873106671018299	0.905773846495954	0.897700997552649	1	0.881008140208747	0.690513509181446	0.879836358394168	0.944095488982005	0.960070507496719	0.955399523478199	0.963248189881537	0.437314499182446	0.970174264565696	0.817938413975939	0.955585126427167	0.930668810407561	0.902867466624309
CD9	0.0138691180898203	0.132480766863496	-0.361271205577041	-0.274418458589654	-0.196438181634049	-0.385965353227089	-0.0605045529622381	-0.395089592745161	-0.393639448150672	0.475632811409131	0.0559637514011072	-0.322302756740384	0.398127969720724	0.697723693681085	0.160138571505632	0.645734536565927	0.909017135460003	0.0372616328323504	-0.118414988547291	0.612848200167449	0.719335776604746	0.20393626274241	0.836661697592756	0.522158871347206	0.800528289546635	0.804257689330675	0.465010182222331	0.198306378117084	-0.339521288338311	0.827954504041871	0.725106697912145	0.830908094662963	0.862985328770537	0.74793006223903	0.871185203252292	0.827707232456847	0.79511644819137	0.676808860979256	0.876708617006865	0.881008140208747	1	0.81146715373305	0.833140005736791	0.898434828809351	0.893331306168301	0.826193037432598	0.874274945841158	0.52354269132023	0.878332956553005	0.86263838912091	0.88619554661505	0.876670689095939	0.904099118870789
