""	CD3D	CD3G	CD44	CD247	CD2	PTPRC	IFITM1	CD8A	CXCR4	CD8B	CD69	PTGER4	ITGB2	KLRD1	ITGA4	IL2RG	KLRK1	ITGB1	ICOS	SORL1	CXCR6	CTLA4	TNFRSF1B	SPN	CD47	C1QBP	CD46	CD28	S1PR4	ADGRE5	ITGAL	TNFRSF14	LPP	CD81	HAVCR2	ITGAV	TSPAN5	F2R	LRP1	RACK1	VSIR	CLEC2D	CD96	NOTCH1	ANTXR1	PTGER2	PTPRJ	RAMP1	ERBB3	JMJD6	CD63	HLA.DPB1	SMAP1	CD6	THY1	ATP5F1B	PDGFRA	RPSA	CANX	GPR171	HLA.DPA1	CD74	PTPRA	NCL	PTPRZ1	ROBO1
CD3D	1	0.994232922855002	0.995586233237722	0.987051178237412	0.993274557234337	0.975164609370554	0.982707136459334	0.986373628458156	0.955155057324645	0.988552849223562	0.983909870897563	0.921715635088746	0.782704135858962	0.968193848480617	0.961927461796304	0.986722646806622	0.946068858574039	0.6164896966137	0.930122861970443	-0.177929340744652	0.976854710608389	0.957647417831603	0.345734349307945	0.97233567458069	0.40046722921659	0.0867715914912784	-0.0555612954439911	0.910707173329704	0.990925811840991	0.992097343132938	0.971661612968113	0.940545691630135	-0.234654809975369	-0.192199642167329	-0.0407899703336882	-0.286572735786407	0.419199324117003	0.884691142559396	-0.45235943544692	0.244720232543399	-0.0104656487555792	0.967109222702786	0.996394202171075	-0.45949601695877	-0.108668538948533	0.985277956743435	0.0596689832486163	-0.163687464691149	0.0363677584891219	0.258790357332527	-0.273369755359965	0.107930980866873	0.163985071487122	0.98257477013438	-0.384524138152441	-0.203654896786774	-0.289066108711554	0.191264441109949	-0.314855237669672	0.993583078946807	0.114106680541921	-0.0657028805178235	-0.0396992985155431	-0.0258957646550907	-0.328188658849888	-0.303527822000459
CD3G	0.994232922855002	1	0.995099106672425	0.979390800477624	0.995452130100644	0.979059123198656	0.983573448267838	0.989011184740379	0.955947540009043	0.991498565861551	0.985406815199394	0.922084606519257	0.788765289827121	0.960902588847902	0.967415709139759	0.993182227496375	0.951440185969576	0.600309867547923	0.930094807979546	-0.168502936001737	0.974115411650245	0.964070595844556	0.346838066243305	0.971208906283584	0.364400331079627	0.0616922591378496	-0.089174682248512	0.934789874900847	0.987057928175284	0.99451110501973	0.980868854628265	0.933432470035329	-0.253940209288539	-0.212138249967182	-0.0371943335143828	-0.322282222881589	0.384865868795978	0.865910558476417	-0.476527544700155	0.220018633908837	-0.00326795377535369	0.967779914163152	0.994977939203019	-0.486503506256468	-0.160774584652275	0.984354290954381	0.0547384230778464	-0.205897604776907	0.0357036958602715	0.255396598527003	-0.28863482544686	0.128706050323282	0.119124203051313	0.971403414660155	-0.409726354116812	-0.231236103171907	-0.326918069817307	0.162244641914484	-0.342703348779646	0.996539510498494	0.125587917317632	-0.0519685464372423	-0.0819725250860045	-0.0644057856917324	-0.365621923980494	-0.341912960832258
CD44	0.995586233237722	0.995099106672425	1	0.977712981197736	0.993318138304058	0.982362597744967	0.985070221774979	0.983284255579029	0.96418272548813	0.983230335927314	0.986705835102689	0.925791424823657	0.798631980619491	0.950328019907484	0.971469117254103	0.988196385317153	0.935332258313959	0.640470648508341	0.945080211362438	-0.146533118313821	0.980196210519816	0.960597031733593	0.376615471264633	0.979713746754798	0.418038619050558	0.110480323467108	-0.0160127182018349	0.917027609590478	0.987215669621648	0.9887623582381	0.969139343514813	0.938361993871861	-0.193119610698726	-0.16829540683035	-0.0183290381584682	-0.2602318489153	0.438214902851456	0.88511337475607	-0.427620695337778	0.264375834084366	0.0177418087434805	0.979737050193806	0.991284216157391	-0.423845000414082	-0.115906376683602	0.979750251623998	0.101818733217569	-0.158194646857352	0.0753618086000469	0.277379603556508	-0.245161634674845	0.133693386078366	0.167668024750715	0.977980441439312	-0.363819716354671	-0.187713912289072	-0.276138568515699	0.210069112871306	-0.29172557153378	0.993994285063238	0.135082047334246	-0.0425526504948533	-0.021173742906884	-0.0102750184517833	-0.310624120037412	-0.285257895038278
CD247	0.987051178237412	0.979390800477624	0.977712981197736	1	0.983015590294539	0.961644498885003	0.97719971186516	0.976107222451239	0.942252667885504	0.979200954135534	0.981913103359796	0.912009974369201	0.745991179635704	0.988270219420933	0.959188442298623	0.984134515294131	0.952045031807739	0.585411228768789	0.907747109485297	-0.21503363660396	0.960020152452595	0.938782488831718	0.319151269449531	0.942348696570398	0.383014073581932	0.0519199622549938	-0.0864542546808797	0.887140711347998	0.992582028730691	0.984199364802264	0.966678122455722	0.920303483889377	-0.264337141313677	-0.226011776064214	-0.0564850258058214	-0.308656302969999	0.384505894430038	0.87602117092968	-0.470771318357012	0.207307762218006	-0.0508349935431553	0.94817341863976	0.990938510981225	-0.48125081071351	-0.113785511891947	0.981835203659862	0.0181818080239517	-0.163605139916522	0.017802436753095	0.255511590619171	-0.308359700474964	0.0579629679386138	0.149608697605916	0.963444750294436	-0.407184783110767	-0.237375931700739	-0.28944529177547	0.159588673440611	-0.339450509697095	0.984342245284676	0.0742729218783361	-0.101835330521062	-0.0600025892719473	-0.0463520791689001	-0.337409496260474	-0.311647558778253
CD2	0.993274557234337	0.995452130100644	0.993318138304058	0.983015590294539	1	0.977429520628539	0.989274697782231	0.992442148714302	0.959067201955481	0.987942577151124	0.989484725505533	0.914930924076571	0.783570322727041	0.965456574532929	0.969752718821096	0.995937894255037	0.945900278325972	0.586086409074828	0.930022333638473	-0.177672133573724	0.973731002728612	0.95466361377765	0.357561311876628	0.970094531282987	0.359433285422575	0.051060897882519	-0.0949083439347507	0.934739923317331	0.988646645542801	0.987376528357055	0.975338506968141	0.922099357710546	-0.254646531314962	-0.218045449476055	-0.0328567754548255	-0.329822453828572	0.37398291908267	0.86250038456401	-0.477961407294363	0.213396952598396	-0.00571588769473581	0.962966997996929	0.994482608055683	-0.49070285947786	-0.16703301324664	0.982315293577514	0.0510016634140357	-0.209786300327839	0.0169176109045912	0.262215138019459	-0.293476292215408	0.120427575634934	0.115639808201315	0.965423090285347	-0.414582903544915	-0.236054239616909	-0.331363712812909	0.153925208706918	-0.3473881187429	0.992204715469057	0.120772476057349	-0.0549573531572887	-0.0812177705084764	-0.0673902473027752	-0.370600982934447	-0.342194947461105
PTPRC	0.975164609370554	0.979059123198656	0.982362597744967	0.961644498885003	0.977429520628539	1	0.979482358542519	0.951154024419846	0.990476509581926	0.948516863998028	0.991196772267201	0.939892564786633	0.883905300563444	0.923627761866737	0.988703172654253	0.975602123924633	0.887720184572534	0.703573565420859	0.972580818533432	0.00853179274118135	0.983291824180544	0.95070889494587	0.510932794933834	0.979724846162985	0.442417459954608	0.162033018743339	0.0322713532880912	0.921140643020948	0.971754022993797	0.967641015076447	0.960854069926648	0.947619032976366	-0.106203189766086	-0.0774211077863191	0.147460768602449	-0.23715930778824	0.455264345046888	0.844887083887086	-0.376823050905626	0.324139723016156	0.178477387690128	0.978571598751506	0.971129869263386	-0.39243801877855	-0.111646987756938	0.978937035702354	0.230229560003029	-0.183244696665362	0.0560638726408026	0.336007298728217	-0.143441383909681	0.279559129681057	0.164918016299816	0.95957712049406	-0.333037182667345	-0.121222668947319	-0.301642326774908	0.245314706780468	-0.238950777693718	0.979794233009176	0.286003424850258	0.116887504512737	0.0129122367811554	0.0250945540077291	-0.311965651317479	-0.283886782946387
IFITM1	0.982707136459334	0.983573448267838	0.985070221774979	0.97719971186516	0.989274697782231	0.979482358542519	1	0.980998546805589	0.96116848019531	0.971842573246457	0.993040258301441	0.891330865861444	0.81095593877308	0.951675656184598	0.983648551484813	0.991287935677523	0.91579247845965	0.605848596706507	0.936143935107011	-0.128311208400111	0.961679664477319	0.922166633887539	0.382261606492533	0.958334975647118	0.361990601665301	0.078018511047456	-0.0584887394762896	0.915761983536472	0.990514443796948	0.973811705374759	0.95896012821594	0.914250483816956	-0.231228342238145	-0.18233221827949	0.0305534819721461	-0.312568135701393	0.379492421208165	0.850668689402713	-0.448060654635024	0.24424574535763	0.0388176939731776	0.95449323113648	0.984354651139044	-0.462950408481982	-0.153223474197827	0.979699915916682	0.0906765150632898	-0.200024885273786	0.0140404147349687	0.261255843755753	-0.251803663960002	0.161475047938147	0.123931162989084	0.953770296625497	-0.395120826128316	-0.203540415637295	-0.319254104448574	0.181603565938582	-0.318897762167098	0.988388062398809	0.167187147504996	-0.0128808772875818	-0.0667441745167822	-0.0503385131864152	-0.353322701700822	-0.329349874773538
CD8A	0.986373628458156	0.989011184740379	0.983284255579029	0.976107222451239	0.992442148714302	0.951154024419846	0.980998546805589	1	0.925480645324401	0.994843162250999	0.971381024891948	0.887589984557773	0.724848321893623	0.969056486231718	0.9446912405053	0.990880301739669	0.962445030406111	0.528723445343844	0.888914208105607	-0.253053458458773	0.945435457765315	0.939772956731846	0.263459514686165	0.94806623612395	0.316436481080454	-0.0036774082276822	-0.15073273527867	0.927244102826743	0.982808468046096	0.985338388362544	0.972935301636756	0.894440609486786	-0.326923474276026	-0.282002163213009	-0.117981006610846	-0.367900281847877	0.323393288329741	0.855533106985535	-0.518353369002403	0.154972515454996	-0.0974013210935957	0.942221172583485	0.989431398692543	-0.528578248051034	-0.1934654653089	0.969063697211004	-0.0387117181379796	-0.223013965272811	0.0105075774366199	0.22785310067563	-0.359657114504296	0.0468782150572639	0.0883369399538751	0.955665820294086	-0.446517504853458	-0.290712378026613	-0.346627630728433	0.106184523674166	-0.393282571820713	0.986586485638103	0.0423319485084191	-0.135347060029108	-0.130596060571923	-0.116239819167208	-0.394254298899442	-0.366279566944613
CXCR4	0.955155057324645	0.955947540009043	0.96418272548813	0.942252667885504	0.959067201955481	0.990476509581926	0.96116848019531	0.925480645324401	1	0.917426537316428	0.978326359180381	0.952833293023004	0.903666275622354	0.895265700421587	0.975274078216148	0.954093317797547	0.853880303345997	0.759303342146838	0.976421986074646	0.0641344105506114	0.979349830348697	0.948572918339774	0.591413128433657	0.982165901752955	0.506806425829738	0.242019993644726	0.104932025786197	0.920597304481648	0.945630547683541	0.944868033960459	0.941993090043608	0.955096609523291	-0.010616918796952	0.0140782634757301	0.223097604884725	-0.158090244584457	0.523031123143904	0.848243773231745	-0.300445189260178	0.402651439214845	0.25290805834717	0.974509290147084	0.944550630425999	-0.330901567692153	-0.0356149084591343	0.959359117702857	0.291927228551851	-0.124220423874554	0.0887564422475549	0.435581342784419	-0.0548171485415062	0.345927186367566	0.243624529686809	0.952169232827062	-0.25055549516279	-0.0317849523261939	-0.247872665989926	0.318875845244321	-0.154526410685151	0.953853416958751	0.351713825425781	0.194305088513225	0.104436267255532	0.116057598729069	-0.244950833029798	-0.206175240607255
CD8B	0.988552849223562	0.991498565861551	0.983230335927314	0.979200954135534	0.987942577151124	0.948516863998028	0.971842573246457	0.994843162250999	0.917426537316428	1	0.965789480446757	0.896065430485847	0.712525079398047	0.974713564325076	0.938518369302401	0.986954237704583	0.976870753955509	0.524766150572804	0.883287390105345	-0.270978093201092	0.945728785954724	0.948920602298665	0.237215881393184	0.942708715232805	0.312590725881834	-0.0148032196981904	-0.162220475354755	0.91594392582624	0.983503804060965	0.991985983869246	0.976599106913508	0.900921480738291	-0.339943954535823	-0.30106236290046	-0.145790399519747	-0.375728818161131	0.324454454423196	0.857815117078738	-0.533188346528694	0.138710381649198	-0.120353946523971	0.943269278947215	0.992109577049845	-0.53532741390686	-0.195286230845189	0.972028207632127	-0.0606264289130816	-0.227011799115761	0.0191517564113378	0.201933703263561	-0.381227175472	0.0243059813936487	0.0816128058151144	0.960150267777914	-0.459773123302104	-0.305219487485582	-0.348543959959461	0.0944462542722212	-0.40812994424062	0.989781682449494	0.0212124289983362	-0.158898562534438	-0.142458455549798	-0.128008470850381	-0.399893021895279	-0.37652129996884
CD69	0.983909870897563	0.985406815199394	0.986705835102689	0.981913103359796	0.989484725505533	0.991196772267201	0.993040258301441	0.971381024891948	0.978326359180381	0.965789480446757	1	0.919198302425244	0.835300300469118	0.951166912335133	0.98968416995756	0.991374449138557	0.911238884359081	0.646517086823202	0.958619076868708	-0.0912982876177455	0.977645271085152	0.941419580664828	0.438330360546957	0.967049197781287	0.4031918380696	0.111156875172944	-0.0243711880988993	0.915331505662532	0.989363733335941	0.976891128679737	0.961485575715446	0.931647312750758	-0.184048570308909	-0.14352311561829	0.0754288107366457	-0.277454992461577	0.418491640399572	0.858475137906743	-0.423019901751833	0.276129213835902	0.0843351747917053	0.968493319126062	0.985140956747363	-0.440943730119829	-0.118255008197904	0.981839465659875	0.14202352962466	-0.176884586087913	0.0205328421457929	0.300242503612539	-0.217028431745312	0.186086367339609	0.154856328242109	0.958534642053503	-0.371658408118024	-0.173077085044978	-0.297142273273711	0.210102362248847	-0.286409208761216	0.988449958749197	0.193116149020442	0.0217793861800648	-0.0247333801547621	-0.00761426701595435	-0.327383007339439	-0.301386676982463
PTGER4	0.921715635088746	0.922084606519257	0.925791424823657	0.912009974369201	0.914930924076571	0.939892564786633	0.891330865861444	0.887589984557773	0.952833293023004	0.896065430485847	0.919198302425244	1	0.824035129238976	0.872250144554545	0.898972904131506	0.908743279062438	0.879529604763955	0.751372744792628	0.920678178308197	0.0399027781347582	0.943033363290249	0.980090671577025	0.552145874970124	0.948788870029514	0.534748992207907	0.209941451372022	0.0749608726551899	0.886671774578263	0.896666070159388	0.925319405500307	0.93634247721421	0.925737486928211	0.0123278277017856	-0.0206589947154855	0.158483331115716	-0.143107346755782	0.529494462737172	0.822943989952868	-0.320061163964343	0.34439749760845	0.191288622589096	0.953199717608101	0.904645182293462	-0.3341584987614	-0.0323467028828385	0.913440852057825	0.228377541461014	-0.135270313306444	0.13633448408463	0.50612134677756	-0.094909108687412	0.279348068861174	0.260463061047835	0.929544502026386	-0.248302074621622	-0.0627151764507925	-0.265308286012375	0.26588124533257	-0.16847542893387	0.91728995154094	0.282172738695994	0.147684737178678	0.117723104435604	0.113688698723211	-0.24759003532769	-0.190253690565208
ITGB2	0.782704135858962	0.788765289827121	0.798631980619491	0.745991179635704	0.783570322727041	0.883905300563444	0.81095593877308	0.724848321893623	0.903666275622354	0.712525079398047	0.835300300469118	0.824035129238976	1	0.670666115979802	0.862050572959504	0.776137579523293	0.597074899844555	0.801460768116623	0.912424405753571	0.412963411951788	0.855560410372437	0.788102953709212	0.793903633449608	0.860203430731707	0.467316203668328	0.347913739196223	0.212939031680355	0.784220103861892	0.770538294461747	0.761124259829802	0.767663331388827	0.848614042214318	0.166933293442156	0.244343462171482	0.562237067247937	-0.0623203621558692	0.523026428370821	0.639999608538255	-0.148872770063919	0.51918620900432	0.599699067467049	0.827711632498195	0.763534349209279	-0.22282766514581	0.0119066027169698	0.80950056703647	0.551719368032687	-0.141862998708968	-0.00604914570838454	0.448049755852114	0.208823253422003	0.641614226669763	0.228664203991702	0.788356012792582	-0.131058244258681	0.160185358726226	-0.259201399752709	0.39080270057143	0.00796119222288638	0.787290398752827	0.648760544100373	0.529618195325968	0.176793845911786	0.205511292609074	-0.201851062297409	-0.176067228914925
KLRD1	0.968193848480617	0.960902588847902	0.950328019907484	0.988270219420933	0.965456574532929	0.923627761866737	0.951675656184598	0.969056486231718	0.895265700421587	0.974713564325076	0.951166912335133	0.872250144554545	0.670666115979802	1	0.922958424003126	0.965910545661961	0.966732893170598	0.493416099933061	0.840164101879196	-0.303799113743197	0.921511414630511	0.909766153781163	0.209196252858832	0.904100091375118	0.306432820300213	-0.030976637533806	-0.18320621292313	0.879198887523632	0.973544585649603	0.971762564596642	0.963204707747736	0.888049744811075	-0.362695304783333	-0.311621541859711	-0.159039569660676	-0.383337378961294	0.29252351919759	0.849560414815728	-0.526395713872622	0.120800316807751	-0.146221456171093	0.905347831695547	0.97885068943278	-0.541208929356833	-0.172198781055125	0.970627833842753	-0.096269818541	-0.208482239471021	-0.00249011951535906	0.187466987132322	-0.390566166590927	-0.00695195841554808	0.0794118500740114	0.94064160904198	-0.462018426488049	-0.312989091146786	-0.333718042834923	0.0805269862287422	-0.413109703223255	0.964052058536047	0.0096216013520302	-0.173081650939045	-0.147576385443692	-0.133147901509878	-0.393446304890276	-0.370171269631707
ITGA4	0.961927461796304	0.967415709139759	0.971469117254103	0.959188442298623	0.969752718821096	0.988703172654253	0.983648551484813	0.9446912405053	0.975274078216148	0.938518369302401	0.98968416995756	0.898972904131506	0.862050572959504	0.922958424003126	1	0.97335985837228	0.87088142297304	0.658383535832974	0.957858025332142	-0.0390236404311143	0.966269125533132	0.913631364857784	0.472955694383387	0.953849928180852	0.381246428335878	0.117511232462792	0.00760874002714559	0.89862030689579	0.97321899744732	0.954442597062675	0.943584139895405	0.921654976723073	-0.148741239904122	-0.121621621413332	0.130592243579046	-0.273721452789017	0.400364227918802	0.821759855287176	-0.406154795847235	0.282414992058495	0.144089806119539	0.960239620595002	0.965273837257914	-0.410984913261781	-0.153284972111769	0.97208910218288	0.18894746375402	-0.208410209861311	0.0361890131175291	0.26892157921303	-0.179257980095221	0.248588265901849	0.115151627216306	0.93449569475225	-0.372478398931444	-0.16575513050863	-0.316346824379791	0.209325139578467	-0.27825439157255	0.97281289240957	0.255885295767861	0.0817581501802129	-0.0378726022532278	-0.0209938816599328	-0.338526583682352	-0.317489546144929
IL2RG	0.986722646806622	0.993182227496375	0.988196385317153	0.984134515294131	0.995937894255037	0.975602123924633	0.991287935677523	0.990880301739669	0.954093317797547	0.986954237704583	0.991374449138557	0.908743279062438	0.776137579523293	0.965910545661961	0.97335985837228	1	0.948422209602192	0.578502990256522	0.925423138653508	-0.178339964318266	0.961777866402179	0.947221581586197	0.344253352981099	0.956310405256703	0.347645136811997	0.0351109682023977	-0.10528140992776	0.928781793618964	0.991039427985299	0.987106201362589	0.974796929219077	0.9091733668067	-0.268317623556124	-0.232431548501474	-0.0295565202625628	-0.34161894103739	0.355042663450968	0.854197291301723	-0.48682504297602	0.1959173050492	-0.018922300792502	0.959611779219102	0.991810320207165	-0.49947490810414	-0.179029893307068	0.978171006257151	0.0405258555142018	-0.216624596875752	0.0166782720197915	0.262518865845937	-0.308180811410062	0.10621133424705	0.102645836458583	0.954770259449789	-0.427012009699346	-0.254023910523472	-0.336352033418356	0.1391360968301	-0.358296475253883	0.994140332851505	0.105215683842997	-0.0680920762304919	-0.0963926675683981	-0.0817237796134964	-0.377374598662877	-0.350286849237401
KLRK1	0.946068858574039	0.951440185969576	0.935332258313959	0.952045031807739	0.945900278325972	0.887720184572534	0.91579247845965	0.962445030406111	0.853880303345997	0.976870753955509	0.911238884359081	0.879529604763955	0.597074899844555	0.966732893170598	0.87088142297304	0.948422209602192	1	0.451689084308851	0.798601896149415	-0.355712777498542	0.885825816324129	0.929139514086225	0.130896477214904	0.884137164806195	0.288302670292857	-0.0721295836060201	-0.228839163930643	0.888294478757681	0.940303148255194	0.964902558893554	0.962768624079353	0.850064287066104	-0.381772987126162	-0.371338936650925	-0.26039653051924	-0.402158076181884	0.272706748463003	0.834586529663568	-0.553895582152674	0.0572909609075133	-0.235489926835135	0.89462437183736	0.953655037444922	-0.548214566344733	-0.225891601546848	0.933179052654842	-0.177917201550524	-0.23624754217413	0.0706943090033687	0.208690377212946	-0.452668217249298	-0.0681797360949802	0.057486999123669	0.920545484119741	-0.471778741740595	-0.359370673721903	-0.353644318010026	0.0286463863769019	-0.448517556944311	0.949858685597968	-0.0714364536293878	-0.246364243213278	-0.181988674925335	-0.176815668462287	-0.410254664894208	-0.379339945951382
ITGB1	0.6164896966137	0.600309867547923	0.640470648508341	0.585411228768789	0.586086409074828	0.703573565420859	0.605848596706507	0.528723445343844	0.759303342146838	0.524766150572804	0.646517086823202	0.751372744792628	0.801460768116623	0.493416099933061	0.658383535832974	0.578502990256522	0.451689084308851	1	0.749598122379084	0.466114955954784	0.679577009922708	0.665652086973042	0.761397275152512	0.731333708305996	0.874163383307973	0.748194351703093	0.676904873760915	0.595955789168267	0.579156461202959	0.611029447402873	0.604564536146873	0.785772955475259	0.578927805974207	0.598718757369887	0.516777681246908	0.474772233855387	0.880500809846897	0.730608302115296	0.32708866192728	0.824998764401541	0.576095364120157	0.736324908371994	0.570452170896765	0.285437948647764	0.477938204641977	0.625592652641268	0.682223108174305	0.366684452886889	0.487495950051849	0.748331753977859	0.535712585180923	0.599529765214592	0.683234500812024	0.713091612285483	0.368837118399434	0.547052225449441	0.265086519205521	0.768006420573477	0.473939992046332	0.605835810249995	0.609977135120461	0.514741311143214	0.6593413601279	0.658719521440024	0.342746319900607	0.383970554526001
ICOS	0.930122861970443	0.930094807979546	0.945080211362438	0.907747109485297	0.930022333638473	0.972580818533432	0.936143935107011	0.888914208105607	0.976421986074646	0.883287390105345	0.958619076868708	0.920678178308197	0.912424405753571	0.840164101879196	0.957858025332142	0.925423138653508	0.798601896149415	0.749598122379084	1	0.0971164436612348	0.970579002979691	0.921595655211029	0.621390717224424	0.955028632795981	0.489494048420519	0.231776978797326	0.129810691021546	0.849203934446466	0.926239997198052	0.908589067831273	0.882728386916695	0.913000067214087	0.00807277154068585	0.0154871324426159	0.269112502913673	-0.14139271390757	0.532105128540839	0.80666424105084	-0.307263795209419	0.390440556579273	0.279580076066864	0.958512061026338	0.917379479968721	-0.313391784210143	-0.0266480404799061	0.915239965494096	0.351478843241127	-0.122878940171803	0.018366571334973	0.372810695645068	-0.0541910556980085	0.310842201973427	0.235684466695769	0.913342174081078	-0.265097081298481	-0.0344951715732447	-0.232971669594187	0.306778529580996	-0.150392634967923	0.930733775468179	0.317394957577659	0.176048558165621	0.113227932099818	0.126911073568067	-0.232990706348196	-0.204075917002599
SORL1	-0.177929340744652	-0.168502936001737	-0.146533118313821	-0.21503363660396	-0.177672133573724	0.00853179274118135	-0.128311208400111	-0.253053458458773	0.0641344105506114	-0.270978093201092	-0.0912982876177455	0.0399027781347582	0.412963411951788	-0.303799113743197	-0.0390236404311143	-0.178339964318266	-0.355712777498542	0.466114955954784	0.0971164436612348	1	-0.0529454226728527	-0.089705278521791	0.752744677219661	-0.00744514801154652	0.379264331197456	0.531695664139663	0.539743762771818	-0.0571690369948838	-0.195611835427075	-0.201210828583899	-0.144165816087298	0.00811719281613416	0.729318830691435	0.727593096276519	0.867757072276388	0.438167866445623	0.338489849561726	-0.167690219223799	0.546757099759888	0.529401766447932	0.916682945598646	-0.0388016142011565	-0.213089486350724	0.462418200158022	0.224074164869841	-0.122599354856795	0.885120111365728	0.124029314064224	0.132987694593286	0.4808871087522	0.774500337299542	0.810175240617579	0.242170423133354	-0.114671161888542	0.463437622156002	0.605861972980033	0.119693563093413	0.415995552099321	0.574788224703284	-0.164750016603253	0.833601447192118	0.895136790253517	0.480273185716141	0.451706635369044	0.284131130949646	0.308148070009339
CXCR6	0.976854710608389	0.974115411650245	0.980196210519816	0.960020152452595	0.973731002728612	0.983291824180544	0.961679664477319	0.945435457765315	0.979349830348697	0.945728785954724	0.977645271085152	0.943033363290249	0.855560410372437	0.921511414630511	0.966269125533132	0.961777866402179	0.885825816324129	0.679577009922708	0.970579002979691	-0.0529454226728527	1	0.964589103126748	0.499722229329557	0.984661596887099	0.437021793725488	0.160049270449814	0.0124965972053379	0.904888197465527	0.962937163745152	0.961657553156478	0.944354217249386	0.952294519471843	-0.123174524858932	-0.0901034369890522	0.100822626653517	-0.22736403691527	0.478130952184561	0.857185161511705	-0.39682318457506	0.321574130643515	0.144429333008004	0.968734443242632	0.969439273138163	-0.414281547409485	-0.0738705787480732	0.967292886228015	0.203510480132338	-0.150047901467685	0.00917172494598303	0.319880099624639	-0.16548717192251	0.223947307790241	0.194187224752722	0.961920696302473	-0.331996952715971	-0.123357903793507	-0.273427439217546	0.247523956865234	-0.244217840863002	0.966517108261724	0.232815728077983	0.0720429292406088	0.028790020988525	0.0472109675791656	-0.298464225663758	-0.270752745488627
CTLA4	0.957647417831603	0.964070595844556	0.960597031733593	0.938782488831718	0.95466361377765	0.95070889494587	0.922166633887539	0.939772956731846	0.948572918339774	0.948920602298665	0.941419580664828	0.980090671577025	0.788102953709212	0.909766153781163	0.913631364857784	0.947221581586197	0.929139514086225	0.665652086973042	0.921595655211029	-0.089705278521791	0.964589103126748	1	0.44287304930669	0.966986760108689	0.447585119142761	0.124545328296558	-0.0319222674939223	0.92191144012569	0.931008229560759	0.962994948150309	0.961560195302168	0.93023820260685	-0.12946872038694	-0.130740442093399	0.0273965333222083	-0.235261194730027	0.46401671250567	0.846127154307207	-0.41844532807022	0.267865282617283	0.0716421851319221	0.962887272129711	0.947030425121707	-0.433773067993952	-0.0947530052594201	0.937507938692209	0.119998206024547	-0.169004197676929	0.0771381667262258	0.402010490807831	-0.213553057341672	0.178234906032191	0.197665136799742	0.952171655162858	-0.332831309862713	-0.160441734705463	-0.299207602863119	0.201066599272645	-0.266092835513162	0.952490972440934	0.17026042224364	0.0253613563405469	0.0188668808567361	0.0269297883952053	-0.311982606711699	-0.266972919368037
TNFRSF1B	0.345734349307945	0.346838066243305	0.376615471264633	0.319151269449531	0.357561311876628	0.510932794933834	0.382261606492533	0.263459514686165	0.591413128433657	0.237215881393184	0.438330360546957	0.552145874970124	0.793903633449608	0.209196252858832	0.472955694383387	0.344253352981099	0.130896477214904	0.761397275152512	0.621390717224424	0.752744677219661	0.499722229329557	0.44287304930669	1	0.51021311314134	0.558962311232005	0.548319600795148	0.486174781002079	0.415982685877271	0.323184365650468	0.309672715990818	0.338927084367046	0.498952266003943	0.615841969920571	0.593739697368046	0.857460351622826	0.292686102203285	0.581534797469142	0.296924978760919	0.258258944387711	0.640692944408357	0.882489602995509	0.476357620246981	0.308878350154614	0.173463168866722	0.222856470096328	0.372782064550834	0.842694641177767	0.062092542461416	0.064484448241539	0.660947261483324	0.585066030441549	0.793235288711732	0.37261359540988	0.383214584358039	0.239525835268352	0.480657601098004	-0.0074149959453672	0.505577683627978	0.380751073567782	0.338525853260643	0.809544383541106	0.808151037985957	0.487537006869685	0.482901061776326	0.114773583066004	0.168819856587991
SPN	0.97233567458069	0.971208906283584	0.979713746754798	0.942348696570398	0.970094531282987	0.979724846162985	0.958334975647118	0.94806623612395	0.982165901752955	0.942708715232805	0.967049197781287	0.948788870029514	0.860203430731707	0.904100091375118	0.953849928180852	0.956310405256703	0.884137164806195	0.731333708305996	0.955028632795981	-0.00744514801154652	0.984661596887099	0.966986760108689	0.51021311314134	1	0.508267074605166	0.240313322282369	0.0816814560933941	0.938710909101499	0.946218431956971	0.961108167640596	0.954461123070055	0.966695019240151	-0.0547121695578972	-0.0145513956721457	0.104499357380717	-0.155719072422964	0.534646619774342	0.886460618423062	-0.312509552618379	0.394675323411579	0.170028391857854	0.975721437205438	0.957542197233924	-0.341302750613537	-0.0322110424682385	0.963104375735788	0.235002120381267	-0.0941435448777478	0.119645053504419	0.409085425167377	-0.0903362069369084	0.286126343531294	0.260960093134501	0.977664944815213	-0.242574146972233	-0.0456971570373996	-0.22261420205384	0.322518769931799	-0.163870556054255	0.961266428969948	0.286175609539996	0.119488131577277	0.099304125513395	0.110575744773413	-0.231888605972296	-0.196126384823298
CD47	0.40046722921659	0.364400331079627	0.418038619050558	0.383014073581932	0.359433285422575	0.442417459954608	0.361990601665301	0.316436481080454	0.506806425829738	0.312590725881834	0.4031918380696	0.534748992207907	0.467316203668328	0.306432820300213	0.381246428335878	0.347645136811997	0.288302670292857	0.874163383307973	0.489494048420519	0.379264331197456	0.437021793725488	0.447585119142761	0.558962311232005	0.508267074605166	1	0.856287113948209	0.810014217800625	0.358488291605294	0.352644812924849	0.391836694706248	0.372863850889027	0.57568858067912	0.699034892501605	0.686026994191255	0.302585376100355	0.721070974356174	0.938684015328876	0.679323826219883	0.586273422220389	0.847344077389581	0.377374474719503	0.518434352173377	0.346761972111406	0.56010588902703	0.675349430067621	0.386436393982819	0.63364003858301	0.668932585092406	0.678010047317428	0.788152298684431	0.603959282834569	0.365967572691427	0.866376022637468	0.533200318756444	0.625801068647171	0.678938799135779	0.597750352057605	0.8552999829039	0.681425811231675	0.370335201999579	0.392273075488571	0.326495702740846	0.859883186108251	0.823848862510898	0.655982963347389	0.700251901905603
C1QBP	0.0867715914912784	0.0616922591378496	0.110480323467108	0.0519199622549938	0.051060897882519	0.162033018743339	0.078018511047456	-0.0036774082276822	0.242019993644726	-0.0148032196981904	0.111156875172944	0.209941451372022	0.347913739196223	-0.030976637533806	0.117511232462792	0.0351109682023977	-0.0721295836060201	0.748194351703093	0.231776978797326	0.531695664139663	0.160049270449814	0.124545328296558	0.548319600795148	0.240313322282369	0.856287113948209	1	0.874543274756416	0.137221717776647	0.0336875664268791	0.0799089224797725	0.0602323666504349	0.360642647857081	0.81000406414379	0.924153702220607	0.461837478465198	0.868547905518187	0.899060126916753	0.434099930378512	0.822087800138837	0.972945888893432	0.566164668009035	0.192124565674564	0.0333179278930289	0.719979289296459	0.811392173593847	0.106966261018502	0.708795973725018	0.803159238037771	0.661562192078661	0.730354595005938	0.875717741081288	0.571293650881891	0.901698396499902	0.242626648660802	0.865495638395318	0.936444668957666	0.757669225266391	0.979820395411632	0.902855577695074	0.0581167622653652	0.58316247513138	0.550447756280209	0.933656634836993	0.946095813026763	0.819588575130426	0.830904906738697
CD46	-0.0555612954439911	-0.089174682248512	-0.0160127182018349	-0.0864542546808797	-0.0949083439347507	0.0322713532880912	-0.0584887394762896	-0.15073273527867	0.104932025786197	-0.162220475354755	-0.0243711880988993	0.0749608726551899	0.212939031680355	-0.18320621292313	0.00760874002714559	-0.10528140992776	-0.228839163930643	0.676904873760915	0.129810691021546	0.539743762771818	0.0124965972053379	-0.0319222674939223	0.486174781002079	0.0816814560933941	0.810014217800625	0.874543274756416	1	-0.0949879152707349	-0.0883033679278949	-0.076033992102797	-0.105863543394523	0.157567911873589	0.904625768822083	0.849221727450717	0.447173960564704	0.917518052996655	0.786192202500765	0.257667061176778	0.846482266642084	0.80846684584436	0.511034610820132	0.116957582369734	-0.110053545675062	0.877325180039008	0.747496826839296	-0.0593430077865645	0.740196484505022	0.74125078020135	0.697771652180949	0.566062593002645	0.825796996683768	0.422666395376483	0.764809414925702	0.0795661087225252	0.825502790214664	0.82422686039868	0.755519680269548	0.83644196805639	0.879399913119208	-0.0753069218565975	0.443273522814991	0.446947225641569	0.904757801134595	0.868097025452572	0.839642968294036	0.852796009389632
CD28	0.910707173329704	0.934789874900847	0.917027609590478	0.887140711347998	0.934739923317331	0.921140643020948	0.915761983536472	0.927244102826743	0.920597304481648	0.91594392582624	0.915331505662532	0.886671774578263	0.784220103861892	0.879198887523632	0.89862030689579	0.928781793618964	0.888294478757681	0.595955789168267	0.849203934446466	-0.0571690369948838	0.904888197465527	0.92191144012569	0.415982685877271	0.938710909101499	0.358488291605294	0.137221717776647	-0.0949879152707349	1	0.885581610908611	0.925443885251576	0.955171292520262	0.903715626943439	-0.175585267010517	-0.0959423610073882	0.0424493463105281	-0.292893001812665	0.370340316812448	0.805248850991779	-0.374003057083484	0.291986447750398	0.117864119383911	0.89638396339327	0.910034329138192	-0.450185929545766	-0.173839482485959	0.928897472913486	0.0937235199409132	-0.207526045940246	0.111148891023847	0.410320000524056	-0.158360152535813	0.32336944556993	0.129852324141758	0.909381636823964	-0.298578155798869	-0.121798362949082	-0.335259475787993	0.213617248348716	-0.256130959091299	0.914499297309223	0.29974306591449	0.133706710186713	-0.0520431949683866	-0.0277201676913634	-0.346138542389789	-0.305523546286777
S1PR4	0.990925811840991	0.987057928175284	0.987215669621648	0.992582028730691	0.988646645542801	0.971754022993797	0.990514443796948	0.982808468046096	0.945630547683541	0.983503804060965	0.989363733335941	0.896666070159388	0.770538294461747	0.973544585649603	0.97321899744732	0.991039427985299	0.940303148255194	0.579156461202959	0.926239997198052	-0.195611835427075	0.962937163745152	0.931008229560759	0.323184365650468	0.946218431956971	0.352644812924849	0.0336875664268791	-0.0883033679278949	0.885581610908611	1	0.984403247743082	0.960898444146273	0.910709469559927	-0.276747194517599	-0.239819795705713	-0.037126523885955	-0.330988202891684	0.364320185431072	0.858341411289173	-0.489577288676587	0.193762772706285	-0.0349605579361008	0.955009054756606	0.994777701180028	-0.487940095516922	-0.150926489746776	0.981315892362939	0.0367198212548298	-0.199354442171243	-0.00429790578620313	0.210872109816116	-0.31635079020216	0.0708981584289956	0.112383873696575	0.958788781078314	-0.434124512964624	-0.255405609647191	-0.317737624823053	0.14229470018473	-0.359668579309354	0.993976768041076	0.0821542004056286	-0.0969661285968112	-0.0907710389096903	-0.0758444291272892	-0.363752428430383	-0.343844553290356
ADGRE5	0.992097343132938	0.99451110501973	0.9887623582381	0.984199364802264	0.987376528357055	0.967641015076447	0.973811705374759	0.985338388362544	0.944868033960459	0.991985983869246	0.976891128679737	0.925319405500307	0.761124259829802	0.971762564596642	0.954442597062675	0.987106201362589	0.964902558893554	0.611029447402873	0.908589067831273	-0.201210828583899	0.961657553156478	0.962994948150309	0.309672715990818	0.961108167640596	0.391836694706248	0.0799089224797725	-0.076033992102797	0.925443885251576	0.984403247743082	1	0.985741912007365	0.940181680710415	-0.254604059109411	-0.20379052307204	-0.0699280992806105	-0.29198544616469	0.406112414296703	0.887905774532516	-0.456837001280643	0.233161810631964	-0.0384339447153136	0.962304013988144	0.992487871105552	-0.470876301460994	-0.11682509465633	0.984203657521545	0.0192129054588911	-0.161845270562075	0.0797711857367248	0.277706843982838	-0.285442713346793	0.103089862968599	0.159459974856129	0.978430266047813	-0.38183049295591	-0.214451542409078	-0.289325832863206	0.185771246469415	-0.321498609537433	0.993609863625911	0.101111576541053	-0.0786441352538069	-0.0576584601339974	-0.0372734688226835	-0.330273014699477	-0.306373048106568
ITGAL	0.971661612968113	0.980868854628265	0.969139343514813	0.966678122455722	0.975338506968141	0.960854069926648	0.95896012821594	0.972935301636756	0.941993090043608	0.976599106913508	0.961485575715446	0.93634247721421	0.767663331388827	0.963204707747736	0.943584139895405	0.974796929219077	0.962768624079353	0.604564536146873	0.882728386916695	-0.144165816087298	0.944354217249386	0.961560195302168	0.338927084367046	0.954461123070055	0.372863850889027	0.0602323666504349	-0.105863543394523	0.955171292520262	0.960898444146273	0.985741912007365	1	0.929101366443131	-0.239059278497344	-0.202303331720255	-0.0388166240560209	-0.326087747731445	0.359370211611178	0.848403370672739	-0.459518569310957	0.21113557482334	0.00657273805058746	0.949378027687274	0.973703545146297	-0.482891574805826	-0.18615119024824	0.980815255349588	0.0300211982198211	-0.230592803619661	0.0987044162489126	0.320515469652867	-0.269500934984247	0.176137585755784	0.105542093408851	0.960035136819016	-0.392248573417593	-0.227386888229277	-0.359062256350536	0.147940270793664	-0.337730301668288	0.976590288350493	0.172877677833235	-0.0047591042010009	-0.0925237289213807	-0.079916984744036	-0.380734943190017	-0.345495522254799
TNFRSF14	0.940545691630135	0.933432470035329	0.938361993871861	0.920303483889377	0.922099357710546	0.947619032976366	0.914250483816956	0.894440609486786	0.955096609523291	0.900921480738291	0.931647312750758	0.925737486928211	0.848614042214318	0.888049744811075	0.921654976723073	0.9091733668067	0.850064287066104	0.785772955475259	0.913000067214087	0.00811719281613416	0.952294519471843	0.93023820260685	0.498952266003943	0.966695019240151	0.57568858067912	0.360642647857081	0.157567911873589	0.903715626943439	0.910709469559927	0.940181680710415	0.929101366443131	1	0.00261334421261486	0.096104870912277	0.132468669644014	-0.0512928873642303	0.61801400885427	0.913886018595678	-0.203347318614705	0.505267492946621	0.205782497339332	0.937066550714495	0.924490470378012	-0.259765562460292	0.110089228079321	0.952809649079362	0.247824191384091	0.0315169858906823	0.20076348708672	0.444182868132554	0.0143432334040156	0.343576341751946	0.375174578680108	0.975725855463465	-0.125336940190252	0.0827738571639862	-0.102511154198517	0.445107899499863	-0.0515565128405353	0.925742066951151	0.349224921031535	0.171799809999506	0.194026446301213	0.223522997387949	-0.115421374520389	-0.09121741000485
LPP	-0.234654809975369	-0.253940209288539	-0.193119610698726	-0.264337141313677	-0.254646531314962	-0.106203189766086	-0.231228342238145	-0.326923474276026	-0.010616918796952	-0.339943954535823	-0.184048570308909	0.0123278277017856	0.166933293442156	-0.362695304783333	-0.148741239904122	-0.268317623556124	-0.381772987126162	0.578927805974207	0.00807277154068585	0.729318830691435	-0.123174524858932	-0.12946872038694	0.615841969920571	-0.0547121695578972	0.699034892501605	0.81000406414379	0.904625768822083	-0.175585267010517	-0.276747194517599	-0.254604059109411	-0.239059278497344	0.00261334421261486	1	0.882276361375668	0.620132192837738	0.859756829923651	0.660383998062193	0.0148426074956733	0.859092582460009	0.725373059986619	0.679548780548897	-0.0417976184277943	-0.291361787685678	0.86199906280916	0.619356299825523	-0.222315853239162	0.801673997769643	0.581548964062663	0.591438969600058	0.646641505231591	0.890184705037795	0.575731022974237	0.643849400408713	-0.1083293051714	0.818778466856729	0.834123754443176	0.610213732334112	0.709622739008859	0.870243227767917	-0.250869171905481	0.590660352259968	0.650298529844174	0.858198585285629	0.804107129317685	0.742769700971906	0.78332775064295
