""	PTPRZ1	NRCAM	SDC3	EPHB1	FLRT3	TSPAN12	NLGN1	GPC1	NLGN3	NOTCH1	NLGN2	EPHB3	PDGFRA	NRXN1	PTPRD	LRP1	THY1	NRXN2	NCL	APLP2	CD63	PTPRA	LINGO1	TNFRSF21	APLP1	NCAM2	LRP6	SLC16A1	RPSA	ROBO1	CAV1	PTPRF	RAMP1	NOTCH2	TYRO3	RXRA	LRP10	EPHA4	ITGAV	NCSTN	GPC2	DAG1	CHL1	LIFR	BMPR2	FGFR1	CD81	DDR1	CD99L2	TMEM67	EPHB2	CADM1	INSR	CNTN1	GP1BB	S1PR2	IGF1R	ADAM23	GRIN2B	SLC16A7	ADORA1	PLXNA3	CD47	SORT1	TRAF2	MYLK	ACKR3	ANTXR1	MCAM	ITGA3	ITGB1	LAMP1	MCFD2	RAMP2	AR	CALCRL	F3	AMFR	CANX	DIP2A	GPR37L1	KLRC2	TSPAN5	JMJD6	CD46	ABCA1	TSPAN17	ACTR2	STX4	TNFRSF12A	TFRC	RACK1	TNFRSF1A	CD44	TSPAN14	SMAP1	HLA.DPB1
PTPRZ1	1	0.927553093692001	0.931258492547718	0.882458585278109	0.586216012592566	0.878000182382027	0.952449457677548	0.912389229304098	0.961359181085588	0.902096141661109	0.903049395390889	0.871211424121902	0.91024583638441	0.95538966324084	0.385116179238054	0.917806877865015	0.897850372468299	0.955614294679612	0.867966226643551	0.910087992596669	0.900168471855184	0.90849338120676	0.939299332751871	0.874101206727321	0.836816835251788	0.920006901585595	0.91248056547016	0.537612378807318	0.78541672879267	0.79959146819272	0.716453198925162	0.529297034934044	0.939320472515326	0.73688332023544	0.948487187882133	0.160231662327829	0.704066396325314	0.634320243043682	0.830573617598531	0.739867241790245	0.831115933903913	0.933500159510853	0.911095325266533	0.850263100132576	0.914355505780319	0.819642109409014	0.946138991640478	0.92478686087426	0.909381047721299	0.747475250155395	0.851434878260144	0.816986972812928	0.485219237959714	0.941272161805774	0.625658938450293	0.828985029062961	0.509569045097919	0.926700660223369	0.899770383599417	0.709559447800474	0.900906823543913	0.735368128821471	0.914058220380643	0.894916590209328	0.780236958239147	0.0787693771221797	0.82627849928525	0.879662780074658	0.861812978130834	0.794224248284882	0.91202501333766	0.911516922699844	0.814561935143624	0.913216418463922	0.830990770722183	0.814598667779685	0.681451680682062	0.865585119468408	0.815472810524335	0.816094170876391	0.854573760453049	0.880923944266475	0.857322664524087	0.68421701166478	0.715578414052722	0.0173215012480121	0.861863665903396	0.882665787627978	0.824966617135583	0.834365104738387	0.70778431837345	0.583739685593466	0.860386073288322	0.277523048052196	0.790462883184784	0.892779632901013	0.629512199573852
NRCAM	0.927553093692001	1	0.940292119944491	0.877685865419214	0.664293062548204	0.755378791942732	0.927105786503548	0.921944767791363	0.892409014169845	0.846474484620548	0.853308114784058	0.825959655630355	0.859073132573468	0.889246777650422	0.469848022698068	0.933648280471018	0.775207209070646	0.920796622974599	0.791688231146944	0.933201243608885	0.897766863703054	0.94119142125048	0.91318209917151	0.846576880234844	0.810106551339391	0.91753400496727	0.882259215771369	0.627844981115812	0.759588358460318	0.895717889743356	0.764769433865513	0.676971773618767	0.924805355665752	0.833906209734197	0.873489191328268	0.343299171361433	0.815251199244043	0.756515736841596	0.918585024922291	0.798114400661092	0.703742297845266	0.934623386402895	0.943267366670735	0.877947942412135	0.929257681485564	0.851390171685029	0.946099702270191	0.941851133049157	0.898035377361235	0.808104739286911	0.815655937812296	0.840058369327332	0.612336818779823	0.891439632280079	0.724722438315866	0.75393732497465	0.666483885987424	0.884712445219229	0.908431247341258	0.791861393806917	0.80790806155774	0.801641835304218	0.90403558726613	0.894605166187236	0.74492203240997	0.258071293325845	0.797854599251006	0.891216470500922	0.764343242511882	0.85082328660542	0.923786341699384	0.895692500510699	0.844766232325957	0.870005969974754	0.863374507582438	0.820035581112867	0.773240029815383	0.905137618541524	0.860351057890032	0.858214637358921	0.775576595278289	0.779051278248834	0.872962452313959	0.712541612291722	0.792309295058773	0.260742832419065	0.771851067540934	0.868822451784937	0.835083284094637	0.789918605490633	0.725278879747574	0.655668908801472	0.886363662332014	0.483938223894502	0.825227888100809	0.877462299145141	0.637405101409543
SDC3	0.931258492547718	0.940292119944491	1	0.847499866616256	0.685195755017356	0.759454665486248	0.901466179692062	0.940369367563176	0.900948074556251	0.848719119332939	0.871575795637917	0.838240127954567	0.859334024396095	0.899475032309797	0.537837482535094	0.928678197719445	0.788083676669251	0.91915280975687	0.794112076796061	0.929733234486081	0.906139840993269	0.90854277624271	0.929192709406713	0.850792935054997	0.797996589247798	0.878252833950724	0.869387287915801	0.631971084582383	0.775582815548537	0.857222729477739	0.77591927963576	0.659947444440597	0.890556009140141	0.806273723953138	0.855813120024402	0.352129889873302	0.737781553981766	0.733992579521082	0.887875482730265	0.772276685009369	0.703338912316602	0.929979241548521	0.926703722427371	0.881961946407219	0.918631380359448	0.851792118273407	0.951007154478082	0.910835845834286	0.90227564494394	0.771694780163018	0.832076481772447	0.816110279869443	0.54232390134256	0.893812818842025	0.667987738336359	0.778957691874567	0.639180716128892	0.858468571040162	0.902975214490638	0.765978695902255	0.813659625315473	0.813235386766105	0.884053875337627	0.879721066828608	0.731930726065562	0.227905117282899	0.777922495594793	0.885732541563824	0.761718050613696	0.843480136218689	0.915070310176007	0.88192444512644	0.83603637749317	0.859506963862409	0.849818041942751	0.78882370206565	0.736640415854915	0.894719098067161	0.864421216705565	0.827660979598344	0.770761341823404	0.779616520827432	0.859619417432644	0.681310316056983	0.777930237557274	0.169065705893666	0.788858636419141	0.874332689967005	0.817742741642831	0.813952748267914	0.738060509592966	0.641492468064385	0.887372804418658	0.426621744724035	0.817849771123709	0.860806837910977	0.616694205146325
EPHB1	0.882458585278109	0.877685865419214	0.847499866616256	1	0.618312055241718	0.747949424033053	0.888479900152506	0.818110399891502	0.874185582497035	0.848561645709901	0.871765778456958	0.822726345416403	0.813618530833853	0.845704100262575	0.434770912967821	0.894715008853551	0.779658050500365	0.897334295704945	0.803348618759109	0.84529310880449	0.82386908633937	0.867530413357248	0.886684330958329	0.838605739550085	0.828608885702051	0.855583788881791	0.895032265677151	0.625997163368923	0.803175835830033	0.781938579132079	0.752743704653705	0.610468239096013	0.855674841036241	0.786277216032208	0.830573422651471	0.312241372254245	0.713158566288896	0.635109702408318	0.826620027440993	0.727886775965723	0.704635383271189	0.877645125206563	0.856222103191062	0.80974734250209	0.872271642411403	0.787957378756813	0.903658434367165	0.876471957450544	0.854536996726719	0.730774351171491	0.819285648182748	0.849145830586119	0.584909466065359	0.882514773564554	0.677474018768786	0.759104217089445	0.599185865544961	0.844295273154079	0.778625648568999	0.701637860695506	0.766684307857622	0.774706753290172	0.849793360151486	0.847597159450144	0.742734722163625	0.252088913947996	0.731093222851805	0.863762452051107	0.773050613018661	0.739903438662308	0.864616611823939	0.831207111865667	0.814249106875619	0.862509181717809	0.821181825513839	0.808011484920401	0.660834924189806	0.857449170123987	0.803193112257578	0.796851752327216	0.735084676900046	0.79824480100701	0.821195828991861	0.719849513243994	0.744906573131978	0.175902620715921	0.75000835311363	0.837022930999138	0.857992726593539	0.70725703889603	0.749019692778589	0.675387154379221	0.806844239372187	0.358159361123283	0.803002031614661	0.866939295055946	0.649784137977961
FLRT3	0.586216012592566	0.664293062548204	0.685195755017356	0.618312055241718	1	0.400419862214572	0.5983160456306	0.703896882724337	0.562225530567569	0.499010461779168	0.571721865628276	0.58434544752556	0.533218511146272	0.609093386244732	0.736312605910244	0.710537180398726	0.424785769887121	0.624193822070413	0.547440907818851	0.687632463841243	0.658923534217465	0.691524147957722	0.663870514444344	0.544378299867162	0.552173282992703	0.642935931277837	0.595623930681039	0.765562029285446	0.611647680911708	0.697532227895968	0.820398406559063	0.739677139012413	0.530087704636723	0.686134709433976	0.462366855439484	0.6995080600521	0.595072059393115	0.618534729695784	0.703399618546431	0.665622885924327	0.39360270850303	0.648644776380853	0.642006772538739	0.631026009117532	0.679201079781656	0.723457454189599	0.656365695062688	0.639009585522136	0.660179941809565	0.658945327515399	0.606099030168347	0.596379353588308	0.619926986223051	0.613573045324018	0.685450572924461	0.510409530259682	0.665383030022828	0.470918082597306	0.611838325466913	0.699038656936861	0.454127774404913	0.726358591324244	0.594696067374123	0.566919533859767	0.536629377075095	0.517963288330145	0.468589518302173	0.667795437251485	0.413181206203696	0.657602036083976	0.68272685715294	0.600916066496583	0.690583921531335	0.607789192182778	0.640683902511269	0.653727857977873	0.550872250453995	0.628518725157164	0.734671033797828	0.658924164351226	0.400257055679104	0.469087797416469	0.662814200148304	0.584744599791168	0.65959181481911	0.451851492576573	0.50659537997994	0.60250997824775	0.638125219134469	0.589805364417463	0.650895012366472	0.707987065369572	0.724675190279631	0.468702935398383	0.657892780216144	0.63603913156011	0.449527228590295
TSPAN12	0.878000182382027	0.755378791942732	0.759454665486248	0.747949424033053	0.400419862214572	1	0.819539170474052	0.768965182652876	0.883752651393212	0.856893161346352	0.807848702310007	0.814355619677735	0.897696906671413	0.864019865416526	0.160787534050863	0.736551471487463	0.943626649541823	0.841705391679951	0.881264547920987	0.809634633004144	0.841345086875503	0.771834708680815	0.818991220731404	0.808751722063887	0.75438194975879	0.7960732130482	0.812860542289437	0.374731092268397	0.759174230121112	0.583465650724153	0.564816754906111	0.273043283375382	0.850431488011967	0.549809471716977	0.869793845407281	-0.0708285183209568	0.525294173105056	0.398741686496372	0.613058331205097	0.573829923214863	0.845462341499665	0.809299900253527	0.771848216548335	0.750820855091467	0.777332401115603	0.711564019769931	0.83127279613344	0.770031426542876	0.809847824598976	0.560959690129693	0.774941393866796	0.76260063809385	0.281594319155456	0.810585644204095	0.428839543019048	0.79926524603646	0.270752361858406	0.843976460620153	0.775455047788063	0.538316455736557	0.861418080180667	0.583164396947503	0.883810389549576	0.805092402039066	0.735590787286053	-0.0706167424330632	0.781172006609919	0.760079919884101	0.884417947654587	0.588556058658103	0.807163604292411	0.864402781204848	0.717578379974757	0.824198204461728	0.719469560758507	0.650088276553155	0.534570545058346	0.72089568576161	0.709410975644624	0.65767326902226	0.831128870624152	0.891593947489134	0.731378073989266	0.674193364060753	0.566145550695114	-0.199585225126248	0.857043397977925	0.829527140669803	0.736640091820085	0.748052034386331	0.613252876554245	0.487190948443443	0.749804555808575	0.153848475102026	0.658986133246425	0.828096065774876	0.600964060344938
NLGN1	0.952449457677548	0.927105786503548	0.901466179692062	0.888479900152506	0.5983160456306	0.819539170474052	1	0.879846279234808	0.916664786102425	0.876486545444334	0.883590641226411	0.858006623951782	0.8626754053298	0.922383191669898	0.396939651708888	0.921052517711615	0.826157664097711	0.933426281923092	0.831748901769568	0.893121432588645	0.856632344676751	0.913805258354351	0.913440415469039	0.83521636653754	0.824614020917192	0.925976774845036	0.906674298697958	0.590688793983596	0.783963913136734	0.839342379695767	0.744809634988124	0.591578656720059	0.919075600009358	0.790606857808005	0.900948482352551	0.266428437118877	0.747335771180004	0.708601614841136	0.860867681100862	0.772840317776162	0.770125055490087	0.91549233989503	0.898139905756126	0.838404071347766	0.909623232675891	0.829775129459113	0.922676506714701	0.91551046019011	0.879330519455855	0.779942273875385	0.85267321162947	0.841059741542044	0.593945767934419	0.936140870380497	0.706944859729135	0.793861923700318	0.597002452975947	0.909338649052974	0.878891879901472	0.736950086545308	0.852380078769397	0.766992520584889	0.892008497806147	0.895806879804432	0.751652591008407	0.187747329532218	0.81676073254184	0.876733790468024	0.806847057342976	0.802112408121322	0.903178310851839	0.873354330078066	0.823648633924235	0.88212560084296	0.840883520982221	0.819686601878817	0.683410115036393	0.87447773160296	0.819940375765587	0.845789736285963	0.789999847028764	0.830848713335892	0.869406606918824	0.692766133655688	0.758443290938128	0.148336278771476	0.798855075899829	0.853079294480921	0.820579806068989	0.77268035237656	0.725638291173181	0.641415210621247	0.840831584911306	0.343124351479173	0.803819744798971	0.888316148807994	0.650716898296154
GPC1	0.912389229304098	0.921944767791363	0.940369367563176	0.818110399891502	0.703896882724337	0.768965182652876	0.879846279234808	1	0.88692595704882	0.805698049431651	0.831930963351437	0.809856417762777	0.844225317598596	0.88433182371532	0.509746978495582	0.902341019458259	0.791611937950681	0.890928855045518	0.808692032448654	0.931855426724712	0.940782563106279	0.918260506377162	0.901486024959802	0.845722836161784	0.798003464758894	0.86651885064338	0.820569819498027	0.636289490168487	0.785645140733146	0.83766766723735	0.812170442892041	0.654161877129374	0.908170516686869	0.756751730921292	0.852151572757841	0.340706926206737	0.770826497173293	0.694693434883934	0.872696945704079	0.777287564755435	0.70868397639531	0.925358155608586	0.911321507572991	0.865974450419355	0.90532801296429	0.858620386434145	0.917884492049752	0.911641412998304	0.891805547534038	0.766851184539298	0.816024977206015	0.787080543306294	0.543490581072058	0.854205020735262	0.68511392409958	0.779625932146651	0.630031511735113	0.836577490715821	0.909542325550461	0.783112982473339	0.813949289895481	0.792575900343472	0.895675091049079	0.842135788265198	0.765841826339432	0.255298505410862	0.776402269552179	0.862939574666573	0.74452651684413	0.859577800082352	0.932587542489777	0.899997123442088	0.840707825838036	0.88513228551972	0.807912287806455	0.769800382045706	0.750834062106078	0.878078942945115	0.860503956683851	0.817226924310492	0.75323607211117	0.772627621137877	0.877179207855464	0.694408178402979	0.741738184496599	0.193464407670864	0.792755978380923	0.863059889590757	0.821378298570643	0.890347159731059	0.716445403506259	0.667799691243709	0.911083679930339	0.471880208807337	0.805675607185422	0.867412914685598	0.620054247396669
NLGN3	0.961359181085588	0.892409014169845	0.900948074556251	0.874185582497035	0.562225530567569	0.883752651393212	0.916664786102425	0.88692595704882	1	0.906539280620722	0.919431550971027	0.882635025459028	0.937420546374797	0.934425567715989	0.336476101260666	0.898539781807141	0.932245131765615	0.948347667400184	0.887970828864873	0.892638405106926	0.918646476478623	0.886145043052734	0.93409150425621	0.900212652938554	0.855450656111106	0.884816180890088	0.895161239387195	0.533970702398639	0.843472935047997	0.734967019284402	0.708915218075617	0.482605074704272	0.915576488059734	0.707554144242304	0.928767790897865	0.135107524416671	0.657028390384937	0.537825326948037	0.762932930416956	0.687132350274325	0.854683993355355	0.92007700306252	0.873442695621938	0.853972751854574	0.894438404388438	0.813643703375339	0.941888610257084	0.879382756863503	0.90850376239534	0.702041826055173	0.847593109877673	0.831955411917341	0.461131627711447	0.91842073830794	0.593724462204426	0.850803303584182	0.467676108052162	0.909519475476322	0.868134606484798	0.670886961343908	0.898328857030157	0.738945588694246	0.925996240751252	0.86333253761944	0.797905355503922	0.0824553132282656	0.792718421168767	0.873554014332352	0.893212904694438	0.73325230738049	0.90782496479577	0.910503643517873	0.83676308766388	0.919518385868943	0.822665974268083	0.772362319242517	0.626027964960479	0.857904565849897	0.831479759836416	0.758134119030134	0.88390399487817	0.918386863529678	0.818453876119244	0.720256097131641	0.683617302994833	-0.0396016443789917	0.879865781059064	0.902229331081123	0.859100267227964	0.827684060242638	0.733029950926786	0.629835055830528	0.861749984159125	0.25035686830628	0.771702741278882	0.915070555204305	0.655225905282552
NOTCH1	0.902096141661109	0.846474484620548	0.848719119332939	0.848561645709901	0.499010461779168	0.856893161346352	0.876486545444334	0.805698049431651	0.906539280620722	1	0.883720329087248	0.895707835555248	0.929615622327264	0.904362054732972	0.30695719112521	0.858263186898448	0.894070526581068	0.907055432029715	0.913137575815507	0.88558149575335	0.84604685135597	0.834005933811178	0.906752894540339	0.801024383761523	0.798104014932252	0.816956898030586	0.910732126597661	0.568204009477915	0.855174307503934	0.731131217257117	0.640170348394758	0.473372850407456	0.844298184251186	0.706217505582279	0.854999487961172	0.142416217938071	0.622389533121597	0.550728640656668	0.749192590042217	0.670437140750471	0.823179160924067	0.8885257913289	0.815752615865436	0.849239054500389	0.874207321194026	0.789364370774955	0.910293954205721	0.817585137890107	0.861223447356628	0.690122297731438	0.892030448769388	0.875938757972292	0.480960159478282	0.889096136899703	0.600013248556389	0.809778328706378	0.472671715863647	0.84874858135681	0.819761832809815	0.658191539712726	0.809993741147371	0.748610714238548	0.904078482593715	0.909034829451174	0.81752012260967	0.106387090537817	0.841492184878586	0.86404852257032	0.89705900554822	0.675471373666534	0.88858136561225	0.868004755139717	0.822314930314136	0.84866117372598	0.804369407572849	0.748415369289921	0.605947422297455	0.85254389606352	0.814470654413282	0.779776457034423	0.751123759386357	0.852078220625606	0.823791270475227	0.783180436520489	0.706351692435712	0.00460089656182361	0.804432066365737	0.908468360981156	0.786814714775523	0.712163706340304	0.769733372360963	0.62720427251119	0.777622676864115	0.258922810535128	0.790341404266578	0.897316791646618	0.688597858613667
NLGN2	0.903049395390889	0.853308114784058	0.871575795637917	0.871765778456958	0.571721865628276	0.807848702310007	0.883590641226411	0.831930963351437	0.919431550971027	0.883720329087248	1	0.878540178660315	0.884753831459424	0.8827174474297	0.412000080367844	0.900580878759694	0.856522057330294	0.914245783927815	0.854622603773627	0.850367831692363	0.8494118388849	0.853822996108361	0.901727847557779	0.853491315183892	0.830794674024839	0.838292908228777	0.896758013878663	0.631344266747932	0.864533559367324	0.746920293209327	0.735718924657584	0.565609256776419	0.845462363909378	0.756046880539153	0.852019307801473	0.261927775483337	0.664036082392145	0.58332505541719	0.786000758600765	0.699135352984239	0.77692593764113	0.891467480425986	0.833686201775605	0.832440695242156	0.882850143363637	0.821726942796734	0.910078630228629	0.840337248903488	0.862500074219197	0.719931646475383	0.857224886681606	0.847114527053193	0.519741611548759	0.912436570476555	0.641371987997736	0.813819081450935	0.562442519924201	0.869288628852968	0.805097447486899	0.667068323172819	0.803289641386798	0.780915175529841	0.870092407615297	0.85755795340504	0.767529757865222	0.185425335947295	0.751674270363402	0.877071554656496	0.838596445309157	0.701385391070213	0.87093959396051	0.835761203569459	0.851511199138477	0.860836012739637	0.83229892421543	0.76694985850618	0.601081309809076	0.855993801692151	0.848583911956292	0.790124584313089	0.795859613343914	0.845873740943909	0.79800739673823	0.721075305771364	0.717365350884942	0.0789554082421714	0.812876700261977	0.891723663525107	0.858298162987736	0.734223117372958	0.7830404552067	0.697582101614382	0.819927846201564	0.296349808710559	0.760101090238022	0.895802734944114	0.649984840611097
EPHB3	0.871211424121902	0.825959655630355	0.838240127954567	0.822726345416403	0.58434544752556	0.814355619677735	0.858006623951782	0.809856417762777	0.882635025459028	0.895707835555248	0.878540178660315	1	0.892413660675053	0.878921136809632	0.421827901013345	0.85651595920446	0.8549199491675	0.894150543914693	0.8795640585568	0.872890327153321	0.843042959136419	0.843977157164961	0.902225433502262	0.800947279391311	0.795157441164391	0.83033493334571	0.876659985162349	0.670968058387557	0.85997693255623	0.735121734168278	0.736118270337717	0.55650020984675	0.811768711018944	0.732024828642989	0.804869681655966	0.277150992975842	0.627057646521309	0.56859611168696	0.748605065824882	0.707664775642139	0.763892384385238	0.868520379648447	0.807451345102193	0.826726955469528	0.861113499685622	0.83397826363604	0.887564389834284	0.797837589954231	0.853371278743456	0.703549729352579	0.878712612599678	0.856738285996143	0.534827950392712	0.893303802908406	0.639978745527531	0.82868551025807	0.522789277897284	0.80553143546274	0.797621510937515	0.664441208587609	0.787142844899483	0.769132604971798	0.879662593247024	0.871194552466553	0.81672352336086	0.181932719019455	0.806716248754279	0.858876806890235	0.865802053632933	0.662903010568617	0.88009747934588	0.849453358804491	0.840565221232655	0.82996160135844	0.815248021507318	0.766680104143018	0.576471177945578	0.833911580598873	0.849681124208868	0.786530203848324	0.723163354576791	0.832742992623878	0.824931933990182	0.780045210765898	0.738378357400388	0.0999041394673204	0.801458188281774	0.896553466036666	0.80600676824011	0.692719478317053	0.797948056264536	0.701333779426761	0.815834715059454	0.274616893520773	0.769712866839448	0.896518049114954	0.657425385475354
PDGFRA	0.91024583638441	0.859073132573468	0.859334024396095	0.813618530833853	0.533218511146272	0.897696906671413	0.8626754053298	0.844225317598596	0.937420546374797	0.929615622327264	0.884753831459424	0.892413660675053	1	0.916754183102561	0.30978845839578	0.850667961786638	0.943646369870297	0.908628050631771	0.913183330911632	0.910850546123899	0.912248341692775	0.854238788107286	0.913698882606208	0.859217696525047	0.806483011592041	0.847635293203494	0.87898723643511	0.547598814486115	0.842604938268391	0.696913313239342	0.646146685965879	0.448758371907469	0.867536447613148	0.682335965695197	0.871792029885617	0.122989079585071	0.630739051740082	0.505903475310311	0.720528972457362	0.668074129525927	0.86050128100203	0.887726942119671	0.838667446088017	0.862608981180471	0.885442301192407	0.82758333393094	0.915435416481423	0.82502546726339	0.888630427079656	0.679288693445626	0.844569058108525	0.851198517874408	0.423425711153821	0.871969477014564	0.562961492648959	0.85588046975752	0.432654992430413	0.864947362023299	0.84732439314373	0.650445701038678	0.85113782312355	0.735846409493153	0.941037035553014	0.872302137695666	0.803820560828842	0.0648580703619528	0.823579600141535	0.845944106238153	0.904087491622219	0.661695997904763	0.891216515602503	0.910757534878701	0.853356660911165	0.854307345455506	0.817238198772444	0.703787498435148	0.607871709639312	0.832434768744375	0.850938055275459	0.744227248619145	0.843902316680643	0.906004519748641	0.796304163506092	0.787073878931722	0.713225301934389	-0.0365143713756823	0.851965873743756	0.924364956062912	0.808758785517739	0.759174182657045	0.743980449788801	0.624733797335152	0.83477462666807	0.259089251452369	0.773127095095981	0.907008364960292	0.642729780036728
NRXN1	0.95538966324084	0.889246777650422	0.899475032309797	0.845704100262575	0.609093386244732	0.864019865416526	0.922383191669898	0.88433182371532	0.934425567715989	0.904362054732972	0.8827174474297	0.878921136809632	0.916754183102561	1	0.423733929902412	0.889859380892909	0.893439508339105	0.933710367867888	0.899209013703214	0.917706870893254	0.885708327407476	0.887315872610965	0.931767007531595	0.842147508351911	0.847097038031623	0.885842023925649	0.900740331294409	0.595779756528751	0.810859221129226	0.777107621971147	0.710546440029464	0.527232648052189	0.880727637231639	0.703855359025955	0.893645945858958	0.195818436178852	0.671584302279333	0.604943821100126	0.783640867452848	0.735565454992947	0.860709800691821	0.915414715370528	0.861987816057059	0.831689185174499	0.904687574019377	0.834598505646912	0.920840420044194	0.871531439272245	0.893739605224572	0.731428960362879	0.887826812179814	0.840263341223359	0.497725408666538	0.921061721085228	0.635893949443349	0.835765594528317	0.505154292807298	0.874396584845757	0.877427700815261	0.714552715194882	0.85636183306871	0.754715330989202	0.904871208197916	0.887487610616591	0.820501299072184	0.0917788610198475	0.842722718368449	0.865963510497885	0.86158555224512	0.746391803391873	0.915256993724764	0.899487646448479	0.822143559475404	0.886575641041237	0.828671525846529	0.790119309392199	0.632076610547493	0.853125547907037	0.833858057522047	0.817841203028877	0.802657707541637	0.876810747276923	0.87899154068176	0.727105542696195	0.728069545340966	0.0184583615439596	0.83908398345674	0.893906893818931	0.800566794036953	0.800211042603728	0.729213222921077	0.610707349795928	0.840070284480406	0.249837910135156	0.804165739558346	0.90674860999219	0.652574241268161
PTPRD	0.385116179238054	0.469848022698068	0.537837482535094	0.434770912967821	0.736312605910244	0.160787534050863	0.396939651708888	0.509746978495582	0.336476101260666	0.30695719112521	0.412000080367844	0.421827901013345	0.30978845839578	0.423733929902412	1	0.540639081068107	0.203236358168147	0.436743186108344	0.335233520635238	0.522386083646787	0.422991389125397	0.472411977336064	0.487784843287961	0.341036182590422	0.415616341376444	0.447085726093975	0.386488980055866	0.715689724967219	0.418044166904703	0.565638343247093	0.686185449511882	0.732153000381735	0.310635697040457	0.562162248155709	0.239764423188362	0.740309048023357	0.448076379732227	0.548594407447965	0.572923377944527	0.54321131882339	0.199581656027464	0.459230131930268	0.440939138828495	0.437209621742156	0.498266901990071	0.549942196245466	0.463253515125992	0.452632928477756	0.43393303162281	0.509224520897783	0.476591403830682	0.428453088878392	0.478176147772171	0.452658869832801	0.550722065510325	0.339482116724344	0.601479488021698	0.248267768946069	0.382282830457217	0.535752693244092	0.233433225304522	0.546976092418962	0.359079319762304	0.381909534825767	0.401329076904031	0.475590903610425	0.336847386308942	0.486467994680488	0.173129502947494	0.480886863885442	0.481978875653047	0.376480517153024	0.46913639446669	0.416237780805129	0.443001854494576	0.530533892513608	0.424044253075128	0.470761581695872	0.559714080169333	0.50106458194121	0.169455125509593	0.249472975570183	0.477801499040049	0.36034042138048	0.533630418665486	0.423417549485369	0.272931980581928	0.400484310229862	0.402850482356464	0.323740851131687	0.460371194891237	0.508313175908851	0.536112199368146	0.323268191697048	0.4864191731847	0.409857761491725	0.30340679607407
LRP1	0.917806877865015	0.933648280471018	0.928678197719445	0.894715008853551	0.710537180398726	0.736551471487463	0.921052517711615	0.902341019458259	0.898539781807141	0.858263186898448	0.900580878759694	0.85651595920446	0.850667961786638	0.889859380892909	0.540639081068107	1	0.774288614915066	0.940329414161629	0.818400817519983	0.907493341982836	0.873492274340066	0.928918275797275	0.92983070734334	0.83139358324505	0.8316205210213	0.898394392847432	0.892846723110275	0.727818735743682	0.83716885106278	0.867059725643001	0.822761004036744	0.727462007317328	0.877713878174475	0.848390103975403	0.847266139260345	0.440056256705813	0.792081922842486	0.721098311117213	0.899785112061445	0.805763203143997	0.718112609834035	0.927129213198458	0.898985369126674	0.850162148911574	0.93740454466642	0.876001577059776	0.938819917733985	0.912813318257656	0.88674403649422	0.812339492147938	0.856695317359888	0.855950734244343	0.673278833942758	0.915133872131849	0.767560409546847	0.766671849929572	0.720964135836099	0.854649928160204	0.85513737781334	0.78868228935438	0.794599335951115	0.858596971269253	0.872545734742488	0.873291540792768	0.760909306480467	0.314865161980571	0.759461552101258	0.910674579659069	0.754196033101568	0.809085332961067	0.917783129797193	0.864354894131407	0.878383482427275	0.883588671345098	0.863811375758451	0.833672614294633	0.707180682354926	0.904677323880564	0.901912630142068	0.876857663201587	0.756977367721086	0.785005526804149	0.866339789020126	0.743514873834488	0.804244845538042	0.288351737886751	0.762552276966798	0.870987932602138	0.867966134677825	0.76203412951306	0.798408064637226	0.763510441121359	0.870821645659682	0.434652729589625	0.833195348569711	0.905593275792209	0.680901218735029
THY1	0.897850372468299	0.775207209070646	0.788083676669251	0.779658050500365	0.424785769887121	0.943626649541823	0.826157664097711	0.791611937950681	0.932245131765615	0.894070526581068	0.856522057330294	0.8549199491675	0.943646369870297	0.893439508339105	0.203236358168147	0.774288614915066	1	0.872550316541389	0.930623253538492	0.834174679537801	0.874622143044244	0.786676557105872	0.860658422307393	0.844923052181273	0.799648682660313	0.793370790479885	0.831842537702991	0.427377413239243	0.833284163937744	0.57703901646179	0.591622172872234	0.292452619104683	0.856425551544994	0.557733582988431	0.883465245556365	-0.0507735863402708	0.51730627564975	0.380234665725988	0.610033519640506	0.570056387469895	0.896132181684813	0.835335843380825	0.766298767030692	0.774939361802536	0.808907116465355	0.734964589185857	0.860722202105457	0.775715453815911	0.843512132997706	0.564639086898619	0.818371235492346	0.78599320492393	0.290459647874468	0.855746967969004	0.452203901035159	0.850174286667318	0.276159144881421	0.852802589202984	0.791138085997925	0.532956930566889	0.880721357706524	0.623688920668742	0.904690888879067	0.812571391849241	0.794957487900506	-0.071016699990435	0.786130435257222	0.796484745505835	0.929016918668341	0.576309467626334	0.837301169013325	0.883576865609584	0.768667843907413	0.862977772945222	0.733040945638186	0.661305507725132	0.524219573027598	0.751543113988324	0.752643123693989	0.654462636111392	0.859977852529347	0.938068202243448	0.74710979471172	0.71924771130668	0.579493125870104	-0.229216255375159	0.89058396375983	0.881206238343376	0.775295268023013	0.768234581728736	0.664128344296241	0.540513894276216	0.767856679236783	0.134695513161416	0.689387605451587	0.875326224677957	0.633647158027289
NRXN2	0.955614294679612	0.920796622974599	0.91915280975687	0.897334295704945	0.624193822070413	0.841705391679951	0.933426281923092	0.890928855045518	0.948347667400184	0.907055432029715	0.914245783927815	0.894150543914693	0.908628050631771	0.933710367867888	0.436743186108344	0.940329414161629	0.872550316541389	1	0.878566180853133	0.917921951807958	0.8943919159808	0.92037018911616	0.943976875632715	0.863612058620922	0.861511227337253	0.911293683197019	0.91576530466412	0.63725249242084	0.841219613491061	0.816561386731893	0.75083699513792	0.599081631790102	0.909929860076283	0.784861050552758	0.898082056557701	0.275502954878225	0.724154486882141	0.640533280120401	0.845796853661367	0.778084354724663	0.810152902463995	0.94189848147891	0.899699683211703	0.852336801377691	0.920645505824839	0.84544387969168	0.952901251110233	0.903024283347625	0.901123276965812	0.772227065920889	0.883462303651799	0.868050400275559	0.579356844704807	0.936804948893021	0.688047018741316	0.806512199186582	0.590057809101424	0.89170400990205	0.867239604570803	0.727298387610502	0.85124394396857	0.801402177162269	0.913842950337339	0.905982847541192	0.80818067508337	0.17696125015778	0.80931380925668	0.898348467826757	0.845457490130028	0.771258900888384	0.923531840108731	0.905844906507796	0.856284204067287	0.907983430762267	0.849759253854026	0.828011166779964	0.667612818050096	0.887563497479351	0.869034316530765	0.85248493973847	0.821358019708462	0.86215460630903	0.866398743281828	0.746785055798223	0.755444093756262	0.114083561424769	0.830039406843293	0.894446832804532	0.863560518363495	0.785363362171976	0.765437874866768	0.682705318323029	0.867422481700234	0.312167988810578	0.826015780108972	0.926222250294775	0.673449997608754
NCL	0.867966226643551	0.791688231146944	0.794112076796061	0.803348618759109	0.547440907818851	0.881264547920987	0.831748901769568	0.808692032448654	0.887970828864873	0.913137575815507	0.854622603773627	0.8795640585568	0.913183330911632	0.899209013703214	0.335233520635238	0.818400817519983	0.930623253538492	0.878566180853133	1	0.880980029900052	0.870413390281017	0.822113615210076	0.8802606463803	0.801231076776426	0.809936225069213	0.787738972438489	0.874579976127755	0.62840098717308	0.911542225095281	0.665427656786858	0.707725881478148	0.452599588737753	0.813177885286496	0.650797942139159	0.82531708605212	0.161786581859889	0.585825455354702	0.492510170510559	0.67838915860879	0.68007753254287	0.861715735730753	0.860447472909697	0.761787306783681	0.804850874953778	0.844320048613525	0.810452723816943	0.873601624274468	0.776812182363642	0.85868733869632	0.660910093069131	0.895228093314616	0.85632331058557	0.467802017861756	0.873721856271699	0.596354740711132	0.830365973688817	0.444045471191162	0.809138878942167	0.810089460892954	0.629195546149685	0.804223382521644	0.747418359133746	0.905751660241998	0.854904107044921	0.859286796597238	0.116017401487119	0.796956434692894	0.84584535598786	0.894324303974438	0.626117682089818	0.89897590395143	0.890407200309058	0.849259424872005	0.865158125372114	0.784039476482612	0.747563038672461	0.557426350513976	0.803768162834678	0.844933730516408	0.761649225798725	0.732859407595529	0.876122260062339	0.825887471390138	0.825127451816828	0.683466576864273	-0.0206148012170544	0.844808641869866	0.920746707442135	0.806132143196337	0.751019588844013	0.782402131139055	0.696801551644246	0.788617182434565	0.244463926641314	0.777491164556754	0.929790380821844	0.72165727190711
APLP2	0.910087992596669	0.933201243608885	0.929733234486081	0.84529310880449	0.687632463841243	0.809634633004144	0.893121432588645	0.931855426724712	0.892638405106926	0.88558149575335	0.850367831692363	0.872890327153321	0.910850546123899	0.917706870893254	0.522386083646787	0.907493341982836	0.834174679537801	0.917921951807958	0.880980029900052	1	0.946576009485126	0.924965134572986	0.933138627144014	0.843183884137044	0.826563517210636	0.886456964549267	0.87714714182219	0.700827733262449	0.831577098894679	0.852275105725614	0.797143267354134	0.660571273434832	0.895425965191923	0.789788145485372	0.837604596319955	0.352156203266088	0.761946226947675	0.702974784713232	0.866076295188925	0.800803009215631	0.751017187039089	0.938722588304859	0.905600100702646	0.89409885923277	0.935528487776985	0.891466660729652	0.948510605850359	0.89823244867083	0.91381585955741	0.783695905836036	0.872551471895758	0.88319278232622	0.583635952195145	0.882531676992232	0.701557334109135	0.808355826751185	0.635243637664873	0.837904214747262	0.898540584639327	0.792493174806207	0.807620602247075	0.82029422392101	0.943021319709742	0.901545580155806	0.823405199276973	0.261998648943272	0.842548153135883	0.883566394947884	0.80761737806319	0.801781535869966	0.958980185623394	0.941975322687003	0.888875945813755	0.876660053176883	0.857833030222098	0.788024048573317	0.735735541027596	0.900177617765849	0.916616031481853	0.853003100719806	0.751474647297621	0.807150741803416	0.894275624708937	0.802612288844129	0.807483345955377	0.20614020440455	0.79547392482238	0.924450145031675	0.831351854646067	0.802789115530088	0.781812992538883	0.702965932563549	0.906209005996446	0.450098946000942	0.854152887927693	0.918566432494547	0.702957940012936
CD63	0.900168471855184	0.897766863703054	0.906139840993269	0.82386908633937	0.658923534217465	0.841345086875503	0.856632344676751	0.940782563106279	0.918646476478623	0.84604685135597	0.8494118388849	0.843042959136419	0.912248341692775	0.885708327407476	0.422991389125397	0.873492274340066	0.874622143044244	0.8943919159808	0.870413390281017	0.946576009485126	1	0.912964090653078	0.906747522087712	0.886096870861205	0.81390625163008	0.85690801395072	0.828151059193087	0.608114136568583	0.844624507838249	0.771122456454148	0.789631528652875	0.565486715089539	0.916834622474018	0.728177988659972	0.858509685482529	0.24234750333329	0.734325517136917	0.614346942349452	0.811171635716389	0.744125626746328	0.773827763898239	0.926343988532581	0.906060399750674	0.890044494533944	0.902086786620271	0.856809916346497	0.93948852042781	0.890673086473227	0.909636588529084	0.716747009055963	0.818129676902345	0.829901038270695	0.488891402266539	0.846569382462208	0.632291988889981	0.825461705585491	0.545462682582328	0.843086997046999	0.884680191235064	0.754739922553482	0.849420802156128	0.779130313289361	0.953158704324652	0.851327723619384	0.795882925609875	0.232112587082476	0.781265957121229	0.868842073888017	0.824027622944425	0.771353139931759	0.945424770166782	0.955036635893598	0.879010106818372	0.904998190888588	0.820859817101015	0.727701725709169	0.735067671652513	0.856996282026204	0.885230155520234	0.773951537131651	0.814903431320978	0.847712338774998	0.857967701979945	0.79196348704465	0.730597211428078	0.104494991890327	0.840264090951505	0.918970208922037	0.855837670912751	0.881353805904074	0.75544548495683	0.696210284696886	0.927929455032019	0.470685009856819	0.805954033189115	0.911035967222893	0.671567474983641
PTPRA	0.90849338120676	0.94119142125048	0.90854277624271	0.867530413357248	0.691524147957722	0.771834708680815	0.913805258354351	0.918260506377162	0.886145043052734	0.834005933811178	0.853822996108361	0.843977157164961	0.854238788107286	0.887315872610965	0.472411977336064	0.928918275797275	0.786676557105872	0.92037018911616	0.822113615210076	0.924965134572986	0.912964090653078	1	0.918162433791068	0.834677880146538	0.819567817360191	0.897094093022504	0.867604212613235	0.675793300271295	0.811540845308478	0.863034020103585	0.805850838276469	0.680298133941625	0.911667649162111	0.816604349104001	0.863107710558342	0.370478180539369	0.813719079923533	0.728251747589823	0.89051534614836	0.819611985747626	0.72514994309894	0.927017663591647	0.913500506675796	0.857295902036915	0.922353379638146	0.858071044065645	0.930498549131764	0.924430270944734	0.891474103954012	0.81121174853437	0.839756949603552	0.85074494403802	0.65836041655441	0.877281206508265	0.732958735402677	0.762103690943805	0.675048980157684	0.857567896038475	0.883239902971991	0.788382521698967	0.811005402502894	0.811089468835302	0.904201322299932	0.882584393837749	0.778499984728614	0.296162712187387	0.787127958475227	0.888988698268272	0.766496788922536	0.807247977119232	0.934245374017678	0.902722788009096	0.87206782094869	0.898536738021319	0.850021486309863	0.825523299535244	0.739395491538138	0.891325495862694	0.883806479372666	0.867353678231152	0.760552603272856	0.785850040721789	0.879465914634086	0.753899767487942	0.796211046277176	0.270492115293865	0.790937540684366	0.880224879188534	0.847244343769463	0.80927476859297	0.753243109257883	0.728392592915697	0.891147269722461	0.468745758826744	0.840693292453674	0.905156971355565	0.673044576051143
