""	TNFRSF1A	CCR1	SIGLEC10	C5AR1	LILRB1	LILRB2	KCNN4	KCNQ3	IGF2R	CD9	NECTIN2	TREM1	CD163	TLR2	HAVCR2	THBD	CD4	PILRA	FPR1	APLP2	TLR4	SIRPA	SMAP1	TREM2	CD81	TFRC	PLXNB2	CANX	ACKR3	CD74	ENG	CD44	ITGB2	ITGAM	GPNMB	CXADR	CADM1	AXL	PTPRC	NRP1	ATP5F1B	ITGB5	ADGRE2	RXRA	TNFRSF14	TSPAN14	ITGB1	CXCR4	LPP	TSPAN15	PTPRA	RACK1	TLR7	UNC5B	NCSTN	PLAUR	IL6R	SDC3	CD68	TLR1	ASGR1	ADCY7	ITGA5	ITGA4	CD180	SDC2	ITGA6	HLA.DPB1	RHBDF2	FPR3	CD93	SCARB1	CD33	GPR84	PTGER4	SORL1	STAB1	LRP1	ABCA1	ADGRE5	NOTCH2	MCFD2	AMFR	ERAP1	ITGAV	C3AR1	SIGIRR	CD69	SLC1A5	TNFRSF1B	MRC2	LAMP1	C5AR2	C1QBP	ITGAX	CD63	CD47	CD46	SORT1	CLEC2D
TNFRSF1A	1	0.872752652860691	0.86261734315943	0.785070035002356	0.942727715000967	0.884969868330621	0.649707027327052	0.795711765504383	0.497616568644352	0.800024743943757	0.910016816053716	0.524196261429718	0.880539058620079	0.893626841331849	0.953798289185988	0.792666605000686	0.872136520822043	0.783655490606544	0.890385600291985	0.918750865792262	0.816290653290413	0.898534582157013	0.832058250410936	0.937375540713254	0.842992033849344	0.785648718341978	0.757434795249734	0.92087539387633	0.354503337342076	0.884171414330385	0.869089487097198	0.785742482217549	0.910291692655881	0.786781674059716	0.248089507681842	0.811209007769397	0.861512727853547	0.88349750570442	0.941434296080106	0.769289587314299	0.842187553571998	0.649852202686432	0.907066744789466	0.634688184344023	0.799218241225603	0.818688788847079	0.928597239175587	0.653482519531752	0.866798528026346	0.893516285312385	0.905839454502267	0.909375863377251	0.85882097794714	0.901122166234721	0.857151141034022	0.911179957437452	0.777513800267208	0.562258047308844	0.886180303349818	0.912548718876137	0.572074454428929	0.902426976120669	0.580057632144401	0.84817861465015	0.630154017665374	0.560001834883601	0.860775782766607	0.812372514513664	0.95944476526037	0.739371814855698	0.789688139816121	0.739327663710332	0.910672543883862	0.890882193337263	0.855579082930947	0.935342648966034	0.674646192226116	0.774652889614345	0.354706939789698	0.784761373909623	0.724623895200902	0.877569138804966	0.707843498598428	0.800964593072241	0.929367893409801	0.908331091617911	0.873319727141787	0.863673090408379	0.829397265037146	0.913120914580873	0.805184329920576	0.891597210608786	0.413490004213228	0.805398112162431	0.567303988420068	0.894891138584498	0.914925101626891	0.924703620217565	0.853742250150068	0.754345146833623
CCR1	0.872752652860691	1	0.688301578770433	0.706386105778828	0.837939620735361	0.787889911834536	0.697363147301166	0.766990256275791	0.595652416052111	0.768644840595662	0.859453088034297	0.68127555558111	0.836306663291745	0.801863680354524	0.8621361627504	0.827143213743741	0.895245824728747	0.64844443238606	0.780136074690919	0.926699498705145	0.760307763671846	0.870540807779616	0.843961539973789	0.840133504467211	0.858391221847035	0.688773426035758	0.778940707883829	0.923630800550521	0.447598066383116	0.694409880259904	0.879510229688624	0.815166612893781	0.876764210733405	0.853397582644571	0.445274552528051	0.809879708946114	0.812418415950328	0.696022638681692	0.834978636525138	0.821478234341911	0.806443914157454	0.727591428587432	0.812822377173341	0.773471583614389	0.785439190358698	0.804225070406471	0.906442080343168	0.487795868917469	0.837287203613016	0.850689700627774	0.863898032778414	0.845710507954063	0.774902479165752	0.842186165496153	0.858518344966526	0.909628646554165	0.836160501696454	0.574324153929113	0.850903297416318	0.804412689637673	0.625478298305093	0.814312003991523	0.708186118804329	0.789568535476742	0.720676505174465	0.575800492587207	0.795053768283222	0.593544135319204	0.854464866687152	0.717366514501903	0.784507975308598	0.772878533648828	0.824305846810261	0.827574357256363	0.747657105699483	0.840444816279661	0.72071449219317	0.773755292598311	0.528109274970568	0.823227745581596	0.697044909631299	0.893517222372022	0.782524076762581	0.775197166183283	0.858853260559767	0.785410968914886	0.848209870563401	0.742782608678347	0.766512611814025	0.849783713378977	0.796497071226306	0.867692509754876	0.522083066513213	0.78760348547784	0.649600629816508	0.892474533925843	0.886403031168517	0.842975351218279	0.825758588381718	0.775868425278309
SIGLEC10	0.86261734315943	0.688301578770433	1	0.738502784438204	0.876233001951135	0.819793750727387	0.445840306331058	0.674137348648179	0.308758291180366	0.662800447760274	0.771851119258022	0.230282100614696	0.760221213147474	0.813815525466887	0.875803875118906	0.600123082159276	0.669523082929617	0.817410923372246	0.860290081703979	0.728660593510911	0.706827861724389	0.711934238030122	0.626583086650116	0.877697236149995	0.663517002194807	0.740476362597111	0.549910684796585	0.705778391032254	0.151255383431808	0.951347458769007	0.670640204475447	0.513446113382346	0.751022220451852	0.531767799131829	0.0120772874010034	0.741459328561211	0.694981959677271	0.930172986421075	0.853934521853866	0.516470498779191	0.676562084359045	0.432454373137254	0.788490880668523	0.351196793272335	0.639587614617165	0.669421546398339	0.762769576893381	0.729093741430818	0.744683913520798	0.743719077138548	0.747732922733096	0.717766980223656	0.810269991874046	0.777337406107728	0.692831004644443	0.72367952367321	0.510074613443855	0.427625006673359	0.744777497449907	0.860799341557329	0.290751687888783	0.78788682023436	0.253345257658446	0.673927822849214	0.349805394403808	0.426119212285657	0.714302159487182	0.91546037488468	0.873095547671777	0.550532116634571	0.581268674622273	0.562712964755065	0.806182809078802	0.810048673189223	0.807322572726359	0.857686844332754	0.480830015775409	0.604628173484728	0.115580868057019	0.551328409198064	0.558010186710956	0.660218501021315	0.527542061071233	0.668340055697978	0.821397334546326	0.891138986722248	0.693820283919807	0.828618657196013	0.728342770183937	0.829265474609845	0.610292917348485	0.768946471156677	0.256088197970735	0.61620326454729	0.462878989979603	0.701165346487177	0.765011388202283	0.795291355121327	0.735857941147193	0.569066434693502
C5AR1	0.785070035002356	0.706386105778828	0.738502784438204	1	0.72719663941116	0.685124210419224	0.224999961801353	0.711714213202503	0.583076688323829	0.69121746980908	0.63724377861328	0.421447712476784	0.783018180704378	0.730377532062116	0.738262143545339	0.642471814211767	0.700949322090961	0.845082596698027	0.554167975133901	0.741667707270327	0.897129934879841	0.708316538992144	0.66068707973273	0.671123006368426	0.715078515558366	0.867230023999365	0.624776713691195	0.664519786522747	0.52421475921012	0.709006442848534	0.642522340252039	0.702437256779698	0.590992862755658	0.58158718586426	0.417026142712444	0.707489657558042	0.7749721225061	0.745178101257996	0.672792788352855	0.61299897371537	0.416845688582441	0.666654111586922	0.789039781325344	0.546618446696188	0.779792249486971	0.845526963273973	0.748976436088933	0.660012224416844	0.771349606057069	0.615897417186636	0.758709870360988	0.62734310011442	0.797740465929585	0.662286284983152	0.641864381035228	0.738049013128155	0.616489140005896	0.684675650862855	0.801302622994037	0.666702409662334	0.172833881288143	0.712490571465439	0.410867094024872	0.455284431231397	0.343295136428512	0.706997296496083	0.666789756871916	0.702231097112675	0.756596185125966	0.644377149121632	0.509737222905487	0.700867825221583	0.598920225214802	0.691177256140494	0.822121378665796	0.761195922713384	0.566743829438774	0.818592396971851	0.588732577145018	0.633756372685999	0.736952221724247	0.637638397682801	0.754862984234648	0.635024806523895	0.784106544171403	0.65170350386404	0.687168935460876	0.742876784704908	0.474671567236172	0.858351658818516	0.595710674369251	0.752531151709299	0.636612517947474	0.369862909200716	0.744286516948043	0.609325372142207	0.610016829221563	0.763650466815974	0.724211408176327	0.7530559500652
LILRB1	0.942727715000967	0.837939620735361	0.876233001951135	0.72719663941116	1	0.884206196394402	0.645335188981167	0.811257545905584	0.428995612453923	0.71991555635165	0.896363677862638	0.455388929119344	0.863661410480993	0.897861142112926	0.916238303951758	0.795163250850827	0.871136820426623	0.707839641832234	0.893306470421605	0.881623865038081	0.776218998618469	0.886132547325737	0.764913226364676	0.932489047060994	0.838536864844984	0.774668388039754	0.749950353712828	0.883925841864921	0.359109604844217	0.893655587823773	0.861477045041237	0.715473980452457	0.885161689815511	0.772779811686139	0.108753977378037	0.769128762580424	0.820437619863559	0.878503452873453	0.932052352649577	0.733131954748273	0.830028204452209	0.62529710511516	0.894037754079445	0.606367074933117	0.727055583325177	0.782421842375674	0.894992096424629	0.626335874924226	0.863280431583576	0.900368829592835	0.872854838918117	0.873842599465387	0.856622506712309	0.919165929799651	0.840292915339559	0.859057089953821	0.71774365897972	0.552165858125959	0.808336894993764	0.905931384547475	0.539756903604253	0.915079595616583	0.522820118773917	0.866134427246518	0.548528780507975	0.466610354807568	0.866183876133006	0.819469073605903	0.947873619127974	0.740796109205987	0.815876629849583	0.7189518711898	0.889993007803832	0.893088512448234	0.862016151034323	0.926621552592429	0.690526491707973	0.737413920430386	0.247656314529344	0.729903990618579	0.676700780326356	0.823033754987178	0.661467224932384	0.804227788219582	0.930850401659577	0.894718457997826	0.840406401885436	0.876307770004672	0.819254089467036	0.879763341678642	0.820073489888701	0.835725122905209	0.378247792540121	0.802385080696456	0.51246252146425	0.838803459072125	0.899379912964109	0.871195870037388	0.836653618954177	0.721358269108081
LILRB2	0.884969868330621	0.787889911834536	0.819793750727387	0.685124210419224	0.884206196394402	1	0.636347854490347	0.760027914479507	0.379837603880255	0.700411452720928	0.857795065702647	0.434056052804443	0.795751618727651	0.862877369647299	0.872441731222124	0.708619830062407	0.803127591807461	0.667690499048954	0.855294966737517	0.831459884376884	0.745147720348027	0.855261355199828	0.761961656459357	0.868910906850948	0.771403757233007	0.696151816885414	0.723730884005756	0.84080346958717	0.32931252698879	0.853454644311757	0.798506859003544	0.722651324158686	0.838594975292415	0.729554254443584	0.115184066933221	0.707478535965271	0.801771692357102	0.843589347750127	0.890558348978254	0.677982372697901	0.80395780950344	0.564975341721259	0.86008036510172	0.558899377780974	0.692326746466301	0.751566383137592	0.861056708379149	0.653870305254698	0.829630854199173	0.833764140269484	0.853742312884848	0.843671094384444	0.844137595165991	0.860243207920503	0.765724912378531	0.828135880863966	0.70787890160787	0.474767679338551	0.762617575568473	0.864882975619065	0.535712691832437	0.850970512127686	0.527847609479425	0.823226270227143	0.57051175753717	0.468270104808517	0.838709870292488	0.793309746214899	0.878280709581453	0.67262811526749	0.756708055818568	0.683851780617907	0.848916636782247	0.847882778270035	0.817131025833405	0.895964246444613	0.619955980965891	0.670438849183076	0.207684106561677	0.722860776615723	0.636541473486376	0.786391796374771	0.603629006318946	0.750105363187692	0.877637817107659	0.844092138133649	0.825113777985733	0.840245847104314	0.822749138801886	0.828964143382277	0.757234510098866	0.78882467489801	0.368155658895638	0.775406209391094	0.472917680788091	0.80404538183832	0.858596972708264	0.832661948620098	0.809664749616651	0.693034079015922
KCNN4	0.649707027327052	0.697363147301166	0.445840306331058	0.224999961801353	0.645335188981167	0.636347854490347	1	0.539729226458079	0.308382818962253	0.587930023828073	0.76712131792409	0.619451993257103	0.569262974758725	0.616166931471482	0.667023334081391	0.613050394567408	0.688738241634605	0.294080513062135	0.725903940483444	0.70564183689999	0.34552468587707	0.69727054907507	0.659020539834898	0.727373622473625	0.639644496734619	0.284165715193976	0.641189827646853	0.788138540672123	0.12151258460267	0.472713010478072	0.779364125536313	0.585057243737064	0.835006599359828	0.737063391957033	0.167696405640189	0.65245193088705	0.494301226687936	0.46857089245332	0.702610145418473	0.682955089259289	0.859501171302106	0.429136919717086	0.613830532259879	0.612692235462465	0.416914969689189	0.468423912058819	0.718157197003564	0.185652947720103	0.60949370289193	0.750795581069118	0.653083656331926	0.734643368059856	0.487537458071582	0.706345810080824	0.702858900622773	0.73906022505291	0.660746536805386	0.209190865965767	0.545278899995795	0.634055951562049	0.751945096755884	0.631997284185832	0.615982998195504	0.815070816845411	0.696717864711369	0.203774308289162	0.607983980232751	0.334744612293256	0.649726056560408	0.493753593721905	0.761834592051206	0.449631757206158	0.772871479798298	0.71513355057035	0.409285681648491	0.657476468904922	0.548073528710966	0.432366816940202	0.133533364933113	0.633916266538065	0.352800622607692	0.750827321269804	0.45178079008622	0.546472384258761	0.617017701650628	0.642916846405703	0.676729212967881	0.513330815901153	0.794642627656279	0.562948461192571	0.652467757445284	0.646869096597018	0.10111619894337	0.864325085642096	0.30093856974237	0.790547497497108	0.785939605551902	0.575866530059664	0.600927653819583	0.491605727120887
KCNQ3	0.795711765504383	0.766990256275791	0.674137348648179	0.711714213202503	0.811257545905584	0.760027914479507	0.539729226458079	1	0.447614144443875	0.675827279646308	0.796036492940908	0.523963884089618	0.75319505919586	0.817128778193906	0.785350607017086	0.724551924724394	0.822575715516655	0.599882190863275	0.698433217505654	0.793319622086142	0.777041141981401	0.816779078800993	0.758611523720265	0.756154984435731	0.774754112062912	0.708020147275663	0.802418792335394	0.805805735660015	0.500666167304753	0.726914841901728	0.769739452150749	0.786022540094094	0.766942071585105	0.798562167641537	0.241443776722002	0.64173902836991	0.816036468297781	0.736915892926081	0.810353242353617	0.687758323100001	0.672487227411448	0.61357184943484	0.846137355914908	0.68146907623863	0.713599396465	0.804725264941505	0.832813267693249	0.610917132194149	0.85851684057953	0.756055299583022	0.846128674993917	0.792694309792553	0.824621637017845	0.840027586031114	0.751700857261758	0.777034699415313	0.719405547037049	0.514753166734763	0.682653661639859	0.752753722951276	0.526344052370101	0.806871525546874	0.579461555503956	0.756217316690101	0.584556898216295	0.42683523802217	0.795837041468098	0.674345264050769	0.81025849674469	0.673439508368373	0.778267373806884	0.712253299913876	0.756336397437787	0.744402085465441	0.798509696628926	0.863769817000725	0.658177385682778	0.741069246625716	0.372207153851655	0.732302563307326	0.714689660452374	0.768301496471197	0.737584306408901	0.771853612850126	0.83094402118114	0.69795541579476	0.813037485806846	0.763679535949506	0.675880106511914	0.837458796723418	0.811026271691232	0.686101429836719	0.547665175589918	0.656189820970449	0.572231329913004	0.699012580841343	0.768164220503916	0.779013953445585	0.800594297749364	0.795637023028502
IGF2R	0.497616568644352	0.595652416052111	0.308758291180366	0.583076688323829	0.428995612453923	0.379837603880255	0.308382818962253	0.447614144443875	1	0.558578028927016	0.439078936879588	0.632788210637727	0.661498822202464	0.468917943881359	0.457805030344829	0.519719759120538	0.607651159496926	0.46598898715793	0.280488556628287	0.659021250187409	0.634736932035622	0.590234465386609	0.499361276012948	0.429003900245153	0.660778308033645	0.544833817933254	0.550523114935796	0.547931631235867	0.524161316232554	0.260974511476826	0.596733118042245	0.569855270319627	0.434627830999239	0.550127618107462	0.63951820275422	0.583422629453337	0.556224038520562	0.280535851955274	0.351104253659303	0.693551572425035	0.296332988784358	0.762198420946058	0.484430067837402	0.624190509690156	0.560290582903014	0.641910507208417	0.587649834528291	0.192945506847602	0.582015981308124	0.505258509650366	0.490777321227682	0.389524294651514	0.46700064827504	0.426141104494759	0.537762724031195	0.587235850204358	0.566642935344705	0.691811890204354	0.659914408940787	0.388278237602201	0.324250125469348	0.491342285131497	0.576597995936783	0.305260348209043	0.364166615555698	0.633285776354493	0.524980370082677	0.194819929520349	0.464475184979044	0.662011309636958	0.473195881893898	0.613073817223763	0.381826369850767	0.42986472303102	0.413135182077849	0.460633878451928	0.641055598661671	0.752310156187624	0.731447857194348	0.57785604866963	0.495857809681574	0.549996979316537	0.670946271925576	0.532129583909103	0.519489549127845	0.347503490631134	0.457444795360463	0.319033010828597	0.292245834828645	0.5319980580419	0.481905556415401	0.65425166077418	0.522921820669593	0.276977785040079	0.701040542289593	0.557944321217936	0.440209290337918	0.527090773923962	0.444650032147938	0.597205806887233
CD9	0.800024743943757	0.768644840595662	0.662800447760274	0.69121746980908	0.71991555635165	0.700411452720928	0.587930023828073	0.675827279646308	0.558578028927016	1	0.788876139288956	0.730742000544172	0.754318471685168	0.735501315246041	0.842103331375627	0.583138837099181	0.701491657844209	0.798264878068745	0.761512206573467	0.837133408408907	0.69108287032889	0.741341491967696	0.79745299302568	0.834044003734239	0.724284732110714	0.557610674559791	0.603500815619821	0.793492194415512	0.335569955047491	0.702487085209407	0.748218132276749	0.711423219819398	0.847533230149156	0.701321640308494	0.586202560224757	0.834384607841604	0.799105067363359	0.714279178662464	0.778227970918741	0.719100045236686	0.688173922130088	0.614514079714112	0.733882810101071	0.624338985593272	0.779795061148182	0.755195449810607	0.86862634242343	0.567845269205872	0.765406085472863	0.721911472100283	0.776640656425123	0.763927183246653	0.691593523508087	0.700962776504693	0.769269841305577	0.864567016205552	0.686634712681804	0.451738756677143	0.881349561267154	0.753737289062463	0.489426622037841	0.680771369157399	0.5244570367565	0.657271369049043	0.586961630831256	0.664904715165219	0.694330455676371	0.636125301736748	0.77972268920434	0.546985448726663	0.571396151832921	0.633453253634756	0.772439154955085	0.718267116892062	0.602087699387335	0.793030787682675	0.484186120811491	0.722846478017283	0.511006602575008	0.740465778884544	0.651682497887939	0.783581853510719	0.720632360036481	0.569559944504391	0.713453354827187	0.796187888586113	0.798777787606336	0.617610494417921	0.699866537919432	0.830496876592295	0.657504020051398	0.889210514643055	0.410915271875503	0.642357810960318	0.737926298783434	0.870414607616137	0.773260362590581	0.804602192858054	0.685823216230448	0.704025133308795
NECTIN2	0.910016816053716	0.859453088034297	0.771851119258022	0.63724377861328	0.896363677862638	0.857795065702647	0.76712131792409	0.796036492940908	0.439078936879588	0.788876139288956	1	0.606934848057086	0.802961218529011	0.855919733460635	0.913043978553368	0.767609992986552	0.866131550947668	0.632820294690783	0.880936639086821	0.896186067401281	0.707051812472056	0.893948332367053	0.824019645317797	0.913389625291266	0.812822499176083	0.646813377148017	0.77690135513705	0.918202001824562	0.314988487543914	0.799779781241985	0.885332655452589	0.775226741602782	0.941714253921564	0.829616231787174	0.237536344834203	0.792631811924257	0.794492371400707	0.797621173825781	0.928520836653544	0.769391557280715	0.898988817391939	0.60839722580356	0.873130810356453	0.671168653672652	0.724113557991228	0.763522021633689	0.923274357826631	0.550604009016782	0.833074829601969	0.873558320331516	0.882435204189348	0.911615335799147	0.784264302427245	0.904310890871483	0.832588071566518	0.899196269174215	0.79472956681884	0.463904141584655	0.798300651758675	0.876669266172453	0.67430359879597	0.861203431107002	0.620421357195821	0.902728590049618	0.693469587789507	0.479136574744828	0.842438678129962	0.701903994068906	0.909382410890272	0.66846931564204	0.816588292816252	0.692069683861974	0.920261537790314	0.864663591728082	0.755339832974433	0.911436358266096	0.654903952671734	0.704126239979073	0.312974556671147	0.784067440001253	0.633500233928446	0.87806059922761	0.671737132874989	0.756705267544787	0.874194589744657	0.860802495883082	0.880611321097151	0.812057749985978	0.856283456840289	0.856283144975062	0.831212177596248	0.844880612262766	0.374243133686191	0.876125943161122	0.54408476838299	0.892967711583466	0.921874942460659	0.85404461407299	0.849233382675523	0.72941852465139
TREM1	0.524196261429718	0.68127555558111	0.230282100614696	0.421447712476784	0.455388929119344	0.434056052804443	0.619451993257103	0.523963884089618	0.632788210637727	0.730742000544172	0.606934848057086	1	0.588034295046105	0.450250435270537	0.528980563508696	0.595030496956233	0.681527290589122	0.392624211800382	0.432069794845362	0.729402535456248	0.496155462107775	0.629295228134859	0.655073755872134	0.539165917080973	0.690565491180679	0.355858752575698	0.630215030508888	0.695859459808164	0.46926654307418	0.22999411463259	0.718239539539373	0.690296857193865	0.675014890510514	0.767554741395829	0.745627117001238	0.672984713464105	0.5674944500133	0.2577066790642	0.478115441089358	0.778849866118373	0.523327861358076	0.680080698063648	0.522715077288091	0.804520502619288	0.585343537415709	0.62689836401916	0.700426350748727	0.12253300453022	0.594254582498391	0.600597877604462	0.609218098004881	0.573015735652811	0.422230287042906	0.516403171670127	0.651737630380349	0.74787068369437	0.680323293086921	0.449140095560068	0.657311409209162	0.429596190660509	0.576868054472825	0.492561962741688	0.746716315064246	0.511085213952128	0.647801560311854	0.578492727832171	0.537588093559471	0.111980270616202	0.503934864607241	0.527499909487012	0.586529534747188	0.573179486256499	0.529693235228396	0.4962940439259	0.358485186895901	0.522774917943834	0.579314915287488	0.664907209753004	0.693302753968992	0.700981171595509	0.458158421089492	0.680859634518239	0.665786153542828	0.446916553885987	0.487753286656335	0.42089077138782	0.623544453696086	0.342989729959951	0.470160888964856	0.5695594003521	0.562109264835992	0.695677209414397	0.451549312034424	0.531611291531821	0.659073940349155	0.72582875980223	0.574560219706147	0.5510856595799	0.479543102998804	0.600998066633961
CD163	0.880539058620079	0.836306663291745	0.760221213147474	0.783018180704378	0.863661410480993	0.795751618727651	0.569262974758725	0.75319505919586	0.661498822202464	0.754318471685168	0.802961218529011	0.588034295046105	1	0.864815037683597	0.831292705180753	0.829986176848848	0.909420619768403	0.70537924793058	0.74733832493582	0.927259014237383	0.837490269883709	0.891656190295277	0.67850715400385	0.86606617635709	0.944696242974169	0.809558556191711	0.810085774119726	0.841165667432177	0.519277351297809	0.744206762177683	0.906178843087372	0.688474197364077	0.790941411421213	0.797442914106559	0.301484654011131	0.808025080608439	0.796710743681346	0.742527414303046	0.776533762147274	0.869107265448154	0.664520204107336	0.827823210941453	0.872904052139043	0.698037042659524	0.719268423506067	0.890215588319398	0.899650429071513	0.478210839982488	0.881099297068822	0.858406475209761	0.832557795091193	0.72191347517282	0.837361993360947	0.846114817439512	0.851578499920084	0.872162519203462	0.707591026512037	0.797592758291416	0.854952859747357	0.788010015324943	0.462661100892442	0.865605149912837	0.590977118282497	0.714373847439154	0.441717022724164	0.651769885618367	0.84976744417402	0.654912970664386	0.873230563751542	0.877151135060613	0.808746324589533	0.785281239670091	0.776336555788924	0.806828106379074	0.770720946258809	0.86436356960198	0.858241781484901	0.906248736976748	0.497456061527114	0.744024525816948	0.663377075099015	0.789369217781442	0.76191180094686	0.816186953470667	0.900677594288438	0.784558430432449	0.732357828419912	0.71603812034287	0.665716472687566	0.832563858234968	0.784639151930696	0.891903060857536	0.5246805401465	0.632771559360227	0.694897219149629	0.833594553627479	0.800802215060447	0.843429175732986	0.756514660624312	0.778694902789848
TLR2	0.893626841331849	0.801863680354524	0.813815525466887	0.730377532062116	0.897861142112926	0.862877369647299	0.616166931471482	0.817128778193906	0.468917943881359	0.735501315246041	0.855919733460635	0.450250435270537	0.864815037683597	1	0.878084121381136	0.748249755256611	0.831310635177748	0.688043222212891	0.839448893957988	0.849516589088195	0.785887431916698	0.874252709498876	0.736428622176499	0.885298273694763	0.824789719288658	0.725262872239497	0.761337032453751	0.840588789296237	0.414432924358308	0.858544014259366	0.842201713232207	0.72465029750817	0.842087136104179	0.743175838850377	0.145004906727028	0.707991985996942	0.827303661235134	0.857785085427746	0.895398835186165	0.705196799232528	0.776021846674229	0.631477294255598	0.902701859514784	0.592994584099077	0.716233984020481	0.823270427022645	0.885296958029697	0.650321333352763	0.875990463787385	0.841377664603656	0.84757356412584	0.825951126276458	0.86103349293171	0.886301296962133	0.802972133572061	0.836802162521839	0.711192095710596	0.563943914246156	0.775736676929021	0.866408579819161	0.54936872463514	0.865912295408823	0.496469825694115	0.824213812928674	0.513554991933141	0.472042099985607	0.839010368375296	0.796239636508267	0.903892546684715	0.749179575109024	0.791429034718616	0.724637176311989	0.838031210072112	0.860223683285063	0.812793738564858	0.912158100414507	0.680732891326089	0.75032100479577	0.2736208326505	0.688048547960939	0.680888574522939	0.799105457490739	0.692090932343831	0.791679351664044	0.896803147123885	0.852353059146724	0.806392739388652	0.81336778506306	0.768359717324416	0.858202196042118	0.813788784358603	0.803045579439138	0.420996366222969	0.744002345228944	0.56107275007558	0.801266265089977	0.858482245357349	0.838396060455101	0.819275206632774	0.757025636426473
HAVCR2	0.953798289185988	0.8621361627504	0.875803875118906	0.738262143545339	0.916238303951758	0.872441731222124	0.667023334081391	0.785350607017086	0.457805030344829	0.842103331375627	0.913043978553368	0.528980563508696	0.831292705180753	0.878084121381136	1	0.708878087073649	0.823175300310555	0.799389564487276	0.918839980633417	0.889782300452386	0.752357299629064	0.858858016932425	0.837376361146113	0.950586604403013	0.791830440722579	0.704696020218374	0.713735666589476	0.902361747572358	0.255710152721366	0.903341990859584	0.830364710203925	0.742022250329066	0.926936700352799	0.753759562998932	0.270674619983152	0.827048468864162	0.828115147578588	0.895119071220553	0.949319426160782	0.703895894388056	0.854936313668486	0.578665497217602	0.862461084101492	0.589384177071771	0.792171449006463	0.767453996619652	0.922003182348255	0.679868501958583	0.844400431848024	0.853709069458586	0.877521659285199	0.89873905509351	0.831175060412112	0.878796411545837	0.841556666413112	0.89469279007056	0.745145075519483	0.462362103698483	0.868567228877899	0.921114882284764	0.566560890071604	0.859121189340399	0.529222213385787	0.846007879468772	0.648045958657342	0.519726359986364	0.811632365907662	0.830649418259348	0.937616655933338	0.645514037976831	0.734662404353566	0.689442178296999	0.919491370798649	0.874658631147377	0.799303884405759	0.936081566251402	0.592799559702924	0.712445667254205	0.30760006822058	0.759809425635672	0.686213085590156	0.861336330350082	0.690305226290618	0.748915639939469	0.883731733301675	0.935101667965395	0.877350400714317	0.830307407460871	0.851959594964267	0.913525226742033	0.781368636575193	0.890525029337456	0.348151388069255	0.804804109195809	0.580446081569998	0.898129519512666	0.909913217785601	0.906417893659513	0.84316740671233	0.721289252583946
THBD	0.792666605000686	0.827143213743741	0.600123082159276	0.642471814211767	0.795163250850827	0.708619830062407	0.613050394567408	0.724551924724394	0.519719759120538	0.583138837099181	0.767609992986552	0.595030496956233	0.829986176848848	0.748249755256611	0.708878087073649	1	0.890131578067049	0.479075047775502	0.665600360674284	0.846814719558271	0.731886666784487	0.844883152735325	0.65517089678987	0.736531052857792	0.857539222917222	0.710392864003589	0.825659375800014	0.82511564992872	0.571205829296341	0.592323218594169	0.858429819443426	0.727515789495585	0.75634718065897	0.827690113883193	0.253524181416489	0.692436954737137	0.723699152134105	0.595094242944758	0.717437148097968	0.816436201549896	0.688314572378594	0.748036043935971	0.800021280406584	0.754952185095142	0.644684960324806	0.779651023275791	0.810242394342775	0.365868219949677	0.789175177319389	0.808368627210102	0.789827432997915	0.722858757754716	0.730864313679622	0.805416069996336	0.803354908593824	0.808133296189806	0.752450429202587	0.652739260635162	0.699176713938882	0.696632014189476	0.519318926023937	0.806489135452867	0.684341168442804	0.7244716108387	0.55803539323267	0.502383487440986	0.782356581314278	0.487311922787607	0.780968107501901	0.785599572167033	0.830637135816884	0.733462895929766	0.719357196708788	0.761419431639364	0.740925208185803	0.760812220571092	0.807916823129096	0.76879244997456	0.468487571119553	0.711370664318144	0.627230321517759	0.782071566086289	0.682200149171348	0.76296997314778	0.831464910661686	0.657824380776475	0.697492239952196	0.691682893855802	0.644970973591743	0.729232316174583	0.771048854159907	0.723690016597098	0.544059456748519	0.684202250310922	0.51316173387786	0.74723930663314	0.774819567817827	0.750753426104546	0.721077304886852	0.710357064126991
CD4	0.872136520822043	0.895245824728747	0.669523082929617	0.700949322090961	0.871136820426623	0.803127591807461	0.688738241634605	0.822575715516655	0.607651159496926	0.701491657844209	0.866131550947668	0.681527290589122	0.909420619768403	0.831310635177748	0.823175300310555	0.890131578067049	1	0.560626654777986	0.734102229820727	0.942718025153053	0.799033712381237	0.936256727201185	0.761456447498042	0.830407647606783	0.958124133322152	0.75433997935095	0.899750767543833	0.92186028423739	0.552566186823052	0.670359258020084	0.945736033871511	0.808956769990233	0.844703448487726	0.918202560994687	0.324832240846185	0.756222662267533	0.808222265392703	0.667596517291962	0.806047723668518	0.90064118262793	0.767542318485631	0.824604524710513	0.875442002161103	0.822232025534694	0.738459114424729	0.862841145231536	0.915181032201368	0.408740302729113	0.881246273505198	0.900994176008999	0.882847539116148	0.825201438001078	0.810381335887094	0.891825821587491	0.87765605952333	0.895533337815903	0.819805766678442	0.72112169960761	0.809248962146341	0.779112619042497	0.627269477046279	0.89290550964675	0.763445811794291	0.829868930464024	0.637234961977019	0.57953775347441	0.891259741699926	0.559969093968392	0.859119166488943	0.863480055515351	0.910953469287176	0.813095273866889	0.803153951169731	0.812929895915728	0.781045451899001	0.865729226223743	0.890626079019016	0.866614117467486	0.511381268120873	0.83297990800622	0.680016670971334	0.862588131358033	0.784055107104729	0.852724051426976	0.901016746817852	0.72832704096339	0.818553487041858	0.749284111027422	0.716706361381261	0.822728215135824	0.862564545298251	0.84100884332749	0.566270684158041	0.763033078157415	0.624753534612032	0.856093824693731	0.858480434398313	0.823318851316343	0.801238376454862	0.813338632055253
PILRA	0.783655490606544	0.64844443238606	0.817410923372246	0.845082596698027	0.707839641832234	0.667690499048954	0.294080513062135	0.599882190863275	0.46598898715793	0.798264878068745	0.632820294690783	0.392624211800382	0.70537924793058	0.688043222212891	0.799389564487276	0.479075047775502	0.560626654777986	1	0.691018979694899	0.690194607019405	0.735293880805972	0.610245201316502	0.656120884318508	0.764913338875845	0.58786863981429	0.721568844733412	0.440260118971785	0.628340722542274	0.22065512068186	0.807445097523239	0.576828144568826	0.546040448766106	0.666141609421782	0.478926346040623	0.387634966542574	0.782697559018252	0.706102963419929	0.81606662506686	0.723712435942799	0.519425118563214	0.482816454028665	0.466306843214739	0.700927442371226	0.374585294357609	0.72429398064713	0.696982939314997	0.722234208484318	0.702949779054904	0.683284139870931	0.603828518734949	0.672627211527128	0.627261473875464	0.726469582097289	0.603385541766422	0.615692451110929	0.716959316598372	0.500979458452897	0.442070336974097	0.828991338512018	0.732926396026617	0.188728513577147	0.652680521134185	0.26274945777153	0.464253932661775	0.340549064965868	0.61529262778598	0.576504477025913	0.800398356706089	0.763755008656705	0.462085953434061	0.398842603842634	0.532010871693501	0.682866768110639	0.689850417578123	0.691509943801393	0.755333342091272	0.371188490752936	0.65339423822219	0.38258355673198	0.542601621170771	0.622579491993291	0.613194316577258	0.617373057965091	0.518731118658591	0.682883656430766	0.773987751891724	0.671063566557525	0.667192872215095	0.560486790941038	0.838731752846815	0.492837704044245	0.798197873847502	0.330740385122278	0.416223925299669	0.650572958270965	0.66886371460414	0.615641741224351	0.760868406800912	0.625892777217668	0.59854998773212
FPR1	0.890385600291985	0.780136074690919	0.860290081703979	0.554167975133901	0.893306470421605	0.855294966737517	0.725903940483444	0.698433217505654	0.280488556628287	0.761512206573467	0.880936639086821	0.432069794845362	0.74733832493582	0.839448893957988	0.918839980633417	0.665600360674284	0.734102229820727	0.691018979694899	1	0.808603412212811	0.593347806088389	0.774394548974892	0.739500707326052	0.953356421797339	0.699826975230313	0.571762183348252	0.607140686509615	0.835946749435952	0.124758241818881	0.910689188309214	0.781933307688152	0.605633199105397	0.92506535732255	0.679977435151504	0.0655860324258261	0.758573400346303	0.741626257199804	0.87242288522752	0.937092224621646	0.620103724621486	0.897729804439211	0.430099385362603	0.779539172276566	0.47987940372356	0.629945988170244	0.632837781572389	0.838543161847207	0.658393523607938	0.763158948490816	0.834429174557304	0.791482697233457	0.853334456824694	0.758439148124257	0.845499623549975	0.793305070196267	0.821306767896974	0.632230379853771	0.302159181788114	0.751399197289318	0.910055629426163	0.577250802375454	0.805314790283956	0.423683560400926	0.869129496260306	0.584972467187648	0.342733732371255	0.753422699780353	0.833738860361827	0.895174329684062	0.552829695624646	0.722705622905219	0.570527381036618	0.928909285335242	0.857191629181056	0.719229534704079	0.876077495415639	0.497752699447312	0.541404227363073	0.0652702642822661	0.650030934777116	0.540958906941872	0.79891571590922	0.517403100036003	0.682120527886003	0.815712575210401	0.958335585258242	0.80611714624528	0.789224517933302	0.9007954604173	0.804287763608177	0.708070896004944	0.804501440519309	0.183239250690184	0.85661248331871	0.381553076625344	0.857782627106358	0.903583568639103	0.829282704955673	0.75801069177559	0.568384953520841
APLP2	0.918750865792262	0.926699498705145	0.728660593510911	0.741667707270327	0.881623865038081	0.831459884376884	0.70564183689999	0.793319622086142	0.659021250187409	0.837133408408907	0.896186067401281	0.729402535456248	0.927259014237383	0.849516589088195	0.889782300452386	0.846814719558271	0.942718025153053	0.690194607019405	0.808603412212811	1	0.828565600190107	0.930794979723502	0.836488182589995	0.900679806197751	0.941854667856158	0.736569158487849	0.835060788403195	0.950712196549216	0.484645210617237	0.736603379734906	0.944543784315653	0.826549823832079	0.903626892928907	0.884844967637809	0.442846960033173	0.849450445014397	0.857590719065069	0.7382281534468	0.855274344211336	0.906627640489997	0.813387621128778	0.819057526607986	0.874153081277961	0.788628294330302	0.810824598769431	0.871509106814588	0.962726510416818	0.496221590809856	0.892595028835119	0.917367522759845	0.900190920366198	0.862532840258568	0.819893597154941	0.881518452656886	0.904063336044523	0.953351511204971	0.835314694451688	0.679217978211241	0.918722911884191	0.837143612912426	0.628333727192931	0.877487863658051	0.734607675463792	0.820246689516685	0.67148803897098	0.664266194378168	0.885937398098052	0.632677429959555	0.899396267045902	0.822716642023507	0.840421747164192	0.825675781640076	0.859460825802653	0.838905333355504	0.769894715429808	0.891556860049416	0.805549539558829	0.865006111402714	0.546398078629317	0.851125594649457	0.713202057210897	0.912876372096544	0.7999112185113	0.816130488701254	0.910092142675866	0.820741708914035	0.858673377005209	0.754570765915877	0.780258163067504	0.869234908809304	0.83057323758743	0.943593915875839	0.519180486664822	0.791722649889638	0.692206112305859	0.947022495041236	0.90493549657126	0.891246988836969	0.815922037647565	0.815441337974204
TLR4	0.816290653290413	0.760307763671846	0.706827861724389	0.897129934879841	0.776218998618469	0.745147720348027	0.34552468587707	0.777041141981401	0.634736932035622	0.69108287032889	0.707051812472056	0.496155462107775	0.837490269883709	0.785887431916698	0.752357299629064	0.731886666784487	0.799033712381237	0.735293880805972	0.593347806088389	0.828565600190107	1	0.819507612323978	0.72322726144312	0.705669784414289	0.81198917026379	0.838571156381546	0.737074289921571	0.763192157088399	0.605369243952718	0.706694014689958	0.733301811586866	0.791271837714496	0.65441620511786	0.695155563595484	0.409310846182853	0.671905171595943	0.842876262760347	0.73320668332371	0.721776300351916	0.712254057052437	0.528196103533597	0.784881938872553	0.828251771259575	0.645974612242467	0.809986397588974	0.883797964006269	0.816424197342257	0.615103514190485	0.836029665915154	0.737564591601602	0.811308818604771	0.712308167133409	0.850817065443937	0.749948045718169	0.720658219778383	0.785906384677857	0.72382948599896	0.746339229066983	0.835584109879221	0.716452797144294	0.351824574633831	0.800274031466979	0.553098728080298	0.587198755780251	0.448028135636264	0.707947853825132	0.807526626931224	0.674546445271034	0.785304264694142	0.760672292602601	0.649884609570857	0.824823633182633	0.654063764303085	0.715447255129832	0.844069827484162	0.800457404023012	0.68672802950115	0.866665755616476	0.607122410898239	0.728900855920056	0.781504549457678	0.733346059727652	0.795055440659861	0.762155309774737	0.84412626953027	0.655503154971035	0.753300211383841	0.752648216781137	0.546159702394418	0.820868239319163	0.707144963801095	0.7881968037514	0.644290332416799	0.506468298193033	0.693604980784826	0.696691714043203	0.70405619477136	0.809079314379523	0.759941025372524	0.811666466164938
SIRPA	0.898534582157013	0.870540807779616	0.711934238030122	0.708316538992144	0.886132547325737	0.855261355199828	0.69727054907507	0.816779078800993	0.590234465386609	0.741341491967696	0.893948332367053	0.629295228134859	0.891656190295277	0.874252709498876	0.858858016932425	0.844883152735325	0.936256727201185	0.610245201316502	0.774394548974892	0.930794979723502	0.819507612323978	1	0.801780729841656	0.853638480980561	0.915373819219335	0.748967104914194	0.887198802914357	0.926772096829123	0.536368456504586	0.732725381786996	0.922783104309407	0.839745077086132	0.871520831901217	0.879558021823871	0.296706447234419	0.752886146930209	0.851751089052558	0.737072493765027	0.856364556322339	0.854686876383165	0.80781597206158	0.792448042526868	0.898503678330701	0.764337564323887	0.764946392825952	0.862063408111675	0.934871791674454	0.500375403866036	0.901840662278732	0.902079876271139	0.901675950505761	0.874398394991174	0.847627727963168	0.898635643959163	0.85468307024254	0.9068924488025	0.839318333694908	0.675750898406253	0.823824051959913	0.821117630970398	0.663186991737758	0.914678869814847	0.718152335303596	0.857841735884758	0.644344231691945	0.562011964157055	0.906663368674677	0.639441037209526	0.88728287930987	0.830021394737396	0.89240937915713	0.809950189850181	0.846502631895177	0.848786978645691	0.807815441471352	0.896578328584648	0.817956128823937	0.842659929180537	0.462653179661398	0.824358469851692	0.712685549715123	0.882098156153824	0.757661407690458	0.857629170988969	0.921035334038881	0.772053778454251	0.857587804702114	0.791561157173394	0.768045260828858	0.84595765099128	0.871005621860333	0.844956323200216	0.511455807830589	0.796349310883955	0.592433074945301	0.866406520790323	0.883656308519801	0.847274748858862	0.827148108861916	0.814702866331764
