""	IFITM1	CD3D	KLRD1	S1PR1	CD3G	CD44	LAG3	CD69	CD8A	CD8B	ITGA4	CXCR4	PTPRC	CD247	PTGER4	S1PR4	IL2RG	CD2	SIGIRR	ITGB2	ITGB1	CD47	CD27	ITGAL	C1QBP	ADRB2	SELL	CD46	TNFRSF1B	CXCR3	RIPK1	KLRF1	TGFBR3	LAIR1	TSPAN14	CD6	ITGA6	SPN	CCR2	CD81	VSIR	TSPAN5	ADGRE5	TNFRSF25	PILRB	TRADD	SORL1	TNFRSF1A	NOTCH2	CANX	KLRB1	IL6R	TNFRSF14	CLEC2D	CD96	TIGIT	PTGDR	NCR3	SIRPG	RYK	ATP5F1B	EGFR	SLC16A7	RACK1	HLA.DPB1	NCSTN	PTGER2	JMJD6	SMAP1	PTPRA	CD9	CD82	STX4	LAMP1	RPSA	CD63	GPR171	CD74	LRP10	NCL	PTPRZ1
IFITM1	1	0.993838987206114	0.917242501125759	0.849494617831003	0.989500692150941	0.87344955572194	0.908425782674945	0.964599089045138	0.989487946917349	0.993403602290684	0.951241716706941	0.967284129114188	0.98091384533854	0.977797174802703	0.972340062870838	0.961370839069012	0.972900032573191	0.991003533953937	0.965798506122982	0.872285436053732	0.916682432671169	0.907478247560601	0.696366152056497	0.880570983196989	0.666236770701303	0.904724825277345	0.908801830552873	0.828159370433592	0.908516579943714	0.974185300173818	0.9184588128849	0.899522574163692	0.995681539958535	0.967976146325379	0.976955639641281	0.935178616208922	0.933030358267887	0.987052099924097	0.893888179746736	0.665921421207485	0.809736129624447	0.724404855410599	0.841024706725285	0.96787773765773	0.896502142609841	0.976162337193507	0.726968803876463	0.774440974711518	0.583556090413866	0.252489352319732	0.888529540954157	0.940550592496866	0.845928384488077	0.958124907303159	0.985479454765177	0.998174850890248	0.936217233095624	0.841092232103864	0.965760528615712	0.952587963918602	0.544322947137578	-0.76118063791245	0.984702397927652	0.911891288626109	0.766423169092576	0.77545972674928	0.997740316331732	0.81463090194587	0.837745424483691	0.862970905696828	-0.276763962579581	-0.532291130828256	0.885003329278141	0.883148102315157	0.930409980141776	0.115477018764933	0.98958075784207	0.750399691239689	0.807430050679131	0.922937234338749	-0.734173374362534
CD3D	0.993838987206114	1	0.902786548207536	0.842228241861888	0.995260169068623	0.870695316139322	0.898871614238811	0.966459397061418	0.987706573569531	0.995983586171355	0.956451538860683	0.971406661720244	0.975957817792272	0.978571706576215	0.974161700971093	0.96291924834802	0.976205120644326	0.989761387946566	0.958869880162845	0.865339895203591	0.907327439192812	0.897028900124204	0.693191453793076	0.878656567633622	0.666883366836195	0.890609044586018	0.915193117027248	0.797088437651204	0.905402943051265	0.981572722526899	0.905299174308181	0.888127793314865	0.988215792241642	0.956453481166939	0.971934679072228	0.933926711897882	0.916034273827742	0.98056852902989	0.893151298296603	0.657212597188646	0.809205987759492	0.693878731066568	0.839212364607283	0.95976568551116	0.867782714442728	0.983829072961625	0.704187979687001	0.75534490010997	0.547579226289769	0.244831928388516	0.882702608871294	0.937021001609922	0.839411883278514	0.959643162786854	0.985536210215762	0.99495670246344	0.92118359135574	0.837804953442834	0.970073663933851	0.954743507384729	0.549828273504276	-0.778901546398667	0.981658502339372	0.919940404899129	0.770780959632114	0.763255492076938	0.996177234417443	0.824894531898371	0.861318091485814	0.860662037962482	-0.262345463881796	-0.547306296416511	0.886867010162115	0.87468655399398	0.936578377430832	0.123990521679845	0.985927340102946	0.748178294433394	0.776703157852892	0.916672344845377	-0.749011840274836
KLRD1	0.917242501125759	0.902786548207536	1	0.577594056031492	0.865600181706979	0.615264489284096	0.995584245729337	0.781430712777566	0.953274625809326	0.914497902136928	0.76350541995476	0.791914896985857	0.862673355185379	0.965083798387728	0.853117405528673	0.776251176471322	0.805882686180004	0.896573215352296	0.797759382546715	0.932058215423292	0.70113913030365	0.708626829989573	0.360574784875919	0.984770851976301	0.355281647493881	0.912711450329069	0.672827250840724	0.80950697603455	0.872835851279872	0.818647409996426	0.700292347804985	0.994908040309183	0.927570679835321	0.881760791160671	0.883569870515768	0.721958759661761	0.920616840117836	0.958222647499584	0.662110490083816	0.669632173817513	0.871821783403432	0.636430210519288	0.96385872482393	0.795378486780163	0.80705596871259	0.845514086762871	0.745197019337518	0.838369892971704	0.643758668606032	0.346411346310042	0.64030637652303	0.771388625858806	0.578380620869722	0.768480706748801	0.841071757427624	0.908065329741947	0.990409321269196	0.977898046509986	0.795506230468714	0.923051222851982	0.331822473195197	-0.612300706437603	0.866799159613581	0.704471798568622	0.704642246967743	0.534972050198421	0.913418639602931	0.863710378837913	0.66123218823232	0.644434475780055	-0.469344414510043	-0.439997582427489	0.673201703974128	0.726866809279197	0.714390651022028	0.155695412670282	0.854104150912573	0.629726671719363	0.879033296125605	0.771076231597514	-0.58501167660249
S1PR1	0.849494617831003	0.842228241861888	0.577594056031492	1	0.883258511853501	0.993592818587252	0.554202633604654	0.951633194553092	0.771993094206059	0.828805199860539	0.947321483903512	0.940716951087084	0.884226692175684	0.732582167468245	0.866190043979062	0.951086314255635	0.933802003110311	0.848799704598022	0.943428134939422	0.564845715538115	0.976263091291735	0.951695234339985	0.969026019518018	0.50722105529842	0.895229053735868	0.671434273751824	0.978004124580418	0.685806447454449	0.714741249803382	0.914900380726267	0.981417771212308	0.538398724648657	0.831893066988053	0.83696386221867	0.851546316426044	0.976669245027646	0.728943956051592	0.767208103249559	0.966161125660144	0.490078140330179	0.506839057532243	0.679930020990203	0.454376294364962	0.951732381481092	0.822708206489632	0.878519754663659	0.548557242540523	0.510218819597158	0.415566406947555	0.0954491351497301	0.994362247335439	0.927127858359929	0.99035913910182	0.95810290650894	0.916520270030812	0.855569461026005	0.622966417314228	0.431049789120495	0.925096588089958	0.743343371113258	0.662420898243106	-0.721849131684734	0.886970219653252	0.935990755109422	0.628538731583037	0.923413343680641	0.847873071419758	0.532818255194487	0.82903385201235	0.937494724396832	0.0498530741873034	-0.468613349984244	0.92724997804116	0.876083483094514	0.964972784365841	0.00910445375030045	0.909173969315268	0.710920174188354	0.542673193801932	0.882480779259756	-0.696241966135088
CD3G	0.989500692150941	0.995260169068623	0.865600181706979	0.883258511853501	1	0.909785573314486	0.861182258059544	0.983735342154457	0.974507328698029	0.992427644153682	0.975191984461036	0.988061138174531	0.982952869026075	0.95531133251304	0.982025370603681	0.983286877346915	0.991713205178447	0.990364302769574	0.974737410752476	0.837797667882873	0.936233645198891	0.920637134300579	0.751928772450736	0.836895562978708	0.721709275218265	0.879149103791664	0.947252230044106	0.783642282194612	0.901292535511377	0.991360938083494	0.933664311377351	0.849147529320044	0.982933297120748	0.959068660262543	0.971350530234275	0.958137639111633	0.895340330526659	0.967351815413829	0.929017711894199	0.648541116057319	0.786517925873015	0.697805288415553	0.794342807958625	0.976930795996398	0.873241814174126	0.988784671488085	0.692017280908377	0.730531055034964	0.526154982269478	0.216929457623335	0.916663901111667	0.955250533661992	0.881140201644062	0.978010261725992	0.993056177526157	0.992024082670872	0.892505961595163	0.78719605868863	0.987923422618845	0.936299350362044	0.584492804716786	-0.795552458918862	0.985832116472802	0.945093205370669	0.777118930529739	0.79624415167121	0.990860962276799	0.792533572893656	0.880839808443815	0.884236158545478	-0.22052563027767	-0.560934222512178	0.915657191616391	0.896227107257202	0.962384912742763	0.115452419040923	0.99477627489251	0.76761326188284	0.74468353492805	0.92960261725095	-0.766441181184458
CD44	0.87344955572194	0.870695316139322	0.615264489284096	0.993592818587252	0.909785573314486	1	0.5972694393484	0.965637953123652	0.806437772227593	0.860142995575217	0.969089946799134	0.961511928106748	0.916337512088862	0.76353437873595	0.904627803830244	0.968718921882235	0.954234058664912	0.88194393282477	0.961947868650463	0.627706139398263	0.987655228165229	0.961952200714395	0.952757091144997	0.560512025747839	0.899987397300436	0.728142738934037	0.991216633233503	0.703286151914781	0.775739332774982	0.939291532023009	0.980603993511833	0.58231315301456	0.859059693252663	0.874738817104244	0.884415757563836	0.980742679711662	0.752019963749716	0.803119671164267	0.987633535968811	0.557126961862578	0.582485850928941	0.662793767257306	0.514758569879536	0.964136983507823	0.842074128991266	0.91145725353223	0.602879224333544	0.572110803811419	0.448806593438928	0.144209287242651	0.993632595838201	0.953318934835184	0.995441861344088	0.970257049454134	0.934645208953395	0.879644628411432	0.663508227000449	0.47802885204996	0.948679518698825	0.781143273427133	0.68652359304781	-0.743623842664939	0.911008714520334	0.963835153293751	0.699397332101091	0.921635694609	0.873879459080812	0.58991287363264	0.869502656078735	0.93871081435703	0.0474308029930235	-0.489416443140927	0.947745678701303	0.914334432574055	0.982388564947047	0.0749842414311788	0.92948919828033	0.770423845555822	0.573598678372786	0.907510677674199	-0.716067826320359
LAG3	0.908425782674945	0.898871614238811	0.995584245729337	0.554202633604654	0.861182258059544	0.5972694393484	1	0.768871417669112	0.952083654630067	0.911787725477757	0.751302537452573	0.782354426321477	0.854306823351145	0.959658240487655	0.853701488204338	0.766022840353767	0.796762140221787	0.896764541449509	0.782828734396063	0.938755950591798	0.681905742272956	0.687417490347535	0.336691032566016	0.989217810536273	0.35454285651234	0.909356617903993	0.660459103011126	0.774027282692218	0.879319005517497	0.812554850692435	0.680261509295013	0.998417672044309	0.91638912888562	0.875005577329138	0.872061040516839	0.703162014826628	0.898596349485835	0.954350696647428	0.653894807851247	0.681736507492087	0.886461873122106	0.623550636659105	0.971397404791511	0.779303347130233	0.776319605883119	0.84440589374378	0.7294521437587	0.835547854994162	0.609769202972999	0.33686880994676	0.619428752620464	0.75651012964673	0.559168231410359	0.753372554150953	0.83016845890975	0.900118181153866	0.992829574018029	0.98553307392513	0.793921357564797	0.912625497842627	0.349976193837161	-0.621527747523668	0.855684202345288	0.701762770829252	0.723281650593137	0.500696001086876	0.903989572244528	0.862393619123517	0.665018238986546	0.621772583512211	-0.469194870199988	-0.457999378244814	0.668911811490098	0.713858969311386	0.705635072198591	0.194242007011427	0.845806822516177	0.635858996324601	0.856407242824708	0.76645273019688	-0.601208556707011
CD69	0.964599089045138	0.966459397061418	0.781430712777566	0.951633194553092	0.983735342154457	0.965637953123652	0.768871417669112	1	0.925047616858761	0.958267723676917	0.992177366619784	0.997961174150766	0.971959154893158	0.900747566904871	0.963821772509923	0.998096522131749	0.997042196669424	0.962522042928781	0.989666984372201	0.756143377337664	0.976380080467382	0.957901947152171	0.853826542123752	0.736242258479972	0.803835522164257	0.821395133726435	0.9846246344112	0.771968128568494	0.851744887225166	0.99071192942834	0.977289828919544	0.755009266718702	0.952996418244572	0.937756601997549	0.953276094076526	0.99319683630498	0.859747935431816	0.918188533129113	0.965361232827198	0.602172232481407	0.699149969785118	0.707827905748951	0.688450072223048	0.994347495425799	0.877295552780302	0.975365537144818	0.655457505555217	0.665468548632579	0.498344074319827	0.179147447784181	0.971887084302018	0.970746365751834	0.945661929981508	0.998993163048276	0.992474225287421	0.969070877872464	0.813811164458052	0.676359474516992	0.989449594708165	0.893501297778718	0.626017256899584	-0.789068463872056	0.9757185585513	0.966806326459284	0.737315266856525	0.869771055813722	0.966118247406299	0.721332228599987	0.884884831095531	0.931248127633921	-0.120547013595514	-0.541207363134435	0.944195003616698	0.909464568956219	0.989914744914561	0.0721591381900119	0.989675585594829	0.762434203738259	0.691180155239494	0.938219964641211	-0.759842959414424
CD8A	0.989487946917349	0.987706573569531	0.953274625809326	0.771993094206059	0.974507328698029	0.806437772227593	0.952083654630067	0.925047616858761	1	0.992807716591796	0.910857944736096	0.933137709911856	0.960835966900167	0.991059189881504	0.959435125268766	0.924081694437077	0.942345108698127	0.983942582345861	0.925044385644467	0.90836895942632	0.858045106560375	0.851170705127728	0.598865268680591	0.932198386979689	0.586645490134064	0.922914640598145	0.855444680736494	0.804246464912656	0.921200512888619	0.947609712020963	0.857236113970133	0.94479437174991	0.990282138227872	0.955902186708234	0.960294661955871	0.881355307912064	0.924280854121381	0.995669869404093	0.842138685835159	0.678037556916823	0.854998096416436	0.687441681434622	0.89723452100777	0.925569998820192	0.861324115886973	0.959958664990495	0.727682646565251	0.798100797561878	0.573213898598746	0.265899766933212	0.821387725946929	0.900405392351149	0.772888060048071	0.914852444634772	0.957049674790504	0.988070244282704	0.968687310083166	0.901836966976382	0.937477592611769	0.956775039512264	0.497365608562119	-0.752059624753955	0.964852300475295	0.869910827951653	0.776637896689617	0.695726432301883	0.987764155926602	0.847687011003337	0.813514333939176	0.79638278724478	-0.342214231283534	-0.544771542301222	0.838279309132195	0.846246944777521	0.883326556662374	0.14401505999277	0.965559231771389	0.732376143047222	0.816629679800071	0.890371043127396	-0.725924382643731
CD8B	0.993403602290684	0.995983586171355	0.914497902136928	0.828805199860539	0.992427644153682	0.860142995575217	0.911787725477757	0.958267723676917	0.992807716591796	1	0.945284770612756	0.964915699139769	0.9758085744881	0.977053424702581	0.975500725618883	0.958682252156455	0.971614242180128	0.990428316951063	0.951071498399435	0.876280309281031	0.898402858871827	0.886118935456334	0.675054195807287	0.889558058468747	0.649983212225279	0.907364802661072	0.905266387377894	0.795364039852526	0.915579774596834	0.971541709887897	0.89742351217859	0.901521284719096	0.991806427587493	0.961285280585071	0.968765340396471	0.923391460678194	0.910811678362172	0.987398130096088	0.887595719486146	0.660513164945741	0.826717623163143	0.693384905782373	0.849727201397709	0.954014539389888	0.868318597113535	0.976939888042137	0.710478442771883	0.764678544323176	0.54578392612535	0.237905210476284	0.869677892340897	0.930978236592516	0.826764522950333	0.94982038451447	0.977174861002034	0.994899036916051	0.935250902774804	0.848740109036889	0.967061153526355	0.950805139652077	0.535449935058265	-0.78024215139312	0.97851113399194	0.908759267964123	0.780221373500762	0.74479301310634	0.993965127823835	0.824547334370046	0.850123641426681	0.8407438839639	-0.28780262726278	-0.563640159550353	0.881741143049636	0.871275389117693	0.925351232570871	0.119819716372093	0.984825197541177	0.750803071851331	0.78206472690957	0.910987766807785	-0.751731458134156
ITGA4	0.951241716706941	0.956451538860683	0.76350541995476	0.947321483903512	0.975191984461036	0.969089946799134	0.751302537452573	0.992177366619784	0.910857944736096	0.945284770612756	1	0.995563556581123	0.977770206586837	0.88491969395737	0.970976751285164	0.99167496880136	0.990970351664877	0.958442555538285	0.992329471399599	0.777529229014256	0.98334078387535	0.960952629376713	0.85544011921141	0.732034360992945	0.81770480393766	0.841755580570267	0.986397128800859	0.784308511794433	0.878454633228736	0.990554646608683	0.965812387679311	0.738760375235805	0.939828258037151	0.947524185344874	0.960712174921029	0.982851272096594	0.861349093942346	0.90891268427897	0.977327768029354	0.660911404849249	0.731866233831378	0.675945822742181	0.694685434696356	0.987495505640225	0.88806760963875	0.97700214469086	0.70781859360803	0.701864046204472	0.546371606902332	0.241657551284017	0.965866262581045	0.986659350486818	0.954277617686416	0.992924335165514	0.984829166799097	0.953751026184443	0.797410490856138	0.658151718262431	0.984857302507761	0.895957079885215	0.65038419147319	-0.775008683606441	0.969965594956244	0.981665302524889	0.786622085086421	0.879637785683685	0.956222168195234	0.742608070916294	0.913977979857587	0.936449016538002	-0.0708782710949425	-0.507033059517964	0.952949841558427	0.944855309676393	0.993279293399738	0.135600738514687	0.977495147388762	0.81927502933791	0.697434813708408	0.940918400854016	-0.738328242851676
CXCR4	0.967284129114188	0.971406661720244	0.791914896985857	0.940716951087084	0.988061138174531	0.961511928106748	0.782354426321477	0.997961174150766	0.933137709911856	0.964915699139769	0.995563556581123	1	0.980948208831483	0.906288442232485	0.976132395818233	0.998292195738727	0.998605624282101	0.971088400556638	0.991043533924529	0.783495037079566	0.975288043003519	0.955223232332943	0.839440754044397	0.755677402019214	0.801121394273737	0.845733275515248	0.983590828429188	0.775371164511654	0.878351708894251	0.994589185568275	0.968461969056523	0.768857306462335	0.957227315241884	0.95049817127769	0.962276204804926	0.986151754364758	0.863888060433366	0.927728749348365	0.969928758493048	0.637454935090981	0.734881509355517	0.695507748675337	0.713059023640373	0.991992205593017	0.88049562228053	0.983053009154713	0.682895398038185	0.694371320770591	0.515460009355196	0.207538386050205	0.962891372945965	0.978040440926312	0.941529985585808	0.996248677961427	0.992568281820801	0.971536360170846	0.825931098552871	0.691505319910207	0.993240885180415	0.903634923354335	0.635585327183736	-0.792044515381531	0.979367784206774	0.974201551188513	0.772314319046323	0.861332637596721	0.970051986655074	0.744807292829782	0.901344309558631	0.925103977998589	-0.117496043731677	-0.541348218543842	0.949056079062912	0.925245932751202	0.990965532708005	0.109981185184564	0.990781054625807	0.792281637064308	0.701151537507737	0.942911882643774	-0.761144042619158
PTPRC	0.98091384533854	0.975957817792272	0.862673355185379	0.884226692175684	0.982952869026075	0.916337512088862	0.854306823351145	0.971959154893158	0.960835966900167	0.9758085744881	0.977770206586837	0.980948208831483	1	0.935163832736588	0.994139083364265	0.974448579808614	0.979624729442092	0.987829203266597	0.986648001996618	0.881525739681253	0.95717156177481	0.937953510042834	0.754024380138263	0.836745335756692	0.739751571500812	0.930019340215094	0.941459257651656	0.844405938782579	0.947035925734973	0.981196474641706	0.934869444459141	0.845018532306371	0.975287938974259	0.991925605777738	0.99009147932413	0.94638010929977	0.920132188264724	0.967113834998739	0.94516809998674	0.748454931583325	0.840384807227738	0.699544094826171	0.809200333475653	0.978437881878599	0.922707647351055	0.983407630012995	0.797556869305124	0.81072908050159	0.634448987426497	0.316231464594435	0.913126994543653	0.98357187203883	0.898169621964227	0.968087957918624	0.982062639838583	0.977960063948334	0.893126461381104	0.770650408095628	0.978365841280402	0.942593340727023	0.620209713843539	-0.750908271020527	0.981747026765896	0.957310341043866	0.850299968449674	0.825060940133926	0.981824347822952	0.816942905723258	0.891537593238137	0.896251672331701	-0.163952189422118	-0.498958398515817	0.931926913433177	0.952144814748354	0.960160556747887	0.199659156209538	0.985300185320429	0.855287825861947	0.798952211169086	0.950898006584678	-0.717705764295882
CD247	0.977797174802703	0.978571706576215	0.965083798387728	0.732582167468245	0.95531133251304	0.76353437873595	0.959658240487655	0.900747566904871	0.991059189881504	0.977053424702581	0.88491969395737	0.906288442232485	0.935163832736588	1	0.92832029260064	0.892929797662439	0.915490052455285	0.960530451999515	0.89862249806998	0.90071199006031	0.821694808716521	0.822830566031243	0.548075510937884	0.945593615626491	0.523281807303189	0.900006069330044	0.818332957346952	0.812149504881139	0.890199143175976	0.926915136052634	0.823540913972662	0.953257254846887	0.978379559210712	0.92882639438661	0.94595079183032	0.855634694254479	0.936553589986219	0.985537513207912	0.792197691534002	0.64978105410554	0.835796960166405	0.672938101254509	0.911011845142595	0.898726597436821	0.844393369452262	0.939314346770508	0.715233944452681	0.791050803277125	0.585884330258171	0.284804901505722	0.786673415443379	0.870900136603735	0.727200169561197	0.891780854108119	0.940257760712392	0.975421002540271	0.965150482775402	0.924778400311869	0.902935296578636	0.963338476969425	0.444066260986106	-0.719370280841733	0.947558921960053	0.832072194707048	0.730066828699397	0.671177819888952	0.979420172189908	0.862173874235898	0.780924541953645	0.77853007267434	-0.368873429178912	-0.509910734676618	0.795405438041922	0.805962054657509	0.849808151606575	0.118146156167759	0.941386884263307	0.681178195772574	0.832361703025569	0.860503363441274	-0.68853548001715
PTGER4	0.972340062870838	0.974161700971093	0.853117405528673	0.866190043979062	0.982025370603681	0.904627803830244	0.853701488204338	0.963821772509923	0.959435125268766	0.975500725618883	0.970976751285164	0.976132395818233	0.994139083364265	0.92832029260064	1	0.968815577690159	0.97484765423436	0.990069126513282	0.974616817778605	0.887660568558677	0.942391570069458	0.921796767622588	0.737685552666107	0.838472358497692	0.746530864082026	0.926982944966551	0.935624155369624	0.810671656139832	0.955503210493352	0.97890508645648	0.916377474116026	0.844242064892715	0.964426338607428	0.986343525746679	0.981194779919359	0.931613896407184	0.897645377711483	0.963649355708763	0.942889735086917	0.763147311842012	0.856308549763075	0.67289519622347	0.813936147062343	0.965660912086404	0.8967046482112	0.98792468992119	0.783327854712868	0.80609016468994	0.600717367733835	0.313095327706874	0.89674563524846	0.971944406219387	0.885089201845262	0.957165335562608	0.97273804074389	0.970543732266206	0.89203924136521	0.772935698496195	0.981648750932386	0.937017179922615	0.643964482140773	-0.761603357532325	0.97114882946961	0.961351736069492	0.874688563928069	0.798903185088085	0.973460052505962	0.820737367792305	0.905014181462244	0.878355763183995	-0.14980628817709	-0.521766223938485	0.933222345092812	0.943619428336602	0.957206439008293	0.241448166941946	0.979454061404917	0.868468785618926	0.774737405455042	0.95100845283257	-0.733831711943733
S1PR4	0.961370839069012	0.96291924834802	0.776251176471322	0.951086314255635	0.983286877346915	0.968718921882235	0.766022840353767	0.998096522131749	0.924081694437077	0.958682252156455	0.99167496880136	0.998292195738727	0.974448579808614	0.892929797662439	0.968815577690159	1	0.997801439530216	0.964135572996948	0.988884282507742	0.760252090374348	0.977585488226108	0.956410278187742	0.856020896768489	0.733444789279105	0.812660317638418	0.830897930638979	0.987414401727036	0.761111825806709	0.86323821780216	0.988512785311515	0.976315478874273	0.751997375135318	0.951752388347525	0.942309516143312	0.952077117757024	0.990348371328034	0.848557740355187	0.917795766597353	0.97387032118999	0.612652443149277	0.711312349590921	0.704389860659877	0.686531777847552	0.992836997061053	0.874463523907006	0.974723261761991	0.659560577381483	0.670469770611714	0.491339225656642	0.174600516194646	0.970388401975432	0.973184108171121	0.948524387481165	0.996307700849608	0.9888971949922	0.966224736634061	0.813384728040636	0.669924131465489	0.993182577878323	0.88596879825053	0.63693349948699	-0.795774422600537	0.974982215718302	0.971004684578031	0.755464463742078	0.86384398532001	0.9618471491707	0.715324815090978	0.890264317946813	0.924571274129123	-0.118130251825972	-0.552169861189111	0.95059829060045	0.917847223786296	0.9913181732823	0.0867172749239564	0.989493828754171	0.778675960637085	0.682110867819856	0.938928361860789	-0.768087566619349
IL2RG	0.972900032573191	0.976205120644326	0.805882686180004	0.933802003110311	0.991713205178447	0.954234058664912	0.796762140221787	0.997042196669424	0.942345108698127	0.971614242180128	0.990970351664877	0.998605624282101	0.979624729442092	0.915490052455285	0.97484765423436	0.997801439530216	1	0.975162578596567	0.987667147597936	0.785328154161002	0.968006318534192	0.948762560818104	0.827813539829448	0.768068149157102	0.784933778789764	0.847158853716461	0.978556875126048	0.770171099555674	0.875511306996609	0.994080026288669	0.965185516644336	0.783789923787785	0.964798931343648	0.949397081888062	0.960706257868445	0.983549498454125	0.864482251736056	0.934822613083367	0.963333823809239	0.621496353399756	0.734424395053023	0.696543013868188	0.722071251240617	0.99117205336506	0.878027087635572	0.982371743133646	0.670802038727703	0.688970541949086	0.503842793787719	0.187528429839595	0.958277467742207	0.970479358967274	0.93188112764582	0.994718646347527	0.994418238692636	0.977453199830459	0.839164917557889	0.708309978240194	0.993896291044816	0.904494128235063	0.615689572973605	-0.798904135511576	0.982562054250679	0.965144267633114	0.759823790823791	0.847623751793349	0.974032178702383	0.744271318263223	0.891393211682309	0.913375500583333	-0.152425260090769	-0.556186842373213	0.938555869352756	0.914810999704147	0.985313474747498	0.0901300652253351	0.99388293457918	0.774419527974616	0.701972048779078	0.936432621700307	-0.768336273299162
CD2	0.991003533953937	0.989761387946566	0.896573215352296	0.848799704598022	0.990364302769574	0.88194393282477	0.896764541449509	0.962522042928781	0.983942582345861	0.990428316951063	0.958442555538285	0.971088400556638	0.987829203266597	0.960530451999515	0.990069126513282	0.964135572996948	0.975162578596567	1	0.968201582752781	0.889410498352907	0.92245676524589	0.907273056211326	0.704554237974739	0.873643446867983	0.705876670877404	0.918502470534373	0.917466386112257	0.803526646116798	0.938366841867529	0.980368612292246	0.91256196137843	0.888069689840046	0.984603434153962	0.977532103200785	0.977613868030473	0.927338059064186	0.911022182894036	0.98221556214003	0.916905151731231	0.717898118463037	0.842202842529506	0.701107823482673	0.841685063184411	0.964945741465406	0.887401252719065	0.987007611226632	0.74420785569031	0.790892900756615	0.577210760230889	0.270382526799982	0.887170570465725	0.948790629046746	0.858443304616168	0.954311998766662	0.981064092536543	0.989310165125283	0.929446441439838	0.825340256916112	0.978174893099245	0.943611990479027	0.598242259681976	-0.772429089091546	0.980753957859395	0.935953135682816	0.824168730984569	0.769065059479768	0.988438602313713	0.819225064182173	0.872862776503605	0.857266735547787	-0.232951036969112	-0.539034626253075	0.904389939499286	0.909800761706873	0.941736405047277	0.192617756866654	0.987764212999874	0.805806946345687	0.784668262032578	0.93593030504524	-0.748527365381264
SIGIRR	0.965798506122982	0.958869880162845	0.797759382546715	0.943428134939422	0.974737410752476	0.961947868650463	0.782828734396063	0.989666984372201	0.925044385644467	0.951071498399435	0.992329471399599	0.991043533924529	0.986648001996618	0.89862249806998	0.974616817778605	0.988884282507742	0.987667147597936	0.968201582752781	1	0.802364300285369	0.987228095422839	0.967478376427909	0.839794157731677	0.755619146670608	0.806534101619739	0.86647953627423	0.973255568708107	0.8229876720422	0.892042212023347	0.985708966105197	0.974248484195729	0.772313079204446	0.955583919150136	0.964888899493191	0.971566492355258	0.979979979727873	0.891158657915693	0.928108307994214	0.971326727091989	0.683603513553041	0.748938201506095	0.71484535317969	0.718687412787125	0.995644429716659	0.919605785220617	0.975223484163104	0.738670164655066	0.736019202144661	0.591037753208563	0.257226334176754	0.963672081457698	0.987562313217746	0.949997501941737	0.989011012406758	0.987461122118492	0.964431240498516	0.832018608626384	0.686987796604311	0.982723612919056	0.906372999260184	0.645526411457616	-0.755819785936077	0.976868154830845	0.972170969258112	0.792265552714896	0.880722321401657	0.964996831890284	0.746376048049017	0.887898999871528	0.933837053930701	-0.10472972237769	-0.492251046430643	0.948044685277788	0.950933722144533	0.984244508153196	0.142602894068386	0.985192725916833	0.824006923064087	0.745394174628101	0.953102766166019	-0.724298512805691
ITGB2	0.872285436053732	0.865339895203591	0.932058215423292	0.564845715538115	0.837797667882873	0.627706139398263	0.938755950591798	0.756143377337664	0.90836895942632	0.876280309281031	0.777529229014256	0.783495037079566	0.881525739681253	0.90071199006031	0.887660568558677	0.760252090374348	0.785328154161002	0.889410498352907	0.802364300285369	1	0.722501918219905	0.712773768706612	0.369928715152498	0.957123790400567	0.430192974325549	0.977091386839036	0.67859310966951	0.830319495193014	0.965764267197356	0.810655838778465	0.669668391824727	0.941121227897503	0.877940435560732	0.91965125360187	0.897878847355123	0.686381945154608	0.903097441114738	0.930363361980937	0.708527862192995	0.873695530429813	0.984774794166813	0.55254002346118	0.968687536790781	0.77504149582213	0.828666547163113	0.852352610276347	0.89730734353829	0.945982512635752	0.754057705628017	0.507909812759888	0.61967415926529	0.814604766374586	0.607386499751947	0.743446652130161	0.80829681167056	0.857987770584084	0.944863998268002	0.910587941327093	0.793465208569086	0.916698374889144	0.455564460631206	-0.574277040259722	0.839117521087158	0.758397497969474	0.894126031674782	0.552075701476175	0.874188956810759	0.912223619506595	0.747975336396607	0.650890561471037	-0.29832240068476	-0.369375695964372	0.720629849924417	0.827851149858113	0.727855970221141	0.385726809034815	0.82110309901506	0.832307735945961	0.885522351490971	0.805590720177143	-0.539377944799512
ITGB1	0.916682432671169	0.907327439192812	0.70113913030365	0.976263091291735	0.936233645198891	0.987655228165229	0.681905742272956	0.976380080467382	0.858045106560375	0.898402858871827	0.98334078387535	0.975288043003519	0.95717156177481	0.821694808716521	0.942391570069458	0.977585488226108	0.968006318534192	0.92245676524589	0.987228095422839	0.722501918219905	1	0.979059073792789	0.905879067634383	0.649809651466136	0.863581543735198	0.809272486457439	0.983492562261015	0.791019383910874	0.842395863555821	0.959486417154017	0.982915790376186	0.66940952520638	0.903659850512786	0.930184150543135	0.935831659968766	0.981452527407162	0.83425658254401	0.863202017240347	0.985902496529771	0.6518156100386	0.673810806498854	0.700014105044299	0.613443219756466	0.984105288109373	0.903003948954082	0.940758386705094	0.706313401143567	0.678867176129816	0.561605950443672	0.244622418479905	0.982243305698781	0.982669987649238	0.982853819073727	0.979767171285752	0.959191890408505	0.91666071057539	0.742778979611796	0.568482558244201	0.963651548208514	0.846832441730918	0.684823922719911	-0.721250650222431	0.943600930280299	0.974263705666271	0.763604366057544	0.922298797390532	0.916304506361732	0.673917261435625	0.88209348307959	0.953158617670164	0.00421864347102649	-0.451686998810003	0.958682601039479	0.950982146817699	0.98559835256801	0.135731104355873	0.955318589445206	0.823349671651734	0.683150419725662	0.941587129421593	-0.690034904393702
CD47	0.907478247560601	0.897028900124204	0.708626829989573	0.951695234339985	0.920637134300579	0.961952200714395	0.687417490347535	0.957901947152171	0.851170705127728	0.886118935456334	0.960952629376713	0.955223232332943	0.937953510042834	0.822830566031243	0.921796767622588	0.956410278187742	0.948762560818104	0.907273056211326	0.967478376427909	0.712773768706612	0.979059073792789	1	0.874462090814335	0.654658290037996	0.851945765344123	0.790526267158145	0.956767090188998	0.792362299479103	0.821108980547965	0.942593187624453	0.958031258755695	0.67560032224371	0.899538721569853	0.909662985159738	0.935861362248102	0.962328355427873	0.83878799599364	0.855059113340118	0.955664456998828	0.650210018668668	0.655338085290783	0.710096422783709	0.627396423719675	0.967413900343173	0.900731499194667	0.935646715644413	0.688345197408639	0.707667749567046	0.572659565197698	0.357070497198867	0.960661158890487	0.956574625896147	0.95501671291055	0.961593420315113	0.945452180468854	0.907932497331736	0.74362515474066	0.581331499469593	0.940222868692397	0.866293108105933	0.731420837231549	-0.619764652471887	0.944507947093808	0.963557812705746	0.723623534921056	0.952095624506724	0.907684208205297	0.701261703640734	0.865365956044314	0.969541910005047	0.0906307058604606	-0.345261398992284	0.943952040741828	0.927589654305022	0.96703193607906	0.219811748015629	0.94131374804882	0.781903010407568	0.71465417457712	0.949654999608437	-0.595192719614515
CD27	0.696366152056497	0.693191453793076	0.360574784875919	0.969026019518018	0.751928772450736	0.952757091144997	0.336691032566016	0.853826542123752	0.598865268680591	0.675054195807287	0.85544011921141	0.839440754044397	0.754024380138263	0.548075510937884	0.737685552666107	0.856020896768489	0.827813539829448	0.704554237974739	0.839794157731677	0.369928715152498	0.905879067634383	0.874462090814335	1	0.287182556667264	0.920459213152447	0.498065539822158	0.917734570628459	0.53388476898508	0.561124763366247	0.803088137644227	0.91043422029654	0.318715281691573	0.673830707279373	0.69451417916131	0.708076624611291	0.898938117934822	0.549635145159825	0.590400551088583	0.910045225525572	0.361983807931599	0.32428228071716	0.576907542050395	0.233394023176783	0.849248841462907	0.695791794561325	0.753542451345316	0.40365364223618	0.332835805332979	0.27338633798954	-0.000461899990483735	0.945163280484344	0.829292842638792	0.960622231773404	0.865075041791033	0.796594526807533	0.70689710910299	0.417032212705959	0.201349860418721	0.821417250211603	0.571985146578658	0.659769519658305	-0.650847811606522	0.754959161111247	0.861387384777583	0.514379467654114	0.892948169242496	0.695721813839521	0.353315308294889	0.753856681389073	0.8714850001162	0.196249198573965	-0.417342770957192	0.857183136556906	0.78707090930052	0.890188623921327	-0.0302248942327563	0.784426724543439	0.62939955986156	0.351473723428274	0.779381919396406	-0.630000064859637
ITGAL	0.880570983196989	0.878656567633622	0.984770851976301	0.50722105529842	0.836895562978708	0.560512025747839	0.989217810536273	0.736242258479972	0.932198386979689	0.889558058468747	0.732034360992945	0.755677402019214	0.836745335756692	0.945593615626491	0.838472358497692	0.733444789279105	0.768068149157102	0.873643446867983	0.755619146670608	0.957123790400567	0.649809651466136	0.654658290037996	0.287182556667264	1	0.3095869134779	0.919133699326192	0.629308283939199	0.775803683248968	0.888805427188533	0.790867200728254	0.629611533120407	0.991038429445328	0.893323756014458	0.861240274643164	0.860425491746471	0.663155538085893	0.89116131065119	0.937712972929404	0.625752550646542	0.714138176904755	0.917399965816315	0.551176017035374	0.991186509249388	0.743827293607071	0.765389949517975	0.827928001635258	0.765451217759766	0.861270463736877	0.645552800918757	0.396191913836438	0.576526759262583	0.74037010585255	0.523668716588902	0.721320144411766	0.800236182061249	0.871973663012609	0.976053231999559	0.987797605589556	0.761593966899621	0.915750099052679	0.317971709047235	-0.593637217226521	0.832320324214615	0.681203244070323	0.747521863728797	0.474370494673948	0.88203655519562	0.897896749368188	0.669327751888803	0.588580052165977	-0.456172721963903	-0.423819725183188	0.638036420603327	0.714407674908178	0.67670575454241	0.231725708536712	0.811768636033463	0.656460464377128	0.860828963464398	0.738842623989849	-0.560036128057552
C1QBP	0.666236770701303	0.666883366836195	0.355281647493881	0.895229053735868	0.721709275218265	0.899987397300436	0.35454285651234	0.803835522164257	0.586645490134064	0.649983212225279	0.81770480393766	0.801121394273737	0.739751571500812	0.523281807303189	0.746530864082026	0.812660317638418	0.784933778789764	0.705876670877404	0.806534101619739	0.430192974325549	0.863581543735198	0.851945765344123	0.920459213152447	0.3095869134779	1	0.525487511366236	0.866514240267103	0.44007377138355	0.618250432072737	0.777287254675011	0.855861731992857	0.339335633863478	0.642765900908935	0.695399182621832	0.702338298167209	0.828511989961889	0.514477432677024	0.582325748655424	0.893111360581661	0.525265737015881	0.411329175297706	0.595920501223326	0.283652007578893	0.797250642037604	0.623994821465261	0.762416324761411	0.420865468371244	0.426691367244875	0.268503336460253	0.135766950196386	0.879800831802077	0.800948604394607	0.916811988998851	0.806553694249058	0.75400186879916	0.673929011178512	0.436699618990512	0.226748128303675	0.802671649719546	0.552692229803482	0.876783406545524	-0.609398733046335	0.722302593431194	0.885674745115621	0.626188107059849	0.832749598560847	0.661652156345876	0.355563111059734	0.811873888432218	0.8474523304618	0.366690199074646	-0.328703103592084	0.889659341076596	0.803828795093873	0.866415328345693	0.307080308624247	0.750368632706709	0.715513701039153	0.311734361305125	0.786547398387681	-0.627459636330707
ADRB2	0.904724825277345	0.890609044586018	0.912711450329069	0.671434273751824	0.879149103791664	0.728142738934037	0.909356617903993	0.821395133726435	0.922914640598145	0.907364802661072	0.841755580570267	0.845733275515248	0.930019340215094	0.900006069330044	0.926982944966551	0.830897930638979	0.847158853716461	0.918502470534373	0.86647953627423	0.977091386839036	0.809272486457439	0.790526267158145	0.498065539822158	0.919133699326192	0.525487511366236	1	0.76476062350234	0.856464710225407	0.982919433529981	0.856191693537393	0.759009753503	0.90957306445949	0.915741617789638	0.96155447522818	0.934815579469284	0.768200661035685	0.912896509575502	0.946742020701401	0.795819960497712	0.857773539382776	0.965437250242789	0.595878674981913	0.918054358161628	0.84281789242289	0.88611004656008	0.885505310271907	0.911442832393703	0.932690990985948	0.754584686817482	0.461841856693268	0.714387751999909	0.884143125707982	0.709845648490153	0.812331492660923	0.85758296614724	0.892724888896828	0.931569562681901	0.854722533288314	0.849937744841752	0.919932499797	0.494028032994479	-0.628528070749877	0.886175364102938	0.820344367531089	0.909926303242423	0.646659941291784	0.904731065577109	0.875582468396735	0.788815661561888	0.723980563622488	-0.265206029147218	-0.410399781188987	0.795679870792835	0.896493930355115	0.798991642223766	0.323339470567085	0.872767549447331	0.874816483180515	0.874311781076641	0.846506777081235	-0.589060298407976
SELL	0.908801830552873	0.915193117027248	0.672827250840724	0.978004124580418	0.947252230044106	0.991216633233503	0.660459103011126	0.9846246344112	0.855444680736494	0.905266387377894	0.986397128800859	0.983590828429188	0.941459257651656	0.818332957346952	0.935624155369624	0.987414401727036	0.978556875126048	0.917466386112257	0.973255568708107	0.67859310966951	0.983492562261015	0.956767090188998	0.917734570628459	0.629308283939199	0.866514240267103	0.76476062350234	1	0.712958925282512	0.812612475651529	0.966502375189435	0.976713378797457	0.644140112835411	0.895244369147454	0.899806299550113	0.913240117041173	0.989655946203056	0.786404912871601	0.848951638551151	0.987090204050224	0.5757256806539	0.636084499527518	0.670083604326947	0.58245199870272	0.975618425552814	0.842493175166424	0.943379574500749	0.616498722311407	0.601324484539458	0.449252667567083	0.148031940631866	0.984880295326717	0.965918855714225	0.976761615470798	0.986694066948237	0.960859621608213	0.915528923726148	0.715795952734858	0.552159927325575	0.974740156858211	0.82621504692813	0.669449430741605	-0.779481329717154	0.938629474643419	0.975622922237752	0.728149424299837	0.892023414084787	0.911843000453707	0.645004670999653	0.896477077349845	0.938789278392701	-0.0183767958315862	-0.525446719642845	0.955809342401705	0.915311585833021	0.994790414915591	0.0777637235821857	0.955549614486461	0.777026669241547	0.601703433570371	0.918405447420569	-0.749531534150469
