""	CD2	CD3D	KLRD1	CD8A	CD8B	CD247	KLRC1	KLRB1	CXCR4	CXCR3	ADGRE5	CD3G	F2R	FAS	PTGER4	PTPRC	CD69	ITGAL	CD44	ITGB2	ITGA4	SORL1	TNFRSF1B	TREM2	CD68	TRADD	CD4	ICOS	ITGB1	CD74	C1QBP	CD226	NOTCH2	LPP	IFITM1	NOTCH1	RACK1	TNFRSF14	CCR6	TNFRSF1A	TNFRSF25	S1PR4	HLA.DPB1	CXCR6	GPR171	ERAP1	SLC16A7	TSPAN14	SMAP1	TSPAN17	PTPRA	CANX	CD47	VSIR	CD81	RXRA	CD163	CD46	CD63	CD9	PTPRZ1	NCL	APLP2	SDC3
CD2	1	0.971589660887633	0.912662298674601	0.747155585054899	0.493971598274637	0.763638295673575	0.847719631393498	0.958659686809079	0.884380140768092	0.691335652984581	0.840980831074116	0.988399239452434	0.0985198222635658	-0.022402084446949	0.961471911376039	0.960437819923909	0.874478039614151	0.812359109689196	0.903538904502134	0.373791788974878	0.822983481672839	0.268393361210185	0.516754277954533	-0.118603725775637	-0.331367544455379	0.6814791211771	0.0853216071430118	0.59036375820566	-0.650339578516855	-0.109951769241427	-0.535023010955155	0.215386240363015	-0.638010874572251	-0.810943192402585	0.944579876325545	-0.72386471529339	-0.533652133268739	0.932842804903838	0.750839772438014	-0.938529051907814	0.70499666172741	0.914557638164458	-0.140260769233035	0.852051263964752	0.959095702222732	-0.0961753901181734	0.0324197832483432	0.219801682553144	-0.741345957013423	-0.0579785498286381	-0.714766616946922	-0.742254993955513	-0.712358805709151	-0.0686544092673794	-0.858877137189631	-0.830143377826793	-0.278781102625745	-0.863183631021481	-0.868018525950526	-0.824254907304001	-0.703780898061777	-0.60391808700557	-0.87535047234863	-0.790791065029874
CD3D	0.971589660887633	1	0.939820176376454	0.77679669938494	0.328514110296583	0.660754421657989	0.879373872893836	0.93759953237727	0.880994992172601	0.817841823001227	0.721438137962044	0.966379334216396	-0.106014959557673	-0.133850008765404	0.961906396339254	0.887686061448387	0.917569961481182	0.792856250088639	0.902729124009968	0.392801450985118	0.710038846061849	0.220598917964853	0.431406807240046	-0.109790706035511	-0.327327426720603	0.71604244363549	0.0551726808539597	0.631776319186967	-0.702955355364367	-0.105856947252686	-0.585722544556591	0.323281691133709	-0.618086153257611	-0.832598392640487	0.874183597950627	-0.673871346401435	-0.563476500354675	0.891195039288977	0.818053691445807	-0.942780488993295	0.585977964565137	0.963094837007189	-0.151162227353162	0.932623055595121	0.913991300040026	-0.0185640839856156	-0.0277244531689585	0.38725322303602	-0.769625755281367	0.0691740568878152	-0.759896612342268	-0.735437869180603	-0.66848602425834	0.0366027626538131	-0.868932566038469	-0.838619717787676	-0.263794648936221	-0.834624727129949	-0.867843058974172	-0.83026231206044	-0.728693720203848	-0.617233792865238	-0.858485134024462	-0.801246088300702
KLRD1	0.912662298674601	0.939820176376454	1	0.703152177271575	0.403255915565734	0.636679820537257	0.954496022247128	0.82185272991097	0.754355649994685	0.783314140140023	0.756726119756466	0.91377519776642	-0.0739369523574019	-0.235870316291643	0.888700211285636	0.829234856443518	0.798772068512385	0.800176190615548	0.79408895431951	0.348333137781943	0.653916238292259	0.101602419828844	0.434453205906396	-0.204581029876223	-0.36915981951408	0.536998934217462	-0.000103920040739477	0.47032901986623	-0.608536848861122	-0.184140451448718	-0.550509049610869	0.228014227696872	-0.486049813603087	-0.746114651929728	0.834162322349371	-0.574091342390601	-0.510095754176752	0.787201926590275	0.66726487557203	-0.852302649141738	0.502889406682026	0.917049824520453	-0.241362472198674	0.845361133661609	0.889979786993149	-0.0744737315606716	-0.0160934560381395	0.304229227339946	-0.65839748961574	0.167144538874336	-0.667058672516588	-0.674638308401083	-0.567614171394002	-0.0188322153822278	-0.79777126974704	-0.782887539654932	-0.291221516253169	-0.725394798758184	-0.786084260730615	-0.740838932973514	-0.622484099380382	-0.508482589160304	-0.780761431460714	-0.707799139680587
CD8A	0.747155585054899	0.77679669938494	0.703152177271575	1	0.316986650197418	0.783649575517802	0.675909704718999	0.774115370024559	0.919728659289049	0.700948934501848	0.49774403731728	0.792815027787888	-0.225087452876208	0.358632948384198	0.814386581830299	0.743002215147971	0.906324121924471	0.854436906186003	0.837292031440543	0.721475181780445	0.749855934896069	0.627840438932731	0.593232457647837	0.428381784477417	0.211708714468498	0.682974489848687	0.502399991029872	0.834188071283386	-0.815869696386912	0.415655685396727	-0.564211424760229	0.667344424371994	-0.805176374292672	-0.823221030409289	0.721282579886286	-0.67533930227632	-0.725214327291949	0.574919856237699	0.671212672876108	-0.792591025275965	0.224683370804657	0.68561451707896	0.39233676853097	0.691450638508448	0.681362499215409	0.0699797656660836	-0.183781302407671	0.214973339240943	-0.813466105198362	-0.279212835124229	-0.838338357326766	-0.797428387873602	-0.797912999311943	0.486715227616797	-0.61627463783745	-0.862321003278382	0.24441033587205	-0.802676237242164	-0.794240283703432	-0.885932436759795	-0.762455382594061	-0.747435216648714	-0.764649796771108	-0.812195421523275
CD8B	0.493971598274637	0.328514110296583	0.403255915565734	0.316986650197418	1	0.794537225735947	0.274354842073764	0.358414368591047	0.338443587363333	0.0801782332414969	0.835994288604759	0.53430931267758	0.647473310137704	0.264741457052936	0.389410142342543	0.650807919830842	0.200127415730305	0.606776441079628	0.364476134498968	0.379221817727933	0.763776250552933	0.25920218067364	0.75546758316935	0.0406726676282031	0.0573600017449315	-0.0691377299134705	0.361241398383054	-0.0372061179464367	-0.132863442521287	0.104049713218679	-0.160258629822824	-0.15427516682518	-0.34173960597168	-0.318408636756144	0.646613990459492	-0.448003004991358	-0.234673586137657	0.397916164808154	-0.149193949408109	-0.29195339496482	0.362746867261643	0.203720365664327	0.083266924491126	-0.000673859076746089	0.637610666449151	-0.39800583086646	0.135424864565377	-0.605024929148657	-0.178828466849542	-0.560311489502543	-0.213064271481256	-0.38793196254087	-0.484436349596764	-0.15822049709788	-0.220763977693115	-0.44171263681167	0.078773440810134	-0.398036947540494	-0.323903384641636	-0.357529313163113	-0.218786619425675	-0.258033748810339	-0.397474012362168	-0.313688645682888
CD247	0.763638295673575	0.660754421657989	0.636679820537257	0.783649575517802	0.794537225735947	1	0.567123559191737	0.733647144901575	0.803252351014122	0.411347018061221	0.818414545148836	0.801180368977821	0.31695498095074	0.464531634744799	0.758007868458337	0.878776915853968	0.694379282742972	0.869899552860705	0.779033661313238	0.667050778954548	0.950281784168528	0.616272424426319	0.829711832547019	0.32967223431805	0.194383561113659	0.464918474669945	0.5560820404558	0.553784068201239	-0.537405109668135	0.351273258882995	-0.399721933387577	0.338548532550015	-0.732590416139705	-0.68972778921062	0.876123313827953	-0.727282949805829	-0.53170604343185	0.6255048520697	0.363427218185758	-0.673488414588015	0.445393637535011	0.539856104353373	0.337930688082589	0.425523382552839	0.784264450700245	-0.11236570342851	0.0464670174852605	-0.237031428054579	-0.602849030595757	-0.533904751678338	-0.634679869807577	-0.698729816186318	-0.810694368809506	0.17992020207119	-0.501082172127442	-0.785097991871041	0.202969414571339	-0.749603786712829	-0.667996136650744	-0.750821051351453	-0.613871655200423	-0.613593714056401	-0.705069852548692	-0.691555190528808
KLRC1	0.847719631393498	0.879373872893836	0.954496022247128	0.675909704718999	0.274354842073764	0.567123559191737	1	0.794008480774338	0.737983600053491	0.703805190584774	0.660459504738206	0.828057556578747	-0.126335853734847	-0.203336900946423	0.848658083054853	0.766492957908118	0.778848451975196	0.737857969720765	0.752439979637118	0.30219306804497	0.571831638515583	0.123894948330836	0.33557931422126	-0.18100103897531	-0.354664649105181	0.586384611919194	-0.0362345391987716	0.514667682471279	-0.619581540880301	-0.184648941361497	-0.570375895548907	0.251846508022036	-0.508559681715811	-0.742394498810095	0.770048024102388	-0.587498664651213	-0.502647625816055	0.740494435705221	0.706975441826693	-0.843542454148964	0.509822130047592	0.878074378491138	-0.235034291042114	0.829488334314898	0.778227639867331	-0.0570776334209873	0.0072654586540316	0.34133816184021	-0.680235858713587	0.214684178766256	-0.666167362604872	-0.642910837835676	-0.560001502126082	-0.0112504859137196	-0.804002999225209	-0.73903792724526	-0.303663623790962	-0.73078842271324	-0.774039170401269	-0.722364190129899	-0.652972970761949	-0.532750138540583	-0.765628659075147	-0.715993531185499
KLRB1	0.958659686809079	0.93759953237727	0.82185272991097	0.774115370024559	0.358414368591047	0.733647144901575	0.794008480774338	1	0.94311665364872	0.648737446021532	0.72729609331136	0.937701949405313	0.0489971195392817	0.126139752173281	0.964641367490039	0.930923281036346	0.921390121522427	0.746166181256784	0.945286501331838	0.407501896775345	0.796755296938544	0.403559009925098	0.48276233534862	0.0221970787480126	-0.228474471861065	0.833142840493888	0.161847281075039	0.729368121394083	-0.64490511785537	0.00677880808878523	-0.484431397757449	0.346402435122076	-0.711329037861394	-0.804182258552269	0.911303397316523	-0.750470881854854	-0.499283625597214	0.923143132613755	0.853849628810259	-0.930322212399532	0.715865614701556	0.884752483838545	-0.00342522952958988	0.86802963658789	0.868095132762249	0.0658390800215029	0.060801540949865	0.335499007622914	-0.769395002845964	-0.0846382346390209	-0.737283722522324	-0.710968266572817	-0.73420666888304	0.0236751309904386	-0.820096944236531	-0.802930257887655	-0.203788748960746	-0.86080620502303	-0.834541628457594	-0.819788594904907	-0.742798050141693	-0.630070946953565	-0.851518382923279	-0.802221317222602
CXCR4	0.884380140768092	0.880994992172601	0.754355649994685	0.919728659289049	0.338443587363333	0.803252351014122	0.737983600053491	0.94311665364872	1	0.678877980024483	0.618115072724577	0.890436375120078	-0.0916887974553637	0.306103857236525	0.936487343690979	0.880394146130704	0.967290667567955	0.826669655514904	0.956909340761157	0.600848522622817	0.813313470725206	0.589220478572146	0.580009602747807	0.278182972028479	0.0338686978261656	0.832163914878503	0.377176855856802	0.855412592057391	-0.779219305806022	0.258863806071781	-0.574635562327955	0.558480632622998	-0.853283050138961	-0.876934289231456	0.855595546677904	-0.80833249730456	-0.647042647179448	0.787819507515269	0.814056430905285	-0.913192047648575	0.509851085661653	0.814474010328661	0.246667214562841	0.805891243176894	0.796043690093938	0.0732407689892113	-0.0448524331412653	0.273857865435385	-0.858010070224966	-0.253657369480491	-0.855336561508024	-0.793731360426187	-0.85156037854452	0.288727134644257	-0.767211899981687	-0.877617640174131	0.0424193425558378	-0.893362812113353	-0.86296477985779	-0.907818321708149	-0.838061966540121	-0.771410246237979	-0.865482746920372	-0.880223530812551
CXCR3	0.691335652984581	0.817841823001227	0.783314140140023	0.700948934501848	0.0801782332414969	0.411347018061221	0.703805190584774	0.648737446021532	0.678877980024483	1	0.359642396160212	0.723073564968399	-0.539470968674913	-0.2810785211986	0.769328557370385	0.561367172418683	0.793933967712025	0.706139561690817	0.681566399692697	0.574944672731979	0.355961045881783	0.169958695188874	0.39056995229056	0.102466558441989	-0.0381398440612673	0.484857379282904	0.215475256970453	0.537845558331419	-0.716075557267523	0.123876713620385	-0.631856964047395	0.561370370459228	-0.519046876791212	-0.764963746244085	0.558462249194791	-0.504397999872596	-0.636153609536191	0.534733436621161	0.636914829462118	-0.699183193219583	0.0827399231981571	0.844952763084059	0.01383494711021	0.806578803273643	0.657458409611508	0.0514069465874682	-0.306329752797708	0.519933211257894	-0.709320817478499	0.142811488773778	-0.788153885434471	-0.670362582535654	-0.56320615804763	0.416290268279317	-0.650026186059001	-0.78554267585991	0.0700834826405884	-0.576128881543476	-0.701918305931884	-0.738209364692244	-0.684575725189491	-0.605125412455875	-0.683133318560819	-0.730792970294017
ADGRE5	0.840980831074116	0.721438137962044	0.756726119756466	0.49774403731728	0.835994288604759	0.818414545148836	0.660459504738206	0.72729609331136	0.618115072724577	0.359642396160212	1	0.842563320800103	0.530781100820026	0.046823240460374	0.724817296239165	0.892029855988193	0.531876832645547	0.739141440933645	0.680821980521243	0.265088219693509	0.857623491817656	0.157974727728261	0.629673855782387	-0.210513037033001	-0.308146496133333	0.323240960575352	0.0963980045163706	0.229924110974725	-0.32715290826777	-0.174688464443526	-0.297945575482903	-0.106901466833362	-0.430190923370406	-0.544323028341302	0.883639764433091	-0.567365104332897	-0.295885664903624	0.774651031025114	0.321707892060296	-0.664566230926523	0.685097894287818	0.623521391877252	-0.186246153816195	0.471355123991481	0.899454663401615	-0.259879302222586	0.214423452060947	-0.203037894223085	-0.407120181097235	-0.235370037606879	-0.401708990110608	-0.528808125978212	-0.552424000667218	-0.301955206356718	-0.597638095025941	-0.621976951398915	-0.276802656105213	-0.676053164171775	-0.603769612509623	-0.561362439070002	-0.414151593677791	-0.353449444116083	-0.647515274177308	-0.524601593484421
CD3G	0.988399239452434	0.966379334216396	0.91377519776642	0.792815027787888	0.53430931267758	0.801180368977821	0.828057556578747	0.937701949405313	0.890436375120078	0.723073564968399	0.842563320800103	1	0.0753930478978349	0.00195629646745522	0.951877877361634	0.960355039975214	0.884021733107861	0.844346355794449	0.909332240839847	0.44068966924407	0.847854025491831	0.284402959299628	0.557076637728041	-0.0694025980166139	-0.268899990118839	0.655558031707328	0.14507033439254	0.587297648224232	-0.667757974230149	-0.053340299931595	-0.542800193422685	0.251712626582801	-0.653243700173267	-0.820019560262371	0.945931802295041	-0.715278002476556	-0.561949980261373	0.89536719092567	0.711100709623943	-0.923227847639536	0.631472506840846	0.898563648696684	-0.091178475610276	0.831857647930409	0.969197098251012	-0.104395821886257	0.00591382640735841	0.179041642975063	-0.734653593429088	-0.110242515724926	-0.728995134183437	-0.756888962921621	-0.724966755473843	-0.0110540674453558	-0.828144198139058	-0.857223043587808	-0.211696705768253	-0.866551818109824	-0.861001429268825	-0.836131159233737	-0.701811260306019	-0.616389581507426	-0.866581644031997	-0.794124189459143
F2R	0.0985198222635658	-0.106014959557673	-0.0739369523574019	-0.225087452876208	0.647473310137704	0.31695498095074	-0.126335853734847	0.0489971195392817	-0.0916887974553637	-0.539470968674913	0.530781100820026	0.0753930478978349	1	0.246655768156232	-0.0781856859645975	0.258594524946337	-0.267597008576577	-0.0174253715092697	-0.0181733966583459	-0.257627748358802	0.395145034346301	-0.0164742068458158	0.19821592049451	-0.245595010512006	-0.202361739576055	-0.118227509989637	-0.0700262610323512	-0.324588532140246	0.476851165916043	-0.233291294517376	0.377020465898237	-0.540989533042353	0.147399925006966	0.289171999852287	0.243564797922278	0.0266644562655853	0.460313115413986	0.226538665584557	-0.320320891188431	0.117821706842305	0.492777380367323	-0.242172087506705	-0.141829385646507	-0.328937577333411	0.181756356535745	-0.101591814170893	0.588143740931408	-0.529704076745226	0.382963886836423	-0.306661748093416	0.439542904357173	0.26800135649241	0.107257415215934	-0.622141081411156	0.163297650060147	0.234845614499876	-0.267140823535386	0.0129822266167975	0.21544899005185	0.262551659534709	0.319479446183628	0.311478659649804	0.154015849870838	0.284842024254754
FAS	-0.022402084446949	-0.133850008765404	-0.235870316291643	0.358632948384198	0.264741457052936	0.464531634744799	-0.203336900946423	0.126139752173281	0.306103857236525	-0.2810785211986	0.046823240460374	0.00195629646745522	0.246655768156232	1	0.0606946865713724	0.143396374711953	0.133384369115051	0.200597581962912	0.192060694592085	0.421018783152982	0.414191318002355	0.769324516751347	0.445913602086094	0.716888869854742	0.626728906469918	0.21843245689368	0.670961452901814	0.469532437309544	-0.108817872431189	0.691379589982525	0.164610608173045	0.369298674679821	-0.412398758510888	-0.0597779673019372	0.138953232221487	-0.232132317896543	-0.178506433955148	-0.101344447962676	-0.00342075703394446	0.00596811684392359	0.0144869081924828	-0.2232544113288	0.781763332672644	-0.217083677851276	-0.0645674242535886	0.189867431599123	-0.0594489607497681	-0.293528235649474	-0.154948848498369	-0.63382763159479	-0.160595737474866	-0.202309615510958	-0.38378637272749	0.389291848627611	0.196368234560515	-0.138400993949722	0.562744976095611	-0.148154185889458	-0.0413161537851791	-0.202457557299005	-0.1292602627822	-0.210850417960287	-0.0636824657698093	-0.141546854985345
PTGER4	0.961471911376039	0.961906396339254	0.888700211285636	0.814386581830299	0.389410142342543	0.758007868458337	0.848658083054853	0.964641367490039	0.936487343690979	0.769328557370385	0.724817296239165	0.951877877361634	-0.0781856859645975	0.0606946865713724	1	0.919727369778725	0.944371147014697	0.841067055212754	0.933745089560077	0.53093186570682	0.774463783517668	0.429616740492354	0.565798659014432	0.0802543237385172	-0.152239417881656	0.749281739936181	0.246563626220145	0.724592207783275	-0.722503430366391	0.0873345278346367	-0.578498206859916	0.428982467630307	-0.722070136983159	-0.866839447137359	0.912947054685958	-0.771628561600504	-0.612249776302221	0.863790879787695	0.819291677567302	-0.929430120273438	0.604656764864608	0.93471037283317	0.0428147608949715	0.886212686681358	0.886034463494336	0.0100436489519121	-0.0561633858948087	0.32488861997809	-0.827845082215878	-0.0616503138970762	-0.82373225654228	-0.795340782536829	-0.78707342179626	0.156850035408179	-0.825349086656408	-0.885952334715126	-0.0907911230262034	-0.837774548546873	-0.882473423081389	-0.886430570447504	-0.79458038006929	-0.689285815548454	-0.892728177489551	-0.86028837738845
PTPRC	0.960437819923909	0.887686061448387	0.829234856443518	0.743002215147971	0.650807919830842	0.878776915853968	0.766492957908118	0.930923281036346	0.880394146130704	0.561367172418683	0.892029855988193	0.960355039975214	0.258594524946337	0.143396374711953	0.919727369778725	1	0.82383387750628	0.816492220857316	0.891397295412366	0.459869573185797	0.926033121963861	0.393404686456574	0.633014902069223	-0.00276869278187555	-0.191203415196713	0.639147380466047	0.227435061447096	0.548544721389995	-0.596386437125908	0.0123288463560366	-0.480791532838531	0.196068409896271	-0.701400271883586	-0.79059937411088	0.985097466142422	-0.774298578820496	-0.509857686147997	0.909380242991197	0.637528466151307	-0.881812139847299	0.709279326645794	0.795150542312204	-0.0117756016127667	0.714054768078161	0.942171369777479	-0.138762348582809	0.0903757145031695	0.0233783528143401	-0.699806576596427	-0.255903319658376	-0.679404395964908	-0.733268296606448	-0.769652363026983	-0.0584531133929461	-0.771149472708175	-0.8281217956691	-0.165316746064079	-0.867848363599604	-0.815385813289237	-0.805904059984126	-0.690315793539982	-0.617701551396267	-0.852402433264618	-0.770655248842671
CD69	0.874478039614151	0.917569961481182	0.798772068512385	0.906324121924471	0.200127415730305	0.694379282742972	0.778848451975196	0.921390121522427	0.967290667567955	0.793933967712025	0.531876832645547	0.884021733107861	-0.267597008576577	0.133384369115051	0.944371147014697	0.82383387750628	1	0.793246729446908	0.92727454356132	0.585326096646732	0.701638882996666	0.500201489523791	0.459578338418828	0.223039094848359	-0.0303383695789751	0.841764529215959	0.300593759599588	0.8499742595117	-0.806410124625196	0.206207657186657	-0.62490325612722	0.597414250267139	-0.784573133076835	-0.884943149934684	0.809895707747438	-0.749033025437148	-0.665909108736607	0.774566404903815	0.881452378473679	-0.919816144928354	0.456581023349936	0.877562281424684	0.165448398602024	0.901741399302558	0.76615454753671	0.104043569692516	-0.10645304457617	0.413993493822896	-0.875645530991272	-0.0829207405000028	-0.870217012247218	-0.788989151328249	-0.787066467592336	0.320604306135088	-0.790777475916209	-0.877738272987988	0.0128123171550481	-0.852900264444618	-0.874769143875829	-0.904915928190853	-0.836858085209766	-0.756444365641678	-0.856688703000344	-0.874925319620728
ITGAL	0.812359109689196	0.792856250088639	0.800176190615548	0.854436906186003	0.606776441079628	0.869899552860705	0.737857969720765	0.746166181256784	0.826669655514904	0.706139561690817	0.739141440933645	0.844346355794449	-0.0174253715092697	0.200597581962912	0.841067055212754	0.816492220857316	0.793246729446908	1	0.79658265819864	0.714286997232675	0.775139977919098	0.515213056643528	0.785564816304453	0.287954491919698	0.144904892100271	0.466212458194402	0.504028112250893	0.619280398695434	-0.712413058538457	0.307580999229997	-0.653486853058593	0.514568552247348	-0.75446458682519	-0.81747250077639	0.794932428386018	-0.754997688907124	-0.679107669245383	0.608934036722607	0.476379090449797	-0.748391482550756	0.291344326123722	0.720076577657272	0.253553004237415	0.600114103691231	0.81102483633691	-0.116990994462922	-0.0611304147372322	0.0494465183539669	-0.754282388795932	-0.331799419321972	-0.804946568634858	-0.772296275088668	-0.834623406007795	0.349422169796344	-0.638520160045568	-0.868275897538631	0.197154833291047	-0.758133564443896	-0.782373718724758	-0.850568732437995	-0.765211509443499	-0.744298620814952	-0.783547898058879	-0.823642270970508
CD44	0.903538904502134	0.902729124009968	0.79408895431951	0.837292031440543	0.364476134498968	0.779033661313238	0.752439979637118	0.945286501331838	0.956909340761157	0.681566399692697	0.680821980521243	0.909332240839847	-0.0181733966583459	0.192060694592085	0.933745089560077	0.891397295412366	0.92727454356132	0.79658265819864	1	0.502695460736504	0.803348855974455	0.464727051024236	0.57071366693293	0.13440525666243	-0.0687780951277068	0.816043220323282	0.273346857697354	0.785459994089458	-0.660036149402015	0.1326630501992	-0.468774909661607	0.473917679082644	-0.746543732827144	-0.801096799118242	0.882623955732623	-0.723609505145955	-0.509578080986304	0.81337666290385	0.786021842895337	-0.890694534507422	0.531652237712777	0.84778007915288	0.13867488701712	0.822767118787666	0.848125866075178	0.15426471824573	0.0592877462989332	0.307886843074276	-0.737290356736358	-0.14983913628322	-0.771380703292956	-0.696169517691908	-0.752621698205626	0.178386301898186	-0.741613297447651	-0.829811474046679	-0.0768244341192936	-0.854828512415589	-0.786424111055229	-0.818929314546894	-0.742424967328429	-0.640743020254654	-0.795660400518392	-0.792479433771914
ITGB2	0.373791788974878	0.392801450985118	0.348333137781943	0.721475181780445	0.379221817727933	0.667050778954548	0.30219306804497	0.407501896775345	0.600848522622817	0.574944672731979	0.265088219693509	0.44068966924407	-0.257627748358802	0.421018783152982	0.53093186570682	0.459869573185797	0.585326096646732	0.714286997232675	0.502695460736504	1	0.505751300926287	0.78386512211481	0.782406539608661	0.792130630218051	0.705854688598384	0.291362195001806	0.902357703304727	0.546604093732792	-0.589309431969871	0.820661914526774	-0.456603646935298	0.777107953704867	-0.721683623135939	-0.63364925343318	0.4491298442687	-0.585622342144244	-0.635593407021011	0.196246759643201	0.2368606711208	-0.354049725110954	-0.16173663082668	0.329981860682517	0.729943335047174	0.263763620836349	0.361211710361248	0.0455076660533273	-0.285099945324605	0.00620764366378126	-0.607756314136278	-0.509414009847344	-0.713129260637643	-0.633593636184588	-0.741063625678469	0.792960643396269	-0.186041365981445	-0.711070623554128	0.762252725820354	-0.422731226846367	-0.458125294667596	-0.667449226793021	-0.637143670666226	-0.67533748161706	-0.497672704342843	-0.636052892391266
ITGA4	0.822983481672839	0.710038846061849	0.653916238292259	0.749855934896069	0.763776250552933	0.950281784168528	0.571831638515583	0.796755296938544	0.813313470725206	0.355961045881783	0.857623491817656	0.847854025491831	0.395145034346301	0.414191318002355	0.774463783517668	0.926033121963861	0.701638882996666	0.775139977919098	0.803348855974455	0.505751300926287	1	0.531801540587225	0.721221786374166	0.157789201561367	-0.00104083441607703	0.515711436316391	0.379147927701068	0.524557986524416	-0.523409043605609	0.18466438554462	-0.3143041602551	0.177229819490285	-0.675300386806852	-0.663174904467858	0.911851171608084	-0.681448200667986	-0.481062825914726	0.739635759274205	0.447584171277062	-0.736663042221699	0.594067277883388	0.573408876010585	0.198741722447733	0.491579669107099	0.842928276670627	-0.150561841153645	0.0602261195960338	-0.217783893792245	-0.583335745809547	-0.458106644655387	-0.574391462338637	-0.694232848141946	-0.744858801144937	0.0075540069584873	-0.571770601121372	-0.750182798916406	0.00583636098813986	-0.789985481939956	-0.700413556970097	-0.734846273811971	-0.553303495579687	-0.533249050802083	-0.732224934332795	-0.647267495798914
SORL1	0.268393361210185	0.220598917964853	0.101602419828844	0.627840438932731	0.25920218067364	0.616272424426319	0.123894948330836	0.403559009925098	0.589220478572146	0.169958695188874	0.157974727728261	0.284402959299628	-0.0164742068458158	0.769324516751347	0.429616740492354	0.393404686456574	0.500201489523791	0.515213056643528	0.464727051024236	0.78386512211481	0.531801540587225	1	0.641559877045644	0.858184613255925	0.704629796896415	0.453397066939611	0.866894305692216	0.683779288976737	-0.422393049860178	0.85743113294781	-0.212678590203212	0.726195889610699	-0.686417612778527	-0.432919215371078	0.371882628717273	-0.530662895924931	-0.420588586737771	0.184099737605254	0.305427496033969	-0.277005703828226	0.0537832958071654	0.13241732564152	0.872333531727538	0.147173243412271	0.174976622381985	0.231998525937876	-0.0841947997971577	-0.00611965639093906	-0.513217454526237	-0.54930396044432	-0.527801323617137	-0.474245993362625	-0.66379747073125	0.679630593674928	-0.0613273117493821	-0.475881369709989	0.700740637485909	-0.346588178808628	-0.344379094714652	-0.536443237584167	-0.510648732238576	-0.544609835757094	-0.366513069853476	-0.475266297424616
TNFRSF1B	0.516754277954533	0.431406807240046	0.434453205906396	0.593232457647837	0.75546758316935	0.829711832547019	0.33557931422126	0.48276233534862	0.580009602747807	0.39056995229056	0.629673855782387	0.557076637728041	0.19821592049451	0.445913602086094	0.565798659014432	0.633014902069223	0.459578338418828	0.785564816304453	0.57071366693293	0.782406539608661	0.721221786374166	0.641559877045644	1	0.504055097805768	0.478011899192194	0.137047073542219	0.753575605543262	0.370793219518386	-0.445506907218221	0.558585652354086	-0.327996839071316	0.409982971322268	-0.668920962859346	-0.57074690866425	0.61481489997027	-0.636108060500355	-0.515905884635498	0.327692571886477	0.0793518172114981	-0.391301032230066	0.0912250280752303	0.354587208737236	0.524387236893491	0.163545226092106	0.605043093219974	-0.143906343325098	-0.130181203390341	-0.274524384444915	-0.488315493965029	-0.642285690896491	-0.60408209311035	-0.620620507758928	-0.75766971920734	0.427682262307194	-0.264377974526939	-0.69064357118035	0.49144081625635	-0.480776260030499	-0.465385954641075	-0.619009545025049	-0.536348786502749	-0.553649287684477	-0.545509176267536	-0.588592346344305
TREM2	-0.118603725775637	-0.109790706035511	-0.204581029876223	0.428381784477417	0.0406726676282031	0.32967223431805	-0.18100103897531	0.0221970787480126	0.278182972028479	0.102466558441989	-0.210513037033001	-0.0694025980166139	-0.245595010512006	0.716888869854742	0.0802543237385172	-0.00276869278187555	0.223039094848359	0.287954491919698	0.13440525666243	0.792130630218051	0.157789201561367	0.858184613255925	0.504055097805768	1	0.94204675610624	0.167545612017224	0.930756461321547	0.485723676100222	-0.27206870550386	0.985669176807115	-0.126692004775868	0.787756957638392	-0.504949724905548	-0.213402263672792	-0.0158494739554214	-0.27980820053907	-0.338779275723	-0.23462142042643	0.00423701050488518	0.0755955820908979	-0.395906580261125	-0.163463769966173	0.966926230900116	-0.140533555723706	-0.179958593195576	0.270098288357248	-0.219781234420696	-0.0220718110299267	-0.293377512940556	-0.559729891387844	-0.37078845972994	-0.252489745884462	-0.444934724929608	0.865786873872739	0.252461143382488	-0.257632485481973	0.934803277336449	-0.0413946360735128	-0.0389781928813304	-0.283946593115431	-0.325490387468111	-0.41307077520966	-0.0612051607675448	-0.262818988016821
CD68	-0.331367544455379	-0.327327426720603	-0.36915981951408	0.211708714468498	0.0573600017449315	0.194383561113659	-0.354664649105181	-0.228474471861065	0.0338686978261656	-0.0381398440612673	-0.308146496133333	-0.268899990118839	-0.202361739576055	0.626728906469918	-0.152239417881656	-0.191203415196713	-0.0303383695789751	0.144904892100271	-0.0687780951277068	0.705854688598384	-0.00104083441607703	0.704629796896415	0.478011899192194	0.94204675610624	1	-0.109714338370581	0.8923039008344	0.225769430615794	-0.101895863101247	0.950942521962998	-0.022085801397389	0.648338458103973	-0.346768028384887	-0.0385928455047781	-0.201719474849382	-0.12600941943814	-0.207072031745945	-0.451771354976968	-0.285462665634267	0.301158408407488	-0.59984939029531	-0.366691781110857	0.930428551784578	-0.38663215738392	-0.321093597358697	0.187492855627636	-0.207505830562847	-0.1914810404995	-0.0766076489592939	-0.595061381329535	-0.19941296534696	-0.080876713335505	-0.288248945956547	0.829139616698995	0.438444465528431	-0.0960599970998165	0.967323153036158	0.143133929789224	0.171237838499258	-0.0802149359181868	-0.151718107803296	-0.261783972040947	0.133015151944868	-0.0783012396984157
TRADD	0.6814791211771	0.71604244363549	0.536998934217462	0.682974489848687	-0.0691377299134705	0.464918474669945	0.586384611919194	0.833142840493888	0.832163914878503	0.484857379282904	0.323240960575352	0.655558031707328	-0.118227509989637	0.21843245689368	0.749281739936181	0.639147380466047	0.841764529215959	0.466212458194402	0.816043220323282	0.291362195001806	0.515711436316391	0.453397066939611	0.137047073542219	0.167545612017224	-0.109714338370581	1	0.125915134088037	0.839247806803812	-0.481013229561331	0.102708857936214	-0.353855511163065	0.53298886679076	-0.600661737890846	-0.587212189299449	0.622496817375841	-0.55144517003578	-0.258884603959593	0.719742201426558	0.906455219220689	-0.739217237240352	0.562456272298496	0.673389040601702	0.133509034116176	0.794668627196415	0.49767949252491	0.42675535584829	0.231741345671708	0.576622135238636	-0.613234948633558	0.0526294604927658	-0.561584663483537	-0.407365020235338	-0.508056363292147	0.138509985911956	-0.590523781218826	-0.521020659688767	-0.134562446604401	-0.664887037312504	-0.585452923044734	-0.591691896970302	-0.61955704959138	-0.504610928707224	-0.563156652176136	-0.598235516364798
CD4	0.0853216071430118	0.0551726808539597	-0.000103920040739477	0.502399991029872	0.361241398383054	0.5560820404558	-0.0362345391987716	0.161847281075039	0.377176855856802	0.215475256970453	0.0963980045163706	0.14507033439254	-0.0700262610323512	0.670961452901814	0.246563626220145	0.227435061447096	0.300593759599588	0.504028112250893	0.273346857697354	0.902357703304727	0.379147927701068	0.866894305692216	0.753575605543262	0.930756461321547	0.8923039008344	0.125915134088037	1	0.430284358890009	-0.308150193949604	0.952797995083181	-0.191643939857542	0.719536561223552	-0.577607713243556	-0.329350873332582	0.214809393069273	-0.410118055545292	-0.404437221357942	-0.0648951496925504	-0.0252933462682771	-0.0376129090826777	-0.275803033585537	-0.0231578544445956	0.914731068015362	-0.0816384258670606	0.0822911147592557	0.146437458431269	-0.183936158976045	-0.143641874660309	-0.349014582902147	-0.64982039350766	-0.452253465386814	-0.381479742806154	-0.578135194654966	0.7929956357561	0.146971837624301	-0.422550694983209	0.909574233660279	-0.157934213590352	-0.154756813855489	-0.400213377622183	-0.396353882552796	-0.473394100885038	-0.205133098687145	-0.36982382218079
ICOS	0.59036375820566	0.631776319186967	0.47032901986623	0.834188071283386	-0.0372061179464367	0.553784068201239	0.514667682471279	0.729368121394083	0.855412592057391	0.537845558331419	0.229924110974725	0.587297648224232	-0.324588532140246	0.469532437309544	0.724592207783275	0.548544721389995	0.8499742595117	0.619280398695434	0.785459994089458	0.546604093732792	0.524557986524416	0.683779288976737	0.370793219518386	0.485723676100222	0.225769430615794	0.839247806803812	0.430284358890009	1	-0.690226401862828	0.438034480487641	-0.394682809847355	0.747531767061081	-0.715522091223835	-0.666339541074432	0.545446653901368	-0.575841948627993	-0.562944159389734	0.470254548995646	0.805568671080376	-0.692176752907916	0.282147704593401	0.613516418921646	0.462917559438868	0.689192064049524	0.426985287265456	0.35085954869579	-0.146479546394629	0.444721412340142	-0.749666758234434	-0.121241811174121	-0.749742241795126	-0.631741148802572	-0.682190567118111	0.503852819846902	-0.516726120937684	-0.666407933212624	0.225399753571386	-0.667582268396389	-0.66452275872942	-0.750238311542265	-0.688668789429301	-0.634182208690892	-0.616984631116258	-0.704015428895354
ITGB1	-0.650339578516855	-0.702955355364367	-0.608536848861122	-0.815869696386912	-0.132863442521287	-0.537405109668135	-0.619581540880301	-0.64490511785537	-0.779219305806022	-0.716075557267523	-0.32715290826777	-0.667757974230149	0.476851165916043	-0.108817872431189	-0.722503430366391	-0.596386437125908	-0.806410124625196	-0.712413058538457	-0.660036149402015	-0.589309431969871	-0.523409043605609	-0.422393049860178	-0.445506907218221	-0.27206870550386	-0.101895863101247	-0.481013229561331	-0.308150193949604	-0.690226401862828	1	-0.266024323561767	0.765856115105667	-0.500018356852093	0.811617513344255	0.929725475253326	-0.558040329513584	0.742503205223279	0.935555450314451	-0.490502594060951	-0.643698962249147	0.810742795255449	-0.159733441460759	-0.697719103458023	-0.190753764994903	-0.670610111059679	-0.597033967174931	0.324044401588596	0.485127755430956	-0.137115213986993	0.947329901680433	0.255609033625188	0.942666342296512	0.917376756086138	0.838626988159517	-0.456786412804668	0.786866555571735	0.887473633246756	-0.141586534506358	0.824266648566903	0.913996647571697	0.93898832122738	0.866607613108518	0.873817352757548	0.883899286622661	0.914309860823252
CD74	-0.109951769241427	-0.105856947252686	-0.184140451448718	0.415655685396727	0.104049713218679	0.351273258882995	-0.184648941361497	0.00677880808878523	0.258863806071781	0.123876713620385	-0.174688464443526	-0.053340299931595	-0.233291294517376	0.691379589982525	0.0873345278346367	0.0123288463560366	0.206207657186657	0.307580999229997	0.1326630501992	0.820661914526774	0.18466438554462	0.85743113294781	0.558585652354086	0.985669176807115	0.950942521962998	0.102708857936214	0.952797995083181	0.438034480487641	-0.266024323561767	1	-0.0994685582963157	0.760767165316365	-0.47575061227309	-0.207048419303387	0.00440679211696267	-0.258929656950353	-0.350784750881391	-0.243444960389033	-0.0429768313233353	0.0886423525336264	-0.419170793167567	-0.153538336057731	0.977485319941953	-0.155830529095888	-0.143422645457136	0.236128003785716	-0.267777585778637	-0.0701236338381456	-0.274668791230571	-0.557318718540193	-0.368802410223444	-0.277159359062305	-0.444739101756781	0.877412386413385	0.272337543073142	-0.280310504292958	0.960399154833752	-0.018447686679055	-0.0400731753789184	-0.289850742800754	-0.29698203656334	-0.383725930272094	-0.0645122553791248	-0.248992450197001
C1QBP	-0.535023010955155	-0.585722544556591	-0.550509049610869	-0.564211424760229	-0.160258629822824	-0.399721933387577	-0.570375895548907	-0.484431397757449	-0.574635562327955	-0.631856964047395	-0.297945575482903	-0.542800193422685	0.377020465898237	0.164610608173045	-0.578498206859916	-0.480791532838531	-0.62490325612722	-0.653486853058593	-0.468774909661607	-0.456603646935298	-0.3143041602551	-0.212678590203212	-0.327996839071316	-0.126692004775868	-0.022085801397389	-0.353855511163065	-0.191643939857542	-0.394682809847355	0.765856115105667	-0.0994685582963157	1	-0.412972603945343	0.72712203316198	0.81936689466832	-0.414038145277991	0.804452098864379	0.699412617721185	-0.441888611043815	-0.446509136997714	0.645861376914327	-0.137118685115744	-0.579365709641208	0.0216034168725407	-0.528528155176073	-0.498323395065099	0.429108077286293	0.088036850739739	-0.111389039453655	0.8031149237546	0.275511476770503	0.775905656549829	0.618750409978141	0.722206919169351	-0.298753516191337	0.737728720831111	0.659812092453143	-0.0420861895609353	0.641861880703867	0.741739251883143	0.716928442730311	0.879900325337943	0.896014483551035	0.73600367122868	0.827447705365306
CD226	0.215386240363015	0.323281691133709	0.228014227696872	0.667344424371994	-0.15427516682518	0.338548532550015	0.251846508022036	0.346402435122076	0.558480632622998	0.561370370459228	-0.106901466833362	0.251712626582801	-0.540989533042353	0.369298674679821	0.428982467630307	0.196068409896271	0.597414250267139	0.514568552247348	0.473917679082644	0.777107953704867	0.177229819490285	0.726195889610699	0.409982971322268	0.787756957638392	0.648338458103973	0.53298886679076	0.719536561223552	0.747531767061081	-0.500018356852093	0.760767165316365	-0.412972603945343	1	-0.603519529178319	-0.476153204576893	0.182244315945222	-0.406416130722061	-0.431566941993175	0.0747429300606974	0.442929754942129	-0.283354973092918	-0.270970933515671	0.307330867972879	0.725856731059853	0.371760357204423	0.0961180846036751	0.468681429228466	-0.128014195494537	0.481985211338228	-0.539977630484858	-0.18243204542661	-0.627269679321931	-0.375436566633613	-0.516852417597324	0.882712317016634	-0.115147938688254	-0.472014516076563	0.661976928647147	-0.265441174107876	-0.311114097676131	-0.503344664531696	-0.583270905902696	-0.574150313573628	-0.291099198334674	-0.507013664702115
NOTCH2	-0.638010874572251	-0.618086153257611	-0.486049813603087	-0.805176374292672	-0.34173960597168	-0.732590416139705	-0.508559681715811	-0.711329037861394	-0.853283050138961	-0.519046876791212	-0.430190923370406	-0.653243700173267	0.147399925006966	-0.412398758510888	-0.722070136983159	-0.701400271883586	-0.784573133076835	-0.75446458682519	-0.746543732827144	-0.721683623135939	-0.675300386806852	-0.686417612778527	-0.668920962859346	-0.504949724905548	-0.346768028384887	-0.600661737890846	-0.577607713243556	-0.715522091223835	0.811617513344255	-0.47575061227309	0.72712203316198	-0.603519529178319	1	0.88968606535913	-0.640885757277575	0.930845926384208	0.735785444928209	-0.547615021632989	-0.555484436423207	0.730384529078759	-0.253361064788527	-0.547760152919718	-0.430569349901218	-0.500830911022349	-0.584592659513023	0.171565812165394	0.108618388773057	-0.0210891617413767	0.876508942595741	0.605374959809916	0.887268610307198	0.771142524160217	0.952361556972529	-0.472950317193228	0.655063019663475	0.823867548148707	-0.302042701664586	0.821017662210596	0.772317678367754	0.861730066444714	0.933991373028615	0.942876821999931	0.816423651291929	0.909896777336393
