""	C3AR1	CD81	CD33	SORL1	CD4	HAVCR2	ITGB2	PTPRC	AXL	TREM2	ITGAX	TLR4	ITGB1	TLR1	TLR6	CCR1	PILRA	TFRC	ITGAM	LRP1	LAIR1	HLA.DPB1	CXCR4	PTGER4	RHBDF2	VSIR	TNFRSF1A	TNFRSF1B	PLXDC2	MERTK	ENG	SORT1	C5AR2	C5AR1	FPR1	P2RY12	LILRB1	ITGB5	TSPAN14	CD74	UNC5B	ADRB2	SLC1A5	ADORA3	LPP	TMIGD3	CD63	MRC2	TLR2	IL18BP	RIPK1	C1QBP	TLR7	STAB1	CD46	CD180	IL6R	CD47	KCNQ1	ADCY7	TNFRSF13C	KCNQ3	ABCA1	PLXNB2	APLP2	CANX	ITGAV	CD69	SIRPA	GPNMB	SIGIRR	SCARB1	TNFRSF12A	ALOX5	RYR1	LAMP1	PECAM1	NRP2	TREM1	RXRA	TNFRSF10B	TNFRSF14	CD9	TRPM2	NCSTN	RACK1	NOTCH2	STX4	MCFD2	ATP5F1B	TNFRSF21	SMAP1	PTPRA	LRP10	RPSA
C3AR1	1	0.859539537584716	0.78264798292143	0.733231628180407	0.830281529813431	0.910091551706081	0.8402917009466	0.809128469297203	0.798495758631809	0.829468455440908	0.759291315885877	0.516899863852062	0.80128587256243	0.659579044414371	0.409508321230263	0.900220034514996	0.845942684956244	0.794136910636271	0.599704184314353	0.815445979383308	0.854076268872445	0.71890796619976	0.764166707976322	0.781360104328669	0.803240890921364	0.800545176216623	0.851706508828693	0.906355498302777	0.80919975096075	0.64825784071196	0.763381023778705	0.767992078731372	0.745145569631636	0.857334740290793	0.931933409973034	0.675519529142839	0.803357298340312	0.62617148022861	0.780799578423141	0.821757761984382	0.815003825209334	0.183984431243912	0.894948183932739	0.813803836765815	0.762855393468554	0.883954223713973	0.760564283838135	0.563309440995726	0.811954706844739	0.810553294816824	0.766678691312011	0.817872827085932	0.683373293522025	0.521348206009199	0.705390132549137	0.649650494759852	0.816866295883794	0.75041809054508	0.756557219832907	0.557908723202672	0.631269099699308	0.639056892284327	0.856428347031072	0.703277143879822	0.838586458133771	0.809055152111519	0.726157547422721	0.763044601024683	0.819268211500683	0.39540926911512	0.757610231823625	0.673233321014544	0.87170317344319	0.764344768320723	0.675496802908635	0.809712891989709	0.736733131895666	0.730488002409587	0.749219013193486	0.764015523094405	0.586763068138764	0.781332883296028	0.508112072001199	0.754743845769268	0.646503802056021	0.83131828031251	0.532482838813545	0.890884026325484	0.786200170001907	0.814487810483147	0.460994998255492	0.840678043276129	0.583508699432347	0.833079859594749	0.82218854095827
CD81	0.859539537584716	1	0.895809147571955	0.695998879656572	0.798678742155919	0.898967628884534	0.950455280351134	0.741831669504491	0.873419826561363	0.972547030877635	0.746293960378478	0.47063674650119	0.91394836143288	0.603589169342693	0.360618108545555	0.848411097626446	0.889901058312716	0.619346080330888	0.569913139795088	0.808159165837355	0.889612955857497	0.760169398047	0.622470410846151	0.607949797392544	0.678158214741476	0.827957044616052	0.837211336075698	0.775756871413718	0.831607921458504	0.569544587387098	0.802802379448103	0.776096345391185	0.560125457414839	0.657751832090134	0.863329185385908	0.631494545756866	0.731125919653166	0.606166484123667	0.70236174449255	0.858693829813947	0.742355282786209	0.280664188103977	0.871254351791253	0.868780225361126	0.738357340414703	0.892516548647013	0.936865411251836	0.593309213033697	0.702817942476705	0.822129632446877	0.649368987619586	0.932393498063798	0.663909414975549	0.528149056326753	0.773102789460857	0.78355542518114	0.666230191008038	0.804238781060538	0.725050323501564	0.481899706047179	0.572006827673969	0.567091288518097	0.736066864660609	0.735831115073912	0.858119081711333	0.879466396192047	0.73221826317945	0.514955842730647	0.888544823957571	0.600861876460111	0.780073337146607	0.71076938141665	0.765501937053675	0.77688082918489	0.569315977842536	0.931855168082548	0.815660938934398	0.580483860199743	0.53306314232963	0.736867718701305	0.373325754330671	0.896433890686015	0.700310646555667	0.670163685499125	0.719288068051124	0.925959313585523	0.534371717915177	0.817266280505705	0.901846666172301	0.940454081757946	0.406179743145748	0.889835492914505	0.680392647131317	0.923674675542942	0.922705267764187
CD33	0.78264798292143	0.895809147571955	1	0.676342760491447	0.822181049337189	0.810632406951321	0.838944193117617	0.694359059717179	0.847757891939855	0.829227381443049	0.546166835460682	0.505890054621936	0.78396422687142	0.643778883309592	0.412253541910458	0.796643419298063	0.89425496533318	0.441761838928769	0.648349665787785	0.729775084695926	0.861244507375879	0.835147728745443	0.505795737440239	0.492242785963798	0.60281389164653	0.865922379135113	0.842296802540106	0.70044450600032	0.695130181830113	0.492662222506444	0.756159610369023	0.657069161040172	0.42000896561781	0.520062658555358	0.781215496348119	0.710928039281736	0.697001031915912	0.575180060324006	0.605912200995796	0.890148650730849	0.687209228823051	0.253858197519653	0.794035425354666	0.866693863595601	0.66471057713511	0.881539969541068	0.765928172760582	0.496799358381791	0.639027562075166	0.747288782321735	0.608673140367152	0.905044133401167	0.611270843987356	0.583967741648177	0.677623236199421	0.728035137417857	0.533024932303948	0.777488816433022	0.785595952770282	0.485087116414635	0.691696323056033	0.540113276350431	0.630925114761543	0.722433759608188	0.724424574574124	0.752994439286582	0.593481251308809	0.421147444598909	0.74635074174767	0.36657132281836	0.747386870664651	0.628471933930281	0.688351584509927	0.727207073423556	0.543624488065326	0.825812448385117	0.707309499004409	0.390384155858192	0.389403151571309	0.681750836303543	0.349591393430699	0.856944262380778	0.457619162943223	0.58247198190014	0.604210761776368	0.93052670903398	0.449655208804005	0.68043693165026	0.822295389366073	0.879932168629129	0.404458618982367	0.814402083369609	0.574718238325251	0.782632271901966	0.915526558972853
SORL1	0.733231628180407	0.695998879656572	0.676342760491447	1	0.852109796836391	0.825882810713008	0.741068903835287	0.911121208133376	0.669571172919116	0.658691953225336	0.702096500678977	0.767614291431053	0.748832776952168	0.734828798767208	0.736122898650462	0.752910717213638	0.70473143172382	0.600622931883601	0.784386025574696	0.885480897559633	0.78780680382632	0.555744750209753	0.457558114905611	0.571798206647756	0.850751480153084	0.703196687679246	0.751046176442305	0.829489198046876	0.848170734786615	0.783836075977098	0.702123964974496	0.837824565109849	0.642194926569061	0.640906808701663	0.774611945530271	0.880542685853101	0.76766601518337	0.662914890676514	0.830934643086802	0.704924526799477	0.790802629066982	0.340787779846506	0.739162642702305	0.841597223798481	0.862477600285788	0.772437695814671	0.558711944916901	0.723722353856437	0.768835730970368	0.738693738531506	0.769449001279902	0.68630383191843	0.758296301080061	0.454143058844939	0.766822553856471	0.528480901697133	0.752639193103834	0.669937474713233	0.705245303796066	0.770131071762757	0.728912553325942	0.840704805489636	0.716106728935654	0.758624833855185	0.818083711750379	0.768960003638885	0.759617108369463	0.55599361015874	0.74582832487534	0.228717711211505	0.658797903949916	0.722442859326911	0.641840089586621	0.809087273508467	0.766494423308568	0.737456325898551	0.659436850925522	0.577776812010197	0.5080478641498	0.760754595616777	0.544661627335614	0.668704549286056	0.349475798036754	0.761334683697191	0.69666345277445	0.676102142336162	0.598101895748266	0.692977364900913	0.676573976361644	0.680707747224554	0.475789854293869	0.747757995023354	0.689325109503941	0.74916448358124	0.68866745628491
CD4	0.830281529813431	0.798678742155919	0.822181049337189	0.852109796836391	1	0.882553240944598	0.808711511182736	0.859431923677077	0.780324173918141	0.720357939351334	0.640920334293189	0.675090608114338	0.750239311142741	0.685428232671198	0.558868486597607	0.832992780385774	0.835370123884725	0.622284056220337	0.72997043940834	0.834754041835087	0.854220206868728	0.751759242761133	0.561028332847944	0.657623863450048	0.811553807006156	0.865618740303093	0.854242806722772	0.860322635421617	0.787654717463469	0.675646210187369	0.742836003917327	0.786019490973974	0.633675807305322	0.699142776112196	0.838386951476348	0.841196296108024	0.83165576641677	0.63062647658809	0.787633124920826	0.871363038970679	0.851036883013542	0.350821637139863	0.80430332116441	0.880829604145106	0.802312287878609	0.856807245939223	0.61747675935675	0.609586780999344	0.822327544119053	0.782127957880611	0.712554564185488	0.796231939864045	0.735862526777257	0.59309238711047	0.752621902894893	0.56370837013522	0.716761588488231	0.78465086070262	0.807473345652271	0.710189031387108	0.764930843721244	0.764332166283186	0.755371749745219	0.729727947633134	0.800275832850191	0.776603310886284	0.714164189553908	0.610279116408363	0.720853398518144	0.194685338855768	0.774908903417825	0.719580835351425	0.723428019645148	0.842328119424147	0.73845799893989	0.772960578320596	0.697663104355426	0.558642287695243	0.59341245861886	0.785403158673636	0.556883001942506	0.771199314630959	0.309464631904794	0.773279868996315	0.672364879460856	0.824387130807975	0.544378593755454	0.76040730705203	0.739783712696416	0.781209688265937	0.509345116292046	0.818344741482515	0.645911939660584	0.775660028954402	0.833026833719327
HAVCR2	0.910091551706081	0.898967628884534	0.810632406951321	0.825882810713008	0.882553240944598	1	0.906375323895015	0.895468117220944	0.806937013824969	0.881409539258435	0.844959727139013	0.637165925471216	0.882195221504671	0.692295323449275	0.519722575062924	0.886034522879056	0.831919556654651	0.775379426502091	0.656909435538581	0.884067496648269	0.88629610116748	0.708039192085601	0.685931738566519	0.777803860814318	0.868443888685413	0.801810286578631	0.858078609457881	0.909952258572747	0.914876360574662	0.75167867428201	0.805442972533077	0.8600591828583	0.752691451873101	0.80589808292218	0.934390562759777	0.725188366390195	0.841858251820163	0.655807011910872	0.845051328814056	0.839888167372715	0.879795742895924	0.311143659760286	0.873670803890607	0.902069531052801	0.866882570714027	0.875468773138774	0.802277329143738	0.729844212630353	0.856099479695116	0.828868841264969	0.78719535664202	0.828349125783055	0.758861417835911	0.518806042938055	0.853341319704278	0.663650464327457	0.841905233596124	0.821380685967098	0.755619352379411	0.632809744106461	0.64198113776092	0.765093503000831	0.839385924632171	0.725850537786747	0.908551758737487	0.885686138368244	0.821983359343437	0.698809936721127	0.876489997004303	0.46202225697587	0.815239231787288	0.776830025611309	0.821600601277351	0.849274653963905	0.748560622832383	0.864253865405642	0.801960482010604	0.707568841477717	0.692724239701745	0.782239813638181	0.605949113811529	0.840110213390898	0.578149046808145	0.820233515001192	0.740298355003901	0.831739573376128	0.567949658385263	0.889565682690546	0.813131558680209	0.84340572983081	0.457495719707679	0.871578901053396	0.703152242665099	0.891959481608522	0.840787083053125
ITGB2	0.8402917009466	0.950455280351134	0.838944193117617	0.741068903835287	0.808711511182736	0.906375323895015	1	0.806938408163332	0.891253820155645	0.943544443852811	0.822052565092997	0.531178520324219	0.941449319385145	0.625607838020256	0.430848653907716	0.846372243128398	0.82096691976245	0.674052021742454	0.606580990447584	0.841397036973634	0.874998559402373	0.737393300407786	0.623320043186911	0.667362715235252	0.747940109145642	0.756690801794791	0.793311322338289	0.819542930198292	0.900974899318664	0.6708528868158	0.832098456383824	0.814595131910228	0.632437068068815	0.707614949821244	0.858136937231831	0.628385927202657	0.788572942471802	0.673222704346093	0.764572832056122	0.844031741171298	0.773314620834552	0.248088540540189	0.873034088823697	0.851503818250764	0.8025562236436	0.82950549119758	0.92412238378789	0.68514109118226	0.757745917713568	0.803792977359578	0.672403701408582	0.861740176206345	0.700021194729853	0.609939411313387	0.800766227739282	0.753498654522437	0.736020705632785	0.778194689778546	0.666786267952585	0.561010126642268	0.557676460636652	0.660162482066232	0.78036841521552	0.744457770044847	0.902874790397919	0.928008372947426	0.788121446403532	0.544384196007945	0.920085814133597	0.599939612379358	0.768939601248688	0.738490583674387	0.748276085885016	0.813285393997964	0.595805154418782	0.906918445387967	0.843362491206416	0.627348575629192	0.59231328748943	0.737694142797311	0.440536724494625	0.884536099822892	0.735556424070604	0.74075558800827	0.76761677575936	0.84177928870291	0.568351654857247	0.836995122185946	0.876401078635154	0.878853618969019	0.436257759750937	0.855132413733724	0.689618724633339	0.92678975805893	0.847443341493366
PTPRC	0.809128469297203	0.741831669504491	0.694359059717179	0.911121208133376	0.859431923677077	0.895468117220944	0.806938408163332	1	0.745527152551878	0.711779811588079	0.797302882079289	0.761089802319374	0.816672601461545	0.786182029045884	0.697298900653285	0.80002179452252	0.731964270159175	0.711074086203076	0.761319250682966	0.866318523059752	0.829026685128364	0.665110693798711	0.582974756662635	0.733508225332573	0.89755609567052	0.708651490901315	0.750741858146199	0.906559023102466	0.907587563426363	0.856161942581789	0.731763408620135	0.859414372817487	0.744977366535347	0.751465095766421	0.85091809171968	0.790101467033038	0.862451682302789	0.682057947793956	0.862821645310872	0.787661193403418	0.849405140643358	0.333055337510155	0.773758965938187	0.847163818320213	0.902151665549959	0.775331108887291	0.631470640256369	0.790994663151129	0.880206534781615	0.764041713081686	0.805473979398951	0.692745098644117	0.789371632903383	0.542914614644958	0.838148293311756	0.55865613544088	0.815082916465454	0.72801461021676	0.70585377050056	0.763190693401955	0.710983116021662	0.846662880299127	0.804072865565962	0.704568670720515	0.878380310466126	0.838302206361837	0.809905622505596	0.658611740424634	0.793072415965879	0.321289333872093	0.758032983040375	0.739668461411741	0.735630852620436	0.864696647947604	0.802845625794438	0.739991714998016	0.720783998138383	0.639283454357251	0.663601568162173	0.750377453248922	0.64954957049878	0.735878588198782	0.442894003656685	0.850601901934018	0.754378977232668	0.691602370283288	0.592839340964972	0.799943616171207	0.687065527863294	0.706842440897045	0.473907045202949	0.784711580219626	0.699880183170468	0.784396761466759	0.712732325999545
AXL	0.798495758631809	0.873419826561363	0.847757891939855	0.669571172919116	0.780324173918141	0.806937013824969	0.891253820155645	0.745527152551878	1	0.82800494822363	0.653883491647719	0.501589845970303	0.85511747039791	0.626758973446565	0.407770259442065	0.828329795051337	0.822811401785944	0.579229729645034	0.60415744010737	0.784443682898762	0.84502154555407	0.866162003114553	0.63922520277271	0.613946395209098	0.670203497377425	0.768125733410305	0.779536438193849	0.772835137111553	0.780050478611677	0.600045027782785	0.793962046438684	0.71411095808224	0.578448069629076	0.641305796925955	0.783352314996765	0.573562522295687	0.760487535837059	0.66399062118724	0.68807171268644	0.898941130271434	0.738709688609532	0.184299259517572	0.808353499381753	0.801111705877883	0.725784749867028	0.770133898500438	0.81650565754185	0.539174017017973	0.732473566025336	0.779324217849674	0.633424971516186	0.847197259308863	0.65923500567194	0.775845033128523	0.711323276328304	0.786660057791275	0.621407202349957	0.738683536055591	0.694362348915601	0.525868012159851	0.557697511384109	0.571720308766491	0.782411555173364	0.695847112853378	0.813476006934531	0.851250912787709	0.703803918383593	0.504143772362128	0.827940981185577	0.514315934153785	0.733984064991431	0.67739431734851	0.65590135741841	0.782619986690603	0.570331202944245	0.824286343955552	0.827562642841311	0.535107643495987	0.524953250035873	0.735842100529233	0.415352340698355	0.877855246249864	0.608222189336796	0.69578423934072	0.676779930645577	0.854088105797188	0.599508809515992	0.76422300362286	0.823323106676084	0.864187005368676	0.522954811692048	0.832098805641435	0.616186880417721	0.804735148112042	0.846172421096702
TREM2	0.829468455440908	0.972547030877635	0.829227381443049	0.658691953225336	0.720357939351334	0.881409539258435	0.943544443852811	0.711779811588079	0.82800494822363	1	0.805401732179778	0.438010913456156	0.921407028375055	0.567784193109428	0.350904902026515	0.815320518838758	0.828719599644675	0.649059535384884	0.503554657225847	0.781927983232841	0.846056080225767	0.656477558469215	0.613597682765003	0.611393763456975	0.669298129312647	0.724181014408294	0.763296005383007	0.739643325866163	0.859725278906723	0.594810103716581	0.765339686896963	0.766345349042394	0.566113936013564	0.657290083162652	0.839847533657278	0.558178804362254	0.683199296212848	0.582684024021356	0.692730197093814	0.765116123440583	0.691886165040761	0.271826779353765	0.860367834676237	0.818409890271982	0.720567217119117	0.83928114837537	0.968241136852205	0.634238782859764	0.658087348052842	0.786147236496203	0.629239569214456	0.864756762317247	0.637172843417358	0.445930684403787	0.758262758408221	0.767680609893245	0.699226791613377	0.736273761512608	0.656894730321059	0.425234519696058	0.487627801057613	0.546156836500437	0.728117118135045	0.706921027964787	0.85839627114849	0.870562837281789	0.725998020815813	0.505459848845111	0.917779242811788	0.695344325844128	0.713391491346549	0.69704403757288	0.754391888723928	0.726496461809802	0.526291515214965	0.927276146116969	0.807096092257264	0.608515094666639	0.527099507721329	0.680692038323424	0.35268204049685	0.85840060593047	0.791120503827466	0.641801510689114	0.71259964522249	0.847602232363446	0.494599208101921	0.813654991711786	0.877255340755577	0.883968572700156	0.325596013993736	0.833662147996011	0.639425554728252	0.926951026122615	0.840751321133545
ITGAX	0.759291315885877	0.746293960378478	0.546166835460682	0.702096500678977	0.640920334293189	0.844959727139013	0.822052565092997	0.797302882079289	0.653883491647719	0.805401732179778	1	0.546682614977569	0.857047744902677	0.529184622601353	0.486474069015822	0.719369381191869	0.585278858344314	0.809577672387684	0.474463421829566	0.76097468655256	0.691244570481903	0.441416041242953	0.621164391817431	0.744536301059188	0.813235732654698	0.498492411991935	0.595575275402535	0.810485159019611	0.919779758601553	0.798306048194353	0.697905093953354	0.815834107440205	0.784307589190654	0.796521281810466	0.80579287184776	0.479107366684775	0.748381454960873	0.597522520653203	0.771996646397646	0.589157698750516	0.739699206213389	0.230402415587462	0.758661976848929	0.677439093349797	0.789297758478986	0.641948782003509	0.783501532926207	0.782744220395751	0.757186626207995	0.690594580241425	0.72822500681353	0.601151047963326	0.618036204601465	0.351236441701125	0.787044776815448	0.55485860442311	0.850303349225592	0.633788581750295	0.499473227172197	0.500507053257312	0.38492437044101	0.685588353966413	0.755298298706663	0.574246437368419	0.891337162380634	0.855517330217076	0.809456469566943	0.646548237582815	0.86042887302109	0.582449179382727	0.604385238193326	0.668132014335294	0.732680720358176	0.727519750872206	0.626240097400607	0.749251131175737	0.735608752995886	0.73198185987678	0.697651201187462	0.652421608372107	0.568759569590023	0.667648353698024	0.766409004792079	0.744521935755357	0.692022965481378	0.560405076794998	0.561177417204685	0.861153318328432	0.685257085898254	0.663878916927038	0.341636488613366	0.726754979970578	0.645338910187607	0.819834768562269	0.579533554093781
TLR4	0.516899863852062	0.47063674650119	0.505890054621936	0.767614291431053	0.675090608114338	0.637165925471216	0.531178520324219	0.761089802319374	0.501589845970303	0.438010913456156	0.546682614977569	1	0.549084353836491	0.636707904798774	0.74168027332962	0.554984872391771	0.512298000213063	0.411722737354837	0.695541309349788	0.674127242117014	0.559535729915252	0.428813589849697	0.296454649633955	0.455142739844198	0.677691154815201	0.52681429405243	0.531774665783399	0.661235730405128	0.650246456797646	0.72810014569457	0.527517951238931	0.653729402554276	0.53115581155472	0.463572431237369	0.564893066929985	0.690354080819111	0.600795972713428	0.531032734973191	0.64890136339148	0.537040020305337	0.605678744875768	0.428023613422876	0.529857856038955	0.639917369674437	0.700929067538998	0.542980923469539	0.358630722597983	0.624242989214599	0.650815769394051	0.550343283162166	0.653031148289887	0.48147673510342	0.567279209254204	0.389907370405958	0.6417704619709	0.394650644464605	0.599937701263853	0.52913495289022	0.555982516914423	0.598537794567281	0.627748037084428	0.711555437515855	0.53441060991593	0.530974753913498	0.614008164107775	0.569780165601778	0.534640190463929	0.393238969475996	0.532117395588491	0.109866351208088	0.534150215358539	0.549758552649747	0.460315593736011	0.663469347584825	0.705717759821735	0.519691740988263	0.498864762971582	0.382156102623386	0.379996929793562	0.603019786455072	0.474511194065859	0.500636346436232	0.202605096169683	0.656816848423121	0.56067847789819	0.478144295944034	0.446291861086381	0.532035172358731	0.49384805118554	0.4824634877301	0.360280547422046	0.545338222974019	0.537521018570173	0.526639753794257	0.490244798347388
ITGB1	0.80128587256243	0.91394836143288	0.78396422687142	0.748832776952168	0.750239311142741	0.882195221504671	0.941449319385145	0.816672601461545	0.85511747039791	0.921407028375055	0.857047744902677	0.549084353836491	1	0.63487052308115	0.472335656643217	0.807941562098437	0.770895089979966	0.670157336602588	0.59775394494405	0.83986823907868	0.84865268881507	0.694756906455357	0.578131127550296	0.655352847075632	0.743328462817629	0.666440161350056	0.727534993165023	0.792581864321467	0.923602737226456	0.716727118375624	0.794553976780525	0.855126315543296	0.649168717576801	0.689310896788534	0.836373047515765	0.59419131900608	0.778222340223268	0.667022937681713	0.756883643951669	0.794543326050912	0.762653638127935	0.257151760166734	0.835571397329328	0.811420261704227	0.815333427751224	0.786674415705725	0.920678001947038	0.735436077208622	0.744436559431033	0.791942652378369	0.723098291284645	0.845447168856229	0.667712733727141	0.553289489892844	0.851931451145299	0.750438062515645	0.731740328264096	0.778681990097198	0.627472815651013	0.549567566761486	0.526592174134242	0.652810713628938	0.776106921766004	0.69590697615504	0.933672908957311	0.952829973444864	0.854750756127568	0.517192638650592	0.923592191288271	0.652136617092841	0.738191460234406	0.741959910603384	0.74033105325351	0.79937755942433	0.614391343983046	0.888675843215888	0.842170236148478	0.638924275357173	0.557529659458869	0.759009533954666	0.451311275054754	0.844106903735014	0.807894737204261	0.719867627063536	0.760370321999507	0.808636619372016	0.656452056325165	0.848387691360062	0.873844178720521	0.882145060290389	0.471177734065956	0.879851660635428	0.777424920034372	0.926263391543158	0.823988737547112
TLR1	0.659579044414371	0.603589169342693	0.643778883309592	0.734828798767208	0.685428232671198	0.692295323449275	0.625607838020256	0.786182029045884	0.626758973446565	0.567784193109428	0.529184622601353	0.636707904798774	0.63487052308115	1	0.616582896983929	0.663642286476894	0.640312403167979	0.461705875825015	0.69542794330443	0.673976800938386	0.719168513216616	0.576456440800201	0.425455888816682	0.517833292669069	0.696605975453034	0.60410350242662	0.664739555192896	0.705228087615356	0.685051113755282	0.663345233697351	0.574917719257665	0.670474454427635	0.495401532228059	0.516025494145271	0.649779047449248	0.730250219555373	0.662347196328069	0.544204404761398	0.681166527390851	0.650246328278936	0.637667385107788	0.274027000765537	0.635460210705418	0.697971962122115	0.696227447826471	0.694806700723666	0.497065667917868	0.597868864898233	0.678248447471427	0.602782477217869	0.699253640872924	0.612524920563588	0.615711202048214	0.450165523854578	0.597501907772251	0.491964476769307	0.589092858056249	0.585988397276674	0.627797348755199	0.648718171600275	0.67797588748004	0.627816625662981	0.629517307295913	0.631782922384555	0.6752607546328	0.624561149499991	0.61361956133903	0.500096031381217	0.617408002703278	0.244364181084207	0.593652283055869	0.521060793895738	0.629638397888693	0.632195299412143	0.676091511226721	0.615685009791405	0.534065983098732	0.450210327311515	0.448548865145181	0.574086434013495	0.461930295253086	0.596893906125783	0.305732498543426	0.6349397148512	0.605040158074852	0.609257512874504	0.411372762002732	0.587678816512907	0.574686367560706	0.579942840191212	0.400260005311859	0.611815327745942	0.51001933280672	0.607401187781271	0.612546859205515
TLR6	0.409508321230263	0.360618108545555	0.412253541910458	0.736122898650462	0.558868486597607	0.519722575062924	0.430848653907716	0.697298900653285	0.407770259442065	0.350904902026515	0.486474069015822	0.74168027332962	0.472335656643217	0.616582896983929	1	0.449271221471808	0.401455837270833	0.332607287231384	0.626425234806185	0.580867067303267	0.506820374793536	0.319892090786442	0.209025492896821	0.337522434073353	0.629593804335334	0.416083347467458	0.44765586623967	0.556620269199043	0.603854969347061	0.682406513380241	0.416271142822906	0.587797917356893	0.447308981252586	0.365798851585522	0.462697846263014	0.66839001143612	0.512404013767753	0.466274624550602	0.562589314387554	0.418744021081595	0.503838256206911	0.30949163105647	0.429288006762122	0.548737016588455	0.658002721242537	0.458829382448817	0.261632430027356	0.564467327144801	0.558925369879078	0.460490910366033	0.574542985805322	0.365910467884855	0.559330218714915	0.287315608919469	0.545895236071783	0.30845310159161	0.528904063182423	0.424117512502505	0.455197837014587	0.607662552382827	0.565311636693027	0.627723423749224	0.432446663928874	0.507387656255917	0.557139117005337	0.480308805875053	0.508067205998457	0.34218620553527	0.479436722451049	0.0865275043268419	0.438488988068552	0.460794092452199	0.365645141676976	0.560757078547906	0.594620007589539	0.426474918465806	0.409758340512918	0.320240859763585	0.272632124553101	0.484344294514219	0.377397458733055	0.412939299421736	0.160514939400154	0.548563100812371	0.496472399527831	0.353013116457786	0.372452961872514	0.392005159910653	0.361298108813416	0.34632530211815	0.316442084552975	0.438953444136956	0.455490621329495	0.430883456238496	0.362397614609406
CCR1	0.900220034514996	0.848411097626446	0.796643419298063	0.752910717213638	0.832992780385774	0.886034522879056	0.846372243128398	0.80002179452252	0.828329795051337	0.815320518838758	0.719369381191869	0.554984872391771	0.807941562098437	0.663642286476894	0.449271221471808	1	0.819764637345056	0.715125556079756	0.645222598163093	0.843265674546973	0.858241666488293	0.72753535456701	0.693496307698108	0.713100638477624	0.785440225011666	0.791631012838926	0.836518148910385	0.867589135788963	0.796258318581358	0.669720280643907	0.763316767981684	0.766071144698929	0.680549074950892	0.771913508824899	0.875046133489944	0.691064194947747	0.780436576305023	0.629194975031132	0.778949404242534	0.828595738591236	0.791523699020283	0.243578420447733	0.872202533453567	0.836177581303613	0.746910398612836	0.842105406965353	0.753490295992275	0.571200019123761	0.788994780132027	0.79952909579256	0.705009337997166	0.821244920746676	0.665490406197025	0.58965743459999	0.741588130260073	0.674763667299243	0.777728031314603	0.753950485808953	0.76436547459604	0.556314730602574	0.642847431700375	0.66599305837532	0.832709746405369	0.744388235423013	0.831144084116158	0.810536264387224	0.736307106372318	0.664301064064652	0.816757841078835	0.451092585046153	0.754333674318397	0.694840523915455	0.787995869000381	0.786662951982706	0.682374465628026	0.844938684473915	0.797761630268882	0.678188853755691	0.639664273276452	0.743637729953114	0.566780216655324	0.814821714653445	0.507574553284489	0.72278525419719	0.651932651942099	0.830229916081633	0.544265877671265	0.819058671117123	0.793933466238303	0.811512221242951	0.461841015410292	0.826170000386495	0.608127106084442	0.81033113485376	0.816185356908667
PILRA	0.845942684956244	0.889901058312716	0.89425496533318	0.70473143172382	0.835370123884725	0.831919556654651	0.82096691976245	0.731964270159175	0.822811401785944	0.828719599644675	0.585278858344314	0.512298000213063	0.770895089979966	0.640312403167979	0.401455837270833	0.819764637345056	1	0.544503327266961	0.662952144645214	0.775131325306106	0.861756725114303	0.766052591676097	0.614620204541897	0.576065080629989	0.656559800914598	0.888153175393363	0.846612701002793	0.757293201223972	0.714767559830939	0.544919416992081	0.697136123796713	0.688278335133377	0.486689518240674	0.623677724349282	0.817876059275834	0.717270487407659	0.686091014402073	0.584329262358339	0.660723408531449	0.847073645064322	0.716051595554789	0.259721352156377	0.833347285335666	0.855527570610498	0.67560067106562	0.894196185658513	0.751216006816185	0.483730557269682	0.668334125771049	0.776053848711488	0.658447069685085	0.883066883245317	0.660838338538188	0.51065544236865	0.651334972337967	0.695366109782105	0.601867201602225	0.734497558819421	0.841619298415626	0.513458169467561	0.693096870284999	0.551390033130705	0.706001732213357	0.734386545922203	0.74508265909146	0.736689965661428	0.584794535203683	0.526576430644202	0.753718849087638	0.367363485100316	0.752469099552332	0.605898312356813	0.709912650938586	0.727855731328277	0.605900647184465	0.837930592412862	0.693333039615175	0.502290908398707	0.508849894442933	0.72279718594003	0.381664746182282	0.830789901460359	0.434751007781155	0.62670579486956	0.624958856938677	0.908784856356417	0.467416230181866	0.739118744772093	0.788263637749779	0.858876508186456	0.410952430086261	0.81714685860342	0.575097330130949	0.803349207360175	0.885571875379855
TFRC	0.794136910636271	0.619346080330888	0.441761838928769	0.600622931883601	0.622284056220337	0.775379426502091	0.674052021742454	0.711074086203076	0.579229729645034	0.649059535384884	0.809577672387684	0.411722737354837	0.670157336602588	0.461705875825015	0.332607287231384	0.715125556079756	0.544503327266961	1	0.416798320471481	0.713483079389428	0.619055385000374	0.395095240647366	0.819208957737571	0.861716067646607	0.814727496532529	0.510341971871434	0.595061968225602	0.827967179141338	0.778946301088294	0.728051000402949	0.586600789629956	0.711635066556162	0.84435964004297	0.927074335916451	0.823831483696928	0.428222587810872	0.722307503218552	0.561274495071651	0.774939559632528	0.530008073285866	0.750447680230891	0.179459567321343	0.747322388134719	0.606003654585944	0.714108922899906	0.598286455224504	0.604941031370519	0.59876302174186	0.774900219317013	0.6059414047786	0.678325509335993	0.515437976524582	0.569652674182897	0.319267897028857	0.653169888079428	0.378971382264942	0.861455228652923	0.549137917625362	0.52885791978861	0.458212869685581	0.405319795233832	0.631098550401451	0.820085501074241	0.511323326184148	0.775966107897406	0.717721826959148	0.713321973616296	0.839492028004143	0.708911267692468	0.399452932470285	0.582464647533765	0.633040683596279	0.722448585647935	0.635059656308488	0.600225792089804	0.630332000564662	0.644756589523834	0.809975044545991	0.861653256294459	0.646436547842833	0.718006224698274	0.563520071971622	0.530047047109697	0.726880781703613	0.587960867712575	0.502508381925357	0.546240328738687	0.858805437624972	0.590881542821254	0.553735880491789	0.399990330751076	0.663994903545381	0.562772251068387	0.687290718240613	0.509933851821315
ITGAM	0.599704184314353	0.569913139795088	0.648349665787785	0.784386025574696	0.72997043940834	0.656909435538581	0.606580990447584	0.761319250682966	0.60415744010737	0.503554657225847	0.474463421829566	0.695541309349788	0.59775394494405	0.69542794330443	0.626425234806185	0.645222598163093	0.662952144645214	0.416798320471481	1	0.719573282412541	0.665100169930393	0.551536444811283	0.370142165372074	0.430165455082193	0.646594591729849	0.663747997755503	0.654542282524191	0.679876586381192	0.635305942771953	0.635917747908265	0.564055953295233	0.624996421272136	0.422712994491937	0.46807194691667	0.626090134029184	0.784463881213497	0.638134781374192	0.580449339881703	0.612781508203183	0.644458333065005	0.638853810109783	0.324388678545159	0.625831867273986	0.728423677814251	0.673355637740567	0.678362387206166	0.435334494587912	0.524753901212738	0.620902064089096	0.566836884902976	0.629619685082723	0.618738434618306	0.599559900876476	0.441451205209501	0.612166803460056	0.494657404130307	0.540279733236261	0.584774321962413	0.666978521342377	0.586121679930327	0.739571041713036	0.69006598805093	0.530168160939373	0.639759975556066	0.621541558217254	0.595746443269252	0.524003650447786	0.399816222011231	0.561582072627294	0.154743829097167	0.620632722758419	0.528624053180906	0.507910042702935	0.672515023501072	0.662373727816742	0.590079487584097	0.543340987051923	0.388535101985643	0.376552342429656	0.622941061429436	0.389354807396786	0.612384202787368	0.20738704256467	0.616256373684339	0.52667762582288	0.629153766466303	0.414238080094239	0.525730886794832	0.525607462412714	0.594179383992119	0.375115256325853	0.596425079201045	0.546682489554862	0.560706201896064	0.617929748176576
LRP1	0.815445979383308	0.808159165837355	0.729775084695926	0.885480897559633	0.834754041835087	0.884067496648269	0.841397036973634	0.866318523059752	0.784443682898762	0.781927983232841	0.76097468655256	0.674127242117014	0.83986823907868	0.673976800938386	0.580867067303267	0.843265674546973	0.775131325306106	0.713483079389428	0.719573282412541	1	0.815348522491813	0.621157478953429	0.619287803452484	0.677237356093984	0.82350751361607	0.720020650305642	0.791186636433006	0.856990148912079	0.876543797253745	0.778841241877544	0.75582559648626	0.881502008466193	0.689200192622084	0.737855201515267	0.827058895437157	0.740205284400013	0.752709479000628	0.68574016678602	0.853862524827971	0.748717539534737	0.831573862389954	0.281032424530259	0.834340566913874	0.846279424856563	0.866089624854805	0.783192640876335	0.72065789374431	0.696288350738593	0.782768646813452	0.770063555274277	0.740010582404013	0.796588864066628	0.736491461226238	0.537366508712886	0.818050957187043	0.613156214046754	0.797100825343201	0.751172413707036	0.727522082222812	0.64700133418423	0.639064876683774	0.768112326357502	0.848289297127188	0.757562545011567	0.888290838331537	0.867196957212073	0.811709540649016	0.616657159941879	0.837690168478639	0.418982519636358	0.731643654654677	0.753593275300748	0.681254595913442	0.803309761156932	0.73692425442086	0.858061412088985	0.791697523184857	0.694115988227098	0.58751522621414	0.808147918234179	0.557857969212196	0.78721172591572	0.529572686451117	0.783866652123546	0.75162649876422	0.785185969614499	0.716779840661569	0.811270742351502	0.807682355847746	0.805432660164074	0.596305727580591	0.851129658014828	0.783918685494656	0.839035235818037	0.789749495267748
LAIR1	0.854076268872445	0.889612955857497	0.861244507375879	0.78780680382632	0.854220206868728	0.88629610116748	0.874998559402373	0.829026685128364	0.84502154555407	0.846056080225767	0.691244570481903	0.559535729915252	0.84865268881507	0.719168513216616	0.506820374793536	0.858241666488293	0.861756725114303	0.619055385000374	0.665100169930393	0.815348522491813	1	0.769816943646552	0.646570797939519	0.669059887438358	0.761270271571565	0.84607953319431	0.834035394695455	0.824597826869372	0.821333368125966	0.644935110284036	0.744610463270251	0.776609118363077	0.60994537975396	0.691263653597894	0.871000839680629	0.750798814451519	0.787521613295254	0.654347485859195	0.756363501968771	0.865496047011123	0.783674115087027	0.267120323493494	0.837178763019903	0.88800892052038	0.767823733192457	0.879168359989023	0.781057164247517	0.634891036460184	0.774207402186726	0.807878405960972	0.691496590958839	0.856795254625647	0.742253371111578	0.554243695837383	0.765881323369853	0.720448910274448	0.697847193554164	0.774856437361527	0.771587718458535	0.635490725788954	0.7202038953057	0.685719519242815	0.766322548399801	0.759678373239049	0.834926268837816	0.820587194298109	0.731474524509685	0.618213688738021	0.819488385915729	0.459928523168097	0.766007032988339	0.696729585745804	0.747837159494641	0.794954548096786	0.660821899657229	0.837325928011623	0.769682430785544	0.576926575079481	0.581291068679588	0.752297522022249	0.506465829778133	0.841323206399801	0.53026964907059	0.722496976307117	0.689125999832958	0.862377585886447	0.541071599726676	0.785387750884847	0.816168772655203	0.846616008054037	0.464575323348663	0.846772039764105	0.663732885016178	0.845280973627412	0.857797411295552
HLA-DPB1	0.71890796619976	0.760169398047	0.835147728745443	0.555744750209753	0.751759242761133	0.708039192085601	0.737393300407786	0.665110693798711	0.866162003114553	0.656477558469215	0.441416041242953	0.428813589849697	0.694756906455357	0.576456440800201	0.319892090786442	0.72753535456701	0.766052591676097	0.395095240647366	0.551536444811283	0.621157478953429	0.769816943646552	1	0.494638766271035	0.517450623813356	0.537555429271462	0.767889245521869	0.752458609936173	0.679227336009063	0.582804413949025	0.410335054890867	0.730314198146456	0.561073961453238	0.445370710218531	0.49186519336539	0.69260175368322	0.54184207757129	0.71392987148103	0.509740147510137	0.529879258343437	0.962383306136518	0.661489604418974	0.112415354128751	0.639692650546793	0.734607871234242	0.601977154871377	0.735950386788612	0.62273685712385	0.38978354880758	0.686678284193757	0.700375368394213	0.546089652010649	0.805903472015663	0.584602852440031	0.792158758728754	0.612563819148285	0.690304851247085	0.440758847412487	0.763475648921759	0.66231762447721	0.495353162347402	0.581886220431148	0.490240551834906	0.638778366571945	0.579045572086122	0.654136801148919	0.702180388328341	0.579259807611649	0.400844126589203	0.618807416197946	0.252775713611689	0.739577170601971	0.578658545752029	0.639289027489854	0.741261040439975	0.538753318587451	0.63804214718063	0.652291952293283	0.319430478061628	0.426814685791631	0.632645191339887	0.411406901376793	0.803268352506001	0.343722969843388	0.585348995902637	0.528267294145196	0.851555206806183	0.480637348252656	0.621789606679942	0.706486040502418	0.799881359415417	0.481756231699839	0.766489067514211	0.51352414748306	0.641932191616986	0.86469640843057
CXCR4	0.764166707976322	0.622470410846151	0.505795737440239	0.457558114905611	0.561028332847944	0.685931738566519	0.623320043186911	0.582974756662635	0.63922520277271	0.613597682765003	0.621164391817431	0.296454649633955	0.578131127550296	0.425455888816682	0.209025492896821	0.693496307698108	0.614620204541897	0.819208957737571	0.370142165372074	0.619287803452484	0.646570797939519	0.494638766271035	1	0.827025582321718	0.681717262861723	0.628675612674485	0.623929393544453	0.765770664532752	0.6248003849775	0.589621384738529	0.543318930741633	0.542750617521507	0.764426838400028	0.871626012502521	0.804531586661513	0.348393611551488	0.623100906406436	0.542518380703497	0.674008024142122	0.572031565587365	0.661209317203462	0.139711777153646	0.73163058210797	0.610329353287288	0.550370527754752	0.618444639292797	0.56913401613328	0.40057739725478	0.68768207801838	0.573685781133333	0.582137146588482	0.561780386566029	0.505382550964437	0.360535722852364	0.51661682716731	0.431305393065318	0.711682250984841	0.515990983230361	0.603961632326799	0.34408595342836	0.46227775846364	0.477168042670681	0.753797955677546	0.51774569750831	0.647535378777173	0.606524311873492	0.548124481253067	0.87138978634107	0.633566481717352	0.34461811556054	0.544376938624624	0.529617847417176	0.636328688839314	0.542963175419053	0.509630660530943	0.60274463483362	0.593882126507434	0.691415880492196	0.835487435557723	0.60528201346229	0.612056907445942	0.577919316686315	0.432944481226821	0.646638643327195	0.51318292223945	0.573645607925959	0.450109700050371	0.785803316462651	0.571590873469253	0.578423122757363	0.408031733959489	0.629122205991974	0.448975855874902	0.600370864003316	0.550166777133709
