""	SIGLEC10	CCR1	CCRL2	LILRB1	CD40	ITGB2	LILRB2	FPR1	AXL	TREM2	CD74	C5AR1	SIRPA	ITGB1	ITGA4	IGF2R	ENG	TNFRSF1A	GPNMB	CD163	TFRC	HAVCR2	APLP2	TSPAN14	ITGAM	NRP1	TLR2	ADGRE2	CANX	ITGAV	ABCA1	NECTIN2	SMAP1	ITGB5	CADM1	CXCR4	ADRB2	PILRA	TLR4	CD4	CD81	PLXNB2	TLR7	CD72	TLR6	ITGA5	ITGA9	KCNQ1	THBD	KCNQ3	TREM1	TSPAN15	P2RY12	IL6R	ADCY7	RXRA	UNC5B	SDC2	TLR1	EPHB2	ASGR1	PLD2	INSR	TNFRSF14	CD226	NRP2	LRP1	LPP	SCARB1	SORL1	CD44	CD33	AMFR	LAMP1	NOTCH2	CD93	CD63	LRP10	PTPRC	PTPRA	NOTCH1	NCSTN	PTGER4	TNFRSF21	MCFD2	SORT1	RPSA	SDC3	NCL	EDNRB	EGFR	CD69	SLC16A1	C1QBP	PTPRZ1
SIGLEC10	1	0.764158801742868	0.716176624852398	0.636569213114811	0.728242391487334	0.794847697223217	0.652746019187165	0.871682782796993	0.488771638768119	0.837022728821908	0.629058274921161	0.804107857543001	0.877645841380636	0.83352472468305	0.501257111813438	0.784905554055251	0.858862437024686	0.821555975590407	0.461445057365584	0.839486557238153	0.802049299254884	0.785369147796439	0.871559763080094	0.801860713863867	0.740928738374455	0.731349649490189	0.732784816714672	0.501082839780974	0.845146000072747	0.895861539632573	0.768742321126612	0.691368736579777	0.742339040826754	0.649162576908532	0.635880874939773	0.400539914229191	0.698339885531669	0.775556057335939	0.643016227952888	0.888387182939704	0.842820561139896	0.826566839758316	0.715463784344922	0.63814334639049	0.553843676629392	0.627219878588766	0.571377925328024	0.863238948655608	0.546112706193968	0.579955304199311	0.684359092143017	0.794094647465978	0.317781495014265	0.724810858575513	0.660973975809054	0.737025133699241	0.500347427462794	0.617658675030489	0.708183287581811	0.594513010219015	0.411443600441709	0.722815458625903	-0.0316570764289712	0.694863531093173	0.78509394158385	0.735236472517348	0.858450343039205	0.791143416060033	0.802863926465743	0.805345618822376	0.631400869240891	0.680700355528323	0.60930017004257	0.873100675428793	0.700106465929789	0.524328357993236	0.801995404215008	0.78219959901046	0.744698940463963	0.693890457665398	0.547716923905121	0.756136235434343	0.448295799868208	0.670199465530557	0.76476762463202	0.712740349706645	0.588470282058677	0.755006794919577	0.599762075299742	0.641148903007831	0.175185711262603	0.294731508468344	0.411687623937187	0.554187095420774	0.186173957674667
CCR1	0.764158801742868	1	0.679076489541909	0.608944201191967	0.777623799321379	0.868451232353111	0.51210706200972	0.880463462016644	0.182804657101256	0.782942133623278	0.425566284460282	0.733327364446666	0.75948125073274	0.838526619877668	0.59035908550093	0.63544597924907	0.841909196044166	0.824094790740631	0.427036260654415	0.681428407556439	0.644995662914061	0.80086828400731	0.833774440994595	0.690621042353946	0.858325656713796	0.78544496479449	0.632986315804506	0.611268439258353	0.82306924314958	0.77986959909963	0.665407745933475	0.758664577450228	0.796941444536424	0.497516717767116	0.320401163279476	0.0167036103243084	0.573214106562447	0.565648425300338	0.457090808654551	0.837656566845598	0.765752258352512	0.850456553613607	0.451020318329497	0.403050109104899	0.626504254904832	0.704756637542791	0.45313879660078	0.758726924878753	0.646077593941751	0.427512547655428	0.835733110865783	0.708703074803567	0.508125734524153	0.687531117972294	0.631805431040149	0.839146090907594	0.496012641371005	0.561072450625219	0.720312162166005	0.425699186030413	0.517256802282832	0.69676288935783	-0.174095033143214	0.659274048823118	0.718880849400229	0.663775591382398	0.728884340703311	0.686461008926415	0.613048589835496	0.628373717581758	0.664279122645996	0.756455002802974	0.435817252059441	0.788050219433802	0.53301840486386	0.719779565590166	0.771290265712947	0.72318237852586	0.75639181524115	0.646740038168009	0.556361446103657	0.720891212993983	0.363403848910675	0.575022489288361	0.771276065378957	0.662163180605414	0.748444610450419	0.631785823328441	0.705333205940711	0.596577225818074	0.248343125270386	0.451701401485897	0.502417714149338	0.683984896409289	0.27211438974511
CCRL2	0.716176624852398	0.679076489541909	1	0.438929646770533	0.645239418997108	0.660910124910575	0.339012003298589	0.710252974570364	0.267889529427426	0.743692748603351	0.268351106353323	0.77703497347257	0.721871699168844	0.775250671643409	0.334055074024251	0.713292804300799	0.749006154669823	0.690616664794868	0.631146306880179	0.677766310935709	0.829578364211955	0.710616558492373	0.796543592040734	0.736271215063949	0.659926874914604	0.699805846452828	0.568088807040562	0.361114321548069	0.706322019625169	0.815340168935388	0.780814577882767	0.529861841499595	0.61051856464182	0.54213373250303	0.437344727625746	0.368295217727803	0.703381404904863	0.752983348711883	0.472301466381761	0.696085048581666	0.716754764751595	0.723895890480153	0.574268503740681	0.617688842583915	0.503659533033053	0.577488726110822	0.281289450667204	0.72733464627401	0.445409722145181	0.397716481740412	0.755090701289165	0.699229058867439	0.383939973741981	0.734286043520775	0.47873098201029	0.681882965964421	0.316113486907321	0.678407472898746	0.558171238259213	0.344602747562015	0.263756292380915	0.701520040404495	-0.020826758055009	0.636257367946577	0.708288091169852	0.759849578886538	0.79213932733518	0.751877781490582	0.787601721488977	0.784219080081604	0.605600980320708	0.517074789682696	0.453904554370224	0.81519645292111	0.576884668170021	0.339430967508774	0.726007368798137	0.612795867540329	0.654144296983931	0.5831375900282	0.518009624363853	0.716187471911494	0.40879713267749	0.635755418609812	0.691443253453391	0.682096366931504	0.502773330003269	0.7078009740403	0.551703846320083	0.563306598080085	0.195847543968228	0.283997004196182	0.376152086160713	0.447297438006105	0.210304900959963
LILRB1	0.636569213114811	0.608944201191967	0.438929646770533	1	0.568027249944557	0.672027717614571	0.765962193762746	0.738792369094814	0.597885644149977	0.622257496512144	0.719861898436739	0.538294134503797	0.693690322509655	0.755056230393591	0.847918116761536	0.434811948811356	0.518928171559845	0.738274300013699	-0.0350300460952038	0.48140890936988	0.410325407193579	0.774807855385933	0.601914794477858	0.729657015885114	0.665149762028065	0.394139655275728	0.826281293500113	0.813927885688107	0.747758706917277	0.600143812325348	0.496717398928152	0.581469744148879	0.734163797331047	0.255921801283479	0.451556756510177	0.286829058399596	0.674016134328233	0.269247032946802	0.706942308713679	0.728567932925774	0.550236836124335	0.583055196820478	0.556543163972918	0.282175837764136	0.769306529303714	0.451335592398727	0.738156821557237	0.670919514710612	0.368568129688759	0.834757811655852	0.540330127758545	0.485277926010032	0.611650061195418	0.713884897827154	0.823899206188037	0.588077058603321	0.779120731555305	0.0820338787394089	0.885100542490416	0.698007622164947	0.516093767543492	0.672043223221624	0.169608367535919	0.426933136460398	0.702746363969501	0.397683932399532	0.451610048286486	0.666004613220508	0.409464468126252	0.62363002587144	0.368940536632037	0.665628033187655	0.629553616149059	0.462466533037755	0.475374382381965	0.64737272879858	0.427055841545203	0.672830359963944	0.881427754453647	0.597104085682399	0.509631135091582	0.472189760032843	0.791532124898015	0.591701764529879	0.620790881276983	0.692740796689624	0.617963751440348	0.367686553889787	0.80979487392409	0.357388270645402	0.143709111869775	0.756785113985801	0.602262612242049	0.570175741614805	0.164242278205594
CD40	0.728242391487334	0.777623799321379	0.645239418997108	0.568027249944557	1	0.901471099341541	0.428709867161525	0.868801930278248	0.310609826776063	0.899226558760497	0.512522459162411	0.57356521489178	0.672850244880672	0.814496409695363	0.520344759088712	0.558170889834168	0.780629081355108	0.819497801492215	0.398360805306824	0.516979455166346	0.576590355433988	0.844387601265033	0.7296039621791	0.677944065369173	0.736738372611522	0.61541921038178	0.520350728698591	0.522236721684533	0.758784977226747	0.68430100198498	0.561640151877701	0.811214053180155	0.814564891226601	0.46646700093287	0.443236970208933	0.119963910397813	0.553238771041643	0.597898983588677	0.41302765887905	0.759409771302859	0.877773415350932	0.731612432181305	0.482499751026055	0.425175486471968	0.587613761167272	0.645738075058463	0.369014277003242	0.71255143970882	0.508966170873144	0.431384093035164	0.692598679679446	0.641826838064994	0.52735461928372	0.614451053180454	0.587268973949063	0.743615153906272	0.447095438323572	0.438432524291964	0.671011561574891	0.378011377564788	0.641527434444415	0.67026856781102	-0.160321800064373	0.719365792589905	0.663613456671014	0.572719090011668	0.649331912456116	0.590123968406502	0.604004699410121	0.574446068113376	0.548995531597752	0.844550295409841	0.439178983118293	0.713843997466319	0.476763228109685	0.458854267343072	0.821393135707055	0.685313046135068	0.663996750727908	0.630404257016844	0.441375114745031	0.638490924508663	0.348709443027774	0.489381009188042	0.814242523264251	0.646467535110848	0.85156527194194	0.513463339247927	0.727519626904363	0.50948926082721	0.177916146047488	0.494430971018395	0.440700343159186	0.782431027613847	0.192530172150727
ITGB2	0.794847697223217	0.868451232353111	0.660910124910575	0.672027717614571	0.901471099341541	1	0.576564614698427	0.931978186954199	0.383032062914765	0.919205040222945	0.60753681982672	0.663764434234627	0.757708653296008	0.862180355073054	0.614256213830779	0.597259027295251	0.835536158977319	0.888376551617439	0.439997143179147	0.64726995685667	0.633599519967713	0.87002499547533	0.81271559793143	0.692996442564743	0.843570608902687	0.716828269322967	0.602373029616743	0.603935291790996	0.843558288652141	0.720520005623149	0.617419990980716	0.854488215867506	0.850620985783269	0.506497141380109	0.502582702786786	0.156636886285805	0.587956262177038	0.63093706976924	0.48595802111059	0.843246461483406	0.907577232063046	0.817431137235574	0.582009445369756	0.52039368492815	0.594718934135395	0.720885029240121	0.480646001526708	0.762541676051842	0.61675681657079	0.484778173569446	0.767970892968191	0.722992850125454	0.459930606267901	0.679479825544351	0.653714870267954	0.839485651827766	0.489952104245875	0.500265893979271	0.784809205432185	0.487471446835588	0.749972285250274	0.721761930402953	-0.175068139030946	0.763698859872497	0.716870154323168	0.587477871992596	0.701403117644512	0.631674635494872	0.649806235795931	0.59618551260616	0.659961360192989	0.9025344147876	0.464361338829165	0.781444399938836	0.510539665635625	0.618446081951693	0.858059988289713	0.735020440986456	0.734956942871365	0.644764923257722	0.447694603302581	0.700595575263979	0.381004728888747	0.542136063118383	0.828792053951984	0.649560239189919	0.881293899530707	0.562300511835446	0.74720474494348	0.5223102613015	0.12795290672813	0.529174265238362	0.448939328136419	0.810665930649498	0.135631078164268
LILRB2	0.652746019187165	0.51210706200972	0.339012003298589	0.765962193762746	0.428709867161525	0.576564614698427	1	0.645403926150891	0.588747569651835	0.519491950621133	0.742683872157036	0.58005525845685	0.672960356319309	0.622914820911307	0.705576812014855	0.424457066670757	0.501789323105016	0.635654604208377	0.069215371859851	0.60239562592383	0.415350317643485	0.608472767017693	0.56780410386098	0.624516437643761	0.558307098624563	0.408471234181153	0.744773786085367	0.650713685260602	0.666688808717622	0.514980933182655	0.482766707577166	0.545058760951205	0.584557980944033	0.362245155975649	0.575319836305607	0.341622800420337	0.546793699308985	0.330156374259841	0.64194046862922	0.673562565391125	0.501686093201934	0.507303598824213	0.524695567987128	0.426390259319443	0.550403879030633	0.421185278552307	0.696253682539155	0.617013425846458	0.387368837681614	0.671014132754228	0.399800215370938	0.45097888238575	0.264854025583735	0.576498279129665	0.637601189084503	0.538601509611523	0.570981235944331	0.159470198905986	0.742188139348726	0.712339539015396	0.491896428008681	0.561276215679087	0.123547624449525	0.445870410515688	0.602300228565176	0.366582442410497	0.451697253862539	0.583328604479216	0.425299221369709	0.476304445888928	0.428965990017342	0.558027235279154	0.534136195758558	0.473845488869949	0.445198910599695	0.608756713744298	0.411913999653796	0.601126044523698	0.72212544185011	0.530584694664449	0.394887784747291	0.493831351044358	0.656657998285967	0.552362039101965	0.534910779189533	0.525995776031957	0.460944776276909	0.38208544718543	0.577840886732469	0.351353980340721	0.0824973145473952	0.494094514944927	0.411526383846637	0.43719493606326	0.0890949952362083
FPR1	0.871682782796993	0.880463462016644	0.710252974570364	0.738792369094814	0.868801930278248	0.931978186954199	0.645403926150891	1	0.42625360808866	0.922873434327117	0.63206636862059	0.738779338347631	0.834641684758556	0.905820470368989	0.62411420623584	0.653484754764532	0.867512486187152	0.934019376953165	0.370593372749317	0.698803036460013	0.702361170965804	0.919724971557674	0.851863151464916	0.813985542014102	0.839546413940396	0.701706348073418	0.734331412224756	0.647386777467951	0.880204690140311	0.837529121346195	0.686728839725254	0.842807518731703	0.877185203185793	0.549171881844975	0.499494148093933	0.249058951526332	0.655590187994374	0.662816553214328	0.576328651559788	0.914660576220756	0.897467435926006	0.837402455839291	0.643851303069277	0.504556441140065	0.700546935370767	0.703417031441386	0.560494758980645	0.857368047785179	0.589201068383934	0.595816693127865	0.779748252940467	0.808337415910027	0.552665485435362	0.764192512143752	0.722819095874629	0.832126563311641	0.596567350401152	0.51378112422624	0.844522153226236	0.547500107942289	0.585690520721663	0.746385272407237	-0.0833130069064687	0.730614408671908	0.819752471208633	0.667535525239357	0.768280982782484	0.737902095858812	0.697195644510288	0.741406823341402	0.626190884799449	0.855040577674096	0.545286217545858	0.812207627605544	0.566950578528789	0.643468836800326	0.835014094501811	0.806412118374631	0.821463110127621	0.713359691437873	0.540315959733493	0.715288030364378	0.497951725723041	0.62873633170568	0.851048307511997	0.749466009866701	0.817009870566398	0.647727333162523	0.772964477588731	0.563346555834431	0.173109575392975	0.555222591187175	0.514146717196204	0.745156036889504	0.190739938214253
AXL	0.488771638768119	0.182804657101256	0.267889529427426	0.597885644149977	0.310609826776063	0.383032062914765	0.588747569651835	0.42625360808866	1	0.494044901905689	0.835480600347127	0.338209400805275	0.552272186733866	0.441653978772861	0.496238846775022	0.317273850343609	0.22331811166679	0.486290345683731	-0.0242801459969743	0.318140224843872	0.313307488451481	0.491282889908038	0.331377201444316	0.571277231854377	0.206651654983007	0.0329642877202974	0.646391341508697	0.466057601569959	0.462787672124356	0.371632256719767	0.342849393594442	0.347893914844081	0.418205922428215	0.156796226382505	0.739230009119072	0.710291437164066	0.451052949938381	0.282173803771358	0.730889457861551	0.456068275702279	0.496285869125749	0.241666345552205	0.678385209231959	0.475293384381633	0.444220134345227	0.0832514346146026	0.549824131429699	0.466571111345419	-0.00867077972148127	0.610827952249252	0.123492477047165	0.280961358068196	0.134691149778439	0.399408583597753	0.503684812125661	0.184030253719444	0.542421844183724	-0.0379826875266088	0.545079820350712	0.596531801118621	0.318608587858419	0.433624989405384	0.230913855678067	0.332263851322532	0.337206903620828	0.160717105179967	0.295852515479848	0.394596563857802	0.386939928059884	0.513449951650102	0.173292495401519	0.399201010747248	0.485636515573019	0.299084265295355	0.431322994956515	0.0910663310037854	0.30923818474646	0.504873005568138	0.47865856074807	0.367323164751083	0.233197624992017	0.35912521123893	0.594556755058978	0.411470881252285	0.423166955711773	0.405718767008146	0.345873960548815	0.23418145772561	0.419328234558213	0.166404639517339	-0.0578198092229514	0.394972950610494	0.254666671571315	0.335095929408169	-0.0490809574143349
TREM2	0.837022728821908	0.782942133623278	0.743692748603351	0.622257496512144	0.899226558760497	0.919205040222945	0.519491950621133	0.922873434327117	0.494044901905689	1	0.625492446385704	0.691541378729873	0.803459554242411	0.869347279242175	0.504117878494557	0.652500381198859	0.823039476422277	0.895049315431492	0.473414304674838	0.650354806439627	0.717921386557032	0.886287279922993	0.809860693934812	0.781735114590464	0.741178259651649	0.647731019054018	0.635783327090842	0.539827292529503	0.830998700942412	0.792602635407798	0.672378299441235	0.834291163962842	0.832451011721886	0.51336892821415	0.605123760670609	0.354873972922655	0.640910309505123	0.745542453038558	0.529787988515696	0.830472480411718	0.96949431053416	0.786414337826212	0.686102632384019	0.604887973856961	0.61401124759029	0.642126771301643	0.463830375491599	0.810886373914971	0.480863565446944	0.514358368109591	0.720356431603257	0.765153122828481	0.44681146327992	0.689571329805161	0.615404991309205	0.771203647479029	0.483348628945203	0.527379325654687	0.737307481595099	0.462669898443213	0.60600914726358	0.726271425924125	-0.0806264967585212	0.763212352226478	0.719896935077823	0.651518071091517	0.762636246349254	0.693662423493843	0.774759443946852	0.721127739664463	0.600743299036314	0.838619983303358	0.490468700655088	0.823628844497611	0.560750481022718	0.420845947584633	0.893585045694504	0.780715156238137	0.706300353383058	0.683642755669056	0.487021952387127	0.718255492792292	0.414016585692018	0.59624030363326	0.868723963491746	0.711916282204555	0.828037142215566	0.617211760398476	0.70991122820644	0.547277559204967	0.141472070275104	0.470911968208903	0.414303892552922	0.764715205987496	0.155031440613807
CD74	0.629058274921161	0.425566284460282	0.268351106353323	0.719861898436739	0.512522459162411	0.60753681982672	0.742683872157036	0.63206636862059	0.835480600347127	0.625492446385704	1	0.413518856727631	0.633679262380161	0.57506414551107	0.666248155447316	0.339954568417745	0.39071941888844	0.679802045513519	-0.0596122838679238	0.417234134117447	0.301044676214543	0.635912602701956	0.456809498363662	0.618384748742926	0.418572846895339	0.165844388650578	0.71929280769737	0.639948378278386	0.623830767405538	0.435438143395945	0.352548220465329	0.59136693752244	0.620214945882856	0.223759444455923	0.696343112785677	0.531207513299815	0.465195414291095	0.287740368440773	0.687156690737883	0.617792413363362	0.644683390734777	0.432402340174566	0.631789038831152	0.450132782119054	0.547728276037929	0.287666264917445	0.65127470506732	0.550957450808422	0.178030428791984	0.641481819391992	0.284794567935649	0.372840694479777	0.28558473064782	0.470064835145719	0.628573665825287	0.380996175930985	0.626910667808802	-0.013653868620684	0.704249618966649	0.630796895814866	0.577741911809067	0.533561720024215	0.14563126366758	0.465141728388389	0.450004679068023	0.215400120172989	0.354741023468715	0.438325425710826	0.3657813067363	0.477577488451566	0.310012401289989	0.635189709434791	0.553710575240007	0.398410744336355	0.440763340949533	0.391578479350344	0.459258596769508	0.674162676210803	0.603475705063078	0.517123751060192	0.368374433401923	0.460192255376415	0.598955509665231	0.461391709552588	0.581810073178645	0.48177632859527	0.608687767859862	0.287780644073118	0.601177181737522	0.297624939373411	0.0620864095126613	0.531966696735074	0.383115861627539	0.584659733504846	0.0771307968881723
C5AR1	0.804107857543001	0.733327364446666	0.77703497347257	0.538294134503797	0.57356521489178	0.663764434234627	0.58005525845685	0.738779338347631	0.338209400805275	0.691541378729873	0.413518856727631	1	0.876377454301028	0.822211721999954	0.476595118446228	0.835357534231041	0.834292257740443	0.712599823487374	0.691198476166656	0.908607148775048	0.851722134075858	0.685943773486954	0.919290163553763	0.769223689888712	0.761475335536843	0.810862691657971	0.724376858573834	0.501652068178076	0.842482053811793	0.844219611791817	0.934462246566145	0.57700439730682	0.662445219073993	0.692414730990366	0.620925126871697	0.424658897033614	0.688044178402975	0.79261747269024	0.600679322211791	0.839637982758217	0.691221969949127	0.770317863172657	0.564413620801737	0.724687868488173	0.51508961943581	0.726428910455208	0.488208790770084	0.797111247348409	0.667398654943556	0.458228595849983	0.806077184933805	0.724756395318795	0.199955196282857	0.758583404169106	0.548487909121657	0.79966075648334	0.313932739425788	0.769649844591983	0.646507462493261	0.568119495680164	0.28238668024327	0.662720399314831	0.0602260671741851	0.758922977380689	0.757261870118788	0.873714292784566	0.885572891179865	0.845532210014122	0.811932225895032	0.743224926544495	0.827408963587772	0.503039761040393	0.622235281133668	0.884319676753199	0.691504712060739	0.559173750261629	0.736920851727524	0.742839289706146	0.73578360115429	0.692365758959028	0.601620212306503	0.723770617602988	0.505632207864244	0.813297234858659	0.706524760143414	0.699958584760259	0.446419257916027	0.830701133948422	0.537624133896861	0.653558262656296	0.234062937187322	0.234150808842138	0.401724018358252	0.395626832026714	0.264580855874009
SIRPA	0.877645841380636	0.75948125073274	0.721871699168844	0.693690322509655	0.672850244880672	0.757708653296008	0.672960356319309	0.834641684758556	0.552272186733866	0.803459554242411	0.633679262380161	0.876377454301028	1	0.889887422284373	0.600036105568164	0.787648279599036	0.825313896371309	0.841258814607983	0.501843320727731	0.843429826254239	0.785862143651725	0.791732923830623	0.902089637655717	0.832179972880283	0.762712230830297	0.709014838374272	0.816265178947019	0.616770994632844	0.900583740973511	0.868956842145807	0.844932657485854	0.673553509322088	0.794918228650144	0.629577212765958	0.727257560145675	0.501000449193995	0.705644725222699	0.728512505994247	0.707801783554061	0.891337872585152	0.80211544680231	0.789620520003813	0.711496283578487	0.651059823384558	0.622807260866886	0.662832790722551	0.609502252415055	0.845516408838023	0.592601064683179	0.629309108498555	0.737984166307961	0.735528797095564	0.309659816370576	0.772226344384812	0.67000600273473	0.794515614882135	0.541581931918595	0.603349348791121	0.753091214280872	0.644652519588682	0.398117723711354	0.725145365886974	0.126910628042066	0.739629981259759	0.759442239171122	0.782948872148038	0.851118417190281	0.850225632314367	0.787494058158465	0.820257763185338	0.740975656618208	0.659455070842694	0.668190753059441	0.851223943728022	0.736123407496704	0.551789070870019	0.7819213260566	0.857466958839627	0.795162843481421	0.764658976514555	0.63843148383078	0.769261726908334	0.568641490281321	0.770783427702243	0.789948470372083	0.783850110418958	0.610241764991744	0.759655214939517	0.67929833134129	0.668668201052338	0.24945286687006	0.3813568770435	0.482749444048613	0.564485030515132	0.2733763170813
ITGB1	0.83352472468305	0.838526619877668	0.775250671643409	0.755056230393591	0.814496409695363	0.862180355073054	0.622914820911307	0.905820470368989	0.441653978772861	0.869347279242175	0.57506414551107	0.822211721999954	0.889887422284373	1	0.709175908254137	0.778316903677249	0.85832342530831	0.893921444401308	0.477473977130692	0.747588998306439	0.76877887693367	0.914195982121009	0.922271859618156	0.8833108290243	0.842192483373418	0.74874749747002	0.810726271324885	0.712250530842945	0.945488590903724	0.878399040805228	0.821163146007233	0.759603797461692	0.893051984993546	0.551422176066303	0.596992743225391	0.313059929073897	0.756064620675324	0.671566014605565	0.677183650818456	0.907921189868584	0.831023911697774	0.836889270170969	0.620767224932942	0.553655343911242	0.75357765122494	0.736285901685327	0.609856166928138	0.840194979799273	0.600440819990089	0.675357286180131	0.828372807653801	0.729303844780889	0.518191642168216	0.853985099317811	0.726905222557727	0.846461763631254	0.610248531401008	0.553892408681105	0.82265922103706	0.61874402820754	0.509198438858485	0.795807934321851	0.105935694484318	0.774948394899981	0.845457857098039	0.783915765860353	0.819797540320579	0.866309438040968	0.744852464199362	0.803844758643257	0.727076062153016	0.752006689199358	0.680261046687185	0.8470073762525	0.702571828651737	0.613689733767664	0.816629399261213	0.8097399423735	0.899266535179071	0.798909344959152	0.665540263699321	0.788323435134055	0.641826470665692	0.780112820775238	0.87665060300672	0.854958167137169	0.765373575407135	0.713410025010017	0.85104617461347	0.671401513911509	0.294479193812563	0.575089254858481	0.630863000923584	0.698321768026518	0.320875212348525
ITGA4	0.501257111813438	0.59035908550093	0.334055074024251	0.847918116761536	0.520344759088712	0.614256213830779	0.705576812014855	0.62411420623584	0.496238846775022	0.504117878494557	0.666248155447316	0.476595118446228	0.600036105568164	0.709175908254137	1	0.38474700934187	0.42865906422406	0.662404227217172	-0.0362992362523118	0.411952518667727	0.307748801384246	0.698721578665954	0.542092160627384	0.662129378086845	0.608908735675786	0.378995503007326	0.773413959975273	0.851896413294832	0.732003766646735	0.469155063014131	0.451129432912838	0.555158247270306	0.688762892476706	0.144321737925901	0.426762985391668	0.100784239018301	0.5545914503062	0.0981100065157027	0.645952396495786	0.651412626372792	0.454140442323754	0.502344302082614	0.392267970343307	0.27233148719772	0.746736975764976	0.468894701161984	0.7271514609095	0.522708318626686	0.32932193772438	0.73731656901881	0.505046136281945	0.285550923123754	0.560910219379677	0.666352193640904	0.716578532093696	0.540119816777614	0.741924518797517	-0.0357669687679276	0.789994954226154	0.657701696058524	0.553564706917502	0.652737310190955	0.17670210492407	0.431553255753483	0.591307115556895	0.321031028483651	0.332169771034259	0.549752677319238	0.286124581761794	0.439689631956295	0.402189129505973	0.613145538382092	0.612211695962346	0.386927534182586	0.435207952524422	0.675409545458377	0.361541134808225	0.594461584654311	0.844641032076994	0.580507050639697	0.53855824432702	0.505264004639928	0.802616385064577	0.559538713107046	0.587752433643853	0.590205550787872	0.625798848531113	0.271558584423815	0.838977786839106	0.37622633709733	0.222627597761934	0.738549853311733	0.673675721214598	0.603437032060448	0.262448999871839
IGF2R	0.784905554055251	0.63544597924907	0.713292804300799	0.434811948811356	0.558170889834168	0.597259027295251	0.424457066670757	0.653484754764532	0.317273850343609	0.652500381198859	0.339954568417745	0.835357534231041	0.787648279599036	0.778316903677249	0.38474700934187	1	0.807060364669228	0.622416692413794	0.676641096750816	0.81069780356963	0.823901327130239	0.61342109527898	0.872294603196911	0.749780171051222	0.662903228185881	0.768378546150315	0.623817744149019	0.371342281825538	0.792671031968908	0.845493065284018	0.889919547783059	0.527557342273945	0.600096530032653	0.646830078466905	0.603827826167721	0.368682662275013	0.662713194479689	0.792334699329362	0.617355425010829	0.759248999888808	0.660476304373228	0.73488714623837	0.553925205523282	0.643109608703111	0.4669035530294	0.666774108062156	0.446788035768678	0.70786476319173	0.56518060601619	0.477016901801362	0.721516380122882	0.657750266189947	0.172151554158094	0.706511235020811	0.532170437231606	0.688508481433904	0.287252323456052	0.752080188066767	0.501022823717586	0.508960951258649	0.197973287792505	0.632082449809863	0.124637706781497	0.718053905057528	0.711686589064595	0.833817669561857	0.887699180100621	0.830777442671888	0.789453863642159	0.768462399187461	0.723066995936629	0.413362479898939	0.635537780227342	0.86639707958068	0.779611742710307	0.402557173603235	0.732051014005237	0.667273285465282	0.655400625233509	0.693456677123775	0.603600684367552	0.727032239157961	0.397979867754939	0.744730295066744	0.671419959916421	0.684880218935943	0.38955817487581	0.835600340055356	0.502665707702943	0.73555741418701	0.315921045616841	0.132813635270744	0.427200323967271	0.350021665216491	0.351645515588953
ENG	0.858862437024686	0.841909196044166	0.749006154669823	0.518928171559845	0.780629081355108	0.835536158977319	0.501789323105016	0.867512486187152	0.22331811166679	0.823039476422277	0.39071941888844	0.834292257740443	0.825313896371309	0.85832342530831	0.42865906422406	0.807060364669228	1	0.800396364254818	0.645372983493263	0.84928881143199	0.808484117927672	0.741345402591093	0.937043176235259	0.724313434481615	0.835977978397603	0.864077220301012	0.588528016570699	0.458378461367868	0.852040796528601	0.870006258034461	0.803186251170261	0.744448306499701	0.749264491773394	0.702830035460983	0.502660098642608	0.221121367416217	0.595731505696146	0.807517060562098	0.489479362781011	0.877517139005912	0.826882258538448	0.870057126507961	0.53448905222157	0.560308402016327	0.505939677131059	0.765764277073128	0.461460428776445	0.800945294574358	0.754795445865299	0.414519055354615	0.837072386740112	0.822582905586699	0.283108878995774	0.694708330828976	0.556529183606427	0.856560971129769	0.329057407120824	0.772771906366578	0.665461213847612	0.466164185413713	0.45522625759792	0.666237245685416	-0.0540647823789963	0.785964680471983	0.768478955185171	0.831652962418997	0.913373528667538	0.788974022551242	0.786173448348169	0.710455907154679	0.772238511430058	0.659479771779107	0.564369310184999	0.917407930877743	0.63898721497999	0.624935773938739	0.879135020981218	0.727330151912351	0.686734954592044	0.698556801688856	0.551203529102096	0.767751188528565	0.3180933738279	0.673568949635137	0.765712121917454	0.685031009329894	0.61951288287602	0.826977907840078	0.581355182386187	0.699951323340158	0.24639955818861	0.247094905207634	0.404743450746518	0.555655344833112	0.267265783995998
TNFRSF1A	0.821555975590407	0.824094790740631	0.690616664794868	0.738274300013699	0.819497801492215	0.888376551617439	0.635654604208377	0.934019376953165	0.486290345683731	0.895049315431492	0.679802045513519	0.712599823487374	0.841258814607983	0.893921444401308	0.662404227217172	0.622416692413794	0.800396364254818	1	0.329789312154708	0.678815850020198	0.687485509182226	0.894193082595719	0.836550787694546	0.818784507205215	0.795051442459012	0.64126354344535	0.749589649578448	0.68048250769698	0.895153745864397	0.814432907702478	0.688951745377572	0.817753696656649	0.906411799298011	0.502971580666578	0.579452134639951	0.318966888760378	0.658733352550001	0.613322033020213	0.600243226123545	0.880294521490815	0.89123401821525	0.824694538151113	0.67806788158285	0.516770023676043	0.702954874602516	0.674255644158743	0.587898474167151	0.82051508255826	0.522709668296643	0.613128145934874	0.708300925544772	0.742499722175825	0.536759825971135	0.759096018469549	0.710937670749956	0.815297499477452	0.647875142053621	0.436916751022795	0.828975996824168	0.58705565586143	0.602647799352679	0.757940982761313	-0.0086918739336205	0.728544096949743	0.747058025902818	0.666107796601249	0.747387247032922	0.74078046303752	0.703514045788517	0.744969054873673	0.640603122632231	0.847650317497028	0.571795627969255	0.793437695915881	0.626600225868597	0.585246540697773	0.835917376906059	0.848125102376576	0.803203709208662	0.781726178883185	0.641919082571847	0.755476448185883	0.551154087625411	0.664162643851225	0.892588987848081	0.784090604128519	0.851584699709795	0.660287320806155	0.831734072852764	0.622968204124871	0.287843482606607	0.576678774207056	0.576760135925881	0.802214466483222	0.297454170129884
GPNMB	0.461445057365584	0.427036260654415	0.631146306880179	-0.0350300460952038	0.398360805306824	0.439997143179147	0.069215371859851	0.370593372749317	-0.0242801459969743	0.473414304674838	-0.0596122838679238	0.691198476166656	0.501843320727731	0.477473977130692	-0.0362992362523118	0.676641096750816	0.645372983493263	0.329789312154708	1	0.659551740949844	0.698532273982731	0.292414073351029	0.660189009080931	0.345263920224289	0.484014055126637	0.700458142944661	0.14777434258558	-0.0280847551807079	0.4723158788526	0.521294201935509	0.733984401708176	0.337804180493177	0.298361513480582	0.621447710325421	0.42678609738244	0.251574940946593	0.308323921610153	0.802194434197018	0.184681653629507	0.453922372571981	0.513843794663259	0.512909105418702	0.294537422508491	0.673784265297881	0.00498668970818884	0.588795839935436	0.00745048321173073	0.42742024401341	0.586427760197521	-0.0657813371498149	0.605508021122106	0.521137496147627	-0.20506962312769	0.374491728369801	0.057807164345115	0.584329930172367	-0.243702264526779	0.875838509950169	0.155444430594727	0.115631019625758	0.168114855052034	0.308478455393873	-0.124994312789036	0.688916358612407	0.396954278290999	0.714391208033045	0.716134334253031	0.477811911554528	0.704150834228499	0.394885583222594	0.748692701870697	0.224006524201097	0.259318582859012	0.724746420675565	0.440120335894546	0.140023001221067	0.667456029297171	0.356860260976701	0.221611015747098	0.350814779769606	0.222015926220385	0.508399388673904	-0.0665455001014979	0.471988516592315	0.440138190783705	0.333783943134106	0.204823429982262	0.653784461924127	0.0984486564550662	0.453375045629586	0.0737704319529941	-0.229343670014976	-0.00581355656555275	0.153547666680968	0.0744214126379869
CD163	0.839486557238153	0.681428407556439	0.677766310935709	0.48140890936988	0.516979455166346	0.64726995685667	0.60239562592383	0.698803036460013	0.318140224843872	0.650354806439627	0.417234134117447	0.908607148775048	0.843429826254239	0.747588998306439	0.411952518667727	0.81069780356963	0.84928881143199	0.678815850020198	0.659551740949844	1	0.840813413162875	0.597604036299819	0.90219463287205	0.670482214349325	0.723425008086727	0.842974648862208	0.645617241120264	0.397650740286266	0.8048141148177	0.815773485189604	0.859321773433254	0.526090030906696	0.592010374842873	0.761138329796358	0.655923870170724	0.366545270610086	0.6028868121341	0.789332318439631	0.567979512706494	0.825617842305177	0.683535136453205	0.776582882320363	0.588178957702638	0.714116152596328	0.381244191682048	0.685061826112736	0.505432969753751	0.746331952345311	0.701310567634481	0.415811294752523	0.676969744059649	0.716899513935401	0.0230462124496418	0.664516690021624	0.500490542152441	0.750379596804091	0.262892047762494	0.755653692373383	0.586528358171021	0.594729810176964	0.312668025665482	0.623297861780874	0.0222959706018421	0.7399596068876	0.708939074582969	0.840410041064979	0.902943023729811	0.788013447523954	0.841492385362676	0.674769314946127	0.815798201067112	0.48620592951098	0.589492359122252	0.893625012781092	0.671980085951685	0.593584676871099	0.740217594860593	0.677987922861722	0.636665506555836	0.637891965519514	0.527539777454965	0.734118947510942	0.372688557701682	0.708415582251924	0.641590277030438	0.592576575944456	0.38215537930409	0.836738311826341	0.432187541796164	0.659820400878974	0.167892801693462	0.0838048658884636	0.324848749474997	0.356751267638357	0.18405004445412
TFRC	0.802049299254884	0.644995662914061	0.829578364211955	0.410325407193579	0.576590355433988	0.633599519967713	0.415350317643485	0.702361170965804	0.313307488451481	0.717921386557032	0.301044676214543	0.851722134075858	0.785862143651725	0.76877887693367	0.307748801384246	0.823901327130239	0.808484117927672	0.687485509182226	0.698532273982731	0.840813413162875	1	0.647427971039281	0.872423811353298	0.757626813397621	0.638813636791386	0.769104536564276	0.584193630366466	0.324824087186402	0.764720213033587	0.890340408990592	0.881480555856225	0.528046343167575	0.58517585920801	0.611112315652644	0.552334292811305	0.438142689343731	0.697714573665746	0.839862394299317	0.522044402772319	0.753347342459393	0.727669230646594	0.752622365227673	0.642999760925969	0.706323608259513	0.436305856354147	0.589054634589884	0.389729572783287	0.80241463640788	0.489252345359963	0.40548584417969	0.696518497159877	0.773041603398092	0.188555761512697	0.710690543556489	0.476389886368278	0.699565538829453	0.282494219035267	0.768914726140591	0.504500395749405	0.474435158924863	0.210897654161582	0.626013252218634	0.0348488204272429	0.694691202671008	0.729857270413138	0.863602566004319	0.898833074645516	0.818753676366508	0.908293347663522	0.838937668849555	0.685965268424922	0.454405644347602	0.525449229296077	0.905140556553029	0.705189583904593	0.32667974936747	0.772694470024161	0.6571080219618	0.634681974849702	0.661013824652053	0.587084551326912	0.786157624683405	0.393492557985411	0.684780655438794	0.692636578108629	0.687798846097011	0.417969015684826	0.854451685710751	0.484990499957158	0.673076460057597	0.244131362520969	0.13931145449197	0.373587829120158	0.391217263963548	0.265762115216124
HAVCR2	0.785369147796439	0.80086828400731	0.710616558492373	0.774807855385933	0.844387601265033	0.87002499547533	0.608472767017693	0.919724971557674	0.491282889908038	0.886287279922993	0.635912602701956	0.685943773486954	0.791732923830623	0.914195982121009	0.698721578665954	0.61342109527898	0.741345402591093	0.894193082595719	0.292414073351029	0.597604036299819	0.647427971039281	1	0.788499464515772	0.842202715658087	0.775786366087374	0.599992775791525	0.785430136012873	0.719046309803726	0.847016134645168	0.771448310101332	0.658751401265623	0.773294691821634	0.876559314130496	0.473298734508781	0.505969288567838	0.285796747482802	0.711685437917111	0.566912951900942	0.627936263086014	0.849544345166805	0.825064865330415	0.750155615054612	0.627679762452376	0.451076595445783	0.795420335715846	0.645730767037199	0.570829863932804	0.796469278717776	0.477674079411622	0.691574680456349	0.722621942331594	0.666734368411567	0.66512183687075	0.807172455065123	0.77624386088845	0.769360639345992	0.679766105366267	0.392011107817246	0.843772978464241	0.566373113902226	0.528036721446014	0.758288437807256	0.0185824942948816	0.683046278144261	0.806700480428865	0.61896815404809	0.679096598798923	0.728112331354105	0.628277602046275	0.738612057218798	0.549612948505095	0.79967999416796	0.566518409314651	0.72080644186136	0.579836242474737	0.561655449796979	0.728583712978906	0.761615294606148	0.869841640829297	0.690581382777248	0.546678840963573	0.657999886982171	0.638114704382872	0.634843811716276	0.843566956630952	0.773559858359523	0.815307950264594	0.543616076008371	0.853648935941284	0.495722060920107	0.152912919573354	0.70109740538519	0.572582633112005	0.732602784263057	0.179751550462403
APLP2	0.871559763080094	0.833774440994595	0.796543592040734	0.601914794477858	0.7296039621791	0.81271559793143	0.56780410386098	0.851863151464916	0.331377201444316	0.809860693934812	0.456809498363662	0.919290163553763	0.902089637655717	0.922271859618156	0.542092160627384	0.872294603196911	0.937043176235259	0.836550787694546	0.660189009080931	0.90219463287205	0.872423811353298	0.788499464515772	1	0.809086289840508	0.848934988731336	0.865220876967719	0.720096724033104	0.542290679868792	0.937418245635297	0.91980245499586	0.908145815226694	0.69669087479604	0.811074363222095	0.694686560946247	0.62127973418654	0.317963592702406	0.697257493460199	0.805970889411076	0.607502770721701	0.911536727292143	0.821854226688053	0.886520770066699	0.60048229876009	0.648889949748264	0.578842077872721	0.775248103816293	0.534973972622861	0.8383702738112	0.714746928477044	0.521430488188287	0.843632525061258	0.786652973471812	0.306135556476236	0.782735866430119	0.621772238640784	0.876601125524204	0.418168058459466	0.758706449018233	0.707681600608952	0.583984141710696	0.415383215720274	0.741392308112458	0.0357497501937385	0.83019339514238	0.806389693981172	0.896782589978251	0.943849600308593	0.874500240490961	0.841959219754709	0.789899527084416	0.840465613747852	0.642894072395539	0.669065389719235	0.955609056766346	0.764617917258792	0.601043339582844	0.874823164594507	0.802039132291108	0.782540661981081	0.802905718831899	0.673841315662067	0.826822880757665	0.474768246307892	0.796654673992274	0.833626855218583	0.789958637110687	0.632168783046943	0.879593105685165	0.684197314563705	0.772751839700897	0.340309537314684	0.319850502794004	0.532910405477782	0.585970456995049	0.358594490405559
