""	TNFRSF1A	VSIR	CD81	SORL1	LRP1	ABCA1	PLAUR	TMIGD3	C3AR1	PLXDC2	RHBDF2	SORT1	IL6R	ADORA3	C1QBP	TLR4	LAIR1	CD4	C5AR1	FPR1	ITGAX	ADCY7	INSR	KCNQ3	TREM2	ITGAM	AXL	ADRB2	TNFRSF1B	TLR2	CD74	ITGB2	CXCR4	ITGB1	P2RY12	PTPRC	SLC1A5	GPNMB	CD46	LILRA4	TSPAN14	LPP	HAVCR2	ALOX5	TFRC	LILRB1	CANX	PTPRA	PILRA	APLP2	CD69
TNFRSF1A	1	0.7453904920657	0.733038511175551	0.741905855966587	0.560814006664898	0.46312730286562	0.439119447560953	0.713955267715515	0.730212238031626	0.666088761788907	0.592538388895581	0.784647676785571	0.333009874867698	0.800950005188747	0.658458094027266	0.473095986952411	0.652105442171582	0.454890210866065	0.565881780984279	0.533090049687224	0.563866490851166	0.527260424486114	0.233947880428839	0.30012804504535	0.748084263095092	0.588243151872509	0.740776156943476	0.535401097937393	0.628577990195548	0.448516641821769	0.80260097266283	0.744598220247251	0.696426166899702	0.692419299974279	0.517940255341428	0.73161918765282	0.628550769948474	0.675046567822684	0.638504269398547	0.640293096875663	0.640386237760286	0.4154410317368	0.62897545076206	0.556369732935637	0.295900610037126	0.633857129592331	0.767807983372383	0.491919325140322	0.616093065495578	0.668929251046244	0.443715624867866
VSIR	0.7453904920657	1	0.597356493932187	0.627411241841016	0.587514703395919	0.509732596717903	0.387715427535769	0.672008328606319	0.618532159160792	0.620912242117707	0.595256870543639	0.674845845551073	0.341312196809439	0.749200701091492	0.496452879291735	0.407065264357702	0.63635566856754	0.422612136010773	0.478363954085582	0.584445264042584	0.467019891398191	0.650136595912631	0.298452417714123	0.293887576641001	0.542033708703955	0.4431307552656	0.695869219937799	0.621893815240315	0.606849339065275	0.367259478301536	0.677512717170316	0.553285565926175	0.683251061395482	0.568961825651618	0.433309336468479	0.777006189425842	0.682927987465105	0.439199986898776	0.493731860286673	0.443574259874403	0.575710370746616	0.319046523188361	0.560351301100193	0.572011521848551	0.399837916172552	0.565897401454094	0.581377729172316	0.437691393935793	0.561740292013889	0.596334540714585	0.55519669065025
CD81	0.733038511175551	0.597356493932187	1	0.851709491930211	0.561059522364029	0.596950312705506	0.596052229788773	0.848914513750434	0.808000388999299	0.736584305901572	0.677389894903723	0.758287309566401	0.320486102307792	0.758254175567534	0.809990533149726	0.288015273883785	0.602520793417125	0.532022397798168	0.635164594619314	0.537251451856736	0.559145717974058	0.418915025213032	0.325143307182947	0.4996703731842	0.898090849833731	0.706423374110385	0.82306352214589	0.297550729331816	0.64258318887399	0.354690492453039	0.934102074581931	0.904962857556835	0.694977338113825	0.752033579049187	0.624229777166133	0.704744946699821	0.636649180832847	0.897152042778828	0.658634276613766	0.770426567998859	0.725961119199994	0.56409898244543	0.75620384620911	0.632317866952705	0.24820389350979	0.650593585100246	0.762906107311693	0.674774056765631	0.636790422908015	0.730526591127349	0.317591550944324
SORL1	0.741905855966587	0.627411241841016	0.851709491930211	1	0.620246008276459	0.518532876914089	0.449448924404972	0.802257255456129	0.730742973801235	0.654846121890087	0.590011107382362	0.725877674091631	0.423887251879594	0.798288625441366	0.793018659326854	0.438259835310728	0.611297164391935	0.533414387838058	0.420610834682226	0.517408461929813	0.458548698620799	0.478262887988914	0.259189632894361	0.372836432270549	0.79581677071827	0.658965764341724	0.80684803329201	0.338790954369569	0.567687779126181	0.290499128716149	0.888594265989328	0.762371688638249	0.648580249489866	0.643323917781498	0.650012347432679	0.776329093561403	0.562825934474945	0.774977617847369	0.643981226362206	0.624683055686151	0.633657805615164	0.452392539961074	0.682793289994493	0.621433114976104	0.145434420434625	0.639973443134734	0.726007927145061	0.573597928619435	0.725498037881143	0.687142826283152	0.268002883583187
LRP1	0.560814006664898	0.587514703395919	0.561059522364029	0.620246008276459	1	0.555468476892152	0.488159816349793	0.598232967374389	0.600637247002065	0.561085235851564	0.453427163749826	0.524491614381816	0.434084428168367	0.553282441455408	0.350058727278468	0.277457527410958	0.578347166490274	0.404400407853947	0.488832589211629	0.549029719672763	0.582766559356592	0.425069029704551	0.219589668156145	0.270953742534239	0.558277215247773	0.606138919621724	0.679942921190813	0.239406508045056	0.64908608027259	0.463466961238984	0.63717250640603	0.466318646752275	0.63331103084067	0.535825737818485	0.396003947608362	0.721840237491967	0.512446352962323	0.564903260007181	0.526226291616922	0.402987261372861	0.483137236148865	0.321965785165904	0.470777719391826	0.499241814812805	0.371452384942948	0.428481341515697	0.550587914818305	0.461729844165934	0.527330212501625	0.562783430105306	0.294218723297292
ABCA1	0.46312730286562	0.509732596717903	0.596950312705506	0.518532876914089	0.555468476892152	1	0.47706276103193	0.535912482744412	0.59048056751096	0.505396885685584	0.297954105843199	0.440643295403149	0.440956310883775	0.51911287443647	0.449592755818097	0.30878708482512	0.582347445574364	0.340240040297471	0.488732549267361	0.640054979470153	0.543947409969634	0.321841504501188	0.169067254875027	0.337486612782645	0.603008721736139	0.596805902941065	0.679209182807188	0.266049594095093	0.587644968825047	0.384643719589779	0.57755610630907	0.496108750823189	0.659413616220552	0.586070856873612	0.207098976429913	0.641738600256962	0.558478348578853	0.605318084562127	0.448880065777295	0.409784304510574	0.60107804377493	0.280386663894413	0.601267212153298	0.355076224104844	0.426977062453786	0.489730561040053	0.493858811393799	0.476870950785006	0.35736857985944	0.518657636124605	0.216581343002288
PLAUR	0.439119447560953	0.387715427535769	0.596052229788773	0.449448924404972	0.488159816349793	0.47706276103193	1	0.64765754769655	0.645276331617818	0.848375293942214	0.65352502657102	0.557592892515907	0.258058662150363	0.50186578758641	0.406642576616177	-0.128526144244452	0.301102109552443	0.499273252597728	0.859554738704398	0.620795444956933	0.774012730395508	0.326003715294465	0.560065945056941	0.587530115640702	0.671463898892809	0.543754465404499	0.48410270248888	0.132264572788452	0.694433977912379	0.576529192705754	0.628905640173337	0.663823594358481	0.783750264290477	0.729967141095983	0.197649147276349	0.573526908325154	0.360814102002743	0.655261537609864	0.527993666057752	0.705207130127333	0.791799850246845	0.423924451060783	0.469017772547436	0.464809943007447	0.621238517232565	0.145862210265957	0.592997380606821	0.56531298551812	0.266939567975867	0.645487141048377	0.551930077987624
TMIGD3	0.713955267715515	0.672008328606319	0.848914513750434	0.802257255456129	0.598232967374389	0.535912482744412	0.64765754769655	1	0.8336818815711	0.787116440463421	0.68065913856032	0.76201668483707	0.487945077090751	0.79153558648361	0.765150941045678	0.211505325091374	0.58030840947679	0.60708268662342	0.604065743184378	0.604575271748342	0.584564837141995	0.468014651758428	0.452746206114013	0.420668292727934	0.808181961993633	0.737356009287136	0.787869496731542	0.356717631357113	0.662115089373021	0.400810330267918	0.896584785321929	0.813256177999995	0.679895126351045	0.729264604714127	0.61486460678709	0.770005101958529	0.579837289200233	0.778048220206202	0.626882174852391	0.70539352381431	0.738723446516713	0.445700080168124	0.717940970012087	0.692926990020544	0.216051724046977	0.532280068595658	0.772494441007301	0.675261123941987	0.625335200483178	0.791833946511545	0.504838641526826
C3AR1	0.730212238031626	0.618532159160792	0.808000388999299	0.730742973801235	0.600637247002065	0.59048056751096	0.645276331617818	0.8336818815711	1	0.794414480152303	0.639323955597872	0.671015885509178	0.325316541638859	0.720634481074217	0.763487402417237	0.253180412617827	0.586652069719535	0.600782700027968	0.655093900150957	0.617758868726132	0.666597886647554	0.502368808343521	0.380355033190442	0.402875527596985	0.802997804991543	0.744196046881932	0.821997680245886	0.346763288149079	0.745412115230332	0.504760750708387	0.889733087323621	0.828242745359382	0.73979111177605	0.773449559412583	0.61868717106415	0.715928708471127	0.559011230547051	0.820777595006583	0.665341555417287	0.785849059499256	0.755348915169157	0.548779470192551	0.643545214416734	0.642966325434169	0.36216944440427	0.50676283849607	0.850930798448729	0.707489145042729	0.580459009369444	0.804403698913589	0.524595291753351
PLXDC2	0.666088761788907	0.620912242117707	0.736584305901572	0.654846121890087	0.561085235851564	0.505396885685584	0.848375293942214	0.787116440463421	0.794414480152303	1	0.773852969123234	0.703704256751101	0.331214393070045	0.723596651312494	0.572124658109257	0.0256773243302096	0.392764420763351	0.672123162935951	0.853308774771587	0.700355595149155	0.771640641007369	0.508723683243699	0.568651218902478	0.597320150670504	0.771237653813109	0.660750183586275	0.646268743570944	0.355963580403373	0.790879204289185	0.658216931794246	0.797709834853879	0.818201548635206	0.829528163552784	0.795841998426284	0.407041518499038	0.723312105278418	0.486377978999115	0.714510984963096	0.678456164596433	0.82598980254778	0.896048437183692	0.539142403482294	0.609490933129853	0.571847568980129	0.571271676288061	0.290470288958288	0.745189785490307	0.645364190315235	0.475030201533974	0.868022774896581	0.62565772225661
RHBDF2	0.592538388895581	0.595256870543639	0.677389894903723	0.590011107382362	0.453427163749826	0.297954105843199	0.65352502657102	0.68065913856032	0.639323955597872	0.773852969123234	1	0.62415278397051	0.23439394527724	0.640945311223776	0.529356462414776	0.125154675113506	0.370698736001388	0.490497819403861	0.700210487612782	0.469329597284525	0.590452307198942	0.404909050066066	0.585849240391177	0.519003376805807	0.595010426334862	0.507385839530378	0.571367673717284	0.368246227353427	0.662598365822154	0.635227415555091	0.688783744764937	0.676078608711769	0.699337179641771	0.569030297483164	0.394063450843814	0.564307805535211	0.481650656917035	0.563202202157943	0.508222786252037	0.559938132451078	0.70160484202982	0.690623486131706	0.577646007964553	0.512119872037338	0.399093434387769	0.338055069134433	0.579748635845037	0.485955984750232	0.480580098970507	0.603220258801864	0.67733751822542
SORT1	0.784647676785571	0.674845845551073	0.758287309566401	0.725877674091631	0.524491614381816	0.440643295403149	0.557592892515907	0.76201668483707	0.671015885509178	0.703704256751101	0.62415278397051	1	0.405784539766979	0.787605333441506	0.64784938797856	0.455776228988457	0.579620526415726	0.368593473000822	0.528302232905613	0.572941821028173	0.505495407977218	0.552092161018703	0.256632829502601	0.300978591184482	0.807375787676864	0.60073721885465	0.70823126262158	0.607649040322842	0.698678215218197	0.365776985186761	0.817755036552661	0.753877049193584	0.654799146274313	0.797077779596057	0.402439888593133	0.68249140476847	0.659490363843423	0.71211876067607	0.759610656313069	0.664421079661049	0.709451710686033	0.358711054173497	0.729865203988563	0.569441904722487	0.229441328269026	0.560705033175205	0.797372856169181	0.575104250322817	0.585995226682462	0.670761321754886	0.384309753210897
IL6R	0.333009874867698	0.341312196809439	0.320486102307792	0.423887251879594	0.434084428168367	0.440956310883775	0.258058662150363	0.487945077090751	0.325316541638859	0.331214393070045	0.23439394527724	0.405784539766979	1	0.421004802461166	0.331298436887605	0.211461257885924	0.456418710803397	0.241641649327996	0.172088135332404	0.302130644782245	0.316658459524663	0.201638878801007	0.150363513696648	0.124114236758558	0.367313386296543	0.459977797533673	0.356484442043616	0.269527438287441	0.35490913768907	0.218715460097163	0.400878345965408	0.293571961212816	0.293108832621749	0.354349325114052	0.127479028351643	0.480931014611097	0.300261249246759	0.386301899795018	0.386074783564646	0.246274802390306	0.343334252380892	0.114847309362211	0.420719983895598	0.516808756855531	-0.041074058641664	0.283567899008906	0.364290756759718	0.28582085563285	0.412537511629968	0.395180838943312	0.104663733259488
ADORA3	0.800950005188747	0.749200701091492	0.758254175567534	0.798288625441366	0.553282441455408	0.51911287443647	0.50186578758641	0.79153558648361	0.720634481074217	0.723596651312494	0.640945311223776	0.787605333441506	0.421004802461166	1	0.721042263125654	0.363139302161521	0.520551241795322	0.554814796523012	0.53547446756172	0.640224876472772	0.534171567780658	0.553232479446474	0.31407244894149	0.389515216125707	0.74270407190818	0.607908355411969	0.789493629248265	0.550716380686014	0.653355729235972	0.475964797070606	0.837296410568721	0.748762690874889	0.735293448564541	0.718092538786995	0.565302824719602	0.717649494478414	0.6186757302165	0.654328921628096	0.600868936003544	0.637337369640426	0.746920951015599	0.48328736691527	0.673166486442765	0.595812011056221	0.24709668220049	0.569116120870454	0.743310457034923	0.543687016657406	0.65844184092329	0.686705381320059	0.451040329432733
C1QBP	0.658458094027266	0.496452879291735	0.809990533149726	0.793018659326854	0.350058727278468	0.449592755818097	0.406642576616177	0.765150941045678	0.763487402417237	0.572124658109257	0.529356462414776	0.64784938797856	0.331298436887605	0.721042263125654	1	0.32379877649005	0.562920212595203	0.50766022282871	0.381723214982512	0.384065629893269	0.404516304698583	0.321748250971905	0.229359451071347	0.317968342748902	0.770519424522741	0.658808346072392	0.740242179043685	0.288575052253513	0.529574092337896	0.223157503564532	0.842302396669894	0.791622505338425	0.514258151182195	0.628874115413342	0.661121467698312	0.572759952244619	0.490897166545564	0.769780664781172	0.557711460886373	0.666860706039944	0.59052461940033	0.46428727505021	0.641417752724893	0.626797076124066	0.0320833531274721	0.577831882598491	0.716802888311897	0.565669691512266	0.644861863230148	0.617875416350109	0.297967770600604
TLR4	0.473095986952411	0.407065264357702	0.288015273883785	0.438259835310728	0.277457527410958	0.30878708482512	-0.128526144244452	0.211505325091374	0.253180412617827	0.0256773243302096	0.125154675113506	0.455776228988457	0.211461257885924	0.363139302161521	0.32379877649005	1	0.598050411584333	-0.040818594224354	-0.125571117990091	0.148858552324356	0.0606938210133783	0.415666181872921	-0.265028171393651	-0.235473305517158	0.320292612963304	0.205165330891421	0.467243159362875	0.548748853581189	0.273992324087668	-0.00408574908587755	0.343663867150247	0.19331995696347	0.182676790936808	0.291965372813137	0.148834881401128	0.364126964009744	0.496378054155522	0.264592044938434	0.390341500217783	0.0130637795212127	0.0950051292815485	0.0756737953288008	0.408105321047462	0.14320718311057	-0.125047983704506	0.64707954378552	0.377522866271943	0.15323902876004	0.318784017327281	0.096965470471667	-0.0130007213388733
LAIR1	0.652105442171582	0.63635566856754	0.602520793417125	0.611297164391935	0.578347166490274	0.582347445574364	0.301102109552443	0.58030840947679	0.586652069719535	0.392764420763351	0.370698736001388	0.579620526415726	0.456418710803397	0.520551241795322	0.562920212595203	0.598050411584333	1	0.259787248613569	0.300938757427682	0.378688954814272	0.445634557120545	0.453904303733834	0.0929202635604468	0.157441636062646	0.601612147517109	0.557294330384676	0.675668943143435	0.353333999729629	0.526140985675427	0.178318446595144	0.642014919527031	0.523229932410359	0.487011895893744	0.56977007915162	0.344798531349097	0.656233411059276	0.61549858364786	0.647010746122549	0.537366215015819	0.385172632306348	0.405103269806279	0.193246319342865	0.545044059173578	0.543938913068315	0.143461665297527	0.700037237280895	0.585021175034249	0.424411376160444	0.437222966890523	0.452534405712767	0.200189074971559
CD4	0.454890210866065	0.422612136010773	0.532022397798168	0.533414387838058	0.404400407853947	0.340240040297471	0.499273252597728	0.60708268662342	0.600782700027968	0.672123162935951	0.490497819403861	0.368593473000822	0.241641649327996	0.554814796523012	0.50766022282871	-0.040818594224354	0.259787248613569	1	0.516179547205907	0.415766653418841	0.549026253282338	0.240065696053331	0.299375779444475	0.382854753555601	0.555774843083909	0.60569989269919	0.481074281526514	0.124282341738998	0.411304715208412	0.368876338237212	0.594898872703103	0.610810443862912	0.517999176971003	0.506446187328117	0.383208957056928	0.579576269824348	0.279336014708803	0.475863398285354	0.388154193611623	0.622681342957591	0.577265799862968	0.337642809065995	0.366786551443015	0.458007377486303	0.306278507836834	0.231083288473871	0.537910284365761	0.515536346961658	0.319925693750391	0.685572936365757	0.38843003422616
C5AR1	0.565881780984279	0.478363954085582	0.635164594619314	0.420610834682226	0.488832589211629	0.488732549267361	0.859554738704398	0.604065743184378	0.655093900150957	0.853308774771587	0.700210487612782	0.528302232905613	0.172088135332404	0.53547446756172	0.381723214982512	-0.125571117990091	0.300938757427682	0.516179547205907	1	0.609060418023262	0.809117486188391	0.319702037609978	0.587167960989083	0.591734326354031	0.676052151151855	0.502813313830063	0.49597612322736	0.196388883139666	0.703017290701886	0.686605713421879	0.630977930181273	0.709815245092963	0.813812674613295	0.702402107057484	0.25456969890575	0.591469648640579	0.379898423759787	0.636430244110006	0.499382488828505	0.717362313338447	0.766194862090154	0.524401289285039	0.452092310449744	0.422135265019936	0.719997288862591	0.242713456906852	0.585039359196874	0.513482545300347	0.228258122484827	0.679879032351089	0.587287969121585
FPR1	0.533090049687224	0.584445264042584	0.537251451856736	0.517408461929813	0.549029719672763	0.640054979470153	0.620795444956933	0.604575271748342	0.617758868726132	0.700355595149155	0.469329597284525	0.572941821028173	0.302130644782245	0.640224876472772	0.384065629893269	0.148858552324356	0.378688954814272	0.415766653418841	0.609060418023262	1	0.561616531238149	0.469756540098408	0.444991083142589	0.365226614100632	0.553622056171735	0.477228411364558	0.630659673356627	0.312812629638465	0.674824278700731	0.455954543966367	0.600123001465373	0.508306142944549	0.71113228583402	0.623367137907712	0.323874245060266	0.643374326113963	0.424132647686271	0.519723168516819	0.487506935428305	0.495519268928393	0.755767934658117	0.215435022334341	0.56169397643536	0.42515648859378	0.557785933505032	0.294599038702764	0.56878654321968	0.497146833797567	0.36893998411968	0.600074602419636	0.384851145186274
ITGAX	0.563866490851166	0.467019891398191	0.559145717974058	0.458548698620799	0.582766559356592	0.543947409969634	0.774012730395508	0.584564837141995	0.666597886647554	0.771640641007369	0.590452307198942	0.505495407977218	0.316658459524663	0.534171567780658	0.404516304698583	0.0606938210133783	0.445634557120545	0.549026253282338	0.809117486188391	0.561616531238149	1	0.32867971271361	0.405528636553817	0.418013449640943	0.649995960549959	0.614523997317177	0.512300242533183	0.243027322727846	0.744294724080769	0.61018690241254	0.587887353183665	0.633988688776861	0.77094416563999	0.704952863496683	0.236949434095515	0.688422781473379	0.289706800011539	0.616163673603376	0.555251575801559	0.657629194588828	0.696080718447602	0.351521698641294	0.459071735066753	0.438209008414495	0.658193330096481	0.351783645162829	0.619259230232477	0.460033421072115	0.209279165196669	0.708541364830772	0.586279347997687
ADCY7	0.527260424486114	0.650136595912631	0.418915025213032	0.478262887988914	0.425069029704551	0.321841504501188	0.326003715294465	0.468014651758428	0.502368808343521	0.508723683243699	0.404909050066066	0.552092161018703	0.201638878801007	0.553232479446474	0.321748250971905	0.415666181872921	0.453904303733834	0.240065696053331	0.319702037609978	0.469756540098408	0.32867971271361	1	0.0844016571893319	0.040719657725004	0.390314296537712	0.306560723862894	0.500737451254441	0.527382100023161	0.506065330380922	0.34921649211972	0.508400117814016	0.400234919290639	0.497217255098072	0.513315269079912	0.282751210557922	0.567613517287439	0.586175386964718	0.340044090930436	0.459418483120555	0.38532225465578	0.453578404621947	0.164849458932869	0.49920927063	0.359191255424085	0.222801127982728	0.456159602954079	0.528770880106665	0.380462128277647	0.422318851784252	0.5086438074626	0.410974457938929
INSR	0.233947880428839	0.298452417714123	0.325143307182947	0.259189632894361	0.219589668156145	0.169067254875027	0.560065945056941	0.452746206114013	0.380355033190442	0.568651218902478	0.585849240391177	0.256632829502601	0.150363513696648	0.31407244894149	0.229359451071347	-0.265028171393651	0.0929202635604468	0.299375779444475	0.587167960989083	0.444991083142589	0.405528636553817	0.0844016571893319	1	0.514687351865424	0.24359737083202	0.225731708740803	0.27887398979563	0.0344741407608034	0.457920854062484	0.482015000154499	0.338679025809827	0.358207561508855	0.529244695618999	0.242676696006033	0.315392305862763	0.32196827351511	0.0700179368804864	0.31204734187934	0.193557399464237	0.304827423814267	0.495054355315901	0.394342428079073	0.161161699482087	0.231121966306405	0.440103195123141	-0.088198676470636	0.222811302786064	0.309692663169465	0.18382139333701	0.379192782958782	0.48646375128596
KCNQ3	0.30012804504535	0.293887576641001	0.4996703731842	0.372836432270549	0.270953742534239	0.337486612782645	0.587530115640702	0.420668292727934	0.402875527596985	0.597320150670504	0.519003376805807	0.300978591184482	0.124114236758558	0.389515216125707	0.317968342748902	-0.235473305517158	0.157441636062646	0.382854753555601	0.591734326354031	0.365226614100632	0.418013449640943	0.040719657725004	0.514687351865424	1	0.466206152710121	0.237369676304137	0.37355870252233	-0.11529929096092	0.407852004392141	0.389323046887699	0.470521451086949	0.552764970264262	0.546636863635163	0.357151780503378	0.291304265478273	0.245532822544938	0.237639869199792	0.477362894971414	0.180456455803499	0.548463916661892	0.613311652976732	0.550975208467841	0.210993108004563	0.31729816359277	0.428701035533332	0.073315056548249	0.337212232525328	0.309906197774664	0.331033391561925	0.380785037362855	0.263149746701708
TREM2	0.748084263095092	0.542033708703955	0.898090849833731	0.79581677071827	0.558277215247773	0.603008721736139	0.671463898892809	0.808181961993633	0.802997804991543	0.771237653813109	0.595010426334862	0.807375787676864	0.367313386296543	0.74270407190818	0.770519424522741	0.320292612963304	0.601612147517109	0.555774843083909	0.676052151151855	0.553622056171735	0.649995960549959	0.390314296537712	0.24359737083202	0.466206152710121	1	0.725269731966012	0.789805702515095	0.321487000499696	0.697023572124004	0.389753604647579	0.919628012848342	0.909192534637958	0.712575581769343	0.888219932014067	0.464641944763679	0.719560351100272	0.615768596206784	0.919204936601222	0.764682153643616	0.839832620565987	0.744529028044633	0.475682624611981	0.705770039342557	0.584194439200954	0.283087505660749	0.599041962320971	0.870481041020147	0.676373322366154	0.57148308214045	0.742974433898642	0.281469759360225
ITGAM	0.588243151872509	0.4431307552656	0.706423374110385	0.658965764341724	0.606138919621724	0.596805902941065	0.543754465404499	0.737356009287136	0.744196046881932	0.660750183586275	0.507385839530378	0.60073721885465	0.459977797533673	0.607908355411969	0.658808346072392	0.205165330891421	0.557294330384676	0.60569989269919	0.502813313830063	0.477228411364558	0.614523997317177	0.306560723862894	0.225731708740803	0.237369676304137	0.725269731966012	1	0.732740801997497	0.267930625098623	0.632268456392792	0.428852890976912	0.762163282694267	0.692262211454579	0.596826682352964	0.699689369884366	0.419705724774461	0.689597273051032	0.525626639419703	0.751566128724407	0.712330907617381	0.626176329338074	0.592711046754125	0.403806826729536	0.665068220162687	0.52234368277413	0.165967292411763	0.410506386858416	0.69155066297774	0.685165285097008	0.556134285688051	0.738208534427658	0.320360616610305
AXL	0.740776156943476	0.695869219937799	0.82306352214589	0.80684803329201	0.679942921190813	0.679209182807188	0.48410270248888	0.787869496731542	0.821997680245886	0.646268743570944	0.571367673717284	0.70823126262158	0.356484442043616	0.789493629248265	0.740242179043685	0.467243159362875	0.675668943143435	0.481074281526514	0.49597612322736	0.630659673356627	0.512300242533183	0.500737451254441	0.27887398979563	0.37355870252233	0.789805702515095	0.732740801997497	1	0.363668419604448	0.689523081800101	0.365894825236989	0.889119029568022	0.739331618293956	0.736389022461196	0.703808716555375	0.611143755757449	0.75604374503968	0.683291963780408	0.799111070876697	0.650530248524307	0.598980031935312	0.6446983516478	0.504662344563595	0.679591122174224	0.530203934345871	0.230267432129115	0.667028206948646	0.762367484177062	0.706861752742457	0.730151785747572	0.631775003554155	0.309749152241039
ADRB2	0.535401097937393	0.621893815240315	0.297550729331816	0.338790954369569	0.239406508045056	0.266049594095093	0.132264572788452	0.356717631357113	0.346763288149079	0.355963580403373	0.368246227353427	0.607649040322842	0.269527438287441	0.550716380686014	0.288575052253513	0.548748853581189	0.353333999729629	0.124282341738998	0.196388883139666	0.312812629638465	0.243027322727846	0.527382100023161	0.0344741407608034	-0.11529929096092	0.321487000499696	0.267930625098623	0.363668419604448	1	0.448542975327825	0.335256847925731	0.349516554691553	0.315292780662771	0.394168637626314	0.45267326841076	0.0981522203332531	0.461096642026777	0.453424713733891	0.191688015040946	0.46987335985087	0.229713638888557	0.366193510641225	0.151054340014601	0.446009933249477	0.294292867553603	0.1484742293124	0.389034664262792	0.386309590099155	0.205837356726173	0.300042461227432	0.393103637082211	0.447145820892313
TNFRSF1B	0.628577990195548	0.606849339065275	0.64258318887399	0.567687779126181	0.64908608027259	0.587644968825047	0.694433977912379	0.662115089373021	0.745412115230332	0.790879204289185	0.662598365822154	0.698678215218197	0.35490913768907	0.653355729235972	0.529574092337896	0.273992324087668	0.526140985675427	0.411304715208412	0.703017290701886	0.674824278700731	0.744294724080769	0.506065330380922	0.457920854062484	0.407852004392141	0.697023572124004	0.632268456392792	0.689523081800101	0.448542975327825	1	0.63187934932018	0.712796795928772	0.657195371123692	0.770817888470998	0.744312230156326	0.374994787929657	0.685241971372724	0.492806975940133	0.676468374528979	0.707210311173939	0.607270074143005	0.751533981201035	0.451713264244377	0.616168423011856	0.4550466915707	0.563175407688729	0.402865222515496	0.696569270460514	0.57328511467037	0.463626483327993	0.70397148061175	0.520616666770512
TLR2	0.448516641821769	0.367259478301536	0.354690492453039	0.290499128716149	0.463466961238984	0.384643719589779	0.576529192705754	0.400810330267918	0.504760750708387	0.658216931794246	0.635227415555091	0.365776985186761	0.218715460097163	0.475964797070606	0.223157503564532	-0.00408574908587755	0.178318446595144	0.368876338237212	0.686605713421879	0.455954543966367	0.61018690241254	0.34921649211972	0.482015000154499	0.389323046887699	0.389753604647579	0.428852890976912	0.365894825236989	0.335256847925731	0.63187934932018	1	0.413950019944043	0.472307065149483	0.630391465564167	0.499109718513342	0.129114022928033	0.385557411171274	0.313906326513475	0.369501534208936	0.419976270428442	0.455238541743021	0.637624354864566	0.601009512020658	0.344582513781499	0.197440614599852	0.486994267429142	0.0165371131320974	0.465375129104404	0.321624737212274	0.273312728355547	0.577826660728337	0.583789468296486
CD74	0.80260097266283	0.677512717170316	0.934102074581931	0.888594265989328	0.63717250640603	0.57755610630907	0.628905640173337	0.896584785321929	0.889733087323621	0.797709834853879	0.688783744764937	0.817755036552661	0.400878345965408	0.837296410568721	0.842302396669894	0.343663867150247	0.642014919527031	0.594898872703103	0.630977930181273	0.600123001465373	0.587887353183665	0.508400117814016	0.338679025809827	0.470521451086949	0.919628012848342	0.762163282694267	0.889119029568022	0.349516554691553	0.712796795928772	0.413950019944043	1	0.90119378935392	0.741587740892585	0.802240540017072	0.666854398569201	0.767076781337732	0.696293962935683	0.89457273863016	0.711627785028926	0.793727619735614	0.758906610702052	0.578367902522601	0.751969079847892	0.68881637330145	0.236435799872629	0.633481151930401	0.869493564111813	0.718364296814673	0.721822098854056	0.779110905003581	0.390224183700524
ITGB2	0.744598220247251	0.553285565926175	0.904962857556835	0.762371688638249	0.466318646752275	0.496108750823189	0.663823594358481	0.813256177999995	0.828242745359382	0.818201548635206	0.676078608711769	0.753877049193584	0.293571961212816	0.748762690874889	0.791622505338425	0.19331995696347	0.523229932410359	0.610810443862912	0.709815245092963	0.508306142944549	0.633988688776861	0.400234919290639	0.358207561508855	0.552764970264262	0.909192534637958	0.692262211454579	0.739331618293956	0.315292780662771	0.657195371123692	0.472307065149483	0.90119378935392	1	0.683065998611746	0.827304328105183	0.531765262080601	0.63669022988839	0.5653849333597	0.880055094877499	0.713773779903644	0.899612345831171	0.782905131869952	0.588987616602867	0.640176438105544	0.626891340025419	0.284046815623997	0.496813391286198	0.837539173705494	0.657247820061321	0.574773961774195	0.797324377960454	0.354808879337925
CXCR4	0.696426166899702	0.683251061395482	0.694977338113825	0.648580249489866	0.63331103084067	0.659413616220552	0.783750264290477	0.679895126351045	0.73979111177605	0.829528163552784	0.699337179641771	0.654799146274313	0.293108832621749	0.735293448564541	0.514258151182195	0.182676790936808	0.487011895893744	0.517999176971003	0.813812674613295	0.71113228583402	0.77094416563999	0.497217255098072	0.529244695618999	0.546636863635163	0.712575581769343	0.596826682352964	0.736389022461196	0.394168637626314	0.770817888470998	0.630391465564167	0.741587740892585	0.683065998611746	1	0.748291268014903	0.353898140526766	0.786560841402393	0.564583123111181	0.674058938583743	0.576312378528703	0.629357974276775	0.792452968936979	0.502297807583642	0.54490649703482	0.468818180125285	0.656426432707384	0.428945177478816	0.648514481611938	0.581612625716817	0.476593270524277	0.672589313560765	0.60565635528643
ITGB1	0.692419299974279	0.568961825651618	0.752033579049187	0.643323917781498	0.535825737818485	0.586070856873612	0.729967141095983	0.729264604714127	0.773449559412583	0.795841998426284	0.569030297483164	0.797077779596057	0.354349325114052	0.718092538786995	0.628874115413342	0.291965372813137	0.56977007915162	0.506446187328117	0.702402107057484	0.623367137907712	0.704952863496683	0.513315269079912	0.242676696006033	0.357151780503378	0.888219932014067	0.699689369884366	0.703808716555375	0.45267326841076	0.744312230156326	0.499109718513342	0.802240540017072	0.827304328105183	0.748291268014903	1	0.2662350978287	0.72190478539204	0.597556476373355	0.80732466439576	0.802275526438697	0.813389963289076	0.768713871907122	0.380270526774901	0.630267651297588	0.567433412837793	0.397923407539337	0.453872505463573	0.830475970293739	0.67669671487334	0.449286584557172	0.751793665591311	0.362362131504346
P2RY12	0.517940255341428	0.433309336468479	0.624229777166133	0.650012347432679	0.396003947608362	0.207098976429913	0.197649147276349	0.61486460678709	0.61868717106415	0.407041518499038	0.394063450843814	0.402439888593133	0.127479028351643	0.565302824719602	0.661121467698312	0.148834881401128	0.344798531349097	0.383208957056928	0.25456969890575	0.323874245060266	0.236949434095515	0.282751210557922	0.315392305862763	0.291304265478273	0.464641944763679	0.419705724774461	0.611143755757449	0.0981522203332531	0.374994787929657	0.129114022928033	0.666854398569201	0.531765262080601	0.353898140526766	0.2662350978287	1	0.419268098945539	0.289945138692575	0.518623710212021	0.21645929527738	0.436475959435775	0.354510559872291	0.374964019955936	0.414662262448475	0.518870993971184	0.0436673409965509	0.449641479014932	0.479442630347571	0.380702083443832	0.563117389209935	0.461901736922279	0.255160775841188
PTPRC	0.73161918765282	0.777006189425842	0.704744946699821	0.776329093561403	0.721840237491967	0.641738600256962	0.573526908325154	0.770005101958529	0.715928708471127	0.723312105278418	0.564307805535211	0.68249140476847	0.480931014611097	0.717649494478414	0.572759952244619	0.364126964009744	0.656233411059276	0.579576269824348	0.591469648640579	0.643374326113963	0.688422781473379	0.567613517287439	0.32196827351511	0.245532822544938	0.719560351100272	0.689597273051032	0.75604374503968	0.461096642026777	0.685241971372724	0.385557411171274	0.767076781337732	0.63669022988839	0.786560841402393	0.72190478539204	0.419268098945539	1	0.577038108393893	0.650375879190295	0.652157972290079	0.5625480084327	0.61252958349666	0.246192215582444	0.603565413403485	0.593577080476748	0.457343128384592	0.611770404971058	0.66600045154451	0.601046236729411	0.531747948253481	0.726615414796043	0.469231745738703
SLC1A5	0.628550769948474	0.682927987465105	0.636649180832847	0.562825934474945	0.512446352962323	0.558478348578853	0.360814102002743	0.579837289200233	0.559011230547051	0.486377978999115	0.481650656917035	0.659490363843423	0.300261249246759	0.6186757302165	0.490897166545564	0.496378054155522	0.61549858364786	0.279336014708803	0.379898423759787	0.424132647686271	0.289706800011539	0.586175386964718	0.0700179368804864	0.237639869199792	0.615768596206784	0.525626639419703	0.683291963780408	0.453424713733891	0.492806975940133	0.313906326513475	0.696293962935683	0.5653849333597	0.564583123111181	0.597556476373355	0.289945138692575	0.577038108393893	1	0.564240192998886	0.502669603357856	0.432361123579832	0.486155202920981	0.439851853980623	0.603699312795486	0.433432008223477	0.0972240430967618	0.542469751835061	0.62507345700587	0.513077109136686	0.55534300588999	0.436015430566818	0.278576367088328
GPNMB	0.675046567822684	0.439199986898776	0.897152042778828	0.774977617847369	0.564903260007181	0.605318084562127	0.655261537609864	0.778048220206202	0.820777595006583	0.714510984963096	0.563202202157943	0.71211876067607	0.386301899795018	0.654328921628096	0.769780664781172	0.264592044938434	0.647010746122549	0.475863398285354	0.636430244110006	0.519723168516819	0.616163673603376	0.340044090930436	0.31204734187934	0.477362894971414	0.919204936601222	0.751566128724407	0.799111070876697	0.191688015040946	0.676468374528979	0.369501534208936	0.89457273863016	0.880055094877499	0.674058938583743	0.80732466439576	0.518623710212021	0.650375879190295	0.564240192998886	1	0.73005743372166	0.80349060916157	0.707130615833034	0.527116432423959	0.656030459099763	0.618062957453437	0.225674537843961	0.574186799148655	0.790976124773687	0.706462219412312	0.574364567797658	0.692290021823353	0.21421702676716
CD46	0.638504269398547	0.493731860286673	0.658634276613766	0.643981226362206	0.526226291616922	0.448880065777295	0.527993666057752	0.626882174852391	0.665341555417287	0.678456164596433	0.508222786252037	0.759610656313069	0.386074783564646	0.600868936003544	0.557711460886373	0.390341500217783	0.537366215015819	0.388154193611623	0.499382488828505	0.487506935428305	0.555251575801559	0.459418483120555	0.193557399464237	0.180456455803499	0.764682153643616	0.712330907617381	0.650530248524307	0.46987335985087	0.707210311173939	0.419976270428442	0.711627785028926	0.713773779903644	0.576312378528703	0.802275526438697	0.21645929527738	0.652157972290079	0.502669603357856	0.73005743372166	1	0.645277650515819	0.632144638843702	0.29008959573799	0.64517694095986	0.433807281465988	0.221154191488749	0.38631892500054	0.744338967931403	0.623084185961596	0.532691944502981	0.699006995939047	0.2689301155827
LILRA4	0.640293096875663	0.443574259874403	0.770426567998859	0.624683055686151	0.402987261372861	0.409784304510574	0.705207130127333	0.70539352381431	0.785849059499256	0.82598980254778	0.559938132451078	0.664421079661049	0.246274802390306	0.637337369640426	0.666860706039944	0.0130637795212127	0.385172632306348	0.622681342957591	0.717362313338447	0.495519268928393	0.657629194588828	0.38532225465578	0.304827423814267	0.548463916661892	0.839832620565987	0.626176329338074	0.598980031935312	0.229713638888557	0.607270074143005	0.455238541743021	0.793727619735614	0.899612345831171	0.629357974276775	0.813389963289076	0.436475959435775	0.5625480084327	0.432361123579832	0.80349060916157	0.645277650515819	1	0.768049877500703	0.505450170821043	0.534420711310958	0.571334332145231	0.355378822036446	0.334686917546449	0.815169499518293	0.60864564263028	0.467830890589574	0.795804850928395	0.34720109977638
TSPAN14	0.640386237760286	0.575710370746616	0.725961119199994	0.633657805615164	0.483137236148865	0.60107804377493	0.791799850246845	0.738723446516713	0.755348915169157	0.896048437183692	0.70160484202982	0.709451710686033	0.343334252380892	0.746920951015599	0.59052461940033	0.0950051292815485	0.405103269806279	0.577265799862968	0.766194862090154	0.755767934658117	0.696080718447602	0.453578404621947	0.495054355315901	0.613311652976732	0.744529028044633	0.592711046754125	0.6446983516478	0.366193510641225	0.751533981201035	0.637624354864566	0.758906610702052	0.782905131869952	0.792452968936979	0.768713871907122	0.354510559872291	0.61252958349666	0.486155202920981	0.707130615833034	0.632144638843702	0.768049877500703	1	0.524861644906741	0.6570161186615	0.532089276968304	0.504379417707953	0.288616989730663	0.719770550126118	0.582695205449105	0.458754681338828	0.775316765974963	0.551836489172285
LPP	0.4154410317368	0.319046523188361	0.56409898244543	0.452392539961074	0.321965785165904	0.280386663894413	0.423924451060783	0.445700080168124	0.548779470192551	0.539142403482294	0.690623486131706	0.358711054173497	0.114847309362211	0.48328736691527	0.46428727505021	0.0756737953288008	0.193246319342865	0.337642809065995	0.524401289285039	0.215435022334341	0.351521698641294	0.164849458932869	0.394342428079073	0.550975208467841	0.475682624611981	0.403806826729536	0.504662344563595	0.151054340014601	0.451713264244377	0.601009512020658	0.578367902522601	0.588987616602867	0.502297807583642	0.380270526774901	0.374964019955936	0.246192215582444	0.439851853980623	0.527116432423959	0.29008959573799	0.505450170821043	0.524861644906741	1	0.388533734067701	0.304727617721142	0.173970527053031	0.216296266557967	0.480442491418148	0.378533394914963	0.458470709255818	0.41711298086108	0.369552692462465
HAVCR2	0.62897545076206	0.560351301100193	0.75620384620911	0.682793289994493	0.470777719391826	0.601267212153298	0.469017772547436	0.717940970012087	0.643545214416734	0.609490933129853	0.577646007964553	0.729865203988563	0.420719983895598	0.673166486442765	0.641417752724893	0.408105321047462	0.545044059173578	0.366786551443015	0.452092310449744	0.56169397643536	0.459071735066753	0.49920927063	0.161161699482087	0.210993108004563	0.705770039342557	0.665068220162687	0.679591122174224	0.446009933249477	0.616168423011856	0.344582513781499	0.751969079847892	0.640176438105544	0.54490649703482	0.630267651297588	0.414662262448475	0.603565413403485	0.603699312795486	0.656030459099763	0.64517694095986	0.534420711310958	0.6570161186615	0.388533734067701	1	0.516660827048069	0.136340811555879	0.576731901363681	0.669243812547172	0.538353927891302	0.595494954556108	0.637157708868876	0.370462421206335
