""	C3AR1	ITGAX	CD4	ITGB2	PLXDC2	ABCA1	CD33	HAVCR2	TREM2	SORT1	MERTK	PILRA	TNFRSF1A	TNFRSF1B	SORL1	PTPRC	CXCR4	GPNMB	ITGB1	LAIR1	CCR1	TLR4	LILRB1	AXL	CD93	PTGER4	VSIR	IL18BP	C5AR1	ITGAM	CD81	CD69	NRP1	TLR1	SLC1A5	TLR6	TFRC	HLA.DPB1	CD74	STAB1	P2RY12	LRP1	ADRB2	CD180	RIPK1	LPP	FPR1	TMIGD3	TSPAN14	ADORA3	ITGB5	ITGAV	CD46	MRC2	CD9	TLR2	C1QBP	CD47	CSF2RA	ENG	SCARB1	APLP2	LILRA4	ALOX5	IL6R	CANX	CD63	CSF3R	NOTCH2	TNFRSF14	SDC3	TLR7	RACK1	UNC5B	TRPM2	ADCY7	PLXDC1	NOTCH4	SEMA4C	RHBDF2	GPR84	PLAUR	INSR	SIGIRR	ST14	FPR3	ADGRE2	CD300LF	SPN	SIRPA	SELL	KCNQ1	TNFRSF13C	RXRA	NRP2	ITGAL	IGF2R	PLXNB2	KCNQ3	LAMP1	CD40	PECAM1	STX3	CD82	STX4	RYK	TRADD	FGFR1	PLD1	MCFD2	NCSTN	RAMP1	JMJD6	CADM1	LRP10	NOTCH1	ATP5F1B	SMAP1	CCRL2	PTPRA	RPSA	PTPRZ1
C3AR1	1	0.901859721651351	0.906966427796193	0.92746352469603	0.955380564479153	0.873633974817883	0.869380510004376	0.958399857193458	0.921678910556337	0.915210641888176	0.689075139997569	0.918389256573891	0.863170685977157	0.920616960720423	0.87110055987939	0.882276812151666	0.731804906746493	0.816002808776227	0.933536539070995	0.916103052056212	0.86490909443681	0.752792996654279	0.908369828836046	0.926758903089555	0.441504143764799	0.65726020436254	0.798329851172786	0.895801458765456	0.732377657828732	0.748114075561448	0.949925361106217	0.684822472790364	0.686422313425351	0.794576652568144	0.905343365001047	0.436271942678559	0.700722203305745	0.760817119511385	0.878270231706538	0.744798968047481	0.709530822126848	0.858604807404818	0.719896853411137	0.818214946375547	0.786523310284518	0.878891018215062	0.951570691340716	0.879371341265459	0.882625034340844	0.850526145825813	0.909061688986954	0.751427558571448	0.832290195709193	0.863655154041518	0.786010953094966	0.749537072773851	0.883934956422924	0.807515546910442	0.915867039849464	0.890819595586153	0.822554506694333	0.911318985037532	0.77106464052094	0.8025278867373	0.88733304393189	0.925363105505376	0.869790650411344	0.807702002798125	0.744387557782713	0.857337318702204	0.561046962133527	0.780409298031865	0.877006935699287	0.739873075598791	0.803932683364982	0.711123431736255	0.265608589150798	0.746068711275225	0.532291109450136	0.874308693997781	0.614094870667794	0.576014966699372	0.511693389862215	0.815184288103481	0.827815174907572	0.844942097738443	0.793838577722944	0.753689172981277	0.818504646474379	0.922285270265454	0.579580977880836	0.702483045720128	0.591287966222195	0.695982637695829	0.569029594451979	0.843913433522968	0.827707588700739	0.760885846770903	0.743915097721314	0.924681595944636	0.776384160883306	0.846065093088888	0.670507724720745	0.88889564098557	0.790170829720248	0.626723312803327	0.896850220985094	0.479297649581975	0.835729946941774	0.907477262266279	0.852959389500107	0.659315209092299	0.662458407726187	0.621596554270061	0.930256728889124	0.405244972064809	0.893612859522113	0.839630943983907	0.790568642375481	0.787100253998145	0.887727110354931	0.0356349200766271
ITGAX	0.901859721651351	1	0.819903701369901	0.879947680148468	0.93339464288962	0.851552587725644	0.727266136963058	0.874226041548615	0.867615541602106	0.89491746890185	0.717808211115563	0.815544251758612	0.708030868368128	0.842112581363809	0.789895350463927	0.906555220168119	0.69700474478618	0.854891114881415	0.910473602314454	0.860909420765655	0.783529666742608	0.76872187230968	0.874355489403311	0.829629538703627	0.363672100782112	0.718785484243995	0.647844506947143	0.916828172915646	0.742339362320827	0.685862254910246	0.884589429382142	0.689847001076931	0.64248481105377	0.776425086524451	0.789340251785765	0.461634358795318	0.746438704986533	0.611868285467341	0.762089423867343	0.585961793411207	0.594572614707801	0.821953224748471	0.725647823541428	0.842856544522268	0.761642532435743	0.917337962814323	0.869650379394783	0.750462803711548	0.851848870843535	0.798845937546524	0.840830783215141	0.749637720657187	0.817949384984928	0.900438886931234	0.823184743286862	0.727287633575759	0.776526419052122	0.830751377551444	0.871327085193233	0.884657107716526	0.853504620038881	0.915351742759628	0.772581554243037	0.747931416441247	0.870964968186991	0.914448060457198	0.858266821672869	0.819768944523086	0.798631520886769	0.794522011430605	0.57376267328811	0.67917532237115	0.732613138888159	0.652355254891572	0.803735666507027	0.728410980490669	0.201858219672653	0.79683217536014	0.502421444842503	0.789003394264458	0.65191387674872	0.574565721961119	0.595092093200363	0.778742692696889	0.734949198411782	0.801380520067317	0.805300594427378	0.648293277103609	0.879606824192354	0.884786858701401	0.439593748265007	0.563079232586177	0.437019925418628	0.625522776409207	0.622044279602433	0.837267833748866	0.891020260151468	0.691090133815113	0.710552500558926	0.87096260159553	0.762353956046797	0.802060837187731	0.637693658802318	0.833775732162892	0.78874982169244	0.692118733285962	0.855128369575026	0.539770549253287	0.889647613780001	0.894804909419264	0.847415401106196	0.708052453083391	0.647955200074278	0.722767688112459	0.863534415325237	0.533739093093594	0.852164028350423	0.867646659598286	0.806398523674018	0.805279312657359	0.782291925473714	0.186392100996471
CD4	0.906966427796193	0.819903701369901	1	0.852922427814231	0.94006354688673	0.894352466867542	0.89473663584799	0.909620957554618	0.805535867654984	0.919867661988013	0.775779077148543	0.895667625132772	0.882377765436708	0.9384796639842	0.93528326096966	0.922627338372801	0.763278381053277	0.665424577086397	0.919759556605273	0.921960711174952	0.859927224794847	0.767764887499686	0.914920341037693	0.934741455946303	0.639416239073521	0.704461472366838	0.867629868394041	0.819890036373307	0.776259832658885	0.818632579693575	0.901328616979374	0.689897165203751	0.80374032809267	0.793870905998574	0.939731229374645	0.566992680577075	0.726564808758511	0.800263484392504	0.91094506423825	0.866850209644753	0.817399367188372	0.879463834465154	0.744042893396938	0.764952767007251	0.763307358290461	0.90249946034318	0.90216636219326	0.882806721098446	0.9203063593404	0.920782062740779	0.843685223897588	0.802476238711169	0.841075985584335	0.776190407777791	0.624798682846242	0.850886608906884	0.863025138046443	0.76886542837389	0.898486533255291	0.850368479505449	0.811584648568311	0.898209713778857	0.64867484582139	0.829507554269459	0.885213644706893	0.888383043156189	0.744313515398522	0.880227305824708	0.767821168279864	0.848072084189474	0.602908265962454	0.851391312994479	0.887905063677403	0.823885122314946	0.8964647859149	0.803831514265977	0.420263854637464	0.788514509653066	0.613965709606218	0.920929920241137	0.676628834161632	0.650101361841272	0.524387854499759	0.849434525568413	0.849573663682581	0.877711759046576	0.780561105449929	0.709383990385164	0.733029207129322	0.858862897179253	0.559940088952675	0.800180128872864	0.622419997509697	0.760399467609387	0.671199484942393	0.821904121055464	0.811700910398724	0.880077695850629	0.768252896616998	0.877500829049632	0.770833929875078	0.920230842538427	0.815360593295378	0.824575981425744	0.837434577032119	0.674006790897324	0.850572460862469	0.523569113942504	0.739697636561243	0.911852994515542	0.868387002157598	0.543913604251104	0.726351327458214	0.540157175156122	0.826346556645812	0.437970481784171	0.840119740788234	0.833957475915861	0.786387534619706	0.787711637518304	0.863598366031423	-0.00282321137462
ITGB2	0.92746352469603	0.879947680148468	0.852922427814231	1	0.920615456863008	0.764819324194246	0.772936359565807	0.921864483499977	0.970671644188286	0.878215932840501	0.520027701151564	0.875173860491094	0.775767766755881	0.82648821338986	0.778197135805673	0.810548628530086	0.582768181409663	0.893943785511126	0.91155352931205	0.891707607163955	0.786354000361869	0.648297364166798	0.894143290461931	0.906501325557763	0.356026743042325	0.660953046838883	0.660248361456656	0.896868960857917	0.69256664444679	0.68192561737991	0.978293597592799	0.600971401272653	0.671183577999048	0.723022901872372	0.861071574057377	0.27240634402456	0.652245916079499	0.685673779883273	0.794144805089242	0.706608969517959	0.637352240082384	0.795689984303112	0.611397208036514	0.818684851858406	0.751194274318238	0.837720993084589	0.880913164884393	0.88356767554159	0.797221969913012	0.757933513486349	0.947067463192294	0.698238235337494	0.734296448035054	0.87542564141533	0.900086538952434	0.602629760831731	0.884092529128409	0.888543272128349	0.806213680344172	0.9316800399569	0.792964510350883	0.882683268515724	0.886647327638702	0.755125554903387	0.836297859940784	0.933057314239585	0.969398828435323	0.697763465496441	0.737651401765179	0.831755315168299	0.464046095512865	0.683803005067243	0.829796232752669	0.706594983290011	0.77019747107598	0.645616924974958	0.164639131697807	0.704819781095874	0.461700843941298	0.809258096852235	0.559781738563316	0.594037391869895	0.421653333131695	0.826652100605647	0.839137973458	0.813434001065629	0.743336883522872	0.748971230240465	0.794756845166014	0.94650261267104	0.497507209700025	0.586031305060314	0.405732671956726	0.653376242293467	0.456315943291846	0.796574602698701	0.863878021788634	0.704764177297639	0.630807281635013	0.911729171555559	0.790389522998583	0.813702312166982	0.626344716908975	0.857727957519379	0.773485994535925	0.56184280041315	0.891695277229933	0.423575999962783	0.875574061851141	0.912585188326045	0.853611296992326	0.742781791993762	0.607078406016512	0.693294859039605	0.942190774405327	0.377481865221936	0.939368419297036	0.847678301582803	0.792924998446985	0.775604045941243	0.887175660906153	0.0902827735466505
PLXDC2	0.955380564479153	0.93339464288962	0.94006354688673	0.920615456863008	1	0.886300915891583	0.858959819121819	0.930813875752082	0.89749544913834	0.959551550097725	0.741882072106834	0.893081594580242	0.844266219586521	0.939569260922491	0.90843087560247	0.939808235352895	0.723726620917984	0.793060816848828	0.955854813058379	0.929585162499829	0.850056625982706	0.783613265102048	0.936710840125302	0.930487998859859	0.497900887868338	0.697604772081209	0.786162291251676	0.900169745717208	0.75166611879911	0.764391029857199	0.943044288912655	0.684126660917962	0.757929173282236	0.834201404189506	0.910909518480613	0.508784760882853	0.737889846728271	0.729897027564914	0.867076948994938	0.770178638365341	0.739160909725066	0.883976412700494	0.721214177915784	0.836172596335681	0.774236787316244	0.932577281564141	0.944834789967902	0.858395380871433	0.907651296742078	0.897410390463645	0.899889035623808	0.807789429875108	0.856922487092732	0.880716493732444	0.774459130906641	0.799884056349006	0.861826814682154	0.839957683822567	0.920775673446181	0.919818339259134	0.844275910900859	0.935087669385883	0.752599748198438	0.808402405725285	0.904047877747844	0.945295513750814	0.850914068843912	0.856224518078206	0.808568137079262	0.839001073008087	0.591471486848686	0.794086550419701	0.848867070383268	0.781947637870247	0.865570894297473	0.796172729658076	0.312512172575622	0.808894889331959	0.589558974988147	0.903037153392215	0.648846262144268	0.598484432211623	0.56759174036634	0.829834236333466	0.80854380317597	0.855999113240554	0.783849468993814	0.70918423524608	0.833833651390292	0.937031635618606	0.545932507782708	0.704064111943497	0.550746998690958	0.714902056360435	0.604564549049854	0.859135506069649	0.876462529843995	0.805741649896586	0.795498380042026	0.920617517492877	0.765927089828001	0.892321757137571	0.726579388727091	0.871299993362242	0.808244734844352	0.684285657536223	0.898129849332614	0.529565234897344	0.853894466511245	0.934809742979955	0.887003802737211	0.675315148116642	0.686225517639712	0.64953584254537	0.893279260587247	0.471148603066326	0.892442515448298	0.867463210790232	0.797642282627287	0.832278898997213	0.869061169656091	0.0873304942559441
ABCA1	0.873633974817883	0.851552587725644	0.894352466867542	0.764819324194246	0.886300915891583	1	0.867637327105093	0.886429468692227	0.70028691815166	0.89042114009001	0.895487412289182	0.869833326660942	0.808629575575809	0.933793455001614	0.91294144858968	0.928277789350024	0.884922253111715	0.646702401474444	0.901058981309579	0.890079280529225	0.842935440080546	0.819306801708499	0.833437506322422	0.871023855571309	0.66610774695963	0.727297300445072	0.878798875984653	0.844914034925524	0.808264654221554	0.878259477793974	0.837288112860921	0.780489691152788	0.745683724370912	0.780398274743012	0.862850245032593	0.597996036058931	0.79980767089198	0.793386909045966	0.900790229411497	0.728356086890746	0.780391596076323	0.921128240919855	0.871612231283453	0.766357251044808	0.784606791983117	0.880517038381892	0.843663053703443	0.81149643796786	0.944927334661507	0.902158057983344	0.736098658623521	0.8295513590248	0.875067264442648	0.756756284010924	0.534187892436584	0.897951489351312	0.813868702828987	0.712621055435696	0.925480163541938	0.779177228341918	0.847400175443089	0.919840825380997	0.564778014362303	0.805631996836678	0.876398883472203	0.857708522887443	0.666828392905873	0.917869082619728	0.792205348442153	0.849805236804952	0.71732901961626	0.842928212977174	0.865102262450729	0.72252160298934	0.828642236420783	0.792953983264011	0.475792340668253	0.8178166390834	0.651380398339056	0.847894296474765	0.736398105361064	0.63250618625353	0.626633555078504	0.804755040999404	0.806229482268473	0.880935706545821	0.794300180099131	0.73775675740663	0.770464876463084	0.781103218947882	0.561956003406526	0.799949738717095	0.718556491941776	0.776039180790079	0.753625889157588	0.81853449274265	0.77521595404718	0.85254591118053	0.773274862994903	0.871586995091417	0.761303009983204	0.892579155463043	0.815608332053702	0.801203442405053	0.842150279557093	0.745829897825691	0.841863055923001	0.605442287216328	0.723287918580788	0.856427831961528	0.868886569007476	0.488744988964025	0.759920039596622	0.563802509178273	0.76113017390981	0.561527276444466	0.784743355706458	0.8567301247289	0.793746234552811	0.794036133677346	0.836039038174494	0.0838722530886285
CD33	0.869380510004376	0.727266136963058	0.89473663584799	0.772936359565807	0.858959819121819	0.867637327105093	1	0.882941050906294	0.74434534931839	0.858432413895167	0.727674237988476	0.873638762443848	0.88718667463519	0.924409361534923	0.906590482001899	0.837140116246902	0.74075643629694	0.611946542287659	0.853939001488261	0.846719952602989	0.837188025501314	0.686855943776766	0.796111770364572	0.88200035502943	0.640946174021432	0.517006950539075	0.908911602622236	0.757537854564782	0.661341995039368	0.794258448608533	0.847004747896018	0.619090954987656	0.74425515419298	0.772833425101294	0.905648465763986	0.500592854716664	0.633400374741101	0.806328614394517	0.884712875316464	0.826296426564066	0.848332328270224	0.831225016303446	0.691006977274098	0.700057076990953	0.734905786805356	0.787072783279808	0.850483007124444	0.885295719646848	0.870404920187028	0.891745611155386	0.797805852027489	0.797073925091072	0.799008187028334	0.677186625214767	0.50434359511923	0.8112680753921	0.8374590466822	0.669744031672524	0.867790228540328	0.718542722407529	0.735339999437015	0.831315329976904	0.534145006683478	0.790966136138187	0.810641150213779	0.806318440351394	0.658407487470019	0.834480487293422	0.66828328540349	0.852064172636651	0.577991821290693	0.833308971167078	0.876877821101724	0.789217171985603	0.773940170764134	0.753625347552356	0.388761685724837	0.695575041713261	0.626023003568577	0.902733998194199	0.562025615947831	0.527944702953395	0.399900310330524	0.744255257891042	0.794521817669155	0.842020292702979	0.665792411916734	0.75662484597866	0.646363343044551	0.776146651056586	0.626960906246098	0.798994147923479	0.731969529297723	0.800944193218072	0.56218712237235	0.741863212000422	0.655476394564768	0.851086427470485	0.715219972566147	0.873015453156534	0.680696073630713	0.86388861609358	0.773552117426884	0.80240655335877	0.710728269768898	0.619599011100214	0.784390797415843	0.432208234666651	0.622133769422038	0.818682008516256	0.810476172565646	0.425722876356927	0.629173459126154	0.426100424653103	0.778666538295621	0.372172416583754	0.790757450681485	0.748686814501444	0.652387053307164	0.713068100871016	0.837927513853646	-0.0622893836085153
HAVCR2	0.958399857193458	0.874226041548615	0.909620957554618	0.921864483499977	0.930813875752082	0.886429468692227	0.882941050906294	1	0.885302121496163	0.911062934060355	0.711202736578959	0.943756364477147	0.874835699408005	0.919929875616412	0.892122086732367	0.880268323861071	0.740868410292237	0.792787437437911	0.940272367745832	0.937407492599946	0.874978698607811	0.756311752429348	0.87054781495812	0.955680785578519	0.508702737568615	0.666090877058949	0.840440400384738	0.88810792665795	0.710858881897703	0.788128471289569	0.954100733011816	0.663659629728693	0.708549072011401	0.806860378765104	0.91889077828237	0.432778527674954	0.695798217176628	0.812673395029551	0.902029838084579	0.759545330266638	0.768055856730356	0.873214604155226	0.744000877743278	0.859572369192652	0.787389271878914	0.859551870263829	0.908755569108326	0.900255303922582	0.894021755175165	0.863368793724577	0.889201994202703	0.764480881569267	0.841927702461495	0.82315945533315	0.734937795429842	0.780082335837943	0.902250465718815	0.823382282908876	0.900157188652466	0.888748189137717	0.829282211464473	0.911929381631249	0.775231066620688	0.799666196177234	0.8672435293549	0.915255082868139	0.851708518224164	0.84589213738479	0.751362959494024	0.891064857131092	0.5664107134811	0.799299242142991	0.914196676481782	0.761498772442807	0.807109547994683	0.721821462712846	0.319226657622747	0.760742181156591	0.558189497458143	0.881780678396253	0.626128401724228	0.55982211556201	0.49630493786414	0.849175344761486	0.872428038096904	0.856047572609011	0.786646032442085	0.790823530080655	0.8091740879731	0.88195209627344	0.580122065259569	0.75670347471161	0.641043870578609	0.772879483262961	0.583582549708889	0.852102378586741	0.806897555570955	0.802496002296374	0.729308640527164	0.938075758366571	0.781953346180296	0.879173381754657	0.729241902056416	0.87892209889019	0.791742048981841	0.649446040233214	0.880356785224704	0.443425157248602	0.799105052585594	0.887103838979224	0.879400210715177	0.610731898321775	0.64993700734281	0.610593441076085	0.921535064799407	0.393269235127194	0.913908365471937	0.858313190171653	0.760769215445296	0.789934515831698	0.913298845081344	0.0101217988551202
TREM2	0.921678910556337	0.867615541602106	0.805535867654984	0.970671644188286	0.89749544913834	0.70028691815166	0.74434534931839	0.885302121496163	1	0.827063699398291	0.441868554900274	0.828754571150232	0.730964942199171	0.774935696484609	0.714711572062355	0.753460322435287	0.512452737284658	0.906962342399792	0.867998947683992	0.821114458712343	0.748909842372438	0.631223916977943	0.862203280121878	0.849620213082138	0.238787551528887	0.59258959505513	0.591407302601112	0.867176352042695	0.633928681085652	0.573253199126142	0.94288537145594	0.56437506743311	0.592671050284009	0.670228319553251	0.826729380023981	0.225028793427524	0.607426259314315	0.598950163420739	0.72651765876434	0.648416205396867	0.551863325304661	0.722807672914454	0.543491657507717	0.794343606720371	0.721343605177529	0.801421683671768	0.894315384278902	0.844145379847141	0.726798806766492	0.69573003714945	0.943965691476352	0.633492658093438	0.686210844182172	0.862646470866441	0.932455409067649	0.532642889926934	0.831305501338863	0.850558040890732	0.770976350795355	0.89158784721714	0.741988656518657	0.82410233281916	0.884761357006834	0.710485867953772	0.806160331774156	0.88540149818833	0.968903516697652	0.641027406136259	0.681530867753297	0.766688464605824	0.396748917908502	0.622558033475128	0.75803812715767	0.660138141868094	0.720187214787963	0.601823481142613	0.0225311321241214	0.638841520407159	0.36614482935734	0.78177014628905	0.515182093560534	0.529561543976659	0.347714073926424	0.75316965018105	0.753756452702358	0.745149005126103	0.695760182835654	0.667294793110289	0.775791550362141	0.947161260756509	0.441227406034534	0.514383221763298	0.354473683300202	0.563676308208709	0.401695622132805	0.752509111189835	0.833842611965901	0.610127986993764	0.594278145946662	0.875089044052117	0.73605887959382	0.729025567738728	0.52989833946296	0.845583374063061	0.703497440938544	0.511141093197785	0.849119157395401	0.388776664899136	0.872423187753597	0.885709682597623	0.785233120995202	0.768156138340458	0.548926296508103	0.667002797110973	0.94376826051824	0.316440875813097	0.901686689619378	0.787703234112863	0.750131281779716	0.722210338727139	0.81677685858721	0.0758200789622166
SORT1	0.915210641888176	0.89491746890185	0.919867661988013	0.878215932840501	0.959551550097725	0.89042114009001	0.858432413895167	0.911062934060355	0.827063699398291	1	0.77627588193862	0.889537606835189	0.843279402577928	0.940529014758084	0.914246079402139	0.940226741281481	0.744745936500805	0.743313491361351	0.937835080891345	0.93028337172234	0.818489405094254	0.762867847498767	0.895827160474461	0.922821471093864	0.547992780761645	0.68423176472196	0.803154952635307	0.868889691327707	0.751098601334582	0.795217019604733	0.914461134499329	0.679676850239456	0.795147809315476	0.832288185832853	0.885605238535513	0.523658135371396	0.743308620713167	0.755892186453644	0.873765612454929	0.746047391844554	0.765749576301539	0.911634301386906	0.720656153769268	0.782743393460531	0.776514308972755	0.914251191246898	0.88141419030282	0.840470854462869	0.912125195091923	0.907060717645584	0.848851157350746	0.848664594483918	0.884387379461877	0.837808202678756	0.69955773242058	0.826116608427603	0.874223087124854	0.840207889869198	0.914559720915822	0.872056500285248	0.848212808036462	0.941222412125412	0.672288558379301	0.784238901884357	0.880139682725353	0.9359717538392	0.797111545127054	0.858822079600106	0.798673055134282	0.847716398780522	0.638382447459434	0.775631435791534	0.862148151952053	0.804948938953372	0.855181768568297	0.784257834930767	0.417322043597725	0.813660217685918	0.632279991952879	0.887942176150112	0.632505119704397	0.600647408127078	0.615475430536444	0.832548799790733	0.805505647286211	0.86375052071443	0.787282559324363	0.715024313662357	0.807056658389442	0.879057162229517	0.544864703559197	0.702222780068491	0.607737446508735	0.761766215540615	0.621668142797921	0.867076860475003	0.840654857888912	0.844980189277961	0.789318193375842	0.914640074267034	0.752493969518995	0.902910316522898	0.782135019995287	0.86420056387951	0.823975980420934	0.741416722795744	0.889217064602215	0.565245924496342	0.802007549909267	0.915598886265585	0.907625936315704	0.649381973834764	0.702492529018519	0.663534582842592	0.841671761022934	0.535607869977961	0.8858748027707	0.878062960898021	0.781098436556527	0.85151496414594	0.880160889009532	0.143291479029591
MERTK	0.689075139997569	0.717808211115563	0.775779077148543	0.520027701151564	0.741882072106834	0.895487412289182	0.727674237988476	0.711202736578959	0.441868554900274	0.77627588193862	1	0.711555458448108	0.675554840378145	0.826498413137854	0.827984327441953	0.867075551603751	0.889896153266527	0.389919459185083	0.747189259430646	0.761429789400741	0.703317626951996	0.780126192366543	0.685047614326496	0.726005934622802	0.663998389824284	0.667532623623491	0.829346072842274	0.669365836773609	0.723308054975529	0.793096537842794	0.615071803192197	0.739523366381157	0.651594551661518	0.729715689528726	0.699874765361156	0.679271976462616	0.733633338014996	0.706046964532995	0.802146885654483	0.571024851422381	0.710230996019485	0.804255763952028	0.866474923121335	0.657804279798776	0.65682631672705	0.787701570930204	0.69232906910582	0.576791171549387	0.854169213526073	0.835259969446849	0.487021518598536	0.717651462160575	0.792640170712327	0.571888490201179	0.27663709739956	0.941166760009684	0.607840787134635	0.509681098121984	0.852955704042783	0.60515399419798	0.736095674425401	0.773486960954306	0.329775995770891	0.693167049669647	0.70294090752287	0.678578823622699	0.397123854864187	0.902566714405525	0.693351369930383	0.713035680344436	0.669535692864117	0.745799742697148	0.718416745068341	0.591540390483109	0.72885618222507	0.750848688431622	0.552890982859375	0.791710671703361	0.626041456200221	0.72359195814027	0.739784782175412	0.508522808207699	0.664308783538416	0.676454750930164	0.6027942769962	0.745080209915409	0.687198483862658	0.573277312936034	0.664229737021324	0.564763402203802	0.466380991031302	0.767495484533551	0.743726294184287	0.688575459873575	0.819134018978001	0.716990059198269	0.58556331496251	0.775851424123013	0.704272105431046	0.683208981576566	0.597104904641613	0.782756727121454	0.770613923932558	0.595261980648635	0.739248589104374	0.725689279130902	0.663632532372052	0.532251216818974	0.546618370953511	0.669102172212693	0.75279163568944	0.292788773288913	0.69077118191854	0.391576628908873	0.538036913954888	0.512147362904638	0.565264684741035	0.718315193397413	0.654180462319999	0.65254122085944	0.647548707886768	0.0265526962897964
PILRA	0.918389256573891	0.815544251758612	0.895667625132772	0.875173860491094	0.893081594580242	0.869833326660942	0.873638762443848	0.943756364477147	0.828754571150232	0.889537606835189	0.711555458448108	1	0.89639526197519	0.902143706576361	0.889309189761182	0.865107820027777	0.772423697067587	0.785769760393456	0.919715409791716	0.914281844762037	0.843329529043447	0.715531615493163	0.832307141748632	0.94584693981384	0.510611829319038	0.635241267238344	0.864253020350761	0.860325211503875	0.719026591514381	0.824601961792874	0.923670107481969	0.626637468625941	0.709702425966704	0.755709352048858	0.892713549138443	0.346741236578392	0.712080931911259	0.897069925639423	0.944828276556324	0.705877768683862	0.752517606412393	0.886962498794122	0.740932816922236	0.774207258674189	0.817476910046376	0.840170476135634	0.858638073152777	0.876414402524578	0.881464557052655	0.845038915596665	0.850168152724598	0.734483463551493	0.833543121111268	0.734520601968726	0.665100107429246	0.75507548759967	0.911700843385406	0.799235545635376	0.891422176768434	0.848052612052902	0.807545630576027	0.913864979306668	0.695358026786969	0.776410591016518	0.836073805764891	0.883751421852411	0.804599577726114	0.820430380361194	0.766939186743995	0.89998352660873	0.526278108469964	0.802945529368038	0.951156061672031	0.70544904064466	0.778327666831172	0.644434974215006	0.40015816551581	0.741547194882036	0.569665242543536	0.799227788643892	0.58474693060996	0.572745499720021	0.505920562723346	0.833417035022767	0.835559167761152	0.898541438563376	0.750691527138571	0.804372849321845	0.753609559982139	0.815032663596584	0.646023645761065	0.749351717865291	0.702089891621814	0.789561718765183	0.556796416532877	0.84621858540473	0.745987789932384	0.791872158000856	0.674754369425346	0.918145623034964	0.785540448528548	0.878095724844009	0.79082327960879	0.870483732028308	0.760971550842045	0.661137595568565	0.876085636535199	0.452748254303739	0.707401610866098	0.852541196045143	0.888480221318942	0.537313403691345	0.640427571915136	0.600619784716608	0.8751353361781	0.442280215851796	0.887146314837455	0.853639429141154	0.754889418137367	0.780736176838263	0.939471749078724	0.0136857145890043
TNFRSF1A	0.863170685977157	0.708030868368128	0.882377765436708	0.775767766755881	0.844266219586521	0.808629575575809	0.88718667463519	0.874835699408005	0.730964942199171	0.843279402577928	0.675554840378145	0.89639526197519	1	0.893101378713157	0.900255613905713	0.829328361661638	0.674596449600615	0.616497036485251	0.845355057148188	0.870707125604729	0.84893887802254	0.611078823494353	0.77774585421981	0.891857906126326	0.604588390606549	0.472145475445747	0.891875942053195	0.742204811360642	0.582745989428164	0.788079837664942	0.844116276216007	0.4762790892532	0.712343193995439	0.776350650992633	0.867101402235941	0.481133869097147	0.554856150581399	0.849481565113592	0.895257834221567	0.811780532894838	0.843284228044933	0.820971426678392	0.636727391197098	0.677959357916891	0.71020928361559	0.794872000883443	0.815864297891325	0.833658585631133	0.852508779791199	0.87367541099258	0.800344674120962	0.741190066265985	0.818789220934132	0.689278480929294	0.523115741107207	0.76678300533719	0.845409101037237	0.689172132297148	0.838105954052252	0.734975397632542	0.743795807045367	0.820900954498786	0.553498792396742	0.734227097559868	0.779958264555345	0.824395107716542	0.66682332412209	0.788784926247621	0.673724078831571	0.829271045193197	0.558016906000961	0.843214339380026	0.889821473373562	0.768622512067252	0.755342772385814	0.669418772950332	0.494689673030046	0.658544682213416	0.683228011412196	0.818305545765733	0.431354874746192	0.447519772282437	0.46443923268373	0.730446845663581	0.82599540729457	0.810399137818248	0.674139362580932	0.744823764691521	0.64103216442664	0.731529956328244	0.713921558285599	0.769134651434441	0.681858385780464	0.764132445428889	0.455769557561259	0.752581151520464	0.651820270176014	0.780857314712754	0.726144416397061	0.863590284171706	0.650060939553577	0.860117272726815	0.712716162390064	0.822180507617165	0.650471586357295	0.570841284204371	0.753864520972141	0.364324049884619	0.579668298925165	0.765895416976958	0.772916409528285	0.440151589268267	0.538869907333915	0.47877341920667	0.806576196711157	0.339951371386112	0.812864678380962	0.74225143479733	0.57909077603811	0.727379683887289	0.860691947607429	-0.0388219268362055
TNFRSF1B	0.920616960720423	0.842112581363809	0.9384796639842	0.82648821338986	0.939569260922491	0.933793455001614	0.924409361534923	0.919929875616412	0.774935696484609	0.940529014758084	0.826498413137854	0.902143706576361	0.893101378713157	1	0.953935003272616	0.927366159006321	0.804986604757108	0.661953507645713	0.925517785258946	0.930201932016332	0.867594619509439	0.766191986646655	0.880909135701033	0.925360811841651	0.647285763452554	0.64112925721001	0.900850562665938	0.838852186550637	0.741002506611447	0.842641671014305	0.891087401046325	0.681639065971156	0.781019407649985	0.853170189903014	0.92192124828193	0.57659935223767	0.725795106899319	0.828086329216331	0.925511732364087	0.810602891994975	0.838239167237858	0.917242695126073	0.756952569210411	0.777685365780874	0.748825269633205	0.884094893495864	0.892615872195952	0.86623468573963	0.941311509918951	0.938308331279523	0.818704495290101	0.865142449538569	0.890803527288176	0.779075036728255	0.587322602161656	0.883983189298793	0.87278819276777	0.758309954875958	0.943896408680746	0.819405933138472	0.824670298385523	0.92094004419652	0.606031298258626	0.819797746006875	0.875920628475199	0.898495459467099	0.71663277074861	0.891620702510692	0.769546477872876	0.86631074872071	0.684683956475705	0.866310192014821	0.899623315748483	0.80963865563114	0.836546336131254	0.807486476129806	0.44362802904143	0.800593878816763	0.682524039083146	0.915389255978094	0.641507546676428	0.572900905551935	0.575426435891085	0.826393556894307	0.837500596547851	0.888578223668042	0.774268868417988	0.758717288743963	0.756449700968549	0.837105982400182	0.629794788697934	0.793809493708844	0.717281558971584	0.821365875746962	0.625612915980267	0.843459515989249	0.770077307735263	0.882075434827774	0.807945843891475	0.912156402607092	0.732244835914622	0.926535336134268	0.802258128622041	0.853129518465973	0.793364504198185	0.708304982905667	0.856557555544886	0.543674658920762	0.720823656970609	0.8706615880903	0.875219932628551	0.532408929368996	0.705723847207024	0.559706134441944	0.823717519035827	0.479437114705656	0.845991198401503	0.845947878512243	0.741466518785412	0.808812366559413	0.88421348952319	0.0504047760881271
SORL1	0.87110055987939	0.789895350463927	0.93528326096966	0.778197135805673	0.90843087560247	0.91294144858968	0.906590482001899	0.892122086732367	0.714711572062355	0.914246079402139	0.827984327441953	0.889309189761182	0.900255613905713	0.953935003272616	1	0.92105442886043	0.755156876552538	0.596496387151493	0.900399385841045	0.911282467930851	0.873111210155165	0.747063187302478	0.842255547448232	0.916185325669105	0.662102036958557	0.593867622923741	0.930189276650261	0.796352978543828	0.670518425522789	0.843658494013816	0.854124200732526	0.58963981475769	0.795344013488592	0.841705429155405	0.905843229089937	0.645895896320446	0.65842366753456	0.827423406438401	0.915601837592026	0.826531181583884	0.88503565051288	0.909335438129281	0.719413551352061	0.74620116595552	0.692486339889444	0.85366293746867	0.841157803785289	0.839732416946641	0.919982998230335	0.954098709804376	0.788391385966714	0.840648926382164	0.890181858075803	0.740384042836935	0.503697076264808	0.88452734166809	0.846252844917222	0.71706233176429	0.898921446733716	0.789075904821788	0.800948930781095	0.888424396742667	0.539827443112207	0.783328131697621	0.839809456611024	0.858565151800134	0.649358402171237	0.89768580611033	0.768560817968067	0.851933352648013	0.683682213311504	0.872715125788752	0.894622504962739	0.839367517994135	0.853644173887173	0.818854278414385	0.560132981577246	0.777231025241553	0.693166788940229	0.902118888345152	0.572179807840452	0.505382845655175	0.557263961499752	0.80284210170744	0.83327544872838	0.851531639725204	0.717441722718621	0.724461251562593	0.707765308646517	0.774889402392644	0.672557387472401	0.819857594379609	0.724195890529981	0.815265788606278	0.607373590050256	0.848328262955631	0.7164281182396	0.880528728367646	0.846829879241404	0.893179099351355	0.677643867863721	0.923028325053366	0.819802297842497	0.817992602187064	0.735620347949163	0.688581565027699	0.797467538716465	0.483710347663952	0.631765615580499	0.841055213491174	0.860559654984885	0.46880787978805	0.647476900610579	0.519404996850245	0.773948058456455	0.459323139784804	0.80994110501873	0.816965317387364	0.658375662798864	0.801703225072629	0.86003522324983	0.0257159605587423
PTPRC	0.882276812151666	0.906555220168119	0.922627338372801	0.810548628530086	0.939808235352895	0.928277789350024	0.837140116246902	0.880268323861071	0.753460322435287	0.940226741281481	0.867075551603751	0.865107820027777	0.829328361661638	0.927366159006321	0.92105442886043	1	0.799236758763828	0.694529640052029	0.935455348999325	0.912221133135571	0.838534642444919	0.772049068034199	0.875529321669976	0.890978303636524	0.591947579798353	0.702883677648672	0.827385241225928	0.859982829289025	0.753544003699658	0.830475929040019	0.860636733425689	0.692911909018461	0.77184074404754	0.839385580777962	0.871249721492216	0.624550355910056	0.736126916871977	0.748560372594543	0.871122954843896	0.724333829519863	0.785269413087908	0.886853834457691	0.800232884887996	0.796784660064547	0.777483869641406	0.945163036541436	0.86255173111855	0.776357045146698	0.937668026890655	0.932132266866143	0.796996975521254	0.805124667042404	0.878004564953671	0.8201109989098	0.623838068722046	0.88602989439675	0.800121863101213	0.758914385753514	0.913912744812458	0.835101150837005	0.861962626158799	0.926589214286101	0.616143443266665	0.790498674440236	0.87811271081543	0.89668171605367	0.720773982559825	0.920577683392247	0.800765963570106	0.836341466562101	0.662518770076884	0.819611837727706	0.826497985952292	0.746366643831899	0.875417905598886	0.836551743406542	0.457840696212188	0.842191023170547	0.655542033140703	0.869881140886669	0.664956791532864	0.585924088751473	0.638314692163419	0.808478537239784	0.790105623329371	0.856613405558962	0.786145789267956	0.689490036064323	0.834200954839945	0.825999126170219	0.539101128356212	0.750533589786162	0.608484338727696	0.729777731735968	0.702551168875617	0.84379013873612	0.826415028130336	0.832360972229242	0.813967148229378	0.880773013059342	0.735848012117178	0.901751762614496	0.789367028060972	0.818143256671721	0.819545580885449	0.741937797163044	0.840056843505898	0.530931325251059	0.781787296029487	0.887551484148361	0.87855586252923	0.541303867330021	0.67933803076361	0.601265227491987	0.789246686679611	0.531091470778964	0.815035167232595	0.863978401261204	0.767410884315127	0.822867799338297	0.817233003990146	0.0862760839749197
CXCR4	0.731804906746493	0.69700474478618	0.763278381053277	0.582768181409663	0.723726620917984	0.884922253111715	0.74075643629694	0.740868410292237	0.512452737284658	0.744745936500805	0.889896153266527	0.772423697067587	0.674596449600615	0.804986604757108	0.755156876552538	0.799236758763828	1	0.4757430728464	0.743509194223724	0.761821904574943	0.720407392218332	0.761890972157499	0.701185590470208	0.73407951692773	0.571421113954384	0.763535851930971	0.803796879387799	0.688329876935096	0.85655449382486	0.83265940058491	0.662041087245774	0.867684418277749	0.613685049878492	0.566912795382681	0.706094677470993	0.44407941235219	0.846865209705884	0.78703758187255	0.859196870048737	0.542463774456892	0.587003209700884	0.807301263219344	0.903441472866179	0.634182613206245	0.761368474510937	0.762509375881212	0.73919033683798	0.663643083513455	0.85290466932935	0.757764226067088	0.520939293031458	0.657963183814213	0.723644967364958	0.525375419412475	0.352015013988307	0.835553419236548	0.683892975781138	0.546119555463902	0.875673713863065	0.655327171406069	0.718122505880246	0.792960385644223	0.406189905111364	0.698699519435238	0.715939270297393	0.683830323459398	0.48262224273456	0.838552412558143	0.668888396061496	0.734934985374846	0.591207793340018	0.721493768448774	0.790743959301065	0.467236626399882	0.674375393576643	0.583154058459893	0.439190729818385	0.767484345743391	0.537984840241111	0.662972846415599	0.81968615144355	0.675615996489092	0.652742820302459	0.728365601424121	0.621337569365211	0.784173471025785	0.735429819985226	0.623338927790516	0.642282660917714	0.60741562275026	0.490331479478846	0.776254693681242	0.758244416625826	0.652494108056388	0.804751483312638	0.71040150251001	0.585067436591705	0.724921044270006	0.570189031203556	0.678103778674689	0.752260779031767	0.743260856878792	0.761202440632849	0.611948290670705	0.818906869720719	0.70231556578963	0.763374956569456	0.606018487503973	0.571815914726125	0.696840306678026	0.730599852137336	0.334078968458061	0.793202841205503	0.427808058380858	0.599344216766361	0.552279043812201	0.605107480223539	0.728075298038866	0.787787801758018	0.636965240517828	0.735294344090812	0.0205608401739174
GPNMB	0.816002808776227	0.854891114881415	0.665424577086397	0.893943785511126	0.793060816848828	0.646702401474444	0.611946542287659	0.792787437437911	0.906962342399792	0.743313491361351	0.389919459185083	0.785769760393456	0.616497036485251	0.661953507645713	0.596496387151493	0.694529640052029	0.4757430728464	1	0.790682941306962	0.72527012106098	0.641771903006644	0.541677330362804	0.745102411662119	0.748502243156639	0.139739205469349	0.548582762120605	0.47454001892088	0.882249763124958	0.580697219458224	0.521280605369319	0.862769732441169	0.486103881041392	0.508182351284209	0.586032952937227	0.68212855738827	0.11442903439245	0.60564096816303	0.547071921278407	0.639478889075097	0.443337344608288	0.441124039997286	0.663759062058157	0.53724650082373	0.718195311052802	0.720855748273979	0.746042334820543	0.732495441444873	0.723493929696658	0.649020366084444	0.593487652706697	0.858590920704458	0.544430480024269	0.625964985298151	0.811186171662802	0.917593029292921	0.416855029147304	0.738952961486201	0.812472926934855	0.679309673380812	0.804233684859383	0.739901696869963	0.797198641663741	0.857285160016107	0.602983763195062	0.736535280333261	0.812874436688484	0.945525133055856	0.568665283858429	0.683566680916532	0.738854397141564	0.357139194815226	0.513621624326457	0.658804068077752	0.502974240336534	0.644703359596131	0.480679444438816	0.0208815407132871	0.581895441381881	0.340385944353421	0.597092785177653	0.436048277637106	0.4764310991822	0.331797690945602	0.662963740216044	0.692849915551355	0.73184522573794	0.675433485302126	0.68019430660681	0.763375903014752	0.825034409937505	0.397958494269723	0.336659695212974	0.282505668193839	0.517174005671456	0.344221917356369	0.709313924528334	0.778589681221988	0.499724295935756	0.46116864522175	0.832142432330151	0.701814885063903	0.647474670167394	0.517187425238305	0.79063663762808	0.623708388141958	0.48723361535056	0.800844133914417	0.354898240749277	0.811320413411036	0.796550577968058	0.741900142484169	0.677312639625065	0.441890097641066	0.684179663304759	0.868013749733547	0.353156034343773	0.836269705107075	0.757952513757162	0.719791294681065	0.666017302068262	0.74556750405829	0.120834170564051
