""	CD3D	CD2	CD3G	KLRB1	CXCR3	KLRD1	CD247	KLRC1	CXCR4	CD8A	CD8B	ITGA4	ITGAL	CD44	ADGRE5	ITGB1	FAS	TNFRSF14	SELL	CD69	S1PR4	ITGB2	ICOS	CD226	PTGER4	TRADD	PTPRC	SMAP1	TNFRSF1B	PILRB	IFITM1	LPP	SIGIRR	PTPRA	HAVCR2	CD74	SORL1	VSIR	CANX	TFRC	CD81	C1QBP	APLP2	CD63	CD46	TREM2
CD3D	1	0.885400946212515	0.803016176519201	0.13798399919403	0.335693647799984	0.141833883730121	0.259092179752122	0.303453871854161	0.382336479113025	0.540194766714071	0.604461027991937	0.569012608037401	0.476026661028185	0.581245668985856	0.60680829225411	-0.00447938692489927	0.161494361617886	0.0973544489628172	0.0210112806909633	0.245119752653583	0.432091707904847	0.00599811208586608	0.537667254874588	-0.0297872325739717	-0.0652226959184544	0.0959693895090012	0.722970379178208	0.00699595180091672	0.0633475851638683	0.0890362899478903	0.192031570027458	-0.190919031382602	0.17897906370325	-0.078040571739073	-0.162866484391649	-0.14031005074505	-0.324226433796969	-0.153351891346174	-0.11933835415618	-0.383592880158898	-0.278670504313687	-0.00840144640247954	-0.265034065075306	-0.171451119396769	0.0233443402722244	-0.378302016647362
CD2	0.885400946212515	1	0.867566949717176	0.198664693604355	0.444840011442708	0.0699042572506313	0.327246954684934	0.162092792272736	0.429033356404717	0.439270988827118	0.649743557834234	0.533173451527401	0.470065125585971	0.591425870299905	0.600859949139112	0.147725445642274	0.170104720525667	0.260447508078393	0.0604576683407336	0.211998263694665	0.430222096632633	0.0701828752225962	0.566479235186048	-0.0755371883177781	0.00149989243040321	0.168992791875539	0.800755947647188	0.137375936540979	0.214480011683465	0.240839140002067	0.321616749196866	-0.0697975038044121	0.404879578542618	0.0477181665255495	-0.069323633319557	-0.032877623330579	-0.207394341517195	-0.0411687246892034	0.000347651425174501	-0.280339095675091	-0.157610127877629	-0.0114228498068954	-0.17928797650094	-0.106382535108561	0.246519552884389	-0.331088454156195
CD3G	0.803016176519201	0.867566949717176	1	0.258320020672662	0.43060322306647	-0.031158389970148	0.310996262068685	0.0291136039263774	0.60424429223466	0.461310426971453	0.540177204041236	0.634219889481454	0.468463397285007	0.726383495190467	0.710262539701679	0.260458339809637	0.225878026977274	0.353174646851444	0.0759899630840424	0.386845240365591	0.621209557187087	0.165391576060031	0.609176283231428	-0.0489112118973362	0.19570636023398	0.258831569106412	0.859647517700554	0.205685107021486	0.307594759295751	0.318703995680073	0.425585003019041	0.0555034474247513	0.43223560665959	0.0808234296105093	-0.0291531121117354	0.0973912566576725	-0.100810267612386	0.10522346146279	0.0941837348885747	-0.209926938380786	-0.072236791801714	0.124514390830276	-0.0862424722233764	-0.0189142424923045	0.329327363653259	-0.282579649072756
KLRB1	0.13798399919403	0.198664693604355	0.258320020672662	1	0.0182410275321091	-0.115753001239822	0.269295663018888	-0.118802201981402	0.320948458701424	-0.401681187792647	-0.293832512890441	0.080298087991244	-0.231046097527828	0.108879216103038	0.00407452956355681	0.0933141907661888	0.230329784304304	0.415088969736763	0.505953056409779	0.511461827083577	0.394427910534142	-0.107920856054094	0.578432431359745	0.432832135683478	0.357282860884286	0.410281938782379	0.220699414270617	0.283770331604735	-0.0861462033020306	-0.178010414716114	0.279477861271149	0.105882806721739	0.0532874192362586	-0.0624432145731044	-0.157973202166271	0.159563456617862	0.0539471867693137	0.098600702904895	0.138005471259274	-0.126483312484285	-0.134546534150856	0.40826187398984	-0.0691531173270067	-0.0685728673255734	0.086776371575813	-0.198614920151823
CXCR3	0.335693647799984	0.444840011442708	0.43060322306647	0.0182410275321091	1	0.240882949408828	0.337526168204633	0.248053167410567	0.301990464297243	0.309296272355362	0.505695866327467	0.406213020963937	0.225652522382425	0.453896475178358	0.327468902670642	0.41101800934753	0.312370837534399	0.396633311626293	0.0168945947473279	-0.0975694411950244	0.1718375063689	0.303993093809166	-0.0747847718381974	-0.39967670093914	0.223995166952974	0.280799590861406	0.427830186525501	0.214744436025698	0.329998604537125	0.324734062706727	0.478462503332383	0.123209070397584	0.560006259825321	0.24184066671924	0.0306233798715678	0.219299295121691	0.0589988915962573	0.0989335550575346	0.217318715115708	-0.0052549578054353	0.154674758209738	0.248505275290807	0.0978298439084293	0.193534108960872	0.407997708890205	-0.0647159625842761
KLRD1	0.141833883730121	0.0699042572506313	-0.031158389970148	-0.115753001239822	0.240882949408828	1	0.678220072730951	0.728149046017137	0.209570614829749	0.52337386572311	0.457023239903158	0.260637933774319	0.480626757109149	0.282693799023373	0.367192736240202	-0.145833308980467	0.00768373943666989	-0.123009597414708	-0.374778270466492	-0.122742132826802	-0.18091404562575	0.160996582348105	-0.351848386420612	-0.161001162767256	-0.0509305550025084	-0.120969172917417	0.061424016016603	-0.261679030160865	0.0349241551659867	0.267460089701401	-0.00994365998535338	-0.221236300253595	0.0520879467333726	-0.125698747531449	-0.033114537852266	-0.148809561497561	-0.284566667834618	-0.255921183524395	-0.25973052140321	-0.139482136147392	-0.131225111394807	-0.185494988350911	-0.231482505879072	-0.154190597624879	-0.150523871179167	-0.130801946020787
CD247	0.259092179752122	0.327246954684934	0.310996262068685	0.269295663018888	0.337526168204633	0.678220072730951	1	0.359403834667166	0.337419075033639	0.444866659634154	0.349670270366292	0.335606809468611	0.331930052645425	0.507139843213755	0.420366364527257	-0.0103007609710638	0.348633814905216	0.195510423727108	-0.19878872155025	0.0279630237303894	0.126677924105439	0.224918478422711	-0.0854319855047662	-0.113264404043572	0.0371086758867562	0.312350153197357	0.321627778850619	-0.0781150036050604	0.0128878462136717	0.316222778201316	0.264291612101308	-0.0904549112453135	0.187593695717886	-0.135126099030963	-0.0824542631819213	-0.0257886098406176	-0.257996257465327	-0.174233586205949	-0.11115105765968	-0.209880633112103	-0.11069714744946	0.0640781020581032	-0.201655054579497	-0.10793073668074	0.0440367702778617	-0.238714250257614
KLRC1	0.303453871854161	0.162092792272736	0.0291136039263774	-0.118802201981402	0.248053167410567	0.728149046017137	0.359403834667166	1	0.204693520175895	0.455811664624133	0.530510419658453	0.312098667138466	0.408145792056941	0.19955971760661	0.281454247696212	-0.186869404449446	-0.162984281373678	-0.184960445469764	-0.277185947234942	-0.0397635570399836	-0.114900263081304	-0.0224670042830639	-0.20269565367321	-0.139555175456138	-0.156831890649988	-0.291671291370592	0.174891210830029	-0.289746342100236	-0.0357324320863605	0.016621347885042	-0.0759994374759275	-0.343256502666972	-0.0384144446130443	-0.15273594510341	-0.156897448841384	-0.210844129856316	-0.337484779323802	-0.292861453887359	-0.279475546640327	-0.257176008970389	-0.262627921712974	-0.152550584476929	-0.284428723141469	-0.21999928677593	-0.206092517935518	-0.212728113078988
CXCR4	0.382336479113025	0.429033356404717	0.60424429223466	0.320948458701424	0.301990464297243	0.209570614829749	0.337419075033639	0.204693520175895	1	0.35459002385695	0.436759313509591	0.608473885654464	0.597221239077261	0.704275293240489	0.590008760371358	0.184441344463917	-0.178015856152822	0.30646597085689	-0.183058948930672	0.731800988935134	0.356019760715882	0.198402814793045	0.380411238159266	0.225186986556283	0.593578311163881	-0.0224260499238383	0.695182342752978	0.20754097228161	0.443269742248492	0.237775960957575	0.248045826806632	0.113096800610824	0.36532411747521	0.0417797501801724	0.058752925762613	0.222945233785231	0.012254299492911	0.234105768750486	0.0859196524055508	-0.0127037470255045	0.00284221826139156	0.00847907843399337	-0.0897309096829547	-0.0921781010310339	0.275850314604074	-0.125763691536756
CD8A	0.540194766714071	0.439270988827118	0.461310426971453	-0.401681187792647	0.309296272355362	0.52337386572311	0.444866659634154	0.455811664624133	0.35459002385695	1	0.752747354702585	0.504672701434151	0.604355119902857	0.632975796409419	0.633621420218278	-0.134224503603738	0.060281902196658	-0.135825811065703	-0.574736999627308	-0.0635521639888449	0.10089574850191	0.258102615767592	-0.127610090411464	-0.452452182118468	-0.116540712007458	-0.0575445040418982	0.478427541377069	-0.287963857235636	0.140060022701888	0.474155134189083	0.00794692025937421	-0.216195912755424	0.120343256915944	-0.131691109593545	0.0133347972250789	-0.163089490856701	-0.327618706635471	-0.197333956905524	-0.263855020756206	-0.184389213873044	-0.109297432930255	-0.295473627904414	-0.24666474044088	-0.168597031856788	-0.0244544140464936	-0.171633232652189
CD8B	0.604461027991937	0.649743557834234	0.540177204041236	-0.293832512890441	0.505695866327467	0.457023239903158	0.349670270366292	0.530510419658453	0.436759313509591	0.752747354702585	1	0.612274212112146	0.689747193295355	0.581627401541834	0.635519065897797	0.115953617401361	-0.0329762390994124	0.0898043323627015	-0.433718293363497	-0.047066605324797	0.0762084289450311	0.277039043461758	0.0633812708775542	-0.388475662719161	-0.0480125475130811	-0.0476107268246775	0.620037229426699	0.0253354436714375	0.355962264072618	0.383633796550376	0.165013837059288	-0.0564395838514693	0.461063196670958	0.123842127595994	0.107962151071105	0.00509525383048992	-0.18584270665222	-0.0410139252468365	-0.0315875098435052	-0.0958170293208221	0.012223831720515	-0.177856052277845	-0.103521658714255	-0.0545732965965155	0.145647558941573	-0.117292872213608
ITGA4	0.569012608037401	0.533173451527401	0.634219889481454	0.080298087991244	0.406213020963937	0.260637933774319	0.335606809468611	0.312098667138466	0.608473885654464	0.504672701434151	0.612274212112146	1	0.592613299550864	0.70724799419844	0.595002488608689	0.426872440075337	0.0641795684564078	0.270993264323181	-0.247561609435992	0.275402928311151	0.509634328771248	0.359541667422395	0.351777620134059	-0.121081889693383	0.216169980706987	0.269688557899234	0.705280451304988	0.359522894362892	0.402024931752532	0.262627211747011	0.398992085059054	0.21624081239661	0.485800084610213	0.217723957144965	0.164701840912596	0.32614704029136	-0.0766280481760474	0.201285514018328	0.285589246717459	-0.0454603014663539	0.12578046167209	0.3381269480025	0.142317144816717	0.229167852089828	0.218393785597227	-0.0733559831691909
ITGAL	0.476026661028185	0.470065125585971	0.468463397285007	-0.231046097527828	0.225652522382425	0.480626757109149	0.331930052645425	0.408145792056941	0.597221239077261	0.604355119902857	0.689747193295355	0.592613299550864	1	0.493948788842696	0.604459732053885	0.0247459068801556	-0.31550248038137	-0.108166755614846	-0.504004523307057	0.300846030369398	0.12363372918192	0.214268199530884	0.117863591545448	0.0354428685592075	0.1751253326357	-0.262846485160307	0.610363781314523	-0.0295154164791519	0.377110469047319	0.244484778166191	-0.0155907283801247	-0.0748968290726894	0.242618545581247	0.0199299884528636	0.160619326655883	-0.0415672375817613	-0.149559960266261	-0.0151196061110762	-0.101671367005213	-0.0218330852812477	-0.0158437291505966	-0.320011497425385	-0.137966895744728	-0.120179891920943	0.0585137655346121	-0.0456285226694811
CD44	0.581245668985856	0.591425870299905	0.726383495190467	0.108879216103038	0.453896475178358	0.282693799023373	0.507139843213755	0.19955971760661	0.704275293240489	0.632975796409419	0.581627401541834	0.70724799419844	0.493948788842696	1	0.715148305666155	0.335985443400988	0.249919498069166	0.432894536474606	-0.209381151964373	0.297303886825074	0.444123970336242	0.46086357678487	0.223880496552403	-0.128592467478686	0.343756037129331	0.346675198447148	0.732179132445038	0.278468831581344	0.449235966619562	0.485720783731144	0.484936528049178	0.230541801054346	0.490519553589004	0.157725290393574	0.147430462106102	0.307941965161545	-0.0207040170165998	0.249694406951106	0.208020965808746	0.0291907420521275	0.149144314785831	0.208106845085529	0.0691155202343687	0.12721200765292	0.357164552644562	-0.102127919681656
ADGRE5	0.60680829225411	0.600859949139112	0.710262539701679	0.00407452956355681	0.327468902670642	0.367192736240202	0.420366364527257	0.281454247696212	0.590008760371358	0.633621420218278	0.635519065897797	0.595002488608689	0.604459732053885	0.715148305666155	1	0.320592343883643	0.19184843107261	0.324156689039293	-0.283683505640219	0.159294603771154	0.431685190069295	0.350619674340215	0.291438855665621	-0.0677848098426699	0.123244617779205	0.114197552618615	0.67406241971203	0.259237035629546	0.51174500193122	0.52922709801891	0.451016660487059	0.216061042925292	0.473297467263965	0.29958709931732	0.164535736597324	0.18203845028825	-0.0631099117300878	0.17122809056081	0.232256373751414	-0.0246090766775616	0.163185833711799	0.113824254417506	0.150888614391628	0.208007074263494	0.396184727122292	-0.0944176267695318
ITGB1	-0.00447938692489927	0.147725445642274	0.260458339809637	0.0933141907661888	0.41101800934753	-0.145833308980467	-0.0103007609710638	-0.186869404449446	0.184441344463917	-0.134224503603738	0.115953617401361	0.426872440075337	0.0247459068801556	0.335985443400988	0.320592343883643	1	0.368879917174351	0.690199081107911	0.141018530387328	-0.120174156424349	0.373001700645383	0.592523950126623	0.136576865280018	-0.0860003644102924	0.350890898451453	0.547420805885679	0.331216345321117	0.833887722765433	0.729535739974161	0.399058746545139	0.808438250774416	0.783810192051485	0.793799887530945	0.762498657581802	0.526676914948237	0.778446488205924	0.54484279119465	0.726169623463933	0.880007434253316	0.508322032885431	0.764743677586061	0.751406178179204	0.799749443928345	0.827859373829857	0.802000421819734	0.403397388454973
FAS	0.161494361617886	0.170104720525667	0.225878026977274	0.230329784304304	0.312370837534399	0.00768373943666989	0.348633814905216	-0.162984281373678	-0.178015856152822	0.060281902196658	-0.0329762390994124	0.0641795684564078	-0.31550248038137	0.249919498069166	0.19184843107261	0.368879917174351	1	0.493454051212956	0.332933789526337	-0.370770022248835	0.269628730203822	0.408278153792131	-0.0204248044304359	-0.340496411341794	0.00353877729043505	0.700209751993701	0.107986576411279	0.333773908761537	0.076851320985845	0.3957190687114	0.53474471031767	0.310465566892022	0.34865613802124	0.322916009462013	0.13363452479415	0.328115474589259	0.195102899987624	0.183121174672396	0.375395645645722	0.0840755329069536	0.31401499832336	0.565379166553753	0.353976315365685	0.424633167411579	0.382769670981702	0.0692010503754965
TNFRSF14	0.0973544489628172	0.260447508078393	0.353174646851444	0.415088969736763	0.396633311626293	-0.123009597414708	0.195510423727108	-0.184960445469764	0.30646597085689	-0.135825811065703	0.0898043323627015	0.270993264323181	-0.108166755614846	0.432894536474606	0.324156689039293	0.690199081107911	0.493454051212956	1	0.296993923044897	0.0107953449338271	0.483095642824147	0.535799789852311	0.27629233330507	0.00132877163489001	0.386901358566423	0.619083435681795	0.375778146649546	0.67597600469958	0.558197038960396	0.328075853433122	0.758871814202616	0.537825372758432	0.700026173703837	0.427767393238651	0.360293669805514	0.710029917183942	0.450330156843342	0.62549361330325	0.632271633550632	0.318457309940441	0.500533206224466	0.668217359823367	0.467768432620514	0.475520995461424	0.64060544076403	0.231615450577979
SELL	0.0210112806909633	0.0604576683407336	0.0759899630840424	0.505953056409779	0.0168945947473279	-0.374778270466492	-0.19878872155025	-0.277185947234942	-0.183058948930672	-0.574736999627308	-0.433718293363497	-0.247561609435992	-0.504004523307057	-0.209381151964373	-0.283683505640219	0.141018530387328	0.332933789526337	0.296993923044897	1	0.105642992831166	0.0999166511441933	-0.167033442451636	0.293510597300551	0.224405756054193	0.265688106356472	0.269461008969349	-0.0611026049538992	0.16162253063751	-0.164720865141413	-0.288597837229138	0.146379018032211	0.00822411353258543	0.0118771614794233	0.0530902642648021	-0.195145760727729	0.108180823598568	0.187022437005583	0.0825529700646319	0.103323028165084	-0.0713742642014974	-0.108629319759829	0.342493756215278	0.0207299799095064	0.0112930109189149	0.132674848982355	-0.116808987105094
CD69	0.245119752653583	0.211998263694665	0.386845240365591	0.511461827083577	-0.0975694411950244	-0.122742132826802	0.0279630237303894	-0.0397635570399836	0.731800988935134	-0.0635521639888449	-0.047066605324797	0.275402928311151	0.300846030369398	0.297303886825074	0.159294603771154	-0.120174156424349	-0.370770022248835	0.0107953449338271	0.105642992831166	1	0.224784350986464	-0.258980134399663	0.53821486014283	0.512265471050738	0.51843819784008	-0.183546441394137	0.398732956115818	0.0569824412490099	0.0282473907047213	-0.153446479078833	-0.087964881530429	-0.0719837905036427	-0.0653120094279369	-0.153524715978602	-0.252609555969483	-0.107750107439576	-0.119806918822496	-0.0104270657203854	-0.0995967305294818	-0.161172152458936	-0.286135573940333	-0.102778963726995	-0.279532299973684	-0.312527022712022	-0.0409487607936352	-0.294932406938388
S1PR4	0.432091707904847	0.430222096632633	0.621209557187087	0.394427910534142	0.1718375063689	-0.18091404562575	0.126677924105439	-0.114900263081304	0.356019760715882	0.10089574850191	0.0762084289450311	0.509634328771248	0.12363372918192	0.444123970336242	0.431685190069295	0.373001700645383	0.269628730203822	0.483095642824147	0.0999166511441933	0.224784350986464	1	0.130305915147003	0.554891576732005	0.150642384184632	0.0719806359049756	0.369793269677796	0.48290060407985	0.294534420510216	0.209199372667883	0.104614262971109	0.549429336725964	0.189299214937726	0.241125570852836	0.026898103619007	0.007568584513771	0.269689788985616	-0.0320548214735943	0.210422734485616	0.254959927662819	-0.1551784241593	0.0206808743279769	0.479476854085672	0.0965487829734817	0.180596052802444	0.180287526192189	-0.161070144898759
ITGB2	0.00599811208586608	0.0701828752225962	0.165391576060031	-0.107920856054094	0.303993093809166	0.160996582348105	0.224918478422711	-0.0224670042830639	0.198402814793045	0.258102615767592	0.277039043461758	0.359541667422395	0.214268199530884	0.46086357678487	0.350619674340215	0.592523950126623	0.408278153792131	0.535799789852311	-0.167033442451636	-0.258980134399663	0.130305915147003	1	-0.146242514389028	-0.304712097098878	0.397163970461551	0.517119340374362	0.406319130718963	0.479790964449659	0.699817716906528	0.505161285263235	0.488398218548097	0.486394449054727	0.613104532789651	0.422948671441452	0.862659008944751	0.797515391719101	0.714032093822074	0.75138870594231	0.517220994090503	0.703152552548886	0.808948493442715	0.401326340957899	0.581060131601514	0.539938077639732	0.603971916018936	0.753923333140346
ICOS	0.537667254874588	0.566479235186048	0.609176283231428	0.578432431359745	-0.0747847718381974	-0.351848386420612	-0.0854319855047662	-0.20269565367321	0.380411238159266	-0.127610090411464	0.0633812708775542	0.351777620134059	0.117863591545448	0.223880496552403	0.291438855665621	0.136576865280018	-0.0204248044304359	0.27629233330507	0.293510597300551	0.53821486014283	0.554891576732005	-0.146242514389028	1	0.357507039718131	0.101567746486682	0.138029144401484	0.51691823242519	0.308169998206649	0.121923669538131	-0.144375118490491	0.195089351307039	0.116446511576196	0.212587543270665	0.0444638678988552	-0.0520151340503945	0.0618123835825294	-0.0345092131043012	0.136667604306711	0.136996213725487	-0.149442761802729	-0.130549528656309	0.194215482411545	-0.0453589943136246	-0.0590941571380894	0.119831638450109	-0.208052403362597
CD226	-0.0297872325739717	-0.0755371883177781	-0.0489112118973362	0.432832135683478	-0.39967670093914	-0.161001162767256	-0.113264404043572	-0.139555175456138	0.225186986556283	-0.452452182118468	-0.388475662719161	-0.121081889693383	0.0354428685592075	-0.128592467478686	-0.0677848098426699	-0.0860003644102924	-0.340496411341794	0.00132877163489001	0.224405756054193	0.512265471050738	0.150642384184632	-0.304712097098878	0.357507039718131	1	0.160794515776189	-0.176307885340241	-0.0665818206026064	0.080036210186058	-0.127864429868014	-0.479413790297914	-0.141776465067132	0.00861527454009091	-0.326971305957257	-0.160563065157088	-0.109962292977414	-0.0559716949405898	0.00743088295472	0.0372849246672053	-0.0280486776513408	-0.0154091572659616	-0.185905160948551	-0.0124176830704413	-0.0954879468998882	-0.156324994734978	-0.19819067004143	-0.0778286065407741
PTGER4	-0.0652226959184544	0.00149989243040321	0.19570636023398	0.357282860884286	0.223995166952974	-0.0509305550025084	0.0371086758867562	-0.156831890649988	0.593578311163881	-0.116540712007458	-0.0480125475130811	0.216169980706987	0.1751253326357	0.343756037129331	0.123244617779205	0.350890898451453	0.00353877729043505	0.386901358566423	0.265688106356472	0.51843819784008	0.0719806359049756	0.397163970461551	0.101567746486682	0.160794515776189	1	0.22479528307055	0.364404619328261	0.357250869953459	0.466039154624271	0.131562183014368	0.260369865539768	0.291021163274389	0.342336275193244	0.227181963928893	0.33724600196637	0.526373978765112	0.466127245757018	0.494919955687484	0.293394661221164	0.426433852599821	0.361016197234306	0.230693412202296	0.216202064102464	0.134704025155913	0.433113993032798	0.277337243845816
TRADD	0.0959693895090012	0.168992791875539	0.258831569106412	0.410281938782379	0.280799590861406	-0.120969172917417	0.312350153197357	-0.291671291370592	-0.0224260499238383	-0.0575445040418982	-0.0476107268246775	0.269688557899234	-0.262846485160307	0.346675198447148	0.114197552618615	0.547420805885679	0.700209751993701	0.619083435681795	0.269461008969349	-0.183546441394137	0.369793269677796	0.517119340374362	0.138029144401484	-0.176307885340241	0.22479528307055	1	0.222838201195534	0.555874753755053	0.223301847901837	0.262715135184811	0.629124300121521	0.519392025263029	0.427205564435229	0.325908423245069	0.332733739987426	0.587184447606181	0.36652404708511	0.427236417491998	0.533760077005229	0.279185183864312	0.450422986682371	0.708158350559834	0.444735114550781	0.473204448133619	0.41681914383717	0.230206345425029
PTPRC	0.722970379178208	0.800755947647188	0.859647517700554	0.220699414270617	0.427830186525501	0.061424016016603	0.321627778850619	0.174891210830029	0.695182342752978	0.478427541377069	0.620037229426699	0.705280451304988	0.610363781314523	0.732179132445038	0.67406241971203	0.331216345321117	0.107986576411279	0.375778146649546	-0.0611026049538992	0.398732956115818	0.48290060407985	0.406319130718963	0.51691823242519	-0.0665818206026064	0.364404619328261	0.222838201195534	1	0.282598049038057	0.5039460919887	0.344865347866803	0.393872463790557	0.107339310500485	0.537456405737249	0.167983182445059	0.254389022520537	0.318124051178139	0.120811651276809	0.323228449286795	0.185209533608525	0.0218067778586474	0.131934925778375	0.119247101765174	0.0267512559480133	0.0484966410367477	0.448486161539859	-0.0143581790483319
SMAP1	0.00699595180091672	0.137375936540979	0.205685107021486	0.283770331604735	0.214744436025698	-0.261679030160865	-0.0781150036050604	-0.289746342100236	0.20754097228161	-0.287963857235636	0.0253354436714375	0.359522894362892	-0.0295154164791519	0.278468831581344	0.259237035629546	0.833887722765433	0.333773908761537	0.67597600469958	0.16162253063751	0.0569824412490099	0.294534420510216	0.479790964449659	0.308169998206649	0.080036210186058	0.357250869953459	0.555874753755053	0.282598049038057	1	0.629045474708256	0.282391023447858	0.666455329504049	0.850847589551204	0.690647594560993	0.822878054729102	0.485064744474333	0.741441029476777	0.533000537391101	0.69561671955215	0.937820521621996	0.502032773806591	0.704101709729675	0.757459438280703	0.83626627035681	0.815915430364961	0.70562397488404	0.368015115604011
TNFRSF1B	0.0633475851638683	0.214480011683465	0.307594759295751	-0.0861462033020306	0.329998604537125	0.0349241551659867	0.0128878462136717	-0.0357324320863605	0.443269742248492	0.140060022701888	0.355962264072618	0.402024931752532	0.377110469047319	0.449235966619562	0.51174500193122	0.729535739974161	0.076851320985845	0.558197038960396	-0.164720865141413	0.0282473907047213	0.209199372667883	0.699817716906528	0.121923669538131	-0.127864429868014	0.466039154624271	0.223301847901837	0.5039460919887	0.629045474708256	1	0.542150346113631	0.589423818160573	0.589072161614792	0.808886343983688	0.612234526753997	0.693181057567191	0.725956563617815	0.589705099118446	0.761340234929987	0.638812167124787	0.622925204116712	0.73469606973698	0.323099635474502	0.601719066697935	0.548573700315229	0.808032530991635	0.499372736557657
PILRB	0.0890362899478903	0.240839140002067	0.318703995680073	-0.178010414716114	0.324734062706727	0.267460089701401	0.316222778201316	0.016621347885042	0.237775960957575	0.474155134189083	0.383633796550376	0.262627211747011	0.244484778166191	0.485720783731144	0.52922709801891	0.399058746545139	0.3957190687114	0.328075853433122	-0.288597837229138	-0.153446479078833	0.104614262971109	0.505161285263235	-0.144375118490491	-0.479413790297914	0.131562183014368	0.262715135184811	0.344865347866803	0.282391023447858	0.542150346113631	1	0.439050476555792	0.38348891900916	0.594078037673113	0.490109129473675	0.317967307626057	0.277124660277631	0.179562430655319	0.268566062012904	0.360017286194839	0.256722430569339	0.451392868447756	0.0899416357244012	0.36381550445788	0.39508709779666	0.596021137720969	0.137473173193317
IFITM1	0.192031570027458	0.321616749196866	0.425585003019041	0.279477861271149	0.478462503332383	-0.00994365998535338	0.264291612101308	-0.0759994374759275	0.248045826806632	0.00794692025937421	0.165013837059288	0.398992085059054	-0.0155907283801247	0.484936528049178	0.451016660487059	0.808438250774416	0.53474471031767	0.758871814202616	0.146379018032211	-0.087964881530429	0.549429336725964	0.488398218548097	0.195089351307039	-0.141776465067132	0.260369865539768	0.629124300121521	0.393872463790557	0.666455329504049	0.589423818160573	0.439050476555792	1	0.616062412592329	0.713747542440451	0.548961980759125	0.297850795997095	0.626033202167947	0.319188002756154	0.535747919803918	0.703116652649412	0.25232705848158	0.54261431655327	0.741491652218965	0.560132188320763	0.617180378015157	0.721446102502278	0.126830638938631
LPP	-0.190919031382602	-0.0697975038044121	0.0555034474247513	0.105882806721739	0.123209070397584	-0.221236300253595	-0.0904549112453135	-0.343256502666972	0.113096800610824	-0.216195912755424	-0.0564395838514693	0.21624081239661	-0.0748968290726894	0.230541801054346	0.216061042925292	0.783810192051485	0.310465566892022	0.537825372758432	0.00822411353258543	-0.0719837905036427	0.189299214937726	0.486394449054727	0.116446511576196	0.00861527454009091	0.291021163274389	0.519392025263029	0.107339310500485	0.850847589551204	0.589072161614792	0.38348891900916	0.616062412592329	1	0.613131172551756	0.770882392367058	0.518207506824604	0.680630185054393	0.540462076398355	0.666689004153696	0.868281801422254	0.571577533681398	0.757339973606888	0.622573040492308	0.843595057201652	0.794673075366938	0.657590242974079	0.418077843126992
SIGIRR	0.17897906370325	0.404879578542618	0.43223560665959	0.0532874192362586	0.560006259825321	0.0520879467333726	0.187593695717886	-0.0384144446130443	0.36532411747521	0.120343256915944	0.461063196670958	0.485800084610213	0.242618545581247	0.490519553589004	0.473297467263965	0.793799887530945	0.34865613802124	0.700026173703837	0.0118771614794233	-0.0653120094279369	0.241125570852836	0.613104532789651	0.212587543270665	-0.326971305957257	0.342336275193244	0.427205564435229	0.537456405737249	0.690647594560993	0.808886343983688	0.594078037673113	0.713747542440451	0.613131172551756	1	0.668226320308687	0.487095035927624	0.651107318471769	0.429636141129542	0.606788803283864	0.665312582429408	0.400088742161195	0.623141240156455	0.454754990522087	0.546525398338344	0.556502821132137	0.803927072842813	0.269459354750924
PTPRA	-0.078040571739073	0.0477181665255495	0.0808234296105093	-0.0624432145731044	0.24184066671924	-0.125698747531449	-0.135126099030963	-0.15273594510341	0.0417797501801724	-0.131691109593545	0.123842127595994	0.217723957144965	0.0199299884528636	0.157725290393574	0.29958709931732	0.762498657581802	0.322916009462013	0.427767393238651	0.0530902642648021	-0.153524715978602	0.026898103619007	0.422948671441452	0.0444638678988552	-0.160563065157088	0.227181963928893	0.325908423245069	0.167983182445059	0.822878054729102	0.612234526753997	0.490109129473675	0.548961980759125	0.770882392367058	0.668226320308687	1	0.427727219005285	0.554678005628269	0.443482115407592	0.534443767936728	0.878080711172344	0.483923948089533	0.723073343137656	0.558593954104164	0.883614303293752	0.870076210104833	0.749932153509902	0.346327105931106
HAVCR2	-0.162866484391649	-0.069323633319557	-0.0291531121117354	-0.157973202166271	0.0306233798715678	-0.033114537852266	-0.0824542631819213	-0.156897448841384	0.058752925762613	0.0133347972250789	0.107962151071105	0.164701840912596	0.160619326655883	0.147430462106102	0.164535736597324	0.526676914948237	0.13363452479415	0.360293669805514	-0.195145760727729	-0.252609555969483	0.007568584513771	0.862659008944751	-0.0520151340503945	-0.109962292977414	0.33724600196637	0.332733739987426	0.254389022520537	0.485064744474333	0.693181057567191	0.317967307626057	0.297850795997095	0.518207506824604	0.487095035927624	0.427727219005285	1	0.773605163614564	0.836590191636743	0.811259714817854	0.510663198395587	0.862033230768512	0.860491271108268	0.269940592019175	0.632448952231083	0.522105456691056	0.540972817292785	0.901432027838264
CD74	-0.14031005074505	-0.032877623330579	0.0973912566576725	0.159563456617862	0.219299295121691	-0.148809561497561	-0.0257886098406176	-0.210844129856316	0.222945233785231	-0.163089490856701	0.00509525383048992	0.32614704029136	-0.0415672375817613	0.307941965161545	0.18203845028825	0.778446488205924	0.328115474589259	0.710029917183942	0.108180823598568	-0.107750107439576	0.269689788985616	0.797515391719101	0.0618123835825294	-0.0559716949405898	0.526373978765112	0.587184447606181	0.318124051178139	0.741441029476777	0.725956563617815	0.277124660277631	0.626033202167947	0.680630185054393	0.651107318471769	0.554678005628269	0.773605163614564	1	0.780602769630876	0.91872555697638	0.760814169805559	0.678303370753253	0.809561556679591	0.677536584881991	0.734171768418054	0.683405575095769	0.69917546842863	0.655364631107137
SORL1	-0.324226433796969	-0.207394341517195	-0.100810267612386	0.0539471867693137	0.0589988915962573	-0.284566667834618	-0.257996257465327	-0.337484779323802	0.012254299492911	-0.327618706635471	-0.18584270665222	-0.0766280481760474	-0.149559960266261	-0.0207040170165998	-0.0631099117300878	0.54484279119465	0.195102899987624	0.450330156843342	0.187022437005583	-0.119806918822496	-0.0320548214735943	0.714032093822074	-0.0345092131043012	0.00743088295472	0.466127245757018	0.36652404708511	0.120811651276809	0.533000537391101	0.589705099118446	0.179562430655319	0.319188002756154	0.540462076398355	0.429636141129542	0.443482115407592	0.836590191636743	0.780602769630876	1	0.866948917947049	0.559281055594732	0.821816822759707	0.79961952126461	0.368777526815383	0.64084683374015	0.512018936195458	0.609864861347189	0.870787371194463
VSIR	-0.153351891346174	-0.0411687246892034	0.10522346146279	0.098600702904895	0.0989335550575346	-0.255921183524395	-0.174233586205949	-0.292861453887359	0.234105768750486	-0.197333956905524	-0.0410139252468365	0.201285514018328	-0.0151196061110762	0.249694406951106	0.17122809056081	0.726169623463933	0.183121174672396	0.62549361330325	0.0825529700646319	-0.0104270657203854	0.210422734485616	0.75138870594231	0.136667604306711	0.0372849246672053	0.494919955687484	0.427236417491998	0.323228449286795	0.69561671955215	0.761340234929987	0.268566062012904	0.535747919803918	0.666689004153696	0.606788803283864	0.534443767936728	0.811259714817854	0.91872555697638	0.866948917947049	1	0.711006271532248	0.741825669353254	0.814052097634242	0.519784485180684	0.703635149992807	0.615573780304343	0.720261603708082	0.719438288373587
CANX	-0.11933835415618	0.000347651425174501	0.0941837348885747	0.138005471259274	0.217318715115708	-0.25973052140321	-0.11115105765968	-0.279475546640327	0.0859196524055508	-0.263855020756206	-0.0315875098435052	0.285589246717459	-0.101671367005213	0.208020965808746	0.232256373751414	0.880007434253316	0.375395645645722	0.632271633550632	0.103323028165084	-0.0995967305294818	0.254959927662819	0.517220994090503	0.136996213725487	-0.0280486776513408	0.293394661221164	0.533760077005229	0.185209533608525	0.937820521621996	0.638812167124787	0.360017286194839	0.703116652649412	0.868281801422254	0.665312582429408	0.878080711172344	0.510663198395587	0.760814169805559	0.559281055594732	0.711006271532248	1	0.546816626596412	0.789036935113208	0.780779231551187	0.929264053186985	0.918153381328231	0.763619202000465	0.429340475120083
TFRC	-0.383592880158898	-0.280339095675091	-0.209926938380786	-0.126483312484285	-0.0052549578054353	-0.139482136147392	-0.209880633112103	-0.257176008970389	-0.0127037470255045	-0.184389213873044	-0.0958170293208221	-0.0454603014663539	-0.0218330852812477	0.0291907420521275	-0.0246090766775616	0.508322032885431	0.0840755329069536	0.318457309940441	-0.0713742642014974	-0.161172152458936	-0.1551784241593	0.703152552548886	-0.149442761802729	-0.0154091572659616	0.426433852599821	0.279185183864312	0.0218067778586474	0.502032773806591	0.622925204116712	0.256722430569339	0.25232705848158	0.571577533681398	0.400088742161195	0.483923948089533	0.862033230768512	0.678303370753253	0.821816822759707	0.741825669353254	0.546816626596412	1	0.871254374569971	0.260394236971441	0.666267640696972	0.516967265207567	0.538986476653717	0.835963633371828
CD81	-0.278670504313687	-0.157610127877629	-0.072236791801714	-0.134546534150856	0.154674758209738	-0.131225111394807	-0.11069714744946	-0.262627921712974	0.00284221826139156	-0.109297432930255	0.012223831720515	0.12578046167209	-0.0158437291505966	0.149144314785831	0.163185833711799	0.764743677586061	0.31401499832336	0.500533206224466	-0.108629319759829	-0.286135573940333	0.0206808743279769	0.808948493442715	-0.130549528656309	-0.185905160948551	0.361016197234306	0.450422986682371	0.131934925778375	0.704101709729675	0.73469606973698	0.451392868447756	0.54261431655327	0.757339973606888	0.623141240156455	0.723073343137656	0.860491271108268	0.809561556679591	0.79961952126461	0.814052097634242	0.789036935113208	0.871254374569971	1	0.514285333710189	0.870602585467394	0.793982495048285	0.742401036930433	0.81071407026986
C1QBP	-0.00840144640247954	-0.0114228498068954	0.124514390830276	0.40826187398984	0.248505275290807	-0.185494988350911	0.0640781020581032	-0.152550584476929	0.00847907843399337	-0.295473627904414	-0.177856052277845	0.3381269480025	-0.320011497425385	0.208106845085529	0.113824254417506	0.751406178179204	0.565379166553753	0.668217359823367	0.342493756215278	-0.102778963726995	0.479476854085672	0.401326340957899	0.194215482411545	-0.0124176830704413	0.230693412202296	0.708158350559834	0.119247101765174	0.757459438280703	0.323099635474502	0.0899416357244012	0.741491652218965	0.622573040492308	0.454754990522087	0.558593954104164	0.269940592019175	0.677536584881991	0.368777526815383	0.519784485180684	0.780779231551187	0.260394236971441	0.514285333710189	1	0.690084487197269	0.749331926833289	0.491046052020441	0.230595571068444
APLP2	-0.265034065075306	-0.17928797650094	-0.0862424722233764	-0.0691531173270067	0.0978298439084293	-0.231482505879072	-0.201655054579497	-0.284428723141469	-0.0897309096829547	-0.24666474044088	-0.103521658714255	0.142317144816717	-0.137966895744728	0.0691155202343687	0.150888614391628	0.799749443928345	0.353976315365685	0.467768432620514	0.0207299799095064	-0.279532299973684	0.0965487829734817	0.581060131601514	-0.0453589943136246	-0.0954879468998882	0.216202064102464	0.444735114550781	0.0267512559480133	0.83626627035681	0.601719066697935	0.36381550445788	0.560132188320763	0.843595057201652	0.546525398338344	0.883614303293752	0.632448952231083	0.734171768418054	0.64084683374015	0.703635149992807	0.929264053186985	0.666267640696972	0.870602585467394	0.690084487197269	1	0.962520288506972	0.699992012403764	0.60610060969895
CD63	-0.171451119396769	-0.106382535108561	-0.0189142424923045	-0.0685728673255734	0.193534108960872	-0.154190597624879	-0.10793073668074	-0.21999928677593	-0.0921781010310339	-0.168597031856788	-0.0545732965965155	0.229167852089828	-0.120179891920943	0.12721200765292	0.208007074263494	0.827859373829857	0.424633167411579	0.475520995461424	0.0112930109189149	-0.312527022712022	0.180596052802444	0.539938077639732	-0.0590941571380894	-0.156324994734978	0.134704025155913	0.473204448133619	0.0484966410367477	0.815915430364961	0.548573700315229	0.39508709779666	0.617180378015157	0.794673075366938	0.556502821132137	0.870076210104833	0.522105456691056	0.683405575095769	0.512018936195458	0.615573780304343	0.918153381328231	0.516967265207567	0.793982495048285	0.749331926833289	0.962520288506972	1	0.681301251261422	0.488834492515295
CD46	0.0233443402722244	0.246519552884389	0.329327363653259	0.086776371575813	0.407997708890205	-0.150523871179167	0.0440367702778617	-0.206092517935518	0.275850314604074	-0.0244544140464936	0.145647558941573	0.218393785597227	0.0585137655346121	0.357164552644562	0.396184727122292	0.802000421819734	0.382769670981702	0.64060544076403	0.132674848982355	-0.0409487607936352	0.180287526192189	0.603971916018936	0.119831638450109	-0.19819067004143	0.433113993032798	0.41681914383717	0.448486161539859	0.70562397488404	0.808032530991635	0.596021137720969	0.721446102502278	0.657590242974079	0.803927072842813	0.749932153509902	0.540972817292785	0.69917546842863	0.609864861347189	0.720261603708082	0.763619202000465	0.538986476653717	0.742401036930433	0.491046052020441	0.699992012403764	0.681301251261422	1	0.406567235934704
TREM2	-0.378302016647362	-0.331088454156195	-0.282579649072756	-0.198614920151823	-0.0647159625842761	-0.130801946020787	-0.238714250257614	-0.212728113078988	-0.125763691536756	-0.171633232652189	-0.117292872213608	-0.0733559831691909	-0.0456285226694811	-0.102127919681656	-0.0944176267695318	0.403397388454973	0.0692010503754965	0.231615450577979	-0.116808987105094	-0.294932406938388	-0.161070144898759	0.753923333140346	-0.208052403362597	-0.0778286065407741	0.277337243845816	0.230206345425029	-0.0143581790483319	0.368015115604011	0.499372736557657	0.137473173193317	0.126830638938631	0.418077843126992	0.269459354750924	0.346327105931106	0.901432027838264	0.655364631107137	0.870787371194463	0.719438288373587	0.429340475120083	0.835963633371828	0.81071407026986	0.230595571068444	0.60610060969895	0.488834492515295	0.406567235934704	1
