""	PTPRC	CD69	IFITM1	LAG3	IL2RG	CD2	CD3G	CD3D	ITGA4	CD6	CXCR4	CD44	CCR4	CD247	KLRK1	CD8A	CXCR6	CD28	CD8B	S1PR4	CTLA4	CD4	ITGAL	CCR5	ITGB1	CD226	PTGER4	FAS	KLRD1	SORL1	CD46	TNFRSF14	CD96	CD27	CD7	CD47	ICOS	C1QBP	TIGIT	TNFRSF1B	SIGIRR	SIRPG	SLC16A7	SELL	SPN	ADGRE5	TSPAN5	TNFRSF25	TRADD	CLEC2D	IGF2R	ITGB2	RPSA	RACK1	HLA.DPB1	PTPRJ	TFRC	HAVCR2	JMJD6	TSPAN14	KLRB1	ATP5F1B	SMAP1	CD74	LPP	CD81	PTPRA	PILRB	ERAP1	LRP10	CD163	CANX	BTN3A2	NCL	BTN3A3	CD63	APLP2	LAMP1
PTPRC	1	0.165562023596748	0.676163028565759	0.382528987843529	0.882957162747924	0.887370975345693	0.876317791778545	0.885566945956599	0.794969661577251	0.654415430989412	0.259899569994288	0.413669396444101	0.611209361446613	0.777678723549739	0.338837372543263	0.325151751778272	0.635404932621489	0.638110101703647	0.36715217242377	0.637963404018873	0.552990508363218	0.489139278817688	0.650580860865269	0.401667702326215	0.707619094795299	0.498390554632658	0.319509704409871	0.604566566563172	0.345454870086854	0.09536051546182	0.667232160255357	0.616006814225374	0.802736982247569	0.757814011741847	0.78654394220208	0.635562220342457	0.762933481718657	0.412615374962827	0.623988974608315	0.631936317365417	0.582583219879248	0.798057405327833	0.470668486568634	0.280035914503612	0.552599740635233	0.649849133836033	0.671794328066711	0.425450173014358	0.417414308385492	0.735416220250752	0.444799378411551	0.488798986217983	0.531009157872286	0.580332875451739	0.469539303730916	0.355781889787065	0.37402325478444	0.466432298896033	0.39868554852974	0.36459886803901	0.314923484486456	0.487787758217074	0.570274700043611	0.356526134680478	0.279316290075149	0.432219950860299	0.752869883486435	0.183470905663005	0.51068242506541	0.507272199725766	0.00795729336311566	0.315298700964225	0.614919686860011	0.634857858498072	0.553396665393639	0.323713412018197	0.258267707007299	0.32185004765817
CD69	0.165562023596748	1	-0.135743004907858	-0.436700479410967	0.118822237481547	0.066609763083371	0.169653163108403	0.114541686935489	0.217002304263085	0.131856811879829	0.962338143842272	0.537652797208461	0.381170404954144	0.371167303945334	-0.315080792317561	-0.430884622073162	-0.0851055961872237	0.496426520175087	-0.347799244281547	0.341859972426615	0.522548279426357	0.387727253860006	0.116477816343642	-0.434165976198986	0.412983452624621	0.415841187611781	0.897864690185148	0.19439113490808	-0.330673237677989	0.406262385152757	0.151956357691317	0.258903544476293	0.0125179588061532	-0.006543507952014	0.11420695929375	0.127647722559831	0.355459243815743	0.280948716823855	0.300993586904286	0.305637948924907	0.261818175742586	0.138351367983847	0.343542600070655	0.830749712158036	0.0820985397546085	0.214523964324871	0.393530752201723	0.435167540549787	0.509648704762541	0.219250754831762	-0.163288469698881	-0.0380917818068331	0.535577789956426	0.53284176173658	-0.0259118594228314	-0.172731415314188	0.196484883351331	-0.162083356893286	0.367794619322621	0.508005082877784	0.640403003923845	0.156900429916915	0.517809356342453	-0.0193674251301542	0.0772222279842729	0.0787034305769419	-0.0192121777087035	-0.275991629436709	-0.0706927170466427	0.385933980250835	-0.0277441776994204	0.157189522569343	0.157237531639443	0.441880327774377	-0.0395091270380263	0.0328677025238336	0.0814824246095911	0.0873043655517637
IFITM1	0.676163028565759	-0.135743004907858	1	0.430028380985921	0.686373422872654	0.719013739297401	0.717244279060746	0.747992263211838	0.391154483860535	0.597414767195866	-0.0884370104598768	0.0384719142421993	0.131272474396829	0.534823246332556	0.394929505010128	0.298574493601073	0.414612789697604	0.230665490470523	0.41878880270398	0.519895163277081	0.107985694356301	0.13713783163621	0.310055248400849	0.284864587983359	0.395636482648042	0.226569758489555	-0.0313312666280082	0.222918959191203	0.476877513099991	-0.15798663735311	0.388365397040476	0.285086603614507	0.660626966737583	0.500080116834267	0.676303675815283	0.35190517882331	0.394244762247335	0.203725118417608	0.205014381519939	0.189282909698008	0.364357800424381	0.469981417930825	0.207361597374043	0.0357215796444796	0.297961018164078	0.423704656482189	0.316761886388742	0.240690765316693	0.33114914767631	0.367771281913444	0.152346227668551	0.236243190122499	0.344704009095608	0.293011115207207	0.219712858287912	0.0472634530543186	-0.00122895925648958	0.210621248392268	0.176983767561666	-0.0282261926863418	0.25401740039535	0.244468579385994	0.222814502884323	0.0925549578045565	-0.0477192008751526	0.148793407776626	0.452948684342925	-0.0278625124371409	0.254775607879769	0.07157128460307	-0.195058452866528	0.00874845318480943	0.394911957753457	0.295672087231456	0.265515994958473	0.113095156345957	-0.0266596887901164	0.0398208881691222
LAG3	0.382528987843529	-0.436700479410967	0.430028380985921	1	0.335611007945387	0.461070352370734	0.30902963223403	0.412975081048225	0.154375073578702	0.224683243493573	-0.393126052356811	-0.212131983697287	0.0899482240321062	0.173616082942279	0.769224827518424	0.813359709515802	0.522685987367748	-0.0610345995975217	0.753327861583393	-0.126540964166675	-0.0926531672204151	-0.246863502569733	0.366339374923228	0.69606416316714	-0.0231337869634506	-0.31261801980648	-0.264351722635038	0.264442099716575	0.59624831630331	-0.3908945059617	0.137886912803285	-0.0387487402628122	0.378772506704034	0.551012826394549	0.196617294930239	0.00341506669822956	0.0727721723563961	-0.159339629697582	0.0670236081849432	0.00494326433260459	-0.0545199172811259	0.273598600073194	-0.0584179927332235	-0.453350781353229	0.213096370775716	0.500509775059906	0.110395255173532	-0.316663254857282	-0.355698971388412	0.352668289655317	0.354885725225378	0.116482096753678	-0.318752085584437	-0.276475922905513	0.133870709538887	0.254362020459429	-0.05950308754686	0.450238254770686	-0.0560221249710533	-0.240082775948214	-0.392275105701394	-0.0549479495469683	-0.199189458841372	0.0319158912971903	-0.0616520211822469	0.0230639105906939	0.345267562807272	0.304885866484485	0.329036707211692	-0.0998242302092841	-0.163557026913541	-0.11942451472164	0.465267059158921	-0.111126374418315	0.413739983489618	-0.0668661622014208	-0.113019872319218	-0.0683105047208647
IL2RG	0.882957162747924	0.118822237481547	0.686373422872654	0.335611007945387	1	0.881627941554067	0.87644920614502	0.902344976605461	0.750555060492009	0.620293700066492	0.198385122166056	0.385812447561547	0.592619383497571	0.797924380570112	0.211562311091509	0.211078981917399	0.600897900868067	0.64865697509033	0.262213692723799	0.630269797524124	0.608580484003201	0.531498052809941	0.603447614367092	0.260962111483524	0.660678149569065	0.466594070861092	0.23496572331462	0.589876440241957	0.264385153947778	0.0961268047875507	0.665684615634686	0.605850591222553	0.787446113329048	0.793993732261683	0.840931078546309	0.60978992952551	0.801374147719989	0.268640114380775	0.674603716031533	0.666066443860162	0.521061404173543	0.815711956790658	0.405940644371018	0.287329281345472	0.607144399243676	0.560112039483377	0.687293553178966	0.414492103423613	0.413035776225821	0.726728261590959	0.440049925253555	0.35778746804356	0.503026697866123	0.538656403789376	0.369601605584606	0.386757917479575	0.394463782874814	0.381285300177869	0.315464881019949	0.356268698720196	0.334979184315583	0.391455209150758	0.572780908544497	0.264356076607595	0.316455811079309	0.324966347157421	0.694746354481192	0.182999557236164	0.484427381297008	0.486284392709636	-0.0485548503892859	0.258449043183075	0.474912281170456	0.532247711354374	0.450230218325681	0.261784358360071	0.198072919868735	0.333383293237637
CD2	0.887370975345693	0.066609763083371	0.719013739297401	0.461070352370734	0.881627941554067	1	0.914605951275677	0.932285523611966	0.619111269489296	0.710270441063516	0.146496110229858	0.221228019854279	0.52481462761041	0.806579751061756	0.427152908937833	0.388902061273051	0.731530419513922	0.559403142932095	0.417707803781795	0.524891913386271	0.455113843468592	0.2933048803039	0.496090441119787	0.409629914914179	0.519510171689151	0.378306792988051	0.224822161597483	0.495643774943713	0.433386571011227	-0.0964560510671116	0.596391928910728	0.507385002415307	0.856067952290279	0.777034829430739	0.796127617592017	0.476762521314313	0.698324088503704	0.136902871190366	0.541052250872342	0.461836118662393	0.433928295006025	0.768773339446753	0.352672097770856	0.19476462752809	0.530276746924452	0.595720871921586	0.621243431455366	0.365468953247625	0.330493278437559	0.680932740588667	0.366247425521167	0.21959607095167	0.360968132581625	0.363735356331393	0.187989258456223	0.230055449273062	0.170200768059514	0.268280099921136	0.202843440321451	0.208490795613313	0.305284314608329	0.200931595788126	0.38966018885178	0.0649495902579951	0.153059927260407	0.144120186531088	0.639954470091215	0.125583147279428	0.389221367811346	0.307646365517512	-0.241036554775741	0.0445954052040436	0.527161559516547	0.38172272197242	0.496757552313751	0.0662961578036705	-0.0271540147668394	0.110446635274885
CD3G	0.876317791778545	0.169653163108403	0.717244279060746	0.30902963223403	0.87644920614502	0.914605951275677	1	0.911553661760103	0.644660004366742	0.72985292091594	0.263432787117845	0.288422502573612	0.563417874389041	0.822534875066641	0.32033498632501	0.280274795292666	0.590065552528907	0.646905001419572	0.342109037380427	0.616317484609866	0.549074427273924	0.370225966301748	0.560205993814997	0.31861321465364	0.58082659325688	0.468563608712387	0.310741143983758	0.495051655357027	0.332462388898339	-0.0315737782215509	0.57604137147092	0.544960589422617	0.832372100862029	0.732808577725628	0.798737241938096	0.504473077546499	0.742122010153854	0.18677826215671	0.564619655521617	0.510921196646028	0.461407582660842	0.770951320724453	0.438897489061758	0.276971694533462	0.552213102847083	0.595602216914296	0.626172137657132	0.415044951914551	0.422522188260822	0.64711059593024	0.299690748081159	0.219118131437951	0.455031009551519	0.460060659197692	0.203965185179211	0.156271188829807	0.205865875738527	0.216430016747634	0.339052356482382	0.294734072343955	0.405154070381915	0.248424429833592	0.489498695106533	0.0759113697087997	0.162563863505051	0.173118904705284	0.623576027689646	0.0814016719075624	0.366471916175123	0.371319834252955	-0.228730607140871	0.0681193876799072	0.538818490094763	0.467257080077442	0.466849146112143	0.103611334819129	0.00460963801170479	0.138758020653407
CD3D	0.885566945956599	0.114541686935489	0.747992263211838	0.412975081048225	0.902344976605461	0.932285523611966	0.911553661760103	1	0.644466545789393	0.68495075149079	0.202835640218864	0.27189793126824	0.515303162947556	0.764581668702061	0.396141796656769	0.343633931245144	0.65368865907823	0.571220203482386	0.417995657990205	0.628810961833636	0.471754831688806	0.351449855619993	0.544456650408423	0.381281443072076	0.574900584457271	0.36559907446875	0.224854870633872	0.478946767671603	0.409819626730532	-0.05329901483855	0.590289013295361	0.536007637899697	0.822711493781378	0.768543821014564	0.830006331915645	0.468289378766687	0.706887006770839	0.207969211504421	0.548898275757465	0.511450790768013	0.498236261099171	0.762097284957365	0.363952743288939	0.215157710457029	0.50031801041274	0.58335302115441	0.649731401236234	0.37839597622979	0.387764615633732	0.655973922663541	0.343585335001406	0.271814597034221	0.431206454133181	0.442274182375054	0.274852558009128	0.223210226172473	0.221727272971309	0.296875803812396	0.223632066007447	0.214790901970068	0.308093169153529	0.294283452762393	0.468751124562031	0.138595634142281	0.139132625784822	0.200017282599312	0.641326664855105	0.0730583463118714	0.375823562031151	0.339588446748294	-0.191501381492127	0.0973725036014905	0.524872201346334	0.428621109768417	0.450448310700241	0.143071932375629	0.0303670239967121	0.145923908957529
ITGA4	0.794969661577251	0.217002304263085	0.391154483860535	0.154375073578702	0.750555060492009	0.619111269489296	0.644660004366742	0.644466545789393	1	0.410750594329216	0.300752742206928	0.583983906068201	0.628726018543526	0.645837351756136	-0.00170876671988575	0.0905782015144528	0.382984754137673	0.688820755523324	0.0859233194150571	0.602872572730722	0.649443074591284	0.740682701170301	0.626057010178459	0.200635481969082	0.756584252365135	0.548422329221602	0.321566777734932	0.597979095502454	0.00717305441006866	0.397224068954409	0.695476269717506	0.675276303389716	0.561380881460471	0.597474068602402	0.599110143856986	0.695726556417504	0.718889696205626	0.612824046723007	0.644475266492162	0.775210702148902	0.579590186771391	0.695132656871675	0.501869289789094	0.349060335652567	0.660809340928345	0.457570950671111	0.658089278864	0.36242532924536	0.427109742149914	0.659605685922949	0.532033428741521	0.689347013435324	0.612580568259913	0.719252533948362	0.689753785967565	0.552031339500515	0.616821491457626	0.623593547266914	0.547528960841384	0.578992703541091	0.291913069494625	0.700750197619825	0.754754463363809	0.63952352753763	0.545339623999459	0.691045180058796	0.74248374748349	0.234351161854902	0.6088351641242	0.716987850093138	0.356506739756053	0.603948944959849	0.427764403532552	0.800474930081751	0.47299401231027	0.570039895702255	0.570809401574878	0.589214747709399
CD6	0.654415430989412	0.131856811879829	0.597414767195866	0.224683243493573	0.620293700066492	0.710270441063516	0.72985292091594	0.68495075149079	0.410750594329216	1	0.159382237974251	0.162196895266203	0.342185457923857	0.665613864946348	0.185292949066181	0.130733450569046	0.424167813480646	0.536125400378148	0.167065232231735	0.517580934423406	0.244053975066396	0.201592304987103	0.341259873800097	0.187221050455285	0.438150874321721	0.396304562650882	0.253292149412924	0.261757251400157	0.295159160529888	-0.0520885024761429	0.430057535919607	0.299334312687533	0.665784806808707	0.447481328519008	0.709850725119628	0.444341272444358	0.480206356020407	0.166737757289518	0.295562646684528	0.243696333227659	0.36155164649618	0.442913194687302	0.397835931407108	0.270942631125023	0.328734442943817	0.399566191632809	0.391977235663841	0.546460874959631	0.444190594560452	0.41242556918886	0.140807946799878	0.0769032807320921	0.471147625547314	0.395969401988526	0.0350256653954835	-0.0233957778339109	0.0248542017475686	0.0285412501335711	-0.00353553836394847	0.125464735932421	0.522910683470801	0.166430152297752	0.314311083460626	-0.061022627052394	-0.0205913660468119	0.0162968678916041	0.37030069282242	-0.01595357901287	0.302200514903236	0.15692664216089	-0.303099991435075	-0.051864174028639	0.304478244839234	0.293687628329936	0.216925932756761	-0.00149132821488182	-0.11508364455621	0.0385883958130556
CXCR4	0.259899569994288	0.962338143842272	-0.0884370104598768	-0.393126052356811	0.198385122166056	0.146496110229858	0.263432787117845	0.202835640218864	0.300752742206928	0.159382237974251	1	0.540469967945105	0.481184665898166	0.442140358304024	-0.245798505294353	-0.361011283259253	0.00185638704522803	0.527039320781175	-0.275024150470462	0.394002276326057	0.604844322324924	0.397938773171522	0.210919431984538	-0.375434320587041	0.439755993610288	0.428368228884439	0.886147370281032	0.259706710786933	-0.290370831884523	0.359864714720635	0.172452676972513	0.334684023720981	0.118206076547573	0.100761030150499	0.161720993709415	0.165729414002923	0.421115237881454	0.26516026364503	0.398894508741414	0.3618089416862	0.291955199037094	0.245441921949391	0.369951194387049	0.800329106224052	0.12304217372435	0.261382234240653	0.460132699172832	0.401502291218223	0.498251182369148	0.293712563656926	-0.129075267107031	-0.0115905617890691	0.507575491624482	0.529310737366036	0.0108704238540024	-0.148490825395394	0.222425055936235	-0.124926715216363	0.421331768434091	0.518622766237012	0.582975969146548	0.155219830239784	0.558390093025642	-0.000677989586038699	0.0909805000203676	0.0951207580709178	0.0528229803447687	-0.284016946528955	-0.0370842381032873	0.425841724622101	-0.0521001961139992	0.14725622550406	0.264317884883313	0.482213310995114	0.0512175699970814	0.0178687319232308	0.0898029451677846	0.0828104104320648
CD44	0.413669396444101	0.537652797208461	0.0384719142421993	-0.212131983697287	0.385812447561547	0.221228019854279	0.288422502573612	0.27189793126824	0.583983906068201	0.162196895266203	0.540469967945105	1	0.51658226673632	0.361106295767968	-0.324626409423919	-0.336500853169405	0.00617289754634955	0.584019484607447	-0.339604548322121	0.430325668099033	0.626169749925944	0.723384012803976	0.430229837298716	-0.184368095210972	0.730791129206937	0.544390852553233	0.552117451414325	0.52603987599831	-0.30335997908108	0.678489548944891	0.528540198241288	0.646706060210996	0.12275767344912	0.240632287279125	0.307526738970176	0.603574165018181	0.524119574490243	0.556987523550084	0.614996379629538	0.707858422588484	0.413643165796112	0.36703192062541	0.29295603330046	0.525513421725768	0.427413216767859	0.226050806594005	0.521921978273195	0.424457061545341	0.414501439217792	0.478837765526038	0.444933591795004	0.500572186280042	0.607588554523917	0.731029235961728	0.500343410606986	0.427284650675505	0.765023642155247	0.430069191704431	0.549497053747575	0.766489237265341	0.345193885744849	0.623386391548352	0.764884814870886	0.544707486644613	0.697805601161902	0.6344682064837	0.491965693197524	0.201929681640474	0.324775094514917	0.781218551509012	0.480432656570352	0.781989960483736	0.278617880468972	0.76100283653597	0.223652736023894	0.674738946025127	0.711516427951211	0.728573709258149
CCR4	0.611209361446613	0.381170404954144	0.131272474396829	0.0899482240321062	0.592619383497571	0.52481462761041	0.563417874389041	0.515303162947556	0.628726018543526	0.342185457923857	0.481184665898166	0.51658226673632	1	0.57045461539326	0.00590124607353813	0.0529351488641335	0.371660442146164	0.720661924762738	0.0110301016037733	0.311117770548227	0.814439238163927	0.536414437046641	0.576773959353543	0.108255245624282	0.532695882052047	0.415029922368646	0.423669505487392	0.697644300286714	-0.152436626297775	0.187648051522541	0.39610187304195	0.578889818988228	0.452966648047709	0.625320981252258	0.386749466433887	0.484288032206797	0.792536986997199	0.176391183382768	0.825107975673105	0.734700084238306	0.367071087750607	0.712443388310549	0.369763032736693	0.403110047531674	0.517630836921727	0.414667416878773	0.687880465615809	0.297583207955793	0.250515344576996	0.659389555939045	0.415746965660507	0.225673320219443	0.285733326203487	0.415014025919081	0.250456776507723	0.288989136017489	0.534399401914162	0.301773703351775	0.364479037148563	0.518912950370918	0.163208152228918	0.253695013884706	0.555787446602142	0.215813678123788	0.471975689326786	0.278533775110253	0.573087343046666	0.197459652967448	0.322226390832967	0.623045842881412	0.0293843950663711	0.312544224007328	0.499955357257365	0.490586150121866	0.395992433165466	0.208616707731139	0.258300902907753	0.386448892963017
CD247	0.777678723549739	0.371167303945334	0.534823246332556	0.173616082942279	0.797924380570112	0.806579751061756	0.822534875066641	0.764581668702061	0.645837351756136	0.665613864946348	0.442140358304024	0.361106295767968	0.57045461539326	1	0.147576311950183	0.119359907025543	0.519504428051577	0.68081843624853	0.136136773044649	0.574214793518748	0.617542313725581	0.393924689509186	0.474337221173815	0.118470983086946	0.547556053699262	0.491108003267357	0.467057919789215	0.466720781745362	0.202236098643504	0.0753555549355505	0.519036351337084	0.496964356771248	0.719048702875237	0.623305981761122	0.708596896573178	0.464942849452806	0.72320819248002	0.229693458461459	0.569180982973208	0.498343424718198	0.416497394693818	0.683361084327076	0.442718742579264	0.476966429765697	0.49336619292061	0.503112027581572	0.620543047928023	0.490361597107756	0.474483245189284	0.597657615939498	0.1779376851321	0.147698804355212	0.529753125211061	0.514557232015796	0.129465810324512	0.133391907126061	0.218978476635449	0.127927157440381	0.28821574064874	0.360999265187798	0.545152520261605	0.222379456422195	0.52746460224528	0.0281003216197954	0.139954543616189	0.134158056829884	0.488596480232666	0.010199590571284	0.33892274506048	0.38971819514516	-0.226786277631071	0.0721757941282313	0.46142143936398	0.48006877762319	0.451383407635202	0.043178278820374	0.00324028953108498	0.139381616857006
KLRK1	0.338837372543263	-0.315080792317561	0.394929505010128	0.769224827518424	0.211562311091509	0.427152908937833	0.32033498632501	0.396141796656769	-0.00170876671988575	0.185292949066181	-0.245798505294353	-0.324626409423919	0.00590124607353813	0.147576311950183	1	0.879060243267132	0.547975572836286	-0.196720165378884	0.869782601209457	-0.183022374709076	-0.165755136786452	-0.413745121154432	0.282892611560759	0.743750294259684	-0.0872736154735337	-0.394241870686932	-0.176746853220108	0.127347600815644	0.756622916373192	-0.581494247427128	-0.0364251529937217	-0.0856934651213783	0.43266706073947	0.46506844858685	0.0954429283686176	-0.197813603274948	0.00587052995740555	-0.206638940477844	-0.0265518007095485	-0.138005062994632	-0.118298626117386	0.237941250821321	-0.0663030695747986	-0.467930723487334	0.0389755443820878	0.518035098347625	0.0842641543755957	-0.386155297379864	-0.410204676655786	0.22250975231584	0.145389704316541	-0.0055200384938813	-0.389939241099019	-0.367199779021733	-0.00570078975863715	-0.0164881519104304	-0.243084817200995	0.245100384803708	-0.0247455262087517	-0.391305275832793	-0.411683995849561	-0.187788316953938	-0.297763034422092	-0.130955230626144	-0.275166515018211	-0.137438981397172	0.269846869684356	0.159138646464341	0.118137125857853	-0.228299733148615	-0.325052477844043	-0.297554400710464	0.552413130147219	-0.192896953744536	0.388908453829868	-0.204786683022583	-0.294391064355226	-0.316162891065068
CD8A	0.325151751778272	-0.430884622073162	0.298574493601073	0.813359709515802	0.211078981917399	0.388902061273051	0.280274795292666	0.343633931245144	0.0905782015144528	0.130733450569046	-0.361011283259253	-0.336500853169405	0.0529351488641335	0.119359907025543	0.879060243267132	1	0.557927751137189	-0.14190886397423	0.899193003690367	-0.243742433493448	-0.15621581192045	-0.396745181894743	0.327355377587903	0.835384058896683	-0.107131067508658	-0.380459419912288	-0.276353836561968	0.185334343846591	0.624029027626022	-0.548692980752062	0.0438553877139105	-0.0642949370453511	0.404648010548435	0.501155353027	0.0749271447414023	-0.164148125076428	0.0274113265601077	-0.236456231429293	-0.0229534558269005	-0.0816785858882942	-0.0733559800330575	0.27224560913815	0.00292191865970607	-0.53770975346261	0.164480578878097	0.509544229046347	0.110216761181863	-0.426611162571954	-0.464121565730931	0.286884189211023	0.289419838489875	0.0348864083543081	-0.450299420553601	-0.400019722598051	0.0623477867304247	0.121908229743127	-0.153774099679745	0.330690149793169	-0.0581695967935268	-0.32689172811666	-0.494053952306783	-0.163317050901088	-0.314539186617634	-0.0622940516184213	-0.123369653609117	-0.0778864456281479	0.360185794249284	0.288640231286039	0.27897359930243	-0.171733753639816	-0.250092267252041	-0.231171123121638	0.478400923246846	-0.195707745017458	0.458191294250532	-0.160007734563199	-0.233443306763523	-0.215825566732278
CXCR6	0.635404932621489	-0.0851055961872237	0.414612789697604	0.522685987367748	0.600897900868067	0.731530419513922	0.590065552528907	0.65368865907823	0.382984754137673	0.424167813480646	0.00185638704522803	0.00617289754634955	0.371660442146164	0.519504428051577	0.547975572836286	0.557927751137189	1	0.251533823781958	0.545592265786032	0.174560529435141	0.282310635781716	0.0513475159947972	0.370374312146128	0.525113277489059	0.299270327351759	0.145474129736691	0.077706046844349	0.40954557306207	0.515318141473653	-0.271752555685267	0.40401649284634	0.271386686269145	0.667307542493279	0.673111612941241	0.488124049984636	0.225492535865289	0.447048066545027	-0.052260542616847	0.389104339127062	0.251923219796749	0.165366942165332	0.632051226323504	0.230744864475866	-0.0501008936780212	0.353150718592804	0.495681463445549	0.525080999583371	0.0899829547002374	0.00643655476429659	0.520167217390147	0.321706817279364	0.105728621978164	0.00383054843689751	0.0341143737440476	0.100896480174405	0.292045434628363	0.0486240920143884	0.253660604449822	0.0123294914411542	0.0120811194183349	-0.0240407442339687	0.0385413287638001	0.0853602040059983	-0.00336616883224066	0.0538764709412777	0.0336506218804088	0.491483907901602	0.125572480552477	0.336504716171539	0.169923485709208	-0.232413756765987	-0.0415779269167989	0.459080811328268	0.138350849536461	0.395822251650846	-0.0368260078314737	-0.109837688554623	-0.00558168742747085
CD28	0.638110101703647	0.496426520175087	0.230665490470523	-0.0610345995975217	0.64865697509033	0.559403142932095	0.646905001419572	0.571220203482386	0.688820755523324	0.536125400378148	0.527039320781175	0.584019484607447	0.720661924762738	0.68081843624853	-0.196720165378884	-0.14190886397423	0.251533823781958	1	-0.125771833643372	0.570452500142602	0.742825349188676	0.645806036512643	0.555606057511866	-0.0563799332582653	0.621134942141183	0.591921145011527	0.547074497904712	0.628088583448435	-0.19340158326724	0.36524698119011	0.541967932636191	0.62589099741035	0.492579295915733	0.503913992529754	0.60089525629518	0.588548778347447	0.77992644039955	0.335406903631642	0.694360658878019	0.712050947375661	0.519112903508635	0.621765010955485	0.536157452305335	0.572734164029874	0.565025493527611	0.409472517878294	0.622560628960929	0.599952318533392	0.511625831973879	0.672058186878117	0.349579109814723	0.241828114497937	0.598768556843703	0.649289247093704	0.255408566201313	0.239073648847848	0.508634668631663	0.198391273420147	0.395611119767306	0.649958004618502	0.547062785014171	0.406493911405046	0.714882016106148	0.218988064992095	0.480654384422476	0.313023062330731	0.551487018684918	0.209755224489396	0.335725722250303	0.644384541289126	0.0229618575073798	0.34601688364539	0.30473911988122	0.593666878925743	0.332274505684409	0.254865124790094	0.256526070537588	0.428579843125366
CD8B	0.36715217242377	-0.347799244281547	0.41878880270398	0.753327861583393	0.262213692723799	0.417707803781795	0.342109037380427	0.417995657990205	0.0859233194150571	0.167065232231735	-0.275024150470462	-0.339604548322121	0.0110301016037733	0.136136773044649	0.869782601209457	0.899193003690367	0.545592265786032	-0.125771833643372	1	-0.0843116142758661	-0.172348858104846	-0.372950901332148	0.324757571318602	0.743297596167509	-0.0561354842529358	-0.339534285528198	-0.223815262757331	0.173627750121367	0.690729392414484	-0.547515012911141	0.0648250572773777	-0.0311355837726629	0.449075941791942	0.509974224764441	0.133705386239189	-0.15764870331187	0.045401950151766	-0.203290965480613	-0.0649580339212211	-0.112156216466297	-0.0118146111529493	0.264495169486714	0.0790636600022446	-0.464679293661258	0.143705690331866	0.527087403257653	0.153051935243805	-0.346241394223083	-0.366276572468893	0.281078259335364	0.21158425108765	0.00718779594737058	-0.347518078942472	-0.31931127997638	0.0542569359336333	0.0383423122181086	-0.233268688530909	0.242200606884103	-0.00533625684602081	-0.35229605719185	-0.388190351471473	-0.131858918095134	-0.245893385543711	-0.0907129362194254	-0.228000254046704	-0.0905665717060064	0.313874474366774	0.167933022851271	0.22871728426615	-0.196385284506162	-0.299659400562267	-0.263712080653289	0.506458615736252	-0.142448427744639	0.400859020862348	-0.179205480760191	-0.271650928511586	-0.259502883723801
S1PR4	0.637963404018873	0.341859972426615	0.519895163277081	-0.126540964166675	0.630269797524124	0.524891913386271	0.616317484609866	0.628810961833636	0.602872572730722	0.517580934423406	0.394002276326057	0.430325668099033	0.311117770548227	0.574214793518748	-0.183022374709076	-0.243742433493448	0.174560529435141	0.570452500142602	-0.0843116142758661	1	0.409784510552637	0.553334365379991	0.297491617153233	-0.128959639994297	0.664664275334629	0.635009849160727	0.389814147944323	0.25518054277685	0.0109120679426953	0.333356294588727	0.544159970328509	0.515322304603444	0.495572038057598	0.308122121632845	0.69702443935716	0.563542551827174	0.531402922026279	0.476816690117962	0.367309217610578	0.448916783135831	0.640225170016301	0.410156363834743	0.481522500611155	0.533603575410052	0.334764569450941	0.23910496982393	0.467787636360341	0.631311436271508	0.765574076242669	0.366247786536481	0.126422948917741	0.34575198488007	0.767551082220153	0.745358720670279	0.366097283557338	0.0824739174163089	0.245514838495335	0.109681134176193	0.311054912766479	0.429776588562952	0.61453041713591	0.504196913331025	0.646907958264557	0.287184546192953	0.13337150528613	0.34220231961767	0.360253803384146	-0.171106066025255	0.275147664658635	0.415130054033837	0.0366388649870048	0.2951907038393	0.16383586991187	0.64136681628181	0.182464399658623	0.309657483255253	0.24357522453219	0.277933039140592
CTLA4	0.552990508363218	0.522548279426357	0.107985694356301	-0.0926531672204151	0.608580484003201	0.455113843468592	0.549074427273924	0.471754831688806	0.649443074591284	0.244053975066396	0.604844322324924	0.626169749925944	0.814439238163927	0.617542313725581	-0.165755136786452	-0.15621581192045	0.282310635781716	0.742825349188676	-0.172348858104846	0.409784510552637	1	0.672069004879652	0.565738519268403	-0.0930452373006023	0.573371097396607	0.517407355956184	0.549477207390814	0.689227523649975	-0.253776289568154	0.355664440049559	0.449234208126388	0.645605590239519	0.376647285493482	0.545319258737346	0.395299877000483	0.51274975803677	0.822096409537417	0.260117049866063	0.849013844664062	0.793792637793447	0.342534414709809	0.667301574083283	0.411186440500459	0.525449326173507	0.552234093626348	0.338489726493147	0.624924806032436	0.354298643519989	0.34074149394407	0.629050729074502	0.308983400929272	0.262828729778628	0.404670708336733	0.528023379073899	0.280570817442465	0.318841577526941	0.582866054129109	0.264760426304131	0.498027467959052	0.629350754573183	0.288077296992372	0.344131016150196	0.657124591017794	0.26602330706931	0.511355822148973	0.343121609720666	0.43830888774658	0.120055227734393	0.29288251299	0.70455346895948	0.120049039211772	0.393619291318961	0.456083265262501	0.588671129452017	0.340115676241549	0.258579817617844	0.346553946983493	0.422248411886573
CD4	0.489139278817688	0.387727253860006	0.13713783163621	-0.246863502569733	0.531498052809941	0.2933048803039	0.370225966301748	0.351449855619993	0.740682701170301	0.201592304987103	0.397938773171522	0.723384012803976	0.536414437046641	0.393924689509186	-0.413745121154432	-0.396745181894743	0.0513475159947972	0.645806036512643	-0.372950901332148	0.553334365379991	0.672069004879652	1	0.421722244293119	-0.218899351117527	0.771207897654015	0.643052482001122	0.405562570635683	0.498826725463181	-0.348587994774896	0.732053736970027	0.644791947312292	0.680419172350711	0.232958292568936	0.283779772963979	0.462068101736233	0.68485034198226	0.640197442264083	0.629891184563744	0.621099310183932	0.836988098821941	0.452376109132205	0.48988340101533	0.359658837161189	0.530122026375849	0.501457160679584	0.185854465187106	0.519061747644529	0.465810631436945	0.485506942779362	0.45212592297335	0.438188987908984	0.65709203346487	0.704290785374776	0.799999167882168	0.643093366766062	0.578601663384442	0.73969036643577	0.49707066800787	0.517788125615849	0.729567177292367	0.405895593448401	0.721080862471779	0.814996349605247	0.694305683961742	0.658016819097885	0.714669485487998	0.491784629830509	0.163699110422302	0.430547733488976	0.776785239393147	0.611234000017786	0.750292267867662	0.147353484359001	0.767286380207536	0.138497363920214	0.661594999837574	0.739390163709903	0.755688915229814
ITGAL	0.650580860865269	0.116477816343642	0.310055248400849	0.366339374923228	0.603447614367092	0.496090441119787	0.560205993814997	0.544456650408423	0.626057010178459	0.341259873800097	0.210919431984538	0.430229837298716	0.576773959353543	0.474337221173815	0.282892611560759	0.327355377587903	0.370374312146128	0.555606057511866	0.324757571318602	0.297491617153233	0.565738519268403	0.421722244293119	1	0.398080026028491	0.509418027321105	0.224400417246058	0.192369724468387	0.661541279120874	0.140269731885535	0.152635459374636	0.436465492018468	0.520042159076888	0.491466672360901	0.695549943292405	0.38122410423379	0.482473955650175	0.593644344115943	0.308850226218888	0.636271560212508	0.619033466403385	0.272218222945154	0.60492459026873	0.36993672254606	0.0691950934369989	0.543053152178204	0.592793113696391	0.486654290058506	0.112084441310362	0.0606816644492859	0.672947896617944	0.466964194010962	0.475777132818588	0.25439700109382	0.383378710152598	0.493937460456587	0.425437371544866	0.488876416960889	0.55962966671985	0.453728722547681	0.435271767882597	-0.000223666139092223	0.43496259755465	0.534366516576876	0.429320445082006	0.390607923643097	0.463688317929041	0.632419741615878	0.352869669602487	0.470146817369882	0.542510537485046	0.158968522760727	0.382254194482468	0.632967814721572	0.529872350142113	0.397772224174277	0.352269972530256	0.374988549886136	0.395700067557963
CCR5	0.401667702326215	-0.434165976198986	0.284864587983359	0.69606416316714	0.260962111483524	0.409629914914179	0.31861321465364	0.381281443072076	0.200635481969082	0.187221050455285	-0.375434320587041	-0.184368095210972	0.108255245624282	0.118470983086946	0.743750294259684	0.835384058896683	0.525113277489059	-0.0563799332582653	0.743297596167509	-0.128959639994297	-0.0930452373006023	-0.218899351117527	0.398080026028491	1	0.0425220204710492	-0.305755108668608	-0.263967358950421	0.227284056647185	0.515053351548869	-0.407733373231828	0.132968299801366	0.0498910290171729	0.338888863294714	0.489633828653449	0.13429384511714	-0.010370417175571	0.105343643395852	-0.0439906936713973	0.0346778496328314	0.0433343735130004	0.0234572150093754	0.279268412512305	0.0112750650859991	-0.512296631962071	0.202461569749065	0.491548805060343	0.125721722327177	-0.33206073004167	-0.338304428560525	0.270410835524797	0.347143695686742	0.244822454567627	-0.291039534004378	-0.220454818754929	0.239323869439066	0.264451842875295	-0.0130651657341063	0.424728438097506	0.00248669608097754	-0.231479712060706	-0.446915663994096	0.0457242496657173	-0.176385945186731	0.128498195850597	-0.0291056647792044	0.123698014303479	0.450607880645219	0.322910419216234	0.331385321592101	-0.0447511202998224	-0.0808267983749544	-0.0510922259181138	0.423178694933785	-0.0414231712822253	0.471225214953666	0.0470940110216751	-0.0406435688406083	-0.0645864775671577
ITGB1	0.707619094795299	0.412983452624621	0.395636482648042	-0.0231337869634506	0.660678149569065	0.519510171689151	0.58082659325688	0.574900584457271	0.756584252365135	0.438150874321721	0.439755993610288	0.730791129206937	0.532695882052047	0.547556053699262	-0.0872736154735337	-0.107131067508658	0.299270327351759	0.621134942141183	-0.0561354842529358	0.664664275334629	0.573371097396607	0.771207897654015	0.509418027321105	0.0425220204710492	1	0.639769618837373	0.506192751797655	0.583266112337715	-0.0752543600199998	0.502979683197453	0.693794805339202	0.624187657320098	0.436488615281997	0.429361170259937	0.589000846566999	0.708913457923816	0.66966930771834	0.658796109935208	0.573659969685408	0.71816902521331	0.588651127782479	0.577968529879542	0.454617896203581	0.515681467524647	0.508653867006339	0.488836137740315	0.683031040102553	0.476211689121416	0.562358951248006	0.536098263529747	0.480459363291762	0.625727708564281	0.752147760168998	0.825930480840743	0.645219243406394	0.427653289265241	0.621376844374529	0.509206555324533	0.54448692591616	0.607580834194538	0.448018438057558	0.710010707966252	0.787418219187036	0.61792135792364	0.493165304697841	0.672853513527928	0.688331556870445	0.0938448459776759	0.474110109541686	0.740246235438346	0.375320941127959	0.683422925815398	0.353085377320677	0.847798295152213	0.245781794584541	0.660455548688606	0.624269370569767	0.64782981481551
CD226	0.498390554632658	0.415841187611781	0.226569758489555	-0.31261801980648	0.466594070861092	0.378306792988051	0.468563608712387	0.36559907446875	0.548422329221602	0.396304562650882	0.428368228884439	0.544390852553233	0.415029922368646	0.491108003267357	-0.394241870686932	-0.380459419912288	0.145474129736691	0.591921145011527	-0.339534285528198	0.635009849160727	0.517407355956184	0.643052482001122	0.224400417246058	-0.305755108668608	0.639769618837373	1	0.471005348042324	0.366681101830135	-0.246818403829969	0.520635819768909	0.537112857359678	0.509743114289501	0.323238497540792	0.175224501438732	0.514699952452416	0.626408959920682	0.520664510501047	0.422103205829462	0.456829699619407	0.536674321523679	0.517292972662336	0.420175536214254	0.506496181094295	0.572225650886395	0.321001401640198	0.0950044236495167	0.44924922987169	0.708501316031909	0.667644952822515	0.374413878199747	0.221595435641484	0.314091458854182	0.675038531279416	0.690647627228471	0.293207053404864	0.168689950201443	0.375385100610626	0.130133234184691	0.345135458072907	0.608115506038708	0.615001005416873	0.418030872723508	0.591965507583172	0.307343394839805	0.391336591660685	0.370361440468745	0.330815375434974	-0.0862560760951454	0.334750026472419	0.500953455238972	0.207619612728621	0.424942153036716	0.062945694265251	0.61812802398206	0.117893931467825	0.34453705354892	0.345861127786136	0.434581025382818
PTGER4	0.319509704409871	0.897864690185148	-0.0313312666280082	-0.264351722635038	0.23496572331462	0.224822161597483	0.310741143983758	0.224854870633872	0.321566777734932	0.253292149412924	0.886147370281032	0.552117451414325	0.423669505487392	0.467057919789215	-0.176746853220108	-0.276353836561968	0.077706046844349	0.547074497904712	-0.223815262757331	0.389814147944323	0.549477207390814	0.405562570635683	0.192369724468387	-0.263967358950421	0.506192751797655	0.471005348042324	1	0.272347136777189	-0.197916854430913	0.401099653163859	0.252818854436604	0.329528264454233	0.141862521692146	0.0982163081626929	0.21592665433554	0.191340902243268	0.408878149617535	0.298852701032669	0.320500726383859	0.372406522078577	0.311961499570311	0.231370052358106	0.390893111159078	0.758357633739986	0.171073218580022	0.357618550073955	0.424016540608715	0.443308080574002	0.520723457113567	0.321165487996966	-0.013609332961452	0.0549366751821791	0.517255921956262	0.536880906813583	0.0502329682256929	-0.0465111155227361	0.243114063902944	-0.0189457964117617	0.428798725521958	0.531533943532826	0.618106707160075	0.197466303624812	0.514029563046616	0.0427944336343277	0.132113475199528	0.156014460596916	0.10916531577978	-0.181359996945593	0.0235264594309401	0.412219253773249	0.00678616833442517	0.203221655568648	0.228068739606602	0.503518804671873	0.111570538892711	0.0681992927668863	0.13264159776037	0.141564166495794
FAS	0.604566566563172	0.19439113490808	0.222918959191203	0.264442099716575	0.589876440241957	0.495643774943713	0.495051655357027	0.478946767671603	0.597979095502454	0.261757251400157	0.259706710786933	0.52603987599831	0.697644300286714	0.466720781745362	0.127347600815644	0.185334343846591	0.40954557306207	0.628088583448435	0.173627750121367	0.25518054277685	0.689227523649975	0.498826725463181	0.661541279120874	0.227284056647185	0.583266112337715	0.366681101830135	0.272347136777189	1	-0.0539053571587684	0.157008084367465	0.478374876939037	0.526512713518165	0.385038556025973	0.655735296193921	0.405982218634835	0.5178897016777	0.71266515696162	0.217336132306169	0.750531905470508	0.691879942921607	0.346655431958323	0.671190846554842	0.380677018376743	0.183355395465227	0.538950506336314	0.453093110698233	0.634742480138694	0.215274348903156	0.119094197836044	0.733020845305214	0.579097988710051	0.356324587189615	0.23135031660664	0.372223546547923	0.409058432695979	0.446570150808723	0.547954336129672	0.478029482978814	0.40252168208314	0.478822265910148	-0.00499116902808347	0.380391841106499	0.489572110881996	0.377409390672724	0.518092844176216	0.429718131835152	0.642903100525346	0.345730799794738	0.417164367504014	0.616572486005545	0.157658243857024	0.4513894696636	0.549007027601562	0.515609368707973	0.413240997758122	0.342855481172002	0.391757926115021	0.477483867993027
