""	SDC3	LDLR	LRP1	CD9	GPR37	MRC2	TNFRSF1A	CHL1	LRP4	LRP6	SDC2	GPR37L1	EGFR	ITGB8	SORT1	CD46	ABCA1	C1QBP	EDNRB	AR	CNR1	LPP	CD81	RAMP1	CAV1	F3	TNFRSF12A	RAMP2	ITGA3	ITGAV	ADORA1	SDC1	ADGRV1	CD44	TNFRSF21	MET	NOTCH1	CELSR2	ITGB1	NRCAM	SCARB1	HRH1	CD47	IGF1R	FZD3	TYRO3	CD63	FGFR1	INSR	SDC4	CANX	NRP1	ITGA6	FZD7	F2R	ERBB2	CD82	CADM1	IGF2R	VANGL2	APLP2	FZD5	MCAM	NOTCH2	ADGRE5	ITGA5	PLXNB1	GPC1	ATP5F1B	PTK7	FZD1	ANTXR1	RYK	CALCRL	PLXNB2	CHRM3	MTTP	TNFRSF19	NCSTN	EPHB2	ITGA2	AXL	DPP4	APLP1	TSPAN12	TNFRSF10B	IL17RC	NRP2	CD99L2	PTPRA	NT5E	MCFD2	SIRPA	TFRC	TRADD	SLC16A1	TSPAN17	LIFR	SMAP1	SLC16A7	TSPAN5	PLAUR	AMFR	SORL1	LRP10	TREM1	PILRB	RACK1	RPSA	CD68	RXRA	LAMP1	PTPRZ1	CXCR4	HMMR	TSPAN14	HLA.DPB1	NCL	CD74
SDC3	1	0.355520394977513	0.39242280969162	0.702304288491321	0.346809766756209	0.395115132189267	0.531959751585095	0.596867937966577	0.427339198404275	0.571226397477691	0.481717860609729	0.501733620436353	0.596870221244225	0.791831704251564	0.674106434853012	0.381539556406958	0.314171984559775	0.611283260969261	0.700423108499706	0.658597510609485	0.508687412703473	0.395056738494456	0.472493334586987	0.800769183935468	-0.028819884000274	0.557564134051307	0.473732521316043	0.624998843595818	0.347944130043752	0.553185723296197	0.499690505915793	0.384581256132629	0.461512016085765	0.332328264040479	0.683299817997149	0.176242788276181	0.746893393290069	0.513324303274414	0.204915715537279	0.395556771268242	0.310923058320575	0.551477042831264	0.560117616812728	0.502692620728971	0.663575413028603	0.67275522845286	0.616204157886868	0.807214176860142	0.447936098209499	0.0901899408762271	0.609702747832549	0.0499877600709574	0.515873980394301	0.414862960232896	0.404558366511057	0.416369913239269	0.135457701784412	0.807077588486772	0.307054568198535	0.695292766377249	0.725908342702014	0.640803734986672	0.296920814151578	0.568505697761307	0.568869860827937	-0.0223874967710238	0.550079964618047	0.453128689720922	0.731185197125416	0.240942715202202	0.36124166310004	0.502536141316455	0.432872672441512	0.456346763023556	0.279991759775701	0.603062917821318	0.537716965309584	0.812926388810013	0.569993140672455	0.555014381787386	0.179193004342634	0.377404870963887	0.349323485954071	0.646083077284421	0.658460543930754	0.284662637166817	0.49781244970086	0.473034180651631	0.616171895929395	0.743281759291736	0.143509963468224	0.553842155912032	0.421682627627158	0.153012820114111	0.42983079870431	0.29035564789556	0.564176942059977	0.336370087598987	0.720229398730059	0.402087913696107	0.73953561741679	-0.0719170091260666	0.477414207074941	0.39492142408715	0.497208779128173	-0.179063949274461	0.481354330992795	0.493513514224528	0.548487920592737	-0.0629969242682123	0.513803090284576	0.676125816471062	0.715570584481308	-0.115154951837612	0.500085334763541	0.550012546081925	-0.0594395686931405	0.726983607883946	-0.0309644214235865
LDLR	0.355520394977513	1	0.888470451603204	0.51222378546545	0.797821678941299	0.903642495694195	0.86022499940948	0.846738269537839	0.208755193395474	0.75819869059956	0.618963455047691	-0.127476876519155	0.0895366094991121	0.583297231926639	0.739244992406276	0.806679282426786	0.878323542001232	0.597101599966859	0.116382775976541	0.549365826984668	0.878524890349685	0.848714888144694	0.85040655579962	0.354878474322362	0.401458761563172	0.731223883039508	0.674491962778262	0.531372987069549	0.760653868974463	0.802581091749502	0.854218800569144	0.879488037518587	0.635335934400245	0.829370187358266	0.590223019245602	0.802501307449721	0.643006671312007	0.720585249362624	0.648242374657156	0.911612640370244	0.782703895495883	0.886503713085434	0.654266068713558	0.625534145531074	0.7593767694043	0.392550629998775	0.760878242298817	0.633530556341411	0.729128297294761	0.594001247266293	0.814042368228184	0.579860930232892	0.27259660966333	0.869564453207911	0.688814103392523	0.798611718833019	0.389873108208196	0.436858560137023	0.847633635855415	0.503347323716093	0.716079656977185	0.777100040390831	0.417563512097302	0.529542545929607	0.763586416604242	0.437398410944827	0.540195573960922	0.882671728926373	0.404674487912514	0.584231667588395	0.751518644084738	0.55361176842624	0.749673606595017	0.694282386399377	0.83592804375817	0.484473215108495	0.327926007180212	0.610344850849121	0.854498959786849	0.724521258529972	0.563956221348636	0.598102483962754	0.731926872864788	0.794415295107985	-0.137353026185297	0.736460992355028	0.807626790320936	0.873385292875507	0.823790203731107	0.788210434587633	0.40975612333883	0.715372437624189	0.849284347985056	0.690702743228916	0.726513976103383	0.621348679250378	0.628482014245621	0.29162874209911	0.529992084462023	0.81815488688404	0.352716886589515	0.417362465049573	0.746847004394322	0.796796354163827	0.806510921765496	0.235957268417463	0.675354346876361	0.623142841487935	0.525342943804777	0.427255153146514	0.81807143538937	0.728596366553642	0.729322840721886	0.275214985902269	-0.108760347776289	0.61733115118613	0.213628116095979	0.548864257444108	0.332185776277918
LRP1	0.39242280969162	0.888470451603204	1	0.425708207912565	0.824323504881999	0.94077006913316	0.797837241531095	0.870118155657602	0.256459925127403	0.776225565591368	0.645161109887086	-0.00477848401293571	0.171225710544958	0.593510648787459	0.739288710737968	0.840363679927939	0.875595231952507	0.489787579690416	0.0833834385194188	0.566282887667842	0.84677350687772	0.858246926002869	0.916645722272703	0.271350928250431	0.483761897795231	0.802010890604994	0.553012684474823	0.420448355179948	0.728119208974071	0.819704325891219	0.857290021600256	0.860887661293694	0.703728592760774	0.77723679021169	0.601128358030891	0.846659117933679	0.650699974532442	0.809223564877594	0.68345825766662	0.915800956895328	0.81226730044316	0.807360354112503	0.604989334553145	0.684545556482005	0.793311800383392	0.403046540514032	0.675478489577626	0.613238034562419	0.761706248136608	0.659206572798619	0.81242666970278	0.650691825820647	0.296760386054239	0.907066356754106	0.756063287246703	0.814124802456008	0.475241632143578	0.38380123988659	0.883780061187442	0.534434540518898	0.68273182934247	0.679666377909601	0.379210709136903	0.584378664805796	0.736434259205982	0.53588639905637	0.687245547043602	0.84901397352311	0.306756525435579	0.68372937622883	0.785034713263052	0.569342302035198	0.798479192995578	0.72457168037668	0.865280648126998	0.398240023213037	0.304530821147051	0.601263822601469	0.870621352805239	0.658691865359894	0.593816205877833	0.652928444274878	0.756637607834966	0.783804386870296	-0.200000846280243	0.737809705648677	0.734637538133024	0.794858059962316	0.842309659392	0.785669472587499	0.477711386900181	0.694427103794795	0.90710720216869	0.703963028536855	0.712264493771129	0.654203712086055	0.517087334850645	0.464510939986525	0.49367736731662	0.847306215898661	0.328750029544428	0.450027488109873	0.829637090786783	0.807256157061021	0.801623973414318	0.334368763471245	0.724190671523323	0.560182591812602	0.446689152222513	0.403956776765139	0.8819382909329	0.689353733245916	0.761189760667505	0.249469151580511	-0.0531169521587838	0.554356536432397	0.187147988475352	0.492241922175823	0.288419654738606
CD9	0.702304288491321	0.51222378546545	0.425708207912565	1	0.370990233217126	0.446334281655922	0.783342765759681	0.579150942262624	0.201229783708937	0.633318625788208	0.617440941763965	0.108181984203171	0.562264567137226	0.782772456701331	0.599762625225498	0.559717437671007	0.577565550247171	0.914542299392485	0.590510416325942	0.720560521886265	0.489354607893706	0.61798519090287	0.568117540075804	0.854994969631083	0.350727949974449	0.60280218440879	0.837562273182613	0.814736755721611	0.635017743899074	0.762059964068906	0.488559311386905	0.449700045400585	0.157734879754879	0.662638072282229	0.691763887687933	0.346102658719802	0.646494085478589	0.524276633393141	0.467538115285376	0.547025427062066	0.430307693182962	0.690232507842464	0.886774042243132	0.686367326717726	0.750009303708931	0.431087529480241	0.867257425223051	0.822926147602157	0.43939761715609	0.455958319666289	0.819857237724408	0.337248979443651	0.33197510162338	0.461529042885117	0.516057719890185	0.421841010019358	0.472746356556324	0.872722403335313	0.409684741825706	0.464258305762978	0.91497738447434	0.651634349343909	0.328448966796606	0.719683337191895	0.783073946644703	0.29162872166578	0.2962182739546	0.658373671477263	0.932203870509237	0.259905561461158	0.509462913896062	0.59867613787821	0.591912703428095	0.41378648556862	0.403063754956959	0.771288666832715	0.713270960795322	0.785280691836117	0.639704685937507	0.782348027048692	0.496455638199174	0.539302036067566	0.492906724946131	0.766974093234125	0.623375345294864	0.593165939796261	0.690251079126365	0.698919490098794	0.60846343925475	0.778412227223769	0.519941122779298	0.831833977386972	0.410629908863965	0.399101022907605	0.755318190356071	0.597949233300156	0.833067557824608	0.0860153205178414	0.920593936902265	0.584240044488435	0.853958249343419	0.35705019402086	0.623641113221778	0.428305856846714	0.735738703601925	0.226985980679561	0.314688872200427	0.867052634560065	0.89556562549285	0.298005127159478	0.489126303409929	0.853383064505938	0.529205397360135	0.199538083150568	0.405272013877917	0.625901164786313	0.254741699342785	0.918035276116265	0.249478366831302
GPR37	0.346809766756209	0.797821678941299	0.824323504881999	0.370990233217126	1	0.819785584837719	0.687649479100873	0.913087826552397	0.127968273809525	0.645765078630551	0.516941205468966	0.0029981843167228	0.0599570096312435	0.53634167070521	0.700018314905482	0.727253100132334	0.846158463889254	0.442354038476384	-0.00716827072513729	0.408916693097463	0.887137729729945	0.754930454521319	0.754988856363079	0.198250958863377	0.345214985200857	0.587202735962062	0.418950920025511	0.434652078581039	0.61170588195281	0.672746032231725	0.918477033230474	0.841663970419264	0.671679124027893	0.613040133474043	0.528738506824787	0.886513907904386	0.5818389273934	0.806921373796448	0.576659911555779	0.859552659881211	0.661504583893439	0.746344073826592	0.481150269693275	0.511758517702443	0.690804736611382	0.331965806317241	0.672307267502983	0.433650661995748	0.635245775062821	0.5528774123702	0.696662001160348	0.509558396415423	0.131189418062488	0.896322292143705	0.593427824356953	0.821875745253685	0.281716448491447	0.217263067215954	0.762709929615681	0.435607096203249	0.546608095821452	0.599657871061055	0.300165016518882	0.377415750191341	0.651317645702345	0.436498504970605	0.459792314347173	0.798770480107353	0.246312738807675	0.50772033279694	0.880252449312955	0.345354505845725	0.712967645602241	0.652178802510743	0.866659189048483	0.306137333315898	0.263610603119519	0.537903945293605	0.793044623158349	0.507820715022304	0.395788355956275	0.585114952697622	0.890122308583413	0.659159978516033	-0.252702049028295	0.614542690274826	0.677098914733023	0.700592289958762	0.722165046803623	0.67725465274135	0.292615966490476	0.581806927244646	0.816166551892985	0.476660899840275	0.599638835326282	0.516849290289534	0.516165136579768	0.376533500340549	0.386469761318454	0.749363720306856	0.17330323017158	0.299305297310573	0.724338872787846	0.759700838113744	0.712341328363943	0.162698708346184	0.642650751675857	0.477343895900992	0.382416228282904	0.341935386422101	0.766939496586798	0.55934386690317	0.730551935648957	0.179292316057252	-0.130337923819825	0.5138325676594	0.144158483612107	0.404385618560393	0.231230079772513
MRC2	0.395115132189267	0.903642495694195	0.94077006913316	0.446334281655922	0.819785584837719	1	0.838454671118296	0.86105969832306	0.23437432677196	0.736245460936818	0.65082900741954	-0.113363480243902	0.120020095504383	0.549973174337327	0.739055436715793	0.823946758207147	0.89729014437891	0.5282334730245	0.0642827028468094	0.562274150466083	0.868968354810606	0.888647194171243	0.899251076902909	0.301011896766832	0.486703621463683	0.805716580113038	0.616508095415577	0.4819506091112	0.794775548747151	0.807511195504962	0.878279020175073	0.872017586289657	0.650867543775866	0.825117446863395	0.628047879753501	0.84402915983346	0.641111860944443	0.775930865528643	0.718858683220511	0.9410778805417	0.816400102256657	0.836457999828256	0.614947762664987	0.656373983304081	0.785967968091948	0.394241209345425	0.71287800604105	0.583334540985301	0.76495011210842	0.666543823551074	0.8224500995097	0.660228771268148	0.254329534842482	0.889306526908649	0.749244272539199	0.839311051069089	0.45644809990878	0.356373312507274	0.891649777676693	0.452043245278443	0.692164106302793	0.709944716820022	0.377400585664173	0.549966297059095	0.761496420505118	0.548247029912429	0.645791540283759	0.905893921314387	0.312509863933639	0.697839944261788	0.816466196399315	0.550873610913902	0.793994339239765	0.708137015395148	0.879863995561441	0.476286626438131	0.350992813661627	0.601901041148333	0.87197778340413	0.664392211316025	0.627628908241399	0.645105091533117	0.76533643419876	0.807656452111345	-0.203075292032081	0.759196803362464	0.790594433904782	0.825392145158082	0.835325135088898	0.780789603009321	0.514250310757132	0.713535238327542	0.869257405381196	0.673962424447248	0.733337059212469	0.682020619747297	0.572492726987341	0.381698492864852	0.503030288653613	0.868758596245168	0.31825829021398	0.441638425749897	0.839015348046146	0.764898053091769	0.831120724419462	0.325430082630945	0.673571089839296	0.589222521067204	0.477382544207182	0.383794807822121	0.848988468020323	0.704092603749202	0.725481598184399	0.248241661606316	-0.106346177366833	0.548141247580843	0.160354870007237	0.514501218020985	0.251219300029302
TNFRSF1A	0.531959751585095	0.86022499940948	0.797837241531095	0.783342765759681	0.687649479100873	0.838454671118296	1	0.82154145083856	0.225437916134441	0.761321440779096	0.735823125437388	-0.152883392050489	0.230939600532417	0.719299841273319	0.750206998248322	0.830842578046773	0.874616138229051	0.848208140485168	0.312217137478027	0.715353775811636	0.79589165425617	0.895815084237103	0.865642493738429	0.648810128693781	0.511799024577153	0.816301018425793	0.900691285865479	0.758200397589277	0.860850619022658	0.908852633786922	0.78508205185329	0.778584637658594	0.46500051070563	0.928616765375054	0.77218522219175	0.695259396588676	0.677554966074316	0.687994062662889	0.704051789248541	0.88016957205346	0.747416032102095	0.923707089533451	0.86258357902567	0.73372658894158	0.8667215283156	0.442531141471556	0.934730099307995	0.760927320671365	0.701224301356942	0.675144385432196	0.939247922930731	0.640244959439995	0.337162403307311	0.757844381130315	0.692136358441023	0.707179327233908	0.499826520414221	0.647046954002025	0.763966248511695	0.449530456960768	0.90331086639197	0.842112757474831	0.407768762795784	0.661964951484043	0.878867431562567	0.519469889195215	0.496380277634701	0.936360562027142	0.665633626304615	0.57820901924928	0.745685289833694	0.63549503299792	0.789242049479944	0.669937956924731	0.75180288976027	0.75390328359917	0.643447663477464	0.732611802378802	0.845426455007942	0.84669080255651	0.714635264110216	0.703239219597662	0.71060003031822	0.878013114900529	0.139870209076215	0.82706996127849	0.881673313534003	0.939246955774733	0.834575050016632	0.865304346041321	0.626076513169122	0.908362925354158	0.719671847210047	0.6902804929635	0.888624445978639	0.725308523431465	0.83485801417584	0.273905701525767	0.787892625663095	0.865467627359374	0.63985484308342	0.525678076401123	0.844012079534497	0.739818022833916	0.922249293421098	0.343094125587023	0.523760086792754	0.86102431757593	0.788464421725162	0.468905418210951	0.752957959213243	0.879407980484961	0.686436874401147	0.295482570065568	-0.00150446892061771	0.693628442692536	0.303906864775046	0.791721057058913	0.368120321005042
CHL1	0.596867937966577	0.846738269537839	0.870118155657602	0.579150942262624	0.913087826552397	0.86105969832306	0.82154145083856	1	0.348459696286751	0.78287840036222	0.635399825967353	0.167757543316999	0.266348064081298	0.766261852350615	0.848707346169965	0.747466584882994	0.830850837460215	0.615208952545237	0.30110972355579	0.621573092481104	0.928153697410579	0.79160251685469	0.844776112893516	0.501898696941254	0.27154469184178	0.765669466035134	0.585151412896401	0.604096036159517	0.654752926842574	0.815785631740166	0.93730108711653	0.843833499474482	0.769074672369847	0.689761601296581	0.733214153695733	0.775278667720314	0.766316445323772	0.84894315885301	0.554745443431199	0.875320955699829	0.652862740650344	0.866553462177391	0.647288273795733	0.616654319449996	0.83480431183909	0.543152126152235	0.802973610898485	0.692690913355029	0.72641185976338	0.496953047699701	0.822794200829119	0.435723082631058	0.412195538151704	0.903526953606886	0.661670644697376	0.82429329993063	0.26911296080532	0.51807687132233	0.743593462218633	0.602898230864704	0.747659424149278	0.785939314996165	0.357601489565714	0.547603086460024	0.750192069370616	0.329235928408415	0.626727513104382	0.85296679461366	0.469203242553304	0.522385608464919	0.820860305484135	0.545142737278827	0.753353788672399	0.745036469514609	0.822192686332441	0.49674984587317	0.447735470415235	0.748755783416497	0.872584019486669	0.659678774949392	0.417963807087675	0.644242045774492	0.80241583392463	0.813271484277517	0.0341262972889426	0.648740942541898	0.806461223330723	0.790931847876763	0.850513724841156	0.868232166499685	0.298641988840708	0.724550698496571	0.863880940150005	0.493815290445969	0.695692295301124	0.512970066062346	0.647789229317923	0.50196396178023	0.618225256212317	0.796509753717212	0.452755627957919	0.247627238073952	0.794198314255221	0.811729160570853	0.815085226665976	0.070210189430359	0.701515403190079	0.596627113078658	0.531921562675851	0.287367196294239	0.840785806191864	0.765768788801145	0.900305627582179	0.120006112126052	0.0328008039166163	0.645110859871899	0.124987643275952	0.619927702594282	0.223153633491059
LRP4	0.427339198404275	0.208755193395474	0.256459925127403	0.201229783708937	0.127968273809525	0.23437432677196	0.225437916134441	0.348459696286751	1	0.397682323600015	0.234124176145601	0.518279800819353	0.40755051713778	0.492893593100234	0.495715341875949	0.186014112358378	0.0888741787131805	0.183039886488853	0.535789572036357	0.330707849076482	0.283693452786337	0.138030933016851	0.292198733811098	0.411202513304688	-0.285554065862577	0.348849801778386	0.169475178819587	0.223130796301896	0.00207554151215995	0.319542961358894	0.198854533674063	0.198317049878256	0.585175617687556	0.129594064053809	0.36636104133903	-0.0844471219086386	0.482435049752756	0.299627256636625	-0.00494575607693568	0.163754913900018	0.0634501011271791	0.341664668025462	0.189308626238045	0.161400043004701	0.372823023229445	0.414451413121136	0.18467178263497	0.410304170039259	0.380566505653076	-0.199138077206982	0.209216033377044	-0.16273401778336	0.602584992355548	0.197684101183941	0.191908378698961	0.168902603460762	-0.111899221499765	0.423657807760719	0.0316461412863552	0.407621526228524	0.310705896599499	0.338635011636734	0.194707460927872	0.298133233067503	0.228553136516638	-0.332823274251174	0.496219775846861	0.16333878780342	0.205770964521893	0.238733542890465	-0.00950158188023225	0.352011891458198	0.134024445619971	0.451757122926845	0.0563665170710576	0.258812299790497	0.278595424854964	0.367142215188627	0.262430587878191	0.224745224474551	-0.0909188115411876	0.158278993271028	-0.0816392871700736	0.391401837270786	0.34574491855956	0.155626513091322	0.304226515579558	0.209585074649873	0.279937325125234	0.487471001305967	-0.156660473992407	0.199092374902108	0.228872097454174	-0.0157704429684108	0.0954902145334582	-0.109470204086211	0.135727298276329	0.559294054139216	0.342785903484759	0.185506500696233	0.311542504220124	-0.205864918934718	0.2245251054107	0.259876124274555	0.241105234853744	-0.336366153262785	0.346502696234834	0.0730107129993218	0.107767000067828	-0.149773294389006	0.289583399546609	0.415642678046481	0.585871215776474	-0.201730525205442	0.151475018155302	0.285138298340872	-0.12874268164096	0.257771221520726	-0.0528115390132866
LRP6	0.571226397477691	0.75819869059956	0.776225565591368	0.633318625788208	0.645765078630551	0.736245460936818	0.761321440779096	0.78287840036222	0.397682323600015	1	0.672889624258255	0.215468673137019	0.432538613076049	0.776150068294141	0.765558054881145	0.770145009824553	0.733739036665826	0.652982335705919	0.355885419085302	0.654535669900749	0.721485933126039	0.74415599548119	0.801689659618637	0.508764477346318	0.320742836633857	0.676716488981397	0.62427012976597	0.592487989503159	0.612023627019962	0.823303752524335	0.687360251427248	0.721109122947824	0.638041833660611	0.695925699759968	0.65297544209435	0.618338493024603	0.72671499873396	0.73775586569482	0.588071104370511	0.761224813619975	0.653048333596408	0.803764521927488	0.707007716818127	0.72507567678144	0.844775576160489	0.494704257198211	0.731669233279123	0.744737094948948	0.740278194331494	0.465136222972707	0.796207823153706	0.471304492139374	0.36180182901596	0.757568982163862	0.692524514026757	0.695809735938091	0.472741790716268	0.632331905851697	0.708543349719473	0.625154297339684	0.790849918786352	0.669088411038798	0.490521483752897	0.704616003682044	0.807158381814231	0.312770715976843	0.579554481595186	0.739919611990441	0.587041300436433	0.587516746750532	0.627257414581918	0.605380473503853	0.749985569749683	0.691124606152283	0.645500821357445	0.493487048372173	0.392686686425024	0.744556099199322	0.816287879902683	0.693377757858064	0.48184744773948	0.610704012699124	0.598591223014076	0.821007949808667	0.179744935987781	0.697252034189076	0.692499281314723	0.774444695087188	0.794588724527957	0.850779839891317	0.386097904695735	0.767625963231458	0.713940559767729	0.564757001930007	0.658577471709545	0.552499138609018	0.614946605214149	0.263899768249402	0.67043523665123	0.698855925525822	0.57893941943817	0.330960213070983	0.702231546507729	0.691364815305929	0.772914021871772	0.174152971538535	0.740329665705532	0.64872123646532	0.605312497177665	0.276978093605566	0.790693299746198	0.78571342053019	0.766488265047118	0.199729042542933	0.181938477320084	0.64746649013853	0.154862952573986	0.687907427345268	0.245880939486702
SDC2	0.481717860609729	0.618963455047691	0.645161109887086	0.617440941763965	0.516941205468966	0.65082900741954	0.735823125437388	0.635399825967353	0.234124176145601	0.672889624258255	1	0.0231994512584137	0.369369965547402	0.641537700116883	0.663045334260479	0.751677010098587	0.669149943865441	0.766809338146833	0.345476501453784	0.671929173004414	0.559771736194338	0.781518107545718	0.795411214576696	0.536486816444501	0.552840172497316	0.740292635482429	0.686624490873153	0.750280843117569	0.587327922923745	0.807454256908333	0.583885978541006	0.594169597536483	0.370996794848301	0.709336864447296	0.756256517094132	0.514072751065254	0.642205756767083	0.617425057310867	0.861028573888788	0.648489796701324	0.635706315872533	0.660951180996849	0.791630232606392	0.760151508398121	0.703317550591653	0.358493552772034	0.771043747660216	0.663818617905515	0.705349966544412	0.514193925147095	0.788383848183119	0.580316337201646	0.386768839847878	0.589722015284436	0.838571605079636	0.566795519616369	0.600536538670951	0.537268162880548	0.652838259818471	0.470569755060116	0.769095799372488	0.572872623724219	0.767800128877516	0.710209722133114	0.771680696421101	0.544779488286496	0.494209351266753	0.749704635725901	0.650749042957545	0.734528409726881	0.608168137481008	0.769162504028357	0.826585555625536	0.688093458639557	0.667477786805745	0.50862598639457	0.505662958385076	0.665477946459821	0.767152590576778	0.627381567652369	0.576093534255504	0.847576609751271	0.573713284515464	0.742645839614125	0.207502468225969	0.682523914600356	0.713379499411574	0.740986575442512	0.7362311792896	0.753276128320608	0.516778676189658	0.839376661341117	0.558057953710096	0.570562920062304	0.772954728201735	0.594171740047957	0.691030380699873	0.285712915585345	0.711827264185143	0.711978683422872	0.650620849393434	0.529906119470459	0.689968980347533	0.561909615802607	0.816703920646537	0.296130538694272	0.502945906420299	0.805691577680885	0.78237761896307	0.424838697882438	0.680901467032591	0.794395656994792	0.544356471003509	0.322722069431681	0.143049270242267	0.741667186051189	0.382586464142715	0.789872739453147	0.409628204673692
GPR37L1	0.501733620436353	-0.127476876519155	-0.00477848401293571	0.108181984203171	0.0029981843167228	-0.113363480243902	-0.152883392050489	0.167757543316999	0.518279800819353	0.215468673137019	0.0231994512584137	1	0.574431482481871	0.459686736905947	0.323004490090188	-0.14554754605537	-0.216800163801963	-0.0211999311246675	0.60339652741515	0.153286376221742	0.0523409775702473	-0.215871552722067	0.00199175082028795	0.289090065245161	-0.496937650907443	0.0926806216544763	-0.250039737511259	0.0300878866658691	-0.399156785831095	0.0624106391442973	0.0416076797853921	-0.0504298753992685	0.405048448528726	-0.339817856955874	0.172067727312205	-0.25562862766683	0.389459860808708	0.203647039610846	-0.266899242723695	-0.168684508215403	-0.267046775624239	-0.0209980421508406	-0.0384043300574874	0.0514301799275713	0.149812174274009	0.433423425796829	-0.0621062613639792	0.311201970692612	0.0727440065551887	-0.451556862997852	-0.0221470844816536	-0.496764554129376	0.529996738513201	0.0401091876783735	0.0479142602147416	0.0477666220721925	-0.215239915734438	0.40973630016592	-0.207730326509911	0.537036662115824	0.108802517161867	0.0489330553775747	0.0712948702579097	0.243259421739219	-0.0323048685968937	-0.490828368794147	0.373468531015801	-0.218128515846622	0.223961244320791	-0.068592762456406	-0.115516458509194	0.125450022553201	-0.0603012589414932	0.130731515505171	-0.177561709654126	-0.139220986748091	0.0515329182096015	0.315820279966645	0.083622228015005	-0.0970246603434513	-0.436863196371057	-0.0271260890684581	-0.152803518590718	0.0956324472624924	0.530511759593708	-0.255946169062173	-0.0896930623669062	-0.205709101104774	0.134989589822279	0.258910778250169	-0.473263737619171	-0.0643242594357135	0.0594485948561647	-0.332433022987865	-0.193694043813328	-0.31587823999038	-0.0909072551587209	0.388158347799423	0.197390821034004	-0.155009924402556	0.290371831151611	-0.494043857046234	-0.0795284530831415	0.0108084013874737	-0.101375323578813	-0.526610867966466	0.291011459422322	-0.16753396442138	-0.0628791523672851	-0.374998892458732	0.146354937534452	0.168732583748042	0.460400890079454	-0.341473925672224	0.535825509107612	0.0817914251066171	-0.269322827487613	0.161056576259661	-0.250211951073821
EGFR	0.596870221244225	0.0895366094991121	0.171225710544958	0.562264567137226	0.0599570096312435	0.120020095504383	0.230939600532417	0.266348064081298	0.40755051713778	0.432538613076049	0.369369965547402	0.574431482481871	1	0.633580581136565	0.439960883611598	0.220229119077833	0.132427140095478	0.415160301018618	0.645228307564266	0.540530755065375	0.118431475303213	0.179505153710493	0.238829077544619	0.546426680172677	-0.0108670900361821	0.296404386185272	0.244526663245861	0.375421251913091	0.0437484689808804	0.401907077553783	0.119017616802915	0.116482023878915	0.163457432364326	0.118097874983031	0.376582634260228	-0.00407913700314864	0.492492283149936	0.421727188491604	0.180386106574938	0.127547344165901	0.071862557213728	0.226745307849822	0.453937530061998	0.459071773779755	0.483966747401265	0.381237553455884	0.318863777306825	0.556336473045105	0.26981544120269	0.0427005299286188	0.411159611263815	-0.069567574171246	0.392596356851309	0.175367383600921	0.397466496150603	0.154457128892107	0.372500993026149	0.67326105748066	0.109962925453656	0.545114655467689	0.548588832207972	0.185375660179121	0.258750786623754	0.644769054878703	0.415286603410432	-0.03777367781373	0.350164967105879	0.139163807016217	0.610641400668549	0.153681502616951	0.162000988950362	0.411804219991223	0.263311495860808	0.268475036159141	0.078655834689704	0.337144841803044	0.327179930547588	0.587590285260869	0.378979047419487	0.31572312928596	0.0251220995519094	0.26127066479832	0.124925179762214	0.491335835451268	0.685189682343538	0.185800536892942	0.224827414307	0.200400039886459	0.31102993713975	0.509783884655558	0.13436236117501	0.400153843668636	0.176140808013873	0.0453906242450841	0.305326993384308	0.211175421676505	0.274201146495947	0.0841865757677028	0.61218059277967	0.183551815548729	0.649000220678779	0.0292205973024541	0.212892159501051	0.110353637407105	0.293156831816764	-0.008930800729951	0.357636821861776	0.37334927355479	0.464444668778435	-0.0183594527447146	0.346838748767341	0.529663874073278	0.416397389296242	0.0443750199895289	0.702017009704151	0.36434517333065	0.0539949032602073	0.581263625613673	0.0201506470769108
ITGB8	0.791831704251564	0.583297231926639	0.593510648787459	0.782772456701331	0.53634167070521	0.549973174337327	0.719299841273319	0.766261852350615	0.492893593100234	0.776150068294141	0.641537700116883	0.459686736905947	0.633580581136565	1	0.798812233730953	0.568748092209214	0.558560881142168	0.754238828182742	0.729544475685137	0.76685096240342	0.632101313045763	0.573907770862176	0.667248270366547	0.804668142435673	0.078551065118509	0.683424961003999	0.641909069537476	0.722169391291931	0.430190240514127	0.796733785902373	0.631987623547461	0.538058004334902	0.589570580418846	0.536927753899183	0.761007409686691	0.36937708664651	0.785609813669347	0.684053270649982	0.400424785441901	0.584507362834714	0.389963348116972	0.725505749706828	0.739103057989832	0.63479513718262	0.835014709829728	0.661469029610363	0.779059763371693	0.865549304026614	0.587598116552348	0.245139933331339	0.755464593152959	0.160402998236386	0.612427267371333	0.605873814344444	0.579068459223966	0.529991561381785	0.298027750436569	0.836039722602379	0.455147276585049	0.742320000264098	0.843506387477128	0.699749667409545	0.385420688473106	0.702369499852748	0.739758548585471	0.08748030924758	0.587275640628913	0.608755738108723	0.770946929117613	0.367044347405883	0.520210042194232	0.64670403533974	0.596210563139671	0.618438703935562	0.469150979720843	0.594613895110828	0.627336839270201	0.852730830431633	0.724399606534376	0.686912320138387	0.301969639317611	0.55810659194147	0.482327295212234	0.783692186300051	0.560146568407962	0.491051026116554	0.712784049701058	0.664082316150581	0.759585076858014	0.865982040718329	0.233384549108599	0.737767172272543	0.567709838691735	0.335246550988628	0.626997130731229	0.374872193455519	0.688190120973214	0.391731670141852	0.807480004681194	0.587253683175086	0.786321482762903	0.11259228371589	0.594196648744129	0.576426001556815	0.699460474898304	-0.0599258519140825	0.591870397267658	0.668529636619893	0.693359397637012	0.13893504472552	0.672238006778045	0.84768986192866	0.837772584630018	0.0857635334229745	0.330765346286239	0.655156400217696	0.117518613770122	0.812076639442996	0.165880495657732
SORT1	0.674106434853012	0.739244992406276	0.739288710737968	0.599762625225498	0.700018314905482	0.739055436715793	0.750206998248322	0.848707346169965	0.495715341875949	0.765558054881145	0.663045334260479	0.323004490090188	0.439960883611598	0.798812233730953	1	0.70635208760798	0.666612924902485	0.6189917758608	0.468062374207057	0.616989694337808	0.812183975265164	0.689948770368036	0.773517096531422	0.612152965658788	0.157293732496861	0.736084108560212	0.536193605463031	0.641137867735687	0.507158675214614	0.784621235728609	0.760369304339434	0.761074566598162	0.724148051155511	0.589024959388705	0.719591691604918	0.539417265399362	0.808410505622789	0.726326280350784	0.506036345933501	0.73283043807518	0.604427573438807	0.818994693028375	0.649524372219912	0.643059752136781	0.794233803621079	0.626781891371507	0.721511522852081	0.75973699338977	0.780390129468871	0.29136983315386	0.785578992519224	0.339936098600336	0.549865980956745	0.770891368408473	0.66655111750488	0.677411482242901	0.236060685051367	0.653204110019509	0.634566361263698	0.637272882543181	0.780589112772649	0.76550565510521	0.533056840645705	0.671383138779186	0.702664373247569	0.17438057133956	0.668241192021987	0.722338502446783	0.57353481264126	0.586815865749384	0.598545591969441	0.635597190367928	0.690036108830538	0.776940783985825	0.651185766340381	0.562906767741882	0.425520914064043	0.785368333379148	0.800728527537771	0.657841195677644	0.348894677645354	0.595573102520669	0.563270048649893	0.805996886213474	0.242178266381843	0.548925907802279	0.706089634657836	0.709731108750963	0.802014540241649	0.888622429318424	0.188878886036973	0.71794357170583	0.721105696765037	0.440910617508415	0.609105462092903	0.420584738199209	0.5964303813276	0.443388823678775	0.707881692164579	0.660443898445841	0.631617469641115	0.144204971276551	0.669342594929535	0.743417885181224	0.713583810302056	-0.0901861940998608	0.757684453964405	0.562827640666948	0.542375144442246	0.202304009014071	0.797943568839176	0.802757199989105	0.891669637560831	0.0767055706651046	0.273231722460807	0.734078338574693	0.11779139988661	0.68189087379084	0.215809847385988
CD46	0.381539556406958	0.806679282426786	0.840363679927939	0.559717437671007	0.727253100132334	0.823946758207147	0.830842578046773	0.747466584882994	0.186014112358378	0.770145009824553	0.751677010098587	-0.14554754605537	0.220229119077833	0.568748092209214	0.70635208760798	1	0.877113673434936	0.6516983663107	0.0597699705345179	0.595058593430297	0.749223402895304	0.91044068491021	0.862043666059393	0.352504300582209	0.630466901068518	0.670251686331045	0.705455424774677	0.602609670172835	0.765719779596556	0.828316306105077	0.746681915702924	0.811724498307447	0.486609032004797	0.835161910682986	0.602495350576146	0.797629567401599	0.63293380513582	0.76281429769525	0.811567321801753	0.893005736778139	0.868863852408592	0.82162505622733	0.734859692851664	0.772654095317702	0.815952666042857	0.296695232004293	0.765301166415657	0.60686238705481	0.771033712422038	0.71753746184992	0.853251646907516	0.783482981631101	0.171719340264184	0.780146950714136	0.753697636563065	0.688628875759999	0.612278108053425	0.417927198053997	0.864595535803666	0.447318069368625	0.767471008432066	0.642744100546428	0.562481555968541	0.655425470932148	0.854943942814066	0.634928602591081	0.554165434236414	0.857210395433352	0.486623990261783	0.713316720642846	0.754827520714493	0.549216501158313	0.803294756239462	0.785957935135999	0.794207784523869	0.561185089562157	0.391752805162782	0.575555507099939	0.851253418764246	0.746056859942876	0.725663226911806	0.724575131781469	0.766088383784173	0.821420455009343	-0.0842421061108338	0.857511547761517	0.726896930071703	0.885086879185569	0.761319070738831	0.774025905440394	0.637282531384786	0.798894773940182	0.719176436968515	0.73387347177716	0.773345912278749	0.797142771249005	0.648311513285002	0.240128708934997	0.619565075661666	0.835646985921435	0.443845474901449	0.595246596571199	0.781409643869614	0.725568407553712	0.844818665453447	0.466686388757853	0.673670778834829	0.74323211231592	0.649674509500785	0.503988146694976	0.816842352939139	0.735029157148159	0.599210577392653	0.38815246535769	-0.00268535902706086	0.685195051950941	0.332876667838797	0.637405419623853	0.397171426668149
ABCA1	0.314171984559775	0.878323542001232	0.875595231952507	0.577565550247171	0.846158463889254	0.89729014437891	0.874616138229051	0.830850837460215	0.0888741787131805	0.733739036665826	0.669149943865441	-0.216800163801963	0.132427140095478	0.558560881142168	0.666612924902485	0.877113673434936	1	0.650120028939261	-0.0027298059253804	0.555642009713314	0.828402433879464	0.928208084774711	0.887356564268355	0.301470167648606	0.634461218146577	0.713431357285947	0.727943131911561	0.562381322338008	0.861991460273486	0.856220982712061	0.842770881181461	0.838437946659521	0.485770974338239	0.896871904221736	0.576922687172176	0.907360332959119	0.580293169954899	0.784806738628864	0.783706145642291	0.954422363457735	0.819212928137448	0.830395528635804	0.744599412346005	0.706311691473997	0.796772160321026	0.241888253334675	0.814942520349659	0.566502435847932	0.702274511402207	0.802304973819738	0.885525710277214	0.752423001818659	0.119229112833864	0.885901175162872	0.731326021743323	0.798908819953757	0.587030813789594	0.360137386939485	0.885692549268196	0.378240657551824	0.746804521261273	0.627934385912833	0.383164282860812	0.596614281668078	0.830217274164664	0.670277409289055	0.484024338995723	0.933258339006833	0.422782796775598	0.631653026064303	0.895863157536741	0.513588482843161	0.828797395347003	0.682644612020224	0.908292813788817	0.510413156037889	0.418361237877629	0.579417034769944	0.869458064800077	0.720045298680002	0.69462163397897	0.708708944432238	0.863464061040895	0.821369726795966	-0.184272364017923	0.833279516943311	0.815087075515848	0.879358748066313	0.790315980640092	0.760584356131986	0.648464672115606	0.797118277319399	0.811413028126606	0.744710368361125	0.836716068370243	0.79304368904266	0.660346733895757	0.268110805654876	0.56933093389086	0.904689904571937	0.358639696896272	0.631702874934748	0.863929479307759	0.773195808029056	0.894345118033727	0.50215997786709	0.610556450371737	0.748988852581317	0.642087235037096	0.572070838564761	0.809181924577065	0.737377977194872	0.615271665834816	0.395347234217226	-0.0814371218514326	0.600675543459467	0.35452891566861	0.588070563928381	0.422198789220736
C1QBP	0.611283260969261	0.597101599966859	0.489787579690416	0.914542299392485	0.442354038476384	0.5282334730245	0.848208140485168	0.615208952545237	0.183039886488853	0.652982335705919	0.766809338146833	-0.0211999311246675	0.415160301018618	0.754238828182742	0.6189917758608	0.6516983663107	0.650120028939261	1	0.503366901437437	0.752880377505088	0.550211649222108	0.709194719267834	0.683502421108	0.806845813630815	0.419761625035476	0.662667448294009	0.909925834290213	0.87616739851646	0.677325009950071	0.82300250866288	0.554333417279843	0.518945729100671	0.197545397627334	0.764888847101522	0.764517672837137	0.423512774115359	0.619353488914777	0.543941631501901	0.652959956704205	0.622769627701817	0.498082344033371	0.745050190743752	0.932288349212192	0.701481294326655	0.753767134413437	0.386470336500233	0.931478149607851	0.785594250825146	0.508294660010315	0.507946081468091	0.841522900409518	0.453797517368568	0.329167922889175	0.493039668978432	0.623293898350119	0.456274436366742	0.545181046858443	0.782187751573205	0.512135360596712	0.454270869082049	0.910817100039627	0.698426706726993	0.462510892312818	0.71034626342066	0.845985602886325	0.398171302313152	0.302091173664552	0.762455243662995	0.902959460487239	0.43276357230899	0.578426042640159	0.685557459862469	0.689116938478634	0.519701757973269	0.503638714824986	0.7606125707111	0.748337554679636	0.752631731827743	0.708798169847951	0.795825588088048	0.557583534009212	0.667166824018105	0.554394799281329	0.791126067437937	0.489924758338218	0.694719929264277	0.76980101056916	0.811704468150344	0.680213856010852	0.783710707130256	0.580437759180403	0.905202290569264	0.441329738966887	0.482153416464252	0.826069521528437	0.605135650610323	0.903818244233135	0.120215235157178	0.882329348901159	0.675531695993925	0.828328418892162	0.476952563258785	0.668772999415906	0.503653462126187	0.831721883154344	0.261605168378361	0.342997541481999	0.946974942029713	0.960363979277974	0.406803372506732	0.554205668429993	0.876544323395791	0.521684019105998	0.279150802750867	0.229551357173231	0.694342143838656	0.380918740344715	0.939538992405625	0.379264642480234
