""	PTPRZ1	EGFR	NRCAM	SDC3	LIFR	PDGFRA	NLGN1	LRP1	NRXN1	GRM7	CDH2	RXRA	PTPRA	FGFR1	NOTCH2	PTPRD	PLXNB2	NLGN3	NLGN2	GPC1	APLP1	ADCYAP1R1	NCAM2	APLP2	FGFR2	NCL	ROBO3	CHL1	LAMP1	RPSA	LGR6	ADCY1	NRXN2	CD63	AMFR	ADAM22	BMPR1B	APP	DDR1	CNTN1	GPC2	TMEM67	NOTCH1	ITGB1	MCAM	LRRC4C	S1PR2	ITGAV	TNFRSF19	GPR37L1	PLXNA2	ROBO2	CD81	EPHA4	ZNRF3	ACVR1B	DSCAM	THY1	BMPR2	ITGA6	CD47	GPR37	MTTP	ABCA1	ACTR2	MCFD2	PILRB	C1QBP	SORL1	TFRC	CD74	SCARB1	PTPRC	PLXDC2	CD46	TREM2	RHBDF2	CANX
PTPRZ1	1	0.995415258588696	0.996923435076021	0.993225006879312	0.946280197276874	-0.261528608373298	0.984300705220934	0.973687088706156	0.994168371644047	0.797250337009238	0.992396545679991	0.903815909271538	0.997271742935001	-0.0292993570336814	0.997587214253533	0.993141430635734	0.341684287504483	0.95473603721452	0.953976781199162	0.701576525402723	0.730595399374566	0.965690919126628	0.991825273575755	0.991237386741331	0.979575664420775	0.994897598401923	0.987391220271566	0.987269969327331	0.972460964606477	0.972594897036567	0.813983945732998	0.929104930486809	0.995191463086959	0.99556881043422	0.9575642678389	0.993963353691411	0.970071258667309	0.990310330006804	0.998151412601228	0.863058813310854	0.919509047852451	0.988312478808514	0.992078613951957	0.972279505123072	0.956514576314469	0.254735015793377	0.941017105478875	0.985446408860916	0.992964224645981	0.999825561364712	0.974571166243901	0.993001752885468	0.915787769215547	0.984452018582132	0.989157104015369	0.991698993490279	0.586554172153929	0.0837836459853396	0.983573452564552	0.922201838070407	0.991883636016583	0.988721843243198	0.989833170377889	0.625024017183144	0.911297899658505	0.990407712291651	0.994170641808815	0.984605611000966	0.561786154275946	0.940522946156565	0.339267693879185	0.275836070677339	0.318682474791046	0.403004293856698	0.973175158811464	0.322117314549175	0.597019100748583	0.996683600304717
EGFR	0.995415258588696	1	0.996460622175808	0.983609724981562	0.930878401925434	-0.32672424629564	0.977310529917378	0.952001668866537	0.980082829754707	0.73934047969883	0.99852154355014	0.875746034057932	0.990919865468119	-0.10866199901044	0.9941417503847	0.980045432754596	0.270280409329316	0.927806735429968	0.970676035363127	0.63356042128281	0.669345859276671	0.976127186901954	0.980129042448291	0.978421317099092	0.960359793979354	0.989373034551764	0.994267905289156	0.969214316699253	0.956422184049043	0.97603136793105	0.783096474088355	0.90923317047251	0.992727770484958	0.998199289244784	0.938729624290984	0.983521582630422	0.960090646073914	0.978149260032886	0.993861793438612	0.813893572520781	0.881475764049726	0.976163405269471	0.990763171322541	0.95365298279352	0.925650239642079	0.192835476924661	0.961391249229567	0.969039108573691	0.994164361712867	0.995370279754658	0.95407704296956	0.993291797013518	0.891708462605175	0.993991741621157	0.976089206593317	0.982504352238582	0.512556267229752	0.0162379157540421	0.971175769432874	0.912953821888597	0.980724217984734	0.983365324502529	0.981124130621102	0.57260480737228	0.880994750340033	0.989636472801728	0.983140479940831	0.995826557410682	0.503749120199454	0.919639560081814	0.27696105855343	0.20041129170903	0.258951588061696	0.3390850257562	0.966266828892336	0.267141346733418	0.541390137660843	0.996570759916768
NRCAM	0.996923435076021	0.996460622175808	1	0.990713091903212	0.95234700959139	-0.304142635371566	0.97125442637096	0.968397420276892	0.984722907481705	0.780130857245921	0.991794092953437	0.908118865582775	0.994463664245733	-0.0763484869247715	0.996118763215613	0.98698216066284	0.319457769493322	0.932315048430157	0.952074763431085	0.67194652549016	0.715229207643404	0.980802604223681	0.990955447002747	0.988155404796184	0.972164751290235	0.98884608503376	0.98731977891463	0.976528727832588	0.972369305576964	0.981672645847822	0.821429498738285	0.934173196147669	0.997520440380719	0.992753073165978	0.958562284854762	0.986108730268172	0.975276640586664	0.989721585328522	0.997916911690756	0.845767880988687	0.90661913817256	0.984605448369028	0.996866400690789	0.965757360111181	0.940410447673355	0.199968717376416	0.940679138557116	0.977707870358864	0.990766265883257	0.996779323885812	0.956732941072887	0.985890475490218	0.916593867824304	0.990409681282221	0.979648496492401	0.980911358223411	0.564320479204618	0.0260403108278288	0.985684228841003	0.93727919845264	0.98003611613187	0.993145065865686	0.986797007779293	0.625444779616275	0.907265085266108	0.981800734542144	0.987427579258375	0.988638636532519	0.556276009857794	0.942249841746187	0.331797239072591	0.262225930398506	0.317419726248931	0.396357073467591	0.958269048733275	0.313426149292149	0.587192891552041	0.996321332628671
SDC3	0.993225006879312	0.983609724981562	0.990713091903212	1	0.972668195193046	-0.281930363665734	0.965939431157504	0.979669130541582	0.991056676708838	0.834337936288558	0.975089830982274	0.936351571244155	0.99856506497703	-0.0330944739005822	0.994344586400325	0.990293126511638	0.40161009445834	0.946971796092339	0.917236709678561	0.737578333926201	0.76899518198386	0.959630405260551	0.996116898080542	0.993676737108646	0.987830801307905	0.985433231829386	0.965442720962362	0.982226558176254	0.988146492887983	0.977331936030451	0.868617569913505	0.960855967496244	0.986931991587888	0.982064780798132	0.977411857600207	0.995716693809641	0.986304985970471	0.996948299097273	0.995474378268375	0.895755887968553	0.934348923931615	0.998273595377648	0.988367342899405	0.984600048211461	0.969114762909144	0.220277753831989	0.90189440349592	0.987739630195637	0.987138202939286	0.993756872346914	0.969884800125596	0.980707189095562	0.947336046283478	0.971973306268481	0.992458634857679	0.9812942239574	0.632398448741182	0.0617241470827009	0.993382456783506	0.950121457841215	0.989085496517538	0.991289671671074	0.998946433560782	0.687880867025321	0.940414011597785	0.97691384781135	0.997027811263371	0.964147429707847	0.620319712474675	0.964968706420538	0.407837990125063	0.330916397485469	0.382725650991019	0.464601107654826	0.951726008696786	0.396545114978224	0.647534680675001	0.99177802002636
LIFR	0.946280197276874	0.930878401925434	0.95234700959139	0.972668195193046	1	-0.337705291611459	0.883023786815882	0.966638683594666	0.943957517847883	0.85724243103905	0.911945398072768	0.983589984898863	0.962224838849191	-0.0735896202297796	0.956394362815173	0.951024189345057	0.516280584174581	0.879281033267112	0.816951756749321	0.749793606698676	0.816354850808014	0.933894297591472	0.970520848608198	0.97066884138491	0.960693705971385	0.937914399281151	0.898370755789894	0.932440172328962	0.992340625045072	0.969294069144509	0.955819085915567	0.997945564409973	0.948091373580949	0.922841148206634	0.994483375720385	0.949146729422976	0.994879771944239	0.977922690823832	0.95538783265982	0.912483015926155	0.92914109015316	0.978707871060938	0.962979739573777	0.976502042754243	0.94121624829719	0.102747217673851	0.797157185366352	0.954043233556105	0.942155369386677	0.945872726880924	0.905302775530447	0.915808794777512	0.987081273191723	0.916488197263978	0.956604262324252	0.915736367170165	0.705780773453591	-0.0324124264720796	0.983960105028488	0.981592543875483	0.937015404262681	0.975421536615589	0.970972991954987	0.810592322224793	0.969269985540187	0.911799686723991	0.961366219441198	0.903613750725727	0.732314000165059	0.990165797340744	0.554332380942144	0.454784365333194	0.529304516908291	0.601018105883408	0.86651304090637	0.549517513048321	0.74360513520505	0.949369249623788
PDGFRA	-0.261528608373298	-0.32672424629564	-0.304142635371566	-0.281930363665734	-0.337705291611459	1	-0.149796363701667	-0.158273989888421	-0.177353667609266	0.15889325931378	-0.313828799268513	-0.21582645527851	-0.287439643286445	0.954022813988914	-0.304936041585711	-0.183606594482335	0.186735857772263	0.00851997869193464	-0.290691692554683	0.299125810681932	0.170604660897389	-0.386849378596677	-0.239826521169678	-0.238507009200625	-0.185067019782208	-0.257591019370804	-0.297846608307081	-0.112186355677377	-0.286016885138934	-0.422280967484378	-0.305605588984965	-0.313710513374145	-0.268838886962543	-0.305793483489167	-0.281373095899645	-0.238083160872709	-0.349204747599159	-0.252539293205457	-0.279710899218054	0.0364941196243466	-0.00883348751007999	-0.285109758521679	-0.319987028600445	-0.248011685335895	-0.071397242253418	0.839267810525336	-0.305732635498785	-0.189950366692381	-0.332758934483313	-0.26313417140861	-0.0832309559016484	-0.288278608082201	-0.291185280534258	-0.358702639225746	-0.243531311875569	-0.186990273083601	0.275343127025005	0.877697057833624	-0.270985451932103	-0.381281024083496	-0.224002271091305	-0.311898888396052	-0.304193552947577	-0.0976799062003782	-0.195839797853419	-0.279970892444116	-0.25736117055564	-0.34421150062682	0.00331438020775735	-0.278799584626681	0.0229219091735636	0.318811179278536	0.042375750294567	0.0758944800676682	-0.148829498083313	-0.103817472493753	-0.00436872601608479	-0.328885201205553
NLGN1	0.984300705220934	0.977310529917378	0.97125442637096	0.965939431157504	0.883023786815882	-0.149796363701667	1	0.947128691580899	0.986616866193306	0.779000158391838	0.981600336845275	0.837785988980921	0.974508652225903	0.0682303598038561	0.974237297992353	0.978837731186703	0.290853581080487	0.976083267371716	0.966330132104007	0.705089989337951	0.700669022445783	0.922340714228057	0.96460925544269	0.964149909747096	0.96098356967366	0.981588293374151	0.979659048863021	0.985376556824235	0.926992904651593	0.921251024286813	0.722882452862606	0.862587848069591	0.971346353088601	0.984335795905224	0.905158894975262	0.982449875750557	0.916454371654791	0.958696843716621	0.976381802207396	0.839610563143284	0.902803490787939	0.957366997019738	0.957271965035736	0.939356427505074	0.948595826106413	0.38364744487545	0.95445010540547	0.97017379673549	0.97201019293865	0.98464375431231	0.986897045691137	0.988197468591138	0.852561601322648	0.96486202449503	0.972183527603854	0.995001695163842	0.555947880747241	0.207771655919039	0.945436724376895	0.852110595737019	0.986088135537282	0.949381667058661	0.962216489891865	0.536097819805461	0.862173360233309	0.987088274299636	0.975010084797654	0.968239706331246	0.4900534075151	0.884822981879643	0.257308289467188	0.226003272213086	0.235423897795739	0.326615125542517	0.992071898882447	0.229284249718369	0.534779766944148	0.97420805206457
LRP1	0.973687088706156	0.952001668866537	0.968397420276892	0.979669130541582	0.966638683594666	-0.158273989888421	0.947128691580899	1	0.983363768737475	0.883710478393551	0.942700874719146	0.96023247637786	0.975605418008336	0.0943692955717009	0.974724772761128	0.986088173818012	0.531167313216031	0.959357162745381	0.872300014630403	0.808966085146699	0.844212102461221	0.922153119011541	0.98161258540382	0.993421205339424	0.985787619282015	0.975197392547147	0.937574538508937	0.983695557397525	0.987187235569081	0.946653833266112	0.883767221513578	0.960111424504708	0.969027057645617	0.952335363409314	0.984767992173235	0.971938121686279	0.976515656039286	0.986505456822766	0.971780089002205	0.937295125030468	0.974096107951686	0.982215824379933	0.971715725735807	0.987768606746249	0.980439132275225	0.315334114524307	0.850522221735269	0.990555962348399	0.95666956870768	0.971644199431432	0.968145712425747	0.949734240537405	0.963437323854288	0.932584051610381	0.982281839577245	0.964667703004869	0.746888088263548	0.171543793384872	0.989298860552415	0.941172217037952	0.972056242259969	0.97540379411656	0.971223172143031	0.769550122357666	0.972020023619123	0.950485001070287	0.982005711160079	0.928868101166065	0.725018271828878	0.979316335370344	0.525552820404306	0.484738008535681	0.512770537824824	0.589765298275813	0.941288876073139	0.479976813565906	0.752648036086092	0.964891154349338
NRXN1	0.994168371644047	0.980082829754707	0.984722907481705	0.991056676708838	0.943957517847883	-0.177353667609266	0.986616866193306	0.983363768737475	1	0.846029727592867	0.976759061158919	0.913441399289747	0.992565858254338	0.0659848872630873	0.990035554827168	0.997135378288714	0.401945981644591	0.978388312719206	0.931138861809271	0.762999403966454	0.782319991185481	0.937960777665518	0.990362238266053	0.992106694343412	0.989415498633256	0.991468811227448	0.971059626461159	0.997414462614536	0.973528334526424	0.953305415081132	0.824021602466699	0.930990466872883	0.984350000980104	0.983787965271403	0.96046997828499	0.995476005553691	0.963871511405079	0.988977258242679	0.990320444080289	0.901581130747252	0.949511907431102	0.98866730456285	0.978678227731579	0.979698595382609	0.978635581448502	0.335788501622592	0.914071068701248	0.993035080249828	0.98227839443706	0.994018223907178	0.990071297867673	0.985531388345975	0.923954116505322	0.963414318151403	0.992279287915161	0.994493935304488	0.651812568885009	0.168692504531297	0.981853848480525	0.912392863066991	0.995992926666442	0.978935587573991	0.987034738663569	0.659136017431628	0.927998752146727	0.984439395763858	0.995302311619405	0.962383610319625	0.605110023130228	0.945992839344086	0.389133414117855	0.342559837133659	0.362500123472473	0.453288475465941	0.977440001728896	0.364806350774897	0.639767964092978	0.985751953662963
GRM7	0.797250337009238	0.73934047969883	0.780130857245921	0.834337936288558	0.85724243103905	0.15889325931378	0.779000158391838	0.883710478393551	0.846029727592867	1	0.719773052245961	0.908676849349318	0.812530838835062	0.428688595579305	0.788987558285655	0.848758653780378	0.676561504140453	0.872657043058179	0.610124122335994	0.956679241325162	0.964946291845993	0.715527890959674	0.851257094360605	0.84395035495427	0.877645155912212	0.785279561016874	0.707303439705922	0.865115287205368	0.861264776642308	0.751675989870785	0.870903056130058	0.875724631590433	0.790870543652276	0.741620861537584	0.869642812892198	0.829224859830164	0.830506041287683	0.852666914691307	0.803332752601437	0.97659936139448	0.944481398795917	0.843856644966025	0.783168754066749	0.862501169948477	0.921692750063565	0.499470261875151	0.57870216138577	0.854650617639388	0.75721026276253	0.797983358739857	0.85528498292433	0.747492081369082	0.87370638018685	0.707059144767541	0.830322117942884	0.805044515711585	0.90794194576077	0.392092630117097	0.850954795754289	0.814418328343157	0.817018267029516	0.81259760788773	0.826706652251676	0.835954715780303	0.899012117162162	0.745708176841167	0.830341789422072	0.688807942695345	0.800081019816764	0.871338154251637	0.649668532509906	0.679828689298894	0.616945994125316	0.711278062957038	0.757507905693667	0.598245659777462	0.793546859800692	0.76815037791705
CDH2	0.992396545679991	0.99852154355014	0.991794092953437	0.975089830982274	0.911945398072768	-0.313828799268513	0.981600336845275	0.942700874719146	0.976759061158919	0.719773052245961	1	0.852764303721188	0.984717419506221	-0.102078998822386	0.989826759873569	0.975462868486131	0.242394696858817	0.928612471734555	0.981167484437133	0.615838022164999	0.6497229691568	0.967854273973225	0.97166786998681	0.971072352684317	0.952770818504812	0.988435563681966	0.99766102962528	0.966351610346134	0.943188667940379	0.965929012793819	0.752248039841669	0.887940205142418	0.988340781496107	0.998747592353344	0.923262925444933	0.978589478622688	0.945812150775443	0.968371883138659	0.988494264369113	0.795561029186919	0.871229935138036	0.966846483511815	0.984053602050311	0.943902271060217	0.916392292122285	0.21314562985074	0.972609797001066	0.963509837304169	0.991063041318636	0.992210129543704	0.953238143922892	0.994744880911932	0.872035333846561	0.992574063989695	0.97012467042676	0.983564511059094	0.48995092565464	0.0309859118076651	0.9597911858256	0.892287383839566	0.978772664562246	0.974491023445173	0.972327018288444	0.539650560654206	0.86281048713343	0.992010449919996	0.977449562385409	0.997140202854778	0.474487902518962	0.902462531372739	0.246014439561739	0.173567404527985	0.227355743488639	0.309296267046373	0.973281138530954	0.235140008903323	0.516187843213356	0.993038810276635
RXRA	0.903815909271538	0.875746034057932	0.908118865582775	0.936351571244155	0.983589984898863	-0.21582645527851	0.837785988980921	0.96023247637786	0.913441399289747	0.908676849349318	0.852764303721188	1	0.921221735401151	0.0499159529009038	0.911499023831471	0.924929300023158	0.626158430708623	0.866162824883951	0.740633496904188	0.821287503334618	0.882625783281838	0.885971664025157	0.941454203819595	0.945657527278135	0.937737263187718	0.896087826374804	0.840294036854986	0.911118745696833	0.972604775869749	0.921647119442825	0.97275329928432	0.9903999287551	0.909867948356749	0.866431286270365	0.982220258688127	0.908509857099187	0.967446974912663	0.952024665438874	0.91358239479411	0.946701603465778	0.943312199008055	0.945276385652672	0.925193397476295	0.955562969092116	0.937801160315469	0.174765464405687	0.716972215636527	0.929262203297018	0.89070428433144	0.902145667254416	0.880229612132638	0.857720700444771	0.984747244931905	0.853578473580372	0.923800197222467	0.873144979055317	0.804008422338432	0.0621906504115122	0.960288715250047	0.959669126020638	0.89539812159973	0.941888537871444	0.929521489819498	0.87943836790164	0.977581818477588	0.854591505940217	0.924618889457073	0.842527581224885	0.810487663315854	0.983109605770013	0.647149015043868	0.585016719635189	0.629171822135614	0.701023280979898	0.81879319269998	0.619134665993742	0.815260985348899	0.898384535436523
PTPRA	0.997271742935001	0.990919865468119	0.994463664245733	0.99856506497703	0.962224838849191	-0.287439643286445	0.974508652225903	0.975605418008336	0.992565858254338	0.812530838835062	0.984717419506221	0.921221735401151	1	-0.0458432322280038	0.99741111221435	0.991625248752675	0.369665649848602	0.948465892769876	0.935554106487105	0.715250935600514	0.746415944813039	0.963941513345926	0.994456556277472	0.992946311657471	0.984399626072267	0.990787709751742	0.976910449020281	0.983328575199801	0.981929316487696	0.977614828548225	0.845086560620477	0.947775533076869	0.990813876568095	0.990110434203473	0.968889404327447	0.99648522716064	0.980547561768361	0.994584648857152	0.997727075566876	0.877777466330961	0.92434389709253	0.995572312027738	0.991156245834087	0.980413052603341	0.962550850882935	0.223398482085487	0.921592442918392	0.986871943751448	0.99339621886563	0.9975840394486	0.971554956458305	0.988551135706444	0.934248267316467	0.979570161315692	0.992553916742761	0.986763293943747	0.604700192874129	0.0598292366202277	0.989316907228289	0.938515611647065	0.99185153983904	0.991108140301916	0.997152797723666	0.657724590661809	0.927080764006296	0.985115959945608	0.997387111370679	0.975311293009177	0.590072718442678	0.954515149993333	0.37393331084687	0.298447470574997	0.348791056500307	0.432804834376826	0.961680525007247	0.361430503176124	0.621928897894465	0.996121625455966
FGFR1	-0.0292993570336814	-0.10866199901044	-0.0763484869247715	-0.0330944739005822	-0.0735896202297796	0.954022813988914	0.0682303598038561	0.0943692955717009	0.0659848872630873	0.428688595579305	-0.102078998822386	0.0499159529009038	-0.0458432322280038	1	-0.0674985319171068	0.0586734564177191	0.384467133940485	0.245161656884632	-0.11761644082618	0.54119734039289	0.440012634284724	-0.18420357645641	0.00647821896803497	0.00956705045889854	0.0754268594963286	-0.0235932478586581	-0.0908979155355613	0.128354985992925	-0.0246965275620633	-0.188424149474806	-0.0296495482596993	-0.0454493066417525	-0.0448300962425145	-0.0845582980098578	-0.0168891154275445	0.00653288215404272	-0.0927969262108812	-0.00457348459609557	-0.0461382767169864	0.307232767406354	0.261126908067519	-0.0287866688527138	-0.0912217440853669	0.0175802080759514	0.18786855609733	0.905030340457233	-0.143867185515864	0.0620023041430622	-0.103056158464217	-0.0303566642609998	0.156069262746655	-0.0629622070497947	-0.0157532781459461	-0.148743077693008	0.00323341587068392	0.0472877377394263	0.524448791033879	0.906185470095248	-0.0191261531193405	-0.128291073033354	0.0202972239560901	-0.0717440139603133	-0.0533938471184306	0.165366392142927	0.0775192403384117	-0.0537350444924211	-0.00798218066032081	-0.143731538081407	0.252506181804287	-0.0103444906268505	0.245627346992845	0.509178267425933	0.240967286976968	0.302282801776689	0.0706017322937018	0.120227214715277	0.244734476698496	-0.0957399229599125
NOTCH2	0.997587214253533	0.9941417503847	0.996118763215613	0.994344586400325	0.956394362815173	-0.304936041585711	0.974237297992353	0.974724772761128	0.990035554827168	0.788987558285655	0.989826759873569	0.911499023831471	0.99741111221435	-0.0674985319171068	1	0.990219962807272	0.35852536656224	0.94211050698025	0.944901395492261	0.687179622472119	0.732619371874181	0.96343996136063	0.989322045433289	0.993256074935088	0.981518026418504	0.995921448964342	0.984374818404776	0.979642713797152	0.979257706705087	0.980006977827938	0.831829599044876	0.939262263235598	0.99092967604655	0.994225713984076	0.966527964318901	0.991272207583986	0.979281414548958	0.989999559978082	0.995677181012525	0.858935814552234	0.920207150615233	0.991965826239461	0.992453058213218	0.9797285741157	0.950819843702098	0.210154326230823	0.930354048096486	0.987482915614013	0.994381985427561	0.997158105962061	0.965797549590093	0.991745712598399	0.931338488631587	0.984095799500876	0.989597818383342	0.986902636588466	0.59059439379438	0.039852336719833	0.98754281572667	0.936400536225239	0.990614605013682	0.990607446361103	0.991812758518826	0.649381012995422	0.924185717261082	0.990035569881532	0.995679793770253	0.981728929775442	0.588020531752535	0.953227123749875	0.373888080822418	0.29319195846805	0.350908098488841	0.431365238997241	0.968104764725693	0.35900985495373	0.622728246582573	0.998755856884275
PTPRD	0.993141430635734	0.980045432754596	0.98698216066284	0.990293126511638	0.951024189345057	-0.183606594482335	0.978837731186703	0.986088173818012	0.997135378288714	0.848758653780378	0.975462868486131	0.924929300023158	0.991625248752675	0.0586734564177191	0.990219962807272	1	0.40076599231056	0.968291176691992	0.926398198995828	0.754055235678979	0.796756379992667	0.946196757298093	0.992134794880939	0.994448759715017	0.99072961113232	0.990701313478535	0.971217461529808	0.994953535708515	0.977449082719503	0.960691827876749	0.835406376233768	0.938849538843834	0.986994880915242	0.981639195061916	0.965845207005892	0.990197823833813	0.969271041357119	0.991478195514185	0.98981238334942	0.897897843268971	0.953352526307036	0.988645993346563	0.98258586678724	0.981756040982044	0.972580401899092	0.316861321942037	0.908585080097179	0.992862012096793	0.982370635223133	0.992594403668557	0.98021084373436	0.980475564011362	0.931255283487479	0.962834521109932	0.986447881105488	0.98982819107289	0.659201845068262	0.142010628563901	0.985657273856556	0.921013067428972	0.989878518100754	0.985117567223407	0.98477033106936	0.673408418582665	0.932689458518489	0.97900574006339	0.993173957753723	0.964043249573405	0.616608657517026	0.952519458247016	0.40380853335614	0.358018026558445	0.374729225850627	0.469798524115876	0.970572804858491	0.378641876279431	0.64807084782785	0.98521198377928
PLXNB2	0.341684287504483	0.270280409329316	0.319457769493322	0.40161009445834	0.516280584174581	0.186735857772263	0.290853581080487	0.531167313216031	0.401945981644591	0.676561504140453	0.242394696858817	0.626158430708623	0.369665649848602	0.384467133940485	0.35852536656224	0.40076599231056	1	0.450974897992622	0.0876607034532512	0.76803577745629	0.730606680779354	0.234663557327959	0.396659971611925	0.450067681749814	0.452859752877756	0.369327291294219	0.228526813248165	0.415548009520061	0.505362016171948	0.334708108249487	0.670892827680068	0.554379653952711	0.32663824097316	0.276603271476793	0.547888762479675	0.372785815479386	0.467232266868101	0.42635455731597	0.340330078749618	0.703573931253448	0.597320212354079	0.434662011724745	0.356667770660921	0.510379445880344	0.545392370678797	0.285534599056992	0.0489931455780432	0.454915002223485	0.311073861697065	0.33392884623362	0.423442341823039	0.28631940036497	0.617851468633522	0.21865194775738	0.450713184640735	0.333872667280265	0.889982830626187	0.384248389802563	0.453798419427979	0.47151403721517	0.387317080600356	0.38009906007556	0.389170034968058	0.868915449588695	0.660739720868941	0.298574830365119	0.412203035469198	0.205965019794119	0.909056856104495	0.580454175864016	0.918185916488688	0.925176741599915	0.930007365510557	0.926178613458723	0.301298560274894	0.841964504194966	0.90997144275901	0.323667304749116
NLGN3	0.95473603721452	0.927806735429968	0.932315048430157	0.946971796092339	0.879281033267112	0.00851997869193464	0.976083267371716	0.959357162745381	0.978388312719206	0.872657043058179	0.928612471734555	0.866162824883951	0.948465892769876	0.245161656884632	0.94211050698025	0.968291176691992	0.450974897992622	1	0.890923687562032	0.83318846939588	0.801233638718649	0.861135096970805	0.949259967079129	0.954009987482396	0.960831179850409	0.955093697249907	0.924186196949347	0.986477340177584	0.923935997551587	0.874057922322413	0.758788651135884	0.869712007400449	0.937710656595996	0.938518072437589	0.910079900925357	0.964802009251418	0.899953755968496	0.94593090319445	0.945491993136691	0.917890441650077	0.949572713626511	0.944048496209513	0.922067613266776	0.941223994018338	0.980292553386732	0.513356866717182	0.871279715320647	0.966993792226422	0.930598335369011	0.954321171887179	0.994522502130392	0.947751204272985	0.870270994122419	0.903408195790713	0.9642573739709	0.973518327106888	0.700384127576963	0.365461725736623	0.933607354450558	0.834839728025715	0.971317348903644	0.920684113809347	0.940494153186155	0.631061733763351	0.895784907244491	0.949284976393576	0.959207412914235	0.904785392954231	0.6012058759311	0.895002986065788	0.385869598147205	0.389950141860446	0.363943147484214	0.456853539536548	0.968205044815135	0.339966117676094	0.641255001294313	0.933723406887069
NLGN2	0.953976781199162	0.970676035363127	0.952074763431085	0.917236709678561	0.816951756749321	-0.290691692554683	0.966330132104007	0.872300014630403	0.931138861809271	0.610124122335994	0.981167484437133	0.740633496904188	0.935554106487105	-0.11761644082618	0.944901395492261	0.926398198995828	0.0876607034532512	0.890923687562032	1	0.511136094752791	0.527788822324691	0.931867595225598	0.915408871434104	0.911246112893735	0.88913919222369	0.949725339642321	0.984375962971358	0.922139943708899	0.862773391131688	0.908314501660621	0.612385237725142	0.783879286155523	0.949955801335032	0.973447296700561	0.833465776235928	0.932263227003625	0.866395423778305	0.906348122410564	0.945739869719338	0.689455522849411	0.786728079174279	0.90184185384409	0.93648959858536	0.86811521131762	0.846456402918986	0.241554634377506	0.998044060601139	0.906355566931548	0.952857615279757	0.954091237308696	0.9143945944796	0.969624837692435	0.762805992218292	0.970536566175739	0.91511917910311	0.953660423363934	0.350832555282927	0.0477787723608542	0.890857811718369	0.799440274854813	0.935929382965348	0.917313670193277	0.914159712001358	0.375055836235717	0.756382416845566	0.966790508140845	0.923937945056288	0.982584152073385	0.316416996356595	0.804781098799746	0.0753714069382275	0.0203465033817523	0.0630194509057567	0.14409089855493	0.959673950215844	0.0630599111999916	0.367815432335192	0.95335458672889
GPC1	0.701576525402723	0.63356042128281	0.67194652549016	0.737578333926201	0.749793606698676	0.299125810681932	0.705089989337951	0.808966085146699	0.762999403966454	0.956679241325162	0.615838022164999	0.821287503334618	0.715250935600514	0.54119734039289	0.687179622472119	0.754055235678979	0.76803577745629	0.83318846939588	0.511136094752791	1	0.907661917021924	0.593540342827654	0.751347864399617	0.75263910612365	0.781349793452632	0.693119504211549	0.60034435589256	0.789788961562342	0.765091926287478	0.623853624116792	0.77672965709814	0.773247551865557	0.69022286378595	0.639690593943864	0.776223144949146	0.742375672555686	0.720786391044746	0.756911182279022	0.704699149127712	0.951951273804009	0.869687853007797	0.746051954608447	0.678568217266503	0.768770818375946	0.875018111894692	0.606811146240229	0.481717823965938	0.768448697211384	0.650595059946077	0.70080666541187	0.803596322020943	0.652719852857468	0.778633331045856	0.593157926995118	0.761810675577002	0.717530768803922	0.918559805169098	0.578322105038731	0.750435879921889	0.695797077120358	0.735546985546495	0.700377040263842	0.728197187183034	0.791040694049209	0.827849824964331	0.654196710124957	0.740076217020584	0.577215654108242	0.78722912638711	0.776881325359096	0.642505649062184	0.714771924957614	0.641077170161723	0.704521507971863	0.680211670590328	0.569899150652218	0.788379639520821	0.661511660451185
APLP1	0.730595399374566	0.669345859276671	0.715229207643404	0.76899518198386	0.816354850808014	0.170604660897389	0.700669022445783	0.844212102461221	0.782319991185481	0.964946291845993	0.6497229691568	0.882625783281838	0.746415944813039	0.440012634284724	0.732619371874181	0.796756379992667	0.730606680779354	0.801233638718649	0.527788822324691	0.907661917021924	1	0.63877849531277	0.786870098124746	0.79814491878049	0.837697582654679	0.736860149653045	0.645946191037463	0.800890345395348	0.821476701432255	0.701889895333322	0.856924185130319	0.837694382560528	0.722921897819907	0.675002780765186	0.837026892644902	0.753968185519464	0.787558912848936	0.793514631042234	0.731248280521827	0.926059885414744	0.92567772380236	0.788446170542211	0.722711803964033	0.833001922032355	0.857783633106552	0.466280445021882	0.489537133718739	0.812005962617524	0.693588070818624	0.728672443527203	0.780734298965605	0.678790895205233	0.860307106884374	0.630756953207551	0.765656117752493	0.742439521677086	0.950053904579365	0.348909883997894	0.801307223500148	0.773509404379162	0.752710791546992	0.762284402757424	0.757692215090984	0.884440764282825	0.885457237199747	0.683948005314144	0.773705793872827	0.618540154004364	0.870663186884496	0.849067530343708	0.762867556088413	0.782368818327133	0.716945297219579	0.816030057131442	0.701393401290137	0.700937889526576	0.861806394280622	0.707193190214612
ADCYAP1R1	0.965690919126628	0.976127186901954	0.980802604223681	0.959630405260551	0.933894297591472	-0.386849378596677	0.922340714228057	0.922153119011541	0.937960777665518	0.715527890959674	0.967854273973225	0.885971664025157	0.963941513345926	-0.18420357645641	0.96343996136063	0.946196757298093	0.234663557327959	0.861135096970805	0.931867595225598	0.593540342827654	0.63877849531277	1	0.965154678693112	0.949771327181123	0.919978357257833	0.94533651421436	0.961380555912232	0.92759712308139	0.940096783928149	0.977499698492774	0.803883866750276	0.915141963173891	0.981777992433963	0.962204748493102	0.925607274700148	0.94617201826003	0.953007536685319	0.963689381460888	0.974795608997237	0.783365289298602	0.833156554175846	0.948075191768965	0.982972428328241	0.914683903303291	0.88234895729138	0.0800126325596423	0.928560258392287	0.923664032675041	0.962117144791416	0.966037390180125	0.894447139775905	0.945624592134192	0.876132901573391	0.976789439839138	0.934473230698852	0.930301933399224	0.473895668428566	-0.0862599633532	0.956837256241066	0.92776220154084	0.928031954181987	0.97735549569428	0.955649700018095	0.572381457032118	0.85223788713824	0.936783369906268	0.944306624129082	0.977507912366213	0.47971861195417	0.903361329425281	0.248719679812905	0.172509255512582	0.247419951298694	0.316264175368958	0.893685612380545	0.247627095139222	0.500439937046147	0.967622366280205
NCAM2	0.991825273575755	0.980129042448291	0.990955447002747	0.996116898080542	0.970520848608198	-0.239826521169678	0.96460925544269	0.98161258540382	0.990362238266053	0.851257094360605	0.97166786998681	0.941454203819595	0.994456556277472	0.00647821896803497	0.989322045433289	0.992134794880939	0.396659971611925	0.949259967079129	0.915408871434104	0.751347864399617	0.786870098124746	0.965154678693112	1	0.992592279967352	0.985998567302546	0.98078349248368	0.964133297892884	0.985982401553648	0.986160008997693	0.974313789743434	0.866882707347115	0.959727499395362	0.991753619409334	0.977241484899	0.97556362023019	0.990993124080167	0.982458853850005	0.998621078881857	0.995279384354735	0.901862840166566	0.93971189597308	0.993253532035395	0.989773703650054	0.978972135993941	0.969877340471829	0.250424221367801	0.900382937479572	0.983634707464815	0.97962564221768	0.992173448608435	0.967618688417379	0.972752365377615	0.94089568024518	0.967420534490067	0.98497323186651	0.978733999913991	0.646146194096237	0.0855924103605286	0.992512093080475	0.945231057476512	0.982067128330383	0.994128126758161	0.99278578621668	0.686733012989803	0.933808008695788	0.968521271458396	0.991327296467431	0.963055011370346	0.615505000227343	0.95977305286197	0.399703719205698	0.339941820170961	0.376986480361567	0.46403369211959	0.9461117949073	0.385048584659153	0.638723975988352	0.986139933223583
APLP2	0.991237386741331	0.978421317099092	0.988155404796184	0.993676737108646	0.97066884138491	-0.238507009200625	0.964149909747096	0.993421205339424	0.992106694343412	0.84395035495427	0.971072352684317	0.945657527278135	0.992946311657471	0.00956705045889854	0.993256074935088	0.994448759715017	0.450067681749814	0.954009987482396	0.911246112893735	0.75263910612365	0.79814491878049	0.949771327181123	0.992592279967352	1	0.990331417530268	0.991105189443236	0.966001545527672	0.986671058117903	0.991375059152855	0.971637737414084	0.869226626435581	0.959401752499924	0.986142350154719	0.978462277561773	0.983864825626713	0.98730277471851	0.985981036997523	0.995529709173401	0.989752168707368	0.904589681689839	0.953146465798903	0.994381035356882	0.988880014740857	0.99163491731271	0.971459333980552	0.256660598402891	0.89304817005212	0.99451411584305	0.981937407596091	0.989996254605527	0.970676531502295	0.975441045066663	0.956655987752648	0.96260734613266	0.991637404354109	0.980728609984262	0.676107668005529	0.0977838555628174	0.995263811110605	0.945888747377706	0.986644957024359	0.99101724059071	0.98832643778592	0.719523879741992	0.955324715538373	0.974870925306077	0.99519850067093	0.960396538090737	0.66354165358493	0.974260500552936	0.458259546500279	0.394350436390802	0.437365002559896	0.519123518483218	0.957436599877116	0.430350758851307	0.694399317785199	0.987850847930321
FGFR2	0.979575664420775	0.960359793979354	0.972164751290235	0.987830801307905	0.960693705971385	-0.185067019782208	0.96098356967366	0.985787619282015	0.989415498633256	0.877645155912212	0.952770818504812	0.937737263187718	0.984399626072267	0.0754268594963286	0.981518026418504	0.99072961113232	0.452859752877756	0.960831179850409	0.88913919222369	0.781349793452632	0.837697582654679	0.919978357257833	0.985998567302546	0.990331417530268	1	0.978848074285613	0.947531093094011	0.985988077771208	0.982199964139918	0.949141991961731	0.867041329009181	0.951547870214653	0.967128276584411	0.963674194051549	0.973700697202676	0.986025750320596	0.97301931995351	0.986689458599611	0.978107803243842	0.917949419044392	0.97036846942509	0.98981928225428	0.9659280111845	0.989721649780303	0.978798326926716	0.307619735579536	0.867757155868366	0.996086058056046	0.967064381142923	0.979774036212098	0.975931047469156	0.9657060996182	0.952102913251803	0.946068769038736	0.982499786906986	0.981334399250432	0.703708897424856	0.137467504339922	0.987249626525063	0.938619636459252	0.98410180345786	0.975479920113876	0.984698734326658	0.726305636180273	0.957186461039914	0.964882635275083	0.991294244172451	0.934866933709314	0.679664994455942	0.968463626967538	0.477109123995677	0.419427129776729	0.444705580141322	0.535244505149015	0.957967826932434	0.4436201451829	0.704959603294137	0.975037219872989
NCL	0.994897598401923	0.989373034551764	0.98884608503376	0.985433231829386	0.937914399281151	-0.257591019370804	0.981588293374151	0.975197392547147	0.991468811227448	0.785279561016874	0.988435563681966	0.896087826374804	0.990787709751742	-0.0235932478586581	0.995921448964342	0.990701313478535	0.369327291294219	0.955093697249907	0.949725339642321	0.693119504211549	0.736860149653045	0.94533651421436	0.98078349248368	0.991105189443236	0.978848074285613	1	0.985845986403371	0.983249322253202	0.97032809300353	0.966355103337176	0.805668043174099	0.920136929805031	0.98531485187671	0.993511837648151	0.956674375559214	0.986615375107621	0.965210460889309	0.981599330558953	0.988107416568211	0.856439544244007	0.92468459142528	0.984264746776138	0.984652216703438	0.978192020811136	0.951378600166555	0.265506802895445	0.933877661713409	0.988298752773392	0.990404068046081	0.993529056519023	0.972391555202943	0.992845842766363	0.919995787262131	0.973954116197047	0.988644243778833	0.991251498223152	0.603402502868053	0.0919370235388864	0.977523909148133	0.909425666411898	0.992880029627637	0.981298873461582	0.981069691048869	0.637772990639421	0.917465353746438	0.994365387099243	0.992843268486516	0.978527580715204	0.585660469687326	0.942512667859936	0.376199069053545	0.305696365891016	0.349754252196381	0.435160569776185	0.980923768014232	0.358043661511844	0.6271405601726	0.993673237950053
ROBO3	0.987391220271566	0.994267905289156	0.98731977891463	0.965442720962362	0.898370755789894	-0.297846608307081	0.979659048863021	0.937574538508937	0.971059626461159	0.707303439705922	0.99766102962528	0.840294036854986	0.976910449020281	-0.0908979155355613	0.984374818404776	0.971217461529808	0.228526813248165	0.924186196949347	0.984375962971358	0.60034435589256	0.645946191037463	0.961380555912232	0.964133297892884	0.966001545527672	0.947531093094011	0.985845986403371	1	0.962211292499658	0.933304669891919	0.955883389883578	0.731665146149046	0.872522143462801	0.983997635828731	0.99548002154765	0.912709695570861	0.969552596776302	0.935553605675606	0.960050740561774	0.981882085710106	0.779398715817172	0.867509947713966	0.956931369564798	0.97905573336053	0.936820038858	0.905851131432775	0.226238959957063	0.976058975936934	0.959669949902312	0.985403099031958	0.986747034811535	0.947536889632707	0.990230378849378	0.860263655295248	0.989543074440916	0.960733591813494	0.981437829453392	0.482480663087441	0.0375864892423383	0.952442541311037	0.880569547396986	0.971620815019597	0.968284685804641	0.961054816916833	0.527454389509427	0.853235245677035	0.9879910113539	0.970164890026565	0.995756475982916	0.466964130755363	0.892857807020577	0.238965340987614	0.173832606431418	0.222172679364387	0.30627775444927	0.975360285365154	0.214256328873812	0.511677955615066	0.988005448768802
CHL1	0.987269969327331	0.969214316699253	0.976528727832588	0.982226558176254	0.932440172328962	-0.112186355677377	0.985376556824235	0.983695557397525	0.997414462614536	0.865115287205368	0.966351610346134	0.911118745696833	0.983328575199801	0.128354985992925	0.979642713797152	0.994953535708515	0.415548009520061	0.986477340177584	0.922139943708899	0.789788961562342	0.800890345395348	0.92759712308139	0.985982401553648	0.986671058117903	0.985988077771208	0.983249322253202	0.962211292499658	1	0.964675509112807	0.93623214314313	0.812971892971069	0.920773480265977	0.979293945931828	0.973041715972672	0.952075616146952	0.988448908236476	0.951509893258124	0.983571958709446	0.98314850721608	0.912207457304202	0.95734681169377	0.978681937527037	0.969995514371637	0.97099339640727	0.982444325784299	0.391130697583627	0.904647871620136	0.989436293178987	0.969029144612137	0.986940770897511	0.992511851967069	0.974393343806926	0.913161700553136	0.951635312882266	0.984467796107279	0.990541902379894	0.674990922531076	0.225719070107411	0.975445524961735	0.90011464352745	0.988313604973737	0.970298433698791	0.975959223231012	0.659464098131352	0.923741860268892	0.973245928048715	0.986841914279296	0.951230308340435	0.610815439709638	0.937355860744005	0.390686097837189	0.367072434868536	0.369618959383381	0.46146523100039	0.974658893912627	0.353784116087155	0.643983466429913	0.973792953020472
