""	CD3D	CD3G	CXCR3	CD2	DPP4	KLRD1	CCR5	CD247	CD8A	CD8B	F2R	KLRB1	ITGAL	ITGB1	ADGRE5	FAS	CD53	CXCR4	IGF2R	TNFRSF14	ICOS	TFRC	ITGA4	TRADD	SELL	PILRB	CD44	ADRB2	TNFRSF1B	CD4	LAG3	TNFRSF25	S1PR4	ITGB2	CD226	ACTR2	CD69	RIPK1	SMAP1	VSIR	PTPRA	TSPAN5	PTPRC	SLC16A7	TSPAN14	CANX	CD81	ERAP1	SORL1	LPP	ADCY7	STX4	CD74	PTGER4	MCFD2	CD63	C1QBP
CD3D	1	0.924294553075874	0.728449577482917	0.850895513478368	0.809534804644346	0.734692319284254	0.203782854679336	0.829523122478332	0.634301453798938	0.627350515778707	0.271174675390605	0.774588151573707	0.556546947756667	0.664934814554967	0.681544994658506	0.792520193771745	0.886152174893458	0.92586260304975	0.302844412184778	0.796898663064791	0.769642214236718	0.280350479667398	0.682627595822488	0.940992199903896	0.913099465913442	0.484194959295491	0.807982123294039	0.422403434559725	0.528682282026319	0.442398269795129	0.758301246259802	0.854851122857911	0.923064750980477	0.0933285631536271	0.908144294556285	0.577376663150269	0.934370008526627	0.285099911425043	0.794763853299783	0.299788382055313	0.598825798288114	0.501877418923205	0.91775278774819	0.617498748031702	0.51915243944954	0.328596121634889	0.357611878731466	0.587132139675451	0.264321035966719	0.265798369455784	0.332363045148002	0.445637611519224	0.0802050692303324	0.812014341828162	0.403443936004534	0.427853335833944	0.637208417490873
CD3G	0.924294553075874	1	0.827603989523196	0.955872065199376	0.731649199068824	0.852007275894106	0.427129041167288	0.912184820589741	0.740202170990717	0.78246238172263	0.468712065605347	0.748197346521729	0.710680613027529	0.670525415581768	0.786515833764383	0.804693222505439	0.765220342985697	0.904808758242154	0.413893833795917	0.794492804041062	0.731582044540633	0.343128146059091	0.745291762589741	0.837219910854625	0.785800568466042	0.480999048377281	0.803882271185122	0.618382230145029	0.535086327070052	0.327767895489568	0.832368315137623	0.697897887479368	0.897482567434515	0.0054610082324881	0.792576984908204	0.521202267970839	0.818028511971198	0.34882501333171	0.707781633917886	0.154915551820848	0.637897160563804	0.573444784602856	0.9336181116816	0.701636896913884	0.458043666716877	0.317878806068679	0.278837232971698	0.373065942246859	0.126976589358049	0.238275654594299	0.218895717608012	0.351744020372421	-0.00809637411669001	0.868293264901345	0.448973799728176	0.362062703211873	0.579549854535969
CXCR3	0.728449577482917	0.827603989523196	1	0.788292035081081	0.657331786912616	0.547374535585526	0.562093603016797	0.796780680510279	0.370486536455151	0.469363856156946	0.27724556033328	0.741142038425497	0.507066307433412	0.542170317278732	0.73950017916899	0.583654481363614	0.627720221193839	0.653280439817035	0.269953822972946	0.52027234652829	0.529927838830099	0.197258928472369	0.532033116726675	0.726817998831597	0.628753372734077	0.283551935006007	0.45021171415472	0.659645462434456	0.367628512828265	0.292274620477509	0.562641025158084	0.41104121580843	0.632178510706885	0.0536307064463645	0.631307989480168	0.35486543064398	0.560989266432494	0.162869796574701	0.348958606382482	0.0843456127240955	0.439915845388916	0.219284103772825	0.694485280370518	0.516274252467195	0.210072241188477	0.227990270610337	0.153257204877286	0.261143669678318	0.12765852749761	0.124920552084867	0.207234417089406	0.258599055777485	0.0160493526568146	0.794421513590917	0.289518261099826	0.193791142555434	0.360423118998734
CD2	0.850895513478368	0.955872065199376	0.788292035081081	1	0.683630841458101	0.826566575098863	0.495471665008379	0.872784264910134	0.780211846564423	0.790090102284582	0.556876872638926	0.653980368836131	0.758232116943434	0.626739158651382	0.771871324619837	0.818551550948859	0.700691851892059	0.878143157715173	0.401417043200581	0.827040532809235	0.722545912884619	0.319230042357293	0.810313577256103	0.743394852661868	0.71509577857921	0.486592458412594	0.762842539557872	0.613769351121186	0.541393040440742	0.304210144581912	0.775493710455422	0.655485716022108	0.849332954816796	-0.00140851314470607	0.676966713463269	0.502147978132909	0.736500395283183	0.397484030335497	0.63517443921647	0.120684663645154	0.604635354913823	0.56894632399109	0.921548252662387	0.719063075103772	0.43770736678962	0.283180266119495	0.187413276950967	0.343786739786321	0.0658863569918076	0.218791033848102	0.162993312010924	0.215065259344278	-0.0317944884002538	0.831716174129554	0.439930440319965	0.258105049656025	0.452866568163651
DPP4	0.809534804644346	0.731649199068824	0.657331786912616	0.683630841458101	1	0.414418948002958	-0.0706225114006121	0.737212209992392	0.340332589441413	0.372762915900987	0.0685528812985674	0.907691837459826	0.202325427014129	0.522466982258909	0.380108928154642	0.689386493780783	0.765210786999626	0.785694262705226	0.168028330110108	0.577444226028517	0.790342855710143	0.282631858951202	0.506944928854723	0.886920520166065	0.802375510896867	0.175474878816011	0.594860413191523	0.394688564090179	0.377008990358843	0.506191416765125	0.632737057016273	0.733017136906724	0.775930426448678	0.136489743417305	0.862661759598577	0.496407816307374	0.858668079537415	0.222194889325689	0.555776896657285	0.325633560168253	0.553723190179922	0.109591175069515	0.64333712808236	0.493722733916925	0.421603966518485	0.312553332145143	0.369779061778843	0.678693858974013	0.212903596897284	0.191950986039087	0.265605583679691	0.384612747995071	0.142351957412419	0.518772319017572	0.300628096908683	0.455738699077054	0.609535710043987
KLRD1	0.734692319284254	0.852007275894106	0.547374535585526	0.826566575098863	0.414418948002958	1	0.471583717045799	0.76870169038757	0.905286796798792	0.937714470012539	0.541169063430796	0.473401046484485	0.786900193775516	0.518018775467056	0.740691774665687	0.639125763499355	0.52506158238356	0.73049727654503	0.465814619273826	0.760187025349702	0.480794167739378	0.304875998093911	0.702547444879307	0.559271475950259	0.532420821886467	0.558088836977388	0.733046548494526	0.651651510528252	0.442101926557335	0.0475858854782507	0.804911368413694	0.524680213363973	0.743130398278719	-0.129154513654221	0.556849423650733	0.347698053002328	0.643208707566247	0.295319593021279	0.650982217343133	0.00168205892390331	0.539922065487859	0.724237351884589	0.844782571297664	0.62262086405521	0.358489780872491	0.221547192827398	0.155341971997979	0.16747724024179	0.0104521111890712	0.164866498435413	0.0890935561062025	0.228843545414717	-0.139319780313316	0.794987907139571	0.35541549452079	0.217741171079974	0.431622918936102
CCR5	0.203782854679336	0.427129041167288	0.562093603016797	0.495471665008379	-0.0706225114006121	0.471583717045799	1	0.405642817322127	0.366248175831126	0.417604298747809	0.399027507066859	0.071142922025305	0.684069298856405	0.220090986309489	0.727682736208869	0.187405501650002	0.109154892892134	0.178683125788466	0.265613490202268	0.238912946295253	0.026895156410468	-0.07894977133395	0.342970616724752	0.0682616001347014	0.0222062053990349	0.301783904656919	0.0938075142670776	0.603604336234213	0.0977608941030089	-0.142819178902076	0.185962527041665	-0.167252124318163	0.100190256026203	-0.104466824348845	-0.0345240942537223	-0.00385572077739812	-0.0214282363380484	0.00163360231216599	-0.0190429296315856	-0.238948929846851	0.0307091019325213	0.281349200623699	0.35975214497636	0.223835088041161	-0.135839292270916	-0.0507572223102315	-0.207241532696347	-0.206096000682419	-0.131066059770759	-0.128255371360304	-0.145813304402629	-0.131270510657461	-0.135905294612883	0.578453467892481	0.0703893667555781	-0.237543152140201	-0.188176026864314
CD247	0.829523122478332	0.912184820589741	0.796780680510279	0.872784264910134	0.737212209992392	0.76870169038757	0.405642817322127	1	0.643604951932177	0.688676034715046	0.333011523837901	0.771326925472758	0.590740720570295	0.500014555221541	0.710151945868525	0.652104244250351	0.616998640726213	0.775065854031448	0.360164130170705	0.581929561128115	0.641390994337096	0.284943627736962	0.644276629601523	0.758160993382742	0.698839046327371	0.306759457064172	0.656670938976256	0.672120368391154	0.379277248210582	0.218346109651788	0.855883600132799	0.584233562403572	0.799746575688769	-0.131296807989473	0.763090754298973	0.386908369599748	0.769130139941615	0.313990181181305	0.551935376858408	0.0249844228050696	0.56939570742856	0.455635362547589	0.806134806667567	0.56650758781843	0.338758689392923	0.226070162139026	0.191571495699299	0.351278547070049	0.0363095456769989	0.165641159354748	0.088381929434147	0.231373807388432	-0.12187377569328	0.786425625333604	0.351878334416437	0.288334260376339	0.514207243574642
CD8A	0.634301453798938	0.740202170990717	0.370486536455151	0.780211846564423	0.340332589441413	0.905286796798792	0.366248175831126	0.643604951932177	1	0.917127654133959	0.522217230431569	0.325013349093695	0.721468671943149	0.406584695845655	0.578161605134454	0.576447840927679	0.434677360204683	0.689000704456	0.312469505256575	0.744896330483593	0.464727875284322	0.228586866590314	0.6964586610496	0.429274736910995	0.439222234581683	0.409302156106319	0.700728227046531	0.440264575375959	0.411718954317397	-0.00272949971476996	0.755985973850012	0.512645267405528	0.686216514770128	-0.13504110666397	0.427839749089958	0.326846637462999	0.601544787889149	0.31647363997457	0.623059313556993	0.0346313091973274	0.452247818859039	0.720726670818261	0.778983259572959	0.550271593977729	0.33877789110071	0.141652145672884	0.0993508540666677	0.149221100012984	-0.0608267551800956	0.0793020665524108	-0.00573135498463986	0.111204711820919	-0.136136606073417	0.637103601895019	0.280435107845338	0.153344526117313	0.34382394496128
CD8B	0.627350515778707	0.78246238172263	0.469363856156946	0.790090102284582	0.372762915900987	0.937714470012539	0.417604298747809	0.688676034715046	0.917127654133959	1	0.557463219130093	0.419555542903647	0.691212159875689	0.48547325893643	0.594828973069001	0.614525568570778	0.417843709267947	0.686828726852597	0.496085904682968	0.731325233592123	0.449351293725801	0.351582360056268	0.7015831228586	0.451509166086728	0.456525448982483	0.422399590955727	0.710630523664174	0.645704199009403	0.451355991718832	0.0633847225994204	0.804230588909094	0.463742529086759	0.700209529638254	-0.0785607637282971	0.466191649201365	0.368445590067251	0.571122952492946	0.389077962319976	0.593847782068708	0.0742593109619107	0.545192066903635	0.727494038123557	0.771942573019102	0.641110626228537	0.384189158252813	0.261285152304917	0.187533393775014	0.0929571934838503	-0.027665955406146	0.145721931501214	0.0270832619920668	0.164235530238775	-0.0805246831441377	0.671718421840063	0.366409977779681	0.249753155640472	0.430123202288532
F2R	0.271174675390605	0.468712065605347	0.27724556033328	0.556876872638926	0.0685528812985674	0.541169063430796	0.399027507066859	0.333011523837901	0.522217230431569	0.557463219130093	1	-5.50294571166402e-05	0.654514016673701	0.63751673788674	0.510050193868101	0.472025639308701	0.235733339333611	0.446555306403239	0.636849431075565	0.562350899351584	0.18175654053097	0.658028097035283	0.68829298181688	0.182292081453458	0.147999832626995	0.643839349747707	0.59022196641946	0.365192625661074	0.648852894306291	0.23454678070091	0.399395992063167	0.281032160484716	0.343073871945655	0.149937545997196	0.0781521890622877	0.464988205865001	0.126975373267854	0.659661767841101	0.46027610544789	0.0665411431905989	0.635500849282458	0.708433891589917	0.550383768177978	0.669463983623429	0.523918620455817	0.501543148448943	0.294746111033392	-0.00196872516273916	0.169709674563987	0.582751297071203	0.304203511762345	0.269928773244664	0.137817675026342	0.515509634630226	0.70435761854431	0.313701464846912	0.310050954903512
KLRB1	0.774588151573707	0.748197346521729	0.741142038425497	0.653980368836131	0.907691837459826	0.473401046484485	0.071142922025305	0.771326925472758	0.325013349093695	0.419555542903647	-5.50294571166402e-05	1	0.21730691301354	0.445908221313117	0.448616217263094	0.613254669554804	0.679531445255018	0.689488867523183	0.209370518127456	0.513160269734043	0.695554694384075	0.230770184418682	0.393328104505653	0.806590908160249	0.731301764425979	0.185656737120126	0.494189377294311	0.591059917794334	0.24731353035865	0.344535508551056	0.578885696362585	0.617518935802854	0.759231994422711	-0.0243877591746699	0.877509342785885	0.336064414834535	0.796772339022354	0.0613993223161726	0.456362240287263	0.161587308706887	0.496088214963317	0.0927696664889122	0.608417496373154	0.480658443850409	0.243545699204812	0.222744575395118	0.250251175081973	0.487098124256376	0.0534180346403899	0.0431107467352332	0.135502859959844	0.313375460273954	-0.0216352442675356	0.565199366298782	0.223883988674722	0.334802436482785	0.521055781259848
ITGAL	0.556546947756667	0.710680613027529	0.507066307433412	0.758232116943434	0.202325427014129	0.786900193775516	0.684069298856405	0.590740720570295	0.721468671943149	0.691212159875689	0.654514016673701	0.21730691301354	1	0.457539396298083	0.829768308854515	0.563131304505255	0.382348958583752	0.617683699044294	0.335394575742977	0.628629005446419	0.343651833347816	0.134604989249466	0.681465777437706	0.36713040307143	0.372292748442913	0.559514765963572	0.560684775713863	0.536592273866156	0.390802491587177	0.011895673113403	0.51583855927397	0.357017287692211	0.536514589097039	-0.120574620222035	0.255898338100475	0.234704457988231	0.399064915929418	0.219374260512099	0.455782911422612	-0.127841438387259	0.341388833660653	0.57282395326252	0.736389702119323	0.639887825933947	0.213425183706642	0.0599969754759837	-0.0528115678051126	0.147681494943011	0.0148930476359564	0.0830544766643254	0.113938654447137	0.0319969642210873	-0.160981781249965	0.768881172860736	0.298933533497686	-0.0298860138453899	0.108326009433677
ITGB1	0.664934814554967	0.670525415581768	0.542170317278732	0.626739158651382	0.522466982258909	0.518018775467056	0.220090986309489	0.500014555221541	0.406584695845655	0.48547325893643	0.63751673788674	0.445908221313117	0.457539396298083	1	0.634028512838555	0.738055495595686	0.76277936369622	0.754009087282244	0.709309271462327	0.722217025400993	0.516066935284157	0.716587765785245	0.752364960670956	0.689348130633371	0.598806156320992	0.673891795817239	0.814561327805671	0.374484528326255	0.879565353155722	0.748436498673843	0.497815796637441	0.62339076508158	0.665636034713071	0.557098935049865	0.577827909309724	0.872906187920787	0.579836699969595	0.679974338329584	0.781942706871783	0.581036181863367	0.854239993185583	0.65529899080911	0.737050646961157	0.706734758950455	0.822513422365386	0.832322529139966	0.770555587668692	0.494400509975331	0.609423337126437	0.712506061390298	0.631544302370324	0.758311507500353	0.568870358940792	0.686113505225121	0.829678563109192	0.775970735350186	0.747978537516524
ADGRE5	0.681544994658506	0.786515833764383	0.73950017916899	0.771871324619837	0.380108928154642	0.740691774665687	0.727682736208869	0.710151945868525	0.578161605134454	0.594828973069001	0.510050193868101	0.448616217263094	0.829768308854515	0.634028512838555	1	0.597797303574602	0.583856007523401	0.677915218216577	0.445133006932856	0.578805123396132	0.414463601544586	0.198127020287401	0.654197186571826	0.584703337011555	0.494450528374481	0.606809525520239	0.587289536440365	0.674803591684647	0.483180097338413	0.233346797182933	0.519983460339727	0.389399893620481	0.603936363547943	0.0673952992777823	0.45373305684058	0.400656526106112	0.515994216605869	0.220328812142951	0.504482847028044	0.0474935595739976	0.470721346795654	0.523227201966325	0.763957955013879	0.558358434292188	0.288019406863628	0.276677068558829	0.187451087280161	0.269044161513532	0.193012307982898	0.183551499326701	0.246931269205137	0.320548497520588	0.0478206097743715	0.85631166224075	0.396941135737585	0.196657831710696	0.299489174025457
FAS	0.792520193771745	0.804693222505439	0.583654481363614	0.818551550948859	0.689386493780783	0.639125763499355	0.187405501650002	0.652104244250351	0.576447840927679	0.614525568570778	0.472025639308701	0.613254669554804	0.563131304505255	0.738055495595686	0.597797303574602	1	0.765052644279542	0.853393647631876	0.486936170507453	0.845245180627984	0.782471585693786	0.428886839663732	0.736861388379599	0.735761560864228	0.730310584983046	0.556172743748879	0.787634478960386	0.427681998805808	0.667845613720753	0.584888482899554	0.586249363765783	0.73444058417476	0.84804996712745	0.225779779839403	0.680854934169276	0.673683628994307	0.74753166787346	0.443669009032819	0.7190611160828	0.345542390197921	0.66289555408136	0.504140881578219	0.82299900275995	0.739096449569683	0.655174551165758	0.486384695049697	0.4027898425412	0.463429033650252	0.272560368838743	0.399682598674539	0.382284087997877	0.365604131437503	0.187419942607919	0.666958267945869	0.550973695138845	0.466801774246902	0.575527285164228
CD53	0.886152174893458	0.765220342985697	0.627720221193839	0.700691851892059	0.765210786999626	0.52506158238356	0.109154892892134	0.616998640726213	0.434677360204683	0.417843709267947	0.235733339333611	0.679531445255018	0.382348958583752	0.76277936369622	0.583856007523401	0.765052644279542	1	0.862765291048236	0.390497714840571	0.780752266847036	0.743654533024176	0.323423642258488	0.691139111927627	0.899944845554711	0.850709134914965	0.543413405899333	0.771191061227574	0.277199453843978	0.682909885362882	0.723052087229434	0.551355495529403	0.805028670793664	0.809572250316334	0.471592728360091	0.841658055861637	0.774011431067763	0.834378380878258	0.36886424648412	0.78364307628644	0.610095080266846	0.607990150979791	0.415554376121012	0.823525155417151	0.535578767589822	0.672053151903245	0.539066451257247	0.579347851267027	0.679561437475647	0.541440710337411	0.440040852071931	0.582170589820874	0.64968862891955	0.447082321157181	0.694346922603411	0.463755787467517	0.576295310786636	0.66109490989496
CXCR4	0.92586260304975	0.904808758242154	0.653280439817035	0.878143157715173	0.785694262705226	0.73049727654503	0.178683125788466	0.775065854031448	0.689000704456	0.686828726852597	0.446555306403239	0.689488867523183	0.617683699044294	0.754009087282244	0.677915218216577	0.853393647631876	0.862765291048236	1	0.435613865501975	0.839006965409944	0.782562281494182	0.399735336549936	0.82638989190982	0.88041226959125	0.863994757186438	0.515413425866146	0.902967817495429	0.437909905370796	0.704873990952438	0.566655018122978	0.775791984681036	0.869055796626859	0.936125437601249	0.247333202436564	0.802751339118579	0.706321558952625	0.891832513418701	0.491108620109781	0.83755541710696	0.42785426675207	0.716905076479832	0.566953400814142	0.939878825210124	0.7698787761834	0.664170028248667	0.464727790982669	0.465276972123893	0.651256432054787	0.376095848762938	0.385252861717419	0.438404755104203	0.477914181763843	0.233545130015567	0.758023346420141	0.527683989690861	0.522718264772906	0.665693630558993
IGF2R	0.302844412184778	0.413893833795917	0.269953822972946	0.401417043200581	0.168028330110108	0.465814619273826	0.265613490202268	0.360164130170705	0.312469505256575	0.496085904682968	0.636849431075565	0.209370518127456	0.335394575742977	0.709309271462327	0.445133006932856	0.486936170507453	0.390497714840571	0.435613865501975	1	0.470253775112267	0.221419914458921	0.746127155516122	0.610029794393452	0.265573927197628	0.283747339152936	0.71116554479225	0.615022412562129	0.515080275555315	0.750562648029606	0.5372640552213	0.399509044188458	0.330362384589562	0.406604923197911	0.392809038399815	0.32432846959595	0.645151632857596	0.259240377259802	0.724126338661969	0.523925602565361	0.383405184798762	0.756549643499282	0.686968830123094	0.499813612937296	0.576687810271511	0.709822283710925	0.787220154314571	0.598337669109137	0.174770253775619	0.424827315713251	0.725970725579992	0.433290121703443	0.556818600459188	0.400702160147945	0.439700001464297	0.745610939259687	0.593474734183545	0.517321601314635
TNFRSF14	0.796898663064791	0.794492804041062	0.52027234652829	0.827040532809235	0.577444226028517	0.760187025349702	0.238912946295253	0.581929561128115	0.744896330483593	0.731325233592123	0.562350899351584	0.513160269734043	0.628629005446419	0.722217025400993	0.578805123396132	0.845245180627984	0.780752266847036	0.839006965409944	0.470253775112267	1	0.666509130850162	0.445096464140299	0.813086756627808	0.687335324346333	0.690108850005961	0.664916673918126	0.812659629397478	0.387351183171061	0.681608106788063	0.448523340985818	0.609868013689562	0.761108886860411	0.811523519798068	0.233652598869105	0.650043652458655	0.635078242458751	0.705021930512727	0.44570061624606	0.79109127359543	0.372169806618675	0.649486534828655	0.648387193133368	0.89010344540606	0.736266989699279	0.624692727255059	0.454341405532048	0.366392105392502	0.4212358595176	0.29197401091559	0.395706263310082	0.386308852742727	0.383906733391881	0.183310353448721	0.736038531244719	0.528773124229852	0.386309571558846	0.51738455111498
ICOS	0.769642214236718	0.731582044540633	0.529927838830099	0.722545912884619	0.790342855710143	0.480794167739378	0.026895156410468	0.641390994337096	0.464727875284322	0.449351293725801	0.18175654053097	0.695554694384075	0.343651833347816	0.516066935284157	0.414463601544586	0.782471585693786	0.743654533024176	0.782562281494182	0.221419914458921	0.666509130850162	1	0.29461382121895	0.473192346468442	0.789960618990703	0.698194858788485	0.289362941767199	0.710313945518096	0.220661313406994	0.441120547780732	0.46279646674235	0.598380308705173	0.689302302280056	0.792904484396788	0.0991748911831124	0.762398117585665	0.547901007282493	0.778705730817585	0.283342940554943	0.618149656067141	0.272028201137752	0.559377413553764	0.30504961728397	0.659764839386958	0.439824700692769	0.493323360012982	0.343620703549493	0.359687563643123	0.497726665311585	0.119888375013838	0.24906220376131	0.152175469613248	0.361892579220022	0.120820672845693	0.445911912349073	0.400977188872588	0.440461871778858	0.570103957854404
TFRC	0.280350479667398	0.343128146059091	0.197258928472369	0.319230042357293	0.282631858951202	0.304875998093911	-0.07894977133395	0.284943627736962	0.228586866590314	0.351582360056268	0.658028097035283	0.230770184418682	0.134604989249466	0.716587765785245	0.198127020287401	0.428886839663732	0.323423642258488	0.399735336549936	0.746127155516122	0.445096464140299	0.29461382121895	1	0.472789675790816	0.336509546083864	0.261163428650408	0.537578043435592	0.633042257042504	0.22280157637014	0.6895377427986	0.487595202684375	0.41068740771994	0.410791277430589	0.380817118301621	0.314411222964858	0.344522750699287	0.638835280711959	0.266272983996198	0.7765631318212	0.594764306539309	0.327604795630636	0.89196710447935	0.627926084596752	0.388289473411742	0.536359089248055	0.719871432977256	0.835902778679938	0.703874481658947	0.198883025110816	0.362901144080187	0.81509418136546	0.396619932954229	0.642179815378417	0.364327244577029	0.301955046374527	0.899848647581003	0.763355763715026	0.723595834678666
ITGA4	0.682627595822488	0.745291762589741	0.532033116726675	0.810313577256103	0.506944928854723	0.702547444879307	0.342970616724752	0.644276629601523	0.6964586610496	0.7015831228586	0.68829298181688	0.393328104505653	0.681465777437706	0.752364960670956	0.654197186571826	0.736861388379599	0.691139111927627	0.82638989190982	0.610029794393452	0.813086756627808	0.473192346468442	0.472789675790816	1	0.581621431945415	0.603146889354757	0.606769332382131	0.787696204167333	0.501799322496309	0.813933322808182	0.566136975495881	0.66095086483729	0.666899938618729	0.723875811051683	0.390103570683782	0.504066228695428	0.727287705482975	0.60959237521109	0.676782937024809	0.706357217190284	0.462616204077398	0.688322033222795	0.657201261264454	0.875362490409698	0.814936560872473	0.713302796468237	0.54634662044997	0.439446866640508	0.491565034407787	0.463696817329266	0.507256458460631	0.53468387348205	0.377144699541961	0.344778669858093	0.76324205444326	0.58384158429749	0.42530639638042	0.475097865191426
TRADD	0.940992199903896	0.837219910854625	0.726817998831597	0.743394852661868	0.886920520166065	0.559271475950259	0.0682616001347014	0.758160993382742	0.429274736910995	0.451509166086728	0.182292081453458	0.806590908160249	0.36713040307143	0.689348130633371	0.584703337011555	0.735761560864228	0.899944845554711	0.88041226959125	0.265573927197628	0.687335324346333	0.789960618990703	0.336509546083864	0.581621431945415	1	0.903010675189166	0.38749764833183	0.752835230705267	0.343845880875114	0.532161851123556	0.561216434402671	0.687839307434688	0.812260630078338	0.841525097433539	0.232645403200283	0.905017362253046	0.62666791092304	0.892525189566826	0.297543169874229	0.743475603982014	0.403009297706015	0.628937061493699	0.347094458338339	0.79745828417119	0.541151943803158	0.548314897822021	0.425489853064511	0.485791861384962	0.679571734014695	0.383879138881306	0.355950656481126	0.424738246182519	0.563243358946344	0.232408967515003	0.702124596912895	0.425846518226857	0.555256958232072	0.724316576923379
SELL	0.913099465913442	0.785800568466042	0.628753372734077	0.71509577857921	0.802375510896867	0.532420821886467	0.0222062053990349	0.698839046327371	0.439222234581683	0.456525448982483	0.147999832626995	0.731301764425979	0.372292748442913	0.598806156320992	0.494450528374481	0.730310584983046	0.850709134914965	0.863994757186438	0.283747339152936	0.690108850005961	0.698194858788485	0.261163428650408	0.603146889354757	0.903010675189166	1	0.396916123605466	0.732244964926785	0.302282680732103	0.507621199311846	0.54363266318936	0.61697897945154	0.880217461534115	0.869224149700312	0.169570564017993	0.890310773462071	0.572090597731654	0.872740364550829	0.320748555058689	0.730035710936548	0.403504317852256	0.546336457314489	0.385953512081627	0.81744128677915	0.592334127483176	0.541315255186948	0.327323516972888	0.362346951271773	0.682157950168214	0.327570982981023	0.296169279253683	0.373018752993591	0.412432284660556	0.135858186835326	0.654600126581259	0.352342448688338	0.440989405860072	0.620013594238631
PILRB	0.484194959295491	0.480999048377281	0.283551935006007	0.486592458412594	0.175474878816011	0.558088836977388	0.301783904656919	0.306759457064172	0.409302156106319	0.422399590955727	0.643839349747707	0.185656737120126	0.559514765963572	0.673891795817239	0.606809525520239	0.556172743748879	0.543413405899333	0.515413425866146	0.71116554479225	0.664916673918126	0.289362941767199	0.537578043435592	0.606769332382131	0.38749764833183	0.396916123605466	1	0.625537345892345	0.352984594160557	0.645506505352291	0.374476589273535	0.263222993811391	0.516698621708771	0.471300077288257	0.205974477360914	0.38505438572677	0.50167991046702	0.36626979316587	0.43286083552411	0.616661273083323	0.182869186852476	0.607098514827591	0.670704319272422	0.638044666634595	0.563009431487014	0.559328007614202	0.526818325414602	0.347041463634325	0.284757168112769	0.329169264467756	0.598399585977028	0.453384681715992	0.490826171872794	0.167123584633317	0.599986044388075	0.602263340097275	0.337462659885313	0.350561857668019
CD44	0.807982123294039	0.803882271185122	0.45021171415472	0.762842539557872	0.594860413191523	0.733046548494526	0.0938075142670776	0.656670938976256	0.700728227046531	0.710630523664174	0.59022196641946	0.494189377294311	0.560684775713863	0.814561327805671	0.587289536440365	0.787634478960386	0.771191061227574	0.902967817495429	0.615022412562129	0.812659629397478	0.710313945518096	0.633042257042504	0.787696204167333	0.752835230705267	0.732244964926785	0.625537345892345	1	0.316380683685123	0.792628960292596	0.56580195987014	0.774546972583218	0.826549680754669	0.864905487881983	0.275546972507924	0.717965660673188	0.792331100586448	0.779159582048102	0.673449736343224	0.937785483826002	0.444571775105407	0.848636196658734	0.795538599284988	0.874729804219413	0.704346191658768	0.805681858276707	0.652961691842056	0.635182675150401	0.512409838600896	0.386707361959682	0.6020407059059	0.429982632445309	0.61704275839413	0.306332414617001	0.648929333004421	0.741216396338024	0.700968816163216	0.798104656068739
ADRB2	0.422403434559725	0.618382230145029	0.659645462434456	0.613769351121186	0.394688564090179	0.651651510528252	0.603604336234213	0.672120368391154	0.440264575375959	0.645704199009403	0.365192625661074	0.591059917794334	0.536592273866156	0.374484528326255	0.674803591684647	0.427681998805808	0.277199453843978	0.437909905370796	0.515080275555315	0.387351183171061	0.220661313406994	0.22280157637014	0.501799322496309	0.343845880875114	0.302282680732103	0.352984594160557	0.316380683685123	1	0.242538484003513	0.0638782699517922	0.472677508513337	0.161856953842488	0.458174695711227	-0.0938039281373327	0.377097010357328	0.139049493560794	0.346592499116031	0.153844152834914	0.171899480012821	-0.09158829656425	0.401526561933232	0.278331906475381	0.516752325688025	0.553264770452376	0.0890608831997534	0.175889279099229	0.027934265176647	0.10090681406449	-0.0495087339509985	0.00480438713565855	0.0256552266904692	0.0682070315923681	-0.121343240156527	0.632638335783052	0.201018421922239	0.0540816675658793	0.15808267879677
TNFRSF1B	0.528682282026319	0.535086327070052	0.367628512828265	0.541393040440742	0.377008990358843	0.442101926557335	0.0977608941030089	0.379277248210582	0.411718954317397	0.451355991718832	0.648852894306291	0.24731353035865	0.390802491587177	0.879565353155722	0.483180097338413	0.667845613720753	0.682909885362882	0.704873990952438	0.750562648029606	0.681608106788063	0.441120547780732	0.6895377427986	0.813933322808182	0.532161851123556	0.507621199311846	0.645506505352291	0.792628960292596	0.242538484003513	1	0.806149947403125	0.470735495574434	0.609572885177034	0.595449701528956	0.676251553672433	0.433823644102959	0.91593511019123	0.484384286806693	0.811313899188335	0.736254185117084	0.690859793885381	0.808390563016768	0.662486150783595	0.691330438409523	0.703128640059559	0.916598326545442	0.861954202459571	0.766437379558907	0.480727076256726	0.732285520148852	0.81765307398773	0.746043654133322	0.695624956705907	0.662732626138317	0.552851304489123	0.789688007656388	0.719552079034055	0.64531598107811
CD4	0.442398269795129	0.327767895489568	0.292274620477509	0.304210144581912	0.506191416765125	0.0475858854782507	-0.142819178902076	0.218346109651788	-0.00272949971476996	0.0633847225994204	0.23454678070091	0.344535508551056	0.011895673113403	0.748436498673843	0.233346797182933	0.584888482899554	0.723052087229434	0.566655018122978	0.5372640552213	0.448523340985818	0.46279646674235	0.487595202684375	0.566136975495881	0.561216434402671	0.54363266318936	0.374476589273535	0.56580195987014	0.0638782699517922	0.806149947403125	1	0.219700938272108	0.552429392301664	0.469202373181797	0.834196331802819	0.477671882105308	0.90275312542295	0.466430689695152	0.625095184874661	0.565671946261643	0.864369061522105	0.604694201062906	0.248342755997068	0.44462325367576	0.454292794241339	0.83275782280378	0.805141914101619	0.803029598393018	0.636567911253405	0.802140089354514	0.688282337065748	0.774823135670597	0.686403385291279	0.821962263108386	0.293152345433534	0.607687090183093	0.748727052753323	0.608956749057771
LAG3	0.758301246259802	0.832368315137623	0.562641025158084	0.775493710455422	0.632737057016273	0.804911368413694	0.185962527041665	0.855883600132799	0.755985973850012	0.804230588909094	0.399395992063167	0.578885696362585	0.51583855927397	0.497815796637441	0.519983460339727	0.586249363765783	0.551355495529403	0.775791984681036	0.399509044188458	0.609868013689562	0.598380308705173	0.41068740771994	0.66095086483729	0.687839307434688	0.61697897945154	0.263222993811391	0.774546972583218	0.472677508513337	0.470735495574434	0.219700938272108	1	0.613397221397301	0.762657560439658	-0.024478531998943	0.667740300324931	0.483404196554045	0.751395930000919	0.460607212869155	0.68309579129069	0.173345351285306	0.627853508143147	0.598281719828776	0.771167656445664	0.5299820599281	0.493437795639939	0.337882403013596	0.355619249515755	0.324097532729538	0.141443127303457	0.294654530017188	0.159759620513478	0.341101702157758	0.0153144834150184	0.64396856221362	0.434890395333259	0.450514582104553	0.654628882409359
TNFRSF25	0.854851122857911	0.697897887479368	0.41104121580843	0.655485716022108	0.733017136906724	0.524680213363973	-0.167252124318163	0.584233562403572	0.512645267405528	0.463742529086759	0.281032160484716	0.617518935802854	0.357017287692211	0.62339076508158	0.389399893620481	0.73444058417476	0.805028670793664	0.869055796626859	0.330362384589562	0.761108886860411	0.689302302280056	0.410791277430589	0.666899938618729	0.812260630078338	0.880217461534115	0.516698621708771	0.826549680754669	0.161856953842488	0.609572885177034	0.552429392301664	0.613397221397301	1	0.868761949418161	0.173113779365733	0.831683086104823	0.63269080982188	0.8668951923267	0.430953511774645	0.859884420876648	0.422082917309992	0.649438587302241	0.499704013974965	0.814921194038721	0.653566299373644	0.665750110401574	0.422316293656306	0.438706976208574	0.719827928136223	0.357467830043595	0.435603552400194	0.450897983228152	0.439418559635318	0.16047493195494	0.575579137133921	0.495869360659796	0.508915827038247	0.653553771694156
S1PR4	0.923064750980477	0.897482567434515	0.632178510706885	0.849332954816796	0.775930426448678	0.743130398278719	0.100190256026203	0.799746575688769	0.686216514770128	0.700209529638254	0.343073871945655	0.759231994422711	0.536514589097039	0.665636034713071	0.603936363547943	0.84804996712745	0.809572250316334	0.936125437601249	0.406604923197911	0.811523519798068	0.792904484396788	0.380817118301621	0.723875811051683	0.841525097433539	0.869224149700312	0.471300077288257	0.864905487881983	0.458174695711227	0.595449701528956	0.469202373181797	0.762657560439658	0.868761949418161	1	0.0841655691908738	0.873861189991827	0.614109238470137	0.912872288101033	0.424522219150487	0.809165842240235	0.321601451644458	0.692496809592517	0.566426105023486	0.907943921777237	0.718026465951018	0.594068061651334	0.394774605454726	0.39809844916143	0.525922205730631	0.211413686367223	0.294568418125382	0.29823759295465	0.418038865529752	0.0777009745943705	0.699273467272099	0.486266648393759	0.481519776730913	0.661096592011989
ITGB2	0.0933285631536271	0.0054610082324881	0.0536307064463645	-0.00140851314470607	0.136489743417305	-0.129154513654221	-0.104466824348845	-0.131296807989473	-0.13504110666397	-0.0785607637282971	0.149937545997196	-0.0243877591746699	-0.120574620222035	0.557098935049865	0.0673952992777823	0.225779779839403	0.471592728360091	0.247333202436564	0.392809038399815	0.233652598869105	0.0991748911831124	0.314411222964858	0.390103570683782	0.232645403200283	0.169570564017993	0.205974477360914	0.275546972507924	-0.0938039281373327	0.676251553672433	0.834196331802819	-0.024478531998943	0.173113779365733	0.0841655691908738	1	0.078990895034087	0.756636332893752	0.0970702521554893	0.49611080353234	0.306663500114069	0.918921951587033	0.337350926871709	0.116630569511844	0.156241564194868	0.195084920812957	0.646074502255938	0.7135743994134	0.755338292202964	0.409321035559451	0.879970720169196	0.575683734792805	0.791060117236695	0.634578034054576	0.977124819922553	0.0910203971958847	0.403405538958741	0.608764156619946	0.384963490729714
CD226	0.908144294556285	0.792576984908204	0.631307989480168	0.676966713463269	0.862661759598577	0.556849423650733	-0.0345240942537223	0.763090754298973	0.427839749089958	0.466191649201365	0.0781521890622877	0.877509342785885	0.255898338100475	0.577827909309724	0.45373305684058	0.680854934169276	0.841658055861637	0.802751339118579	0.32432846959595	0.650043652458655	0.762398117585665	0.344522750699287	0.504066228695428	0.905017362253046	0.890310773462071	0.38505438572677	0.717965660673188	0.377097010357328	0.433823644102959	0.477671882105308	0.667740300324931	0.831683086104823	0.873861189991827	0.078990895034087	1	0.533016698635559	0.912423320067753	0.259793857253643	0.727031555997142	0.328482147800343	0.618526364573086	0.378018280867371	0.756155644402983	0.503004676425035	0.504723591112097	0.369868071455996	0.425233742330413	0.580069720538912	0.222344415381968	0.284657232511808	0.275458401426936	0.507702127410711	0.0889761190517787	0.619283267271956	0.384335428861247	0.510975894293978	0.701807581194324
ACTR2	0.577376663150269	0.521202267970839	0.35486543064398	0.502147978132909	0.496407816307374	0.347698053002328	-0.00385572077739812	0.386908369599748	0.326846637462999	0.368445590067251	0.464988205865001	0.336064414834535	0.234704457988231	0.872906187920787	0.400656526106112	0.673683628994307	0.774011431067763	0.706321558952625	0.645151632857596	0.635078242458751	0.547901007282493	0.638835280711959	0.727287705482975	0.62666791092304	0.572090597731654	0.50167991046702	0.792331100586448	0.139049493560794	0.91593511019123	0.90275312542295	0.483404196554045	0.63269080982188	0.614109238470137	0.756636332893752	0.533016698635559	1	0.570885987176529	0.767280908944641	0.771757795092709	0.817935485760862	0.776564626120728	0.571165807092499	0.640026369945822	0.541525736248567	0.923885999784605	0.888307076953601	0.884700226135467	0.547966855410965	0.738331618857684	0.756003900832996	0.712514885208879	0.763836358901831	0.777667062001875	0.464115827520119	0.780533226319909	0.851102376250212	0.769872443156031
CD69	0.934370008526627	0.818028511971198	0.560989266432494	0.736500395283183	0.858668079537415	0.643208707566247	-0.0214282363380484	0.769130139941615	0.601544787889149	0.571122952492946	0.126975373267854	0.796772339022354	0.399064915929418	0.579836699969595	0.515994216605869	0.74753166787346	0.834378380878258	0.891832513418701	0.259240377259802	0.705021930512727	0.778705730817585	0.266272983996198	0.60959237521109	0.892525189566826	0.872740364550829	0.36626979316587	0.779159582048102	0.346592499116031	0.484384286806693	0.466430689695152	0.751395930000919	0.8668951923267	0.912872288101033	0.0970702521554893	0.912423320067753	0.570885987176529	1	0.265656571019562	0.787313212235989	0.348896501295832	0.589913007949006	0.410995659458057	0.813175060664448	0.544334181831737	0.521325987316135	0.326944357973435	0.413050025107035	0.671135881147164	0.255063645438975	0.212894403702838	0.289586944026625	0.462759337031584	0.114170996915093	0.637610444476261	0.346753425470686	0.488739057479168	0.669652098750686
RIPK1	0.285099911425043	0.34882501333171	0.162869796574701	0.397484030335497	0.222194889325689	0.295319593021279	0.00163360231216599	0.313990181181305	0.31647363997457	0.389077962319976	0.659661767841101	0.0613993223161726	0.219374260512099	0.679974338329584	0.220328812142951	0.443669009032819	0.36886424648412	0.491108620109781	0.724126338661969	0.44570061624606	0.283342940554943	0.7765631318212	0.676782937024809	0.297543169874229	0.320748555058689	0.43286083552411	0.673449736343224	0.153844152834914	0.811313899188335	0.625095184874661	0.460607212869155	0.430953511774645	0.424522219150487	0.49611080353234	0.259793857253643	0.767280908944641	0.265656571019562	1	0.567268516219949	0.532362383741276	0.795322089289383	0.672651502359693	0.478902365236691	0.574249010154114	0.842359291048386	0.793007965383269	0.68333237742715	0.292497674114814	0.524816992074678	0.815312840154021	0.488241040141779	0.526370529330504	0.522316861749919	0.279703401964886	0.808019855384717	0.693486473347019	0.605552258347336
SMAP1	0.794763853299783	0.707781633917886	0.348958606382482	0.63517443921647	0.555776896657285	0.650982217343133	-0.0190429296315856	0.551935376858408	0.623059313556993	0.593847782068708	0.46027610544789	0.456362240287263	0.455782911422612	0.781942706871783	0.504482847028044	0.7190611160828	0.78364307628644	0.83755541710696	0.523925602565361	0.79109127359543	0.618149656067141	0.594764306539309	0.706357217190284	0.743475603982014	0.730035710936548	0.616661273083323	0.937785483826002	0.171899480012821	0.736254185117084	0.565671946261643	0.68309579129069	0.859884420876648	0.809165842240235	0.306663500114069	0.727031555997142	0.771757795092709	0.787313212235989	0.567268516219949	1	0.502541728855745	0.782559657901944	0.751495015459963	0.816768183128133	0.618284210910688	0.778409877001031	0.629464919940682	0.666665887297972	0.543008461581249	0.448511943968042	0.569485838083191	0.468142340910032	0.65430625615193	0.339633394878881	0.614464347012592	0.698681622917458	0.723568529597016	0.823788357770284
