""	IFITM1	PTPRC	CD44	CD3D	CD8A	ITGA4	CD2	CXCR4	IL2RG	CD8B	CD69	KLRD1	CD3G	KLRC1	CD247	ITGAL	ICOS	CD226	SPN	CTLA4	CD28	CD47	PTGER4	CD27	CXCR3	CD6	ADGRE5	SIGIRR	ITGB1	S1PR4	TRADD	SELL	TNFRSF1B	CD96	KLRB1	FAS	RPSA	C1QBP	CD46	CD5	TIGIT	ITGB2	RACK1	CRTAM	PTGER2	HLA.DPB1	TSPAN14	VSIR	HAVCR2	SORL1	JMJD6	PDCD1	CD81	LPP	PILRB	TFRC	TNFRSF14	CLEC2D	PLAUR	RHBDF2	CD74	SMAP1	TMIGD3	CD68	LRP10	GPNMB	CANX	TREM2	PTPRA	CD63	APLP2	LAMP1	NCL
IFITM1	1	0.393872463790557	0.484936528049178	0.192031570027458	0.00794692025937421	0.398992085059054	0.321616749196866	0.248045826806632	0.666732492132793	0.165013837059288	-0.087964881530429	-0.00994365998535338	0.425585003019041	-0.0759994374759275	0.264291612101308	-0.0155907283801247	0.195089351307039	-0.141776465067132	0.707306660660619	0.142261553960686	0.183171443626315	0.662024907025685	0.260369865539768	0.411008782204477	0.478462503332383	0.268470495253741	0.451016660487059	0.713747542440451	0.808438250774416	0.549429336725964	0.629124300121521	0.146379018032211	0.589423818160573	0.222790314883184	0.279477861271149	0.53474471031767	0.691112889336512	0.741491652218965	0.721446102502278	0.0588330992174577	0.368022819559535	0.488398218548097	0.777186240602874	-0.12888294923196	0.387255694354306	0.630151887487899	0.634997124995921	0.535747919803918	0.297850795997095	0.319188002756154	0.318981123946627	-0.0577499259617793	0.54261431655327	0.616062412592329	0.439050476555792	0.25232705848158	0.758871814202616	0.223649972881467	0.332157078385329	0.32178764497074	0.626033202167947	0.666455329504049	0.236156795438744	0.285342360746026	0.654731221922215	0.19949866563583	0.703116652649412	0.126830638938631	0.548961980759125	0.617180378015157	0.560132188320763	0.640943957259411	0.749824473851458
PTPRC	0.393872463790557	1	0.732179132445038	0.722970379178208	0.478427541377069	0.705280451304988	0.800755947647188	0.695182342752978	0.626963409827631	0.620037229426699	0.398732956115818	0.061424016016603	0.859647517700554	0.174891210830029	0.321627778850619	0.610363781314523	0.51691823242519	-0.0665818206026064	0.718282049566145	0.45536150071172	0.434376777080227	0.319945265202711	0.364404619328261	0.37526482473139	0.427830186525501	0.583791246096903	0.67406241971203	0.537456405737249	0.331216345321117	0.48290060407985	0.222838201195534	-0.0611026049538992	0.5039460919887	0.623980523186036	0.220699414270617	0.107986576411279	0.237384554557962	0.119247101765174	0.448486161539859	0.506818581761311	0.195747116495811	0.406319130718963	0.309014721654493	0.252391049741967	0.47495592981953	0.351297307263941	0.306837458399893	0.323228449286795	0.254389022520537	0.120811651276809	0.477937410984734	0.375432575053662	0.131934925778375	0.107339310500485	0.344865347866803	0.0218067778586474	0.375778146649546	0.510051695731777	0.101013817715408	0.159633266858013	0.318124051178139	0.282598049038057	0.104907233064163	0.0940171156923687	0.412021594407091	0.0317106063839529	0.185209533608525	-0.0143581790483319	0.167983182445059	0.0484966410367477	0.0267512559480133	0.0841746652473834	0.377496509413632
CD44	0.484936528049178	0.732179132445038	1	0.581245668985856	0.632975796409419	0.70724799419844	0.591425870299905	0.704275293240489	0.611039638294403	0.581627401541834	0.297303886825074	0.282693799023373	0.726383495190467	0.19955971760661	0.507139843213755	0.493948788842696	0.223880496552403	-0.128592467478686	0.70356975209054	0.176225751508626	0.308701343334388	0.254242573177883	0.343756037129331	0.484962409793045	0.453896475178358	0.335164946033153	0.715148305666155	0.490519553589004	0.335985443400988	0.444123970336242	0.346675198447148	-0.209381151964373	0.449235966619562	0.603732640552601	0.108879216103038	0.249919498069166	0.306551526775586	0.208106845085529	0.357164552644562	0.440521591098917	0.327457651882117	0.46086357678487	0.373345411118163	0.451333818318943	0.570374713697461	0.387497622838114	0.29842394930046	0.249694406951106	0.147430462106102	-0.0207040170165998	0.588350385511537	0.404651212940482	0.149144314785831	0.230541801054346	0.485720783731144	0.0291907420521275	0.432894536474606	0.426979949470987	0.136597660967086	0.112316564415289	0.307941965161545	0.278468831581344	0.0133026323074913	0.0771589243711379	0.433391902753393	-0.0360626418773413	0.208020965808746	-0.102127919681656	0.157725290393574	0.12721200765292	0.0691155202343687	0.203546516988561	0.352508352568004
CD3D	0.192031570027458	0.722970379178208	0.581245668985856	1	0.540194766714071	0.569012608037401	0.885400946212515	0.382336479113025	0.627494682598736	0.604461027991937	0.245119752653583	0.141833883730121	0.803016176519201	0.303453871854161	0.259092179752122	0.476026661028185	0.537667254874588	-0.0297872325739717	0.465989495397635	0.432433520523407	0.474052175442207	0.165202215133856	-0.0652226959184544	0.677769386073667	0.335693647799984	0.472424329794136	0.60680829225411	0.17897906370325	-0.00447938692489927	0.432091707904847	0.0959693895090012	0.0210112806909633	0.0633475851638683	0.759089797066572	0.13798399919403	0.161494361617886	0.1190507714813	-0.00840144640247954	0.0233443402722244	0.563575962393905	0.51433257508968	0.00599811208586608	0.0453391353521555	0.300497329953526	0.59263111147986	-0.031687607850622	-0.0138913908011451	-0.153351891346174	-0.162866484391649	-0.324226433796969	0.0546527415214495	0.707499464428056	-0.278670504313687	-0.190919031382602	0.0890362899478903	-0.383592880158898	0.0973544489628172	0.296308222151613	-0.324074381566292	-0.259474049289709	-0.14031005074505	0.00699595180091672	-0.326499595473507	-0.298098805104513	0.135428878048534	-0.343442740130259	-0.11933835415618	-0.378302016647362	-0.078040571739073	-0.171451119396769	-0.265034065075306	-0.232747268471508	0.121606526520066
CD8A	0.00794692025937421	0.478427541377069	0.632975796409419	0.540194766714071	1	0.504672701434151	0.439270988827118	0.35459002385695	0.327105175279267	0.752747354702585	-0.0635521639888449	0.52337386572311	0.461310426971453	0.455811664624133	0.444866659634154	0.604355119902857	-0.127610090411464	-0.452452182118468	0.302124570927706	0.039960462155365	-0.0312834589377726	-0.263176070337049	-0.116540712007458	0.467302776280563	0.309296272355362	-0.0378646543316309	0.633621420218278	0.120343256915944	-0.134224503603738	0.10089574850191	-0.0575445040418982	-0.574736999627308	0.140060022701888	0.416469190642383	-0.401681187792647	0.060281902196658	-0.316563441840162	-0.295473627904414	-0.0244544140464936	0.427642283082181	0.231884731723958	0.258102615767592	-0.277698500487209	0.747611298926912	0.466025459415855	-0.106191975170574	-0.095595242441685	-0.197333956905524	0.0133347972250789	-0.327618706635471	0.492217491524304	0.604678271857859	-0.109297432930255	-0.216195912755424	0.474155134189083	-0.184389213873044	-0.135825811065703	0.0288227891678702	-0.133229113747124	-0.123385435737364	-0.163089490856701	-0.287963857235636	-0.171487435530437	-0.120726461220519	-0.0967001241829382	-0.144792090328651	-0.263855020756206	-0.171633232652189	-0.131691109593545	-0.168597031856788	-0.24666474044088	-0.158169156614597	-0.188727644969475
ITGA4	0.398992085059054	0.705280451304988	0.70724799419844	0.569012608037401	0.504672701434151	1	0.533173451527401	0.608473885654464	0.587868282091485	0.612274212112146	0.275402928311151	0.260637933774319	0.634219889481454	0.312098667138466	0.335606809468611	0.592613299550864	0.351777620134059	-0.121081889693383	0.677051810908871	0.270335883451878	0.284001364999988	0.246244032595543	0.216169980706987	0.268008732210785	0.406213020963937	0.269953955305063	0.595002488608689	0.485800084610213	0.426872440075337	0.509634328771248	0.269688557899234	-0.247561609435992	0.402024931752532	0.506473229920167	0.080298087991244	0.0641795684564078	0.351670109998978	0.3381269480025	0.218393785597227	0.344222815502987	0.305920529444383	0.359541667422395	0.418393515637633	0.414630261669219	0.449791947233786	0.423167858055808	0.272948075235237	0.201285514018328	0.164701840912596	-0.0766280481760474	0.390472204586291	0.4005750674225	0.12578046167209	0.21624081239661	0.262627211747011	-0.0454603014663539	0.270993264323181	0.236617966368782	0.0603520017589529	0.0645442306008339	0.32614704029136	0.359522894362892	-0.0374592261122513	0.0749527341854056	0.306707091138661	-0.00119723240992354	0.285589246717459	-0.0733559831691909	0.217723957144965	0.229167852089828	0.142317144816717	0.148939072262174	0.515949445146337
CD2	0.321616749196866	0.800755947647188	0.591425870299905	0.885400946212515	0.439270988827118	0.533173451527401	1	0.429033356404717	0.706098871537724	0.649743557834234	0.211998263694665	0.0699042572506313	0.867566949717176	0.162092792272736	0.327246954684934	0.470065125585971	0.566479235186048	-0.0755371883177781	0.552895490186869	0.537212958828234	0.475032975129889	0.222626078766632	0.00149989243040321	0.595348762708648	0.444840011442708	0.567373383784671	0.600859949139112	0.404879578542618	0.147725445642274	0.430222096632633	0.168992791875539	0.0604576683407336	0.214480011683465	0.702776817369918	0.198664693604355	0.170104720525667	0.135783898159389	-0.0114228498068954	0.246519552884389	0.538755703416484	0.358850730291683	0.0701828752225962	0.117904875657196	0.285709461254262	0.556773883671221	0.0413688149843294	0.0547978288534696	-0.0411687246892034	-0.069323633319557	-0.207394341517195	0.123775669524329	0.503963669591695	-0.157610127877629	-0.0697975038044121	0.240839140002067	-0.280339095675091	0.260447508078393	0.429608736335355	-0.246868676880987	-0.170913130810436	-0.032877623330579	0.137375936540979	-0.220644047782072	-0.25919161447695	0.248099257767577	-0.284275723885666	0.000347651425174501	-0.331088454156195	0.0477181665255495	-0.106382535108561	-0.17928797650094	-0.132055624850848	0.169400104601286
CXCR4	0.248045826806632	0.695182342752978	0.704275293240489	0.382336479113025	0.35459002385695	0.608473885654464	0.429033356404717	1	0.360175992157182	0.436759313509591	0.731800988935134	0.209570614829749	0.60424429223466	0.204693520175895	0.337419075033639	0.597221239077261	0.380411238159266	0.225186986556283	0.530585390337262	0.221793881545245	0.395264838550594	0.120496140418642	0.593578311163881	0.0360592387404092	0.301990464297243	0.343103689304651	0.590008760371358	0.36532411747521	0.184441344463917	0.356019760715882	-0.0224260499238383	-0.183058948930672	0.443269742248492	0.388583939471932	0.320948458701424	-0.178015856152822	0.197535831358225	0.00847907843399337	0.275850314604074	0.218759710234104	-0.0132365985837641	0.198402814793045	0.251572496990946	0.39852908693172	0.237436765605454	0.284840257235739	0.145964669486397	0.234105768750486	0.058752925762613	0.012254299492911	0.520183112735107	0.133694188821141	0.00284221826139156	0.113096800610824	0.237775960957575	-0.0127037470255045	0.30646597085689	0.692334670266302	0.0590413108056406	0.0526133524406467	0.222945233785231	0.20754097228161	0.00922636790786113	-0.0338876132447155	0.248024104219132	-0.0428059457043972	0.0859196524055508	-0.125763691536756	0.0417797501801724	-0.0921781010310339	-0.0897309096829547	-0.0474009522369086	0.252460304335387
IL2RG	0.666732492132793	0.626963409827631	0.611039638294403	0.627494682598736	0.327105175279267	0.587868282091485	0.706098871537724	0.360175992157182	1	0.48468664550761	-0.00864733287077563	0.299297417075261	0.707301579103388	0.232523829198768	0.613426414865098	0.266046918368296	0.351521495904289	-0.13478783200461	0.737502565613144	0.226155684133717	0.24377898657223	0.615251063428827	0.0749449708091112	0.652137354288138	0.588877894290649	0.50760627748112	0.610127246750561	0.532212376160159	0.434233728059582	0.56998163414017	0.518895677268899	0.139378761267187	0.297568480232907	0.697346063441911	0.365203475115189	0.547937944618105	0.542615197726444	0.446739365213855	0.367857341282894	0.248123268060597	0.539975352605064	0.338230781745497	0.484664048072257	0.230566592446471	0.626631432249819	0.366307990284558	0.299840466046349	0.136220373951114	0.0581110021088469	-0.0336409450611493	0.220076956136556	0.1985565542287	0.0923494379820726	0.136157443625055	0.328709768504443	-0.137139085608299	0.563906535792414	0.195829332517181	-0.0553805470605305	-0.0197020412312779	0.273167950662674	0.319564792004271	-0.104423914969168	-0.0306439097632876	0.361756157169652	-0.089702890482782	0.245343094536817	-0.151407328394199	0.180170168706775	0.200959636999318	0.0861868986605699	0.185729653441295	0.458069283750234
CD8B	0.165013837059288	0.620037229426699	0.581627401541834	0.604461027991937	0.752747354702585	0.612274212112146	0.649743557834234	0.436759313509591	0.48468664550761	1	-0.047066605324797	0.457023239903158	0.540177204041236	0.530510419658453	0.349670270366292	0.689747193295355	0.0633812708775542	-0.388475662719161	0.474424792221073	0.34519104691301	0.232115840261494	-0.111012063554029	-0.0480125475130811	0.370905978042588	0.505695866327467	0.0198758933446539	0.635519065897797	0.461063196670958	0.115953617401361	0.0762084289450311	-0.0476107268246775	-0.433718293363497	0.355962264072618	0.473604026282496	-0.293832512890441	-0.0329762390994124	-0.209794469251554	-0.177856052277845	0.145647558941573	0.267416713094927	0.342763133058733	0.277039043461758	-0.118884985370067	0.749441596139501	0.285145756005789	0.0394736222274848	0.0770797946521967	-0.0410139252468365	0.107962151071105	-0.18584270665222	0.473085641394022	0.53723536644129	0.012223831720515	-0.0564395838514693	0.383633796550376	-0.0958170293208221	0.0898043323627015	0.0636634868092642	-0.0708681494555017	0.0394108153968866	0.00509525383048992	0.0253354436714375	-0.0648135002362958	-0.0687714687157258	0.076624189379079	-0.0725290753140875	-0.0315875098435052	-0.117292872213608	0.123842127595994	-0.0545732965965155	-0.103521658714255	-0.0646480243104711	0.0294384928019985
CD69	-0.087964881530429	0.398732956115818	0.297303886825074	0.245119752653583	-0.0635521639888449	0.275402928311151	0.211998263694665	0.731800988935134	-0.00864733287077563	-0.047066605324797	1	-0.122742132826802	0.386845240365591	-0.0397635570399836	0.0279630237303894	0.300846030369398	0.53821486014283	0.512265471050738	0.110841876773058	0.188417589914216	0.414673299732563	0.00933791680198827	0.51843819784008	-0.215885460056921	-0.0975694411950244	0.396664152304236	0.159294603771154	-0.0653120094279369	-0.120174156424349	0.224784350986464	-0.183546441394137	0.105642992831166	0.0282473907047213	0.245021946844852	0.511461827083577	-0.370770022248835	0.149415957353461	-0.102778963726995	-0.0409487607936352	0.215839674727372	-0.159295325987402	-0.258980134399663	0.0898855800676605	-0.0118629525388577	0.0172094484017355	-0.0473507675582728	-0.13395289712996	-0.0104270657203854	-0.252609555969483	-0.119806918822496	0.0500480123676917	0.0587337616228954	-0.286135573940333	-0.0719837905036427	-0.153446479078833	-0.161172152458936	0.0107953449338271	0.70003253893112	-0.152007709248737	-0.21168013827341	-0.107750107439576	0.0569824412490099	-0.196254935227113	-0.266177936927443	0.062404788035551	-0.232649021990643	-0.0995967305294818	-0.294932406938388	-0.153524715978602	-0.312527022712022	-0.279532299973684	-0.311675685843987	0.0892383212507229
KLRD1	-0.00994365998535338	0.061424016016603	0.282693799023373	0.141833883730121	0.52337386572311	0.260637933774319	0.0699042572506313	0.209570614829749	0.299297417075261	0.457023239903158	-0.122742132826802	1	-0.031158389970148	0.728149046017137	0.678220072730951	0.480626757109149	-0.351848386420612	-0.161001162767256	0.140756003546883	-0.194342196103429	-0.0714218545933867	-0.102253372564982	-0.0509305550025084	0.230617141698685	0.240882949408828	-0.275890146977506	0.367192736240202	0.0520879467333726	-0.145833308980467	-0.18091404562575	-0.120969172917417	-0.374778270466492	0.0349241551659867	0.232363302265981	-0.115753001239822	0.00768373943666989	-0.238670791146267	-0.185494988350911	-0.150523871179167	-0.0284346664518419	0.196619862637886	0.160996582348105	-0.256745468647057	0.577434961989012	0.177717448605934	-0.0807555792674551	-0.0730304387229962	-0.255921183524395	-0.033114537852266	-0.284566667834618	0.259426517387769	0.135827752123761	-0.131225111394807	-0.221236300253595	0.267460089701401	-0.139482136147392	-0.123009597414708	-0.258519792187468	-0.101676542103704	-0.104295678373779	-0.148809561497561	-0.261679030160865	-0.171160943225491	-0.115019698646333	-0.209998673461459	-0.133480301259065	-0.25973052140321	-0.130801946020787	-0.125698747531449	-0.154190597624879	-0.231482505879072	-0.138897709873574	-0.210003723234972
CD3G	0.425585003019041	0.859647517700554	0.726383495190467	0.803016176519201	0.461310426971453	0.634219889481454	0.867566949717176	0.60424429223466	0.707301579103388	0.540177204041236	0.386845240365591	-0.031158389970148	1	0.0291136039263774	0.310996262068685	0.468463397285007	0.609176283231428	-0.0489112118973362	0.677757838892094	0.509907042960444	0.444233533095581	0.301776558071739	0.19570636023398	0.508819456422352	0.43060322306647	0.652526243442578	0.710262539701679	0.43223560665959	0.260458339809637	0.621209557187087	0.258831569106412	0.0759899630840424	0.307594759295751	0.70431970613391	0.258320020672662	0.225878026977274	0.30187895338265	0.124514390830276	0.329327363653259	0.563614112034044	0.338001689106517	0.165391576060031	0.285927776053038	0.224983315032068	0.576706448536391	0.166793232867761	0.138506066665525	0.10522346146279	-0.0291531121117354	-0.100810267612386	0.263409477463216	0.444790053305911	-0.072236791801714	0.0555034474247513	0.318703995680073	-0.209926938380786	0.353174646851444	0.609386748577333	-0.152512815934126	-0.119739106170785	0.0973912566576725	0.205685107021486	-0.149776464154062	-0.167619246939203	0.347468420467226	-0.220586937523704	0.0941837348885747	-0.282579649072756	0.0808234296105093	-0.0189142424923045	-0.0862424722233764	-0.0373059362765064	0.319994336612129
KLRC1	-0.0759994374759275	0.174891210830029	0.19955971760661	0.303453871854161	0.455811664624133	0.312098667138466	0.162092792272736	0.204693520175895	0.232523829198768	0.530510419658453	-0.0397635570399836	0.728149046017137	0.0291136039263774	1	0.359403834667166	0.408145792056941	-0.20269565367321	-0.139555175456138	0.0581590572730055	-0.0705224412362684	0.0417401781399042	-0.0899665122833008	-0.156831890649988	0.242225920830064	0.248053167410567	-0.12270643951301	0.281454247696212	-0.0384144446130443	-0.186869404449446	-0.114900263081304	-0.291671291370592	-0.277185947234942	-0.0357324320863605	0.316653952710389	-0.118802201981402	-0.162984281373678	-0.21905211400664	-0.152550584476929	-0.206092517935518	0.0590851018606711	0.254297770843335	-0.0224670042830639	-0.270549845792925	0.46128779758652	0.0254975058665396	-0.111706653665499	-0.127855674668782	-0.292861453887359	-0.156897448841384	-0.337484779323802	0.14658425925134	0.230526590480311	-0.262627921712974	-0.343256502666972	0.016621347885042	-0.257176008970389	-0.184960445469764	-0.345621539614539	-0.224037854831118	-0.163206123229492	-0.210844129856316	-0.289746342100236	-0.277805947018356	-0.21156144077764	-0.337494782320441	-0.211267952451302	-0.279475546640327	-0.212728113078988	-0.15273594510341	-0.21999928677593	-0.284428723141469	-0.281939585944097	-0.178389222415931
CD247	0.264291612101308	0.321627778850619	0.507139843213755	0.259092179752122	0.444866659634154	0.335606809468611	0.327246954684934	0.337419075033639	0.613426414865098	0.349670270366292	0.0279630237303894	0.678220072730951	0.310996262068685	0.359403834667166	1	0.331930052645425	-0.0854319855047662	-0.113264404043572	0.378453124060671	-0.225543172066043	-0.130267436327154	0.292792676378833	0.0371086758867562	0.41140089961512	0.337526168204633	0.174233113417024	0.420366364527257	0.187593695717886	-0.0103007609710638	0.126677924105439	0.312350153197357	-0.19878872155025	0.0128878462136717	0.453473658117188	0.269295663018888	0.348633814905216	0.17603302592532	0.0640781020581032	0.0440367702778617	0.0881916668489687	0.214687750459465	0.224918478422711	0.0884782461521714	0.401564830916679	0.537454460638985	0.0969349814439117	-0.0836426792608521	-0.174233586205949	-0.0824542631819213	-0.257996257465327	0.290182426577181	-0.0256081247268382	-0.11069714744946	-0.0904549112453135	0.316222778201316	-0.209880633112103	0.195510423727108	0.0444425875610168	-0.130825204461653	-0.196339436773601	-0.0257886098406176	-0.0781150036050604	-0.246036210618671	-0.18622956662599	0.0439497956108272	-0.198871750334272	-0.11115105765968	-0.238714250257614	-0.135126099030963	-0.10793073668074	-0.201655054579497	-0.0772693852788576	0.0100428498313778
ITGAL	-0.0155907283801247	0.610363781314523	0.493948788842696	0.476026661028185	0.604355119902857	0.592613299550864	0.470065125585971	0.597221239077261	0.266046918368296	0.689747193295355	0.300846030369398	0.480626757109149	0.468463397285007	0.408145792056941	0.331930052645425	1	0.117863591545448	0.0354428685592075	0.401715565277854	0.259855819391375	0.230457894805883	-0.215188301824486	0.1751253326357	0.0630593013422694	0.225652522382425	0.056507412490356	0.604459732053885	0.242618545581247	0.0247459068801556	0.12363372918192	-0.262846485160307	-0.504004523307057	0.377110469047319	0.276037530738278	-0.231046097527828	-0.31550248038137	-0.311915482426259	-0.320011497425385	0.0585137655346121	0.253390951985717	0.00634935431876197	0.214268199530884	-0.20907211733915	0.564725469192408	0.190447965629619	-0.0594122173369429	0.0373907753218328	-0.0151196061110762	0.160619326655883	-0.149559960266261	0.524821761098598	0.440286892688691	-0.0158437291505966	-0.0748968290726894	0.244484778166191	-0.0218330852812477	-0.108166755614846	0.284624780916932	-0.0137925968281392	0.0349273102178306	-0.0415672375817613	-0.0295154164791519	0.0104130907067982	-0.0201264619180419	0.0415766436836605	0.00303834280453525	-0.101671367005213	-0.0456285226694811	0.0199299884528636	-0.120179891920943	-0.137966895744728	-0.139642664569205	0.0130626467274835
ICOS	0.195089351307039	0.51691823242519	0.223880496552403	0.537667254874588	-0.127610090411464	0.351777620134059	0.566479235186048	0.380411238159266	0.351521495904289	0.0633812708775542	0.53821486014283	-0.351848386420612	0.609176283231428	-0.20269565367321	-0.0854319855047662	0.117863591545448	1	0.357507039718131	0.277403314720685	0.572347445355756	0.34061212350751	0.342350289284082	0.101567746486682	0.0328533594803578	-0.0747847718381974	0.670364547414644	0.291438855665621	0.212587543270665	0.136576865280018	0.554891576732005	0.138029144401484	0.293510597300551	0.121923669538131	0.474131167553316	0.578432431359745	-0.0204248044304359	0.399253960159905	0.194215482411545	0.119831638450109	0.289075372799121	0.0407878043941046	-0.146242514389028	0.34671261343557	-0.209385901536157	0.306464228949845	0.107317859215538	0.0528028941757034	0.136667604306711	-0.0520151340503945	-0.0345092131043012	-0.102625216704286	0.205365949401842	-0.130549528656309	0.116446511576196	-0.144375118490491	-0.149442761802729	0.27629233330507	0.585640752437787	-0.151172769846156	-0.0998706557551382	0.0618123835825294	0.308169998206649	-0.105124448972684	-0.162110500996423	0.340548574572254	-0.15814744797582	0.136996213725487	-0.208052403362597	0.0444638678988552	-0.0590941571380894	-0.0453589943136246	-0.1204803761506	0.341715276874686
CD226	-0.141776465067132	-0.0665818206026064	-0.128592467478686	-0.0297872325739717	-0.452452182118468	-0.121081889693383	-0.0755371883177781	0.225186986556283	-0.13478783200461	-0.388475662719161	0.512265471050738	-0.161001162767256	-0.0489112118973362	-0.139555175456138	-0.113264404043572	0.0354428685592075	0.357507039718131	1	-0.202020490770451	0.00555159382743717	0.10262400669368	0.117773409829554	0.160794515776189	-0.300933364876749	-0.39967670093914	0.286306141283376	-0.0677848098426699	-0.326971305957257	-0.0860003644102924	0.150642384184632	-0.176307885340241	0.224405756054193	-0.127864429868014	-0.0603965485674367	0.432832135683478	-0.340496411341794	0.197890334638986	-0.0124176830704413	-0.19819067004143	-0.160673819468256	-0.27704185313073	-0.304712097098878	0.109317806444852	-0.359046991889613	-0.165709887300317	-0.0624262179714464	-0.0507055404705338	0.0372849246672053	-0.109962292977414	0.00743088295472	-0.187089543133959	-0.0969605101977184	-0.185905160948551	0.00861527454009091	-0.479413790297914	-0.0154091572659616	0.00132877163489001	0.371918452899429	-0.0500040749807172	-0.0804374032575859	-0.0559716949405898	0.080036210186058	-0.0516835847028241	-0.0924190439418127	0.0134278682928607	-0.0788693018366091	-0.0280486776513408	-0.0778286065407741	-0.160563065157088	-0.156324994734978	-0.0954879468998882	-0.149935130131601	0.0752436663590695
SPN	0.707306660660619	0.718282049566145	0.70356975209054	0.465989495397635	0.302124570927706	0.677051810908871	0.552895490186869	0.530585390337262	0.737502565613144	0.474424792221073	0.110841876773058	0.140756003546883	0.677757838892094	0.0581590572730055	0.378453124060671	0.401715565277854	0.277403314720685	-0.202020490770451	1	0.29627216147944	0.398127760566134	0.551321182576637	0.483416330026622	0.421322629393609	0.593319716291108	0.329831890185841	0.616371836095544	0.737217460969496	0.650307722137017	0.463769345567215	0.533340563811812	0.0771082803941636	0.68108868169649	0.461741231307895	0.194909841726624	0.378187198098383	0.499718267618509	0.485794214163707	0.630582521492278	0.277818313564362	0.397575353147746	0.626249321491454	0.620004928744233	0.166645965157695	0.476499821366784	0.653248826775519	0.608497327115452	0.517014401297974	0.407079805360168	0.312672712790166	0.489751903234793	0.141228218999631	0.433064500953349	0.399781802829538	0.429318010943725	0.237619724089666	0.632630569842386	0.336027890860966	0.365293942431493	0.362899092161894	0.621661754810537	0.533806884854287	0.24882993600535	0.32883641755617	0.621745318340253	0.230877963334778	0.480996653828662	0.165342713123441	0.396235018431403	0.385336945524017	0.340869502449091	0.450311318060107	0.586815646889048
CTLA4	0.142261553960686	0.45536150071172	0.176225751508626	0.432433520523407	0.039960462155365	0.270335883451878	0.537212958828234	0.221793881545245	0.226155684133717	0.34519104691301	0.188417589914216	-0.194342196103429	0.509907042960444	-0.0705224412362684	-0.225543172066043	0.259855819391375	0.572347445355756	0.00555159382743717	0.29627216147944	1	0.515151274932019	0.0512390690825459	0.0786020590500157	0.0151519883337599	0.0965670943138733	0.2966587240168	0.362805470739999	0.48904047417318	0.267484332487012	0.195601629869623	-0.115713513989341	0.238806626514125	0.400271108573419	0.229298452623977	-0.0134800809828884	-0.0858035397606351	-0.0313997886262911	-0.0336675873534357	0.307227377912139	0.391045143427244	0.222920655245134	-0.0168845932149314	0.0627443618819337	0.0598054778752063	-0.0429366174829285	0.0123741036500373	0.139130629740341	0.147445335200354	0.0495742703740847	0.0321640297804346	0.0482138323208311	0.267346692327392	0.013552275968664	0.0914542233206454	0.157913035075907	-0.0404343738064857	0.205391588165355	0.372793417746526	-0.0785346123412213	0.0451830292424794	0.0355159374879489	0.252710781205907	0.0222275982937546	-0.0847772419652463	0.319606531715819	-0.102673988385527	0.139808400681104	-0.113309855055173	0.295471915102571	0.0252707974646031	0.0517381492217148	-0.0212768110155475	0.195669094853057
CD28	0.183171443626315	0.434376777080227	0.308701343334388	0.474052175442207	-0.0312834589377726	0.284001364999988	0.475032975129889	0.395264838550594	0.24377898657223	0.232115840261494	0.414673299732563	-0.0714218545933867	0.444233533095581	0.0417401781399042	-0.130267436327154	0.230457894805883	0.34061212350751	0.10262400669368	0.398127760566134	0.515151274932019	1	0.0846876721531923	0.413461311388007	0.246921397340146	0.425009941924901	0.138433854151109	0.203673443150997	0.349600825389482	0.241947050121018	0.0495449294440233	-0.0380457804908262	0.321469988582809	0.300546761697613	0.284332941136943	0.162060342670587	-0.073693864837322	0.0953372828605213	0.0816595516571659	0.288758114571312	0.426210411268586	0.322129298359445	0.0016065360921261	0.140662395921402	0.0453400138942722	0.0270925529428312	0.0847492116779018	0.244871223821448	0.152698365521578	-0.0441044071556932	0.0855350729959243	-0.0200545400602689	0.250879434917156	-0.0122365533235537	0.0946502338237977	0.017782120393479	-0.0243070657263872	0.188822363560614	0.393599996979154	-0.00846301176275515	0.0428608808286139	0.0879204679011415	0.281711039436898	0.0275486242213903	-0.0330246881317596	0.285368600259555	-0.126120730754356	0.140291258482631	-0.104827009426615	0.218011315331993	0.0342944310149941	0.00584306113560336	0.0305492630075063	0.205855050942613
CD47	0.662024907025685	0.319945265202711	0.254242573177883	0.165202215133856	-0.263176070337049	0.246244032595543	0.222626078766632	0.120496140418642	0.615251063428827	-0.111012063554029	0.00933791680198827	-0.102253372564982	0.301776558071739	-0.0899665122833008	0.292792676378833	-0.215188301824486	0.342350289284082	0.117773409829554	0.551321182576637	0.0512390690825459	0.0846876721531923	1	0.312870796004876	0.27451053952125	0.252139142970153	0.556880401059924	0.202358467184828	0.409581059295354	0.564770727420054	0.448377928873181	0.75278033883049	0.530681742673342	0.259641351764637	0.352381499476983	0.641175515062879	0.613011987638954	0.83642212869393	0.769347461044092	0.479124743706843	-0.030254953171451	0.327844633795436	0.360050738021235	0.792421587181534	-0.367446696549498	0.336435878771269	0.649960620502841	0.514993589972453	0.426421357005587	0.20368699992879	0.344442533123693	0.0334161447932228	-0.250134384483027	0.326935573153878	0.450412249847446	0.079696909499251	0.142783736458238	0.685387176267535	0.103226189797854	0.261068736688873	0.238075739135593	0.575421170808879	0.582200161575306	0.134638678538831	0.247205659420137	0.536336626376365	0.151138706227355	0.552555508106606	0.12023661433588	0.363936460213417	0.434725233573604	0.422445131487231	0.461594478147799	0.660398334406233
PTGER4	0.260369865539768	0.364404619328261	0.343756037129331	-0.0652226959184544	-0.116540712007458	0.216169980706987	0.00149989243040321	0.593578311163881	0.0749449708091112	-0.0480125475130811	0.51843819784008	-0.0509305550025084	0.19570636023398	-0.156831890649988	0.0371086758867562	0.1751253326357	0.101567746486682	0.160794515776189	0.483416330026622	0.0786020590500157	0.413461311388007	0.312870796004876	1	-0.11886511973503	0.223995166952974	0.172641408173873	0.123244617779205	0.342336275193244	0.350890898451453	0.0719806359049756	0.22479528307055	0.265688106356472	0.466039154624271	-0.0314061107959954	0.357282860884286	0.00353877729043505	0.318905535424706	0.230693412202296	0.433113993032798	0.096873410868442	-0.0764674693384727	0.397163970461551	0.423790693996339	-0.0482394008030631	-0.00325979198068169	0.517665631876874	0.513866392199994	0.494919955687484	0.33724600196637	0.466127245757018	0.321302960621267	-0.249924847550444	0.361016197234306	0.291021163274389	0.131562183014368	0.426433852599821	0.386901358566423	0.487658374069172	0.532814888275905	0.409484828748165	0.526373978765112	0.357250869953459	0.354165885358704	0.380958470281987	0.394764031181358	0.333116326752196	0.293394661221164	0.277337243845816	0.227181963928893	0.134704025155913	0.216202064102464	0.2871065644365	0.330782161522766
CD27	0.411008782204477	0.37526482473139	0.484962409793045	0.677769386073667	0.467302776280563	0.268008732210785	0.595348762708648	0.0360592387404092	0.652137354288138	0.370905978042588	-0.215885460056921	0.230617141698685	0.508819456422352	0.242225920830064	0.41140089961512	0.0630593013422694	0.0328533594803578	-0.300933364876749	0.421322629393609	0.0151519883337599	0.246921397340146	0.27451053952125	-0.11886511973503	1	0.519662901111577	0.215471369672273	0.409641348344835	0.144847414544766	0.0719239912818265	0.333450092330859	0.33169646265201	0.108061158673402	-0.0258784255814151	0.511609886563953	0.0344976422804713	0.553197644995841	0.238920307335279	0.180555146846773	0.0886558793027693	0.423008968426695	0.658309680028018	0.167116437873875	0.133006460678808	0.181196794184381	0.710235524692572	0.0766076130694952	0.09945052729593	-0.150338540812712	-0.134120132783411	-0.219596722453443	-0.0337774739551562	0.422819222305631	-0.116039652077972	-0.126910484009731	0.196994160238054	-0.277876349166267	0.219288164294323	-0.0254249280360745	-0.177222389499849	-0.200279657607776	-0.0354072475535171	-0.0836932172175473	-0.282053842364046	-0.187458528489307	0.0681333676827936	-0.255303671128043	-0.0734750864465958	-0.27311308662217	-0.0998780255630727	-0.0272060692097827	-0.148603062529522	-0.016345514308564	0.0631530885581506
CXCR3	0.478462503332383	0.427830186525501	0.453896475178358	0.335693647799984	0.309296272355362	0.406213020963937	0.444840011442708	0.301990464297243	0.588877894290649	0.505695866327467	-0.0975694411950244	0.240882949408828	0.43060322306647	0.248053167410567	0.337526168204633	0.225652522382425	-0.0747847718381974	-0.39967670093914	0.593319716291108	0.0965670943138733	0.425009941924901	0.252139142970153	0.223995166952974	0.519662901111577	1	0.0366223700156428	0.327468902670642	0.560006259825321	0.41101800934753	0.1718375063689	0.280799590861406	0.0168945947473279	0.329998604537125	0.330143110959217	0.0182410275321091	0.312370837534399	0.210873040235731	0.248505275290807	0.407997708890205	0.14613818112075	0.379264973828067	0.303993093809166	0.24877257358579	0.314907109529847	0.259748094602575	0.245509590004543	0.278263161233832	0.0989335550575346	0.0306233798715678	0.0589988915962573	0.204520180594165	0.131321732372626	0.154674758209738	0.123209070397584	0.324734062706727	-0.0052549578054353	0.396633311626293	0.121547283800626	0.0407047551230274	0.0652819036760997	0.219299295121691	0.214744436025698	0.0069465319900508	0.0311754245241574	0.195594240075175	-0.0226386585121495	0.217318715115708	-0.0647159625842761	0.24184066671924	0.193534108960872	0.0978298439084293	0.197017558126014	0.268762184150374
CD6	0.268470495253741	0.583791246096903	0.335164946033153	0.472424329794136	-0.0378646543316309	0.269953955305063	0.567373383784671	0.343103689304651	0.50760627748112	0.0198758933446539	0.396664152304236	-0.275890146977506	0.652526243442578	-0.12270643951301	0.174233113417024	0.056507412490356	0.670364547414644	0.286306141283376	0.329831890185841	0.2966587240168	0.138433854151109	0.556880401059924	0.172641408173873	0.215471369672273	0.0366223700156428	1	0.283545264319404	0.111238296335876	0.149095925579205	0.585792903624041	0.320145013738694	0.449563187439337	0.0275505910604809	0.577018352594379	0.609327442778242	0.246872939483248	0.497324435749364	0.239487132668444	0.215275123553822	0.330398220301713	0.00791262852345349	-0.0267529573518996	0.382294069041138	-0.203322212936747	0.344416925514589	0.196021327585167	0.0661601370730159	0.113509290181211	-0.0997641952770543	0.000667560067965032	-0.0255247470746163	-0.0293489896929749	-0.143539966088929	-0.00870526253586922	-0.00399697965059492	-0.178035353696905	0.32966758693043	0.504553223834915	-0.144758558168515	-0.133657200088964	0.111757997100611	0.18472318187725	-0.14033016462714	-0.14724174165989	0.248258523398922	-0.204916662048337	0.0841186090690969	-0.229765849955891	-0.00311641816119191	-0.0544481820224966	-0.0694776173532348	-0.070648073953835	0.301872218528877
ADGRE5	0.451016660487059	0.67406241971203	0.715148305666155	0.60680829225411	0.633621420218278	0.595002488608689	0.600859949139112	0.590008760371358	0.610127246750561	0.635519065897797	0.159294603771154	0.367192736240202	0.710262539701679	0.281454247696212	0.420366364527257	0.604459732053885	0.291438855665621	-0.0677848098426699	0.616371836095544	0.362805470739999	0.203673443150997	0.202358467184828	0.123244617779205	0.409641348344835	0.327468902670642	0.283545264319404	1	0.473297467263965	0.320592343883643	0.431685190069295	0.114197552618615	-0.283683505640219	0.51174500193122	0.487745870633475	0.00407452956355681	0.19184843107261	0.12074961873651	0.113824254417506	0.396184727122292	0.272018401348353	0.279904109370917	0.350619674340215	0.196698120514372	0.411097659510062	0.451353857424005	0.191423017104427	0.261632801254929	0.17122809056081	0.164535736597324	-0.0631099117300878	0.588496767851782	0.485632526440244	0.163185833711799	0.216061042925292	0.52922709801891	-0.0246090766775616	0.324156689039293	0.413373356759906	0.025648726074411	0.0822669450748982	0.18203845028825	0.259237035629546	0.00915458621730137	0.0104869573757249	0.401680263403682	-0.0202421932255622	0.232256373751414	-0.0944176267695318	0.29958709931732	0.208007074263494	0.150888614391628	0.159661143366551	0.346323178348134
SIGIRR	0.713747542440451	0.537456405737249	0.490519553589004	0.17897906370325	0.120343256915944	0.485800084610213	0.404879578542618	0.36532411747521	0.532212376160159	0.461063196670958	-0.0653120094279369	0.0520879467333726	0.43223560665959	-0.0384144446130443	0.187593695717886	0.242618545581247	0.212587543270665	-0.326971305957257	0.737217460969496	0.48904047417318	0.349600825389482	0.409581059295354	0.342336275193244	0.144847414544766	0.560006259825321	0.111238296335876	0.473297467263965	1	0.793799887530945	0.241125570852836	0.427205564435229	0.0118771614794233	0.808886343983688	0.222791178766165	0.0532874192362586	0.34865613802124	0.344767618792046	0.454754990522087	0.803927072842813	0.0672004364877373	0.25773600697583	0.613104532789651	0.560123204785874	0.17112266107164	0.133934218927941	0.598897845825552	0.6521541172676	0.606788803283864	0.487095035927624	0.429636141129542	0.530396123217104	-0.00714325005306444	0.623141240156455	0.613131172551756	0.594078037673113	0.400088742161195	0.700026173703837	0.237425042933908	0.434487982827436	0.519576734363832	0.651107318471769	0.690647594560993	0.414064270574798	0.386726155397142	0.723313593104163	0.319287244479799	0.665312582429408	0.269459354750924	0.668226320308687	0.556502821132137	0.546525398338344	0.603332671287692	0.628040482782798
ITGB1	0.808438250774416	0.331216345321117	0.335985443400988	-0.00447938692489927	-0.134224503603738	0.426872440075337	0.147725445642274	0.184441344463917	0.434233728059582	0.115953617401361	-0.120174156424349	-0.145833308980467	0.260458339809637	-0.186869404449446	-0.0103007609710638	0.0247459068801556	0.136576865280018	-0.0860003644102924	0.650307722137017	0.267484332487012	0.241947050121018	0.564770727420054	0.350890898451453	0.0719239912818265	0.41101800934753	0.149095925579205	0.320592343883643	0.793799887530945	1	0.373001700645383	0.547420805885679	0.141018530387328	0.729535739974161	0.0165676426483031	0.0933141907661888	0.368879917174351	0.597025874236571	0.751406178179204	0.802000421819734	-0.0350357687990237	0.165563008612622	0.592523950126623	0.783945122916184	-0.145778706286504	0.0697951002368919	0.684084046761341	0.784942676938294	0.726169623463933	0.526676914948237	0.54484279119465	0.377517583019686	-0.111633251817136	0.764743677586061	0.783810192051485	0.399058746545139	0.508322032885431	0.690199081107911	0.178204840029568	0.547945463292633	0.57740802257861	0.778446488205924	0.833887722765433	0.517094985145528	0.561968313766162	0.773596726355663	0.446823432474624	0.880007434253316	0.403397388454973	0.762498657581802	0.827859373829857	0.799749443928345	0.81660347759757	0.863738548702037
