""	SIGLEC10	CCR1	FPR1	CCRL2	C5AR1	TFRC	LILRB1	HLA.DPA1	CXCR4	TNFRSF1A	CD74	APLP2	CD86	CANX	AXL	TREM2	CD4	NOTCH4	PILRA	PLXNB2	HAVCR2	CD9	SORL1	GPNMB	ABCA1	TLR2	TLR4	TSPAN14	ADGRE2	SORT1	ITGB5	ENG	CD40	LPP	PTPRC	SIRPA	CD163	ADRB2	SCARF1	KCNQ1	P2RY12	CD81	IL6R	ITGAL	TNFRSF10D	RXRA	TREM1	SDC2	TLR7	UNC5B	ADCY7	KCNQ3	TLR1	INSR	TNFRSF14	LRP1	ITGB1	ADGRE5	ITGAV	ERAP1	PTGER4	CD33	MCFD2	CD69	FGFR1	PTPRA	SMAP1	SDC3	NCL	SLC16A1	NOTCH1	SCARB1	CADM1	PTPRZ1	THY1	C1QBP
SIGLEC10	1	0.80821898786302	0.894178760191355	0.812334205415861	0.817966006576811	0.760091822812035	0.942440274656937	0.670349381373979	0.842614349662554	0.928156969482667	0.786255280777321	0.877347858507901	0.930686409280814	0.831129804259928	0.965503624548792	0.931248168299293	0.952529497341767	0.779984950827278	0.938075242630817	0.872591823580915	0.954186302702299	0.76855631025499	0.941378222149758	0.527557297172911	0.910821378022913	0.898483958145938	0.853797840050929	0.924299829426179	0.892217916787451	0.870890166806053	0.935966789716495	0.919780940155538	0.81488122125298	0.840986840650624	0.93259615274431	0.944816928420944	0.585817643659744	0.846670242582814	0.837151516696519	0.81578682034377	0.891383043271197	0.905495145683699	0.872807836013163	0.829672950551279	0.625675974584572	0.888769797360433	0.652710655385311	0.875637590239907	0.85879015516358	0.862561879884812	0.823944886665031	0.790478802475169	0.889945658919605	0.643070287437763	0.87283034784384	0.83574519542738	0.861550455655468	0.813181905976762	0.800505165151112	0.704833083650964	0.869694618951893	0.896710192703129	0.812360109639175	0.704680261154512	0.752607830198455	0.50862665637794	0.639825432395114	0.688394241965402	0.702398947453969	0.528575904169777	0.269001546637963	0.771964788804332	0.162011531217243	-0.000298103208751483	-0.0328758204545712	0.729771655902301
CCR1	0.80821898786302	1	0.826469836687812	0.774366910059647	0.723355275843348	0.630351765264989	0.759360219941773	0.540894597570542	0.838086000176444	0.747974451132779	0.646581274704329	0.704563743372833	0.797816216587964	0.61675273172428	0.744164518596689	0.691700156213194	0.748852541679541	0.450454477665975	0.721594407927754	0.638736364066326	0.77632470903728	0.559654137668244	0.723953915187822	0.376649499641944	0.761052389644231	0.754102557527344	0.767532476989584	0.768556099120372	0.677121156837683	0.828511323351113	0.696659146282545	0.696331712743609	0.633333582528223	0.641208827311713	0.794548432545395	0.731872653339409	0.498687673777551	0.820082168415284	0.803799261595235	0.780377537664444	0.727315776904716	0.69067954136511	0.75471675176596	0.627899676117524	0.66779372337205	0.711714495643944	0.693920078555243	0.718368183958363	0.818945104159627	0.727431770146512	0.688114050954224	0.554509028970181	0.685792552706193	0.544657890371255	0.731279110794176	0.587952580492279	0.592908046765075	0.545068343291879	0.556330189473373	0.571224209109847	0.739218797173231	0.682488060958459	0.585869880420568	0.609103163264676	0.516405464520037	0.424927444772465	0.462235143757697	0.570284904951686	0.539887894590967	0.472089367807944	0.171435761415814	0.51897355510062	0.0192036093108622	-0.0757508630199046	-0.120864174026534	0.503199745095763
FPR1	0.894178760191355	0.826469836687812	1	0.87220344706303	0.915820627989843	0.748643116882151	0.81637144960125	0.457608826320903	0.904596132009413	0.812560677747683	0.608369669535547	0.782937968968713	0.869644239816763	0.681089318653266	0.864210225080978	0.801708682052132	0.822191470317046	0.662240514975256	0.818855210684072	0.752668806415779	0.877680650121605	0.593520079691967	0.876578623823558	0.277760904217448	0.881587253428394	0.910766581600662	0.736211455272572	0.870555597973455	0.810177318047915	0.899124676952932	0.795933322924876	0.851174742731386	0.778724123768169	0.66157365083153	0.828069708688831	0.813353787338155	0.392717800867636	0.811796997940832	0.861369103946832	0.802286379251641	0.902173154939429	0.748664462586924	0.909932271400764	0.675156688857107	0.718194593900505	0.80148825593953	0.818933318605007	0.875241694005461	0.850737233204968	0.821886314270383	0.791182730151822	0.680670908522996	0.823249446371908	0.533020745539045	0.746091110991114	0.669736992585795	0.692069645154459	0.740200932555533	0.731044916279646	0.613965451505421	0.845163792870458	0.756857957837479	0.675971650903556	0.778474231847032	0.668911402643632	0.443158467191091	0.480435615093851	0.573440144531984	0.662006949127453	0.578798551893853	0.259624391951458	0.625225921503727	0.0301858729808111	-0.0630300648686089	-0.0936077934626986	0.579005440186956
CCRL2	0.812334205415861	0.774366910059647	0.87220344706303	1	0.943501468871865	0.913111687504077	0.744714782090475	0.42457812622565	0.934231369772513	0.66436901610831	0.588267455378654	0.837641618871167	0.773907209811917	0.67662135884335	0.788647923974011	0.734502430532278	0.753831808611861	0.607513345961404	0.792439571661267	0.731297617837757	0.855095618946686	0.632810954907001	0.771895771858831	0.397896879786715	0.917344630557056	0.878569966966577	0.727528110532031	0.877108781093642	0.815789251404466	0.894322549750895	0.700799294534157	0.808190249444406	0.806251447423572	0.687197623977663	0.779629855917798	0.740230147170489	0.476431512839385	0.845733709265631	0.837995556047993	0.634232079145066	0.824676062381953	0.704800961528176	0.951519539363976	0.517399066221443	0.76864216663073	0.792647199414249	0.879193317095035	0.858179786242846	0.756669074550939	0.788849754921787	0.619464675260039	0.607492026757218	0.759441747488704	0.58873682732872	0.777199204791945	0.647825005441513	0.704633467206913	0.764740685271082	0.717715782505425	0.683167248999399	0.915186018250427	0.625845130842276	0.613518228593751	0.930186033788072	0.773080137941673	0.450732371125363	0.554922769090841	0.584650834364555	0.748106375764952	0.593204538683183	0.349710435686092	0.629917749439727	0.127925266555815	0.034223430987909	-0.022485506396403	0.537526919761903
C5AR1	0.817966006576811	0.723355275843348	0.915820627989843	0.943501468871865	1	0.851104069965913	0.754349278571019	0.356591607503938	0.936491675732527	0.658394388818965	0.534774755431583	0.79975415449378	0.75664938987565	0.652097710520205	0.800194662948802	0.722835359849896	0.732587318097509	0.650197547157212	0.786069899082446	0.708182578351872	0.828412228014881	0.553359703989198	0.83547295931597	0.267572256398572	0.90146624778139	0.929761508102296	0.66719999440063	0.877751215007782	0.787280611304192	0.896100367239457	0.705242973794776	0.856653499040176	0.855401030529283	0.623915702639654	0.758906162648948	0.740332661701039	0.387892370918458	0.795808877414657	0.8487481914672	0.701778981079114	0.885023198733322	0.682671655658409	0.941254863070436	0.56332205814538	0.702658163965448	0.80377763250738	0.91956310690266	0.909935824229819	0.739209236883681	0.776090352981929	0.672371431582475	0.613511622554044	0.788544131170291	0.561915207089436	0.743870705085421	0.64748820388628	0.657082002979203	0.806533428802404	0.72634385672387	0.595567208685045	0.887788087408249	0.602821151759163	0.628965602371706	0.916804662945292	0.75930237449825	0.431164096796423	0.500622652827479	0.537783582551193	0.744759222929726	0.616279836184182	0.344942079384752	0.61822273564923	0.0761660674868696	0.00577776457271389	-0.0341348535434694	0.533587758364367
TFRC	0.760091822812035	0.630351765264989	0.748643116882151	0.913111687504077	0.851104069965913	1	0.721252883779305	0.496452505269732	0.843454468090902	0.596111741781798	0.647797219129042	0.880241536271239	0.733599776990501	0.754130691951169	0.742507825372947	0.743297370730027	0.719708282839113	0.675168623634971	0.770039469011249	0.810778986310654	0.840244885626707	0.761901115586019	0.695633523631297	0.564349572374266	0.904132405514597	0.807008098344857	0.760744990209758	0.861634281244159	0.855578079781362	0.788860531209315	0.668097608317549	0.808049572528371	0.721511349275841	0.791281482927993	0.791681498211962	0.763157924001835	0.622504189780218	0.770363502518569	0.713621764256754	0.532260918541069	0.719099041777418	0.740042516841356	0.910006401134487	0.433091362044657	0.724266129542714	0.760916428525447	0.751934657897225	0.827074546775663	0.653336067087302	0.728615461500986	0.502226932075221	0.660486924070058	0.770524060843254	0.71687067051891	0.824762227037866	0.707257401626068	0.793101229244169	0.750002861448441	0.754576267266765	0.805994801946869	0.913847568810196	0.601964400874125	0.693167934019517	0.881959226370255	0.893209570612036	0.537878541741483	0.710925207241285	0.657053833664266	0.833248792702592	0.676992290286259	0.487536921208355	0.732690824759155	0.343165350451148	0.210444321434339	0.15473993724719	0.63019035455167
LILRB1	0.942440274656937	0.759360219941773	0.81637144960125	0.744714782090475	0.754349278571019	0.721252883779305	1	0.759033331628093	0.823821619276672	0.906659591207389	0.853220489900844	0.854566327054133	0.920104259975313	0.84314862144242	0.936965325717423	0.9281198401733	0.902955252093362	0.797139011188356	0.921955486629977	0.826255315262558	0.922185311193807	0.825713547070415	0.860574113611898	0.614078950157719	0.859370009154625	0.856057768703817	0.814866080718372	0.919903023865778	0.86829422777432	0.783702548550886	0.936025485346351	0.894991646153918	0.803831575809462	0.863217844825801	0.919480906042101	0.936587109862326	0.689746323159103	0.774309233315863	0.776421376355705	0.842796262852902	0.824147614697115	0.925472523097971	0.827836892285319	0.796779428692286	0.479537758656009	0.883835171035855	0.548575993339516	0.827485922450549	0.841616913443664	0.82983923197706	0.818041393591898	0.739279712705033	0.86680842832775	0.645560623348564	0.894473391859177	0.845681497589592	0.871312189423441	0.809122681883112	0.773960484486594	0.640763812330815	0.836182520162499	0.890844049909613	0.856453283311297	0.65321300285121	0.75127509376109	0.526235711162596	0.679894000796209	0.726643487473905	0.682408771498978	0.572900608949552	0.266518491353322	0.80749464019142	0.21109259791652	0.0313091557826107	0.0108847934460384	0.785640138183511
HLA-DPA1	0.670349381373979	0.540894597570542	0.457608826320903	0.42457812622565	0.356591607503938	0.496452505269732	0.759033331628093	1	0.544717780476188	0.721048806475401	0.976789618927071	0.657072246281834	0.762137056868235	0.744433356798407	0.720215647961022	0.764451906690355	0.760547453683262	0.674840092872946	0.768493568772596	0.65738500681849	0.690493056867246	0.846850639542122	0.558131394499101	0.845094077120716	0.600099668164433	0.534413679417138	0.741109767271953	0.690449899350756	0.68510747920983	0.432399527069566	0.725099158429741	0.611078103651307	0.476754015082149	0.778247146963709	0.79848005464174	0.760197090136275	0.918450054115085	0.569680018769115	0.40169038261904	0.518599289817466	0.487018369531764	0.858617603713924	0.499091858601477	0.553474789716293	0.204802012295891	0.666982282377268	0.140044062716754	0.51745097893718	0.530593228539155	0.462286996979819	0.603250598548454	0.622883998036222	0.650302633954382	0.614709209031455	0.814105378978806	0.694058339677913	0.810661257822105	0.532624511908877	0.516151497520671	0.517903931613774	0.614587825455711	0.729367201676867	0.709070117333635	0.341009278209814	0.490427491171563	0.46412522464932	0.74193747580688	0.659684745842004	0.501201873709401	0.364860189948536	0.181553966173667	0.650369011769838	0.316659327831193	0.0767143371732829	0.0700524099836018	0.70501889814371
CXCR4	0.842614349662554	0.838086000176444	0.904596132009413	0.934231369772513	0.936491675732527	0.843454468090902	0.823821619276672	0.544717780476188	1	0.728601946615746	0.694579497005452	0.833225603541724	0.830759265147491	0.706471120589275	0.831629351717458	0.767065056948478	0.786796320327337	0.648939064366687	0.833719830035745	0.709411323523025	0.851474346823929	0.669831180663864	0.818009320354665	0.448400999631087	0.903244676011936	0.905026965377204	0.76784663451088	0.928025946579378	0.804206068125616	0.914132911249943	0.735092164809329	0.8542778967609	0.806728406206847	0.724741531274098	0.849729536532527	0.791067317011667	0.563401256094226	0.844104374408264	0.849178930870555	0.777751666728779	0.831105550147765	0.76941667413981	0.92101494618261	0.609473751459827	0.681916944673547	0.823771421678128	0.8497283558285	0.882180938891676	0.779986889839644	0.777586469401838	0.695815437773133	0.587027286140129	0.808479374305355	0.645309927074195	0.844704886790675	0.695945529876929	0.719824215327704	0.775749639246504	0.684929492467278	0.598273380602659	0.912534619569518	0.671802313180334	0.684127621453066	0.872998765143021	0.733313388526677	0.493173106952872	0.590047993037751	0.63003267875716	0.731588285598179	0.632087618103589	0.314587647097319	0.642093723602343	0.113237744415176	0.00325680669279786	-0.0356860815526098	0.600770889764074
TNFRSF1A	0.928156969482667	0.747974451132779	0.812560677747683	0.66436901610831	0.658394388818965	0.596111741781798	0.906659591207389	0.721048806475401	0.728601946615746	1	0.793040668559274	0.774616702625593	0.898668258853796	0.757558108898919	0.90348731002637	0.88562764887991	0.921563813750929	0.768324841383408	0.852714380384608	0.813647188374145	0.899968694216019	0.71204780009318	0.85319117045322	0.508133131600702	0.818707367513927	0.819684709646882	0.825022951552014	0.816497111045583	0.851841684419083	0.759657902169477	0.912313406004624	0.836624978135557	0.686565580007019	0.784782531427543	0.880350875005746	0.901210588733017	0.567759258585396	0.795730072567369	0.755460881621361	0.758521457098714	0.815715582571876	0.8648269375359	0.738560887363858	0.78117574809898	0.557216166215903	0.808556619169127	0.479202876597895	0.715764576783362	0.866043537826951	0.806692960938071	0.868270481004399	0.778859612934702	0.863147004740343	0.544790076203722	0.792238576270344	0.763042748117599	0.817018119750527	0.714064377437784	0.740207112394097	0.634393702443822	0.767667780207686	0.889497247824359	0.755452924859628	0.554144008654991	0.608980386036501	0.44024897943476	0.574305931679894	0.650465153704582	0.564857296383778	0.456726639541969	0.166425961897102	0.724211418361367	0.126975345523613	-0.0546691694788054	-0.0776427062423979	0.689015970325572
CD74	0.786255280777321	0.646581274704329	0.608369669535547	0.588267455378654	0.534774755431583	0.647797219129042	0.853220489900844	0.976789618927071	0.694579497005452	0.793040668559274	1	0.775054832649095	0.84673631287622	0.824042257160875	0.820917365023512	0.846833307132796	0.846200801096515	0.748538029304008	0.863382074603542	0.75474499630257	0.806514694992538	0.897232125568005	0.681670870388438	0.835363007139475	0.743920504771779	0.677641076087036	0.825145035082457	0.818562054893498	0.796208782677015	0.584643696379542	0.809937988747205	0.741991261304566	0.614930098682257	0.856095741635775	0.891868588833037	0.853265708472103	0.924190492089448	0.683659022894341	0.547695541170813	0.62663554897434	0.625883605285593	0.925250968201524	0.65509801341365	0.621978902796302	0.341503895466822	0.766383899060582	0.32102759564341	0.662386301639547	0.642002213200727	0.585988660487191	0.673047306836085	0.694695978309477	0.760209962720859	0.694222061182532	0.902694524504698	0.779206392471404	0.879659349877436	0.662390309975919	0.628687390751491	0.622511397275421	0.754551615847044	0.793649465858104	0.789998358292702	0.506341338657276	0.624704682092898	0.521411156880188	0.791317880324328	0.724172564949494	0.624742680584248	0.475145700955485	0.2512800202497	0.733133312357127	0.319541845609566	0.0840639108958666	0.0692443901509106	0.762405248436874
APLP2	0.877347858507901	0.704563743372833	0.782937968968713	0.837641618871167	0.79975415449378	0.880241536271239	0.854566327054133	0.657072246281834	0.833225603541724	0.774616702625593	0.775054832649095	1	0.842412348066008	0.949398615106394	0.866989791542785	0.857391146637582	0.854789095092907	0.798176839700928	0.877887433761521	0.898270660157115	0.9025743264016	0.826855417819774	0.806938709832086	0.638009959658206	0.919556920540177	0.850604687504981	0.817527702005424	0.918092404067659	0.879222461132394	0.836237805421563	0.830735895742297	0.872980019588516	0.765031814239752	0.91295508418214	0.882691696949987	0.908715647346814	0.686993961718929	0.815171718842038	0.750030709307863	0.656567741730332	0.799094257879585	0.911345087684419	0.885072198870267	0.674193294679197	0.603753841758053	0.878064647929045	0.632383079505335	0.840435530559152	0.758841298199107	0.830351374722117	0.682050444433595	0.820480321374997	0.852257524022948	0.853472886176154	0.873496680264258	0.930989357978805	0.919544133023399	0.782941036502735	0.921641717120171	0.825066291308967	0.894678585694287	0.754212081019662	0.870929560435888	0.754557360362614	0.908103275377322	0.755006368446048	0.865690741561642	0.870892169051152	0.926109365346198	0.719395107838442	0.624097346598684	0.901683686184126	0.53818677554466	0.390427797898554	0.350714756186421	0.867328695699113
CD86	0.930686409280814	0.797816216587964	0.869644239816763	0.773907209811917	0.75664938987565	0.733599776990501	0.920104259975313	0.762137056868235	0.830759265147491	0.898668258853796	0.84673631287622	0.842412348066008	1	0.806678197950868	0.941908628656027	0.941512210155795	0.934540501490913	0.788882169105589	0.928225182842012	0.816467827334859	0.942500696292947	0.832488129534053	0.860504131053679	0.586736430913681	0.852317253273399	0.833011793091117	0.839506791550195	0.916799771637703	0.862341006807439	0.785232940338173	0.886417290740249	0.862208488545091	0.736659763271257	0.81436788748522	0.923373874681248	0.907457593971596	0.652937764688657	0.779162873108566	0.7592831786347	0.781202752677538	0.819776132750068	0.921948427719601	0.855989083115044	0.785746252152953	0.592120650560261	0.848713314066534	0.582804400634988	0.847384179680448	0.863549175835608	0.827143183679932	0.819775951862631	0.741293234486073	0.848186588167037	0.6212720803613	0.86571955395599	0.781292700492668	0.868726045188409	0.763532241135885	0.735866199814936	0.653090068986192	0.846392563294064	0.90666806646502	0.815025709694941	0.657088531072839	0.707154956611317	0.511608711506709	0.673849036434705	0.688058221485659	0.659484441327526	0.548627367651257	0.250042513164954	0.739264656905804	0.168473893084943	-0.00381242888695399	-0.0270057981391922	0.753066689544001
CANX	0.831129804259928	0.61675273172428	0.681089318653266	0.67662135884335	0.652097710520205	0.754130691951169	0.84314862144242	0.744433356798407	0.706471120589275	0.757558108898919	0.824042257160875	0.949398615106394	0.806678197950868	1	0.836000780462911	0.847453276336789	0.835113765632127	0.814918839807289	0.853127005898286	0.87559679604096	0.834318652355227	0.849726685707515	0.755593584708436	0.680600154769744	0.815318697556251	0.751242915257779	0.770447510372983	0.847430152534809	0.827628814551674	0.715078112086975	0.830437420059292	0.798744736041311	0.700669031725729	0.915111321229709	0.850392086034886	0.898826023060012	0.740149213580643	0.709780567271077	0.640002938841758	0.635652629435913	0.70771009210994	0.934962624017314	0.758611690538341	0.680655449067494	0.440690061069415	0.835953117724236	0.452346143147428	0.732349013915213	0.676434668375569	0.73174059406101	0.67579062203541	0.851630485248898	0.801369101554586	0.873560148792778	0.852111147320004	0.968715167936326	0.933348218854623	0.731866893265151	0.909218260997385	0.78121215700925	0.791460115327641	0.768100855431698	0.927709675520532	0.591530936754657	0.83884281418915	0.835818927637394	0.915866916047941	0.928574949272198	0.90354638503459	0.691566999015155	0.669633066325662	0.925602747849613	0.647426728859598	0.49179597657605	0.466977333934612	0.943461618417711
AXL	0.965503624548792	0.744164518596689	0.864210225080978	0.788647923974011	0.800194662948802	0.742507825372947	0.936965325717423	0.720215647961022	0.831629351717458	0.90348731002637	0.820917365023512	0.866989791542785	0.941908628656027	0.836000780462911	1	0.926538408755753	0.967959621502049	0.840560228438961	0.952615521678176	0.869787305455361	0.935972670242594	0.78051375913842	0.941857849158162	0.543411315852455	0.878899497561626	0.871943129268756	0.822514287902139	0.918799954192583	0.901891000576726	0.833467442741429	0.924560508321646	0.916667712756458	0.790930705670908	0.847157038283921	0.913163417968074	0.920908398289302	0.617461571467581	0.771762066009842	0.799137741830059	0.787840149068716	0.86606464150385	0.914595641743893	0.86207895445527	0.829553639399811	0.558236001578539	0.893000332114097	0.614511753016453	0.857614794836658	0.833720354702334	0.821025625232016	0.810882442444866	0.764881885769831	0.87099346599576	0.614487076588801	0.86307158765414	0.841158251399454	0.887731509431986	0.832349100818211	0.773494111196727	0.66254588311912	0.835817103281262	0.916578126694491	0.818188610136448	0.7082305968404	0.729805969061577	0.511631424717809	0.65011360319487	0.664938718833084	0.692038922776117	0.487351089985015	0.260748500794453	0.755436756542196	0.170935567033108	0.00558813572674245	-0.0214448553302092	0.744165256591185
TREM2	0.931248168299293	0.691700156213194	0.801708682052132	0.734502430532278	0.722835359849896	0.743297370730027	0.9281198401733	0.764451906690355	0.767065056948478	0.88562764887991	0.846833307132796	0.857391146637582	0.941512210155795	0.847453276336789	0.926538408755753	1	0.915608048365151	0.818005793090587	0.956547164355416	0.852860247575534	0.930526558901597	0.899121576969391	0.84399760445349	0.673053067913295	0.847821901746129	0.824043107941223	0.805728076227635	0.90597947108129	0.869613954574598	0.732186975794653	0.91967263792782	0.862357261443936	0.780068344459152	0.854590406638398	0.923239003541906	0.941623408335505	0.675301093512954	0.762736828899161	0.710147511942358	0.732346600196063	0.815858235862704	0.958353430983963	0.828056119197588	0.763476530843001	0.502837521482094	0.868045664756332	0.518806686978699	0.837634737286339	0.780309733353214	0.824575372215664	0.80363406267115	0.797393283841004	0.863964938620475	0.625910900678149	0.89250757325326	0.822503461704483	0.931728305444044	0.786395191886634	0.77743878222869	0.675296343302851	0.839803999070296	0.92071701304328	0.853490078983398	0.658043901728354	0.758898629909894	0.520228792838451	0.722448827093283	0.706514719894846	0.68942904036029	0.526364275853054	0.27882468059772	0.808878617737244	0.241395720070418	0.043759574380495	0.025754684260096	0.786031370937766
CD4	0.952529497341767	0.748852541679541	0.822191470317046	0.753831808611861	0.732587318097509	0.719708282839113	0.902955252093362	0.760547453683262	0.786796320327337	0.921563813750929	0.846200801096515	0.854789095092907	0.934540501490913	0.835113765632127	0.967959621502049	0.915608048365151	1	0.83058092154017	0.934975291078232	0.868766361298279	0.928420376673786	0.782416461920425	0.917997144460453	0.577100158969255	0.868218365118034	0.83904153271818	0.859176418388852	0.886534922720121	0.899818280342877	0.797469556288467	0.899557962032256	0.879761160572236	0.754226636534785	0.857254167308623	0.920301693650044	0.914638597540545	0.646880091480554	0.793787250822211	0.77784757606537	0.728012212992989	0.837464974152488	0.915786914019882	0.814683479663546	0.821938283227813	0.577338390068698	0.866423193162614	0.560768001730883	0.807646595051133	0.821774113279506	0.799982504228164	0.810592351511304	0.784605388541105	0.864283846162903	0.629080093240711	0.855194981690805	0.826637049125077	0.89317826193311	0.819120542872469	0.756741192562218	0.69887397610838	0.835100189720912	0.918451808013763	0.803019380275866	0.656409271174231	0.692576625521505	0.501039500183714	0.670402379831466	0.675539133651256	0.67582412242284	0.449607289199969	0.249161865579093	0.730432218955042	0.192502122285121	0.00696029323252339	-0.0231766759834813	0.743994324894559
NOTCH4	0.779984950827278	0.450454477665975	0.662240514975256	0.607513345961404	0.650197547157212	0.675168623634971	0.797139011188356	0.674840092872946	0.648939064366687	0.768324841383408	0.748538029304008	0.798176839700928	0.788882169105589	0.814918839807289	0.840560228438961	0.818005793090587	0.83058092154017	1	0.818701195298432	0.829227844036672	0.808840754560625	0.729558466656906	0.77787443594404	0.510559736282716	0.736568754157157	0.761596523296138	0.668139083713363	0.781806158036965	0.838080119151327	0.616490572248848	0.781490321294518	0.798190584413255	0.697725302601082	0.774839985926323	0.750664995397262	0.797259628986241	0.599810964877504	0.607355594240064	0.614981006291942	0.57055275498179	0.716535685113759	0.840193294841433	0.713752138147546	0.655422402949009	0.431402108989102	0.815426441528537	0.427019605396814	0.727638202191065	0.646661068323917	0.682275982776295	0.766712619471639	0.775298226428383	0.798569254357603	0.606249409323798	0.757229748905551	0.817553972497969	0.865618658968263	0.808215417418499	0.800343849473146	0.613308019048702	0.727729529866514	0.767038182853602	0.843520437910851	0.614624104876229	0.732940826917238	0.581430558926863	0.715835098396943	0.697890029450112	0.718976677992145	0.526315891823188	0.420730106356684	0.788738640313481	0.393691226190514	0.229609712798993	0.213251737673998	0.792440581292058
PILRA	0.938075242630817	0.721594407927754	0.818855210684072	0.792439571661267	0.786069899082446	0.770039469011249	0.921955486629977	0.768493568772596	0.833719830035745	0.852714380384608	0.863382074603542	0.877887433761521	0.928225182842012	0.853127005898286	0.952615521678176	0.956547164355416	0.934975291078232	0.818701195298432	1	0.819960115929547	0.930879671371882	0.856582401547315	0.878827909393804	0.662030918847847	0.876081125676456	0.847587802047861	0.822082868012301	0.947164730221784	0.867499287842082	0.77727690654345	0.916425045895162	0.89726054784171	0.844305667475424	0.853618489445802	0.932312067023076	0.92209646742197	0.69515130824329	0.784356984647679	0.763984094058472	0.766312228575208	0.851877617445822	0.952822182039388	0.860071269576753	0.781544861625073	0.488458384836858	0.884847397922005	0.579864102617597	0.878335071790493	0.763743692108018	0.783447040335451	0.767465357095784	0.751953694912477	0.84124139905278	0.651789195616644	0.912063780775503	0.842071545768554	0.918275765640803	0.850811865709717	0.761953305661951	0.651983476112638	0.878613147146145	0.880459196700864	0.835626674436047	0.723706369441537	0.763216099659936	0.518952043443162	0.734554248524425	0.703101316154962	0.725235465857023	0.506047045594537	0.283530824247922	0.7827135624447	0.216650715154885	0.0302598471723546	0.00804086033247526	0.765508403807005
PLXNB2	0.872591823580915	0.638736364066326	0.752668806415779	0.731297617837757	0.708182578351872	0.810778986310654	0.826255315262558	0.65738500681849	0.709411323523025	0.813647188374145	0.75474499630257	0.898270660157115	0.816467827334859	0.87559679604096	0.869787305455361	0.852860247575534	0.868766361298279	0.829227844036672	0.819960115929547	1	0.88467375644131	0.783231523660985	0.812805841979351	0.564462386137967	0.861600013258597	0.816327358417558	0.817495956133979	0.807278273647493	0.911775428355929	0.773422416379805	0.826368422290209	0.845957611237099	0.656510462999064	0.887961077843202	0.853140829940073	0.90428000059712	0.646606047734087	0.750634663267656	0.695356589649309	0.596897504398025	0.774644190286351	0.858806433036749	0.808522091398539	0.637355032113874	0.635437830123768	0.851406660785919	0.546827583420084	0.767855448344993	0.729499423923848	0.780782721982221	0.729193410160519	0.879445498689621	0.877028139758946	0.731238734354327	0.831678671213691	0.839007106650512	0.902307039200923	0.700549173116201	0.858758287023685	0.844219591687303	0.794040497886414	0.808204822290055	0.825378987331614	0.657065395741951	0.80450647029855	0.62344744200382	0.73577381676819	0.737831566702424	0.792457329893147	0.595605749319189	0.468619415015758	0.828572068842964	0.417871580165213	0.250262884335265	0.207015812811901	0.766329819146382
HAVCR2	0.954186302702299	0.77632470903728	0.877680650121605	0.855095618946686	0.828412228014881	0.840244885626707	0.922185311193807	0.690493056867246	0.851474346823929	0.899968694216019	0.806514694992538	0.9025743264016	0.942500696292947	0.834318652355227	0.935972670242594	0.930526558901597	0.928420376673786	0.808840754560625	0.930879671371882	0.88467375644131	1	0.819067053409965	0.869985200085624	0.56858170372831	0.944376061930116	0.894603650256611	0.888934363555747	0.933365750432931	0.93233630004706	0.826640199684878	0.921003075051204	0.925583809506519	0.804422032858	0.849368348920798	0.93407040693433	0.935309983632833	0.639557810747815	0.848469711333057	0.802259303006726	0.756986463744732	0.889888515916513	0.907172275372274	0.917901121441419	0.738214968198051	0.678690117577995	0.859608427734695	0.64698682892598	0.881169802722573	0.863929607992069	0.853703094032047	0.78735906207176	0.807146191709806	0.888586039503396	0.670301945833485	0.883165408098433	0.813389842323249	0.893527403169444	0.835294335883371	0.824929177493818	0.777598443193278	0.921846770629052	0.86284836338921	0.810437017118102	0.76476923182149	0.821699503185886	0.517748656927514	0.698139761311422	0.712078033605115	0.750737765179913	0.60665213784895	0.319201430078724	0.804185632704805	0.220906567896409	0.045680304592178	0.00594450759674586	0.737010913849912
CD9	0.76855631025499	0.559654137668244	0.593520079691967	0.632810954907001	0.553359703989198	0.761901115586019	0.825713547070415	0.846850639542122	0.669831180663864	0.71204780009318	0.897232125568005	0.826855417819774	0.832488129534053	0.849726685707515	0.78051375913842	0.899121576969391	0.782416461920425	0.729558466656906	0.856582401547315	0.783231523660985	0.819067053409965	1	0.631388703673803	0.876295146086519	0.75264872339871	0.64128806113019	0.779849828496427	0.835667225006117	0.791509503444627	0.573432259397625	0.785704336507426	0.732973660386412	0.615041698924476	0.885528522803862	0.86662642201306	0.859697994224283	0.852593541808144	0.6419214412676	0.507828852718699	0.564566698564471	0.591016561728522	0.923990514326888	0.716285179028304	0.581138762542353	0.386331524702823	0.736884498586233	0.342993388809848	0.700773831012348	0.605023614242104	0.663264044704943	0.574639039533001	0.695790274080827	0.742817166414768	0.732059541685838	0.893891281632557	0.80069958285848	0.926472789930638	0.662868180104996	0.691886052842714	0.702665856815256	0.780346424053982	0.797141863355983	0.833670357822691	0.566803337426211	0.774128940297335	0.583494692441956	0.845939246497899	0.753327783135518	0.703921352819488	0.573498616007301	0.378955486610805	0.810820286736099	0.436237520052647	0.211844115721102	0.195425308710893	0.812331034920067
SORL1	0.941378222149758	0.723953915187822	0.876578623823558	0.771895771858831	0.83547295931597	0.695633523631297	0.860574113611898	0.558131394499101	0.818009320354665	0.85319117045322	0.681670870388438	0.806938709832086	0.860504131053679	0.755593584708436	0.941857849158162	0.84399760445349	0.917997144460453	0.77787443594404	0.878827909393804	0.812805841979351	0.869985200085624	0.631388703673803	1	0.371024523329309	0.855398132942432	0.893698767300398	0.750303182757337	0.876292243240554	0.826582363475209	0.874987604579318	0.840396382771381	0.882836159176445	0.776659984343295	0.744169479315133	0.845390297055758	0.853050439630571	0.458295983279339	0.782294863799657	0.813245634970621	0.762096615256585	0.874933011559541	0.814769639539555	0.820390575988202	0.839033514209788	0.589251555582845	0.848736487321988	0.70699296342171	0.849594551189302	0.774246103143192	0.791125849935354	0.783262056510769	0.73406208901513	0.867283120789654	0.562696548967404	0.7812343248225	0.77686569011211	0.775784119109292	0.819643446776454	0.740261807377776	0.596800699113199	0.811458273176667	0.814218971727625	0.730177164090639	0.697169349217979	0.680460073069358	0.448816533204042	0.53399030190815	0.586967239245244	0.664057548481269	0.462586637073084	0.240961713183812	0.642149804732567	0.0839803933305046	-0.0378707734429155	-0.0627191443167313	0.654543555547549
GPNMB	0.527557297172911	0.376649499641944	0.277760904217448	0.397896879786715	0.267572256398572	0.564349572374266	0.614078950157719	0.845094077120716	0.448400999631087	0.508133131600702	0.835363007139475	0.638009959658206	0.586736430913681	0.680600154769744	0.543411315852455	0.673053067913295	0.577100158969255	0.510559736282716	0.662030918847847	0.564462386137967	0.56858170372831	0.876295146086519	0.371024523329309	1	0.540039103261596	0.389851233556855	0.636082360639199	0.630013164076155	0.565989928253813	0.343369470067874	0.583730751983253	0.485019499924365	0.364197214721708	0.78747093161107	0.704905156126598	0.657665100735769	0.910869984503962	0.482150122027026	0.27916345297903	0.307674968075399	0.299606615399678	0.7621875642971	0.440588347805645	0.381546746265423	0.121662255234895	0.560926968250139	0.0552346769146247	0.424709636669413	0.363009534375964	0.384096919951406	0.323153607505914	0.452079936504897	0.539529667943531	0.620908526718916	0.756764456932064	0.638627286802103	0.758900914381517	0.40462862633611	0.448225123828507	0.520858611977748	0.582957697603742	0.571497409445632	0.605128483430314	0.32929504100321	0.555680026775309	0.414705523535236	0.764599524275437	0.615392704246603	0.495632745252994	0.333180864138377	0.238067015656754	0.645782388092044	0.421315351762668	0.175553950985464	0.168086133503184	0.639304267695315
ABCA1	0.910821378022913	0.761052389644231	0.881587253428394	0.917344630557056	0.90146624778139	0.904132405514597	0.859370009154625	0.600099668164433	0.903244676011936	0.818707367513927	0.743920504771779	0.919556920540177	0.852317253273399	0.815318697556251	0.878899497561626	0.847821901746129	0.868218365118034	0.736568754157157	0.876081125676456	0.861600013258597	0.944376061930116	0.75264872339871	0.855398132942432	0.540039103261596	1	0.93851611706495	0.866758578442668	0.931246402521898	0.923205128661707	0.890075229138425	0.849638728291476	0.914817494350484	0.806533823488678	0.837715895039096	0.913085154088408	0.903507021946269	0.625527103654964	0.886532097086472	0.814137412201566	0.677968608656343	0.888025830806146	0.846403367479647	0.934849763699289	0.640516528625672	0.733071716996197	0.851119069525022	0.769745562159445	0.869126187082782	0.800302833559677	0.813225385585387	0.707822994480734	0.782199613944328	0.904583849256015	0.726065995407958	0.875675747661462	0.790332083182319	0.843665017660177	0.811604247015568	0.829632801074622	0.804363265554044	0.962904571343143	0.73650807731661	0.733525838380067	0.855392923367211	0.839274607282992	0.524855577497173	0.691177228296465	0.698235812846531	0.816913221072498	0.640765012108136	0.394634500968983	0.778178210961648	0.245915271500782	0.090710439673572	0.0463724809991495	0.682893185793658
TLR2	0.898483958145938	0.754102557527344	0.910766581600662	0.878569966966577	0.929761508102296	0.807008098344857	0.856057768703817	0.534413679417138	0.905026965377204	0.819684709646882	0.677641076087036	0.850604687504981	0.833011793091117	0.751242915257779	0.871943129268756	0.824043107941223	0.83904153271818	0.761596523296138	0.847587802047861	0.816327358417558	0.894603650256611	0.64128806113019	0.893698767300398	0.389851233556855	0.93851611706495	1	0.772365604973676	0.899559292662285	0.875597908832236	0.897731566810291	0.81698789397647	0.911440593277711	0.852859253582793	0.740786784629377	0.862733934705412	0.86840987462185	0.515718616268429	0.881929389354661	0.868612580345493	0.712097864181704	0.933297318414872	0.798303331028269	0.9120174046196	0.657928070856008	0.686322501323801	0.896950144037054	0.817932468209435	0.888745907817788	0.792086673428632	0.838748839377376	0.833694966200737	0.763547994748645	0.917269136793548	0.623455681976684	0.817641403472552	0.730221641718451	0.772681827096231	0.817028731462105	0.794238249911815	0.642112678272296	0.90205293655189	0.708384263879612	0.714747835711822	0.846429727540886	0.749731769221085	0.47083400644793	0.577625131243757	0.630968322628264	0.75377670829357	0.623845069329986	0.32276297155194	0.703443606952846	0.133327138119672	0.00801227075427594	-0.0314104265765706	0.629991206853567
TLR4	0.853797840050929	0.767532476989584	0.736211455272572	0.727528110532031	0.66719999440063	0.760744990209758	0.814866080718372	0.741109767271953	0.76784663451088	0.825022951552014	0.825145035082457	0.817527702005424	0.839506791550195	0.770447510372983	0.822514287902139	0.805728076227635	0.859176418388852	0.668139083713363	0.822082868012301	0.817495956133979	0.888934363555747	0.779849828496427	0.750303182757337	0.636082360639199	0.866758578442668	0.772365604973676	1	0.816423470608735	0.878176406844637	0.755528000838487	0.818996491166369	0.838714240957252	0.634371563948102	0.846306340098885	0.927815847018678	0.883113607283765	0.719131127686604	0.842453786115918	0.726443802673838	0.656842078416533	0.748701721369184	0.834361271965887	0.767394568939645	0.622859568541342	0.690480373508349	0.729355328481501	0.535600649885783	0.728841578419833	0.721863934022807	0.681370177853633	0.664349014860838	0.724472183164591	0.820629739738826	0.742164143885682	0.86881750667748	0.733845578467688	0.829094012020015	0.698220348748861	0.672982852111353	0.780833833364909	0.836420539390658	0.756960321167026	0.708420023085084	0.650015749108208	0.706775171339233	0.504758796861536	0.694773817252315	0.668999112589194	0.683256906026906	0.52711368697898	0.277407358861663	0.72183118232365	0.244694638496234	0.0544694043223819	0.00157497208896185	0.639229385791776
TSPAN14	0.924299829426179	0.768556099120372	0.870555597973455	0.877108781093642	0.877751215007782	0.861634281244159	0.919903023865778	0.690449899350756	0.928025946579378	0.816497111045583	0.818562054893498	0.918092404067659	0.916799771637703	0.847430152534809	0.918799954192583	0.90597947108129	0.886534922720121	0.781806158036965	0.947164730221784	0.807278273647493	0.933365750432931	0.835667225006117	0.876292243240554	0.630013164076155	0.931246402521898	0.899559292662285	0.816423470608735	1	0.869212868820074	0.857319215784603	0.861680949796646	0.910586477850684	0.841041674744537	0.855200326578869	0.928203123347366	0.902995937195153	0.689445925366089	0.819486321631606	0.803751338353044	0.783790423688054	0.846437195557341	0.9149591809029	0.924395876628647	0.742885106461435	0.572163415684562	0.88607735288159	0.705361684663863	0.914793368938207	0.808063641131029	0.827705981919301	0.726830092459485	0.703840713773467	0.872755294035195	0.714902649702978	0.915784926615434	0.845405531974824	0.873549366734399	0.850758249330474	0.795021855427454	0.679953542176328	0.946186068391114	0.800733312017658	0.826071049990658	0.801982098253765	0.838927305023154	0.55209776666762	0.740541253034322	0.738437418946319	0.789475192599167	0.64036679059782	0.371038036921129	0.789661535414554	0.248960796817674	0.0854885686147664	0.0614146688671406	0.775051403659232
ADGRE2	0.892217916787451	0.677121156837683	0.810177318047915	0.815789251404466	0.787280611304192	0.855578079781362	0.86829422777432	0.68510747920983	0.804206068125616	0.851841684419083	0.796208782677015	0.879222461132394	0.862341006807439	0.827628814551674	0.901891000576726	0.869613954574598	0.899818280342877	0.838080119151327	0.867499287842082	0.911775428355929	0.93233630004706	0.791509503444627	0.826582363475209	0.565989928253813	0.923205128661707	0.875597908832236	0.878176406844637	0.869212868820074	1	0.790352988965321	0.853059626970802	0.896317483185823	0.751874279351074	0.866684000778341	0.897942142133364	0.899082435971956	0.667104454807724	0.812649688484822	0.774584767149323	0.643235675870955	0.828250765362218	0.860533698742934	0.873758738539569	0.621888395117063	0.702770301530452	0.844341945047339	0.639432200104649	0.801011034152732	0.785139049135552	0.795716463371087	0.752905912123108	0.82020530708904	0.877430024590754	0.66930671807361	0.864955025408468	0.789331174641993	0.898217927786389	0.813764369782919	0.80739558632786	0.799858648121924	0.874929595339289	0.814814717284261	0.782744322803989	0.796985774982744	0.798595407733823	0.533225194935919	0.694365269516804	0.675802058782945	0.757904384604629	0.574878074363882	0.36447171296835	0.783052569088895	0.281511141110694	0.103800172763261	0.0527297261364046	0.699147599911623
