""	C1QBP	NRCAM	THY1	LRP1	ITGB1	CD47	CD44	SORT1	CAV1	TNFRSF1A	CD81	CHL1	KLRC2	VLDLR	CADM1	LRP8	CNR1	ITGAV	TNFRSF12A	ITGB8	SDC3	ITGA3	MRC2	PTPRK	MET	CD9	NOTCH1	LRP6	AMFR	FGFR1	FZD6	FZD3	SDC4	CELSR2	RAMP1	CANX	CALCRL	TSPAN5	RYK	NOTCH2	SLC1A5	ITGA5	SORL1	CD68	INSR	F2R	SCARB1	TFRC	CHRM3	LPP	CD46	SMAP1	CD63	CXADR	RAMP2	TNFRSF21	LINGO1	CD82	NGFR	RACK1	TSPAN14	NOTCH3	NRP1	TRADD	MCFD2	PLXNB2	PLXNB1	APLP2	PTPRJ	ABCA1	LIFR	ERBB4	DAG1	MYLK	ATP5F1B	GRM5	CDH11	JMJD6	TNFRSF10B	PLXND1	APLP1	FGFR2	MAG	IGF2R	GPC1	SLC16A1	NT5E	PTPRA	PDGFRA	PLXNA3	CD99L2	F3	NCSTN	TNFRSF14	PLAUR	PILRB	PTPRZ1	ENG	STX4	PLXNA1	TREM1	RPSA	LRP10	DDR1	DDR2	DIP2A	RXRA	CXCR4	EPHB2	GPNMB	NRP2	NCL	LAMP1	STAB1	CD74	ERAP1
C1QBP	1	0.809468169061668	0.8412040610183	0.789904925070868	0.886019200944053	0.906281771076331	0.868297663703506	0.671363770831679	0.85798073929871	0.933262752464646	0.93413689532501	0.360216198821875	0.351329916337472	0.750647212673508	0.877330595434851	0.783499231585032	0.390316800154938	0.865819984882341	0.875341797497419	0.741386473902523	0.488424210052628	0.861764373103958	0.858061403246901	0.852616568829616	0.844822788975704	0.767181899425921	0.787534508203094	0.653770673777788	0.548270128611134	0.849927856647549	0.889250924989643	0.850948809336424	0.847775380831477	0.549919445015588	0.652985460138729	0.831981311677667	0.789885685501682	0.899205128958426	0.917292079156334	0.927289575359987	0.689598261289737	0.687132904249944	0.45435705449384	0.570244130369133	0.286485257977	0.856211645867545	0.733774073300131	0.735927643836641	0.366928916528565	0.893477414625026	0.816034628654615	0.797736888188473	0.935337223622009	0.476945443588023	0.34341817288727	0.730326723790962	0.386605914683779	0.91231697120927	0.484037198764125	0.878336500444085	0.790738840844203	0.77423749233255	0.815371906320953	0.848011175830258	0.834518088248461	0.9239994650618	0.55722105999647	0.928926310546926	0.517162583297272	0.851452513610678	0.723598701511479	0.367916190268097	0.767996328214071	0.827743561159552	0.97648394283918	0.338316653333533	0.614920981385716	0.75527731088829	0.706704129753948	0.833311396317034	0.445735962246729	0.0501819498491181	0.0948171082299178	0.842209779395492	0.880085879997994	0.780727200722416	0.836839105652535	0.854515626147667	0.412578957256916	0.791366662714819	0.904760847462331	0.615988623602039	0.910480330766307	0.6472977044783	0.682428984099411	0.907970730399765	0.365873929439225	0.837128299274793	0.878541840497916	0.91515370546282	0.477378362792709	0.956691568212501	0.906282297803127	0.811505325514592	0.846437895444546	0.719521735171988	0.908083946210525	0.67738486410866	0.817551622639854	0.370172863480934	0.821754888691764	0.93728104361068	0.933209766015833	-0.0227617929658449	0.213441859037613	0.755419650115272
NRCAM	0.809468169061668	1	0.843126774524577	0.62741762695013	0.719089792939775	0.882878995287299	0.69566467449107	0.905873230836959	0.612863624097957	0.780269750339119	0.782087389200888	0.646698178509818	0.585889225497366	0.682083835885303	0.791300197208897	0.949021047428186	0.728554282213595	0.910645882209228	0.587027932157568	0.967469674318134	0.733583417606571	0.827484497575409	0.811485999568592	0.941138860545464	0.603280831345533	0.831405622101038	0.931916029480503	0.885931991886071	0.302006800058776	0.708560698529715	0.964547788608862	0.952899241557405	0.550096600241676	0.834348669060496	0.812202209515983	0.579161495296841	0.914469585061752	0.927360620529128	0.835823358388584	0.803081327550964	0.32545134543033	0.369542665204181	0.700126979259588	0.200133426145139	0.53379817667717	0.760372518076383	0.408021723071195	0.448331723351964	0.659901821275472	0.841262907279205	0.813482915222834	0.623746206664145	0.706168402733385	0.758286486551778	0.549236641176639	0.895935120914129	0.624674415689287	0.840046580357289	0.542609652708454	0.57734573043992	0.942576847196241	0.576425631204513	0.609609457807133	0.508220965324495	0.558792103707362	0.851433807959738	0.733412115818446	0.848991562219611	0.781427424210978	0.835897258120691	0.908875520948089	0.645532680313224	0.916704085140671	0.816129871243995	0.846721906966031	0.61377381637726	0.861951579568871	0.479077023763945	0.357618328296376	0.719460325383883	0.574356584568555	-0.041263312389812	0.0572385171297503	0.662435410875974	0.803513862831595	0.583673051065001	0.561933151783275	0.910393152359794	0.669179253396789	0.591236378411844	0.893333971003533	0.3236425668719	0.751672386203145	0.27540727470306	0.34118457380211	0.861168610213488	0.667459778066962	0.69269716921963	0.626795097606311	0.888334108369153	0.134188950071941	0.727458825653171	0.840708719541379	0.896700975089654	0.612481825101231	0.873246967746033	0.799860304741877	0.717909807129675	0.838571957189145	0.28824486233453	0.777635658861201	0.903439119102639	0.788035535982345	-0.0949276510595315	0.259805186742209	0.436711791583344
THY1	0.8412040610183	0.843126774524577	1	0.487989416310499	0.731322587622466	0.752671736826618	0.84595267796832	0.647023461808098	0.750679781943726	0.887909968767699	0.884460858043789	0.200091846685771	0.173589331148346	0.463283010954649	0.730315866893162	0.735162390457591	0.309496953171956	0.953516322438275	0.804899737918125	0.849026701098841	0.333223122361739	0.954785764970856	0.84020460541615	0.784277607394896	0.75799462245774	0.694763103125522	0.732048021956565	0.550325407407568	0.526679268446706	0.590846308537743	0.842822644165216	0.782219692534868	0.735353368774991	0.491741541094645	0.651936109520934	0.541450268574728	0.933968915377948	0.834345604466322	0.706470009136577	0.860333420515563	0.386168279921917	0.468312392648439	0.384448251690855	0.267140175403561	0.144786480677487	0.75116694974504	0.444692147841798	0.429281660186246	0.208047560701081	0.754703230836904	0.605112749946141	0.449253636640451	0.79292721156017	0.357323595607383	0.163485876374324	0.726583407825357	0.225811750031492	0.737683875598379	0.340704170440192	0.565039319640543	0.710176433012104	0.679643621457455	0.719953764562054	0.684912298506691	0.577379376560356	0.901068922820959	0.430926362953025	0.798121186141969	0.435388178375097	0.811657808945961	0.621588904960835	0.211071765256245	0.655582770766445	0.909313096451067	0.807037438783623	0.171886239340922	0.517472144308491	0.383809122843708	0.403136475598806	0.921461634179175	0.353118559068787	0.0718863331481552	0.112805631250416	0.629770669631371	0.95418640101625	0.454781322537061	0.701878625135571	0.681492558624243	0.235906798219101	0.513253425987792	0.89849321333856	0.381559545269695	0.749013867453146	0.368760140855477	0.463446148734684	0.793301260274358	0.217868121258794	0.759207347356163	0.606062516102424	0.894640362925236	0.182306502930291	0.721804800291992	0.824687103527188	0.904002456358202	0.660249042963616	0.553716418468892	0.706918776176873	0.69182074178335	0.591124381743247	0.2584780071676	0.936320750649878	0.77936967889215	0.764437859815546	-0.00335996897767742	0.258177304201709	0.514446128218063
LRP1	0.789904925070868	0.62741762695013	0.487989416310499	1	0.910641195427751	0.859311508661683	0.745551194933513	0.564736360409977	0.822312458712862	0.761076354835163	0.776474527667329	0.407737153841217	0.363077134893923	0.913052742359961	0.888335707361443	0.645150137287675	0.437299711887471	0.651156787336076	0.710039912158338	0.58230986057982	0.49493176888699	0.504610507364645	0.817879830156433	0.709120796803332	0.789851848539669	0.594450323392237	0.636787871936877	0.62333647359795	0.315277662834646	0.979052667034793	0.750715398615801	0.794530771129633	0.772978632963344	0.491422044661113	0.433766761987788	0.936031343296063	0.520130314001192	0.800473376442435	0.921361464129002	0.82571239645725	0.869906044540102	0.85738956519053	0.442220516282049	0.818769995494998	0.358420284567956	0.874695386408751	0.882802862611598	0.95040535431543	0.429102596116542	0.895232339572244	0.9191536988345	0.956349913692015	0.826514727393905	0.481610750949867	0.325419089439113	0.565846953793546	0.409029866680705	0.873275266005899	0.667991637909884	0.935397645683999	0.715246052503239	0.835403349420475	0.831446321497346	0.784243642573899	0.90590310545403	0.738978061632501	0.51310709476521	0.895663816596629	0.499819957967905	0.784292480876733	0.707292648926949	0.411231629912566	0.735002548508638	0.487480798931379	0.80823802362954	0.387562681842029	0.608624294587166	0.927131597047539	0.887168385406537	0.594913067477648	0.329901953049569	-0.0980023666611431	-0.0546414255241769	0.940923785565525	0.617339435924473	0.968673827541555	0.824127489384477	0.854309143860158	0.472990672011198	0.956392982012014	0.66308190953845	0.862302345952366	0.894695388455226	0.803190697476167	0.836968856840969	0.83563163843521	0.413515740431557	0.771773190875324	0.941048968711269	0.758260991750125	0.805509218049686	0.89516016564715	0.804167983275878	0.513506829063518	0.904884502324308	0.76297895664072	0.89160503269943	0.484214321312827	0.78260868673513	0.449328769138524	0.529336298932603	0.818259143589929	0.884650120249469	-0.0475619675406353	0.165159197643501	0.858912493261217
ITGB1	0.886019200944053	0.719089792939775	0.731322587622466	0.910641195427751	1	0.880916949443156	0.943733877492825	0.561976733614046	0.965764564702789	0.916163678627274	0.907673622085839	0.20913160375462	0.153024858376029	0.802094137707342	0.929585303338957	0.669964703743447	0.310697323076891	0.842085514869397	0.88882984720008	0.708961873289399	0.329450085996317	0.766381541171323	0.94834591123075	0.770139477248453	0.953677629364435	0.627142842805958	0.64479159608998	0.544036167364026	0.417227389438027	0.94825545688021	0.829934911546319	0.833613063596895	0.933136818760862	0.408187141341298	0.421482665596994	0.917442333479481	0.735981069547592	0.884528214226809	0.922207424410313	0.963314427307141	0.851638634182859	0.901739766109295	0.382939786543653	0.776777297068676	0.235473949832351	0.973281252411052	0.869314058488542	0.90667682502359	0.247143075034414	0.962004697205236	0.88005122556483	0.845331679457243	0.913558461027362	0.341317040128945	0.131583349604569	0.581947762553721	0.203804222452803	0.890601288124305	0.628384590402881	0.89782589024385	0.731242934407347	0.940598131076852	0.968231004733917	0.893262809232602	0.926957403749994	0.87925954461343	0.381206563899937	0.96746664948445	0.389498719090215	0.912209475639488	0.683849198698701	0.217141486674757	0.707528469881065	0.71998558311193	0.855755431405453	0.183680511363237	0.541180392157295	0.831090288587703	0.866927027183028	0.836797658956215	0.222394253121875	-0.080147932412367	-0.0786790114960333	0.970456985785048	0.844235489114725	0.905235926548806	0.956677490526761	0.822887556854536	0.272131484834717	0.921779865229595	0.814739108205504	0.863176944629327	0.951392200364086	0.794150403473265	0.873301418925599	0.90368420139594	0.222336979836207	0.905248217088795	0.93071532072622	0.900795637207984	0.743358172487619	0.912581517501053	0.904732677788587	0.668536729179666	0.973756365013446	0.687701885898355	0.918720941815672	0.594405555685128	0.717360155214965	0.44473783754849	0.805035757454392	0.859335825948429	0.945256790272575	-0.0371489186267729	0.205997942609525	0.89675020444848
CD47	0.906281771076331	0.882878995287299	0.752671736826618	0.859311508661683	0.880916949443156	1	0.796845220118998	0.848840392438005	0.777737669025069	0.88370406236999	0.888489072018848	0.56006438935156	0.49129664512864	0.882943115462894	0.928373136677606	0.878427060102873	0.641336309839748	0.866473685605252	0.754892342829748	0.842016036893379	0.660506513449229	0.756170793497283	0.876613042103341	0.93382685140498	0.749475278109158	0.872466252072761	0.852501914197314	0.816072588375464	0.478076996512139	0.894051246544474	0.941818661075723	0.953439293706164	0.728587071690064	0.740144815378687	0.725348823089096	0.839211238035494	0.799045180127809	0.953156073161946	0.95330273725549	0.894443689228167	0.652153710460401	0.64385379997044	0.690893970092557	0.554389516212525	0.525576877211121	0.888146889067255	0.726579238310675	0.739587253425627	0.581761696567388	0.936978519607136	0.936636904774393	0.860426423592415	0.891329678542897	0.687354781557188	0.489136099595762	0.841352570760958	0.549179535867769	0.901125403609635	0.711158285975811	0.851705639895789	0.901281517715115	0.758066408507607	0.770662563896542	0.751248096428984	0.811016456577968	0.905607737027297	0.697338761941175	0.952777889960363	0.711272344654242	0.914155022737362	0.896537473243522	0.564042744152781	0.914807836183079	0.7969867643339	0.940105026655077	0.5114224437044	0.817159164871411	0.791757291533113	0.67285234293489	0.754520956118803	0.595410606265871	0.103003281132478	0.175255337487662	0.864851703931923	0.811892447811347	0.850261424577086	0.741909085582995	0.947550902432024	0.594440813254386	0.846647113703947	0.880544983588376	0.612446547663686	0.932323114047783	0.610540928724387	0.635080442335134	0.942039948149579	0.558285258345659	0.830081447801717	0.884099623862237	0.90991835415397	0.468852627716391	0.903832175371158	0.938780923596824	0.83192779977102	0.824880559240131	0.881760268392924	0.933422624661716	0.728153509712374	0.885514024417564	0.433805958030255	0.716891573541483	0.93680815052048	0.949548174821313	0.00851320347866539	0.267339378719068	0.711286133031058
CD44	0.868297663703506	0.69566467449107	0.84595267796832	0.745551194933513	0.943733877492825	0.796845220118998	1	0.498875256950053	0.964877475087731	0.947494341243092	0.932344391896001	0.0353513223461393	-0.0131464188369618	0.620333571674978	0.84078322977907	0.602899322349183	0.171677235409591	0.889973290074264	0.943913130808905	0.707890585602445	0.173392933638636	0.872611697177404	0.93190855032641	0.720337653566031	0.971327691216966	0.598660937865627	0.584506462038403	0.413737177113594	0.516484745304216	0.813362399558712	0.78445388915996	0.752033514818282	0.955545358893969	0.30134839474798	0.410723845457362	0.790882226581613	0.799940889948456	0.846109711870998	0.80809259299888	0.961024541198653	0.742036864591905	0.838432218816421	0.300136026307439	0.681421730002136	0.0842759810548714	0.926824860531863	0.764156643562064	0.776252138908627	0.0667034624127081	0.881755206964683	0.73190424251177	0.656349418197237	0.901422349928438	0.192885097865836	-0.0235646684493835	0.54379170974019	0.0394792819306319	0.806216966832366	0.524954243464658	0.790212116525224	0.64979032463337	0.918587407413662	0.95899916647894	0.893141151733792	0.828647974177	0.902518713428135	0.264692644990373	0.908542313376791	0.281643781159077	0.89284201933137	0.577625528802746	0.0430714727199707	0.606031497671492	0.820025274653413	0.811250511874594	0.00486792156813799	0.415802835929151	0.66067353847624	0.751310874336338	0.937078959141513	0.16013181254755	0.00963508969122097	-0.00978975841823736	0.869790458638925	0.934430720170518	0.741456717997723	0.953543815152191	0.695139503333152	0.0903106721226727	0.780760003125389	0.835369932476648	0.773213377119183	0.888314033268456	0.70749477671808	0.825071729106235	0.85696959388686	0.0476945416724107	0.917031539819371	0.828466407672501	0.903520477703463	0.627403526270269	0.844132093696397	0.885242963169533	0.73370598833123	0.910140560201129	0.537285713549396	0.831838699299024	0.623811732923138	0.582187885613433	0.428726133134678	0.910694669645016	0.7817111059765	0.893012591642675	0.0509182217970488	0.272429744199276	0.817118010603103
SORT1	0.671363770831679	0.905873230836959	0.647023461808098	0.564736360409977	0.561976733614046	0.848840392438005	0.498875256950053	1	0.401735231988754	0.637328701965907	0.651700349451299	0.79288090806674	0.698567186801298	0.707560915326896	0.67241175186816	0.917960118942421	0.885730472435507	0.744195815991114	0.409665292268495	0.870332490591241	0.846487108011328	0.628685410599923	0.632231267741713	0.89902351748761	0.3830357414762	0.902190637855606	0.909127733245202	0.929967255243373	0.345098308176418	0.609814013593772	0.866296766601439	0.875992479226362	0.348699256468772	0.939880159260565	0.862985864901178	0.483746857972733	0.739966266734984	0.837113779803225	0.7431767705277	0.62976498518398	0.209246716657921	0.214391032845318	0.868753849711255	0.122411071621568	0.692502864734616	0.608170591708248	0.308909053380687	0.345102236048824	0.806517747857208	0.711735588759189	0.761698536586531	0.589478403020864	0.59772794170189	0.896026956289381	0.704113570122212	0.934566533282022	0.764365846769998	0.712279733990455	0.642335828795413	0.509940408102952	0.909668333235194	0.404295089722395	0.406932756488041	0.367458773587795	0.425661586406896	0.730070501346382	0.863648368750844	0.723458341772995	0.899287827635286	0.707417099151585	0.940343306879601	0.795198132687645	0.944729652446203	0.722471173173076	0.763804777224281	0.736666663686805	0.94447832639929	0.454998975374572	0.237994735274041	0.518347825898781	0.789938097406305	0.189162201127898	0.316503255246131	0.529931318822252	0.627670397744712	0.531706814865872	0.357475923082845	0.858786337319415	0.787847825119983	0.508257783045354	0.766710045876973	0.203213321207365	0.648673548689467	0.175502380747697	0.210290960926866	0.764941323875093	0.790093476483348	0.569164708352356	0.559570115047718	0.735053010109673	0.0470547526804879	0.625238699433261	0.748947915071855	0.8390777655374	0.448476438461201	0.893188099717414	0.705292809649769	0.679320769760012	0.843275382289848	0.280950368229214	0.534941290011117	0.798200387508463	0.704720122420552	0.0220571163586593	0.290565154485313	0.292798254284955
CAV1	0.85798073929871	0.612863624097957	0.750679781943726	0.822312458712862	0.965764564702789	0.777737669025069	0.964877475087731	0.401735231988754	1	0.908991931666859	0.895041674914905	0.00515828311188816	-0.026971341265826	0.671313596095157	0.87284779816967	0.542882118225463	0.0973323675554999	0.811200974726879	0.938587966064127	0.610386221629699	0.136825268741194	0.777317023869588	0.917199756821771	0.654827130884176	0.987310674993894	0.501976143234812	0.523792735074427	0.37018197015758	0.44982325319478	0.870167939900999	0.738697323554607	0.721179407788628	0.972083710113157	0.221116186517759	0.30339664791163	0.867671399680235	0.702983237349514	0.792396994406489	0.832313921640893	0.945954424733731	0.854687392465078	0.919884733800283	0.195578796765017	0.779960690265513	0.0296383939534729	0.937083810269578	0.865221930120034	0.877448075457148	0.037099768972862	0.883953249265641	0.758256642024343	0.745707779384347	0.902552929526007	0.143256774288532	-0.0495068323269204	0.461451471317341	0.0213393419681621	0.813886855998679	0.484515264119057	0.857967784513585	0.585629153693657	0.951244456365612	0.981569471537922	0.929465968773332	0.904609967126983	0.840258095999949	0.219740225518326	0.900930968369928	0.20262930428167	0.857951055123196	0.518046993352565	0.0169543628448718	0.547374230965994	0.705232958633487	0.796450285885252	-0.00829113385343678	0.350835285260171	0.759933065697169	0.863599297410789	0.871609563532417	0.0791910590620768	-0.0832732438002747	-0.103123191601104	0.92075983352318	0.854749673096799	0.818335378298588	0.986499184786103	0.689354552984201	0.0777117559819336	0.856149674557323	0.769078343961641	0.865700602764487	0.900238730451778	0.80509171295082	0.892157836136103	0.829303986418817	0.02052049233723	0.875908022708955	0.879344375309846	0.857599448699498	0.749037283898427	0.873162600461409	0.83897755326612	0.610159542670836	0.965531577485972	0.514053822958227	0.839331272145467	0.528460901035671	0.57672309599175	0.395160735254898	0.830086200671588	0.768897573155077	0.884433600561924	-0.0326978725384529	0.164169014342182	0.900954618223346
TNFRSF1A	0.933262752464646	0.780269750339119	0.887909968767699	0.761076354835163	0.916163678627274	0.88370406236999	0.947494341243092	0.637328701965907	0.908991931666859	1	0.983372672878245	0.192261757621446	0.149310997886573	0.693222663180274	0.88282031398742	0.709772545616055	0.310025858635459	0.926151384332498	0.945473520596143	0.779830317580254	0.328976447873515	0.886867779270575	0.932063296486714	0.818533787755064	0.907186194086504	0.747751279981426	0.699120427744809	0.54512594683939	0.642300349972852	0.814790023775808	0.860289303912009	0.828089853651004	0.909170425629846	0.460788607023055	0.592594935744698	0.81095464469955	0.841943984416184	0.896631280456536	0.85559073239417	0.963116150597168	0.707198929569374	0.751435627236235	0.439440408028304	0.622724142852343	0.187995042034594	0.899187288176425	0.753201873040005	0.737651236466771	0.213434627273261	0.890185622933852	0.788661024145766	0.709095562488309	0.967137543810301	0.353008467083197	0.163408198019234	0.683857227121523	0.205187597300664	0.837731678069458	0.557632755217835	0.83576221842576	0.739511002841965	0.872408756040183	0.894029497004894	0.893513143094277	0.831143098078093	0.961150294385018	0.434500133011885	0.931974526124701	0.422105880803478	0.913867351856158	0.675537005724321	0.198013872130844	0.713469501813793	0.865858446812209	0.903050380903217	0.147927122702251	0.539872923430893	0.708938900674105	0.717957265914297	0.935553647844996	0.359262361355033	0.131799400448943	0.13947085297862	0.860972058161003	0.960778255498802	0.749931585567042	0.885330500267342	0.773758090833737	0.233875125665149	0.798876626300055	0.89624279192317	0.687513161835476	0.936142511919071	0.692044740154957	0.754259959086427	0.909399169793844	0.19387829382024	0.913002623198239	0.865394697483908	0.943657794028307	0.529498816856999	0.894657805426838	0.948154867059565	0.844335350971184	0.873897969722134	0.631664225211791	0.870367080542012	0.717328936046652	0.682486697607898	0.42969405483567	0.884577661366937	0.842099612873139	0.93640308143235	0.0939199588162797	0.287354211156911	0.785684804405884
CD81	0.93413689532501	0.782087389200888	0.884460858043789	0.776474527667329	0.907673622085839	0.888489072018848	0.932344391896001	0.651700349451299	0.895041674914905	0.983372672878245	1	0.234338143924253	0.201901811824918	0.713477865470486	0.870250668441266	0.726231823182259	0.331267511266812	0.917508159704925	0.934489884844349	0.778554725896097	0.373257493495837	0.859081044041385	0.92791219413051	0.816151083818463	0.890079287811019	0.769731239296768	0.721151498028119	0.572242393842288	0.67515653027982	0.823748773527934	0.855401204968684	0.829802399504153	0.895774896779826	0.49403437747269	0.640823002387471	0.798092400812213	0.822093310123038	0.901642636027935	0.858882509197364	0.954675868875654	0.695473691927797	0.750637306841192	0.437674361857829	0.621171233333498	0.209093686970123	0.890363852178914	0.738561072479965	0.740311858157056	0.24559008739018	0.883920738493877	0.783882430482801	0.715033082223319	0.969226219488922	0.386470848504905	0.21311576993251	0.715297135670908	0.264403287239271	0.862603523010349	0.543350108532981	0.853766665145546	0.746348762658584	0.872637641160836	0.88251915893436	0.883972625232374	0.810174561258946	0.959503797026439	0.485165326346634	0.933956302845859	0.460310346438889	0.884845231489544	0.67723501818818	0.241446331480569	0.727887018287706	0.848250191817641	0.91897381855298	0.191336208773069	0.558688924384629	0.706018635202558	0.705472527720735	0.920731652376184	0.42347687309707	0.180962575757557	0.199527187574514	0.84597327632916	0.949431104054955	0.745011348003873	0.876905361763254	0.78519141287679	0.279809861349102	0.792661840779025	0.895362614878397	0.699252571992249	0.936167134456983	0.671934552718117	0.755945205365634	0.904694702316372	0.232779880055208	0.910982982517196	0.876377735765352	0.933288639847205	0.544930516330286	0.917154239546873	0.937094867113956	0.854999573250038	0.860267596925516	0.650271247089794	0.859209080964737	0.714138991285178	0.70554798660702	0.409496994382433	0.859289658324096	0.848587136117927	0.930707875156675	0.0838962697221377	0.280872715680381	0.76474858873356
CHL1	0.360216198821875	0.646698178509818	0.200091846685771	0.407737153841217	0.20913160375462	0.56006438935156	0.0353513223461393	0.79288090806674	0.00515828311188816	0.192261757621446	0.234338143924253	1	0.958745261691752	0.581422971345087	0.353389659184534	0.745387622482589	0.921600004879372	0.306354552897034	-0.0498854804788883	0.533745954368607	0.978320267544875	0.177417895475448	0.226134217128639	0.632371455558881	-0.0317005407976836	0.638616272674832	0.760789473536049	0.897959600903684	-0.0211189395181646	0.412435494011709	0.573740697489325	0.615477613316048	-0.0649417604850648	0.905034335799906	0.741621805778001	0.226668959390892	0.324159056936471	0.518864124980036	0.515391755644991	0.225409829582303	-0.0404616145250569	-0.0755712231402651	0.752854101292744	-0.0970977440096946	0.778958117510482	0.251832874882547	0.0399553978923705	0.135755834935577	0.979528974364962	0.404800879841137	0.56203569886012	0.474563433454837	0.210636840576597	0.957686935318876	0.924646806251391	0.723241118738986	0.968197310045714	0.527062444781913	0.383555374915883	0.287990913670568	0.719954658382828	0.0125133481027244	0.00762087016369483	-0.0384993442928719	0.128587264460806	0.317986955075309	0.876042702153473	0.392302577748101	0.907578720366554	0.295725242617944	0.77079164466271	0.985703449951746	0.774792099479196	0.251967513409697	0.503427693713082	0.973258083547335	0.871087577732441	0.28740010978901	-0.00501600043643822	0.00367246699324272	0.768169303294684	-0.00311556036553486	0.166995331007417	0.226498487235769	0.13990341142089	0.343830484690681	-0.0148525495584325	0.700319598344168	0.983903265573361	0.271759276511617	0.408194261663854	-0.0418055472334115	0.295189383109947	-0.101740413496613	-0.0929156072674328	0.429016852008623	0.991003743978199	0.160890091879036	0.283428510586716	0.347061852502313	-0.102491918981171	0.377388680207709	0.353909559026253	0.44311592233605	0.109882953808276	0.821708555559136	0.43183616340638	0.357865975899429	0.760852744426989	0.0946958252711056	0.0575406988637213	0.578759611195688	0.353337721397621	-0.128279064856498	0.118035334052289	-0.0255831360976056
KLRC2	0.351329916337472	0.585889225497366	0.173589331148346	0.363077134893923	0.153024858376029	0.49129664512864	-0.0131464188369618	0.698567186801298	-0.026971341265826	0.149310997886573	0.201901811824918	0.958745261691752	1	0.500454270369498	0.290094503094277	0.675842564046493	0.822332754105733	0.244788832473527	-0.0718112631383661	0.452754371455646	0.942379591759312	0.133444029726612	0.164212173040213	0.567636832819578	-0.0653956962957879	0.571784667315825	0.707302347291111	0.827697414237895	-0.0184877554595392	0.364457230934489	0.507350341531916	0.538321822067449	-0.0900544620909759	0.838317711111135	0.73463929818696	0.176009746995716	0.269105467596983	0.451740263984698	0.459329901541374	0.174210627393874	-0.0707314665121106	-0.103825940367841	0.639021236908643	-0.125023204926591	0.71578881142264	0.190340266926567	0.00434553195083198	0.10046941692611	0.911426075400439	0.332678653845058	0.484642000494462	0.430254169108042	0.183166010510577	0.898137527707447	0.932710334388942	0.656114137890689	0.950267900725352	0.513892676146613	0.260198270483734	0.272776853879991	0.645066757016612	-0.0288973643001454	-0.0357693990702914	-0.0692038103790386	0.0865940173516622	0.262981780963412	0.839529408170907	0.331431450674359	0.831489036647934	0.214207638352179	0.669064218020277	0.936683134183622	0.684953484840748	0.186114733340275	0.486388979002129	0.958315555661416	0.779062193013903	0.242414746199036	-0.0382194234254899	-0.0343603763677751	0.731145407280225	-0.00923242838367321	0.150400143700783	0.165999248137372	0.0950916130226201	0.281039855868628	-0.0409208927671125	0.645178800699704	0.961659955874148	0.218762260552118	0.370144592988971	-0.0757131119918581	0.235375476228756	-0.132921947240094	-0.121236194623355	0.368499819797607	0.958999301231594	0.114148175229122	0.24696734306106	0.28976683464198	-0.124078095802804	0.367628248682494	0.279578698967137	0.38680884324494	0.0612182591716571	0.741393284711408	0.365956703542296	0.299799785006732	0.718552295131702	0.0444619988308812	0.0199229337246476	0.542127734280621	0.291161731289914	-0.134307782623569	0.0831129925984891	-0.0646301276780031
VLDLR	0.750647212673508	0.682083835885303	0.463283010954649	0.913052742359961	0.802094137707342	0.882943115462894	0.620333571674978	0.707560915326896	0.671313596095157	0.693222663180274	0.713477865470486	0.581422971345087	0.500454270369498	1	0.86743783321254	0.750675509391792	0.606212258321245	0.63378798594965	0.582156738109134	0.632872440295817	0.651271995315678	0.47548606892391	0.734640723417004	0.780508222487286	0.627468600208534	0.707025824369475	0.738065440696851	0.766040698744581	0.321089081941732	0.900896583505547	0.773147970010122	0.844573846230428	0.605366650004549	0.656484064485956	0.560289955889971	0.858262806013452	0.527342853657484	0.793491449457513	0.90317553579099	0.745634881515484	0.71587210654449	0.665479275393599	0.605494794309098	0.640261806148535	0.53824025679067	0.795634271180624	0.775915246582578	0.809182139419328	0.623012995825299	0.859114403733875	0.906688595171398	0.940760321838932	0.756462280485877	0.661342425761859	0.508736795256866	0.718383137502295	0.587931323664848	0.818981938523888	0.690085650749567	0.862064094961396	0.780469281806276	0.688707831984733	0.679766428531144	0.659343005599487	0.799340985214354	0.726289396262973	0.672092291162441	0.846492260372301	0.66648787761326	0.748150001480037	0.805702716153487	0.603797936998966	0.829653884913943	0.517425037395196	0.815292078337436	0.549559302185126	0.753914068170404	0.865754351927109	0.739235595136503	0.51097491613506	0.537075761749066	-0.00308918469429505	0.0829897104897236	0.846881430213918	0.560911089361318	0.903427937146489	0.654677004763911	0.878265487875845	0.618905423548964	0.878959055145357	0.664617313743828	0.674454558424325	0.847600882480849	0.651564387743961	0.643227807232741	0.81391183257836	0.568883702303815	0.69085135523823	0.869747900701592	0.728182006016425	0.598873379268255	0.84536768923522	0.791534878915538	0.576749133071744	0.783007500598385	0.856550055951887	0.865397843140023	0.54709232337274	0.860464318653217	0.399942882399143	0.452221220973616	0.821836123787056	0.84294131157355	-0.0559921078237281	0.146978400174134	0.723434331813925
CADM1	0.877330595434851	0.791300197208897	0.730315866893162	0.888335707361443	0.929585303338957	0.928373136677606	0.84078322977907	0.67241175186816	0.87284779816967	0.88282031398742	0.870250668441266	0.353389659184534	0.290094503094277	0.86743783321254	1	0.761139129490432	0.441631761890975	0.855998620647919	0.808210730500316	0.783402829109382	0.461259499991864	0.735702578098748	0.927576545705752	0.830825589128992	0.836290807649654	0.691314761107615	0.722415145067663	0.671021758147746	0.398283251649903	0.916686705828634	0.88496493033384	0.911954242976327	0.798556488830401	0.5436744190513	0.524903008603283	0.918874997093255	0.772324117098182	0.879583411382317	0.94629365349271	0.924424924638394	0.792851771628566	0.758875605188879	0.499534621570424	0.676234211639646	0.329707031660802	0.931338402609638	0.855435072038073	0.834522835529426	0.388403794213018	0.950637120715564	0.928353654942274	0.889525454097939	0.90027551891484	0.486143786488958	0.268559364166787	0.697266374401859	0.353874164543155	0.857590208915196	0.667632674796414	0.873996236291214	0.790792447472907	0.861127928588791	0.865832217662727	0.830059586761104	0.912002056513674	0.879543321139385	0.504948470859427	0.952224399381713	0.521996271329357	0.940369441029866	0.772926199079157	0.364761677394792	0.788277723387517	0.71976803260063	0.872015423851667	0.322008468530724	0.654641924677256	0.844796720861515	0.808331883606645	0.791379864419621	0.345055218651647	-0.072543317922535	-0.026276739892307	0.944185741056737	0.809274857997081	0.886567022271575	0.823967284575896	0.878759454057055	0.406918151684044	0.91996207459438	0.821509624635099	0.721811305891994	0.953546101046925	0.74638763362435	0.734666906368977	0.928954623087988	0.363910655517752	0.83365485108799	0.9030508379671	0.905303801137477	0.583732753577818	0.891178755313246	0.915905087320441	0.726605807879864	0.922984659288642	0.764205402688589	0.941002510669883	0.667167518980587	0.770949154116494	0.464243114084561	0.747825323351016	0.879430679542968	0.942929880876425	-0.046298488875527	0.209052193413207	0.846838569765669
LRP8	0.783499231585032	0.949021047428186	0.735162390457591	0.645150137287675	0.669964703743447	0.878427060102873	0.602899322349183	0.917960118942421	0.542882118225463	0.709772545616055	0.726231823182259	0.745387622482589	0.675842564046493	0.750675509391792	0.761139129490432	1	0.782597498899548	0.818369750106783	0.513978712962676	0.885670876797278	0.822694065416873	0.736798476084148	0.723521121008985	0.931684668163417	0.525244694749097	0.833375891012918	0.963179527377714	0.939158356957296	0.284614349413291	0.707839270400276	0.929338431188276	0.92931455924286	0.481624474784252	0.879773628393683	0.811290255614673	0.576543221539805	0.799820097317923	0.88750300011912	0.838953750497086	0.735348552462511	0.314723988340975	0.33579213138204	0.757051962663531	0.203087755553109	0.59595570190195	0.699698602825207	0.407380759567531	0.449038314287461	0.764286126307909	0.808641253796347	0.813660052605131	0.671255216119186	0.664485522282584	0.837297768528883	0.660100417413158	0.929538279466021	0.746551543313943	0.841945275379259	0.522962012383411	0.597863463736735	0.94898795144067	0.496831120418069	0.533265478600534	0.469928004426744	0.533198392806004	0.798088356941282	0.831657724493251	0.812357995370742	0.849559769849046	0.764583388914153	0.90629388643129	0.763686263035985	0.933642068283709	0.749599362551923	0.851557641584822	0.719091078397452	0.897461489740052	0.519270074891403	0.351685210823228	0.604137071289135	0.683281023548202	-0.00520041891161713	0.13670924563003	0.63350851472591	0.698008549439391	0.597199227642364	0.50416813327498	0.91343150772135	0.767791321455567	0.591190639184431	0.849618043769666	0.30414345187388	0.729628156777494	0.266628284607131	0.319757260029114	0.823193501552682	0.75363401149549	0.630253938966571	0.635826251131126	0.831151984642651	0.142299311763791	0.736045817323963	0.79120382165519	0.842075192614713	0.56732483874478	0.921363510881034	0.778894535753707	0.7051249522155	0.908529000145579	0.288116485006773	0.661194217528856	0.901497614899536	0.770228756154842	-0.0831895856182878	0.244387815704278	0.406257944512724
CNR1	0.390316800154938	0.728554282213595	0.309496953171956	0.437299711887471	0.310697323076891	0.641336309839748	0.171677235409591	0.885730472435507	0.0973323675554999	0.310025858635459	0.331267511266812	0.921600004879372	0.822332754105733	0.606212258321245	0.441631761890975	0.782597498899548	1	0.440706722802158	0.0578770061459114	0.672017453651313	0.916644299391221	0.297794251816642	0.35289496369872	0.702284670003326	0.0699127807090414	0.730327215138152	0.777277316312706	0.901306918020095	0.0584253496169476	0.451165792950694	0.667734860116975	0.697204751981305	0.0318786089094127	0.934873857440276	0.74973813706717	0.286104881345493	0.454236496999641	0.614975357525627	0.558227607932853	0.329683805275118	0.0158357641895427	-0.00436258426375836	0.857305778465262	-0.0425323876000284	0.772644736449499	0.356852753215735	0.0944973705587096	0.180761111992551	0.9297859614134	0.494424671612906	0.629165858988932	0.476086272044034	0.295303169557725	0.954445493606105	0.8012109755864	0.776708895522322	0.869870014796388	0.525845746379405	0.575207170636788	0.300969008011588	0.783894934512339	0.13323542827329	0.116025720323903	0.0506404364016462	0.198790166885014	0.430124493881162	0.85464364606673	0.484118031749863	0.909918822000737	0.444079599300877	0.858231496869898	0.915678297299185	0.84660552135832	0.391317303826253	0.51868105500644	0.870220189003942	0.933596781575422	0.315847609749779	0.0468183552922992	0.144717220603952	0.746398407444398	0.0577517104486804	0.209274966239574	0.311067369803061	0.279097541045213	0.394204555215495	0.067877732601493	0.741584207658078	0.901341384934636	0.326047832063339	0.475309978426648	0.0283600148235549	0.390548694788215	-0.0372026179043548	-0.0190444719675704	0.518315408395839	0.922343245975743	0.272951003823032	0.330921613887373	0.447633170023095	-0.0638894100578713	0.384504186035657	0.483889183562089	0.560826152282008	0.195477493518805	0.842929948270158	0.498566489722897	0.452597870134812	0.747949529723812	0.173480532317227	0.185895016622476	0.601076783836597	0.448239022633556	-0.075503919627275	0.18260512020391	0.057821697082614
ITGAV	0.865819984882341	0.910645882209228	0.953516322438275	0.651156787336076	0.842085514869397	0.866473685605252	0.889973290074264	0.744195815991114	0.811200974726879	0.926151384332498	0.917508159704925	0.306354552897034	0.244788832473527	0.63378798594965	0.855998620647919	0.818369750106783	0.440706722802158	1	0.81430747154763	0.928818534527141	0.433139451948013	0.935950758885782	0.936274355053249	0.872159621865303	0.812186089705648	0.753239214864806	0.787706741295863	0.661417052191192	0.478122447358361	0.735747973953425	0.921692628672415	0.899074719450021	0.773504191234898	0.588271568851815	0.664624794646573	0.678533265226245	0.959737895944654	0.926437602384758	0.825964565361568	0.927542026373847	0.509548238339173	0.577324490276054	0.512530626791113	0.39310528296895	0.272534061949029	0.866253736089426	0.573740861572871	0.571178971378629	0.328283291449903	0.882517330722322	0.770115368306362	0.606833185055348	0.844528069731972	0.465159221831456	0.230705199510606	0.78113048869672	0.303510968455013	0.820916700307556	0.53240021006015	0.662539623194247	0.82212302796218	0.777969571904022	0.807703245045691	0.727574363658981	0.695707430209493	0.945766932041361	0.500670100620888	0.906631692436998	0.539292318785154	0.925670996142279	0.763076269319264	0.313558975266907	0.781524287682408	0.901177288534207	0.84898089140899	0.267148642247753	0.645273716202583	0.5359902296231	0.529486739047956	0.926267367231239	0.381752016183834	0.0170101049116737	0.0611110992188944	0.772482441158213	0.960068805096822	0.624555094213615	0.763187499621853	0.806656174684757	0.340702781727074	0.676533219214644	0.929208205987229	0.511874371997525	0.855057778753706	0.480115246448638	0.558702659443686	0.89895926442165	0.323404243568955	0.838263286774012	0.720764361671049	0.964773737377935	0.311471517696466	0.783706009279329	0.919824079286539	0.917554285671073	0.77067536419684	0.697993324511342	0.823618336023	0.739303068565309	0.694323569764741	0.35385408929959	0.937786660224208	0.857311297814328	0.866370207203866	-0.0042972233221348	0.285317672151238	0.628724858406493
