""	PTPRZ1	NRCAM	SDC3	EPHA4	PTPRF	TSPAN12	NLGN1	NLGN2	NLGN3	EPHB3	THY1	VLDLR	PTPRD	NOTCH1	GPC1	APLP2	NCL	EPHB1	LRP1	NRXN1	APLP1	ITGB1	CD63	LRP6	PTPRA	NRXN2	LINGO1	RPSA	TNFRSF21	PDGFRA	CNTN1	CHL1	NCAM2	SLC16A1	ANTXR1	DCC	DAG1	RAMP1	GPC2	PLXNB2	CAV1	NOTCH2	BMPR2	CD81	ROBO1	DDR1	ADAM23	LIFR	LRP10	NCSTN	TYRO3	MYLK	FGFR1	INSR	FLRT3	ATP1A3	TMEM67	CD99L2	PILRB	ADAM22	ACKR3	EPHB2	PLXNA3	LAMP1	F3	S1PR2	PDE1C	TRAF2	PLXNA1	ITGAV	MCFD2	ADORA1	CADM1	CD47	SORT1	SLC16A7	RXRA	MCAM	AR	CANX	GRIN2B	AMFR	CALCRL	ATP5F1B	DCBLD2	RAMP2	IGF1R	LRP8	ITGB5	NEO1	SCARB1	KLRC2	JMJD6	DIP2A	GPR37L1	ACTR2	TSPAN5	STX4	ABCA1	CD46	TFRC	PLSCR1	TSPAN17	TNFRSF12A	EDNRB	CLEC2D	CD44	LY96	GPNMB	RACK1	SMAP1	TNFRSF1A	TRADD	TSPAN14	CD74	HLA.DPB1
PTPRZ1	1	0.870812860101656	0.907659024966014	0.652754022740565	0.716556479554386	0.910146590313317	0.959513671469927	0.935079871779852	0.970679200890504	0.896941714475899	0.930583698213105	0.872612207854238	0.71949028569701	0.936588021915166	0.888285432964059	0.913711605679	0.901843030228951	0.918778816804413	0.928502944780223	0.962187162890179	0.923606479346293	0.867982439788036	0.841784041161416	0.952704727218435	0.905504284882525	0.966777646399766	0.941660430790471	0.854152585294207	0.883080462983403	0.962656037705452	0.957053569372482	0.762220009825128	0.937952764351891	0.72519619663124	0.911628875510133	0.930051120834985	0.921543811653848	0.876693411242402	0.892629966154231	0.785038230395202	0.822923785242379	0.804820169783683	0.932434866521834	0.910468915331311	0.852367356897339	0.795498274349597	0.879671919974171	0.857598639328459	0.709636940958275	0.837125160520186	0.947720541374291	0.300451893696173	0.854581910207806	0.720659885957441	0.73111390571359	0.723753349523663	0.795443238447786	0.930750943888805	0.726824827841656	0.90494549110223	0.841139092199453	0.861005522289121	0.748698707607276	0.875537268024722	0.317926354811849	0.892523159949149	0.87894510352511	0.747262761514086	0.874686330651586	0.856249447273203	0.840291356100504	0.860993528332869	0.886571999364364	0.899193953550816	0.911318143069167	0.68432147542122	0.591296263773312	0.93499855790886	0.866093164126342	0.82962019606229	0.914056590840297	0.856223687217397	0.939340703470073	0.873801316859093	0.821692225270343	0.900460377309922	0.637135196265625	0.885692824660929	0.906274312554426	0.85943009618737	0.455852967384166	0.912544775601071	0.740880688404878	0.903321047675142	0.872976630148422	0.928102781203901	0.858384581780568	0.855544357394299	0.334477515795046	0.841340946009968	0.838611627882471	0.774804924120795	0.899128752041867	0.816836918722664	0.890390971076288	0.826534137074594	0.152067931683607	-0.0185823509421182	0.320138393029226	0.752174428630341	0.909156282465213	0.75073110470726	0.600846884323767	0.858545920653168	0.156762480329755	0.57702021734231
NRCAM	0.870812860101656	1	0.942404911897577	0.878885521215827	0.885497656295267	0.74654742732481	0.931273120456065	0.874116217571987	0.868468746049423	0.744932661055396	0.730202569135319	0.824385984947001	0.709513832908071	0.888796505986627	0.950433272048075	0.938725478002683	0.754143464373521	0.887226680522652	0.947879575337495	0.834613698015503	0.895298686665059	0.928243584177036	0.926439520452452	0.884423143380189	0.951685999962273	0.891530591593917	0.880737046760627	0.761834878772937	0.893745533303096	0.881902789967095	0.831334707177034	0.931830957274323	0.926730710534324	0.766989784968637	0.903081597865286	0.800346230780997	0.929072512403664	0.940458027120379	0.712540431116083	0.88302622985326	0.883962416894315	0.924055401760179	0.932177125027157	0.944873319777378	0.952826063939714	0.94227077669375	0.924638747568359	0.911872888989032	0.850456284308283	0.902452017530038	0.930072024266788	0.567269173492959	0.888279446898595	0.813503225825471	0.669322065299324	0.530847505038838	0.893268931334871	0.912789979607071	0.850260891913755	0.837025489462387	0.863312075947591	0.828699607102671	0.867574958111255	0.912218317764608	0.606529769491029	0.818691412359415	0.880715913967896	0.69506668491579	0.868830026288043	0.964980595165589	0.887814795212737	0.815483244331719	0.882309032276199	0.91964484961512	0.932529478104156	0.860468448429031	0.788961471395086	0.812626165774779	0.89709186695747	0.871836732373166	0.911099122529382	0.906267733833863	0.869370098271636	0.739412287348065	0.906317331553688	0.804367415024704	0.850029568216393	0.84086327259171	0.80611816344629	0.885955437950456	0.497674494667555	0.753685321083265	0.724731169177729	0.883559535597292	0.753931941723446	0.885435124653731	0.905453940247905	0.853639926062753	0.682871694331222	0.872128937112196	0.811991291717773	0.788597802951601	0.776114262169536	0.818085085172135	0.858516511426736	0.85718065515847	0.471710138934773	0.335964000294538	0.49952484945488	0.757040683040054	0.867260581438815	0.914457359994217	0.794635523997932	0.869885894896948	0.418179596275522	0.709519296281332
SDC3	0.907659024966014	0.942404911897577	1	0.795807988130424	0.868764134064472	0.822210655389696	0.934838410593022	0.941556039644984	0.927384277369453	0.83021497347238	0.809786714647416	0.870913725593429	0.771385846075771	0.945442805946385	0.966029521202268	0.956286144316473	0.828543934671159	0.911624851235237	0.963129940932375	0.882386473950066	0.933491941227287	0.941952659027513	0.945976136739429	0.902659534734461	0.954817962356687	0.929363326168557	0.937486273541059	0.858676298232257	0.917650309120604	0.911663534212038	0.891077073927808	0.883589607319179	0.938896699391613	0.798713726608262	0.931447169681198	0.853565080137886	0.963600568902884	0.923478766606098	0.785245477092271	0.881442978293229	0.923187416072398	0.897317799926512	0.953689319587573	0.977353513628761	0.934839014715841	0.89892330375978	0.916228343274928	0.937210948030187	0.802529310262654	0.906947445390409	0.926074752727382	0.543523944925522	0.907967022794521	0.795353312800223	0.738327310641493	0.655604057097332	0.871674954903144	0.940101172482387	0.826182030768371	0.873567771608879	0.870044757701608	0.881124116430066	0.89547844142069	0.920731692947333	0.520179555816904	0.862498855815528	0.911923719927365	0.731579042379068	0.898859203434138	0.947304973715223	0.925961300734058	0.845019791871105	0.92152571577046	0.937246742193624	0.948591364370413	0.801309832935486	0.798230835477459	0.876844215924583	0.911296751257308	0.90230545288939	0.928204048103904	0.932619634599762	0.89735164556616	0.830443347367605	0.905418949437749	0.891905026530829	0.814912938846111	0.885222295874835	0.867831325043051	0.903586334626656	0.577856718127412	0.810364752137693	0.799495859427858	0.906772155445695	0.781520380205111	0.937688003329409	0.888565303988898	0.909957303076661	0.58917166572286	0.888419524737755	0.888150573221554	0.813514424532108	0.847357908519549	0.853465841637339	0.844531798643891	0.851209771496857	0.386068970333869	0.273782709235469	0.450424534589508	0.829079392437008	0.922676898723844	0.89372731112587	0.761573314545019	0.893774076541369	0.346200820781341	0.690003061014727
EPHA4	0.652754022740565	0.878885521215827	0.795807988130424	1	0.81457465236381	0.556311536161569	0.769761107347616	0.688433250535509	0.641994856761311	0.520158839832973	0.481481176822777	0.654196103288164	0.538672579745723	0.698684625134267	0.796669222991495	0.781798282842653	0.538198553598014	0.749919465843249	0.77714105511635	0.61311959483457	0.692499789137449	0.782155759744068	0.803968116169773	0.711707985776431	0.79853421461842	0.687657899159911	0.652642408940633	0.571204629418687	0.714905690475091	0.660785525631316	0.626944357214416	0.908420392424195	0.77855599940489	0.604695143558525	0.777716459056458	0.578211817210393	0.773879270712486	0.86185427819809	0.448904081793939	0.777355295086929	0.760071577995372	0.874325792728656	0.775599306305154	0.803195315894296	0.893327191709411	0.927491498421112	0.843824554063351	0.784106438404169	0.864260025555361	0.77336858424079	0.759418120386362	0.650093190501304	0.724332918341334	0.687322136993287	0.432250725835875	0.272938797162485	0.79445162349177	0.755253612998075	0.786374840657026	0.664022151645123	0.767562262603926	0.631947151761918	0.7480797358708	0.796566182232588	0.776155370533727	0.608743800993998	0.755166872631079	0.472116475211521	0.683637585925283	0.907847677187812	0.731727427266137	0.680365521524883	0.734383353561508	0.788951902308641	0.797214045414902	0.825614074546437	0.728340701897249	0.611055796858839	0.791121390856033	0.707298005936333	0.740619799924077	0.784867952538503	0.699678126812604	0.521074078693466	0.789798505421221	0.584832105057157	0.829886186658344	0.655874100493635	0.578122456979743	0.726071785238016	0.347683643601191	0.521838656670442	0.558625329902495	0.721713033601196	0.53268320548404	0.724905813294259	0.812757035194177	0.680363561249869	0.75305580877613	0.731876214979031	0.637836193378215	0.617918640781608	0.541155426372472	0.639565049967384	0.695176445704954	0.747224175816383	0.692456321847441	0.43155951819372	0.477048924229061	0.59053124071362	0.692469671923168	0.868857759076514	0.727499189356034	0.73048560401105	0.628878804214501	0.750380665799083
PTPRF	0.716556479554386	0.885497656295267	0.868764134064472	0.81457465236381	1	0.604458038298366	0.813768271048981	0.791040429107373	0.738860446821115	0.635632806785021	0.580686471231672	0.75793694647922	0.764631953881327	0.800414029780517	0.872497132237957	0.864064783988365	0.676285976073739	0.77335512534627	0.877362713350453	0.692327532025939	0.792044713843291	0.883151700161677	0.876314537416418	0.755831039322591	0.884750691861292	0.777382935754774	0.776389512202231	0.727146358934274	0.777474405571584	0.730257025382688	0.723917303903998	0.840277893774724	0.800318593675583	0.860812632882332	0.80674458502133	0.696880223077447	0.836937170928557	0.806530986631591	0.605892889826428	0.874749395353361	0.888507703016671	0.887576633074075	0.848658212867976	0.872756952392795	0.88383045454527	0.861435316053703	0.801361290862916	0.853209401991603	0.778345649806997	0.844670504766869	0.786673567715701	0.659048126701046	0.876434201233049	0.838591002341545	0.661919130112042	0.517515157514966	0.865667821592725	0.802311948367505	0.857416831870237	0.740757166170564	0.726606827158211	0.78142715969216	0.896665971899174	0.825149013041593	0.626611375623966	0.717933224085523	0.775918906929244	0.653731035643152	0.797251636884677	0.893963546849218	0.895965993191204	0.668600537332256	0.834678395213591	0.827036671138263	0.834980847221493	0.875677738104311	0.894919468158858	0.680461266034784	0.818686629303142	0.894727375867146	0.794119844718594	0.873648302311453	0.761525841916057	0.659299275211235	0.893191839468818	0.715418312164222	0.914549654324334	0.777054176302956	0.714476721270687	0.817216671381542	0.681930989661809	0.593133107777888	0.73679756823964	0.812677038896194	0.541185294050833	0.786264925977272	0.814025794263163	0.79929970182237	0.802691072984564	0.837249347024189	0.778093518133343	0.736591693539824	0.673035867935932	0.72557650947148	0.663383533560811	0.840248400355981	0.553550620892924	0.564274225878246	0.591822106044264	0.834444898213117	0.802828777348029	0.881017320442058	0.834725528722486	0.802578570396622	0.438455657102531	0.710467182958021
TSPAN12	0.910146590313317	0.74654742732481	0.822210655389696	0.556311536161569	0.604458038298366	1	0.858864543051035	0.883701895499205	0.917443472956297	0.905868050813548	0.941499188759271	0.7765639517903	0.627062692236611	0.902235686027867	0.790444405436894	0.849552462173716	0.905437351129991	0.865599455818815	0.821207541262945	0.913949638653577	0.848472922692442	0.787449462374518	0.786146021333547	0.89517965576624	0.816680571975073	0.900466971687949	0.876318901093261	0.886089378913939	0.798814015970088	0.90038742574718	0.922247833459965	0.638469728391279	0.861241072579571	0.644818796432609	0.877730970865152	0.872945048876744	0.866193654243027	0.814806076067218	0.85346853125118	0.692372183638888	0.75295687386441	0.699776264698557	0.863389624642993	0.848562428021074	0.744544247308254	0.708338263471058	0.806578718740515	0.818595017960683	0.625492242420126	0.756692786870205	0.852412967314817	0.215590481642745	0.772330068566886	0.59488784191368	0.668993368448859	0.766268490718158	0.652304388950089	0.880985748165826	0.623094044239189	0.8412463513084	0.820342320641093	0.808786114132118	0.637110030699124	0.837815441047779	0.293121268795902	0.830979936292846	0.80382698101625	0.744410750576738	0.76523444575421	0.768499611232533	0.774241012515148	0.787087804616656	0.858851410133528	0.873916500463731	0.866770324886867	0.561567379032904	0.458652420419373	0.927583401897596	0.82614719351933	0.75776579486915	0.828570777467067	0.814202034986707	0.907707488476174	0.918968597563463	0.748143869954394	0.884795369515176	0.538167808513675	0.833706849783369	0.889716339623854	0.77637032902166	0.43971179678192	0.911416894171917	0.741287400581036	0.831198480082108	0.786142471301254	0.900430208605699	0.778251801076381	0.813682955769585	0.19127345813341	0.737354134482362	0.825876278751142	0.767775441855091	0.881098891314405	0.713325498569104	0.80658096041119	0.701933813876149	0.15568031258303	-0.0853180919442887	0.19657451948364	0.721333533719013	0.88940153173121	0.662849530445558	0.465936108675226	0.780873162124637	0.187575221221184	0.603881182356571
NLGN1	0.959513671469927	0.931273120456065	0.934838410593022	0.769761107347616	0.813768271048981	0.858864543051035	1	0.935105875863277	0.940325368168957	0.842225868328608	0.853190893044221	0.877585144983374	0.749400352395123	0.942238513371509	0.923390639300188	0.945582447310999	0.870285899270702	0.921014362694897	0.956550984562034	0.933483940698828	0.926977905182778	0.917053412212547	0.882062482659893	0.945620757992918	0.948647290402944	0.957695226299858	0.93158803555139	0.835205465934394	0.883314979247601	0.937482627443748	0.924930694972404	0.839059864086318	0.940979293806537	0.787273357745394	0.932021364838872	0.900287139778436	0.947605009457682	0.909138537600174	0.817864697154707	0.844707250583715	0.861537437209735	0.888146143471947	0.957037466780962	0.940976004195466	0.91514484349665	0.871133841340103	0.90117696625023	0.886041811560539	0.780367970965356	0.886671493861829	0.952927025721205	0.42906327099585	0.884769828499601	0.804981114985481	0.713568876302112	0.668381682817855	0.874691947502851	0.941876868250404	0.81285468468418	0.90063841181761	0.873095433125867	0.880007241526606	0.81687573551536	0.904442669589882	0.438834979797903	0.876519993982603	0.898960163488383	0.763230155775786	0.882096962270744	0.921559837246203	0.886375873635003	0.847256702824589	0.916596653305971	0.92049274700964	0.937655207748306	0.790741017776762	0.707414568154263	0.896400195223897	0.904563882765221	0.874329405216382	0.935663750537787	0.903001910887819	0.936779882761845	0.833507695173797	0.890869093144407	0.858762573063392	0.746471803074457	0.886888951279381	0.869679126087096	0.89341280190696	0.508178029487728	0.855370227810904	0.757411206329354	0.918294800257331	0.810000913403981	0.92963786189394	0.913367392946034	0.876059374840285	0.513505517624216	0.886850518895131	0.844814970128063	0.789445488645199	0.852792325408308	0.821991610333871	0.878243917401826	0.884007140281512	0.292451261235463	0.152872146522754	0.423670515306533	0.78608630157298	0.919026397918805	0.831106067482174	0.700950282044483	0.887782624275418	0.264539797039857	0.64919687622195
NLGN2	0.935079871779852	0.874116217571987	0.941556039644984	0.688433250535509	0.791040429107373	0.883701895499205	0.935105875863277	1	0.955346252805519	0.871997450349788	0.869864834001837	0.863368657244363	0.748048073262664	0.963608311293086	0.899776408706893	0.923338300389127	0.876796443334582	0.920696777118337	0.935812816874158	0.906373074945555	0.923137245926341	0.891267761638042	0.876387408076953	0.933100383301535	0.92457682591696	0.953795319141423	0.956302798340662	0.896973853445797	0.898132638430101	0.924759654909236	0.945659777410363	0.777126622535496	0.92565721831059	0.763554916079014	0.931654446653228	0.916075390062084	0.949381277341302	0.87584549475019	0.849546818147624	0.819798356821901	0.862847793740872	0.843636819399231	0.934285831938981	0.952680929606571	0.883798946779747	0.821642744562762	0.892148817712252	0.894491429270068	0.711203835073299	0.860103100973257	0.922086434853313	0.420023112243886	0.88234939283163	0.770281302258622	0.729734949019124	0.734624831791333	0.797879157123892	0.924506211707425	0.761300003156028	0.892313625891121	0.837111956834794	0.89158128636325	0.834042359758884	0.875445568736472	0.38739806860923	0.864201062585881	0.895539046554285	0.737033189653608	0.892222327774764	0.886371782667455	0.883065237545758	0.841893448501984	0.926257392719547	0.906247122298595	0.927273217530058	0.706317222433905	0.696891697437068	0.928626762855104	0.894669989654528	0.868285651797049	0.900680376919756	0.914984404474929	0.923163537059057	0.868753901956878	0.863045858793942	0.908968811729641	0.722880725026422	0.906040751422223	0.920817784770084	0.890991954713764	0.580494663869713	0.867775540759238	0.788847755534702	0.89645374834496	0.777864136144558	0.943119314037902	0.850573967759209	0.912412980859348	0.442245156910667	0.858362969110356	0.880029483056352	0.766464584302793	0.891572390548652	0.776781128105611	0.819157027354123	0.838591682483166	0.253190585695685	0.136470149572646	0.355922099150735	0.83069047560702	0.92240724335601	0.788988765828973	0.65275663175422	0.870143775541178	0.239567598792419	0.629993698344539
NLGN3	0.970679200890504	0.868468746049423	0.927384277369453	0.641994856761311	0.738860446821115	0.917443472956297	0.940325368168957	0.955346252805519	1	0.911314784204649	0.937373725039279	0.866140790431818	0.73028855883758	0.95926275644607	0.901124876278551	0.931527788484795	0.917559458354129	0.917809806264779	0.932438144368712	0.953770993193113	0.946427500106922	0.889349137100269	0.876295907700854	0.93748034399494	0.919104722155658	0.971016910085928	0.965863885349291	0.902090813459966	0.89208297196473	0.958538484598645	0.957777437351908	0.750643720222988	0.931893162219785	0.754112439187133	0.916865256653606	0.93773421965315	0.945827826171118	0.879477797325891	0.900710216465672	0.806526064314516	0.835171209851638	0.806510182658666	0.93295621058996	0.943657537354254	0.853145219487769	0.797582057145067	0.878973532888873	0.871394345901853	0.708155419454046	0.839976776164507	0.937694746886052	0.323587774439252	0.879826832968252	0.742409955747875	0.750907613634072	0.768916837561056	0.776664465223062	0.938617952701124	0.728588708623723	0.904132742621006	0.852685106269504	0.890867104318927	0.786995174119377	0.88364962150256	0.32050040321344	0.906603933108359	0.890981688559464	0.785271435074927	0.8948083273993	0.855534720517771	0.874626752812453	0.868877081926774	0.909806635745339	0.920510669364772	0.93084859669844	0.681152433092628	0.624645910492113	0.947579509545875	0.874362006987233	0.863705981128296	0.917952827055964	0.8953953834657	0.933080035315824	0.913306954860287	0.841947777640338	0.922099715027244	0.658031434875262	0.915580953980828	0.937274681502239	0.887360367782707	0.52876453225611	0.9182860467557	0.805909929921069	0.897453857786141	0.864135550565253	0.952545118033892	0.855306918608589	0.90608871094889	0.35694850801506	0.842329756529711	0.866535616183422	0.813113158342241	0.923048503801485	0.813017220727442	0.872691266643534	0.807763594511626	0.171945541557744	0.043358266695031	0.340729274346573	0.807254250786615	0.942056099529291	0.761383387786159	0.626654118425947	0.876656696369114	0.179188678255575	0.609569340118483
EPHB3	0.896941714475899	0.744932661055396	0.83021497347238	0.520158839832973	0.635632806785021	0.905868050813548	0.842225868328608	0.871997450349788	0.911314784204649	1	0.934759646601644	0.78739325236716	0.682519315123495	0.893379672846328	0.810261489969685	0.858324863482341	0.913536762252094	0.836279459505139	0.834428108780256	0.9111154061796	0.856351821534099	0.82120082255301	0.7944299721674	0.889186045868316	0.824602373473379	0.871025260459071	0.885169759584813	0.899295194722228	0.814868734363561	0.893960925293012	0.913291680027803	0.616702011620459	0.864943095588703	0.707312130678077	0.872886896819068	0.862233968770043	0.860068757125338	0.779105120355385	0.855070599127287	0.706004122936033	0.774616630817028	0.710226162410275	0.858091696438971	0.842011220283382	0.732188778400792	0.690079565713162	0.758431118941837	0.806816665368377	0.602272597174479	0.767677521836616	0.825684365266512	0.21552812991933	0.813146619447718	0.658875328142847	0.750655428631296	0.766592363106796	0.683221750892481	0.848496098018962	0.641031129781131	0.844455745607765	0.780409575031164	0.831488984646762	0.679609256246743	0.826866786796664	0.255822659522318	0.843634874477506	0.764493441803056	0.763478114851566	0.812841751871691	0.76010609834708	0.807713989085729	0.775516818021918	0.846555978735398	0.856514163625475	0.859698441987415	0.567319975028041	0.522520101207654	0.892653960967273	0.820651124712768	0.807696636056834	0.820377210543357	0.813209530229013	0.869300479245274	0.917939059904378	0.767167302660943	0.870711427569763	0.56109194322229	0.837605493422863	0.889585345269841	0.795154291198252	0.485431762315733	0.8778029455245	0.768398919883951	0.833120708232969	0.748332532199577	0.896157102432326	0.789130031939352	0.835762917372659	0.237267888269468	0.746549266187209	0.814916206732416	0.78604376718832	0.885887446904489	0.749815503614569	0.768748643322097	0.724756762512211	0.119282037330472	-0.0220509578270665	0.23631671426549	0.777080633789183	0.881197126434381	0.680258352708419	0.541209627334782	0.821833883298101	0.133950226029815	0.57873389990864
THY1	0.930583698213105	0.730202569135319	0.809786714647416	0.481481176822777	0.580686471231672	0.941499188759271	0.853190893044221	0.869864834001837	0.937373725039279	0.934759646601644	1	0.791142058696732	0.656970053386073	0.888014868026417	0.796491832877095	0.848385024739348	0.943932882683436	0.834524736268219	0.823512638017324	0.933367995959619	0.874891290637008	0.805716354225021	0.78843849481966	0.885600245745847	0.819531395754714	0.904737468299864	0.890995919478631	0.904597800305224	0.815575582923361	0.910162326905485	0.935703960769786	0.598423957999424	0.859014220263667	0.671948763719893	0.85714608299543	0.899476625731702	0.850419580134815	0.790821196155199	0.907430712845764	0.681422264780009	0.750634646497836	0.670447904823643	0.844013437744828	0.835217763598937	0.713049818905328	0.66906304146635	0.759140913016621	0.792285715533139	0.58211654073062	0.745631533888712	0.857022168105948	0.131781482624698	0.796692615870742	0.596015522417449	0.713444263181518	0.805879504737988	0.639420307015691	0.870707669608818	0.596568455261981	0.858232402889217	0.794575704452692	0.82437738627	0.622020253967891	0.837532022523115	0.20985158875989	0.875811551675356	0.77727501266632	0.790923688240735	0.794165867939355	0.730996888510728	0.772725024986923	0.819603201414981	0.828085444481976	0.871020092363864	0.840522893343212	0.538872958364125	0.434009897886959	0.927162069554536	0.797723340022031	0.779738492154935	0.81465252040474	0.794211364307509	0.885288004394363	0.954796049812066	0.732389978047617	0.891701637316275	0.493244312203912	0.838391486435431	0.91141780151917	0.772384675137925	0.428407498672743	0.933188068999297	0.773405542334789	0.825129630270437	0.837673079193973	0.902507179207177	0.779290995418143	0.826147149901731	0.137175008712657	0.725755271803805	0.811481721880479	0.796851218440963	0.915089961515541	0.76351279493015	0.81481488751934	0.6892391803485	0.0684809644072603	-0.119811631136066	0.183006738287241	0.741730201010422	0.899549227394997	0.643079285077247	0.464881594038536	0.798549813996301	0.101789280660216	0.563425909942835
VLDLR	0.872612207854238	0.824385984947001	0.870913725593429	0.654196103288164	0.75793694647922	0.7765639517903	0.877585144983374	0.863368657244363	0.866140790431818	0.78739325236716	0.791142058696732	1	0.715277195803686	0.869191178746693	0.869711752413977	0.871886294667292	0.796924115641434	0.812317076101502	0.888513422582863	0.876456505254103	0.869781597647072	0.856854646125946	0.825343659231265	0.854539387860256	0.870657375204279	0.890332843068473	0.886451779340439	0.784233123531575	0.830528669688955	0.882841755024499	0.827430404288836	0.735801286623633	0.842974221737594	0.784834797435328	0.834632662751572	0.839150424134564	0.850432588575722	0.787375601088956	0.751519851405295	0.781730342195616	0.84919139091868	0.817503380497842	0.880128286789777	0.86987709441687	0.822175571680565	0.741658557268889	0.810444958055836	0.815339644360497	0.675778593101681	0.811639614534697	0.83803237151855	0.440640836325205	0.84121352320501	0.73690699559297	0.670541166745831	0.588356854499754	0.832860653513789	0.853929722197748	0.759232695890978	0.815122778644096	0.737599899691907	0.828114139966178	0.82735522813128	0.794367170575771	0.315752404632877	0.830714334174633	0.82373456482379	0.683564621546526	0.843480746865785	0.833681507263213	0.871431512174513	0.756433652969225	0.86530665851178	0.830408436846652	0.846979665329576	0.729167331567407	0.715900576331748	0.820044576829016	0.794417228639944	0.836543966022297	0.851332326950771	0.815855984014196	0.833484347833442	0.773736964525026	0.806730202350304	0.810791513510017	0.711606379179669	0.844412726799564	0.794602175687896	0.829223836452122	0.569236747706573	0.765288888249861	0.755764629280176	0.871802713448723	0.747611890429133	0.859465164415864	0.816362672722727	0.831212255632629	0.489674765742627	0.858640144132492	0.814597433175499	0.747421032939935	0.788446917680138	0.783317126682238	0.771301802128237	0.843004453461724	0.20084968591136	0.175800137127313	0.431216706001494	0.779094839847173	0.861259443606449	0.75930964703629	0.679201555952352	0.77804880116285	0.150030833987589	0.51860963030492
PTPRD	0.71949028569701	0.709513832908071	0.771385846075771	0.538672579745723	0.764631953881327	0.627062692236611	0.749400352395123	0.748048073262664	0.73028855883758	0.682519315123495	0.656970053386073	0.715277195803686	1	0.756686241749791	0.757112777693153	0.787254886058324	0.754818670221218	0.665130428347659	0.794027703666061	0.745451652167905	0.752636072894749	0.79632425765568	0.751742484378947	0.706261472473383	0.781995065715149	0.737299508379986	0.751314825625904	0.726202695348341	0.655040627806635	0.700549773239977	0.715163590777296	0.624025265154105	0.704486025424569	0.843870427688369	0.690124486516014	0.713517730419369	0.746379620623505	0.6343546853321	0.651391114602801	0.753537634438774	0.781218659943117	0.707822380733657	0.747810093809185	0.758633402991102	0.713756895674513	0.623781571325585	0.626174130313876	0.746757800731524	0.561020048928427	0.71477670605646	0.6970912805981	0.421878160884293	0.792549472185281	0.700106834661683	0.750216866711278	0.683093802643325	0.74169635768664	0.743903640016842	0.630833382396261	0.745147968237658	0.615411976003519	0.767917071447722	0.754526806233154	0.7262009278088	0.308674665670977	0.725618137836067	0.657390537290278	0.726411034368294	0.729373564019434	0.704227329476729	0.789262723646328	0.590843649537752	0.757258783951869	0.711006945699897	0.734687862313015	0.664397619236599	0.746681288742239	0.684249651038874	0.699542078191045	0.810436616733225	0.737211567387256	0.745644978344897	0.692346814194308	0.709461610636482	0.787377027599361	0.720085169136342	0.655016502903223	0.751816317442909	0.720923852216641	0.736556305454646	0.717126340911905	0.620021253629811	0.70466832256676	0.743981836967331	0.53147523033565	0.753414108953692	0.745702244778252	0.72556072019981	0.471769876384769	0.72129776429137	0.733192114039753	0.685587660857859	0.727069501961231	0.69177821487792	0.631875839024415	0.687057763025292	0.194820456772539	0.282597443183597	0.401334329522773	0.768644960817818	0.759147295994164	0.66300505677897	0.659980802950867	0.723671189386071	0.117139480733002	0.480213139883126
NOTCH1	0.936588021915166	0.888796505986627	0.945442805946385	0.698684625134267	0.800414029780517	0.902235686027867	0.942238513371509	0.963608311293086	0.95926275644607	0.893379672846328	0.888014868026417	0.869191178746693	0.756686241749791	1	0.92166955603715	0.950586365108193	0.914524889955697	0.934905833609112	0.949954103784079	0.929213372886688	0.928271947996442	0.921697496773364	0.897221326299558	0.944113616306705	0.942470837803671	0.959030076137999	0.957564220560275	0.929863857105068	0.887689269461064	0.936865748352866	0.95155310160957	0.780310449599756	0.92601527119294	0.800379768782178	0.943898387068281	0.913938407587063	0.967576189737423	0.883643506719315	0.851779599100517	0.851638002083183	0.880286384568101	0.853702364734732	0.957535264459798	0.96439032822398	0.888171299691797	0.828889372954052	0.882117365428958	0.911988677506003	0.724874359341351	0.876215499229715	0.921550776579572	0.419245781035147	0.900204356465342	0.771776850233728	0.773582341770934	0.76982666864046	0.819680458135897	0.943473100507578	0.787198336831314	0.89198962391261	0.881681160081364	0.917937413557894	0.830721160878313	0.906877710048516	0.410593337944421	0.878672967289624	0.872717569127903	0.798780126536929	0.890699185349749	0.896058813728284	0.906650041556009	0.839869560188132	0.943124552475924	0.934470120252018	0.953863404166552	0.7342296441025	0.702655626820862	0.935913569470808	0.922552865539751	0.889339422856737	0.929254569569743	0.928610653450409	0.945181983290355	0.9063590101963	0.890280909481757	0.915830011996923	0.741456191445637	0.928925830586889	0.942020197162504	0.9128581085073	0.598030158984483	0.88541750991918	0.823019607517195	0.917615395604282	0.760234237900928	0.962897613552496	0.881316611614224	0.911935035550738	0.461286028659356	0.865609465434615	0.905242391964839	0.825600335747201	0.913735126536161	0.809292969418341	0.828373223077612	0.849231532755449	0.275582474356081	0.156704593922113	0.339199261944135	0.851568144365132	0.95690664553629	0.816268041406954	0.685749630750322	0.885725475821727	0.264168553907053	0.671757184599037
GPC1	0.888285432964059	0.950433272048075	0.966029521202268	0.796669222991495	0.872497132237957	0.790444405436894	0.923390639300188	0.899776408706893	0.901124876278551	0.810261489969685	0.796491832877095	0.869711752413977	0.757112777693153	0.92166955603715	1	0.958508199977591	0.824866142354125	0.88010337291334	0.955020658727347	0.868687580334267	0.921002924413177	0.957540262675341	0.954494006335741	0.877790661768799	0.955774569792297	0.903599349229789	0.915867537068413	0.833494169829591	0.897235818392262	0.89352143644764	0.863485888347942	0.882171212082532	0.921869290804548	0.824022488742681	0.912783531502342	0.832432160958257	0.944314968171686	0.913641917445629	0.752865499177816	0.890420870935234	0.927412771221117	0.897761321372087	0.938280248401105	0.957457444883621	0.928696104645462	0.895138434801008	0.887918923244946	0.924389850822828	0.799666872467961	0.906077571083249	0.914636803600965	0.548749068430414	0.914717873239386	0.80733042772563	0.756489356337954	0.61571584546339	0.884543815243064	0.921208144794835	0.831393248726019	0.846888591884227	0.851787846688909	0.873737576302874	0.886079399109589	0.921849327188325	0.53026635866562	0.852229157514715	0.878793353347057	0.766255383643007	0.890608129019784	0.946481915634294	0.9211138538285	0.820018366265996	0.897962055252637	0.931268726233053	0.933160858522076	0.836622949060008	0.798603195282438	0.845861976948394	0.896068297422127	0.89783864973859	0.915671305734394	0.92409276612163	0.882334159731252	0.821635559217955	0.920276866767921	0.862027758062858	0.839360978675627	0.881151429383166	0.844536420186283	0.896053537549316	0.558889300906341	0.787760516053695	0.795018726425726	0.897016428282642	0.76381585092261	0.919594181336683	0.904642274699874	0.881888412400607	0.629359293020843	0.866527833302511	0.855679266906739	0.829852165722815	0.825595114125967	0.891262905002129	0.822364046308944	0.858796682849499	0.401092313039294	0.313888048436558	0.459015560004198	0.815034407735162	0.912366881335053	0.904093650765141	0.781491561419737	0.885592477932934	0.347360478958084	0.691830894396372
APLP2	0.913711605679	0.938725478002683	0.956286144316473	0.781798282842653	0.864064783988365	0.849552462173716	0.945582447310999	0.923338300389127	0.931527788484795	0.858324863482341	0.848385024739348	0.871886294667292	0.787254886058324	0.950586365108193	0.958508199977591	1	0.894869913322599	0.895988293625132	0.957384688136617	0.912744453290135	0.937887142556033	0.974280341454224	0.95856906076765	0.921095752493342	0.962515224990842	0.934485794336832	0.936468107261711	0.886369344811421	0.885533786331175	0.927275926742196	0.911258815230349	0.85858586429563	0.934569526496307	0.858287973204919	0.929423666063857	0.869311358118972	0.958264608547599	0.913416435582094	0.809219284551002	0.884442381802162	0.920508990280336	0.908492076093154	0.962841501226998	0.970058748605592	0.923189728874637	0.884316146820844	0.888620043168307	0.941573692883908	0.79970625812653	0.916414993858793	0.921508722408567	0.507987058300506	0.93525633434068	0.820548718905615	0.763674655468759	0.693424097000953	0.863975676721121	0.943765387591698	0.845157805043167	0.896730719595451	0.89498576685876	0.911538231975578	0.86862232408191	0.95255491345832	0.513319927844019	0.881304981395091	0.867775639998474	0.800984013971309	0.902149719777021	0.942061918468621	0.941924856838065	0.839683412901499	0.947442990326446	0.961788808719611	0.960665406930701	0.826926858574611	0.777729853975865	0.898346128433513	0.928218166856151	0.93451822926381	0.927681323834516	0.936163361014001	0.922460107948877	0.885380762465236	0.935862007661559	0.872025876062847	0.805562131166266	0.911967636781215	0.894210921341406	0.90673668817846	0.588863351761145	0.835692073902362	0.843878719558448	0.912350656342235	0.760722539023791	0.95922943924149	0.929937883418792	0.904170699694903	0.579469211460532	0.891812135504338	0.885404052752297	0.861087019792809	0.87577038515937	0.85350013037517	0.854451003904871	0.859622991957883	0.381452284202589	0.27909767236447	0.452866783428667	0.851776727189409	0.959837351229254	0.891004697569811	0.764623932300208	0.907424699136345	0.336514043518023	0.722514461346056
NCL	0.901843030228951	0.754143464373521	0.828543934671159	0.538198553598014	0.676285976073739	0.905437351129991	0.870285899270702	0.876796443334582	0.917559458354129	0.913536762252094	0.943932882683436	0.796924115641434	0.754818670221218	0.914524889955697	0.824866142354125	0.894869913322599	1	0.829216638310217	0.855037253523389	0.923761135246447	0.86751554238499	0.87151908652892	0.819309272636233	0.89120418920511	0.849299714579874	0.895394888831974	0.892283463759474	0.945587608194299	0.777896434617205	0.881207573550931	0.936527067224992	0.619680013848239	0.841879295459304	0.806284764188451	0.865289412735044	0.8827759918422	0.883211351985305	0.771252580309207	0.87626853323017	0.773957001949166	0.803143581171549	0.742533809199467	0.876085216020449	0.861390594272677	0.758348562009942	0.689297363396678	0.73282160301684	0.830128864454015	0.595671713939763	0.798137152613786	0.83673330462374	0.258909395145124	0.838953973538721	0.703748914241393	0.792570261029128	0.865691543026175	0.705893033087752	0.876587732683423	0.675341533037504	0.886814707077733	0.825562806664623	0.898147484792791	0.704957166374274	0.862928103341825	0.265837790899969	0.857212931790285	0.766854932082748	0.862728424267322	0.815447076607055	0.76985196240003	0.835258168677671	0.779697816182661	0.885299858554344	0.877205295679637	0.87455190333864	0.642453043347755	0.571813688339756	0.925337492152977	0.840359245091578	0.853353684818523	0.837490607617337	0.838261993065241	0.898309728265756	0.967282253575515	0.82544587100829	0.866078706468445	0.596081840426238	0.893602924536515	0.928304691447702	0.799597757741247	0.576397217036275	0.878477453752244	0.836422013300242	0.845612054748595	0.716311951236019	0.928018285068391	0.840316243619361	0.841562913153458	0.286237456833852	0.783029761174129	0.866862162625159	0.832366216912548	0.918607333391381	0.772804832138047	0.770760437919651	0.749754612718849	0.141820457701704	0.0479256783027594	0.256898711458398	0.832971444166409	0.938885537531544	0.695124126899232	0.549079483359589	0.833009204281689	0.132622431322982	0.622581618313838
EPHB1	0.918778816804413	0.887226680522652	0.911624851235237	0.749919465843249	0.77335512534627	0.865599455818815	0.921014362694897	0.920696777118337	0.917809806264779	0.836279459505139	0.834524736268219	0.812317076101502	0.665130428347659	0.934905833609112	0.88010337291334	0.895988293625132	0.829216638310217	1	0.917650752424881	0.875209931710721	0.883454303392844	0.84702757105331	0.853631678806049	0.924204138323415	0.906914020623088	0.927258937966202	0.891101543537086	0.852953426369208	0.898496886717276	0.899000634592798	0.913706551373566	0.81112256514968	0.925511405958794	0.689547958980592	0.934215177764492	0.887610533555824	0.929027938181349	0.904585545430249	0.806442049046509	0.804924338176713	0.837657545298438	0.854624615228787	0.930649158771439	0.926704351289566	0.878972644355131	0.860931963156172	0.907585476203768	0.874800159282662	0.795404829655754	0.850567704740133	0.926331030889561	0.416209965221014	0.8516491143297	0.713336766927165	0.689836108383964	0.675345923909103	0.795939220968205	0.915879487985739	0.743519014938525	0.865217553761614	0.858097125074037	0.827252002223016	0.769090392590516	0.879645863576846	0.477002341379339	0.837089456392001	0.872305149878269	0.681508615846067	0.849818651760764	0.897208084089128	0.833795231702261	0.835946457250168	0.898419088654092	0.904685865681473	0.919325965537897	0.70980335545127	0.635218671314975	0.885642701577434	0.886025021201204	0.815464835937554	0.893524835352582	0.893461401086915	0.91050494473266	0.827700163348722	0.839538162292557	0.867399198943474	0.707111733848554	0.860642824238445	0.893702868386107	0.884746587321068	0.494714194751596	0.853743955226873	0.719121058385286	0.892419827449523	0.761962849137074	0.910160003769773	0.847190153206993	0.867484892265097	0.455260844729809	0.817634547281667	0.84783605860834	0.763969714566809	0.8445059383766	0.759188152543901	0.833974848691298	0.832063314669124	0.343051988028373	0.123127439752738	0.353187817387756	0.76800539799385	0.884056180114973	0.802258822678097	0.646420746867494	0.861230186804679	0.337919055509777	0.68260441165226
LRP1	0.928502944780223	0.947879575337495	0.963129940932375	0.77714105511635	0.877362713350453	0.821207541262945	0.956550984562034	0.935812816874158	0.932438144368712	0.834428108780256	0.823512638017324	0.888513422582863	0.794027703666061	0.949954103784079	0.955020658727347	0.957384688136617	0.855037253523389	0.917650752424881	1	0.90304670705307	0.936417022353456	0.942811662276177	0.923309630466087	0.924221345695711	0.965457462155499	0.950750279681285	0.939519906293402	0.865353342028242	0.904450303808799	0.921470999812638	0.9048882591984	0.85399579000856	0.935945080690477	0.840590876943323	0.932712732914295	0.892183437015445	0.960212859866425	0.901793502944387	0.806496094602576	0.892179821690775	0.916775808416567	0.902272389220147	0.962576578411971	0.967949873076396	0.933957323066413	0.877714004128037	0.901476649491242	0.919840831933058	0.791933206852251	0.90567094283905	0.940022549930234	0.505054367109377	0.921120865935884	0.832392784631118	0.765126305705925	0.675543878966539	0.895062157777656	0.94043817538064	0.838197860754383	0.893904694899578	0.853361344007811	0.902455655986263	0.893814928484799	0.907332777243861	0.464364792448397	0.891519769869842	0.892814147200884	0.761935250435276	0.906435894770229	0.937306861762765	0.927624476165088	0.823507007696959	0.930382575279616	0.928627724684952	0.945484935732364	0.818369150343824	0.798373918894222	0.878487235010438	0.900844276789251	0.924580642723207	0.93259178099272	0.925064685132734	0.917752308521613	0.833595660324179	0.913429685664261	0.8872423588337	0.814133426634915	0.907189434880586	0.884801349875323	0.921578885431757	0.610219422197979	0.824662042636355	0.796821774455287	0.934901166347739	0.774998961468661	0.94042659953696	0.899553388477515	0.910217301537026	0.586738579532503	0.899797883629967	0.885747368541254	0.829663614093293	0.862024843513142	0.837391943598342	0.855393546255695	0.882079384355862	0.338134251022043	0.282865728439885	0.477334382597243	0.852884617445342	0.92584362595235	0.870789871031297	0.779998070851302	0.901924456695942	0.297964785217802	0.672102527776213
