""	IFITM1	CD44	PTPRC	ITGA4	CD8A	CD8B	CD2	CD69	SIGIRR	LAG3	CXCR3	CXCR4	S1PR4	CD3G	KLRD1	CD3D	ITGAL	KLRC1	ITGB1	CD47	CD247	PTGER4	CD226	CCR5	ITGB2	KLRF1	CD46	IL2RG	ADRB2	KLRC2	CD7	SPN	CD4	TNFRSF1B	RIPK1	SORL1	C1QBP	CD96	SLC1A5	ADGRE5	CD27	CD81	CCR1	CD6	F2R	HLA.DPB1	TNFRSF1A	TSPAN14	TIGIT	KLRB1	PILRB	ADCY7	TFRC	CLEC2D	LAIR1	TNFRSF14	PTGDR	FAS	TRADD	TSPAN5	VSIR	NCR3	IGF2R	HAVCR2	SIRPG	JMJD6	SLC16A7	ATP5F1B	PTGER2	ADGRG1	RACK1	SMAP1	NOTCH2	LPP	CD82	ERAP1	CD74	CANX	CD63	PTPRA	RPSA	STX4	GPR171	CD9	MCFD2	EGFR	LAMP1	LRP10	APLP2	NCL	PTPRZ1
IFITM1	1	0.898460824916998	0.887373489405431	0.876669433589327	0.485340992122954	0.486208612161848	0.845434298125137	0.708406675427199	0.808603984705529	0.616516216175266	0.895162184800262	0.821836141210251	0.899128206065612	0.597540677576762	0.84268827485584	0.650806046480555	0.768534574588038	0.835620864617356	0.927989356245515	0.636044242931379	0.842959818589021	0.606378065437388	0.556508206938614	0.478242078211316	0.910014651957511	0.693200039751325	0.32799408043034	0.937515917045954	0.872457340163873	0.698661038479275	0.970240112510446	0.683285193202595	0.726644353020826	0.820630168622569	0.415285403287557	0.585012745902698	0.0116568592964694	0.920946193440073	0.822874326638969	0.886954133119972	0.622899492449387	0.663894841007925	0.613157067630536	0.613507622572669	0.642411881231076	0.821354066175104	0.65300289980376	0.735980640813827	0.785692368847218	0.602817212769847	0.73134808314945	0.868673228125441	0.0897819923422054	0.579811838590055	0.731206220912417	0.755114429460097	0.710897546044147	0.717349810543849	0.631337959655484	0.264766127671344	0.787613780054664	0.874104561960859	0.364316833426652	0.69801668904214	0.446681887835923	0.316079194225948	0.608144940674148	0.09987271472493	0.538440460896006	-0.135885368600796	0.526287646085802	0.502378078050093	0.473614510366788	0.269291927672242	-0.212959902897929	0.633440352837737	0.667255472510786	-0.3035697951632	0.325241987116136	0.205981270645912	0.607151092867922	0.00570055549029287	0.706783847206735	-0.389483934138276	-0.594702434001356	-0.341200164476651	0.256047316360389	0.507412378236069	-0.0707945479813728	0.230407787596734	-0.299826473101949
CD44	0.898460824916998	1	0.970137798582422	0.87969414669418	0.700208699533057	0.699324914850636	0.932752499281862	0.831488474040869	0.924205910773878	0.785481507493367	0.906261222331932	0.910924349550086	0.851465120903168	0.782447765108523	0.719845421140553	0.796602682614245	0.899815221312855	0.672527574182213	0.889546759813582	0.852951635549044	0.75108152983052	0.77881576655516	0.686058550410789	0.573353195035802	0.863304834191152	0.681374438474197	0.582574007546423	0.909997612198522	0.916027576290121	0.518952920182718	0.820311274857824	0.863084420635843	0.773538069992161	0.872548686251918	0.683578735771616	0.745916031306334	0.247738143062254	0.960011357719085	0.773568154552531	0.938178949284673	0.757092979416766	0.6973923475236	0.581172565047549	0.759289623097912	0.751376311741271	0.701079585529761	0.681152385702096	0.884098752206402	0.853208406683686	0.764065639881626	0.769945421326931	0.825262609641302	0.359699362843569	0.78504997241136	0.764332180514294	0.834992114182262	0.70915283349196	0.85942443002452	0.789871768234485	0.523598123916549	0.779488882134453	0.786455493779088	0.615867091961113	0.739051968105711	0.67611588490064	0.368918431685682	0.748009897986306	0.295884696405212	0.712489269453618	0.0483735120185779	0.666339000078065	0.718019576060648	0.588192947471401	0.368262220485947	-0.00578130470656606	0.850288987710625	0.577431798133798	-0.027288069033871	0.474814328120757	0.492668700686058	0.71097507410694	0.262364308625063	0.83493508108999	-0.185898214993761	-0.368508149337739	-0.157288780060213	0.496889983896582	0.736832726190118	0.127624588624055	0.531212928987048	-0.10266806759086
PTPRC	0.887373489405431	0.970137798582422	1	0.878259274596672	0.76133556158874	0.770701830417785	0.957481011764267	0.86130174761936	0.923628989973889	0.836853310253706	0.911213450197715	0.929494757718773	0.831930288906665	0.809964395015843	0.70570593314817	0.821911572631669	0.920713111243508	0.641099825552228	0.847949174710462	0.837028630012934	0.735419477287293	0.815968238282656	0.717577737599403	0.618035559095177	0.809199069190039	0.684668651886457	0.505145143184862	0.879269160886716	0.908668119460329	0.470028837343913	0.79051607623601	0.902326444068217	0.721326553667654	0.816430672890542	0.704403012052957	0.728322378663267	0.217054632771591	0.983033545054868	0.696580708481403	0.907073479319309	0.799532350044619	0.585714653529667	0.543633556974716	0.775431617530671	0.716628070176574	0.671732270470221	0.586416102907607	0.887216494687595	0.873347832357928	0.793088211566768	0.690448747372864	0.817913207826408	0.375935431797297	0.837304901767978	0.712423322644871	0.79447568257614	0.699039817520584	0.885596954928147	0.815802006701836	0.50344490259536	0.767274241219474	0.802707050904258	0.617951292931752	0.650099189328182	0.741847081718212	0.202205904419147	0.71400607334564	0.179724631692346	0.763702512313511	-0.0314635863046098	0.645010705720612	0.701810779114855	0.480664141571497	0.270080189514279	-0.096941566167671	0.864379514900839	0.536276487247874	-0.120036161961648	0.34851548901183	0.441006088936572	0.694050439974545	0.195615518328322	0.830565972346424	-0.271619512752092	-0.428789545572298	-0.227578888988897	0.39238773482217	0.754791192174191	0.0419607010364795	0.494549279324578	-0.171228951548861
ITGA4	0.876669433589327	0.87969414669418	0.878259274596672	1	0.729263528485536	0.732039768370526	0.90974657396677	0.886059478730196	0.905514078429371	0.79032946404812	0.940801371567366	0.934060619508594	0.87758874976158	0.827341902062208	0.573981040508901	0.85802729963144	0.896189208730759	0.568018831285895	0.822282514476299	0.766438765664611	0.563633592339392	0.834172867051479	0.838938150966636	0.275855353633767	0.83248962301935	0.521575704547338	0.54030079839295	0.920029652010624	0.802679062857846	0.322031393893136	0.773525008260527	0.79008189988256	0.889164654678597	0.905555840684535	0.602582635081474	0.693786802191436	0.302501699185348	0.89610737044046	0.745038773878528	0.886073101080199	0.804850397256552	0.603058154406869	0.324998013643629	0.812805139251519	0.653294432416952	0.718046943542258	0.542755994098551	0.880075419413699	0.624261524308516	0.792412399109041	0.655262445521713	0.86446502777406	0.416661576174362	0.817456474108934	0.814382898080725	0.860722514403746	0.566745087214649	0.811243178958625	0.847000343334661	0.473154658581268	0.912981344272736	0.811885247937246	0.464440950095971	0.615087880392808	0.683873979926463	0.285002140454119	0.812032624437714	0.279748700426028	0.78351616481358	-0.0649473737514945	0.769080983324321	0.712770943317889	0.475165530576128	0.290572133970607	-0.0968535351285691	0.699173329097523	0.621484426270706	-0.122421600931729	0.395776443954698	0.341748251641775	0.837497710339485	0.240963866543965	0.874227160581137	-0.244815115614954	-0.396086248623617	-0.258459599593918	0.490176540385335	0.6153475506207	0.0949705351836763	0.440053090408879	-0.210710227955555
CD8A	0.485340992122954	0.700208699533057	0.76133556158874	0.729263528485536	1	0.984986079068232	0.848494225694976	0.91220526353595	0.799345850375901	0.884261110792832	0.748521345554234	0.841870528669334	0.519176714251293	0.952605536884861	0.164216354580635	0.888332488324331	0.892651106354517	0.0987108507839348	0.473045193619085	0.773475349756882	0.176439796860613	0.971035164106337	0.924146679117029	0.273956786947142	0.437444867981363	0.238132622127824	0.632735051001715	0.602663842257772	0.543689078945629	-0.145781089661162	0.319998606287239	0.88415366914357	0.617587258750426	0.661128521984796	0.915418738075512	0.618738093076083	0.616395283041765	0.702477381546921	0.402467986926986	0.673188062387211	0.840914428660912	0.311426397834167	0.0601959165343191	0.918819928822907	0.535091884733449	0.240882991647911	0.238518687915849	0.873435459556198	0.495831385286208	0.856131521966005	0.306072250678095	0.550654773911817	0.790504675559029	0.931784248337607	0.504452056030787	0.658949826232872	0.32122745844854	0.801507434150386	0.913320405339669	0.642608298346646	0.709619725751062	0.588969003442614	0.727441733529892	0.330709684147776	0.982534549195856	0.132087166729852	0.744643985526499	0.415372731034523	0.953183172747936	0.0549830741320863	0.770112315778871	0.847779386140172	0.312382692353541	0.136415852411051	0.0618192479024366	0.82059146044725	0.193503841375808	0.155345119696041	0.363637246497015	0.581479263502904	0.792426873300332	0.545838954462927	0.841448148967829	0.0052071063900033	0.0297064856519351	-0.0693238470613778	0.542809754428534	0.730173801083336	0.235694792253998	0.733318549031412	-0.0173548265299028
CD8B	0.486208612161848	0.699324914850636	0.770701830417785	0.732039768370526	0.984986079068232	1	0.837469478556307	0.889380406140868	0.813091033489198	0.856226049458441	0.7560389299226	0.833872286662791	0.499900803032006	0.930882061630314	0.158913248405811	0.865108348411341	0.873375850742544	0.0964270104421525	0.466797917186823	0.784207829612347	0.179479463240535	0.959786668113682	0.911212564567987	0.27490888497116	0.411168957857003	0.244642945306201	0.578783794221913	0.565312523762518	0.549603679827568	-0.132925153154664	0.313758762564838	0.87215633193309	0.587418961031535	0.634071735645668	0.907140700270761	0.613747311990762	0.632588086547451	0.70826172921071	0.350141779261765	0.641006572303758	0.842676779765535	0.293560582366722	0.081848299994251	0.878067257694796	0.482612659235698	0.262304563557293	0.213635954965679	0.842400471394646	0.515344502410188	0.835372840447166	0.301018142916177	0.554397911756626	0.792013915205206	0.939625939243443	0.49635250767448	0.635954430871013	0.284115054014782	0.824796282251482	0.908760166552925	0.627043342315224	0.707783332827473	0.605969818398798	0.672955918831463	0.301067180820422	0.968886341038915	0.112415448471674	0.70713118293506	0.351882485320028	0.947284115360406	0.0355984120711491	0.77454882405215	0.854384368005345	0.29937810941557	0.122025248282062	0.0472165388740983	0.831586664158233	0.206668226555916	0.177572659536491	0.348572396642265	0.572360998653651	0.784534051733688	0.519280750055601	0.785654540299804	-0.00348251203240744	0.029151560914417	-0.0723563236579043	0.496662411265313	0.754715119738693	0.215130081727005	0.739925071197761	-0.0185034307254605
CD2	0.845434298125137	0.932752499281862	0.957481011764267	0.90974657396677	0.848494225694976	0.837469478556307	1	0.913873893454214	0.930416535186665	0.903250141121741	0.952639377087067	0.949839688522512	0.816111765141221	0.904006295777151	0.579811270142726	0.910514276626295	0.964835614692814	0.516374109354221	0.804618246222224	0.805179533135764	0.604475378103423	0.893834905236909	0.846885545882256	0.526903565341463	0.818466440674581	0.518717547854035	0.552779038106565	0.899486996379136	0.823888408496494	0.32223465173875	0.732456189869742	0.887090226718639	0.780640163652218	0.880902720216774	0.771281994297468	0.718347729593407	0.343286034659743	0.939997462371795	0.693332898746091	0.888139640862059	0.878760888575847	0.577654547228009	0.390675659657991	0.899993209392219	0.747961471238115	0.624158703145979	0.522715578831974	0.945004828610245	0.761247987024812	0.817245680029036	0.605344603094701	0.768078518973259	0.512460858341107	0.856572971099761	0.732924539738404	0.842476029142088	0.575988779449395	0.909138619121836	0.886560109595431	0.514324634816084	0.85258142966797	0.802960875131614	0.647311414636003	0.590725081923452	0.829258061969714	0.279825438247944	0.742820025886474	0.305350154538032	0.845323730865023	-0.0403784824285005	0.71506546679604	0.753797501414924	0.444929507912731	0.244058979899487	-0.0633014765784988	0.852102720902283	0.511920993411411	-0.094857477391668	0.375975359913429	0.440533629256091	0.776758749107556	0.291471175258046	0.890901531207239	-0.232198103461808	-0.350552738958856	-0.230550072906959	0.472257301152432	0.70247743617533	0.123183819985646	0.540273583135629	-0.176353076303597
CD69	0.708406675427199	0.831488474040869	0.86130174761936	0.886059478730196	0.91220526353595	0.889380406140868	0.913873893454214	1	0.928945568261943	0.896840100015076	0.877967210967646	0.971715299528484	0.793735864421267	0.966677232861626	0.355811266754639	0.961876945509009	0.960906086708086	0.30075954160499	0.638934358551062	0.827033610557508	0.359984148452895	0.959696885804344	0.910656132080776	0.266515614281734	0.655582643093882	0.401532746487964	0.683449723901319	0.815821380359314	0.753139794438402	0.0551343828934904	0.549761096431005	0.897914403201647	0.800937339026709	0.836136979825639	0.799294084596995	0.688070516393311	0.482136490389541	0.838082847019209	0.597224619871526	0.846736203625073	0.912792150750349	0.446620235129789	0.147755548595537	0.902818061798167	0.614253287962841	0.469766411482417	0.380693100330543	0.949266245158496	0.558604806101274	0.953836206498149	0.541397969186078	0.783110994939273	0.605936511434417	0.926719856499665	0.685760370159216	0.826673817215601	0.471408525422525	0.846429271026222	0.965839233691146	0.649707293281673	0.792896509474346	0.728529989264982	0.611554959857968	0.4515957472125	0.86392695926473	0.169441580050722	0.865753144961179	0.390561807114566	0.955684426286666	-0.0283209765860139	0.862197264115001	0.832524615689574	0.431204376975618	0.186979466836907	-0.0281902849472198	0.756926690912998	0.384088914200023	-0.00902810689174596	0.378450518229236	0.497004043578123	0.914326080008469	0.381441859714735	0.938369783971932	-0.14183303805734	-0.174466145669069	-0.175672370143743	0.578827737086219	0.674466744315411	0.13421795540981	0.61661369542266	-0.126631155639997
SIGIRR	0.808603984705529	0.924205910773878	0.923628989973889	0.905514078429371	0.799345850375901	0.813091033489198	0.930416535186665	0.928945568261943	1	0.84363502066686	0.939507858464555	0.970621636812083	0.857455102835937	0.899289403860995	0.475055576980475	0.919409402005234	0.936435734833032	0.426457489601347	0.756315648364125	0.874675191295485	0.514891335265523	0.884081615693414	0.82095252494264	0.388358877624596	0.769946247221385	0.487814544036705	0.635721806139991	0.85524937521315	0.872218639256556	0.263139137235644	0.669435457300492	0.844283146904612	0.823454524312892	0.905896103217201	0.757511438513247	0.72459015447296	0.436828844414647	0.900361480254114	0.648685020706879	0.875497011504776	0.907361915530031	0.594232299074123	0.331121390405871	0.823818634065421	0.660080764571109	0.618773144980791	0.508989953401487	0.92837770589218	0.685530983127574	0.885596019943313	0.685210147559334	0.841738861540792	0.518365264665533	0.864330956468483	0.77050609864792	0.891735771108205	0.478673944827174	0.908370164827991	0.932341884446327	0.633785800655799	0.809780503461868	0.780760177307946	0.514809857331786	0.548992458759981	0.755162022123333	0.282104669667629	0.794183160014574	0.33903816588568	0.8718326152921	0.0026108847424774	0.837491626292936	0.823341303591585	0.544078034989185	0.27522448407737	0.0131830121471465	0.798214897512208	0.509309939935546	0.0237948308547727	0.443685175540358	0.507897577946999	0.878727779382836	0.306603094609216	0.856822711498917	-0.141609292243209	-0.247200913121639	-0.142656185249077	0.564829007403624	0.704529721894101	0.165566602392724	0.600501461127168	-0.0911901380677266
LAG3	0.616516216175266	0.785481507493367	0.836853310253706	0.79032946404812	0.884261110792832	0.856226049458441	0.903250141121741	0.896840100015076	0.84363502066686	1	0.796004944065509	0.887349021389836	0.707328096775721	0.922844338122398	0.351777090130741	0.941783675397476	0.914610488932433	0.247850944791686	0.562289006964314	0.755688217932995	0.370177974616568	0.882453121155507	0.844098241488691	0.504900858556542	0.628135539009741	0.415548873164808	0.635954104759815	0.746566564302245	0.716817263094449	0.0298559460736393	0.461665932997195	0.839468943399718	0.727602374713545	0.768641974275318	0.776433865483029	0.687750549730538	0.361090545675718	0.808140718755124	0.488522776060243	0.744832786404902	0.909067769899275	0.364372097743889	0.137952328132461	0.891975221061402	0.716884380036715	0.42123592275919	0.364550672682836	0.920405585603552	0.59511472923296	0.865021632320909	0.465737267618128	0.643264510137847	0.592277210154588	0.881861160810926	0.671260967064329	0.792243430248422	0.459848828902203	0.857990275764917	0.887899334099699	0.59127552488655	0.69823708732291	0.562671681338164	0.650746453564229	0.432638200955048	0.876178969061015	0.0818475022814524	0.708062151204229	0.30900068242624	0.88148307150061	-0.0348536651502249	0.699355533198262	0.700913363947386	0.328370191341039	0.151476841340987	-0.0398026242000779	0.759233750100379	0.341211094968569	-0.0691866772853676	0.220928883669671	0.420022239579946	0.75323567204885	0.297656744059429	0.881486260612381	-0.191632702753004	-0.215377007622419	-0.179692411236123	0.515677424741074	0.639515431312445	0.145473553278034	0.54465395723379	-0.136097383255648
CXCR3	0.895162184800262	0.906261222331932	0.911213450197715	0.940801371567366	0.748521345554234	0.7560389299226	0.952639377087067	0.877967210967646	0.939507858464555	0.796004944065509	1	0.931788286153736	0.85441427647438	0.841972279862115	0.558571013523499	0.866008867658853	0.909527086497878	0.543733525464133	0.822159098383908	0.742723190947158	0.585518723876771	0.836128237568047	0.821527146133669	0.371167929490271	0.84736735918951	0.444235170483904	0.467697444355392	0.909202929439061	0.813457695684663	0.37822929428775	0.794374486824868	0.773819431937827	0.80428301757152	0.915111456068311	0.673507277948791	0.652148673544604	0.349659027375264	0.903614813584355	0.701774662121798	0.874616354763094	0.85166869219156	0.607213079245161	0.38454425474934	0.83967173277501	0.639192726271116	0.686824059633465	0.505787366833889	0.887472668031827	0.679497449841179	0.769263538589965	0.603215244710117	0.828520703882912	0.451040635859246	0.764225949633094	0.767627207963427	0.845664934006796	0.468044127641931	0.873308422451028	0.863908438744385	0.439146188041151	0.905759013669555	0.881222426477428	0.449871982721905	0.563337683702975	0.708007992769733	0.340356342797319	0.706537774532234	0.264344890316897	0.803541000904633	-0.110003419151179	0.753713006979727	0.727423812420393	0.478518471223379	0.217708306445701	-0.101901363263856	0.737413927697583	0.568085395128834	-0.123291468501649	0.400496466459058	0.348755562896623	0.822257815373813	0.226150642942879	0.817937853275381	-0.26049186403284	-0.371601685539588	-0.275325651978989	0.429361158203753	0.595944841678302	0.0921287239297951	0.460018879388196	-0.22661859949121
CXCR4	0.821836141210251	0.910924349550086	0.929494757718773	0.934060619508594	0.841870528669334	0.833872286662791	0.949839688522512	0.971715299528484	0.970621636812083	0.887349021389836	0.931788286153736	1	0.889643661440599	0.928397580628205	0.504347149133123	0.944229755590231	0.967204951183258	0.456391512964145	0.747944643819352	0.856766574891784	0.513496496628444	0.916234036750941	0.85740390881881	0.365179056733309	0.770383481940955	0.525461341098307	0.638791346534446	0.889713168729284	0.85705147105182	0.239378801017431	0.685716900107476	0.885995609233396	0.851740222301176	0.89771841742518	0.737694520048108	0.708559282676915	0.382944804878953	0.912885471312258	0.678713269671833	0.905159040725481	0.905303381196712	0.535381698225331	0.279510548196254	0.876022004490325	0.667895351891256	0.616267500686599	0.490337839872079	0.945958503311718	0.669347051013367	0.923079527177099	0.648186327297373	0.86930967278051	0.501844977038408	0.901477822951705	0.759272234256249	0.884931601245742	0.558007827469569	0.875643176834645	0.945806022205017	0.602642037954049	0.825846835162125	0.78588041559099	0.557288240743232	0.544288290889597	0.798247592367551	0.205134106607096	0.834409003826201	0.322500669659147	0.899402895808971	-0.0544713391647162	0.839411550038539	0.798949964980112	0.4836303547722	0.224161548049438	-0.0660952411486175	0.780455223802188	0.499993778002288	-0.0746615124330934	0.381519891292053	0.457295830157377	0.892475632562998	0.282484581254724	0.926579274065926	-0.208812180598663	-0.301357297642269	-0.215215412157966	0.537583846139391	0.681255683593909	0.0940610559362102	0.557167817903621	-0.167479146148747
S1PR4	0.899128206065612	0.851465120903168	0.831930288906665	0.87758874976158	0.519176714251293	0.499900803032006	0.816111765141221	0.793735864421267	0.857455102835937	0.707328096775721	0.85441427647438	0.889643661440599	1	0.696112563144236	0.662800177509519	0.782044748532763	0.801279969134707	0.638220752745309	0.789878839717116	0.698072348043408	0.659658559469143	0.65799723259035	0.610290499014451	0.362608705611766	0.881652484091472	0.626622068255768	0.495278079668655	0.932426567592499	0.895997125558547	0.480705173055668	0.826851107770299	0.661964161041293	0.864905231059886	0.890702562171278	0.407166137703781	0.598020226703336	0.0738978680934928	0.858027235550409	0.755324071921441	0.879398371677434	0.745538577196753	0.581112540283442	0.359206293479993	0.667945395343459	0.647687711885148	0.776845025777463	0.590962257513866	0.787770695759022	0.623348095780091	0.762330533528145	0.759331404713077	0.922340225756181	0.139166576501407	0.647161935186342	0.799348974198631	0.868257359237175	0.62445838763154	0.709749274192949	0.744913418315805	0.413685451078666	0.737312920563858	0.758634242310661	0.297848009929244	0.586808255318885	0.461147793994556	0.224094812241154	0.703780388050683	0.188333904564941	0.6406803522461	-0.152517959734994	0.684269742978645	0.539113034507507	0.487388544497463	0.216628059641233	-0.177998486250264	0.534984258881727	0.631091158376363	-0.2850724446749	0.283770818311784	0.216468884191735	0.761278650974991	-0.00279180553560657	0.803869970398876	-0.356561881638837	-0.508406510562175	-0.315646485156393	0.412362537992143	0.43707996571711	-0.0482824313417805	0.250467084865702	-0.284740931425444
CD3G	0.597540677576762	0.782447765108523	0.809964395015843	0.827341902062208	0.952605536884861	0.930882061630314	0.904006295777151	0.966677232861626	0.899289403860995	0.922844338122398	0.841972279862115	0.928397580628205	0.696112563144236	1	0.233020804967775	0.976218559031501	0.94926725676669	0.165934321252146	0.555057650273856	0.813106757868932	0.252888375991973	0.969269800576411	0.942519645467337	0.266856298347625	0.600336436911971	0.283283623149048	0.693516315026099	0.746730130380886	0.66755704399512	-0.0622923737323019	0.429374435427065	0.874872237295367	0.773492040230052	0.818411227901861	0.850954546855218	0.673273556453148	0.569919242275012	0.768740038722867	0.515734566812939	0.775995384899573	0.929185507087927	0.410720039672817	0.0511027941747916	0.945884183920715	0.635821511389306	0.38101664376382	0.308804902586066	0.944531018009401	0.514321037795303	0.917135529122507	0.443126803729277	0.657922374530363	0.712612269102679	0.931764525384478	0.639692572277277	0.813401996995714	0.360504956568821	0.858625646213742	0.971562380586467	0.656988046196622	0.766001880728185	0.624898483239472	0.649334948844384	0.393063483526993	0.924186888699486	0.189839847919854	0.811347033974264	0.461540691515107	0.967382932008137	0.0133857358817256	0.850155465172363	0.848293322865	0.381596680140141	0.177755737018902	0.0507149283844848	0.784305639578323	0.317549819551846	0.0710631290450093	0.383411673672769	0.527780968253145	0.890259519672169	0.451743007060944	0.919897220640023	-0.0626453708726606	-0.0861370902546299	-0.115099421430019	0.618588562436751	0.675011027888798	0.218258139858881	0.669375784939196	-0.0668354913957516
KLRD1	0.84268827485584	0.719845421140553	0.70570593314817	0.573981040508901	0.164216354580635	0.158913248405811	0.579811270142726	0.355811266754639	0.475055576980475	0.351777090130741	0.558571013523499	0.504347149133123	0.662800177509519	0.233020804967775	1	0.274993949193501	0.463820561667028	0.970957511993221	0.820684608917831	0.405883077095605	0.983766958513036	0.247815134065703	0.139529780687983	0.620661279607155	0.750987122294925	0.886485825210028	0.0997208373175547	0.729362098035017	0.755705951505369	0.896543721179803	0.902445096772724	0.520582688965481	0.420620282239033	0.490993311139478	0.116274929188851	0.385194129738141	-0.384137514501578	0.770348665040779	0.734479897249485	0.719089358093597	0.225918553422443	0.54146518621163	0.744958785887339	0.270674102794515	0.58111383689683	0.691303583947813	0.664874116406017	0.424245363261279	0.849861975610253	0.292267772166819	0.648886225846766	0.633668423962309	-0.292663054618367	0.305465970823092	0.460536156265231	0.438590449104839	0.888702863855113	0.447734722165789	0.222008652670868	0.0168081486848188	0.4237805348855	0.579644024176912	0.331882934552473	0.720268922822143	0.153260053915354	0.194111462511171	0.327311171218433	-0.0814859830177601	0.128588807122645	-0.094587610314274	0.0789182943350167	0.144522004695919	0.285769521156803	0.258529607209189	-0.261582352196821	0.505932150322645	0.515010850203978	-0.425717195940376	0.120106098660772	0.0459941179686426	0.154193200178712	-0.194809639245318	0.450578653245418	-0.438838820662563	-0.714185746945678	-0.316984969142962	-0.0213583068763033	0.38566861541703	-0.235303848616015	-0.0290219892424311	-0.286783956872949
CD3D	0.650806046480555	0.796602682614245	0.821911572631669	0.85802729963144	0.888332488324331	0.865108348411341	0.910514276626295	0.961876945509009	0.919409402005234	0.941783675397476	0.866008867658853	0.944229755590231	0.782044748532763	0.976218559031501	0.274993949193501	1	0.947366244301659	0.20022112111984	0.582444080003051	0.797772727987965	0.298834697186322	0.932805810337027	0.917114259069129	0.322377676588848	0.678802004037082	0.309913758204626	0.681226494684051	0.798734348399483	0.722797641390716	-0.0175805464782038	0.482932088559912	0.821324186081533	0.821748863347199	0.867059016736171	0.782178772122617	0.700798920131642	0.487059969570424	0.794943473107757	0.535269405982196	0.781091454943446	0.970503751872566	0.432518317495802	0.0684119041076161	0.918923036422676	0.671825122883593	0.467120436601817	0.349392193917928	0.952509714102289	0.500890802152517	0.919974191618535	0.518132461715054	0.709588189058348	0.634967782846384	0.895119897014818	0.72022675380527	0.869242474771434	0.365953558707769	0.862999766784949	0.965638641543607	0.648545893289894	0.779743238141069	0.649594622774722	0.56976629565898	0.384312518155223	0.853610627620638	0.173982021290682	0.802267561474882	0.400538542864011	0.943366417777675	-0.037059321054302	0.846307551391331	0.789284479780627	0.408961057582398	0.174306129717758	0.00678702780445649	0.715907839355591	0.400941541725425	-0.0067459139702135	0.333866254544504	0.454805779911742	0.899346487279758	0.340563237449428	0.918506032559778	-0.140722371108989	-0.171012878859819	-0.164414057374103	0.611148636755202	0.615109850529913	0.188639701084081	0.58458155873149	-0.118657162680472
ITGAL	0.768534574588038	0.899815221312855	0.920713111243508	0.896189208730759	0.892651106354517	0.873375850742544	0.964835614692814	0.960906086708086	0.936435734833032	0.914610488932433	0.909527086497878	0.967204951183258	0.801279969134707	0.94926725676669	0.463820561667028	0.947366244301659	1	0.398823515720576	0.746094334838634	0.871052130839708	0.483434591434721	0.940997076420958	0.897068000674016	0.441490701304053	0.755407949989645	0.459162020614348	0.678367510339605	0.866842230939073	0.789472544803696	0.176149853932278	0.631819477028854	0.917846081068688	0.81134697447531	0.871961748101572	0.817878945350443	0.787614562357603	0.436140381252583	0.889146718265829	0.676096256782817	0.870943290857339	0.904028630217577	0.571817655477002	0.323313531662523	0.923477249371482	0.73048970076914	0.560681719205531	0.497231192013124	0.979140675859653	0.662250148555095	0.878006453424999	0.628476161203338	0.765246467497548	0.597209394966087	0.919317115667128	0.753056489343686	0.877448413728132	0.548952989249408	0.860608029701708	0.935483655396188	0.645278423152644	0.832254312563769	0.753634581582568	0.698484527592805	0.558831351292966	0.871225216416368	0.215135811692389	0.839960096895051	0.358113552630274	0.904534828983265	0.0647382691166816	0.793061850242586	0.828620458618177	0.518477699043514	0.311883187781034	0.0520280314441351	0.834884031542424	0.499296361599087	0.0221443604301622	0.447878074901491	0.543112132524706	0.83904747137847	0.378954880464829	0.93702252339562	-0.112796807554409	-0.253492857562363	-0.113125819700325	0.611015652321839	0.760220671722618	0.222044460503478	0.624424246024624	-0.0560103879145979
KLRC1	0.835620864617356	0.672527574182213	0.641099825552228	0.568018831285895	0.0987108507839348	0.0964270104421525	0.516374109354221	0.30075954160499	0.426457489601347	0.247850944791686	0.543733525464133	0.456391512964145	0.638220752745309	0.165934321252146	0.970957511993221	0.20022112111984	0.398823515720576	1	0.823261937686671	0.359308126924446	0.943980209159601	0.201157193294344	0.113890171126567	0.474656281459227	0.732214250922737	0.827176319159859	0.0422608585445906	0.700792562031632	0.691235237516839	0.919775212962347	0.922077987236486	0.435528527778387	0.428338735443605	0.48209234609462	0.0515070576573492	0.314693190416637	-0.376075907254729	0.704247708443153	0.745467839839263	0.694673966555607	0.134204226730137	0.558937560516863	0.740045626327123	0.238240807528885	0.488693241852464	0.701906926352887	0.669278717248215	0.354088733037129	0.771443825374217	0.226661219456468	0.604116620169177	0.649295873742422	-0.314405368873369	0.235894720877581	0.449824236244893	0.397632791226375	0.831761999750178	0.35806542718168	0.174820096532062	-0.0438822444630723	0.45805658924504	0.603058774979851	0.230852354603877	0.724979930357619	0.0786397959676553	0.239337969388209	0.299701396795981	-0.0910100506118974	0.0743197809367985	-0.102699812426342	0.0791297309410946	0.121120384758833	0.31344030781785	0.252982136374168	-0.26557249871179	0.43158290876923	0.534882117112765	-0.406810566695589	0.169529695146019	0.0119117180993884	0.151994077746884	-0.183091738931925	0.401311757247845	-0.404203644533088	-0.690232342269022	-0.322203530743515	-0.0447230167034355	0.324647222273386	-0.225376125381628	-0.0702363895030417	-0.295722800603147
ITGB1	0.927989356245515	0.889546759813582	0.847949174710462	0.822282514476299	0.473045193619085	0.466797917186823	0.804618246222224	0.638934358551062	0.756315648364125	0.562289006964314	0.822159098383908	0.747944643819352	0.789878839717116	0.555057650273856	0.820684608917831	0.582444080003051	0.746094334838634	0.823261937686671	1	0.713336476170265	0.825097078029907	0.592612476831152	0.542320864248859	0.519656813391533	0.894132430517799	0.661098681105566	0.438611586038478	0.883327274555311	0.806160316285516	0.688013179837996	0.916625574533663	0.684846956523663	0.724972123395302	0.804227261120363	0.500000239677675	0.699306990541898	0.0879692502196649	0.865644847778234	0.897372762963194	0.856906294918733	0.525291858206437	0.848010172389561	0.733604347975617	0.60531001646759	0.758053402772565	0.807442977067041	0.8195392926737	0.737253390054704	0.779212554176673	0.507727075466291	0.811345831084609	0.78341268868467	0.184615770366925	0.566972017662834	0.767308399641343	0.76802024369201	0.735266587574766	0.649471232065833	0.580879125594619	0.399407387787548	0.791448056529355	0.796242453351066	0.531432781990864	0.841356757138531	0.457430279506785	0.382244184784286	0.657335615817379	0.22812535572185	0.472745947451415	0.173333318081318	0.475970547983184	0.571581253988114	0.632011392041363	0.543138442463925	0.0681339108213265	0.721769843988835	0.734006160801503	-0.050636465748568	0.550070548138544	0.414950955794297	0.522274752483189	0.208772053884147	0.689346515496618	-0.111781564503953	-0.497804516565357	-0.07176198613673	0.424650152107771	0.671869455741267	0.230106347137358	0.357010813600239	-0.0202957822287692
CD47	0.636044242931379	0.852951635549044	0.837028630012934	0.766438765664611	0.773475349756882	0.784207829612347	0.805179533135764	0.827033610557508	0.874675191295485	0.755688217932995	0.742723190947158	0.856766574891784	0.698072348043408	0.813106757868932	0.405883077095605	0.797772727987965	0.871052130839708	0.359308126924446	0.713336476170265	1	0.433448230587333	0.843021211362406	0.743515476401002	0.42148407754868	0.631542371291117	0.511287505192494	0.756819090958027	0.698072566374417	0.766133509825471	0.173515154553806	0.512236758368499	0.850518522799333	0.751851558139265	0.763715860933307	0.812939434619029	0.820894262405952	0.497510147734874	0.782582731708564	0.636022551061137	0.774685882508229	0.748522544492993	0.668212550655929	0.418620704974559	0.761608956405251	0.655145007890842	0.534269787005859	0.638109675726518	0.856440091304717	0.62908912751788	0.803334936107764	0.747306148218034	0.737176114166759	0.587090645827317	0.87592888709705	0.726419872430058	0.822567921155271	0.542530995719209	0.737795939032063	0.846476374606612	0.828034613306284	0.692927045624165	0.627334773218652	0.69905625230281	0.608966297046262	0.758247556767181	0.213303871093014	0.847437138040994	0.398209363647698	0.785301913854873	0.342474402926869	0.769778626949833	0.872224050217686	0.694230406545684	0.5116695256238	0.312506196292911	0.856789242006387	0.504498532875813	0.334115511783437	0.636177349138776	0.774537578587931	0.75173580232316	0.515042863553066	0.816220727000591	0.190775358435199	-0.0889685626994191	0.181684931990593	0.721455840935886	0.898643019560482	0.407203091830458	0.756568502752818	0.241525912294188
CD247	0.842959818589021	0.75108152983052	0.735419477287293	0.563633592339392	0.176439796860613	0.179479463240535	0.604475378103423	0.359984148452895	0.514891335265523	0.370177974616568	0.585518723876771	0.513496496628444	0.659658559469143	0.252888375991973	0.983766958513036	0.298834697186322	0.483434591434721	0.943980209159601	0.825097078029907	0.433448230587333	1	0.258165501880061	0.141396578223128	0.68513948033427	0.772379907449531	0.868215617539401	0.100247228991359	0.731055984798806	0.787311980938552	0.901569842464085	0.896714679105602	0.527949971286133	0.413208699097062	0.512282482907859	0.154655643601605	0.418549182549804	-0.363935742994501	0.788882320646668	0.704576496975038	0.720043683172686	0.267619423286168	0.561369251092507	0.779646573691764	0.276529144441623	0.600252736276365	0.681946477540589	0.659219186776173	0.447992674566133	0.888801968785309	0.300737104387355	0.663413553650667	0.614167890063757	-0.267246391660564	0.315173151884928	0.471585051757099	0.456795873947612	0.847708375075538	0.497042360565154	0.241918828571104	0.0413731438571625	0.419369896887301	0.583787877986369	0.33311139334323	0.704466830817675	0.165084287280887	0.208968157323063	0.308435723826379	-0.0915461317248257	0.143713058382194	-0.0815412407160306	0.0810015650355816	0.162056877982987	0.316269654592751	0.264119877211109	-0.22918539466549	0.536317902407965	0.508201286964363	-0.396711122120496	0.130071769693641	0.0719832212320492	0.152193404970661	-0.205183166163257	0.44117187047277	-0.430040252449003	-0.709850544988596	-0.297202857315537	-0.0105104584180456	0.412122212029291	-0.212035273683644	-0.0110300486648977	-0.263439897138013
PTGER4	0.606378065437388	0.77881576655516	0.815968238282656	0.834172867051479	0.971035164106337	0.959786668113682	0.893834905236909	0.959696885804344	0.884081615693414	0.882453121155507	0.836128237568047	0.916234036750941	0.65799723259035	0.969269800576411	0.247815134065703	0.932805810337027	0.940997076420958	0.201157193294344	0.592612476831152	0.843021211362406	0.258165501880061	1	0.955458640992434	0.251231300025088	0.570432812378577	0.3062423793257	0.679482029151303	0.714325928576018	0.645770997682537	-0.0512631299973327	0.448326715042483	0.883595009672895	0.750389463813725	0.782335162359685	0.8962691743094	0.680932497339404	0.603799157663625	0.772757663696279	0.527070965763086	0.757341554442541	0.88325328156575	0.443822295437732	0.132697356489193	0.939208739732206	0.582477901673922	0.385951818456447	0.358558978414097	0.923786605962454	0.515188605730092	0.900670535832638	0.455088394807012	0.69327469592869	0.745428796342054	0.944153109529866	0.639985960923569	0.773650939782316	0.369652489379616	0.822250048015531	0.958190686356585	0.687611424384817	0.810010667230779	0.696736639727347	0.677140441298724	0.407006491187348	0.933866097329146	0.206678799568032	0.824371076140523	0.428591639786264	0.966623869887235	0.0687916577197615	0.848341455499881	0.887513195578833	0.433285556155312	0.215422325695801	0.075399605045481	0.816002715731931	0.334060791759462	0.147664947214432	0.442453801052557	0.594624832672403	0.878380211727642	0.51975236891893	0.895555716517142	-0.00583983866125543	-0.040435140664958	-0.0746192512125557	0.607095391481452	0.7453348378336	0.263638548313045	0.723918616913376	-0.0199377908881438
CD226	0.556508206938614	0.686058550410789	0.717577737599403	0.838938150966636	0.924146679117029	0.911212564567987	0.846885545882256	0.910656132080776	0.82095252494264	0.844098241488691	0.821527146133669	0.85740390881881	0.610290499014451	0.942519645467337	0.139529780687983	0.917114259069129	0.897068000674016	0.113890171126567	0.542320864248859	0.743515476401002	0.141396578223128	0.955458640992434	1	0.125535465253451	0.551173004949437	0.131983825522039	0.628680348153592	0.690117797240177	0.515155605782806	-0.154637936821317	0.394046668802996	0.777426941863714	0.769867666029387	0.782306812046362	0.824110884570582	0.664483733159521	0.648434498942113	0.678987454874114	0.4960435314554	0.671852480335507	0.869249217092769	0.422694655309067	0.0234672908616814	0.937546690730071	0.549951001482017	0.40784616255065	0.27495944058756	0.88813527904002	0.363762535108348	0.806473918868077	0.369817814258261	0.609377266934949	0.789095694522459	0.885667921946912	0.656351524894862	0.767764235893074	0.239140247668288	0.767311752736373	0.930005760458257	0.603677894921217	0.861787598431619	0.663476643763722	0.590483245742848	0.360142003338916	0.902346154850489	0.232458467426592	0.792959368536259	0.449252393333684	0.938800897730457	0.0381897202742505	0.850050846349754	0.844448768799625	0.38198502519038	0.209310394713316	0.0732294348087666	0.709879679792151	0.407619298028218	0.146234250843059	0.446833418132731	0.503961922731727	0.881868815075171	0.524730287570895	0.856731455225249	0.00490152292016383	-0.019326374420717	-0.0944537492147393	0.623217683584819	0.64888379042809	0.309914473178323	0.665156970856689	-0.0442149324625082
CCR5	0.478242078211316	0.573353195035802	0.618035559095177	0.275855353633767	0.273956786947142	0.27490888497116	0.526903565341463	0.266515614281734	0.388358877624596	0.504900858556542	0.371167929490271	0.365179056733309	0.362608705611766	0.266856298347625	0.620661279607155	0.322377676588848	0.441490701304053	0.474656281459227	0.519656813391533	0.42148407754868	0.68513948033427	0.251231300025088	0.125535465253451	1	0.50777041126487	0.568623695720694	0.177449932740249	0.427514944089558	0.563683110234911	0.501010430222142	0.462581458517251	0.464064518702084	0.156412666834688	0.308321541983769	0.359898547394984	0.515870530541838	-0.184460625190155	0.597952606244791	0.339647381196422	0.397328296395533	0.372450249318522	0.3743829667546	0.671484954409731	0.274861348648797	0.608515990800786	0.401588937548565	0.496683967132853	0.430375274083892	0.732261496348101	0.224122134950061	0.511068790036027	0.259525770548923	0.0292337338773438	0.321489172586808	0.36284440344615	0.370279733370302	0.56201880292394	0.487181854943845	0.236288873579437	0.243268877451046	0.206440611812305	0.31989984299567	0.520371371383909	0.436201766864714	0.330498772026463	0.0219430692498405	0.153697170754858	-0.133333841907827	0.192583800429706	0.111466943445823	-0.01646278529348	0.172826383394781	0.291455749608182	0.26996273585374	0.0169578908289438	0.562326522971743	0.336543547305537	-0.10503636279699	0.0687241395521336	0.255977003456052	0.000263487307404337	-0.0752124096232762	0.30183149903624	-0.203443759053903	-0.401219537081681	-0.0230727830120913	0.0953114528048483	0.498504958085246	0.0621073639476826	0.181492194780283	0.0157740532051306
