""	CD74	HAVCR2	ADRB2	SORL1	CD69	PTPRC	TLR7	TLR4	TLR1	CXCR4	CD163	ADCY7	TLR2	PILRA	SIRPA	KCNQ3	ACTR2	LILRB1	PLXNB2	STAB1	TREM2	CD93	VSIR	ENG	ITGAV	PLAUR	NOTCH2	LRP1	AXL	SIGLEC10	TNFRSF1B	CD63	LRP10	ITGAM	RXRA	FPR1	CD81	C5AR1	TSPAN14	LY96	NRP2	NCL	CD33	NRP1	TFRC	RHBDF2	NCSTN	TREM1	ABCA1	CMKLR1	PECAM1	MERTK	CD46	IL6R	SCARB1	GPNMB	RPSA	P2RY12	JMJD6	STX4	UNC5B	ITGB1	LAMP1	APLP2	BMPR2	SORT1	PTPRA	CADM1	MCFD2	SDC3	RACK1	CD47	CANX	TNFRSF1A	PTPRZ1	PTGER4	PDGFRA	SMAP1	CD4	TNFRSF12A	CCR1	THY1	C1QBP
CD74	1	0.878381374637141	0.431691256526137	0.783774237437226	0.685249801556216	0.866063509097934	0.494748895358424	0.816125266510989	0.63609976729457	0.450340335029168	0.404308429217276	0.832436457315555	0.648302379453154	0.616666155972027	0.83283487279677	0.806988873713105	0.850549088165705	0.865747663247884	0.743315749437782	0.616227240995213	0.904831547105205	0.49873740036497	0.869055591988291	0.568767815128068	0.72321328456511	0.564488865601352	0.475821555265201	0.552022986349798	0.928904620380817	0.704406793454399	0.704717633574885	0.4298403486842	0.611002294904012	0.715314076484616	0.334377139797973	0.907537959051406	0.806160586449911	0.705151742164183	0.656114275594004	0.777073700828528	0.490233112153711	0.483032278482237	0.847878284261575	0.63862949276849	0.328125933732816	0.770816713901417	0.64119952549353	0.689615070436058	0.301744153829747	0.648509155478972	0.148249535639125	0.546246581026516	0.565362707109443	0.737173592497639	0.567566483504756	0.203494513270292	0.740799603464	0.199516823500225	0.443305648198659	0.616303695965895	0.818192808740744	0.44083567889118	0.355171135097646	0.456344348447323	0.483191170609441	0.686482020037325	0.0661843437870332	0.244969166872067	0.436925504001355	0.171737281538116	0.710891663832975	-0.0162910553783452	0.439196476314306	0.772297350167742	-0.0507036746111958	0.64754553952447	-0.126341649408821	0.550434334475358	0.724835023673802	-0.0483463376448781	0.599112790679457	0.010127187482054	0.339471129947751
HAVCR2	0.878381374637141	1	0.244410156050015	0.764293313457123	0.689343674352267	0.794280748559039	0.319391156946568	0.784242720827171	0.65510827602601	0.407318374684499	0.281736048027355	0.734525014416737	0.552676821453277	0.570545554498315	0.833047323337329	0.726078479500989	0.805830583714742	0.769514750855513	0.70381930493985	0.575448435439903	0.852284648986695	0.387738138416876	0.700796844684003	0.485543105682769	0.704630074699155	0.586328323884544	0.402568358352412	0.478695728161081	0.829803214506897	0.686711933974139	0.625676243932074	0.3287423479654	0.551069575179845	0.727988042254924	0.245032589265893	0.857449095177779	0.731656542171592	0.67736290704151	0.639466771838706	0.679120158075968	0.348037340062949	0.4377088042773	0.775550372033405	0.558179918839452	0.382567140138332	0.755248641311099	0.63749711833338	0.614706163110294	0.300918564735107	0.612005433416929	0.103189987797493	0.522754719536237	0.489194489649764	0.805425827294707	0.505927074134451	0.128057426598314	0.669853870321517	0.260245069885001	0.55016291771168	0.596694865881248	0.762571676333693	0.438240232074589	0.360627320184503	0.413861393871441	0.492676445258531	0.694787804666808	0.137150841171938	0.117486631830408	0.39016295901377	0.142286884193641	0.616090379755343	0.00084409831741823	0.361532471430046	0.680646767620709	-0.050428541223733	0.678033637722814	-0.117312309454181	0.485786520206995	0.756996795785969	0.0461639008426763	0.588794332802682	0.030190789604967	0.286162480811504
ADRB2	0.431691256526137	0.244410156050015	1	0.0810528374114163	0.181796900327562	0.293788322213694	0.0906870903625791	0.237545303389883	-0.162426842012405	-0.102671361632182	0.235565570437895	0.32704650456986	0.230580003148054	0.334414159996603	0.240612465858352	0.277169960338738	0.164333405593094	0.333767366355234	0.166705434843516	0.174248082749402	0.430531149430182	0.291062104091073	0.408267348376324	0.364512463952294	0.0687337521133463	0.1608366031198	0.0121062911931237	-0.0735201538860428	0.396983688561603	0.0622744357743171	0.379084254952652	-0.0197061228723897	0.205226077268633	0.308288321253342	0.136828604441632	0.448847634292856	0.255233951942922	0.198799109149509	0.0554138876210781	0.482796788102955	0.499247332778132	-0.08474340927988	0.542122068872951	0.376378620919266	-0.214374918654928	0.268118144793609	-0.00954707737640481	0.330444788199521	0.0650551278058774	0.12536511051219	0.00262273414314263	0.0859349951813649	0.0832053369455331	0.0737820418541401	0.125035655739168	0.327047662832931	0.16541787949307	0.359448011165234	-0.0289461645279117	-0.0104321635664036	0.351523591958269	-0.04278802835332	-0.149035759480966	-0.0669930164777905	-0.0606526022987728	-0.0129535306084211	-0.425794501458199	-0.055342561501949	-0.048991611970184	-0.292096778314658	0.113467158811948	-0.396275803213463	-0.0637239756493713	0.132304675375939	-0.417563858731818	0.222022045280877	-0.416894487602225	-0.0532607352702215	0.226084460423113	-0.508757819276543	0.16358125134505	-0.336396445347608	-0.0715584066265268
SORL1	0.783774237437226	0.764293313457123	0.0810528374114163	1	0.75047843462068	0.827020265236038	0.714427748779657	0.620066159247248	0.697354228942195	0.669324173526359	0.302961394218023	0.721356447893854	0.674571186315175	0.501300708478744	0.673884209579495	0.730482085737841	0.809594526533798	0.761014266330363	0.55821241437331	0.542652120978482	0.581018004627935	0.278432505052814	0.739067141841618	0.244441794646317	0.796171725574465	0.47494455984206	0.635833238720507	0.687829053459354	0.738997583095418	0.760320318617361	0.408387788931339	0.367577374073536	0.604471684452391	0.538888800956266	0.308037944508423	0.654014037121989	0.695022418470594	0.596196138079755	0.787778650975122	0.402183639601608	0.422198431145286	0.559157473305863	0.529334380161928	0.580104235461007	0.544491175281486	0.715016539500124	0.671891261210331	0.437967649497168	0.34057358075333	0.653900401836076	0.142711637541705	0.553881782760266	0.451206704001997	0.800193282373409	0.613642657124198	-0.00320148132224961	0.613704379143261	-0.172750478222732	0.548144322129737	0.769087997866298	0.691690662704152	0.43827102705268	0.267793645579978	0.523679650319477	0.435858696224963	0.699967133428969	0.298797793813996	0.263423239554737	0.593355641344465	0.334763783383731	0.650156433013899	0.201719422423677	0.503473772525149	0.783792919376133	0.218219312128678	0.594637187437442	0.0734063737232659	0.582886593417411	0.603951477033855	0.210190098451908	0.699920441992318	0.158359078126366	0.460446805120497
CD69	0.685249801556216	0.689343674352267	0.181796900327562	0.75047843462068	1	0.748391391863145	0.544754739546581	0.424760953886802	0.586320230020456	0.330051907486225	-0.00861649771640341	0.683573480152246	0.464225265773159	0.418728679029192	0.573213383110278	0.571839639012299	0.575065002414673	0.725280611780801	0.292447278923358	0.156169013515612	0.501731404689843	0.166193388376329	0.718226160685577	0.0660945024691264	0.59198157026862	0.473691620503002	0.287870939700258	0.353363515243506	0.655554705673436	0.509548552729749	0.23458067803067	0.161885635056661	0.414366889948549	0.514544613942577	0.152523179782425	0.604657549984627	0.406696561270245	0.365250998054998	0.739201646465674	0.294504693786836	0.298675302171033	0.390618769384655	0.482057287838182	0.34860103781703	0.266969547897825	0.727286433303546	0.563712085594884	0.324725880265759	0.0569498046371012	0.301894073667287	-0.163855558982496	0.238794848408518	0.222379317266244	0.622692496091163	0.331179250515217	-0.167470390137834	0.550538038535529	0.199467911827812	0.644559810450013	0.63559459872807	0.684550892867615	0.265890607603257	0.0579055754426684	0.17288171180309	0.378951037218409	0.545431067760948	0.104542159201274	-0.04030600606883	0.370174938661854	0.0316865194920656	0.546042320333199	0.0440495367972169	0.285606631170861	0.587685259894813	0.0159510834994973	0.587501054996381	-0.0684001011372328	0.332835513557366	0.464292620501071	0.0859986116560308	0.559222650828059	0.0342986192721909	0.382611463160748
PTPRC	0.866063509097934	0.794280748559039	0.293788322213694	0.827020265236038	0.748391391863145	1	0.587612880294268	0.66767469538886	0.689799132717723	0.646658450512289	0.463023405537805	0.773837445769186	0.780683889501021	0.641370928695799	0.774361661412018	0.84643517496495	0.81072285149588	0.812131070457456	0.642816936184199	0.584741080567721	0.755721110142145	0.397984396742934	0.722305976271302	0.475416324324418	0.791387095783385	0.598187180837984	0.502537599838111	0.637668161113469	0.794775591517713	0.814322893762226	0.649742160917555	0.395996418273756	0.497756453512089	0.75754122141332	0.28343812436777	0.842210555797472	0.796274828929316	0.711579726577676	0.817610075506885	0.630758276161468	0.549463084219279	0.454431581334338	0.688033710237443	0.67816292046208	0.585884957898923	0.730942114315907	0.728043940639215	0.62076188197291	0.458616126007362	0.675901993628758	0.282556040448399	0.648559532739046	0.546987196128901	0.761288654092365	0.740463741401369	0.296795695568781	0.57046966909332	-0.0169020942019298	0.486997819770157	0.738705956769509	0.820166913000859	0.40863239231222	0.35822589305463	0.471185832967164	0.379009279522355	0.721724479425838	0.137787617818951	0.295323879267361	0.42576412811269	0.225677076327574	0.552312187246626	0.0189340026129489	0.452589571523646	0.763654613637748	0.00517915330873925	0.662113627262407	-0.0930694529283015	0.534460438171286	0.744684335085363	0.0868589945992825	0.800332134113829	-0.0240778859430012	0.294921310063987
TLR7	0.494748895358424	0.319391156946568	0.0906870903625791	0.714427748779657	0.544754739546581	0.587612880294268	1	0.262728786725055	0.41927685225577	0.502746485142907	0.178997154808866	0.540811650636007	0.526773941933966	0.367800452451066	0.321179296140513	0.552063900635892	0.552206922310777	0.525017332134468	0.212438133744329	0.326354608137611	0.189155669003325	0.220110466945848	0.605509122913609	-0.0807324913641309	0.56671842741461	0.132426390273182	0.439891941875019	0.574734817408372	0.476849957290885	0.552438640628524	0.0804390784711559	0.246766273278945	0.371839626930109	0.144389479659855	0.159220144818199	0.274953245292527	0.396465347619365	0.259382879045111	0.709284290398304	0.082339331563651	0.356392007887614	0.404693169119621	0.243160995606349	0.300809453105789	0.346477372673744	0.371699685196921	0.536749939394205	0.0816518714835749	0.0894085842260648	0.436145799560158	0.102999647475139	0.277613825605223	0.249019363469526	0.433908260011786	0.41211607206569	-0.195716517355791	0.407148182499273	-0.28542338996319	0.368454045753843	0.627287546763517	0.386379671512951	0.17697031034756	0.0190837824568377	0.367501619861481	0.258126915341929	0.383412125148287	0.219853982028602	0.229074384827133	0.460894904345218	0.276593452145481	0.492841764542457	0.222943364848959	0.385056862323814	0.639275573906271	0.280862952620674	0.228401456469154	0.136620804543191	0.383460773163325	0.172386967551041	0.160884206153192	0.508959829297705	0.140508861930353	0.400825149856643
TLR4	0.816125266510989	0.784242720827171	0.237545303389883	0.620066159247248	0.424760953886802	0.66767469538886	0.262728786725055	1	0.64220913019464	0.405670092098406	0.401145226432394	0.669483074753364	0.509426222283152	0.419258879879029	0.765282090382	0.637903605458796	0.728896690613121	0.69226996868028	0.782747130434358	0.618934448366826	0.799537084552821	0.402196908227806	0.625265846881907	0.634083890895244	0.617081743503115	0.537483764221326	0.414574955302027	0.498833387510629	0.793979920794985	0.631295233546321	0.688164829235848	0.372917889878356	0.506878818706589	0.673415640350027	0.33235295726774	0.785987261631111	0.742628323682515	0.743900802639962	0.439919385341719	0.71359439217189	0.404720283677085	0.378685765574486	0.706236955434425	0.543746039659189	0.375781356746855	0.68194489715205	0.480767191603491	0.702780144831856	0.375762135686377	0.647497831496124	0.285068229446189	0.567603892424988	0.491100124074169	0.63036590402178	0.501433272292804	0.240722809406302	0.618443339335069	0.0916115660000351	0.318455756703556	0.484674543792129	0.673878628892372	0.457835803377559	0.491589976832981	0.448757620819692	0.496057996485157	0.594984151027958	0.106175189966461	0.253851665366249	0.32088894986307	0.165890247318601	0.581411867132811	-0.0263532248882058	0.367746788902134	0.641002441750878	-0.0599230779545943	0.585752790749624	-0.102894380637988	0.512195736567315	0.712961577822418	-0.055060892622241	0.444604035725045	0.0529494591792207	0.226084957022538
TLR1	0.63609976729457	0.65510827602601	-0.162426842012405	0.697354228942195	0.586320230020456	0.689799132717723	0.41927685225577	0.64220913019464	1	0.629503702934957	0.272105129492988	0.537064137903132	0.532313506110195	0.404219644757163	0.676011890880131	0.572362104481236	0.627623957838655	0.560835632087551	0.55696562428982	0.434301751228875	0.520139727074557	0.269608971444279	0.530156436946824	0.264656193129577	0.663061928278178	0.575794961490021	0.407565361163837	0.510110633725692	0.534319768882746	0.706650494869556	0.384176081161557	0.286349087217778	0.308640211547201	0.54660649261435	0.130129392957968	0.592923885618395	0.563224239903357	0.610178617028979	0.633403774495794	0.416318611004645	0.196468453805795	0.39405272751528	0.386289065140324	0.365703322163794	0.590180858470502	0.643528694842976	0.469650022395047	0.472888924263756	0.364220518047677	0.555073521107981	0.261349929909466	0.546299566504436	0.422222774489372	0.664569689885913	0.501630186608008	-0.000656499082719471	0.449264754513706	-0.0698485530998422	0.417613678979245	0.539845225187096	0.578175105146587	0.374401942241957	0.48256315815049	0.398616195075935	0.401373139262203	0.631050754359406	0.230642532718089	0.210744750144559	0.287110444879742	0.229580855161831	0.457462887500144	0.121288880330481	0.392434705879703	0.591171457223156	0.104381593877372	0.571451442186436	0.028963815600887	0.491462004868899	0.628413816826439	0.191535302404705	0.499581537053778	0.104514218865046	0.246734979488505
CXCR4	0.450340335029168	0.407318374684499	-0.102671361632182	0.669324173526359	0.330051907486225	0.646658450512289	0.502746485142907	0.405670092098406	0.629503702934957	1	0.651639207800247	0.370341239681653	0.738870215357808	0.477651636604813	0.520949304354713	0.583605386151693	0.511878250901604	0.460878730862235	0.480230869577584	0.623685368598394	0.300100955732062	0.277470051678213	0.313721368640712	0.278177935201981	0.650511657014361	0.522030447295678	0.522773469072593	0.656699333687369	0.321892506314468	0.712062385702528	0.443007099364582	0.312608424057617	0.345502268525127	0.466697926886376	0.196975116582181	0.377521878620784	0.636379820874577	0.660421831575337	0.576227476802547	0.314179036937138	0.39836401645775	0.31177752475502	0.28750488215426	0.566041028773627	0.793648761283542	0.349094863652829	0.374148818795229	0.361115315602142	0.668710991214289	0.670675151036728	0.557689506782929	0.706550249082691	0.493781051760457	0.48840007457117	0.742942781247343	0.343888272613107	0.168891202899434	-0.463361914045014	0.202945896609984	0.532979240438054	0.441974617260044	0.361478312149873	0.43942193676154	0.538930491313518	0.129258323048354	0.554643840852978	0.202338181420793	0.507335582728908	0.314735159577505	0.414163837566134	0.228791238824393	0.13196172768954	0.461460568753194	0.567617258850897	0.160706604626351	0.482907069292435	0.0629858094510504	0.485811653908082	0.550114015199052	0.193998321841107	0.628431655093536	0.0552185374278622	0.16700342638451
CD163	0.404308429217276	0.281736048027355	0.235565570437895	0.302961394218023	-0.00861649771640341	0.463023405537805	0.178997154808866	0.401145226432394	0.272105129492988	0.651639207800247	1	0.26501163953465	0.607082127278522	0.487636494568072	0.459422718152047	0.511032966933672	0.382498620711404	0.285720469032837	0.500834776168149	0.81042225225011	0.425569332670859	0.466565514934928	0.100858740033782	0.702792679922149	0.428018031403435	0.534389261567647	0.499838316265793	0.521028863506677	0.276091617602477	0.592192239615851	0.740332133453623	0.346594500710916	0.433409713705708	0.44571321224433	0.311752758927678	0.401236073626204	0.714866555843592	0.770474090448446	0.174442743872998	0.56186901693376	0.655549866333835	0.154027912284808	0.444088586902128	0.721825180668941	0.651935710022389	0.186555953631312	0.159722856685827	0.514514771563064	0.784659665875728	0.686763651077745	0.781638354077627	0.777770752084205	0.505102073972477	0.23536333276336	0.706316208208441	0.805773825592093	0.102844617065182	-0.324528530276841	-0.002617031703262	0.210523720391712	0.359269078147005	0.386392430613504	0.534843347063789	0.528850100739446	-0.0198647730043387	0.413736367952668	-0.0104045418695607	0.642798563194414	0.115155342987282	0.319291815486672	0.129622487765913	-0.0969247331635447	0.357754686156235	0.359840129514454	-0.0651489207733814	0.403494048777146	-0.0980383530085782	0.43665798292005	0.584743794977834	-0.0189844104396545	0.493899406239361	-0.0989488670205853	-0.00722417936456546
ADCY7	0.832436457315555	0.734525014416737	0.32704650456986	0.721356447893854	0.683573480152246	0.773837445769186	0.540811650636007	0.669483074753364	0.537064137903132	0.370341239681653	0.26501163953465	1	0.618949090319917	0.529394141920153	0.726850710475146	0.792419161601329	0.775002455250068	0.838083036703055	0.663776516311524	0.489928306428391	0.752473430322079	0.220468794959603	0.727668583598293	0.386523435389062	0.731677965020461	0.554224782628125	0.448952833451985	0.51722025019589	0.839636527253117	0.591819516549	0.497501588437841	0.475714912994457	0.54033072238863	0.543508923179631	0.176069375858574	0.764890927989244	0.6976973661365	0.617100097320221	0.714380206382513	0.571837093859475	0.528283772044108	0.53977786270729	0.696242098249786	0.597967325784369	0.295287850417952	0.697344062215599	0.642237083047507	0.541934325059399	0.243393383549902	0.657114876439527	-0.015119926947352	0.485034438061298	0.54961624213508	0.698515032814599	0.469210100471561	0.085614431201366	0.679673124800467	0.031182978710995	0.513455722899409	0.590765600099032	0.769988569431656	0.437522685248138	0.313442322923135	0.517123823832284	0.537354547136922	0.703920615346737	0.167855370642008	0.219967723783851	0.512305456605676	0.234213070972283	0.664877647247976	0.15646116040597	0.488794320653919	0.691889097829361	0.124278935974284	0.576277468395618	0.0504486466857064	0.612879290205346	0.628967635507039	0.140754011045022	0.652157201162796	0.153805750780319	0.418090261715441
TLR2	0.648302379453154	0.552676821453277	0.230580003148054	0.674571186315175	0.464225265773159	0.780683889501021	0.526773941933966	0.509426222283152	0.532313506110195	0.738870215357808	0.607082127278522	0.618949090319917	1	0.552943933430861	0.718906451259085	0.813792960243346	0.693862343720493	0.715147747610363	0.666950407941724	0.585445235189467	0.570413820213808	0.312111592926345	0.489182784723096	0.419808081946106	0.768996498941586	0.527681527972324	0.578340844570927	0.720354055256087	0.590401723045097	0.664240545909508	0.593531793764427	0.548543470978118	0.554734741657159	0.594370927149701	0.276793865716844	0.630556122869614	0.787720799276746	0.729781241070293	0.652661544164029	0.524397136288348	0.597651949717012	0.539636368917554	0.600456741059603	0.683022766735992	0.610518681021777	0.494045914415661	0.549799822191178	0.52464408045311	0.595597115929459	0.732166583134865	0.386726485028158	0.715125350333318	0.687020369337343	0.570881463354371	0.803313227994132	0.461207951184591	0.441499930361873	-0.296772050488987	0.335942329981063	0.633822569338776	0.679202028275857	0.489819131153029	0.513688622550896	0.671960867066489	0.394302031290382	0.73917525181364	0.258761746932392	0.575011455713294	0.466552824592517	0.46774389809367	0.46161998936218	0.23218660817595	0.646193585730216	0.714758975566498	0.22515670358113	0.604645103199414	0.153011811988963	0.671346203380167	0.653644164504113	0.238373814590348	0.805162998206901	0.098337445422235	0.361348858561602
PILRA	0.616666155972027	0.570545554498315	0.334414159996603	0.501300708478744	0.418728679029192	0.641370928695799	0.367800452451066	0.419258879879029	0.404219644757163	0.477651636604813	0.487636494568072	0.529394141920153	0.552943933430861	1	0.624282288536889	0.664310530503091	0.531237841367073	0.449288453806933	0.521021121804911	0.58445282185889	0.539986540776242	0.322754513671029	0.463245887754786	0.36806000038286	0.508992564125422	0.586085054474662	0.191762899940735	0.349075670013392	0.518853155870073	0.670398134441107	0.542079611411844	0.0903060304959974	0.434792145892913	0.416748207951214	0.0318914288160823	0.565369489488857	0.5543190990054	0.592415814692711	0.576310010996156	0.532946993759468	0.535523472606528	0.126276510700137	0.539311708121761	0.530475231931072	0.469924418190154	0.382501016440632	0.342656319000417	0.427600246291141	0.425152419291523	0.563824503087257	0.295248387711184	0.567929328011876	0.397232415303176	0.508220576978706	0.485139067389625	0.287289466137693	0.202298593665471	0.0504594254061165	0.281770171621264	0.443768638603224	0.571956001506815	0.149190150058576	0.175896658521818	0.275776111843563	0.0355126050422409	0.445336077122707	-0.114143938943655	0.0958854912603853	0.0807426214036446	0.0597255203769323	0.218050503671936	-0.165910791187688	0.169390235411637	0.484118105936043	-0.198357490885546	0.561779012051128	-0.254865845962535	0.258655027220109	0.589875881524006	-0.118478167939918	0.573420316030151	-0.20733262947674	-0.0161785691810325
SIRPA	0.83283487279677	0.833047323337329	0.240612465858352	0.673884209579495	0.573213383110278	0.774361661412018	0.321179296140513	0.765282090382	0.676011890880131	0.520949304354713	0.459422718152047	0.726850710475146	0.718906451259085	0.624282288536889	1	0.807265135889346	0.808929310718238	0.80070711486229	0.829342505946593	0.632900625982489	0.807320316649649	0.469829535326293	0.637327495532689	0.539437431791911	0.764837088826698	0.69383406480002	0.457915220989794	0.594936348567924	0.802176062614958	0.694878383305061	0.672665930170882	0.454311230959553	0.621763155017465	0.698772282559783	0.283559810882149	0.81462410852111	0.823702419747184	0.816043300641566	0.623827569240385	0.70030495308318	0.482169390106203	0.508164061219088	0.757290815069417	0.587610078512367	0.496160584013189	0.635993056094093	0.577555940437731	0.673432359206077	0.481605101897993	0.75527733997805	0.229784925597556	0.635121774422046	0.679734840268295	0.657121010170515	0.620011314728218	0.283377955416235	0.623649710300722	0.0944682970515434	0.47581482422671	0.5721397550613	0.796117486634251	0.504973699009674	0.599442806645798	0.597696177768008	0.549460052577326	0.800408682979631	0.171516240950052	0.335515128119809	0.408212492087141	0.313247326911936	0.607175806455536	0.106212567885217	0.523371407570919	0.717870675813272	0.0742421831863752	0.729413073834912	0.00750516268221719	0.65292754015876	0.789385181746915	0.11241000319061	0.633219412612581	0.0952121259869329	0.323227221406395
KCNQ3	0.806988873713105	0.726078479500989	0.277169960338738	0.730482085737841	0.571839639012299	0.84643517496495	0.552063900635892	0.637903605458796	0.572362104481236	0.583605386151693	0.511032966933672	0.792419161601329	0.813792960243346	0.664310530503091	0.807265135889346	1	0.810843212394816	0.825575722668873	0.748057425096752	0.614042348009346	0.724649411354068	0.400378806192681	0.638635173419948	0.448360659309942	0.79557098839455	0.577480032641616	0.511663923298638	0.697593670062414	0.794356419401842	0.74431101067953	0.651797914097604	0.544593268974123	0.578961195370305	0.62319528005944	0.23153362011857	0.744302543261269	0.824413555702272	0.758895122657738	0.746376536264211	0.592151374526651	0.583729311845183	0.57394100435978	0.717826208246599	0.664361326551759	0.499402093799549	0.575760764341243	0.687768140793442	0.585574714818396	0.44299685840349	0.771034126391759	0.277824188983102	0.652991585086385	0.733630266435496	0.678300586974196	0.736743482965152	0.318333661148222	0.606051582417153	-0.111659456132218	0.481855942196365	0.674730079280628	0.772281900225651	0.496068485484775	0.478352124267887	0.645319265182353	0.4801287939931	0.805662938919843	0.220038819775714	0.439912521664723	0.494658872082735	0.378536355896612	0.606047729682158	0.174714096571655	0.598379921502059	0.806593077669232	0.171698335822674	0.633709436912735	0.103358577569306	0.69520353977163	0.708796051273677	0.2139001184847	0.780847660010453	0.130432884312164	0.416795115820875
ACTR2	0.850549088165705	0.805830583714742	0.164333405593094	0.809594526533798	0.575065002414673	0.81072285149588	0.552206922310777	0.728896690613121	0.627623957838655	0.511878250901604	0.382498620711404	0.775002455250068	0.693862343720493	0.531237841367073	0.808929310718238	0.810843212394816	1	0.800557350563643	0.771639380537559	0.648675339438028	0.753020279938849	0.345291039737984	0.700252265661422	0.486785078672089	0.885446650255248	0.459004154339715	0.658594437391091	0.81331262696334	0.857254015080081	0.74800706484355	0.622162749346301	0.651091512588687	0.696231726702666	0.625729551501602	0.454552492537379	0.780399463807034	0.864512634239371	0.716139181105861	0.733288901039115	0.600334922385055	0.465475145882055	0.742465019129152	0.686482730868673	0.641328687977766	0.516563145656085	0.648821770935055	0.796011132694654	0.560265441946451	0.36475684174216	0.720045660594198	0.219854170121358	0.626054020958789	0.650196778327155	0.767369250187814	0.708400418967586	0.198506158844231	0.808139606530822	-0.0835506925669672	0.572521800005092	0.73157390442062	0.780130664921686	0.679332234092005	0.542394950002591	0.724629125999219	0.660928261388619	0.84220600374004	0.46399926390053	0.471107995242811	0.691025397053552	0.544189197178001	0.820351121866031	0.353605003218071	0.692699177444568	0.888167985007005	0.355487020970052	0.624435229028741	0.241413095473686	0.752404832074525	0.697568177768521	0.339376411107906	0.710407681144546	0.362579337271568	0.574689991097594
LILRB1	0.865747663247884	0.769514750855513	0.333767366355234	0.761014266330363	0.725280611780801	0.812131070457456	0.525017332134468	0.69226996868028	0.560835632087551	0.460878730862235	0.285720469032837	0.838083036703055	0.715147747610363	0.449288453806933	0.80070711486229	0.825575722668873	0.800557350563643	1	0.682259388424991	0.43044412312236	0.768958310042556	0.351080424634244	0.813262397718297	0.378478449435943	0.741372381227319	0.470383577454033	0.504636259977906	0.596702241846852	0.857953580896813	0.583821301551978	0.519379829769812	0.543865425963935	0.559262235973027	0.654315719937925	0.311045653771985	0.78635401454377	0.743511188212089	0.61171536806885	0.700270309061871	0.616251273619394	0.434398266316951	0.607849830743132	0.745938686262505	0.573469635060049	0.292768464557035	0.706702304067589	0.672945763659677	0.54573967912177	0.253733451605673	0.634775170114866	0.00868110181512961	0.452640755401348	0.672630223366971	0.653852275282449	0.56194659034436	0.12864513407663	0.738197062949106	0.0402599612640212	0.458106084941562	0.655668663164429	0.76998039678974	0.479337332649989	0.376773636697886	0.546405546540466	0.615534925406532	0.766064558041202	0.175310638022468	0.322271722935399	0.566954485268301	0.285517373444246	0.720758056764887	0.179392830104216	0.572732726242317	0.796062768371629	0.155711616820863	0.584620170154102	0.0749661878018963	0.663719493545823	0.609854276084404	0.121786398533777	0.662806421641988	0.158820460308883	0.499957019883766
PLXNB2	0.743315749437782	0.70381930493985	0.166705434843516	0.55821241437331	0.292447278923358	0.642816936184199	0.212438133744329	0.782747130434358	0.55696562428982	0.480230869577584	0.500834776168149	0.663776516311524	0.666950407941724	0.521021121804911	0.829342505946593	0.748057425096752	0.771639380537559	0.682259388424991	1	0.69226618601194	0.79627691396455	0.354459729932932	0.526476711956944	0.648013812186567	0.706235285382444	0.616899073886837	0.448221990307697	0.607954818350279	0.740314284166834	0.647503569331616	0.740261636049401	0.546485963415776	0.622509532057606	0.60178249578068	0.29971387302317	0.750344320226341	0.826185357766329	0.815204834594339	0.453142031126202	0.704803542016294	0.440278801930608	0.501683332087086	0.722253950448731	0.612206478329689	0.472618905445603	0.51333025429657	0.511111615135205	0.751462381740513	0.542612746530164	0.72316756118176	0.308485632785774	0.731891632727298	0.71111758396903	0.580962158737196	0.604350473020207	0.374816428610477	0.554941509204928	-0.0612663022655497	0.343854070915107	0.508151738203683	0.707571102006245	0.550307778874525	0.628691814528775	0.661129830006649	0.533334804765246	0.738044899052048	0.237249006979832	0.402023716974787	0.418399080782533	0.399441001333808	0.533353820273183	0.14358368365287	0.543600181669898	0.64346453367872	0.135155736751495	0.667296942529013	0.0800436270621961	0.666865586535316	0.745478263079815	0.178120189559521	0.562700153191143	0.157708083803744	0.260782960565102
STAB1	0.616227240995213	0.575448435439903	0.174248082749402	0.542652120978482	0.156169013515612	0.584741080567721	0.326354608137611	0.618934448366826	0.434301751228875	0.623685368598394	0.81042225225011	0.489928306428391	0.585445235189467	0.58445282185889	0.632900625982489	0.614042348009346	0.648675339438028	0.43044412312236	0.69226618601194	1	0.602320401310808	0.459392872734012	0.316438690695153	0.672626589440767	0.637538489778742	0.6149821586933	0.587950370342602	0.614814740529617	0.547715246341303	0.761985258214448	0.767012219902651	0.365920485286445	0.583703424168366	0.484704669248306	0.367158886269501	0.583307487020941	0.815320510225281	0.828540933130482	0.39104842417355	0.610564541537221	0.637742368347394	0.311191762780098	0.561280712086415	0.74959050237223	0.673680694870764	0.387330696507795	0.374310583480627	0.607907466615603	0.70329775007342	0.817776752311124	0.625609860100282	0.819215420743219	0.517892078924921	0.487186671487359	0.6579772192052	0.534936699031781	0.325454133263242	-0.200613767954021	0.233769781726422	0.419550052810689	0.522019503485915	0.437360900852705	0.545794243891253	0.624283084405578	0.218842162953224	0.546582210408335	0.156930257459244	0.491215663798159	0.324528806887808	0.368547368319673	0.341828741696594	0.00257716066020702	0.387851929678427	0.523944152109899	0.023573254931008	0.548501713768174	-0.0583345694503672	0.526878669480161	0.744028737969762	0.0717399193717648	0.566635980943489	0.00197627567084738	0.0742510138655367
TREM2	0.904831547105205	0.852284648986695	0.430531149430182	0.581018004627935	0.501731404689843	0.755721110142145	0.189155669003325	0.799537084552821	0.520139727074557	0.300100955732062	0.425569332670859	0.752473430322079	0.570413820213808	0.539986540776242	0.807320316649649	0.724649411354068	0.753020279938849	0.768958310042556	0.79627691396455	0.602320401310808	1	0.452230886722221	0.690568870705601	0.728775868799889	0.600846975760784	0.583787854026008	0.374223601232241	0.418107724886665	0.86215450104527	0.578963459639067	0.788285553538876	0.439330990895473	0.546038349319155	0.750881456570956	0.311128855754318	0.932308256079012	0.792933051153746	0.713285678887218	0.460184100220135	0.894804649180659	0.440993901635371	0.395712650069956	0.885109734939401	0.64589603491109	0.270490157719196	0.709359198651167	0.548776928205753	0.796287490014096	0.374841429743332	0.611754758114367	0.139422178229776	0.567032496834951	0.596487572186813	0.653536025572818	0.493266338705201	0.396469839224304	0.662038815400188	0.29609638118995	0.308270347955211	0.440702662386974	0.765774165021914	0.424300656993947	0.432091005976413	0.433620673034399	0.439879686113499	0.644328664217471	-0.00100642063875855	0.202901066595676	0.300431840454245	0.104739896520887	0.578753421881328	-0.104460517563273	0.350146222590505	0.586410649090842	-0.148760495320071	0.619697910144328	-0.190573780740644	0.495016204128782	0.773036454735812	-0.0724902549538165	0.540966462081291	-0.0620282112295549	0.199625061316174
CD93	0.49873740036497	0.387738138416876	0.291062104091073	0.278432505052814	0.166193388376329	0.397984396742934	0.220110466945848	0.402196908227806	0.269608971444279	0.277470051678213	0.466565514934928	0.220468794959603	0.312111592926345	0.322754513671029	0.469829535326293	0.400378806192681	0.345291039737984	0.351080424634244	0.354459729932932	0.459392872734012	0.452230886722221	1	0.375215223037522	0.411978356853343	0.266619060894106	0.268668340603702	0.254646591620974	0.288590972782565	0.416196569185994	0.366696774927679	0.448556997416039	0.15442908130783	0.302535652604121	0.398064466402243	0.201189998252902	0.458301208871955	0.488130932970926	0.425684716547005	0.151421105353502	0.469027863420587	0.27900427788088	0.114018649337951	0.51772124743738	0.231339619839731	0.197225910253386	0.130395539591846	0.354226506308745	0.339344263578229	0.183926490568582	0.398000213306825	0.298451316583278	0.240191246422108	0.310545736985074	0.180666801296312	0.335230371631372	0.267882578673474	0.330547660600729	0.137410485990192	0.00597917829270677	0.196576721064488	0.319562952753982	0.147447609534405	0.272215654393351	0.228965661922946	0.139641039659768	0.244083623677601	-0.141871151425154	0.205191150681966	0.0847931588493617	0.0458107499561269	0.301134794206325	-0.189098014109372	0.184620400488821	0.309799380941418	-0.151631400842764	0.205881107491468	-0.1949181520696	0.193270159754768	0.330657815427609	-0.196406651642683	0.174597759430664	-0.116054244836626	0.0953783429592086
VSIR	0.869055591988291	0.700796844684003	0.408267348376324	0.739067141841618	0.718226160685577	0.722305976271302	0.605509122913609	0.625265846881907	0.530156436946824	0.313721368640712	0.100858740033782	0.727668583598293	0.489182784723096	0.463245887754786	0.637327495532689	0.638635173419948	0.700252265661422	0.813262397718297	0.526476711956944	0.316438690695153	0.690568870705601	0.375215223037522	1	0.272200868342356	0.546353052135668	0.312448560831527	0.335039290697965	0.415491554905414	0.801894749764367	0.517864703061485	0.386624506675281	0.274208205339881	0.476567904841819	0.507637986114056	0.26582129529508	0.701177324752066	0.542282061296136	0.389691054170745	0.642823289559362	0.554731965919678	0.264559484317812	0.387844548860579	0.638381796669822	0.398971938134322	0.0966352395335896	0.66330792269583	0.534296820661183	0.446971397518773	0.0218834913700052	0.380958825871741	-0.0934251834801095	0.281035022192709	0.446046370820239	0.549331500870881	0.342759085138151	-0.125498693537993	0.65091817877474	0.204628529160839	0.352054405028166	0.527631836339723	0.661112506363852	0.209189115398607	0.0812357451205399	0.261105671101069	0.41009726343651	0.496968946275854	-0.0169294855338359	0.0524725708179459	0.382530902318432	0.0584486971734081	0.643022358560661	-0.0118588206874521	0.304302836559144	0.684231141615213	-0.0403483624743082	0.438805821487253	-0.135381734619498	0.349153305863283	0.442173256155831	-0.136146469110543	0.416642101147763	-0.0349695238618303	0.332785682359417
ENG	0.568767815128068	0.485543105682769	0.364512463952294	0.244441794646317	0.0660945024691264	0.475416324324418	-0.0807324913641309	0.634083890895244	0.264656193129577	0.278177935201981	0.702792679922149	0.386523435389062	0.419808081946106	0.36806000038286	0.539437431791911	0.448360659309942	0.486785078672089	0.378478449435943	0.648013812186567	0.672626589440767	0.728775868799889	0.411978356853343	0.272200868342356	1	0.360144536518194	0.511739345548411	0.335183216715437	0.376918503096024	0.495799432148153	0.490098199344381	0.881764627423161	0.354115983616347	0.383856930725657	0.607050909035695	0.412247432183706	0.667414684416864	0.720004777851661	0.727986750160112	0.106943208315079	0.767936380870091	0.510973802123181	0.146324817647996	0.636806458884417	0.677692955437989	0.394093657149066	0.375976904086373	0.226998465085497	0.768208743983141	0.6267945389272	0.505937952193686	0.53034097972084	0.643032832532257	0.487270920203173	0.300489299905712	0.541100687559585	0.743046194161146	0.320442666055085	0.0788410708845371	0.0231556978583884	0.152561418737719	0.491571252733895	0.402481061518296	0.539747662827768	0.381361485237343	0.170142712031893	0.415342113429588	-0.0516036900211872	0.402331150009566	0.0680313581938808	0.139994066391782	0.265825764973559	-0.211465296172577	0.240416363888393	0.317602490082425	-0.215688591461007	0.45487403093751	-0.214320122041777	0.347946099690517	0.700145694841944	-0.119579592712319	0.336421670567227	-0.118513948991811	-0.0134356093589797
ITGAV	0.72321328456511	0.704630074699155	0.0687337521133463	0.796171725574465	0.59198157026862	0.791387095783385	0.56671842741461	0.617081743503115	0.663061928278178	0.650511657014361	0.428018031403435	0.731677965020461	0.768996498941586	0.508992564125422	0.764837088826698	0.79557098839455	0.885446650255248	0.741372381227319	0.706235285382444	0.637538489778742	0.600846975760784	0.266619060894106	0.546353052135668	0.360144536518194	1	0.597430858952782	0.699255560795317	0.858555577116784	0.724541168739042	0.721535155532576	0.532678571315494	0.695129012063349	0.645060133173074	0.569508873029337	0.367138411206965	0.688487207979965	0.839020306045612	0.766460742201813	0.751433639314978	0.472778509855889	0.542132052516394	0.787013243803045	0.572900712176913	0.636599746095417	0.653748810919195	0.578726263417586	0.759527770895675	0.51078917673634	0.485396079553371	0.752126929608883	0.266750163046407	0.658056991786608	0.630298565555452	0.758047370883634	0.775191733305591	0.241893162913871	0.708512506091506	-0.233761414409677	0.639944139804281	0.804747658027242	0.762523914651765	0.723602129088449	0.615269125787951	0.817547912486093	0.664857957225801	0.885823459296806	0.587339735314657	0.579553238984959	0.752156026736855	0.662436998674416	0.75023794821608	0.478834501038459	0.805287398597831	0.876546022355602	0.490829054125635	0.718987924988508	0.381675609243442	0.797788374379873	0.681493111292136	0.513798767699273	0.823593759637421	0.421677507631216	0.610535513589807
PLAUR	0.564488865601352	0.586328323884544	0.1608366031198	0.47494455984206	0.473691620503002	0.598187180837984	0.132426390273182	0.537483764221326	0.575794961490021	0.522030447295678	0.534389261567647	0.554224782628125	0.527681527972324	0.586085054474662	0.69383406480002	0.577480032641616	0.459004154339715	0.470383577454033	0.616899073886837	0.6149821586933	0.583787854026008	0.268668340603702	0.312448560831527	0.511739345548411	0.597430858952782	1	0.284790733470653	0.331174673508833	0.480081242929831	0.602017933620417	0.614620024354882	0.197138780198947	0.43674053653849	0.520528584282648	0.10292890154906	0.633929536898961	0.609071301579504	0.815496009454599	0.446668186647874	0.561869488789442	0.603344455038342	0.192850643732011	0.517551339426872	0.57828868252268	0.621350933587512	0.53348772242691	0.249862345180763	0.684280856795489	0.686144373997939	0.64569899789516	0.287846171760262	0.683961205188426	0.387365010868829	0.489449353225069	0.465795599856496	0.39544255760169	0.211116896848709	0.0657535353839061	0.41031557114016	0.397144219447434	0.65093542572346	0.335380729986026	0.46266675222229	0.399074613795763	0.186982523148646	0.576888904011723	0.0194179083270331	0.180799477261289	0.163841976051862	0.11674712764036	0.210207731713561	-0.0754164159680632	0.286380413675811	0.362686764973725	-0.122675968867379	0.832554573324104	-0.139749082617586	0.41057171004828	0.774076614156043	0.0452722565826197	0.583828989885543	-0.130408805573077	-4.32894605569902e-05
