""	CD3D	CD247	CD3G	CXCR4	CD2	CXCR3	KLRB1	CCR5	CD8A	DPP4	KLRC1	KLRD1	F2R	CD69	ITGAL	KLRK1	ITGB2	SELL	TSPAN5	HMMR	FAS	PTPRC	CD27	CCR1	ADGRE5	SMAP1	TNFRSF14	ATP5F1B	RACK1	PILRB	CD44	S1PR4	LAG3	SIRPG	CD47	TNFRSF1B	TRADD	CD4	TSPAN14	CXCR6	AMFR	HAVCR2	ICOS	NCR3	ADCY7	LDLR	TNFRSF25	LRP8	RXRA	CD82	ITGB1	ITGA4	SORL1	CANX	HLA.DPB1	SLC1A5	TNFRSF1A	PTPRA	CADM1	SIGIRR	CD74	APLP2	VSIR	PTGER4	LPP	TFRC	CD81	SLC16A1	C1QBP	CD63	LRP1
CD3D	1	0.951560176517217	0.973351034699057	0.96190594866089	0.961501577264912	0.788014623657137	0.621246375744866	0.48212716900982	0.799776310882762	0.379875537522352	-0.175185398736144	-0.128027278524527	0.0799451644074763	0.888700635476661	0.868123386934997	-0.0890509277493613	0.166353661293545	0.631482312006754	0.369291012643048	0.349816330679827	0.66945424399196	0.87478107362074	0.955433613499923	-0.449231947730462	0.797865935395891	0.286965118873711	0.316150060758843	0.364432976018782	0.497064792350219	-0.0304292514192053	-0.231855817579659	0.850455627115323	0.650823499351005	0.747020422985248	0.824106787326366	0.53115650210026	0.911990510667177	0.138913584827425	-0.476993683763837	0.780048802690396	-0.1226003330389	-0.387402532152393	0.904518278372844	0.575533089224004	0.306844339050414	-0.469899057971326	0.864177123451547	0.703519525066128	-0.761596491508596	0.805824009848967	0.307060371644904	0.858055523697551	-0.380872121570601	-0.459182476764848	0.330682315926795	0.286309475300991	-0.554861873202175	-0.3034728183948	-0.316025557593257	0.838643311570748	0.131614452155612	-0.622382670160366	-0.0092517561666501	0.291816943074452	-0.126114836178845	-0.64250260275158	-0.599094518352479	-0.0118540891970397	0.316885960737774	-0.20481414060199	-0.81746162183027
CD247	0.951560176517217	1	0.936685541437735	0.966843602993763	0.911707095423515	0.686761285891645	0.737483001100797	0.307620050075456	0.746050798419071	0.455713846301987	-0.0221368281289765	-0.1596357914397	-0.0170463928055846	0.953619190828718	0.825891006373898	0.0078522975971493	0.157399038289767	0.501812331288217	0.241243021063784	0.243174391517346	0.634583864441823	0.831697609057781	0.870116328447022	-0.486438509735842	0.70636102668192	0.178152854640279	0.0923255226697905	0.27138178158265	0.475745970685053	-0.128622294656193	-0.286707577745432	0.766231946330289	0.552497189050623	0.82771069856618	0.781947350753567	0.391212460994227	0.885306761668213	0.115881661382994	-0.480775949305664	0.668328611506425	-0.246957166265201	-0.296582418915126	0.794186206919472	0.587131636996264	0.40276179971012	-0.56405210168574	0.931017604963612	0.563826725330708	-0.736649843666886	0.707049849496086	0.22935579939638	0.794067108081199	-0.312400798261962	-0.538097957497816	0.322498320914553	0.286254145848515	-0.627612867090853	-0.369726457753433	-0.388206192882149	0.768251241747902	0.141388428320382	-0.716072150819209	0.0901089914950244	0.346550543656618	-0.175299908686447	-0.604272679390117	-0.62691510333923	-0.0337103877903609	0.264526424612443	-0.327224100223582	-0.837791781847241
CD3G	0.973351034699057	0.936685541437735	1	0.936624467002768	0.97058075138417	0.740194021608506	0.575471888837452	0.443664767663114	0.820145680335282	0.389671510444608	-0.213637597464475	-0.148598658879408	0.114262545307376	0.858643056216377	0.83904443976476	-0.0870794397534673	0.097826130994143	0.619158829875732	0.436107238188334	0.502571607708663	0.718402301107812	0.847327896478068	0.93026274289083	-0.464459308166418	0.835047967719126	0.34684521470022	0.227472461029845	0.409763946335174	0.457192150824474	0.0264060303220093	-0.255034378595612	0.881247905928761	0.767230983313118	0.739293317179609	0.838975668203499	0.537660498868365	0.862481000440027	0.124493279907004	-0.526369999974266	0.833512460465905	-0.0500043768878141	-0.413794112231893	0.898708531309634	0.515589994034275	0.276066226517692	-0.407056332209248	0.874041187504697	0.583792843312452	-0.810336483980017	0.785273636791983	0.245137324749749	0.892208052920987	-0.379231759388469	-0.40122222708177	0.298366326310407	0.294162289696679	-0.530552193004978	-0.23882098914327	-0.217981238262551	0.812681180812889	0.0972724696068371	-0.528879824501167	-0.0282501798757617	0.261144043992258	-0.13861024292901	-0.664604518526711	-0.606240514937292	-0.062483679242032	0.305433791488216	-0.14093305912209	-0.753360840580303
CXCR4	0.96190594866089	0.966843602993763	0.936624467002768	1	0.932646319613219	0.725479730521695	0.741128227769806	0.406506974920872	0.771224778168508	0.414012648245494	-0.151409738537163	-0.208291988105685	0.000201765503140506	0.957162262763355	0.833990470746814	-0.0737611012782456	0.252182687940882	0.58898143690907	0.264690492451249	0.252287415493014	0.645181101219503	0.870445078769595	0.894908451233624	-0.420581992972101	0.742505531613908	0.229715661310309	0.22080233432423	0.330759932616485	0.564481596438947	-0.0846119719230044	-0.25387853441236	0.758307257159714	0.531369155051909	0.843843472926301	0.828247492608917	0.441296112165208	0.905097006878221	0.218642393972807	-0.40130580796485	0.646154954838712	-0.165623833771404	-0.285183711348983	0.791659877639435	0.57100842847497	0.415806112925327	-0.525875849631634	0.917724427283875	0.633293701537759	-0.755788107525345	0.755226278726234	0.337291349746472	0.827719115236426	-0.314312541804884	-0.511398498412176	0.412319507404548	0.278532379746178	-0.552267012423461	-0.363889859370722	-0.353992483249071	0.84129482558611	0.232000847622991	-0.675154261617872	0.124716002292182	0.421525902522561	-0.134715414426892	-0.595705740958937	-0.561258388395248	0.00220410458637137	0.358821090615011	-0.242058327438826	-0.846730821513844
CD2	0.961501577264912	0.911707095423515	0.97058075138417	0.932646319613219	1	0.726338499804084	0.631982116996908	0.509746131977947	0.804578352045184	0.3903616169796	-0.231975018098331	-0.153380429832962	0.0788487466373355	0.8552044004207	0.866472713964754	-0.0952076620453322	0.100326301466236	0.633194528637251	0.368868550771345	0.403093949077609	0.688097175400558	0.799923077141159	0.894889574273978	-0.43273944101248	0.779589206743543	0.317915694801638	0.258291612837721	0.312668375262328	0.371171228682862	-0.0172354942170917	-0.235486199665084	0.821757937702501	0.675431458601184	0.720773928385101	0.76020305981689	0.508289742225037	0.815158980066509	0.097156585591007	-0.45897731198782	0.801202293865346	-0.0690058164432404	-0.425420405162896	0.899535863439163	0.467316833333099	0.223920535888144	-0.417760447719948	0.878590783323072	0.612919318096852	-0.795400561685602	0.739820902075331	0.227928685011703	0.828891801586293	-0.359727710183403	-0.470350527101931	0.185473086086121	0.161738342055814	-0.516291719122233	-0.265726447563139	-0.288615037830964	0.762793780060998	-0.000127852605123693	-0.543443449177707	-0.100180943211955	0.214304687337996	-0.154092774903847	-0.626024540782472	-0.598907592566228	-0.101548538930065	0.244082405316542	-0.191593338305045	-0.749302055958862
CXCR3	0.788014623657137	0.686761285891645	0.740194021608506	0.725479730521695	0.726338499804084	1	0.3221575654504	0.684816361007708	0.530505450536377	0.115935619375663	-0.206102703151961	0.132296443199003	-0.0624338813359564	0.630521336426992	0.631583656306399	0.00290041089022714	0.449554192388487	0.673102198401336	0.242695666949044	0.22770592464786	0.364119502028811	0.841062976690741	0.790565261114875	-0.113607552810726	0.718111527454055	0.0475757849941927	0.630485137932273	0.214768437485951	0.410107158297891	-0.104532935506831	-0.133477382815401	0.716571488546367	0.579852958755599	0.408713066251162	0.599162149936345	0.747041676570609	0.770515147113836	0.367957144673675	-0.142662915019294	0.735566457187895	-0.124929622063499	-0.104693331324175	0.786999831216523	0.458583669686072	0.399476625361334	-0.536972782429863	0.575823691839577	0.687545084012885	-0.425442574752088	0.719539930432969	0.27095737303196	0.693821316661385	-0.0660252326792624	-0.480098906434586	0.427982108408992	0.318250782234242	-0.414158523861977	-0.331018247363058	-0.302775514247307	0.743258381689569	0.329345441044668	-0.455796669106966	0.171025574213254	0.450193611054239	-0.114499179160276	-0.266678285975615	-0.222935805271909	0.0465001985951986	0.190720328232099	-0.199085791429733	-0.620196343963124
KLRB1	0.621246375744866	0.737483001100797	0.575471888837452	0.741128227769806	0.631982116996908	0.3221575654504	1	-0.00277863835094057	0.296114621798951	0.699999182158131	-0.0448352955874577	-0.319594842878733	-0.311283956997908	0.85038491234901	0.450415835609833	-0.245671876750829	0.0623434357554316	0.24464677068462	-0.100408542848484	-0.207921402557877	0.215908251225771	0.401825046138385	0.519820273021091	-0.343529436858392	0.291125410783809	-0.0200545556426428	-0.0787996857704767	-0.0696423473393706	0.326159310526514	-0.198944546288695	-0.0855479741191798	0.187008889989462	0.019439070005592	0.881835185834719	0.419426599732308	-0.0833552859773608	0.587341178439413	-0.0757373655413733	-0.387333305606433	0.250724398162944	-0.387900534457528	-0.321221666253715	0.415650728722678	0.33707074237431	0.308325952857651	-0.499528685987662	0.853247584273333	0.393985689940503	-0.642422156148327	0.411626180441072	0.0562920925805412	0.321202652437515	-0.290786411571767	-0.546163375745725	0.0706280102729524	-0.174229590763904	-0.590602571762718	-0.467289063589419	-0.522056904080307	0.493980796282768	-0.0555565390731151	-0.736355385739001	-0.014453093419893	0.194773668400347	-0.232220959844613	-0.46859792688318	-0.561493152256168	-0.0385419974410227	0.159524133982317	-0.462794468118939	-0.739326537470398
CCR5	0.48212716900982	0.307620050075456	0.443664767663114	0.406506974920872	0.509746131977947	0.684816361007708	-0.00277863835094057	1	0.580300115314329	-0.194610367897023	-0.285361996145963	-0.0926708956739629	-0.125461002439283	0.295133551911853	0.631920920174443	-0.0422058244396535	0.570220121448567	0.292441168235272	-0.0726303799723338	0.152776108272879	0.178748785356527	0.621629060464886	0.398068020112828	0.286895992386118	0.386796472293199	-0.173750421180707	0.664161043407584	-0.0204910890944629	0.0702340538941113	-0.323742788448074	0.112739876421754	0.52274914602142	0.434327235382146	0.0444803006201244	0.292007284751979	0.677288227307763	0.33260818609348	0.440458634649539	0.248125632063674	0.420842375213938	0.000817372818975982	0.0755577208330831	0.515864697971423	0.167157964781024	0.377190978519772	-0.483817418936632	0.16770356718601	0.342599597462929	-0.171979222616792	0.347071967521649	0.132829190437589	0.409215278104409	0.150946998808802	-0.423241535789677	0.162300170451422	0.185829136775281	-0.279976786252029	-0.390337902644077	-0.345897387061844	0.298303615880571	0.213562961072923	-0.2266100557235	0.2148101074538	0.20501975372649	-0.368567235716593	0.0860791042222351	0.0200315018199392	-0.271992784013905	-0.107230113621385	-0.21515847910467	-0.314364371591715
CD8A	0.799776310882762	0.746050798419071	0.820145680335282	0.771224778168508	0.804578352045184	0.530505450536377	0.296114621798951	0.580300115314329	1	0.00384431634259341	-0.146743499685013	-0.160391703235746	0.211330634397229	0.646213331605401	0.919715878437762	0.175756659562015	0.152481794173814	0.354499598611332	0.305026775437088	0.486284614802794	0.769283064691049	0.784943971847354	0.714849712124593	-0.365350518600441	0.642035683341225	0.242649101437375	0.145509829703239	0.393714061228662	0.329660034669213	-0.0525500351241404	-0.286533807164324	0.882277215167505	0.697069446882108	0.501348638091623	0.726524892517362	0.469539380458095	0.614722349115763	0.209069264415925	-0.285496710780988	0.579750629365512	-0.00748203980225603	-0.217237934320174	0.725523177504081	0.375102064717663	0.269139106145944	-0.396956933872953	0.594896022431013	0.330359721118145	-0.59445629100375	0.496352988412869	0.264304599015945	0.810382265593623	-0.280503211686524	-0.3802540773208	0.271946461204488	0.438774488923768	-0.438183250553499	-0.210223767002362	-0.190432492707827	0.57552182344019	0.145414565005915	-0.433715410540053	0.0885059135724777	0.16908803140681	-0.194148739324564	-0.494084427165998	-0.481391848158117	-0.187933893233337	0.230888245632606	-0.105599631166978	-0.58167654712514
DPP4	0.379875537522352	0.455713846301987	0.389671510444608	0.414012648245494	0.3903616169796	0.115935619375663	0.699999182158131	-0.194610367897023	0.00384431634259341	1	-0.105347003159156	-0.49338501934459	-0.387130997513819	0.528765348882812	0.133679680181122	-0.606596454577668	-0.181796364476431	0.0636857514278514	-0.0841624437327957	-0.0835492836613653	0.0211830690532176	0.0917219939222238	0.315111463530478	-0.21882291811399	0.180043855270424	0.0294302549241206	-0.00595307030278636	-0.084342527002713	0.198882641428629	-0.242302453664996	0.406381943981701	0.00939824469685978	0.0386255243220327	0.612931435666724	0.244624758789884	-0.115926223248554	0.390482219102531	-0.327382881744243	-0.596918153768874	0.26607336497891	-0.342289214350567	-0.541260695499958	0.235071699025549	0.203568892601652	0.0839444114804692	-0.168684166352239	0.559610092467339	0.172893502736618	-0.644010771514151	0.398563029125654	-0.0641121472947933	0.121200110579935	-0.485799444320706	-0.0411969870488844	-0.0579108653828223	-0.34534065523133	-0.534329162321578	-0.430484961483718	-0.408253927788566	0.251789548122145	-0.228644541848859	-0.465871387408167	-0.250959661094142	0.00920422735500549	-0.325353367981479	-0.514571397769655	-0.594030167067125	-0.216650577329683	0.0431485019096788	-0.27665385448925	-0.556352270179159
KLRC1	-0.175185398736144	-0.0221368281289765	-0.213637597464475	-0.151409738537163	-0.231975018098331	-0.206102703151961	-0.0448352955874577	-0.285361996145963	-0.146743499685013	-0.105347003159156	1	-0.0258895260262602	0.202763769285603	-0.0900709623777268	0.0017318721376381	0.422056475626866	-0.0759612028535233	-0.368485121954293	-0.148314295110931	-0.30359476358343	-0.0981427961464985	-0.119159428876095	-0.248738253361565	-0.209724349171185	-0.173213448921697	-0.0464697516585923	-0.274619475142804	-0.0930251255068884	-0.0659339794977891	-0.256853454274412	-0.194700711469562	-0.156907589338868	-0.272191387156405	-0.213576652516896	-0.149132585096617	-0.251401313981081	-0.00685131746281689	-0.134451260348321	-0.0454270764308108	-0.279062159334988	-0.0968037351480748	0.117777077867437	-0.234771127418091	0.505329382009675	-0.0285712699495675	-0.0540430028040725	-0.147742075412752	-0.164610998072234	0.341363359239252	-0.201768959060534	0.0439478794851122	-0.157932224920065	-0.0159478761710322	0.0590105093199009	0.0313123667674237	0.20678044649435	0.0139152838210799	0.0608325144925732	-0.0132283355083155	-0.227106560066285	0.00770518679671749	-0.107417294515163	0.0401330415551252	0.0182283437445744	0.190737100630597	0.0635298805082257	0.0310082834187566	0.365192077743975	-0.124502225666699	-0.146022941372909	0.0489686823955179
KLRD1	-0.128027278524527	-0.1596357914397	-0.148598658879408	-0.208291988105685	-0.153380429832962	0.132296443199003	-0.319594842878733	-0.0926708956739629	-0.160391703235746	-0.49338501934459	-0.0258895260262602	1	0.237708847894231	-0.29756044930162	-0.157061560022244	0.630839254699824	-0.291193817863813	0.248137521412605	0.221815460881317	-0.0508782648007062	-0.104905550782366	-0.138919761160808	-0.00663466449208239	-0.311087341458179	-0.0415993037468921	0.0207994166065513	0.0669329368830599	-0.142266461303955	-0.359468261031577	0.425519444423464	-0.502107676388984	0.0762083432223932	0.0600728600471928	-0.366062886085787	-0.303810754031458	0.0511378108818437	-0.18177023030914	-0.26164307162763	0.0152818011769498	0.167315302584607	-0.121965181612627	0.0475052789851513	0.135955732202511	-0.331807011559191	-0.377232820898036	0.157282836723867	-0.169723064157737	0.124297318578475	0.24778690036061	-0.279280415489922	-0.241939008390033	-0.13387860848238	0.095435071016944	-0.218672626861263	-0.19133308855916	-0.0936608491605342	0.1414121078487	0.34251247507164	0.163364809501842	-0.0315497700243918	-0.203534950682283	0.0942741341087281	-0.19926066576585	-0.210068678853008	0.388313320985545	0.0497884776990247	0.043510939047832	0.0991458808258398	-0.219613508252351	-0.0501332962048771	0.225009783118637
F2R	0.0799451644074763	-0.0170463928055846	0.114262545307376	0.000201765503140506	0.0788487466373355	-0.0624338813359564	-0.311283956997908	-0.125461002439283	0.211330634397229	-0.387130997513819	0.202763769285603	0.237708847894231	1	-0.13426974966323	0.101427078959968	0.275447839714213	-0.395906918901086	0.278678136950741	0.799990614628776	0.53348670645363	0.495389672146411	0.0239650122024429	0.184177089037736	-0.497835881756485	0.442598120824814	0.832129937841493	-0.102972741816189	0.679720367567798	0.187380925457599	0.748660444715086	-0.526169460724303	0.317226321708293	0.327312912790464	-0.154030760085312	0.311192160809483	-0.0463512359870572	0.169264625488904	-0.114544973192371	-0.282628508436761	0.182619296129625	0.671043344153413	-0.293823153021424	0.16454797565705	0.262446270401695	-0.486963101550888	0.655239260820781	-0.0829016302485208	0.21323101550754	0.0804232174261418	0.218277364650637	0.400893468054529	0.323868959908639	-0.336212444482899	0.440895890968389	0.121780992918815	0.276137455411712	0.551114895560951	0.832702481402278	0.7623932126559	0.24186295793087	-0.0429999423250563	0.442179423880989	-0.381023663078138	-0.131310400023465	0.801454000590628	-0.363944462592148	0.0464207902987909	0.579853314650431	0.436658060248759	0.64649200505977	0.265737263070518
CD69	0.888700635476661	0.953619190828718	0.858643056216377	0.957162262763355	0.8552044004207	0.630521336426992	0.85038491234901	0.295133551911853	0.646213331605401	0.528765348882812	-0.0900709623777268	-0.29756044930162	-0.13426974966323	1	0.742211748676539	-0.135489406800592	0.280500349653096	0.429039878985836	0.0989116218397202	0.10516568846247	0.503686196930361	0.783128278313474	0.782929358117896	-0.339719778846574	0.636144418501438	0.0877591964412587	0.0696757229574117	0.194730684109933	0.521074695803929	-0.174861454982591	-0.197556167779596	0.599529203162314	0.392294837936942	0.906678809931904	0.745114419936568	0.272318519987554	0.858938592520536	0.191980639953718	-0.367832570785544	0.508966878733493	-0.240087878779664	-0.224346443426879	0.654299444778661	0.537846944204741	0.524817437464395	-0.595552174343179	0.932940213262996	0.538783661823328	-0.685208610388813	0.693581711927681	0.232892570778026	0.684582766986828	-0.221444375785775	-0.566281015480417	0.344388268713925	0.179027097184488	-0.592431596023621	-0.431194216312987	-0.433112508291805	0.732480368828604	0.204325675854751	-0.722539051474734	0.180511149704558	0.421670571768827	-0.217857116339619	-0.501314805045276	-0.524096120913588	-0.0316395049316031	0.279025265354741	-0.366177468643226	-0.817774073475589
ITGAL	0.868123386934997	0.825891006373898	0.83904443976476	0.833990470746814	0.866472713964754	0.631583656306399	0.450415835609833	0.631920920174443	0.919715878437762	0.133679680181122	0.0017318721376381	-0.157061560022244	0.101427078959968	0.742211748676539	1	0.105904968472962	0.198545060165178	0.382111993972897	0.174169513816686	0.241799252199893	0.625510161439707	0.81168998147705	0.750812627017064	-0.397861553316911	0.633957555116077	0.152378835317815	0.260409246432623	0.201588571879614	0.272717752100506	-0.225376273388762	-0.262352097882821	0.806784737016601	0.57439870872013	0.501817542266822	0.655566826830828	0.464673570389632	0.708373556048764	0.122750368360754	-0.300025859780242	0.608635595651905	-0.199907727091064	-0.254274596570754	0.78846473920451	0.517312314257952	0.276881603996518	-0.533867696610335	0.677064855466552	0.470750076191123	-0.6011317614971	0.529164899625111	0.220442670658635	0.739134987502703	-0.291592487513976	-0.545518753802217	0.212472327956787	0.305451740206071	-0.571201378848986	-0.364723267854578	-0.410928886705217	0.581879259528469	0.0660133249709341	-0.633512819390988	0.0279850581934394	0.177075105346663	-0.235975565516579	-0.495305373958778	-0.570576310030165	-0.173295302371506	0.0918452035439602	-0.324530113624588	-0.733711503132249
KLRK1	-0.0890509277493613	0.0078522975971493	-0.0870794397534673	-0.0737611012782456	-0.0952076620453322	0.00290041089022714	-0.245671876750829	-0.0422058244396535	0.175756659562015	-0.606596454577668	0.422056475626866	0.630839254699824	0.275447839714213	-0.135489406800592	0.105904968472962	1	-0.0851554891012896	-0.0447687476485667	0.0441367081269911	-0.0117480551982195	0.204656010877534	0.0247456736411058	-0.114543646209996	-0.270334551717258	-0.097781505624968	-0.0785128851153128	-0.289886916793943	-0.0374698094667551	-0.242813213404777	0.0895322104955547	-0.591589031078176	0.208985129771261	0.0528592807023271	-0.246176882722797	-0.146233628947533	0.0136490359201967	-0.136117777710147	0.0194805253822347	0.164573605556174	-0.0524131976777878	-0.0674454012826644	0.315895839093989	0.000489469507238286	-0.0505813086877256	-0.0587223721724769	-0.0858837287200496	-0.0987365182358694	-0.161098694459474	0.330208279360287	-0.342837908098665	-0.0627794832735554	0.0345879384830211	0.233098607739477	-0.261894447115403	-0.0498240362149143	0.265391629557733	0.0898845728171852	0.216035682299604	0.0930361054472111	-0.109724565282191	0.00266631810960315	0.00993888086654417	0.13325716222848	0.00942203521449937	0.250297206264202	0.154580290772982	0.111334404530095	0.0958347253956131	-0.143940157982571	-0.0903424902320264	0.184116492613112
ITGB2	0.166353661293545	0.157399038289767	0.097826130994143	0.252182687940882	0.100326301466236	0.449554192388487	0.0623434357554316	0.570220121448567	0.152481794173814	-0.181796364476431	-0.0759612028535233	-0.291193817863813	-0.395906918901086	0.280500349653096	0.198545060165178	-0.0851554891012896	1	0.0892861057158891	-0.395336124362822	-0.199651024413111	-0.0777742241716828	0.542113635085159	0.101519506649136	0.652493644222204	0.119373479193648	-0.458081027462986	0.395776503173596	-0.0270225130844681	0.423041929880556	-0.510795217984007	0.220107550478586	0.103669775955369	-0.0823022289070506	0.129073841952515	0.257199822234276	0.472755921380226	0.273896459798149	0.878215421469158	0.671229917174462	-0.137917259588857	-0.040774029688283	0.690764940046978	-0.0496703277653745	0.262313398187636	0.857796063743339	-0.574120967874227	0.0464271868917744	0.171541396445914	0.184313534290176	0.241435518311723	0.335106579015146	0.190461390449194	0.613025282827422	-0.289417216743448	0.593096992123649	0.424727966335854	-0.0319061246089291	-0.472689362788761	-0.303732102625583	0.224570459305713	0.784891369132591	-0.173800113916239	0.849536175032607	0.776576720508312	-0.288346128741877	0.528450786802864	0.4742351454479	0.00614172793777734	0.133008401948587	-0.135606845978097	-0.187291776427467
SELL	0.631482312006754	0.501812331288217	0.619158829875732	0.58898143690907	0.633194528637251	0.673102198401336	0.24464677068462	0.292441168235272	0.354499598611332	0.0636857514278514	-0.368485121954293	0.248137521412605	0.278678136950741	0.429039878985836	0.382111993972897	-0.0447687476485667	0.0892861057158891	1	0.626216120725138	0.437995541305827	0.508223120715625	0.570958816169034	0.730069308785705	-0.334182923468417	0.659102416184582	0.518818255028419	0.419149228859205	0.449980721162896	0.401360982759132	0.354542145330078	-0.370081160906836	0.59451099760656	0.517074499817472	0.356613127542661	0.558055115474246	0.65884895151872	0.630026888449903	0.215586423689653	-0.201232075170578	0.71379550292946	0.18623885019683	-0.198104646357819	0.704482142130197	0.333359210146751	-0.052384351183184	0.0119255198403667	0.554313934366265	0.762010570156242	-0.48787705364312	0.663200416228968	0.378755029208418	0.676032713264252	-0.151167077489181	-0.146877481523538	0.31791995842829	0.192909080706972	0.0207069036700377	0.123469051081654	0.117639253629038	0.790004172740421	0.160751549205475	-0.106940333891608	-0.0826453602453795	0.344873579739923	0.296885071597002	-0.396921897202123	-0.204910249478664	0.246816925865791	0.406947812572673	0.227004491886416	-0.405162677684402
TSPAN5	0.369291012643048	0.241243021063784	0.436107238188334	0.264690492451249	0.368868550771345	0.242695666949044	-0.100408542848484	-0.0726303799723338	0.305026775437088	-0.0841624437327957	-0.148314295110931	0.221815460881317	0.799990614628776	0.0989116218397202	0.174169513816686	0.0441367081269911	-0.395336124362822	0.626216120725138	1	0.770578577817703	0.667777115221867	0.249904005839812	0.540614539320364	-0.561915315083227	0.675077387586698	0.924240436896551	0.0644354837534908	0.829661124618847	0.385762868532385	0.780140110066904	-0.468943871850175	0.536880620453614	0.613111482876812	0.136514694215477	0.555632299245067	0.246244415847915	0.416521705673023	-0.0545395251637367	-0.493664163540158	0.590635305971955	0.589620975303057	-0.464910082925827	0.501271545851436	0.311637981913095	-0.43954014220162	0.511989295732872	0.247404035631605	0.453402760482774	-0.328239387887569	0.549602581334716	0.426152656441855	0.620866973788257	-0.460442435093043	0.380288074620647	0.202344175844707	0.327851963595892	0.329496710138821	0.658469404870889	0.672315064806826	0.579577610997014	-0.0210823421367536	0.313374283947249	-0.427283228714358	-0.0308458702863246	0.665154379924526	-0.581041490743682	-0.164033069527509	0.540437620921098	0.612859040268405	0.680477986777153	-0.0273605466880604
HMMR	0.349816330679827	0.243174391517346	0.502571607708663	0.252287415493014	0.403093949077609	0.22770592464786	-0.207921402557877	0.152776108272879	0.486284614802794	-0.0835492836613653	-0.30359476358343	-0.0508782648007062	0.53348670645363	0.10516568846247	0.241799252199893	-0.0117480551982195	-0.199651024413111	0.437995541305827	0.770578577817703	1	0.675759572477707	0.323066547241513	0.42172639749504	-0.242875539932376	0.607962398831484	0.655581495961695	-0.0440612862271581	0.708319423917269	0.235539441170368	0.511824537591492	-0.287335284592937	0.633233791325663	0.848415049745945	0.147163992755084	0.547920069831365	0.425764028970146	0.271922873526167	0.130876561826745	-0.356478336132401	0.616447212917014	0.599946933994629	-0.289468313289442	0.449761091655482	0.137485047087168	-0.1444796016624	0.294603789510655	0.224403195533052	0.0852971124709968	-0.377066058233667	0.466850867491189	0.169349741077265	0.653868311368098	-0.213069308643362	0.316507375358119	0.153567160145312	0.391836341564379	0.170878806874955	0.449345693949045	0.580936150337463	0.394794228707035	0.0405825040982632	0.377529923740522	-0.156711102395048	-0.0143640493573178	0.173961956327016	-0.386338717906708	-0.103483753425839	0.0909888375597368	0.384555281034655	0.549376180330785	0.0587856165658603
FAS	0.66945424399196	0.634583864441823	0.718402301107812	0.645181101219503	0.688097175400558	0.364119502028811	0.215908251225771	0.178748785356527	0.769283064691049	0.0211830690532176	-0.0981427961464985	-0.104905550782366	0.495389672146411	0.503686196930361	0.625510161439707	0.204656010877534	-0.0777742241716828	0.508223120715625	0.667777115221867	0.675759572477707	1	0.597704551260518	0.687016015080778	-0.467303482993969	0.672450787768455	0.611111465434174	-0.0754303423881722	0.745409142945527	0.497814942257472	0.279940168414889	-0.38767706328297	0.794835094054982	0.623163835382478	0.479762413851587	0.777661767270308	0.369051466501784	0.597668649496659	0.22401300679602	-0.353659428820366	0.557048485684321	0.328175230508014	-0.254763864489306	0.617395432849507	0.431292966955585	0.0138558023772046	-0.0130105312780228	0.554843550709804	0.372156737529692	-0.494938657511795	0.607369291482321	0.536732029306635	0.869177256289967	-0.340137139646355	0.0223072317556002	0.297203109168851	0.518203439316582	-0.0355554915833771	0.199523196936048	0.221412923613286	0.63706755975723	0.134774914740709	-0.0824715703935225	-0.0870941975624776	0.217526927336137	0.246689392067136	-0.546425395942641	-0.318132190404146	0.198557027291772	0.595616834773451	0.367182800001988	-0.36301128339011
PTPRC	0.87478107362074	0.831697609057781	0.847327896478068	0.870445078769595	0.799923077141159	0.841062976690741	0.401825046138385	0.621629060464886	0.784943971847354	0.0917219939222238	-0.119159428876095	-0.138919761160808	0.0239650122024429	0.783128278313474	0.81168998147705	0.0247456736411058	0.542113635085159	0.570958816169034	0.249904005839812	0.323066547241513	0.597704551260518	1	0.844983974346309	-0.169546764489903	0.773568283329162	0.117696671323326	0.414529302425906	0.41286829240121	0.637754691966193	-0.169418754097525	-0.204842373243965	0.834785230184724	0.603829830574461	0.589159560624936	0.846244820922148	0.689178136242357	0.861027805354987	0.530259316317594	-0.117859268066854	0.615640390794647	-0.0846361271787237	0.0244646564562462	0.737041982198804	0.61685610806177	0.586334371526204	-0.584009058783604	0.675948996332867	0.597932311135291	-0.529839973881752	0.734538201703456	0.4490389067349	0.868901261436185	-0.063790234238121	-0.442098578130969	0.636167909901545	0.605067880110583	-0.425607089948765	-0.36770881643322	-0.271673467976076	0.821527897705828	0.538702198948405	-0.535423236005254	0.405474792896065	0.610650456361531	-0.134811999177596	-0.325963323765053	-0.279247864548061	0.0624090599266232	0.386674223903261	-0.123173440662491	-0.724958994106777
CD27	0.955433613499923	0.870116328447022	0.93026274289083	0.894908451233624	0.894889574273978	0.790565261114875	0.519820273021091	0.398068020112828	0.714849712124593	0.315111463530478	-0.248738253361565	-0.00663466449208239	0.184177089037736	0.782929358117896	0.750812627017064	-0.114543646209996	0.101519506649136	0.730069308785705	0.540614539320364	0.42172639749504	0.687016015080778	0.844983974346309	1	-0.494009532043358	0.842097183354525	0.417892007992252	0.400405563643191	0.513225596110402	0.595161060698502	0.148749410463591	-0.253019990988967	0.847952705282342	0.66145389136685	0.689010472715522	0.855450095873057	0.55441272173015	0.904327886878824	0.14526013220636	-0.507510002130316	0.81351991287432	-0.0405895981264518	-0.42210648245046	0.915462433904912	0.56048613252715	0.187254299798669	-0.324460716073657	0.792400691952742	0.783735728530862	-0.756118421342086	0.837933153341473	0.410088322210017	0.885753061850082	-0.448821038108325	-0.31670645023599	0.413310104326236	0.365115172293783	-0.433144612561482	-0.172165041865223	-0.159706417247339	0.917939475133237	0.188005429346822	-0.515090123511517	-0.0639685733026473	0.295780154763212	0.0506488667056726	-0.687314915957993	-0.553123731467707	0.151714519793587	0.475192517526205	-0.0132427500787734	-0.771827974112086
CCR1	-0.449231947730462	-0.486438509735842	-0.464459308166418	-0.420581992972101	-0.43273944101248	-0.113607552810726	-0.343529436858392	0.286895992386118	-0.365350518600441	-0.21882291811399	-0.209724349171185	-0.311087341458179	-0.497835881756485	-0.339719778846574	-0.397861553316911	-0.270334551717258	0.652493644222204	-0.334182923468417	-0.561915315083227	-0.242875539932376	-0.467303482993969	-0.169546764489903	-0.494009532043358	1	-0.430991018286834	-0.592109496680592	0.174176851946503	-0.301737045944084	-0.0952215962387306	-0.431940136983302	0.586013362363551	-0.422169224930573	-0.359940870166123	-0.326036449880247	-0.341473005957589	0.145393219425257	-0.402142093489557	0.58524650672514	0.801400224852954	-0.475070601409586	0.16280356382198	0.649689769185698	-0.526559512598883	-0.293696636686728	0.485061723012615	-0.151651715398458	-0.487490085329551	-0.297330820400758	0.535661671884213	-0.207769678060063	-0.0235973263628502	-0.391423703204005	0.725490571732525	0.120798166680287	0.0265135881358989	-0.0262618369387479	0.282442050622934	-0.240215245397441	-0.0916032341806254	-0.417923997793243	0.342897044127969	0.363361304419488	0.535406558547481	0.245595084320519	-0.366081976642762	0.843993697649372	0.755894288423645	-0.205487082487901	-0.187717554184569	0.0311110650513084	0.424417448535957
ADGRE5	0.797865935395891	0.70636102668192	0.835047967719126	0.742505531613908	0.779589206743543	0.718111527454055	0.291125410783809	0.386796472293199	0.642035683341225	0.180043855270424	-0.173213448921697	-0.0415993037468921	0.442598120824814	0.636144418501438	0.633957555116077	-0.097781505624968	0.119373479193648	0.659102416184582	0.675077387586698	0.607962398831484	0.672450787768455	0.773568283329162	0.842097183354525	-0.430991018286834	1	0.594666104825527	0.321469189167658	0.671726713035268	0.607391879316702	0.332342875276441	-0.302937648715346	0.800469388885571	0.745474867663835	0.497516343250191	0.873357000871066	0.465693124454613	0.827016044673481	0.217581684855593	-0.453458872978293	0.748324475082924	0.239253149374906	-0.362091019812664	0.744900407761256	0.5338142855619	0.157813839951214	-0.0741707461328267	0.613008253753771	0.583143376944226	-0.565778435781392	0.826820618365829	0.437352791991423	0.854208513198654	-0.370075297411691	-0.0889996823704131	0.515409134685666	0.422429563383333	-0.136162408061818	0.130321914678379	0.192484135740899	0.825571315426847	0.29320733361152	-0.198563724299063	-0.0483077682632604	0.388144601376829	0.253516285713862	-0.59795463868564	-0.32934588030288	0.267637439409311	0.536720861805681	0.23419779711595	-0.492695608571524
SMAP1	0.286965118873711	0.178152854640279	0.34684521470022	0.229715661310309	0.317915694801638	0.0475757849941927	-0.0200545556426428	-0.173750421180707	0.242649101437375	0.0294302549241206	-0.0464697516585923	0.0207994166065513	0.832129937841493	0.0877591964412587	0.152378835317815	-0.0785128851153128	-0.458081027462986	0.518818255028419	0.924240436896551	0.655581495961695	0.611111465434174	0.117696671323326	0.417892007992252	-0.592109496680592	0.594666104825527	1	-0.00962128405438038	0.789588597875127	0.374977421749883	0.743031836946398	-0.407266286281481	0.366091042823416	0.436922870609026	0.135196910059082	0.498469884989762	0.0478166628847697	0.366093232375666	-0.157733804174706	-0.521037472789415	0.427923025590856	0.610796517654452	-0.538821907645247	0.354122721073148	0.353415280613041	-0.521616249137782	0.626679371223818	0.216442683992186	0.381852419474465	-0.328740837205739	0.493075823765276	0.446035579538631	0.508497874900325	-0.556766824377029	0.478678211772484	0.161806516170814	0.176815174926141	0.388693549396943	0.677872137192855	0.677742280090976	0.48380665565069	-0.0907817303305954	0.323247220098229	-0.508638160772313	-0.0618564866991246	0.6999078505627	-0.628814390727156	-0.201473754028311	0.556214468868182	0.606550516861991	0.691772832797861	-0.0142277945766423
TNFRSF14	0.316150060758843	0.0923255226697905	0.227472461029845	0.22080233432423	0.258291612837721	0.630485137932273	-0.0787996857704767	0.664161043407584	0.145509829703239	-0.00595307030278636	-0.274619475142804	0.0669329368830599	-0.102972741816189	0.0696757229574117	0.260409246432623	-0.289886916793943	0.395776503173596	0.419149228859205	0.0644354837534908	-0.0440612862271581	-0.0754303423881722	0.414529302425906	0.400405563643191	0.174176851946503	0.321469189167658	-0.00962128405438038	1	0.0632517344854267	0.267853319519291	-0.147648251358832	0.360438437603321	0.279992610134243	0.172121566591031	-0.0867106551764823	0.205231475705144	0.615024045160575	0.341149100498561	0.246024385780714	0.0596557230498317	0.362978581804951	-0.061833019722067	-0.13166760878146	0.407205308600526	0.222273532780195	0.0930393617062946	-0.155015056785645	-0.0167499821538846	0.571868820917634	-0.193347927049148	0.398144706911222	0.323987611254322	0.25003953024509	-0.165941947329053	-0.0457432511103458	0.346997298917635	0.0862487046536962	-0.144895508924381	-0.312003796031363	-0.235051157628303	0.407345954033263	0.280206257669706	-0.169406288029066	0.031696433497103	0.23375944704671	-0.0392470716188303	-0.0868233900147721	-0.00768514725851081	0.0440604463748375	0.0997304370444641	0.0189834712970477	-0.351321577402759
ATP5F1B	0.364432976018782	0.27138178158265	0.409763946335174	0.330759932616485	0.312668375262328	0.214768437485951	-0.0696423473393706	-0.0204910890944629	0.393714061228662	-0.084342527002713	-0.0930251255068884	-0.142266461303955	0.679720367567798	0.194730684109933	0.201588571879614	-0.0374698094667551	-0.0270225130844681	0.449980721162896	0.829661124618847	0.708319423917269	0.745409142945527	0.41286829240121	0.513225596110402	-0.301737045944084	0.671726713035268	0.789588597875127	0.0632517344854267	1	0.744998178672862	0.562911233748864	-0.251332055576232	0.523722836709451	0.468487287635029	0.265177482463724	0.75825001232068	0.237602201460839	0.495417961186023	0.327623331506771	-0.278776491472979	0.333889713507677	0.619899533532763	-0.197711543773463	0.31131242112514	0.461340296649573	-0.0593800437055383	0.354468622853502	0.195197354435531	0.366080860363721	-0.255607415136868	0.62931729321178	0.714963938187863	0.701484281826805	-0.347212175056719	0.490190380463973	0.573177214277336	0.64789440218481	0.360907068273901	0.491618696030102	0.636197520908657	0.619691236765979	0.411577803160914	0.277219580401858	-0.0315096273623978	0.324881938546684	0.565355905100378	-0.43712197092292	0.0197138219612062	0.607981832792696	0.892330994709436	0.787692256611266	-0.0875398183963277
RACK1	0.497064792350219	0.475745970685053	0.457192150824474	0.564481596438947	0.371171228682862	0.410107158297891	0.326159310526514	0.0702340538941113	0.329660034669213	0.198882641428629	-0.0659339794977891	-0.359468261031577	0.187380925457599	0.521074695803929	0.272717752100506	-0.242813213404777	0.423041929880556	0.401360982759132	0.385762868532385	0.235539441170368	0.497814942257472	0.637754691966193	0.595161060698502	-0.0952215962387306	0.607391879316702	0.374977421749883	0.267853319519291	0.744998178672862	1	0.117661214246599	0.0111839611796476	0.398135102629841	0.170214236687709	0.562201359981248	0.829792166314782	0.264001671386572	0.715430625075731	0.558605597013806	-0.115815722175696	0.169289437347213	0.208126101365397	0.0169057968773171	0.257408566978879	0.627876702493252	0.4285003129148	-0.103194396894177	0.39026875463796	0.517504294622555	-0.334169331078066	0.716541872665499	0.801977619121844	0.652969491495631	-0.219104038539523	0.182635681069225	0.866240359774042	0.649253386178421	0.0374500338979417	-0.0498860047252044	0.145460236662225	0.766084656490283	0.74438886532424	-0.185360179509551	0.371466087401963	0.719645300767747	0.291686912603478	-0.321386130768686	-0.0062993621063422	0.54699194617716	0.889811992298696	0.413699794269599	-0.470431677595447
PILRB	-0.0304292514192053	-0.128622294656193	0.0264060303220093	-0.0846119719230044	-0.0172354942170917	-0.104532935506831	-0.198944546288695	-0.323742788448074	-0.0525500351241404	-0.242302453664996	-0.256853454274412	0.425519444423464	0.748660444715086	-0.174861454982591	-0.225376273388762	0.0895322104955547	-0.510795217984007	0.354542145330078	0.780140110066904	0.511824537591492	0.279940168414889	-0.169418754097525	0.148749410463591	-0.431940136983302	0.332342875276441	0.743031836946398	-0.147648251358832	0.562911233748864	0.117661214246599	1	-0.490525129945609	0.120493457224582	0.261072244107129	-0.018814388632178	0.172094578268549	-0.191891039308609	0.00839465832050157	-0.235853885806432	-0.328231584656043	0.183807378335291	0.593143288050074	-0.365687579863142	0.100897848030231	-0.162675366474769	-0.536825253221655	0.70660142838909	-0.0452451663792531	0.18066625794762	-0.0142505711013925	0.144226446109373	0.114327209604283	0.138907086497271	-0.298673954239659	0.383056644191047	-0.000912825461517128	-0.0232437068818911	0.543803757064023	0.86392876656459	0.81068220670237	0.21724379566517	-0.139008288789815	0.505945789821538	-0.441960349512297	-0.237381496981697	0.725831393889119	-0.354811180325358	0.0522040789161191	0.472176484698251	0.435893540137587	0.624596889274704	0.358142723132642
