""	TLR2	CD74	TLR1	ITGB2	SORL1	ACTR2	PLXNB2	TREM1	KCNQ1	ITGB1	KCNQ3	TLR4	ENG	CD163	VSIR	PILRA	PLAUR	PTPRC	APLP2	CD46	ITGAM	HAVCR2	ADCY7	SIRPA	RHBDF2	SIGLEC10	C5AR1	TGFBR2	LAMP1	CXCR4	TREM2	FPR1	CSF2RA	SELL	TLR7	LRP10	NCSTN	ADORA3	ADGRG5	LILRB1	NRP2	TSPAN15	CD93	CSF3R	ADRB2	NCL	ITGA4	P2RY12	INSR	RPSA	LILRB2	STX4	AXL	RXRA	NRP1	EPHB6	ABCA1	LRP1	PECAM1	GPNMB	CD81	ITGAV	CMKLR1	CD69	TSPAN14	TNFRSF14	ITGA5	ITGB5	ITGA6	SORT1	LILRA1	PLXNA1	FAS	BMPR2	CD47	CD44	IL6R	MERTK	ACVR1B	STAB1	NOTCH2	ERAP1	RACK1	NOTCH1	CCRL2	CD33	DIP2A	CD63	STX3	MILR1	TNFRSF1B	TNFRSF21	LRP8	SCARB1	UNC5B	LILRA4	PLD2	TLR6	JMJD6	TRADD	CD226	PTPRA	MCFD2	AMFR	ATP5F1B	RYR1	APP	CD99L2	IGF2R	CLEC2D	ANTXR1	TNFRSF1A	PTPRZ1	CCR5	CADM1	TFRC	SDC3	SMAP1	EGFR	TMIGD3	CD4	CANX	SLC16A1	PTGER4	C3AR1	ITGAX	CCR1	C1QBP
TLR2	1	0.913694867780871	0.90713946620402	0.939834761407243	0.842941399353948	0.946210680985932	0.825938204607391	0.829382418067018	0.862528555830019	0.876016651081559	0.910696319835737	0.87820021815323	0.841219038448895	0.806774519819213	0.878653964804043	0.923524512961031	0.762989680684155	0.954892681220659	0.877509595464937	0.907487621704107	0.914041490762361	0.95120777145768	0.84993498783172	0.94632206841063	0.918529717170313	0.882939366490697	0.893715749518003	0.934335462822517	0.903210146133227	0.650443524726565	0.913170334661402	0.952626319607801	0.87109457499667	0.676195283424897	0.887041065055984	0.843288260031648	0.861145406839922	0.829625410221321	0.414889979114414	0.891903596598358	0.80480179095068	0.844534677010164	0.845540230628196	0.860167906891148	0.836899332701128	0.93968167373037	0.833017545786	0.687896713156542	0.554665724668422	0.923450048950556	0.860621559186951	0.939017260995878	0.824214774327049	0.847355752599432	0.749095405212202	0.622774158184332	0.69367080362358	0.870530147304878	0.771221127585912	0.384772964510657	0.927366858261763	0.89484698292246	0.815694623140095	0.765072534382	0.865797410736805	0.806477699285191	0.868380904341946	0.854106806880095	0.816555926872296	0.877136665181305	0.783269876745985	0.789788346300991	0.829721477810083	0.84245236381914	0.846944085633309	0.465223526278634	0.835024131478482	0.867330010767558	0.8590390714955	0.848736865207179	0.77811655738988	0.838051023535798	0.928746930842503	0.681622665769107	0.794743104196747	0.859691677661992	0.753220971314766	0.847937934427677	0.79930379414982	0.826004941148552	0.901764949937228	0.711954640370066	0.714396711387828	0.830799680480122	0.842504279207897	0.495974801710853	0.839369188392744	0.812902184788026	0.926527091000886	0.858380800692799	0.873891791645944	0.812360704278071	0.902096376844233	0.834938781913406	0.90706333035504	0.666115404347416	0.630766003345993	0.797031382851209	0.843216885583446	0.628405268068053	0.785472256154236	0.892003959423775	0.53902550045088	0.790176886213827	0.860736089747059	0.884119966394362	0.698343555079065	0.863325893276472	0.545853507320915	0.78886457603614	0.945801951227547	0.894132699023459	0.67229161249781	0.923274874613592	0.935565904438434	0.932085716272467	0.87183475083251	0.89412999511328
CD74	0.913694867780871	1	0.915990311044112	0.864967566463539	0.91922776729593	0.916767770417867	0.855163195522505	0.653227889470521	0.853344836733691	0.761055524815397	0.93001773680956	0.843609041508092	0.775716076834874	0.71526216356516	0.959434422780439	0.832833630087445	0.531880389472515	0.966806659554522	0.776522986297773	0.896767866989931	0.870231328857719	0.934344805299416	0.920233548185409	0.901660038195598	0.94565105805411	0.942612578168277	0.771385425005015	0.92719871779529	0.788184377825197	0.713684138603928	0.892794342286119	0.922154233117039	0.923525717382987	0.845217704542776	0.943644654838896	0.829287242367409	0.849675343778289	0.938780184529967	0.583451587705678	0.911234360203658	0.644776574539811	0.812072195337163	0.766909460288743	0.917626446934746	0.774026016369852	0.92351463311374	0.737320957021784	0.770289081197105	0.619899136749383	0.911330404224351	0.854344075168236	0.885274288095819	0.917279803258599	0.713860347392072	0.584184142240404	0.761558852028737	0.450616728132681	0.808052925551398	0.835031576540631	0.0925346909564489	0.962175958054997	0.867700530035965	0.88048190506134	0.771889417537742	0.905080070051313	0.678726465318609	0.720264607568031	0.764585887889922	0.80068024153046	0.892978171271566	0.874225987804087	0.843886580274839	0.778789846889801	0.868244818442944	0.877082924677884	0.198267049109652	0.703635976460045	0.87406378641577	0.794786582601582	0.776884021613517	0.759690654497163	0.893177599150772	0.929986191641954	0.725958581955264	0.685597784435937	0.913764404677224	0.781888778660318	0.718122168942615	0.796818576057244	0.872513581482576	0.767074820474137	0.619771710069008	0.740429264410675	0.810059197859863	0.90889584927167	0.481972478583694	0.804421726072648	0.890332249069082	0.819735501422761	0.786110650890955	0.876679953204232	0.789616754495279	0.837350596765878	0.828876448003788	0.90504085147852	0.747638367451726	0.614697646331389	0.818261564375272	0.717792554515397	0.7116887951179	0.772174111492588	0.92363762828593	0.512985595843818	0.730677688214795	0.842929342310548	0.781961736177973	0.649086709475763	0.768274959135966	0.541175293597832	0.654324629847951	0.955993979563332	0.805763279424997	0.640480854652451	0.818348663559655	0.918720352550622	0.820539028549179	0.747034687629305	0.913396317585331
TLR1	0.90713946620402	0.915990311044112	1	0.940784479486999	0.804552033057079	0.9677918988636	0.807670797094942	0.680946312285067	0.868483514626755	0.829767412916571	0.8883570752449	0.882426117604844	0.881784464406389	0.864679021224756	0.888497127622631	0.856514476620362	0.561535172537728	0.957376957578518	0.890052861898683	0.901146671071555	0.885657175933581	0.959674647760812	0.837012023538478	0.915858127354122	0.909537886936701	0.930724157500335	0.711843929018817	0.942310021175583	0.86970996764895	0.457576855752551	0.907775975033893	0.948744828526513	0.796189251340467	0.746912674413355	0.884396706076425	0.857980414110507	0.844725379883423	0.878156642149005	0.406849474106278	0.955681568624513	0.633341181595792	0.868760323742137	0.87057424494753	0.802471859034721	0.788768077728883	0.946784757510956	0.874435743914202	0.704023748854713	0.529932395737651	0.953340750246181	0.904099468172025	0.842397521715014	0.759680390146606	0.800487923475813	0.775208148547029	0.73244718949049	0.575406377046575	0.85962533568805	0.747544714414006	0.287247684791677	0.939698729785004	0.899388646532301	0.825058975394393	0.582867205548249	0.818716008247893	0.73536376146687	0.780144000647349	0.82833808935864	0.855003809115276	0.837225557507381	0.773834728430849	0.730406270052733	0.814131098849872	0.801132478662607	0.863643651674244	0.377324846856353	0.758281152141461	0.913805961878739	0.835341806950073	0.897959606056211	0.735250911221596	0.889615023785998	0.931762836366248	0.648744938700394	0.599079272874289	0.888042456139178	0.721715684894532	0.831220048535532	0.743838422968892	0.806114501199432	0.854839215537039	0.659809319653781	0.713312791023784	0.790947038724996	0.832009592085132	0.525583943698293	0.786060696841847	0.781968372928027	0.808144134885743	0.856231743470165	0.910220138485789	0.806310029714994	0.884719742693298	0.848145820942624	0.92043608531748	0.64280457650403	0.598107983459691	0.848013372121668	0.78262182626097	0.617691621300835	0.74699396746595	0.930946131560052	0.512893695367837	0.742868799606327	0.856142954183471	0.830937645845187	0.672443732874355	0.826308248123303	0.521292817958396	0.819287573391243	0.933448830259687	0.89293740752349	0.659140678160273	0.827032417542847	0.925463654378861	0.78434723151599	0.855498198141203	0.933438177532609
ITGB2	0.939834761407243	0.864967566463539	0.940784479486999	1	0.789034609710314	0.97574617394341	0.863134768910508	0.816559847598946	0.914484321852686	0.930196347428051	0.887336618784491	0.88508209936874	0.949916725200729	0.907772045122612	0.867696298871976	0.90435149283684	0.717154616201026	0.943478783336257	0.966372036890433	0.924539999091397	0.932204930528299	0.962564549804429	0.826048068124224	0.959391039443949	0.905790780110231	0.888023047415693	0.814782223709793	0.957265545250819	0.960246926404321	0.477093219462125	0.919062695886988	0.95639040496044	0.795854324856153	0.650282758026103	0.85502517985087	0.915052079774322	0.908301229824678	0.792714449841237	0.31010464782115	0.906318610483295	0.764527629411221	0.870199378142182	0.920329024306591	0.782063674570427	0.815211593317132	0.966105787928973	0.921578902565783	0.650501121715855	0.582425772283455	0.966429277436527	0.893481951452971	0.874196740319986	0.731142763905093	0.887493954274178	0.885257036690129	0.650432978117962	0.730174886140921	0.938437697442367	0.782168335905812	0.474743534895132	0.928340219006378	0.944908239864864	0.821280431887393	0.604897846762808	0.837757037229477	0.8203039898155	0.884268243814571	0.901230775803367	0.906689058627368	0.869576807905399	0.740321244511241	0.720314097651113	0.844747430505368	0.840213373955512	0.874730644451693	0.548161031169774	0.87119568186642	0.915554171330614	0.909077719924604	0.950056576765322	0.811492826251674	0.886581907063775	0.942214325663964	0.705488462891704	0.715151215581519	0.859405147199455	0.74747522246983	0.942512030648788	0.809618382741897	0.758640512368634	0.943890946082246	0.77652082961866	0.768743045804836	0.824716463273291	0.830748914643703	0.579492038146504	0.802740475348746	0.747083940385354	0.882253046728805	0.905879316215123	0.917602282274988	0.871667014359924	0.941181360011397	0.896900470122266	0.950310428838827	0.649499313862407	0.699990742526044	0.86107370084069	0.903874380251852	0.631285596969882	0.804224683853611	0.929747039776077	0.622756570143292	0.741364061627959	0.907321701901975	0.928737968719839	0.767449676819574	0.922227331088898	0.622263474762579	0.896107301393463	0.946767822897461	0.969036339871478	0.762342627636177	0.899492341273168	0.931866830311719	0.889061733583114	0.917802895483056	0.931356870274308
SORL1	0.842941399353948	0.91922776729593	0.804552033057079	0.789034609710314	1	0.839060873107544	0.884834791867757	0.583251846938195	0.83909199939159	0.708500410416062	0.938271866973516	0.812953636378287	0.722766477118041	0.559458753052001	0.936067148158698	0.766264676045309	0.471835139609674	0.906959664700036	0.685742373589293	0.865417481196033	0.850188284787685	0.872386969007872	0.949664394285758	0.851101605935229	0.942670034368539	0.892625800885304	0.724556773896025	0.893488270555767	0.730094978685692	0.743226716747017	0.82933419749794	0.847832413832645	0.952198799187279	0.776598260212006	0.942162281229951	0.820713653258862	0.849630121613719	0.896974632966412	0.629639866374395	0.797479357050551	0.681647753212625	0.773503834245927	0.655899085750034	0.95972540019095	0.797870698361429	0.854963136571561	0.595003120541378	0.852665132006416	0.699207621138325	0.82588504547197	0.735294115780128	0.837087712670781	0.94005624904494	0.662844704275876	0.485032547685844	0.715973413746535	0.385151292354286	0.820047736696658	0.869466088483849	0.00269074002948432	0.91403426633197	0.849173614266803	0.917589161076251	0.777236541562536	0.958731650628892	0.572085818505582	0.682747184739717	0.687002352473559	0.785847071625124	0.932437798587604	0.849520523490215	0.886738998203045	0.765014476286097	0.907914730114188	0.878788516653657	0.0993183508214841	0.67907853206843	0.82068902272115	0.78991508994588	0.683884562706376	0.767581916244085	0.851994971426833	0.859750357613258	0.807680281813148	0.672680065670073	0.898337307241372	0.85534030654358	0.648692761632525	0.773784762002607	0.871511535069415	0.678176849908684	0.635930414489323	0.821632702504679	0.771947164059023	0.935255140505673	0.586936555834729	0.798026547123809	0.942041080471296	0.763387727919917	0.696124936463855	0.817359539172608	0.806519716108354	0.775134134112156	0.774105368801726	0.860712523146258	0.865412973135246	0.683014433971997	0.811967022056706	0.71325691972138	0.823486262751862	0.780258100869364	0.893352340939974	0.589205962554995	0.587689712832008	0.750113533827253	0.750151927744563	0.664668224414601	0.726074757316136	0.626678414495969	0.612844047011871	0.913549187783288	0.738828317534568	0.701567829841842	0.725051686766966	0.870719429756247	0.849490244256899	0.630586384037939	0.855542938614835
ACTR2	0.946210680985932	0.916767770417867	0.9677918988636	0.97574617394341	0.839060873107544	1	0.858962176248311	0.770238929879719	0.921956254833166	0.893498884649316	0.917393127215937	0.903294269250087	0.924592468574805	0.869941245292367	0.906248726511903	0.890163693764711	0.652673388165872	0.97559011194018	0.927364340667341	0.935399695858218	0.938018571514032	0.978819328214368	0.868406427095381	0.961820471707108	0.936591989046669	0.93163510810251	0.789916244297211	0.974145890800824	0.922002787863599	0.523391323686835	0.941118171372687	0.97764625370164	0.842709889927366	0.731280525820301	0.900823786492697	0.901283330306646	0.900484291979939	0.86964804228137	0.384485527500813	0.949083991515301	0.715039528926	0.890422262409554	0.898303317112642	0.837758575152958	0.824680598915314	0.983702377344102	0.889688468652311	0.731746967058984	0.582911045838477	0.975249583644324	0.906197456153021	0.898308874770881	0.793332154873136	0.845499438581043	0.814357767420729	0.700481230243912	0.63613109004069	0.915687241691673	0.802985513074912	0.343820736181056	0.964160419811397	0.947207791880681	0.858895309067807	0.650798627907949	0.867732435650749	0.767878289465107	0.847849561014951	0.877527170100618	0.890124335351031	0.897001831185882	0.800063025119433	0.767916986983233	0.865735968607849	0.859475827444219	0.896528818427221	0.434078852466001	0.816880563816911	0.926260966309018	0.893376898599761	0.927080454295211	0.792649032293552	0.893024880773386	0.955642980694869	0.711915717362454	0.697613542415503	0.906375326980898	0.764332391410249	0.890084441405778	0.798751101268996	0.822576484765175	0.903109070654938	0.737029330879157	0.77033955345784	0.823774310742762	0.8593795645867	0.586109668301569	0.809078142549348	0.808590696922708	0.876474703307803	0.895703613245937	0.92796217346488	0.861563446042516	0.925229339429033	0.876300876934849	0.962254964319636	0.681668877775182	0.676615435730243	0.869358873470086	0.857328015559371	0.655593739166258	0.811884241205891	0.949345376715466	0.587601663646238	0.755202739504513	0.884337939367185	0.896866881593225	0.734505667728019	0.885562528063387	0.596238652261655	0.868223470333201	0.96655053383082	0.937454428746718	0.735308396764847	0.882501009671187	0.954090477177981	0.870185008256554	0.886899374381884	0.956176865046051
PLXNB2	0.825938204607391	0.855163195522505	0.807670797094942	0.863134768910508	0.884834791867757	0.858962176248311	1	0.668230353411396	0.880452076192888	0.848387929538305	0.895154468942327	0.818848812609642	0.854648705496133	0.700351628503531	0.914286512498217	0.791482639032639	0.57196496225784	0.879697792987719	0.82576330297465	0.909956208273773	0.878605559351461	0.866988516210126	0.904557034193911	0.863694980011242	0.904062276425284	0.85143153961388	0.739743360579998	0.899393092488724	0.845093733661052	0.598740703996786	0.802563908076719	0.845872844998731	0.85550134951599	0.732418757964025	0.869790214358645	0.93234830558821	0.934030273452161	0.783212881425411	0.494271017368486	0.776877975384548	0.719255391933367	0.747937589049429	0.79578707755704	0.834278760207246	0.785954930067376	0.900075195710697	0.721603460346824	0.690242259283679	0.814769143375644	0.881316090172587	0.792186623320779	0.791247754677732	0.804076648586771	0.754725179046804	0.689338931138286	0.687302449477839	0.550780194946687	0.921821425403031	0.922360744097044	0.237748644116417	0.89969820680359	0.901749908248217	0.895699210163046	0.642706534283947	0.925893891999157	0.708898266852749	0.766290529737871	0.808950469325424	0.908250517439111	0.928461943045127	0.805240082744306	0.808645408992923	0.765245389160004	0.92528361069548	0.934873535569773	0.343416397492541	0.804134007421409	0.85698747472356	0.87377046644208	0.79089207734557	0.874170949447919	0.89909476575563	0.895155227926892	0.858367493034556	0.716383231817637	0.838191386847423	0.824409994939785	0.817070013901058	0.803203256573046	0.727882675962088	0.786121689266563	0.806005955719676	0.899540798084081	0.797974754474221	0.921218595353836	0.575192716774818	0.788290662766144	0.815843117249155	0.765759817350114	0.779782116802467	0.865381878284903	0.913301416662748	0.856880481613048	0.865035400583324	0.922505190060208	0.82708031280891	0.84828250295814	0.894019417982168	0.836427575674464	0.831096275130216	0.855965849257752	0.922138957751979	0.773765360958729	0.565825644384139	0.865544835357465	0.858477272697505	0.829861565640608	0.859075378078462	0.7927712767312	0.698654538117715	0.910675650303972	0.871830277483732	0.851408292524207	0.764641938283155	0.845841745528653	0.847321678853838	0.744847934876694	0.899755218783671
TREM1	0.829382418067018	0.653227889470521	0.680946312285067	0.816559847598946	0.583251846938195	0.770238929879719	0.668230353411396	1	0.725228185004791	0.84094884259239	0.674830553879706	0.705132071107534	0.780509005751789	0.807491876606033	0.643565834492062	0.786875054757714	0.905322623474976	0.735700788730337	0.85317070779071	0.721747226227665	0.759276686679267	0.742732604027301	0.614059988459311	0.800804980702545	0.6855187219139	0.624315882182467	0.900922174238364	0.727833457769571	0.839440034750479	0.543752855991427	0.687491582821373	0.783407014834765	0.619567901511172	0.402631918730232	0.608047491894618	0.723137123418582	0.766570940323807	0.482260524391634	0.128093925192341	0.673485567991487	0.763443945717851	0.688574213666847	0.835130712247576	0.612767386323573	0.674569788445339	0.768955223765733	0.813011902874809	0.346918630313904	0.487038977483391	0.749334239841629	0.769619716829631	0.782145862147957	0.555951813428279	0.800220712535119	0.782664310017106	0.361670267601828	0.743639084742153	0.777729751032725	0.645396825077142	0.564735725628351	0.687139489429996	0.741312232617032	0.586608050234156	0.641389405910765	0.652161736067231	0.738529263551797	0.88382035304202	0.774378935075009	0.695018280706749	0.692257826363844	0.590542256924725	0.566923207625018	0.73707012385544	0.676509601837628	0.667541082617625	0.687993448830771	0.81213136180519	0.694070183791428	0.766556193698187	0.782212306435452	0.698879892327708	0.637056205574794	0.728164589104113	0.578933212136038	0.821728833530186	0.595961690919786	0.56459954598576	0.834603968363698	0.636711432013204	0.531519617435309	0.890064786152422	0.714647426873225	0.583761872318344	0.665937788306598	0.631511753638493	0.293584784674508	0.70292606545792	0.547836276970354	0.855046452647608	0.745736030967349	0.709541874067924	0.711174221386709	0.769655018813621	0.707880913527564	0.750184045105966	0.460009442039465	0.628534893517238	0.619646115958088	0.837504284775331	0.417399200409323	0.6899358094374	0.678635451874762	0.57395741626569	0.645680446253283	0.775262368183585	0.851412152809153	0.689731269803792	0.789792007491596	0.55941609733964	0.697310850810639	0.749567259498026	0.810236673156001	0.654352432444471	0.884270279450169	0.737385810197617	0.842922290925405	0.80029783213945	0.699296964025167
KCNQ1	0.862528555830019	0.853344836733691	0.868483514626755	0.914484321852686	0.83909199939159	0.921956254833166	0.880452076192888	0.725228185004791	1	0.849860617389697	0.888878085107529	0.836398046873147	0.88831205463878	0.783835850960111	0.890771911710606	0.832917740971163	0.606543003320973	0.912002825719862	0.863943796185678	0.900149170841874	0.886457788685599	0.905953488742247	0.86140228923513	0.892767963478485	0.8999432029169	0.89145093992854	0.750982920798515	0.92921954517006	0.87380463035358	0.544938647044779	0.870244810980549	0.905085041979173	0.823632907412771	0.680254577568748	0.876340046229744	0.906056136122917	0.905381352872365	0.805890083157312	0.36942030236613	0.844116913868072	0.720331690030196	0.812746087691171	0.831604049112364	0.817663941581139	0.767632164775426	0.912683110990931	0.791921068602247	0.729316203516904	0.651433182597825	0.90573331208025	0.841793126523497	0.827064894894139	0.769013079200307	0.785801349691044	0.751711340674137	0.668879482492049	0.587493962352075	0.905370989308843	0.832107447197511	0.29737696963977	0.91314002197314	0.912651654252159	0.877218829008264	0.644092926963197	0.873458657892957	0.699566926858587	0.789432991044611	0.843738378265089	0.877285789182613	0.879482739332951	0.788465148735214	0.747631745425494	0.832825206549442	0.848377902011466	0.879537546215986	0.379463605285245	0.784081467081423	0.889211599999186	0.85166744031031	0.87306780841664	0.802348058587564	0.866465972365852	0.895578624809194	0.773330194035149	0.696003440053593	0.856662048383909	0.79168136559621	0.843587764936132	0.774147233711502	0.768648183226599	0.827901755558759	0.747858320412242	0.796468352265738	0.794785427020353	0.852297872323959	0.635180069577975	0.771165610653663	0.779884427524286	0.825456529589609	0.821914641013578	0.881604592419784	0.859625748879292	0.868360534075924	0.849950158331139	0.925568644787994	0.744058437309949	0.723586189086851	0.848628058042931	0.83696132370256	0.727222663432572	0.795603844403657	0.921370003081437	0.637837165846379	0.599222439586406	0.847422088536022	0.861800358301222	0.759289508084219	0.860535389314505	0.653939237441749	0.818833493946395	0.918260847457617	0.883831707095249	0.761242928573203	0.817142859685756	0.901787917989555	0.848754236240161	0.809235617130456	0.906265012151808
ITGB1	0.876016651081559	0.761055524815397	0.829767412916571	0.930196347428051	0.708500410416062	0.893498884649316	0.848387929538305	0.84094884259239	0.849860617389697	1	0.822878396400836	0.823348656927145	0.90792964205199	0.857638007473503	0.782362642586027	0.886465169471928	0.758835061517709	0.850332569108482	0.951687799256297	0.906168166499276	0.872939634270281	0.862509258570657	0.752521978655391	0.906007393448135	0.821356522426575	0.757147874606573	0.817380454868416	0.890947197570619	0.962047896349084	0.457933991303127	0.797095820480137	0.851325334243781	0.720196784606034	0.54247153955433	0.748144207503606	0.91329429235779	0.897484983503607	0.651581457994845	0.251215516471252	0.776796935258165	0.77314647779899	0.766316674505456	0.898301614321186	0.695662633892199	0.782864244269132	0.911895143094083	0.890898760146745	0.492531676103907	0.699154133214329	0.908166305365749	0.818801038710629	0.831499565573804	0.670766801461674	0.909079072274069	0.89497790568565	0.532898508230261	0.830211375048264	0.938124144140164	0.813686736350195	0.611002641214695	0.834383837419566	0.893115477264482	0.74708605751063	0.543057564052585	0.794869523970141	0.879875856057666	0.920827333573258	0.895197005725805	0.904409512968777	0.846579365407924	0.668463222336973	0.704797871121357	0.787846674670852	0.856127459129128	0.863825417754602	0.680285874285562	0.928418823177627	0.821657171032085	0.896379972779068	0.876827520052697	0.882592339418139	0.821451100426528	0.889285017475889	0.751521032775163	0.725394134253019	0.737488967593487	0.768501215930257	0.971067907373879	0.791401451094239	0.618690497948078	0.942305392895216	0.905617265466032	0.758229744087596	0.827273939069297	0.775195912654814	0.4768565652595	0.791777739771496	0.676632716988871	0.854816482664865	0.876558760955389	0.820032171142175	0.909101006371296	0.944191354654891	0.893586216569259	0.916507004127093	0.618016140928521	0.822934633390961	0.827805264127145	0.955760910572187	0.648500908562712	0.866147303923278	0.849403571133505	0.76379965595884	0.703793554451886	0.927357405385087	0.935040784516496	0.871127059249199	0.968338040136903	0.747918313703238	0.797829199432633	0.863588624518504	0.972952129984092	0.839846160603726	0.865544237383602	0.8297401581161	0.882332389484869	0.884187182505557	0.846038487906194
KCNQ3	0.910696319835737	0.93001773680956	0.8883570752449	0.887336618784491	0.938271866973516	0.917393127215937	0.895154468942327	0.674830553879706	0.888878085107529	0.822878396400836	1	0.865560868467209	0.821886869913551	0.704868368601446	0.93580913386161	0.845943998835502	0.582901180946824	0.949470241842875	0.809932592325507	0.916324425552951	0.916791532571467	0.930694919868299	0.928352905871915	0.910170162641735	0.949431455357358	0.91563319754297	0.779722407680453	0.940664004821141	0.837078053177268	0.66256937882751	0.883031491109757	0.913724867190753	0.921773446668216	0.755735821768341	0.937999204496183	0.870657641061437	0.882892992039919	0.886008052482192	0.526028935967385	0.861302329570662	0.748578837640063	0.840015020286011	0.774318434576578	0.915342895204872	0.850231515541597	0.92484095567762	0.74274348627167	0.795973296423989	0.674847891105142	0.905396334967758	0.820631199355215	0.900565133160193	0.892895373383061	0.77107330406845	0.652407116807282	0.71404570229604	0.553173017751321	0.886339328547761	0.846461421969453	0.193466537843723	0.946726051190836	0.903366507782319	0.900423088522189	0.736275964606396	0.938963637738619	0.700373164277526	0.793089413039374	0.804949075832717	0.850660661089026	0.929262330164541	0.847505151467039	0.851776958301984	0.809058112285995	0.905489881387443	0.90221965629699	0.277975191559948	0.780221505838367	0.868736393336261	0.844637308760038	0.796478687912557	0.808988151237421	0.877654360780777	0.922265098308232	0.788205057211832	0.705031873623473	0.888290397738693	0.84430133504085	0.779944800803588	0.805394275910767	0.844366404638015	0.800354487545163	0.713187611485373	0.807979123828399	0.819992075280771	0.923097003974657	0.563255396875249	0.823381440440695	0.902970609114415	0.839501546206721	0.804469933032532	0.865865746887411	0.856321912656238	0.858342673047738	0.854323953929131	0.921464387880733	0.817229170702609	0.711803464879359	0.869798472952752	0.798827515260185	0.772401364695012	0.820684382991201	0.927513702962268	0.620962849715068	0.670019155595165	0.831883080976387	0.837842521114114	0.732086566800518	0.832848439986358	0.64314459681326	0.730757158292062	0.950856814888243	0.84958148381571	0.737362546161979	0.823343874071667	0.913833075194176	0.889319965152664	0.755083106738304	0.9090312506404
TLR4	0.87820021815323	0.843609041508092	0.882426117604844	0.88508209936874	0.812953636378287	0.903294269250087	0.818848812609642	0.705132071107534	0.836398046873147	0.823348656927145	0.865560868467209	1	0.815104489469763	0.763992154700208	0.844256729522393	0.818801715697411	0.608162157522657	0.902222504727743	0.832616484775148	0.891895476676388	0.868247188543186	0.897306683580914	0.832043072830858	0.879920202854109	0.888076714241625	0.856887924163505	0.739330854408583	0.895037421227465	0.837105814458488	0.505248515238841	0.848707324390943	0.893863521226975	0.804408103052977	0.671032595094578	0.856269776925753	0.849970221055217	0.844874211329471	0.800424036532239	0.385378505956361	0.866683583536153	0.716324166571796	0.800179890338829	0.827130734195524	0.818216505096963	0.813510659352458	0.893445759576882	0.785835070596113	0.67572846031066	0.590174777292253	0.88241023151363	0.840267995889076	0.813123401640377	0.749030468045738	0.776077981141941	0.720018662428731	0.610709606528076	0.601874916222508	0.864753424337119	0.771826903864406	0.29445816467982	0.880803236117741	0.868972854626044	0.813960301424903	0.607937566113767	0.836390241662716	0.704305947623141	0.772905791908528	0.795824861501528	0.833320968288177	0.84181223577309	0.76060576000762	0.740367559336645	0.797887171502348	0.82370859086578	0.852115320061108	0.406924050064841	0.759476342848852	0.853213043979818	0.830792574700471	0.813940357726476	0.764551824828594	0.826036889949943	0.868832892866059	0.669492971345141	0.695073042458207	0.807038594026283	0.751231753361905	0.807281331952791	0.705772655768506	0.773551923650782	0.814568747155418	0.698429479464778	0.734246507764905	0.781052669445898	0.819977613334164	0.546795380529117	0.743319638997192	0.775285408946912	0.79305216579816	0.792469308180497	0.854449378277826	0.81561954708847	0.833805129566313	0.817102968201181	0.883889256114249	0.699224315217518	0.659612427657591	0.821302984131478	0.808757900518666	0.685307149390232	0.778430984182171	0.88335688249816	0.576176463429308	0.701528560218017	0.801701884061447	0.831957944016284	0.6916134238539	0.802694368250613	0.593752689956909	0.769847686335177	0.887939418171011	0.852076304237345	0.714153868733925	0.794690286177097	0.882738042029516	0.820617592021895	0.800911621312892	0.880425453488494
ENG	0.841219038448895	0.775716076834874	0.881784464406389	0.949916725200729	0.722766477118041	0.924592468574805	0.854648705496133	0.780509005751789	0.88831205463878	0.90792964205199	0.821886869913551	0.815104489469763	1	0.916827329315944	0.808822438331547	0.797530265554185	0.679342420029117	0.872345509053961	0.954523848793559	0.871730292560758	0.878089116403966	0.896100731184817	0.766377838331687	0.897613868335478	0.844422569040095	0.833912175104779	0.732997474309015	0.903632653062715	0.920303622671763	0.358462288138603	0.84866657482745	0.898777746830309	0.703740652122906	0.596545916001645	0.78185913238896	0.900297008879888	0.904691572988856	0.697744477615096	0.232482131014636	0.853554360972932	0.7098982812668	0.842231845342179	0.929474202113713	0.687827668280001	0.746576230237267	0.921547761064268	0.918764878872568	0.584008010922481	0.635870190623778	0.915119191082855	0.863170375064622	0.782975158098278	0.630573231569083	0.827351139307803	0.9074350266592	0.610488904517872	0.654118079103119	0.935675340238007	0.778632876790541	0.426127288055649	0.868707284830608	0.929696495368053	0.776733337158949	0.512297371718977	0.782191764238501	0.71880328138815	0.860591130815428	0.879431106280295	0.913143366527849	0.837554431003803	0.680797790475431	0.643093641386019	0.841719883798452	0.816541305485122	0.855933966173964	0.521454961508797	0.820666154256028	0.889398571102195	0.898159390822004	0.962717886672452	0.780320698771082	0.84038033193301	0.869964503738112	0.71725970235679	0.652330082656729	0.794143542766143	0.713903567532442	0.928619985595659	0.75286829974135	0.646655710998749	0.907720564164334	0.803097500571802	0.807211802641708	0.756059677917437	0.791846749115202	0.55867235066316	0.75436827926418	0.673223176202917	0.804448458821227	0.850511046563447	0.892668886835416	0.878792712601733	0.879154103018403	0.86063957998495	0.925514880083166	0.613233868759913	0.757620970431525	0.868318446484808	0.883272773317349	0.615742090836753	0.814489828151128	0.888087154722889	0.692790189227068	0.629435441441855	0.872750117670167	0.918627862222303	0.809067081604355	0.884715570741725	0.692591672567024	0.895559337717148	0.881665886616913	0.940535212167601	0.828845921694775	0.830566261393249	0.861380592588318	0.813068109109724	0.85773890035138	0.907315578992783
CD163	0.806774519819213	0.71526216356516	0.864679021224756	0.907772045122612	0.559458753052001	0.869941245292367	0.700351628503531	0.807491876606033	0.783835850960111	0.857638007473503	0.704868368601446	0.763992154700208	0.916827329315944	1	0.688483700121905	0.776752721197641	0.722683233605125	0.804380246723219	0.953445319831019	0.777835604472513	0.777065343486369	0.828004359172941	0.63485837375047	0.825326391949844	0.737075029920749	0.751500295762472	0.727766236973798	0.812444815430648	0.877291033450189	0.283761850993772	0.755900631804406	0.850819886133436	0.552931256354086	0.481237856738289	0.663191208899735	0.794990154699136	0.789065276053203	0.583100108931767	0.11180366912289	0.82415215081425	0.634385316572264	0.773523734394409	0.945586290848111	0.561784780112691	0.685354598234144	0.845616095084903	0.966931929259373	0.368849654435352	0.454715398034583	0.858091987225604	0.876472457880157	0.719143907171283	0.497683402951904	0.817555324003297	0.92942309547822	0.520641758298077	0.698284107235393	0.838751688254672	0.615395041762463	0.522785016448607	0.759937936984762	0.824995227894089	0.621734445090764	0.430718826258039	0.632400441312773	0.754421312035629	0.841112345725379	0.825442798634852	0.808706925255283	0.673165731961381	0.579316452573439	0.52186010043198	0.755750720610199	0.663326629804559	0.734328692910916	0.640596432255593	0.792868938536467	0.8271646596542	0.795999695849258	0.954368476525103	0.684538841564799	0.763127499107329	0.791274609803303	0.541853595155749	0.608958555100846	0.683242467914245	0.560530556796456	0.894399923794401	0.643176602428817	0.528198492948157	0.923362028135932	0.706487292528915	0.614450117502895	0.683680773380631	0.657235751693182	0.355386764644336	0.710944370798933	0.530120306029723	0.785599063327062	0.825056579496102	0.827376158263035	0.756717349000245	0.824679140406121	0.792167328694153	0.821749447167489	0.433861413419181	0.598950280812387	0.75557113751776	0.815607282085685	0.442244480891851	0.691501433424492	0.793127030224999	0.555724184061238	0.698414855565159	0.834823409150526	0.866349865686298	0.711259089449085	0.816151777108873	0.536921389058287	0.821638671086131	0.796571506432831	0.892244289813345	0.676925701554388	0.846879792971643	0.797440614035972	0.716155500697852	0.874420305944442	0.816357336490023
VSIR	0.878653964804043	0.959434422780439	0.888497127622631	0.867696298871976	0.936067148158698	0.906248726511903	0.914286512498217	0.643565834492062	0.890771911710606	0.782362642586027	0.93580913386161	0.844256729522393	0.808822438331547	0.688483700121905	1	0.830815135338993	0.516387515841483	0.951861898584155	0.787760858903366	0.917929519785792	0.890607681289543	0.924404895042954	0.944597156989848	0.900789945462169	0.954728597443594	0.9471345155029	0.75377303270462	0.938442839762947	0.813507696640326	0.677779030242944	0.872337746558091	0.913923095581479	0.926486175522961	0.841291762761326	0.939118599876496	0.883903836531723	0.892698528737216	0.924324358512798	0.556115700028511	0.879897333298329	0.661427266010336	0.793805553679345	0.764968655211586	0.920202019928493	0.782909676756453	0.919233328388976	0.70410475050843	0.815848607156995	0.688020899159925	0.909965533451253	0.849343079424621	0.850973509507454	0.897077004126499	0.733435429743414	0.602400795747838	0.765983353186425	0.468837899607037	0.852864886457714	0.884457736256247	0.113587593605546	0.958304069711525	0.897528165659703	0.927375133986286	0.734308963549949	0.93456702580509	0.677257598698422	0.718732825466052	0.771524082916203	0.848621497214719	0.923129594475051	0.881844642698896	0.85158327364336	0.789304401117336	0.90199834347589	0.908110206337297	0.222666381131422	0.73690934057809	0.891363382505913	0.823338358339149	0.785266329826697	0.809111064182942	0.917867323934748	0.93320823262755	0.807202241313861	0.692411149550121	0.921674463098806	0.840327948362468	0.744003725989417	0.829680732484986	0.856581336459613	0.767748668868519	0.684337113349658	0.825289144920357	0.827069163441037	0.922290449845324	0.560847731968506	0.789093137237449	0.891869437494887	0.803411661806777	0.789557781278156	0.892603891477859	0.842305232009057	0.857532605913664	0.853639930399268	0.926766813753833	0.818279275074533	0.698557449819019	0.853755107993268	0.759864060142391	0.771274734520895	0.809405941969949	0.947063403659076	0.59737745293659	0.649385842961966	0.843429286483603	0.798837139842192	0.71077247815329	0.804243447358235	0.625559860980536	0.694421054816978	0.957390606044341	0.828671867344614	0.715465003293468	0.78364392822947	0.911875060642091	0.832915577722573	0.754997599966704	0.91584022693247
PILRA	0.923524512961031	0.832833630087445	0.856514476620362	0.90435149283684	0.766264676045309	0.890163693764711	0.791482639032639	0.786875054757714	0.832917740971163	0.886465169471928	0.845943998835502	0.818801715697411	0.797530265554185	0.776752721197641	0.830815135338993	1	0.712770472957922	0.895170838520208	0.862693054694029	0.882069320695423	0.861151658145169	0.898803754590725	0.776705692304902	0.90451885972026	0.850294110817182	0.813645027683945	0.833733858273279	0.900993092756975	0.920937229526889	0.566438495725885	0.845884801329143	0.880680703043367	0.793875017064301	0.604436328638262	0.808423935097003	0.834808564463788	0.819930036434836	0.768141768065959	0.332004791331411	0.824826755752208	0.746026126089276	0.754630575032213	0.798449800431793	0.783427873374194	0.800783974669532	0.882025582818986	0.785650042253365	0.626468825133882	0.517429071518233	0.891391962427557	0.826328781972042	0.857538774920917	0.738729832449614	0.879821240143971	0.761322840732187	0.590902099432709	0.790500419268257	0.849454454394163	0.728011927127596	0.5441884155721	0.861965288937122	0.840225685423602	0.771617728668303	0.63665083622817	0.801414427218073	0.878344132322362	0.837348817269065	0.811384599171232	0.785801350915946	0.80199760250059	0.709646650991382	0.754581785475362	0.769166850019604	0.789356546289524	0.799422620145456	0.583511914955025	0.86814847340411	0.820341330225513	0.823505267055831	0.803405057019702	0.788163407106105	0.808758154415241	0.908382354604293	0.64936714501287	0.733029210285599	0.809369695356029	0.739189492436725	0.864291424631541	0.800099327768574	0.745765052905531	0.902341545829235	0.729562356423889	0.647975325161252	0.81927896980267	0.751315803242354	0.51478015903676	0.819586664446813	0.752008602906288	0.879961653792246	0.852798930487663	0.810549925133599	0.791080731414428	0.919816443608794	0.8260414513973	0.861173611906823	0.613351482027469	0.611775643883531	0.751991132654341	0.857276111031036	0.608234107881451	0.725730915023559	0.858959053376144	0.531577695747291	0.758846015209521	0.858930509402134	0.828571454612249	0.69363404930942	0.897460481268673	0.523229681286084	0.772663729060041	0.882408206254984	0.897399597759034	0.635028289560219	0.865070583299769	0.883532713494031	0.880590153426046	0.883701568238059	0.81023742953692
PLAUR	0.762989680684155	0.531880389472515	0.561535172537728	0.717154616201026	0.471835139609674	0.652673388165872	0.57196496225784	0.905322623474976	0.606543003320973	0.758835061517709	0.582901180946824	0.608162157522657	0.679342420029117	0.722683233605125	0.516387515841483	0.712770472957922	1	0.623140896140016	0.762620081283964	0.621551016302334	0.644417883715031	0.629458521833089	0.490772437731857	0.675557691402528	0.57022953655478	0.519052398767923	0.899900189911209	0.602719428364112	0.756416365431931	0.483151913820705	0.579980542548565	0.679132294956184	0.519711389089418	0.284550989826509	0.49865350485652	0.610347425650236	0.64108558757649	0.333300816828702	0.110240216826866	0.546767884373775	0.823080436833754	0.558036691246853	0.752092379244173	0.489011165228433	0.616601218525124	0.652729400276471	0.709707372154269	0.246519181904261	0.383508586503125	0.633534949609585	0.67100586243725	0.712549962344272	0.435225627977697	0.745979016773183	0.72693665920768	0.252126690167129	0.768809531337845	0.683808411496223	0.507899091853953	0.593790574039065	0.56418277129236	0.644600492795237	0.460893975400122	0.62897023370615	0.550222062862797	0.706601961252946	0.817781009933452	0.695826374914395	0.588859634714478	0.567168249135252	0.457895547786231	0.452433240667141	0.645984935326036	0.555880871663168	0.550573970254631	0.727652362104608	0.7634395212715	0.585916318079258	0.638378871225499	0.691256423833968	0.606297176541896	0.513483677220714	0.617117191259936	0.458561073619155	0.856738356962627	0.475722598348693	0.463371714151528	0.754661759284028	0.564505221213755	0.409739722714974	0.822631091896349	0.647852291496614	0.472412147595921	0.576084465769594	0.518897658922306	0.188436193386835	0.658598742563851	0.414809130484772	0.810727230377438	0.642659278156597	0.58702332040914	0.611459648054616	0.672467375347478	0.609886717256771	0.633269415915316	0.357981917659024	0.534130846366213	0.517359483196091	0.752148986351988	0.321791540137025	0.594813091957789	0.563340055544525	0.492376372320001	0.642707701257331	0.657989083973886	0.785884281174814	0.612183526673617	0.706026177924031	0.468217211380235	0.618601886806849	0.630948225002724	0.718879671710971	0.556491988727292	0.829522480717085	0.647293962687859	0.795696771429199	0.76251643402819	0.591069622279369
