""	CXCR4	CD3D	GPR171	PTGER2	RPSA	ITGB2	ITGA4	CLEC2D	CD2	NCL	SORL1	ITGB1	CD3G	CD8A	TIGIT	HMMR	CD69	PTPRC	CD247	PILRB	FGFR1	SELL	LAG3	ADCY7	CD96	DPP4	FAS	RXRA	CD47	CD44	ACTR2	S1PR4	HAVCR2	LRP10	TNFRSF14	ITGA1	CD63	IL2RG	CXCR3	CD74	IL2RA	JAML	KLRD1	KLRC1	PTPRZ1	CCR5	LRP8	RACK1	TSPAN5	CXCR6	NCR3	PLXNA3	DIP2A	TRADD	TGFBR2	SIRPG	CD46	DAG1	PTPRA	SPN	F2R	PTGER4	CADM1	JMJD6	APLP2	KLRK1	TNFRSF25	IFITM1	SLC16A1	TNFRSF1B	LDLR	AMFR	SMAP1	PLAUR	LRP1	CCR1	STX4	CD82	TSPAN14	LAMP1	ITGAL	CANX	CD81	LPP	TFRC	RAMP1	C1QBP	TNFRSF1A	CD4	CD68
CXCR4	1	0.96190594866089	0.929769968681759	0.788782900176163	0.71659920862639	0.252182687940882	0.827719115236426	0.836023311743954	0.932646319613219	0.294614854275015	-0.314312541804884	0.337291349746472	0.936624467002768	0.771224778168508	0.616813474619135	0.252287415493014	0.957162262763355	0.870445078769595	0.966843602993763	-0.0846119719230044	-0.358341569097138	0.58898143690907	0.531369155051909	0.415806112925327	0.872026393207221	0.414012648245494	0.645181101219503	-0.755788107525345	0.828247492608917	-0.25387853441236	0.584197980478965	0.758307257159714	-0.285183711348983	0.0214329731552635	0.22080233432423	0.201036212138724	-0.242058327438826	0.799125205534526	0.725479730521695	0.232000847622991	0.23071129783214	0.549407932210302	-0.208291988105685	-0.151409738537163	-0.506299778600361	0.406506974920872	0.633293701537759	0.564481596438947	0.264690492451249	0.646154954838712	0.57100842847497	0.397253879876195	0.283139618073665	0.905097006878221	-0.0864013980282976	0.843843472926301	-0.267837643157291	-0.379385271222132	-0.363889859370722	0.730167384186937	0.000201765503140506	0.421525902522561	-0.353992483249071	0.486229167446845	-0.675154261617872	-0.0737611012782456	0.917724427283875	0.430236588203428	0.00220410458637137	0.441296112165208	-0.525875849631634	-0.165623833771404	0.229715661310309	-0.595362801546717	-0.846730821513844	-0.420581992972101	-0.582792707620324	0.755226278726234	-0.40130580796485	-0.608742249593797	0.833990470746814	-0.511398498412176	-0.561258388395248	-0.134715414426892	-0.595705740958937	-0.478414247236055	0.358821090615011	-0.552267012423461	0.218642393972807	-0.49193283404639
CD3D	0.96190594866089	1	0.898923974014424	0.703705161243934	0.657059997915732	0.166353661293545	0.858055523697551	0.872050805951958	0.961501577264912	0.292901498146815	-0.380872121570601	0.307060371644904	0.973351034699057	0.799776310882762	0.723927145350688	0.349816330679827	0.888700635476661	0.87478107362074	0.951560176517217	-0.0304292514192053	-0.263488278139984	0.631482312006754	0.650823499351005	0.306844339050414	0.847327982397633	0.379875537522352	0.66945424399196	-0.761596491508596	0.824106787326366	-0.231855817579659	0.574499467075085	0.850455627115323	-0.387402532152393	-0.0347203977108626	0.316150060758843	0.179346407699703	-0.20481414060199	0.889176167361661	0.788014623657137	0.131614452155612	0.366472117956768	0.431444309760114	-0.128027278524527	-0.175185398736144	-0.427432810850465	0.48212716900982	0.703519525066128	0.497064792350219	0.369291012643048	0.780048802690396	0.575533089224004	0.538281138550188	0.350967142354997	0.911990510667177	-0.110006586619848	0.747020422985248	-0.28450946357325	-0.286423009033942	-0.3034728183948	0.770926514896772	0.0799451644074763	0.291816943074452	-0.316025557593257	0.478959954688893	-0.622382670160366	-0.0890509277493613	0.864177123451547	0.325403813782868	-0.0118540891970397	0.53115650210026	-0.469899057971326	-0.1226003330389	0.286965118873711	-0.628789578278192	-0.81746162183027	-0.449231947730462	-0.646920074151937	0.805824009848967	-0.476993683763837	-0.577474403059621	0.868123386934997	-0.459182476764848	-0.599094518352479	-0.126114836178845	-0.64250260275158	-0.409106050456897	0.316885960737774	-0.554861873202175	0.138913584827425	-0.523652885673736
GPR171	0.929769968681759	0.898923974014424	1	0.891971652929783	0.604987906510471	0.156183651631817	0.630385140584738	0.64984430459194	0.860453367710156	0.142173973595743	-0.389127301088045	0.173885940061401	0.847889632681412	0.581247132989842	0.39419000491925	0.0176864253805313	0.940559984623948	0.740515494239217	0.923179754486465	-0.132457379808929	-0.433153872527739	0.486924293298961	0.383726449067468	0.341277180615754	0.758955194251214	0.56131690242193	0.396836608140419	-0.751386083762677	0.664305901720919	-0.182696428874628	0.405169290098896	0.580805849975359	-0.396569846892394	-0.0723608577229664	0.260242993728531	0.223706621695592	-0.425860255214575	0.695705502918403	0.699992149888129	0.0808434914907219	0.0502549119190306	0.528581975089024	-0.132866107416884	-0.0975766663464739	-0.560348584083664	0.319786935011184	0.640758325296296	0.446665302721453	0.135632819433773	0.60609590488715	0.516705840590205	0.250039799959122	0.110135233484955	0.854379098102234	-0.151696177549662	0.820953006199835	-0.300603244578187	-0.496430354599895	-0.457764410372446	0.607252698069235	-0.133308913059711	0.291130933915118	-0.497255893196744	0.242282056818971	-0.804006407511916	-0.159426331163435	0.908472676148082	0.486778046277654	-0.0115966240766417	0.273402097557849	-0.564488179331781	-0.368605506255795	0.11549147450838	-0.57402682335522	-0.896515292813109	-0.466154528141181	-0.641084126438454	0.667058000946742	-0.490713992775813	-0.704322626951315	0.741990090103488	-0.60313474432957	-0.654902193783148	-0.170283766374612	-0.618122841592991	-0.610177630847365	0.210777353788264	-0.677858024868022	0.00802664914947751	-0.502245296436538
PTGER2	0.788782900176163	0.703705161243934	0.891971652929783	1	0.574722316845258	0.102941619433971	0.399696560084404	0.418218932660844	0.647279946156608	0.102396290804006	-0.434866646582321	0.167902443411981	0.631805274402792	0.368630651650581	0.100298370265702	-0.200356942522687	0.869593483261594	0.506219141818728	0.785124291200978	-0.269953829457611	-0.542449853190077	0.244530941285702	0.0695082166900014	0.346150141052089	0.589467956511655	0.766634337030318	0.238341096168945	-0.703566622769049	0.522981306661277	0.0620093918189198	0.253730642018887	0.284834797456954	-0.384886735585164	-0.0537372830710972	0.100443313902341	0.178632260393928	-0.443949822002264	0.387244778624016	0.411284627713737	0.0514585118525373	-0.227736325056529	0.606044766491578	-0.372002879380944	-0.0442301160602424	-0.64635896375434	0.0575218957054797	0.483835003370205	0.459170759884108	-0.0801114535093487	0.306285785271601	0.450383155526924	-0.0436032177303838	-0.150009229521415	0.7070365226855	-0.260036756528269	0.868141946107314	-0.368159755495991	-0.634309864309034	-0.564969011668938	0.377832568898714	-0.315614262026211	0.254350724453597	-0.58489539983047	0.105904969483581	-0.82159904756718	-0.327541568204121	0.814690907828496	0.488764816835917	-0.0518212867771234	0.00974162000727826	-0.514845882384179	-0.461525962527759	-0.00983479266408349	-0.379398368462723	-0.866935304435964	-0.367513954479709	-0.639249897899718	0.53040485776767	-0.480483371551071	-0.701770735025381	0.525071677385812	-0.450824224933981	-0.651492556808977	-0.262121643844684	-0.572066600870151	-0.698802436774307	0.222254236640822	-0.68389143662504	-0.075070169509958	-0.33804145510674
RPSA	0.71659920862639	0.657059997915732	0.604987906510471	0.574722316845258	1	0.362989033935323	0.751166995307624	0.638244687151036	0.547990062692699	0.815155770444408	-0.289742188012541	0.762866968025213	0.61482509814609	0.456924597069676	0.436060059085805	0.274129858182564	0.67098071749336	0.725634263151481	0.637186028491536	0.147643869646083	-0.0947383251264544	0.500206049643001	0.270995297478275	0.407546848224135	0.565738502760487	0.261646040863061	0.602962519132579	-0.45467739289366	0.904096481610899	-0.100848239550141	0.86485034090796	0.519245304104266	-0.0952350410473406	0.565108461872451	0.245412919073741	0.505403445654827	0.320173066568959	0.558185676125305	0.511738065859537	0.64003705239645	0.0710155103433966	0.892707893604712	-0.323155850251798	-0.0837880670184186	-0.327005386279144	0.1268809495182	0.614491734166667	0.97387359324512	0.442772790425799	0.308660892186008	0.667463296822949	0.311715952787697	0.319191471942193	0.827854675903233	0.0451920339261045	0.684602839464807	0.185968986605189	-0.173427083713532	-0.0597764018705611	0.76389006250659	0.219735241354291	0.672103519054852	0.084218672167291	0.652406077406943	-0.295549866805893	-0.207725037045949	0.560603180809171	0.632811526819392	0.507652452136531	0.287396987490749	-0.170204655407599	0.171680938660302	0.427474786284498	-0.40014385839992	-0.577667981586585	-0.228572036476863	-0.345549471952232	0.799965316289209	-0.226438594081491	-0.251295921204674	0.426257570110114	0.0416730647415798	-0.147169698212434	0.272963443093226	-0.445148270093806	-0.183358471702895	0.863927342020116	-0.0650878863890455	0.484732755922066	-0.249036870706482
ITGB2	0.252182687940882	0.166353661293545	0.156183651631817	0.102941619433971	0.362989033935323	1	0.190461390449194	0.0642246324107798	0.100326301466236	0.0774895224413244	0.613025282827422	0.335106579015146	0.097826130994143	0.152481794173814	0.0768643915150872	-0.199651024413111	0.280500349653096	0.542113635085159	0.157399038289767	-0.510795217984007	-0.569294877371247	0.0892861057158891	-0.0823022289070506	0.857796063743339	0.00651354934203529	-0.181796364476431	-0.0777742241716828	0.184313534290176	0.257199822234276	0.220107550478586	0.581991423518328	0.103669775955369	0.690764940046978	-0.0365348543981949	0.395776503173596	0.0731477821576907	-0.135606845978097	0.0697474110866131	0.449554192388487	0.784891369132591	-0.134429379770963	0.34617600982426	-0.291193817863813	-0.0759612028535233	-0.609846099934464	0.570220121448567	0.171541396445914	0.423041929880556	-0.395336124362822	-0.137917259588857	0.262313398187636	-0.0631166496269545	0.402512719520773	0.273896459798149	0.780218049362662	0.129073841952515	-0.084297655071121	-0.520726432631637	-0.472689362788761	0.173681780320934	-0.395906918901086	0.776576720508312	-0.303732102625583	0.646403517391862	-0.173800113916239	-0.0851554891012896	0.0464271868917744	0.0931247318940437	0.00614172793777734	0.472755921380226	-0.574120967874227	-0.040774029688283	-0.458081027462986	0.497572337506695	-0.187291776427467	0.652493644222204	0.362891801514012	0.241435518311723	0.671229917174462	0.0997279763587596	0.198545060165178	-0.289417216743448	0.4742351454479	-0.288346128741877	0.528450786802864	-0.366498400084798	0.133008401948587	-0.0319061246089291	0.878215421469158	0.598044365011449
ITGA4	0.827719115236426	0.858055523697551	0.630385140584738	0.399696560084404	0.751166995307624	0.190461390449194	1	0.945720420955099	0.828891801586293	0.556882064826291	-0.298310497971839	0.546986031120727	0.892208052920987	0.810382265593623	0.883285323292051	0.653868311368098	0.684582766986828	0.868901261436185	0.794067108081199	0.138907086497271	0.00681942223435743	0.676032713264252	0.767632465433196	0.254052160100536	0.830658036233308	0.121200110579935	0.869177256289967	-0.642104119619353	0.920281591505293	-0.320040096421526	0.746794113569485	0.906255850426144	-0.22714528032856	0.251530890061271	0.25003953024509	0.258084036462715	0.212427208412623	0.885192822009521	0.693821316661385	0.348270612322779	0.574237405808464	0.464909757281723	-0.13387860848238	-0.157932224920065	-0.210135099825955	0.409215278104409	0.577440662788784	0.652969491495631	0.620866973788257	0.747791457247174	0.616002696065481	0.602349314036299	0.564796834195485	0.834137253411551	-0.0260944484339053	0.584511040426536	-0.0807468708177771	0.00701142624484354	-0.0488295544633444	0.882600027821668	0.323868959908639	0.42856381388436	0.048660440923942	0.657127205850778	-0.283332392538439	0.0345879384830211	0.697329742993251	0.311651543025983	0.206094972593831	0.643431821115182	-0.248001579105761	0.201768311520066	0.508497874900325	-0.611866959122717	-0.607329717746002	-0.391423703204005	-0.439645012691568	0.809961248013802	-0.357036382741477	-0.343222857912378	0.739134987502703	-0.143944677986903	-0.355088088513413	0.108239935668214	-0.556867568166123	-0.0817536759601576	0.574012751264754	-0.238917695888481	0.379569299217736	-0.484459418133361
CLEC2D	0.836023311743954	0.872050805951958	0.64984430459194	0.418218932660844	0.638244687151036	0.0642246324107798	0.945720420955099	1	0.892140196780038	0.445839276703372	-0.332251025428329	0.35478157279133	0.929733645605267	0.845578331766007	0.8990288780177	0.697281376778744	0.723257157114126	0.79446731544451	0.826362314814263	0.173838722596407	0.0513050235195107	0.605560189349159	0.808072546873778	0.198505811591748	0.917142751722736	0.187938195888561	0.871020155200643	-0.687202857083479	0.877517340907012	-0.370457982511864	0.602710027620025	0.900395194567801	-0.339930828577793	0.152512936745282	0.0965105570793983	0.0714588859981987	0.120883427473857	0.858954876928206	0.616438397370394	0.159936296849361	0.591948998753271	0.331225028510459	-0.184439984556768	-0.128739221382064	-0.103591934077153	0.390835739097776	0.486177969225311	0.500620576801312	0.596140541777396	0.768008292912248	0.549877713786403	0.630161737867398	0.492886500583489	0.777739188005566	-0.168850529849175	0.641650595225391	-0.150287834031183	0.064455177940297	0.0106937819110246	0.773172713691966	0.34324654683419	0.267144443850448	0.0643209364958369	0.571319367657397	-0.275811137057924	0.0271895400112433	0.750928921458943	0.164353317202613	0.0951497752908949	0.524451717179464	-0.237701755847406	0.223662739926655	0.518314937251874	-0.69022531838599	-0.548631661361941	-0.445833434316355	-0.559945771403909	0.760795189843511	-0.453229490046149	-0.3334545453274	0.778033084040108	-0.200981001774866	-0.441259766722055	0.0182008993279633	-0.610984010011241	-0.0449378912760763	0.456432672430315	-0.281793249357764	0.226716772084958	-0.555766094682264
CD2	0.932646319613219	0.961501577264912	0.860453367710156	0.647279946156608	0.547990062692699	0.100326301466236	0.828891801586293	0.892140196780038	1	0.1850426955682	-0.359727710183403	0.227928685011703	0.97058075138417	0.804578352045184	0.76359197908368	0.403093949077609	0.8552044004207	0.799923077141159	0.911707095423515	-0.0172354942170917	-0.223943646126052	0.633194528637251	0.675431458601184	0.223920535888144	0.878791256641924	0.3903616169796	0.688097175400558	-0.795400561685602	0.76020305981689	-0.235486199665084	0.455009982607353	0.821757937702501	-0.425420405162896	-0.0552967568567233	0.258291612837721	0.0545949551720803	-0.191593338305045	0.871451554617676	0.726338499804084	-0.000127852605123693	0.469011240641807	0.291381533188203	-0.153380429832962	-0.231975018098331	-0.347517888668249	0.509746131977947	0.612919318096852	0.371171228682862	0.368868550771345	0.801202293865346	0.467316833333099	0.461900431896117	0.267338127175287	0.815158980066509	-0.0931629850423288	0.720773928385101	-0.292208207035332	-0.206680684382688	-0.265726447563139	0.7206306783731	0.0788487466373355	0.214304687337996	-0.288615037830964	0.379466623346584	-0.543443449177707	-0.0952076620453322	0.878590783323072	0.230052959399068	-0.101548538930065	0.508289742225037	-0.417760447719948	-0.0690058164432404	0.317915694801638	-0.641318483120392	-0.749302055958862	-0.43273944101248	-0.655520878945898	0.739820902075331	-0.45897731198782	-0.493034151693117	0.866472713964754	-0.470350527101931	-0.598907592566228	-0.154092774903847	-0.626024540782472	-0.30943471400618	0.244082405316542	-0.516291719122233	0.097156585591007	-0.527506787878336
NCL	0.294614854275015	0.292901498146815	0.142173973595743	0.102396290804006	0.815155770444408	0.0774895224413244	0.556882064826291	0.445839276703372	0.1850426955682	1	-0.305745764141237	0.795940899566617	0.27582047207719	0.226555161730036	0.342137266440596	0.413420661491758	0.204285273852329	0.375881945078749	0.234251070577678	0.511321746787094	0.404842314200779	0.37874494393395	0.183790517525924	0.0340807132553552	0.271630930603235	-0.072840994066641	0.581797480354714	-0.112083830507564	0.710729902138159	-0.199397646725643	0.768320957409633	0.36201512263768	-0.0848188346549982	0.796094647908252	0.0879560744102334	0.59156018463509	0.722892957782851	0.347982994750794	0.17479979508379	0.548575473565935	0.11165762680255	0.705120764511761	-0.113752671114389	0.0454374058045115	0.179956509140989	-0.140819332751848	0.433073827078819	0.843108522394796	0.682813940628505	0.116400042371361	0.515333323901971	0.411077859597944	0.317521480391318	0.514900975800736	-0.0623623887527274	0.277214624987903	0.543454799179138	0.308778548085146	0.454897004362113	0.603925526582317	0.625319201374513	0.45406823114216	0.569066433025026	0.539680269857152	0.180015640275132	-0.0477691528164633	0.134421218996469	0.526531811062505	0.736023206223609	0.0924631339596185	0.324965984039447	0.504431322089226	0.673607058325102	-0.390224211351909	-0.106036055969351	-0.264960020531098	-0.138531382917931	0.580664784235832	-0.187799082713	0.0980490660390973	0.10392592405413	0.471082957823092	0.0969270720870171	0.65612407906315	-0.358164478517468	0.28591518554398	0.939208427149614	0.401107654133253	0.350241911940508	-0.265027509915177
SORL1	-0.314312541804884	-0.380872121570601	-0.389127301088045	-0.434866646582321	-0.289742188012541	0.613025282827422	-0.298310497971839	-0.332251025428329	-0.359727710183403	-0.305745764141237	1	-0.162276904049823	-0.379231759388469	-0.280503211686524	-0.210163143964868	-0.213069308643362	-0.221444375785775	-0.063790234238121	-0.312400798261962	-0.298673954239659	-0.219951314042516	-0.151167077489181	-0.259353470179105	0.510620841915477	-0.280282132477338	-0.485799444320706	-0.340137139646355	0.623735151328477	-0.343531565656156	-0.0378765204445076	0.00444252351669311	-0.290063290503954	0.902306936032417	-0.134289486905396	-0.165941947329053	-0.198029353156184	-0.123168614344635	-0.35014811866195	-0.0660252326792624	0.334160859419024	-0.118468098906057	-0.212107241940645	0.095435071016944	-0.0159478761710322	-0.0772723738989651	0.150946998808802	-0.283166308147976	-0.219104038539523	-0.460442435093043	-0.386111172661892	-0.247388964895101	-0.240273265076905	0.262469163954587	-0.34547676360165	0.663266722801868	-0.299303654937152	0.151159089191149	-0.08533019887663	-0.079104022380942	-0.309343543983431	-0.336212444482899	0.349094840982444	-0.0342142929265389	0.253633630201624	0.276345232131481	0.233098607739477	-0.291664960318497	-0.203009846955695	-0.113541576095105	0.160874790216135	-0.255748153935927	0.0807761474754481	-0.556766824377029	0.633202218697845	0.441197262427198	0.725490571732525	0.784286125168412	-0.322288097692071	0.873546429224674	0.434962252544275	-0.291592487513976	-0.220094868836803	0.745752558587998	-0.188313890207361	0.913224752813098	0.0635692232096583	-0.295110171049916	0.312850608647221	0.596214226757519	0.602012518820397
ITGB1	0.337291349746472	0.307060371644904	0.173885940061401	0.167902443411981	0.762866968025213	0.335106579015146	0.546986031120727	0.35478157279133	0.227928685011703	0.795940899566617	-0.162276904049823	1	0.245137324749749	0.264304599015945	0.324980622925096	0.169349741077265	0.232892570778026	0.4490389067349	0.22935579939638	0.114327209604283	0.0969476161167341	0.378755029208418	0.0315418676224199	0.171403366728598	0.175065691315405	-0.0641121472947933	0.536732029306635	-0.0654307402513543	0.615289603747132	0.0529970290119654	0.802967029519379	0.319625790922483	0.0716698341762257	0.661180923720163	0.323987611254322	0.713887993957562	0.589805854401545	0.313281154055767	0.27095737303196	0.57524839165379	0.0902135635900364	0.628117175962495	-0.241939008390033	0.0439478794851122	-0.156788394372618	0.132829190437589	0.516897573832123	0.801977619121844	0.426152656441855	0.0449102145351947	0.567715222851962	0.168281879213369	0.29277598943289	0.526424395722142	0.290884012961789	0.216350935514061	0.370590610110431	0.0372633912462289	0.113496958439072	0.572892993370687	0.400893468054529	0.574153015739726	0.2188928832418	0.498797245896645	0.0552088885674206	-0.0627794832735554	0.14034548268624	0.598771534103306	0.611458977416436	0.303865709860752	0.141055867385514	0.404841186189164	0.446035579538631	-0.137294764485263	-0.249082313088081	-0.0235973263628502	-0.0300825968753126	0.56154843613164	0.0895864694187681	0.109831944586048	0.220442670658635	0.343357017407598	0.195333105606699	0.529931514276003	-0.158791839363887	0.0853359281463763	0.803626021951482	0.322097587166198	0.55974557126359	-0.00620523787045039
CD3G	0.936624467002768	0.973351034699057	0.847889632681412	0.631805274402792	0.61482509814609	0.097826130994143	0.892208052920987	0.929733645605267	0.97058075138417	0.27582047207719	-0.379231759388469	0.245137324749749	1	0.820145680335282	0.802867479704737	0.502571607708663	0.858643056216377	0.847327896478068	0.936685541437735	0.0264060303220093	-0.169506809168555	0.619158829875732	0.767230983313118	0.276066226517692	0.917866554306089	0.389671510444608	0.718402301107812	-0.810336483980017	0.838975668203499	-0.255034378595612	0.529545903233287	0.881247905928761	-0.413794112231893	-0.0217895092404955	0.227472461029845	0.0598943897501921	-0.14093305912209	0.899241837376454	0.740194021608506	0.0972724696068371	0.478249705539289	0.363181162990429	-0.148598658879408	-0.213637597464475	-0.32908739988469	0.443664767663114	0.583792843312452	0.457192150824474	0.436107238188334	0.833512460465905	0.515589994034275	0.555507599712602	0.399756233000717	0.862481000440027	-0.153455575520787	0.739293317179609	-0.296076084097489	-0.181841418831403	-0.23882098914327	0.780360665114949	0.114262545307376	0.261144043992258	-0.217981238262551	0.485951059398769	-0.528879824501167	-0.0870794397534673	0.874041187504697	0.226751014480378	-0.062483679242032	0.537660498868365	-0.407056332209248	-0.0500043768878141	0.34684521470022	-0.661734675620992	-0.753360840580303	-0.464459308166418	-0.657113757398935	0.785273636791983	-0.526369999974266	-0.536882947646287	0.83904443976476	-0.40122222708177	-0.606240514937292	-0.13861024292901	-0.664604518526711	-0.302862953346404	0.305433791488216	-0.530552193004978	0.124493279907004	-0.555091971611355
CD8A	0.771224778168508	0.799776310882762	0.581247132989842	0.368630651650581	0.456924597069676	0.152481794173814	0.810382265593623	0.845578331766007	0.804578352045184	0.226555161730036	-0.280503211686524	0.264304599015945	0.820145680335282	1	0.783080752503765	0.486284614802794	0.646213331605401	0.784943971847354	0.746050798419071	-0.0525500351241404	-0.192734211875731	0.354499598611332	0.697069446882108	0.269139106145944	0.736472963597574	0.00384431634259341	0.769283064691049	-0.59445629100375	0.726524892517362	-0.286533807164324	0.473014080110957	0.882277215167505	-0.217237934320174	-0.195034377083155	0.145509829703239	-0.0301350442649952	-0.105599631166978	0.718269595430093	0.530505450536377	0.145414565005915	0.409789402337643	0.150766290587923	-0.160391703235746	-0.146743499685013	-0.292914611407707	0.580300115314329	0.330359721118145	0.329660034669213	0.305026775437088	0.579750629365512	0.375102064717663	0.622725128915457	0.390205705117961	0.614722349115763	-0.121092642239807	0.501348638091623	-0.389741950508314	-0.167440230847406	-0.210223767002362	0.534272754015554	0.211330634397229	0.16908803140681	-0.190432492707827	0.555264706021388	-0.433715410540053	0.175756659562015	0.594896022431013	0.0316675187504925	-0.187933893233337	0.469539380458095	-0.396956933872953	-0.00748203980225603	0.242649101437375	-0.513797718079277	-0.58167654712514	-0.365350518600441	-0.459432875353715	0.496352988412869	-0.285496710780988	-0.47409182741581	0.919715878437762	-0.3802540773208	-0.481391848158117	-0.194148739324564	-0.494084427165998	-0.262354491550019	0.230888245632606	-0.438183250553499	0.209069264415925	-0.414822320067883
TIGIT	0.616813474619135	0.723927145350688	0.39419000491925	0.100298370265702	0.436060059085805	0.0768643915150872	0.883285323292051	0.8990288780177	0.76359197908368	0.342137266440596	-0.210163143964868	0.324980622925096	0.802867479704737	0.783080752503765	1	0.82394606749781	0.45133329569161	0.698360624907867	0.595555401487614	0.183744425034315	0.16662060454501	0.598068179945925	0.897565179555111	0.0935147838520329	0.72220602788538	0.00141030177030051	0.814439310002023	-0.527282098395039	0.725913849747233	-0.245932751841149	0.539454734867282	0.89188101395315	-0.273996150252386	0.0965941306551077	0.246092659059664	-0.0461919898865727	0.256637615455298	0.84632542025464	0.618770769683584	0.103434924560989	0.832929415272049	0.0528505841287676	-0.0901466764251397	-0.273185620638668	0.0272671995246484	0.548398759073082	0.413456300543132	0.33440783045128	0.634929630962454	0.81531963546322	0.390200724809824	0.687381094197521	0.590894653220259	0.600361740416218	0.025581591717777	0.330623958208795	-0.124934204048363	0.239865960014832	0.0839716321873708	0.738799327084738	0.367182677064807	0.164904168075024	0.158312125805403	0.556323982616552	-0.0152434543236355	0.0223383708327851	0.497481423146189	-0.0774135662138051	0.00357232169117633	0.69623275887284	-0.109326979238714	0.36817500355675	0.500424281545131	-0.50780559953476	-0.333411848245945	-0.242456366371158	-0.410677408642197	0.699324246220641	-0.302434931659358	-0.0830226105824836	0.672743327165632	-0.0532801155305875	-0.254125303135007	0.00675706903143951	-0.430067454604247	0.169951204520835	0.335575991038261	-0.133319276412238	0.283551730498713	-0.370926166521087
HMMR	0.252287415493014	0.349816330679827	0.0176864253805313	-0.200356942522687	0.274129858182564	-0.199651024413111	0.653868311368098	0.697281376778744	0.403093949077609	0.413420661491758	-0.213069308643362	0.169349741077265	0.502571607708663	0.486284614802794	0.82394606749781	1	0.10516568846247	0.323066547241513	0.243174391517346	0.511824537591492	0.533302565915312	0.437995541305827	0.848415049745945	-0.1444796016624	0.537497334115498	-0.0835492836613653	0.675759572477707	-0.377066058233667	0.547920069831365	-0.287335284592937	0.323901893523859	0.633233791325663	-0.289468313289442	0.297444270268097	-0.0440612862271581	-0.212175203265947	0.549376180330785	0.570652369502298	0.22770592464786	0.0405825040982632	0.831273401845768	-0.0468565718381299	-0.0508782648007062	-0.30359476358343	0.447814239100343	0.152776108272879	0.0852971124709968	0.235539441170368	0.770578577817703	0.616447212917014	0.137485047087168	0.656927914640222	0.497142362170011	0.271922873526167	-0.163356689513015	0.147163992755084	0.105563517065526	0.604052571897272	0.449345693949045	0.565195759765836	0.53348670645363	-0.0143640493573178	0.580936150337463	0.437024487123343	0.377529923740522	-0.0117480551982195	0.224403195533052	-0.244153093365717	0.0909888375597368	0.425764028970146	0.294603789510655	0.599946933994629	0.655581495961695	-0.477032737065512	0.0587856165658603	-0.242875539932376	-0.295453668337301	0.466850867491189	-0.356478336132401	0.160987414835008	0.241799252199893	0.316507375358119	-0.103483753425839	0.173961956327016	-0.386338717906708	0.551297859613861	0.384555281034655	0.170878806874955	0.130876561826745	-0.367335387164206
CD69	0.957162262763355	0.888700635476661	0.940559984623948	0.869593483261594	0.67098071749336	0.280500349653096	0.684582766986828	0.723257157114126	0.8552044004207	0.204285273852329	-0.221444375785775	0.232892570778026	0.858643056216377	0.646213331605401	0.45133329569161	0.10516568846247	1	0.783128278313474	0.953619190828718	-0.174861454982591	-0.442625070214042	0.429039878985836	0.392294837936942	0.524817437464395	0.846966191382423	0.528765348882812	0.503686196930361	-0.685208610388813	0.745114419936568	-0.197556167779596	0.500938575469666	0.599529203162314	-0.224346443426879	-0.0242003026052496	0.0696757229574117	0.138625045266505	-0.366177468643226	0.638103566405833	0.630521336426992	0.204325675854751	0.042616575989122	0.569097975428438	-0.29756044930162	-0.0900709623777268	-0.555958686917852	0.295133551911853	0.538783661823328	0.521074695803929	0.0989116218397202	0.508966878733493	0.537846944204741	0.268117146563377	0.225655309184019	0.858938592520536	-0.11134322500629	0.906678809931904	-0.293335234693806	-0.482424476403765	-0.431194216312987	0.580152619816017	-0.13426974966323	0.421670571768827	-0.433112508291805	0.434670619062565	-0.722539051474734	-0.135489406800592	0.932940213262996	0.432138679199642	-0.0316395049316031	0.272318519987554	-0.595552174343179	-0.240087878779664	0.0877591964412587	-0.4956292072125	-0.817774073475589	-0.339719778846574	-0.555864892009076	0.693581711927681	-0.367832570785544	-0.609937177903797	0.742211748676539	-0.566281015480417	-0.524096120913588	-0.217857116339619	-0.501314805045276	-0.562088698336818	0.279025265354741	-0.592431596023621	0.191980639953718	-0.407518266325892
PTPRC	0.870445078769595	0.87478107362074	0.740515494239217	0.506219141818728	0.725634263151481	0.542113635085159	0.868901261436185	0.79446731544451	0.799923077141159	0.375881945078749	-0.063790234238121	0.4490389067349	0.847327896478068	0.784943971847354	0.698360624907867	0.323066547241513	0.783128278313474	1	0.831697609057781	-0.169418754097525	-0.355221746938053	0.570958816169034	0.603829830574461	0.586334371526204	0.714763560360085	0.0917219939222238	0.597704551260518	-0.529839973881752	0.846244820922148	-0.204842373243965	0.79027166949773	0.834785230184724	0.0244646564562462	0.000320219187804337	0.414529302425906	0.236215085723314	-0.123173440662491	0.80675125966422	0.841062976690741	0.538702198948405	0.297608176950572	0.523001167417687	-0.138919761160808	-0.119159428876095	-0.545000779852719	0.621629060464886	0.597932311135291	0.637754691966193	0.249904005839812	0.615640390794647	0.61685610806177	0.509874501920487	0.591782322822628	0.861027805354987	0.204131138941564	0.589159560624936	-0.235485162445188	-0.37329078232364	-0.36770881643322	0.771350466009149	0.0239650122024429	0.610650456361531	-0.271673467976076	0.758121863823663	-0.535423236005254	0.0247456736411058	0.675948996332867	0.314708925597785	0.0624090599266232	0.689178136242357	-0.584009058783604	-0.0846361271787237	0.117696671323326	-0.358919238553355	-0.724958994106777	-0.169546764489903	-0.297150926126349	0.734538201703456	-0.117859268066854	-0.463045942366218	0.81168998147705	-0.442098578130969	-0.279247864548061	-0.134811999177596	-0.325963323765053	-0.429978322464091	0.386674223903261	-0.425607089948765	0.530259316317594	-0.245821279699273
CD247	0.966843602993763	0.951560176517217	0.923179754486465	0.785124291200978	0.637186028491536	0.157399038289767	0.794067108081199	0.826362314814263	0.911707095423515	0.234251070577678	-0.312400798261962	0.22935579939638	0.936685541437735	0.746050798419071	0.595555401487614	0.243174391517346	0.953619190828718	0.831697609057781	1	-0.128622294656193	-0.330333864367442	0.501812331288217	0.552497189050623	0.40276179971012	0.904485699066741	0.455713846301987	0.634583864441823	-0.736649843666886	0.781947350753567	-0.286707577745432	0.513290419616618	0.766231946330289	-0.296582418915126	-0.073495018852106	0.0923255226697905	0.175555148933522	-0.327224100223582	0.772732554877664	0.686761285891645	0.141388428320382	0.189636301004295	0.49755517884248	-0.1596357914397	-0.0221368281289765	-0.488865669406087	0.307620050075456	0.563826725330708	0.475745970685053	0.241243021063784	0.668328611506425	0.587131636996264	0.394598981257712	0.343369696976202	0.885306761668213	-0.214436746805259	0.82771069856618	-0.345610843780916	-0.387012626653604	-0.369726457753433	0.660867065503775	-0.0170463928055846	0.346550543656618	-0.388206192882149	0.445220222568378	-0.716072150819209	0.0078522975971493	0.931017604963612	0.387191438847616	-0.0337103877903609	0.391212460994227	-0.56405210168574	-0.246957166265201	0.178152854640279	-0.610344690530899	-0.837791781847241	-0.486438509735842	-0.583184686975745	0.707049849496086	-0.480775949305664	-0.687005519792719	0.825891006373898	-0.538097957497816	-0.62691510333923	-0.175299908686447	-0.604272679390117	-0.52276852279702	0.264526424612443	-0.627612867090853	0.115881661382994	-0.549458527520242
PILRB	-0.0846119719230044	-0.0304292514192053	-0.132457379808929	-0.269953829457611	0.147643869646083	-0.510795217984007	0.138907086497271	0.173838722596407	-0.0172354942170917	0.511321746787094	-0.298673954239659	0.114327209604283	0.0264060303220093	-0.0525500351241404	0.183744425034315	0.511824537591492	-0.174861454982591	-0.169418754097525	-0.128622294656193	1	0.773177673016323	0.354542145330078	0.261072244107129	-0.536825253221655	0.0852036056728239	-0.242302453664996	0.279940168414889	-0.0142505711013925	0.172094578268549	-0.490525129945609	0.0597353428378152	0.120493457224582	-0.365687579863142	0.607494118386474	-0.147648251358832	0.178967779121389	0.624596889274704	0.208386572896661	-0.104532935506831	-0.139008288789815	0.342265805138215	0.0616369869091667	0.425519444423464	-0.256853454274412	0.788422865562786	-0.323742788448074	0.18066625794762	0.117661214246599	0.780140110066904	0.183807378335291	-0.162675366474769	0.47982493857357	-0.028768316801401	0.00839465832050157	-0.273931034475609	-0.018814388632178	0.733903593835978	0.801926261640692	0.86392876656459	0.292204637111449	0.748660444715086	-0.237381496981697	0.81068220670237	-0.0464631933893454	0.505945789821538	0.0895322104955547	-0.0452451663792531	0.207722971851782	0.472176484698251	-0.191891039308609	0.70660142838909	0.593143288050074	0.743031836946398	-0.583676552113596	0.358142723132642	-0.431940136983302	-0.160576093436249	0.144226446109373	-0.328231584656043	0.301014270899856	-0.225376273388762	0.383056644191047	0.0522040789161191	0.725831393889119	-0.354811180325358	0.71591503058054	0.435893540137587	0.543803757064023	-0.235853885806432	-0.513013905155032
FGFR1	-0.358341569097138	-0.263488278139984	-0.433153872527739	-0.542449853190077	-0.0947383251264544	-0.569294877371247	0.00681942223435743	0.0513050235195107	-0.223943646126052	0.404842314200779	-0.219951314042516	0.0969476161167341	-0.169506809168555	-0.192734211875731	0.16662060454501	0.533302565915312	-0.442625070214042	-0.355221746938053	-0.330333864367442	0.773177673016323	1	0.126652189242776	0.225441734345508	-0.625840888699375	-0.0521794608609722	-0.274825003447404	0.201428444316709	0.220035507876433	-0.0209030190158222	-0.327190195637626	-0.00382771336740364	0.0130458872611402	-0.279326366541667	0.56303330309931	-0.23365981990715	0.168049825928399	0.705076253894397	0.0258917998434462	-0.294591041701541	-0.226270821435326	0.358374758307169	-0.19195682119197	0.295504261905086	0.150413153883627	0.916721493138566	-0.394583902276568	-0.0643476001954453	-0.0766311141134539	0.710047761621119	0.0869846718581292	-0.0240392743369807	0.366931034624078	0.193315215602315	-0.156134593366446	-0.294069344238679	-0.384247256929874	0.614093647753222	0.942565820318648	0.922883951990089	0.115720978120495	0.823379905480334	-0.277890724331569	0.886194428672622	-0.140928051467893	0.730560732326823	0.179720405400773	-0.309715782474188	-0.0535975783273233	0.459875434975074	-0.159467889928787	0.856437108272501	0.694506882146057	0.73467783002534	-0.361127425546789	0.574393607986221	-0.323297669051895	0.0416865292216872	0.0240761924682235	-0.273109203313522	0.489505298587179	-0.327307230238235	0.672458908339036	0.188544480379296	0.730469237224208	-0.187182749842646	0.862824457538316	0.229410497054355	0.685739703976419	-0.279454258808777	-0.353806012309465
SELL	0.58898143690907	0.631482312006754	0.486924293298961	0.244530941285702	0.500206049643001	0.0892861057158891	0.676032713264252	0.605560189349159	0.633194528637251	0.37874494393395	-0.151167077489181	0.378755029208418	0.619158829875732	0.354499598611332	0.598068179945925	0.437995541305827	0.429039878985836	0.570958816169034	0.501812331288217	0.354542145330078	0.126652189242776	1	0.517074499817472	-0.052384351183184	0.508276256647968	0.0636857514278514	0.508223120715625	-0.48787705364312	0.558055115474246	-0.370081160906836	0.498076742915914	0.59451099760656	-0.198104646357819	0.380980787570507	0.419149228859205	0.338779653619684	0.227004491886416	0.818138739893444	0.673102198401336	0.160751549205475	0.601277516512443	0.342916687049223	0.248137521412605	-0.368485121954293	-0.0180436380448499	0.292441168235272	0.762010570156242	0.401360982759132	0.626216120725138	0.71379550292946	0.333359210146751	0.415223271200306	0.257874867855026	0.630026888449903	0.154888428506757	0.356613127542661	0.276282269942774	0.185845009464836	0.123469051081654	0.868184762842826	0.278678136950741	0.344873579739923	0.117639253629038	0.335564703040358	-0.106940333891608	-0.0447687476485667	0.554313934366265	0.392516352271731	0.246816925865791	0.65884895151872	0.0119255198403667	0.18623885019683	0.518818255028419	-0.544130351897757	-0.405162677684402	-0.334182923468417	-0.223204018739308	0.663200416228968	-0.201232075170578	-0.120956229492417	0.382111993972897	-0.146877481523538	-0.204910249478664	0.296885071597002	-0.396921897202123	0.117142389416324	0.406947812572673	0.0207069036700377	0.215586423689653	-0.47787019618875
LAG3	0.531369155051909	0.650823499351005	0.383726449067468	0.0695082166900014	0.270995297478275	-0.0823022289070506	0.767632465433196	0.808072546873778	0.675431458601184	0.183790517525924	-0.259353470179105	0.0315418676224199	0.767230983313118	0.697069446882108	0.897565179555111	0.848415049745945	0.392294837936942	0.603829830574461	0.552497189050623	0.261072244107129	0.225441734345508	0.517074499817472	1	0.0295500298371784	0.708727598248421	0.0386255243220327	0.623163835382478	-0.57373561456733	0.612503501805729	-0.3178895635169	0.344671956793019	0.847079695994612	-0.367127237826806	-0.0502826556443145	0.172121566591031	-0.196335434160439	0.111950170133261	0.806447390653624	0.579852958755599	-0.00252453771067774	0.790969430776608	-0.0430173504326333	0.0600728600471928	-0.272191387156405	0.109655250507771	0.434327235382146	0.263762802071171	0.170214236687709	0.613111482876812	0.862047837063792	0.25173595327108	0.744324727687545	0.604146938765612	0.509262152168788	-0.146506814843623	0.288151691183631	-0.212077092031839	0.2590535575065	0.0906620868195811	0.664212401239991	0.327312912790464	0.00995929240353872	0.166831205290439	0.446204529085386	-0.0581931926139928	0.0528592807023271	0.481804897154187	-0.183677729556716	-0.111531346924974	0.610476547976827	-0.0958364581038039	0.233112146531361	0.436922870609026	-0.566311303304864	-0.303872752549121	-0.359940870166123	-0.448292824952163	0.558618814445322	-0.467737503799946	-0.220054424637516	0.57439870872013	-0.118856213366311	-0.378441890859919	-0.0704502774062544	-0.496487177940963	0.140319744785809	0.143088780187425	-0.266410628891023	0.0673095613424945	-0.479168706048391
ADCY7	0.415806112925327	0.306844339050414	0.341277180615754	0.346150141052089	0.407546848224135	0.857796063743339	0.254052160100536	0.198505811591748	0.223920535888144	0.0340807132553552	0.510620841915477	0.171403366728598	0.276066226517692	0.269139106145944	0.0935147838520329	-0.1444796016624	0.524817437464395	0.586334371526204	0.40276179971012	-0.536825253221655	-0.625840888699375	-0.052384351183184	0.0295500298371784	1	0.274892217224313	0.0839444114804692	0.0138558023772046	-0.00829740042535554	0.371321077180444	0.188889584806503	0.51835219201846	0.203149263129066	0.563614616148956	-0.174442762454485	0.0930393617062946	-0.0752767353916989	-0.323467145091928	0.0840794528729127	0.399476625361334	0.692755689801754	-0.23770717143016	0.420612813738356	-0.377232820898036	-0.0285712699495675	-0.671712351200008	0.377190978519772	0.0627631084634386	0.4285003129148	-0.43954014220162	-0.0841603164912985	0.263952581383013	-0.0162651391213855	0.451257823542262	0.379243338271936	0.485848335820231	0.431492384079382	-0.280580084605302	-0.631952048406076	-0.560619834558111	0.133227167085589	-0.486963101550888	0.714044272960962	-0.400034675214145	0.680641425141423	-0.363139469453183	-0.0587223721724769	0.295105317486167	0.0931735607508015	-0.143820128085344	0.322104893777795	-0.70161537591179	-0.172093334278804	-0.521616249137782	0.351358799348008	-0.314129538477484	0.485061723012615	0.132497552879602	0.282296418536981	0.40185362135212	-0.155501216792143	0.276881603996518	-0.399287120024409	0.234005960896892	-0.445306328459151	0.344984196211703	-0.537956911913503	0.0852059121075557	-0.284673864634071	0.726014665108278	0.433759771568932
