""	CD8A	CD3D	CD3G	CD2	CD8B	CXCR3	KLRK1	KLRD1	CD247	KLRC1	F2R	KLRB1	CCR5	CD69	CCR1	CXCR4	ADGRE5	CD44	TNFRSF14	PTPRC	PILRB	PTPRA	SMAP1	TNFRSF1A	TSPAN14	TFRC	LAG3	RACK1	ATP5F1B	SLC16A7	S1PR4	C5AR1	CANX	HAVCR2	PTGER4	ITGB2	CD4	CD6	CD9	IFITM1	ITGB1	SIGIRR	GPNMB	CLEC2D	ADCY7	APLP2	PILRA	MCFD2	CD163	HLA.DPB1	ITGA4	NRP1	TREM1	CD74	CD81	ABCA1	CD68	ENG	SORL1	TNFRSF1B	SLC1A5	C1QBP	CD46	CD47	TREM2	SLC16A1	CADM1	LAMP1	CD63	ITGAX	PLAUR	C3AR1
CD8A	1	0.980712398431564	0.967540697930512	0.978948673248654	0.993448708091817	0.983844039352775	0.935569790243531	0.632218569218432	0.922540233673103	0.733015747767644	0.898299729780176	0.658301318658539	0.857137282185972	0.908808640632608	-0.51757810805784	0.865239481515241	0.908816640440019	-0.10682543824125	0.123125434067555	0.859487320415895	0.815655448971099	0.600475098180618	-0.433435257292415	-0.436153290718835	0.420374313641927	-0.230903581282365	0.955512932514414	-0.15630611940016	0.238482466309239	0.918849914850133	0.78929507929419	-0.676629082851496	-0.583014673040912	-0.492416668486911	0.431026826529138	-0.39714451028541	-0.528518704348048	0.953583872448763	-0.69750252682171	0.972586786345734	-0.146392335360515	0.575974439850124	-0.73350503730731	0.713775991445353	-0.276413881298428	-0.638275204420004	-0.658081737340047	-0.379659122462939	-0.69249555342767	-0.424695004884178	-0.311748951828267	-0.685181873009854	-0.708532929563043	-0.452874266499715	-0.548695108972229	-0.790117356977836	-0.666491929492156	-0.459159416916576	-0.365654520138468	-0.156173306882999	0.531874791783747	0.195964076714065	-0.26114860675961	0.571528105996884	-0.435878095842346	0.304087521968496	-0.709153276807632	-0.289960373085201	-0.533093820442066	-0.740855898042528	-0.641655308216376	-0.631812448513565
CD3D	0.980712398431564	1	0.988994116614988	0.995731751876196	0.975281471428217	0.980000092879312	0.967436219947865	0.681964179630949	0.967421703982504	0.771738453820421	0.924507082129394	0.757086270465433	0.885272626340251	0.955260538875661	-0.567184756735273	0.882225044082262	0.957942190724318	-0.135711383390107	0.188139850315062	0.880314652740391	0.853816913561724	0.590410273071603	-0.44298669032929	-0.474258435736033	0.433750838418436	-0.244141363969603	0.943220529144155	-0.133123007311737	0.246437590189116	0.93736148908591	0.877447619988686	-0.713779239037101	-0.608761792168967	-0.523906152867638	0.458543711647538	-0.43032663034791	-0.547647399536442	0.974676299368792	-0.731371975422759	0.987333179850879	-0.15757171965673	0.595680601389038	-0.778247045710388	0.80720228136228	-0.266843165998531	-0.663324723677139	-0.693991851728199	-0.398878342472046	-0.719234552382877	-0.443131878742563	-0.307756955642299	-0.722735451328532	-0.746338592304308	-0.469333568816699	-0.576294613193657	-0.835105962278526	-0.704603219896056	-0.477178174001157	-0.376042904887225	-0.167134213100797	0.500539318404968	0.213655911118978	-0.2731230181829	0.592607672016688	-0.452484580908995	0.388011172971276	-0.745830636566966	-0.312720823396833	-0.565502829924989	-0.771156273201316	-0.674188437189332	-0.668737137897688
CD3G	0.967540697930512	0.988994116614988	1	0.989923842256951	0.955003735289389	0.971713873371848	0.965333489538867	0.666139832461922	0.958785841313077	0.719011901027874	0.949536177557269	0.751540266326782	0.868317907886512	0.955271805318194	-0.578629612356176	0.892801629622556	0.949136293768083	-0.121460589247343	0.224058387691253	0.866957781397202	0.861795258296761	0.599444604419646	-0.443453882120542	-0.478718824645123	0.460406285729667	-0.247392470681131	0.92983844192759	-0.126773454246015	0.238189366642149	0.91329976637316	0.895699215667608	-0.709908171763838	-0.602974409466805	-0.536831212708387	0.446237317613491	-0.42612942894606	-0.544628898158184	0.971512734125377	-0.724271334734262	0.987126060478844	-0.174666504868935	0.619371577569674	-0.76747563349209	0.834813610100753	-0.279085746759441	-0.664705334303986	-0.688777852677442	-0.384186681764188	-0.718447622646739	-0.443630280695648	-0.327991875982908	-0.721751806120957	-0.74491240121366	-0.470146239333235	-0.581053079729548	-0.824888992231815	-0.69913964339194	-0.482862101266157	-0.37154320248413	-0.152537975052032	0.514656958430026	0.215470447009701	-0.298141830204148	0.57796385303628	-0.455391551089363	0.394790144365002	-0.738161961496967	-0.317015311300701	-0.563221633020713	-0.769024874175584	-0.674497072617876	-0.663166174740188
CD2	0.978948673248654	0.995731751876196	0.989923842256951	1	0.969305567996063	0.985920472568515	0.962429696768227	0.633799932386972	0.957367847447807	0.745028568071798	0.941724367894735	0.72925588015154	0.892728899327101	0.94955908829771	-0.539847005970067	0.901012985651978	0.944072984067163	-0.116518197740733	0.19722648437856	0.883220282404708	0.852011412774588	0.609847795444042	-0.422534967426194	-0.454856534185488	0.461995116194384	-0.224517750110762	0.946200649274662	-0.12504286859122	0.273781197217348	0.931396563620165	0.873874030113544	-0.700086056918802	-0.586610162837129	-0.509448890076943	0.460469178088082	-0.409520092596965	-0.528347259727912	0.985865837791906	-0.716402593321945	0.992472217833179	-0.14092061795003	0.60722743501284	-0.758160429779379	0.797452773086221	-0.264491321450918	-0.645908431305441	-0.678219066450921	-0.360596200091958	-0.70563853832233	-0.435017584013385	-0.313534210817981	-0.704459449327668	-0.728991584778905	-0.460049865951501	-0.561287446926289	-0.814912710230305	-0.687846529886587	-0.459192406900828	-0.357259977726967	-0.133039704628312	0.525363939282438	0.233906795959499	-0.260309735643543	0.605184543164186	-0.443430502647206	0.399143211294553	-0.726773944382681	-0.292066368106619	-0.543326765723853	-0.759358043087951	-0.658931768371423	-0.647552419391621
CD8B	0.993448708091817	0.975281471428217	0.955003735289389	0.969305567996063	1	0.972909052360989	0.927992617951905	0.659649479868362	0.919240803268418	0.746992034981261	0.885346031138925	0.652099022577238	0.852199259823529	0.899647506813127	-0.51624667463457	0.849912035158616	0.903041593930888	-0.124805820474612	0.0851238820932895	0.856283410467721	0.797979948508791	0.590480531253777	-0.441916649794501	-0.437297732119053	0.393385223936664	-0.227389247170232	0.960055532700256	-0.176520772294519	0.216984920562722	0.904216549030023	0.771515652906304	-0.675684955338887	-0.594282318535385	-0.483647926249464	0.440322069890014	-0.409676635293487	-0.535188825446484	0.941191782505506	-0.702013584464516	0.963320348060263	-0.142091196861169	0.558468688568495	-0.742219173074675	0.693061439325286	-0.271771291807538	-0.641812078938242	-0.661017320568696	-0.402561655071982	-0.687971403583053	-0.422207831105626	-0.302323148615651	-0.683945012707771	-0.711832450353217	-0.450151311503834	-0.547500847022723	-0.797487381871042	-0.673512884711358	-0.455534960867703	-0.361898968261517	-0.170342851270278	0.504239653501194	0.174258240457948	-0.27015451778331	0.556124583742273	-0.434949359290043	0.291385518386598	-0.71319864301895	-0.304689486201422	-0.542341725700874	-0.732403915305205	-0.643868817314607	-0.638869435875836
CXCR3	0.983844039352775	0.980000092879312	0.971713873371848	0.985920472568515	0.972909052360989	1	0.922777897723532	0.566143396549073	0.908891884359018	0.675005550296753	0.930629611913333	0.635689113697544	0.903176225682544	0.92019169574721	-0.473487917125574	0.899230731447856	0.909331067353578	-0.0758531628183552	0.192678330646954	0.869778774677956	0.822492972109043	0.63630049933603	-0.393799020503729	-0.401351051819407	0.477667310320359	-0.179053476583302	0.943592627797371	-0.120510586325236	0.300236977263828	0.905545003393408	0.823998093146679	-0.65084081656933	-0.542081086468835	-0.475301060756729	0.475392168208705	-0.363116584836815	-0.482937449843663	0.979337150202347	-0.677559315485693	0.990062824891649	-0.105988810141494	0.598161837600856	-0.706829712619104	0.75075763435423	-0.237004565136185	-0.600259431991728	-0.631755281277307	-0.299256655134787	-0.661515893757889	-0.407487558994169	-0.297441841301197	-0.651087226391987	-0.675635350542154	-0.432564857275564	-0.514560249564624	-0.76205827754502	-0.637733043443713	-0.418871176011097	-0.321234444946082	-0.0854753651565398	0.547688168110403	0.25054984408154	-0.237580278679415	0.598472839979782	-0.41047663199991	0.372335337542778	-0.683506403292243	-0.2495134064862	-0.495834511015461	-0.718011278905629	-0.608668799243454	-0.597491448107197
KLRK1	0.935569790243531	0.967436219947865	0.965333489538867	0.962429696768227	0.927992617951905	0.922777897723532	1	0.775123117897789	0.986040356607212	0.848959182632101	0.886508956803922	0.85148584623807	0.804871906971468	0.937218318122165	-0.62621200797457	0.844912594129753	0.956029149418456	-0.156518528998664	0.184392797466809	0.847518970687387	0.858549488231886	0.537738831703961	-0.464255309419914	-0.515053845712077	0.367824478159717	-0.294734082682198	0.912538771611765	-0.129150452730994	0.21334424932406	0.925007659809961	0.890209236996711	-0.751906659594362	-0.630036554054287	-0.534312661722003	0.413999688765211	-0.451652716301831	-0.577485486941268	0.931974339767451	-0.743638389602186	0.945461097301025	-0.195983934798587	0.594913261564864	-0.798461287398633	0.814305663646506	-0.292460281347739	-0.693802030979801	-0.7190960150358	-0.450439539937318	-0.747949570581842	-0.462984467025957	-0.310118165746693	-0.756207984415239	-0.771916438900539	-0.485972676828663	-0.60747312804699	-0.861840027425249	-0.725722888065906	-0.515107116775958	-0.41226514497998	-0.23299574977225	0.469703316335903	0.196253371376672	-0.311293672827287	0.555461576750019	-0.469587789401742	0.348594922753489	-0.770863806097196	-0.342439451146106	-0.58878754877373	-0.798059579543058	-0.702540296481926	-0.69688417829929
KLRD1	0.632218569218432	0.681964179630949	0.666139832461922	0.633799932386972	0.659649479868362	0.566143396549073	0.775123117897789	1	0.791888805617007	0.82526375321191	0.533346144628775	0.842589948007827	0.400627462068111	0.649459995453004	-0.727467488185164	0.452916166685655	0.751049523593596	-0.343693640765652	-0.0511910426452908	0.521739423813177	0.575566099094881	0.168661311949641	-0.544958025003179	-0.614222166806292	-0.103573835947079	-0.495327967494953	0.633053165293577	-0.269087216601878	-0.158937167637754	0.630149747052458	0.67780579805002	-0.709277941724809	-0.691829800727316	-0.559191998539431	0.149493937516786	-0.576778570623952	-0.661537933437717	0.558443463992033	-0.692254905279869	0.609235321872459	-0.391355684579768	0.319893524899297	-0.729149585227495	0.603504181590953	-0.394376030562391	-0.720011913947577	-0.684557776051048	-0.7135348567801	-0.719924892250344	-0.502820875296085	-0.287189289021127	-0.752532914361232	-0.749587360304942	-0.525385019039868	-0.65051887610544	-0.784226837939762	-0.704259243006237	-0.60846259388037	-0.529697518042858	-0.525669697924781	0.080907641992939	-0.111103994284182	-0.461383528523679	0.200969117183934	-0.517743774256241	0.0681680861932576	-0.740792531942904	-0.520219703264913	-0.661408104125143	-0.712706118870131	-0.705073816423769	-0.739821185895543
CD247	0.922540233673103	0.967421703982504	0.958785841313077	0.957367847447807	0.919240803268418	0.908891884359018	0.986040356607212	0.791888805617007	1	0.864891108731173	0.871304777275061	0.878193657981375	0.797512157705678	0.940565049438534	-0.667651966720614	0.815798019965907	0.958038942260297	-0.20998535625596	0.164250218623148	0.832444598189978	0.848699558452942	0.490116912314732	-0.488025766894407	-0.560334657657924	0.329215926523687	-0.349497258663394	0.901212875130107	-0.153840286016689	0.171011659817159	0.934946671531688	0.900820941552652	-0.780304715793481	-0.670344830777481	-0.577363574334318	0.376635793442259	-0.503839557247742	-0.619112093716766	0.925224418214496	-0.772717469624374	0.939470327546079	-0.240995710660022	0.544223955308932	-0.81888844272896	0.829522096110186	-0.328152012323539	-0.728641215752582	-0.749536031309126	-0.493980199594509	-0.778283108217916	-0.504906555937309	-0.331472251006396	-0.795450765091763	-0.806126639793853	-0.527701169992155	-0.64664422731647	-0.880827772719819	-0.760503347714284	-0.551301417326646	-0.455441818327326	-0.282663957662505	0.412511570159123	0.163619120012052	-0.324805592125619	0.53722893882044	-0.513049776122287	0.352015697551153	-0.798718107262373	-0.386283819416996	-0.631458307950652	-0.825616041257298	-0.738682529135473	-0.740266409618722
KLRC1	0.733015747767644	0.771738453820421	0.719011901027874	0.745028568071798	0.746992034981261	0.675005550296753	0.848959182632101	0.82526375321191	0.864891108731173	1	0.561515753452116	0.864026785321075	0.543592277874382	0.73677910526231	-0.642356668314687	0.552483614138338	0.790896227432651	-0.273306728157195	-0.0128860537017307	0.636405084415391	0.674933223893722	0.261988300237724	-0.469128872872425	-0.545026494570905	0.0854472828262951	-0.407278714866821	0.74153189471567	-0.187615039507955	0.0377222413796664	0.827257812133405	0.648913779670898	-0.708850284886185	-0.635158003433824	-0.498487472745581	0.222369800837668	-0.507194955714468	-0.612165636020715	0.692158814935791	-0.683178391774454	0.700811626443818	-0.263402263223146	0.317331458998081	-0.721692802142741	0.574499500410974	-0.32488103674946	-0.682315752492845	-0.678496392924565	-0.558032660312559	-0.718880700709346	-0.483036082461016	-0.289756143080597	-0.731196802132733	-0.731609083420372	-0.503729804761468	-0.609304689556589	-0.785242466318945	-0.689385029817893	-0.549523492888486	-0.505261783904925	-0.427309008257659	0.233238965543924	0.0283950163646333	-0.270739572349841	0.375314784436121	-0.491921251557782	0.148960774205496	-0.729417189230607	-0.386624528848812	-0.596387379634914	-0.735138592048999	-0.683780072805368	-0.699649531437174
F2R	0.898299729780176	0.924507082129394	0.949536177557269	0.941724367894735	0.885346031138925	0.930629611913333	0.886508956803922	0.533346144628775	0.871304777275061	0.561515753452116	1	0.607214389019191	0.872239398421053	0.886330999583592	-0.438936974632778	0.905555453072284	0.878468423294904	-0.066174434607845	0.240771237707464	0.849278917751144	0.803224676285035	0.652210107619182	-0.35167918807679	-0.373628140757657	0.517633010614159	-0.144759536473498	0.894409153131039	-0.100116293764284	0.303461772133463	0.799692910718504	0.861583664968599	-0.611113652221465	-0.494771105826529	-0.439442355446816	0.486034953673725	-0.328618923127168	-0.425885077763478	0.952654180734064	-0.631553369735605	0.947556569517776	-0.0800631951735029	0.669120278913468	-0.681372855909805	0.782260116351727	-0.227096829887916	-0.548123121927914	-0.595305366724566	-0.263068540262552	-0.60304886737771	-0.357064522654431	-0.274166857056265	-0.60336210133673	-0.636766410990294	-0.379115573774878	-0.47467608087189	-0.727480499129852	-0.604986617606644	-0.365558811168677	-0.240555356498212	-0.013936100204171	0.538688619522577	0.269114555282775	-0.260536266289188	0.606020672725374	-0.364536267528813	0.43970754079657	-0.623933520223529	-0.240610518976619	-0.455115404688539	-0.66176348635928	-0.568893541954552	-0.545924962583525
KLRB1	0.658301318658539	0.757086270465433	0.751540266326782	0.72925588015154	0.652099022577238	0.635689113697544	0.85148584623807	0.842589948007827	0.878193657981375	0.864026785321075	0.607214389019191	1	0.551013739330788	0.790272942571661	-0.740722189916163	0.565115903660886	0.832984917629143	-0.279640279476474	0.193733400702841	0.60950991425873	0.729695990034387	0.22865787417177	-0.472007186072227	-0.604766342453458	0.151993155825391	-0.430218575887732	0.619350534845761	-0.11113531246033	0.031192394246722	0.781893980631915	0.843990029424678	-0.743610368481282	-0.645818731569528	-0.580889149005864	0.223742957429786	-0.538112982589345	-0.614524875315636	0.68406203862155	-0.711732410419958	0.695818527148851	-0.327445207474998	0.387705080313903	-0.757461670070254	0.813241492077275	-0.311615108233828	-0.698050573158985	-0.706309396671449	-0.548246660658823	-0.732722876304534	-0.499720705556674	-0.295153346965367	-0.773738283449862	-0.765132188101968	-0.513425885242136	-0.641444136761755	-0.816039222483132	-0.718712274891835	-0.575667979580153	-0.502033611375211	-0.41549005676954	0.181972858344869	0.0641606274950165	-0.324227653229714	0.357533856077965	-0.505326159751956	0.312582510783871	-0.756889154988931	-0.421555200198016	-0.633577976389108	-0.764455895790584	-0.714393019945917	-0.728407133912502
CCR5	0.857137282185972	0.885272626340251	0.868317907886512	0.892728899327101	0.852199259823529	0.903176225682544	0.804871906971468	0.400627462068111	0.797512157705678	0.543592277874382	0.872239398421053	0.551013739330788	1	0.898145988212852	-0.233305456991362	0.894329835750575	0.860258890997025	0.0847090884188396	0.368262731583688	0.902398256602851	0.814549936373549	0.749245022887326	-0.209035572673953	-0.150350426472374	0.648289729977958	0.10798397001066	0.832232434751506	0.112340405877353	0.528918086568449	0.798557144230744	0.804222600560807	-0.457747551619491	-0.290743234124181	-0.22706648175481	0.712207270482533	-0.115591285391346	-0.208469359732762	0.918033158696248	-0.486281120813184	0.901910422715044	0.181288942295509	0.697637076779167	-0.619322983265584	0.78177691440655	0.0697797755912201	-0.330600313424727	-0.450129991568281	-0.053706442139329	-0.404332907203824	-0.126707081333991	-0.0306599344777663	-0.401758187426624	-0.478053621532804	-0.145355121438714	-0.249849600665679	-0.652874587977719	-0.445911252158341	-0.13104923409437	-0.0355212541987275	0.188475510763718	0.615823520713231	0.464399336612261	-0.0174363761188523	0.742246870893679	-0.122176450261015	0.621594990452633	-0.483841816151154	-0.0280822150963588	-0.258730944521668	-0.505156836814873	-0.372447294707582	-0.349868841507284
CD69	0.908808640632608	0.955260538875661	0.955271805318194	0.94955908829771	0.899647506813127	0.92019169574721	0.937218318122165	0.649459995453004	0.940565049438534	0.73677910526231	0.886330999583592	0.790272942571661	0.898145988212852	1	-0.505665192178954	0.892803313980994	0.964581575367454	-0.0459159484033321	0.332722023897987	0.910986131121856	0.883246733161489	0.645732899443028	-0.3418713188447	-0.360837595651498	0.535896762638406	-0.133988298477417	0.868681715070051	0.0403942474519641	0.368564918724113	0.915156373159826	0.920239004333393	-0.64715852174278	-0.487765628540565	-0.404574867870092	0.588233045936427	-0.307495912605011	-0.41628786084993	0.938670925506901	-0.63995743890169	0.948779080508172	-0.0178384849949456	0.672808272270383	-0.774281997447978	0.885278456903797	-0.0942973327903932	-0.551060679835658	-0.628644526487972	-0.305525152318055	-0.609471283003699	-0.285195246044111	-0.141272784738612	-0.629858715799382	-0.672952577902604	-0.309551780290671	-0.45996752740105	-0.824565004845902	-0.631574865207072	-0.346031730805225	-0.232387355272869	-0.0500129238555901	0.545329057425329	0.351356094853303	-0.185931011234509	0.682551685624887	-0.300495159799021	0.562236352299499	-0.659572056280229	-0.202412296378172	-0.459620987136026	-0.697437697551712	-0.568872300535286	-0.569234930167913
CCR1	-0.51757810805784	-0.567184756735273	-0.578629612356176	-0.539847005970067	-0.51624667463457	-0.473487917125574	-0.62621200797457	-0.727467488185164	-0.667651966720614	-0.642356668314687	-0.438936974632778	-0.740722189916163	-0.233305456991362	-0.505665192178954	1	-0.237754955982338	-0.534519680213104	0.672559581030572	0.303197569217708	-0.217915981387127	-0.330255666885877	0.159431584974301	0.754168902668777	0.879370582195675	0.244982000722795	0.753153536684091	-0.487909333959382	0.589089819950461	0.449448429714815	-0.570724712238245	-0.581773874261434	0.866186951626247	0.912956327486938	0.870433967748513	0.277025586829822	0.860148628999463	0.854797184491216	-0.472647152727693	0.868349646865709	-0.51946068391923	0.775109127342892	0.110245112156442	0.748757521702137	-0.465831583299386	0.649002688656328	0.91342531629527	0.841287016015764	0.838890620922948	0.871303273460244	0.795815288522995	0.621670238523562	0.898213912324654	0.844405664421597	0.79520896352763	0.836348323091885	0.782424734546909	0.87191086201206	0.819505695282744	0.809454998909302	0.80262469076604	0.17929148543927	0.390411797825931	0.739871226815169	0.134256643535157	0.782603945696611	0.168585981141074	0.891444537604938	0.788171584644109	0.887288945138585	0.862284231593927	0.893464247813586	0.908714682389006
CXCR4	0.865239481515241	0.882225044082262	0.892801629622556	0.901012985651978	0.849912035158616	0.899230731447856	0.844912594129753	0.452916166685655	0.815798019965907	0.552483614138338	0.905555453072284	0.565115903660886	0.894329835750575	0.892803313980994	-0.237754955982338	1	0.871142178846277	0.260639581025067	0.43315054294355	0.945090017675644	0.859429441671884	0.824976022344675	-0.0483703924187961	-0.0954929632924795	0.656451048241062	0.0692469116702744	0.851338627331036	0.215814621811062	0.5287055310281	0.789016545886588	0.807286143243225	-0.382611990383958	-0.238591249597787	-0.173728823270066	0.697180780461512	-0.0712951667287206	-0.239021538519622	0.920043985474903	-0.396622381077899	0.903609847891698	0.187139789672275	0.829744316942565	-0.52060906437497	0.764794507247786	0.00172879971848577	-0.342966319561535	-0.364351821289715	-0.0508607716935756	-0.454011566414207	-0.0930243011906218	-0.0673363927362555	-0.4401832624146	-0.451784336802942	-0.143928973440398	-0.306837000625227	-0.600641955804453	-0.384644817900244	-0.18255293791702	-0.0146439964774464	0.237045590821943	0.730574719295497	0.472680915260413	0.0104889088721587	0.773364834308948	-0.161147204515636	0.62151450492092	-0.413210257926012	0.00938088753376205	-0.213173231258373	-0.508032661670896	-0.347305778658345	-0.354699509545745
ADGRE5	0.908816640440019	0.957942190724318	0.949136293768083	0.944072984067163	0.903041593930888	0.909331067353578	0.956029149418456	0.751049523593596	0.958038942260297	0.790896227432651	0.878468423294904	0.832984917629143	0.860258890997025	0.964581575367454	-0.534519680213104	0.871142178846277	1	-0.0549070712079817	0.317461803845329	0.902153616422691	0.882423839455889	0.624552683301619	-0.360627016035276	-0.397047377761558	0.451573433260262	-0.197497127603785	0.873721597922917	0.0178354778848182	0.320029402561076	0.899072316300108	0.918651180241008	-0.655569134898113	-0.518863177398078	-0.427791324762287	0.548314777524402	-0.337461390789342	-0.461270693045196	0.92400088174028	-0.645188816254981	0.932041654570368	-0.0643021877972495	0.684113980712694	-0.757058617520884	0.866454271541274	-0.152195829539436	-0.573894652539857	-0.635664751765986	-0.372500062154646	-0.646337230581845	-0.326837233137903	-0.163270546208363	-0.660543007821249	-0.683786921421391	-0.356324631989049	-0.498178436133093	-0.823048447609322	-0.627364711001266	-0.398255215638041	-0.290040835654156	-0.110790915175084	0.519842231288842	0.310454403117453	-0.207873446213096	0.656866778719677	-0.342840671967238	0.505096485599234	-0.670612640255088	-0.218908137219185	-0.473540667694902	-0.720198682742978	-0.593061011441039	-0.601504432329321
CD44	-0.10682543824125	-0.135711383390107	-0.121460589247343	-0.116518197740733	-0.124805820474612	-0.0758531628183552	-0.156518528998664	-0.343693640765652	-0.20998535625596	-0.273306728157195	-0.066174434607845	-0.279640279476474	0.0847090884188396	-0.0459159484033321	0.672559581030572	0.260639581025067	-0.0549070712079817	1	0.6563183021635	0.228639831959006	0.153346090615007	0.564242158440774	0.859291293081027	0.796485496883241	0.47720985583151	0.617888805513978	-0.116506336979249	0.865485823337524	0.645223152144681	-0.13854352139534	-0.147380042260088	0.695619716487158	0.776253964119426	0.725018122979683	0.539878160156302	0.789146918503277	0.596527054825356	-0.0690475687680248	0.72377913473607	-0.105178866172459	0.756480996885324	0.557707836800758	0.562016874144146	-0.0169277806287077	0.569381812000963	0.667216813513315	0.722824184774888	0.715369897150653	0.4840029149377	0.725425453572201	0.509917437579874	0.533853853135207	0.613177040164887	0.649347212717349	0.529399831196113	0.467028651332965	0.723677818051385	0.563542286835422	0.685966436266874	0.814124204800936	0.586974038056609	0.597022444526956	0.77071880169636	0.460517727492568	0.591043603922209	0.440891102504482	0.666264759040278	0.784129499076493	0.770809543697669	0.498098722826979	0.684473846726085	0.630330078694878
TNFRSF14	0.123125434067555	0.188139850315062	0.224058387691253	0.19722648437856	0.0851238820932895	0.192678330646954	0.184392797466809	-0.0511910426452908	0.164250218623148	-0.0128860537017307	0.240771237707464	0.193733400702841	0.368262731583688	0.332722023897987	0.303197569217708	0.43315054294355	0.317461803845329	0.6563183021635	1	0.411908253034204	0.446177418090081	0.540946174319305	0.465533495924586	0.414769743319221	0.655439377371347	0.452279814026307	0.0590210898517511	0.728042052340688	0.603057159098015	0.198361594249986	0.345858649154488	0.299700992944909	0.398143243749077	0.334494867310567	0.59833135178469	0.491929436359533	0.33573561797719	0.234306613235831	0.318134738078996	0.211682153483706	0.528802223017218	0.617740178296148	0.190037143660895	0.498636609737918	0.41288486318347	0.338862649837929	0.298975784275346	0.515755799110267	0.173467434257763	0.420843779439254	0.326697804935005	0.181144621422655	0.239638527661128	0.376840678573709	0.260119683060771	0.116523396758889	0.351125985732435	0.303313322093114	0.422587328225239	0.623321586566866	0.544008614065785	0.609342807499971	0.453942592349244	0.560439216869428	0.35941289902217	0.658218857800536	0.277545420284963	0.559112311695649	0.424606986719221	0.172607691436098	0.331972174698302	0.296335594287207
PTPRC	0.859487320415895	0.880314652740391	0.866957781397202	0.883220282404708	0.856283410467721	0.869778774677956	0.847518970687387	0.521739423813177	0.832444598189978	0.636405084415391	0.849278917751144	0.60950991425873	0.902398256602851	0.910986131121856	-0.217915981387127	0.945090017675644	0.902153616422691	0.228639831959006	0.411908253034204	1	0.888763303904248	0.85078046072818	-0.070184005719488	-0.044828843841891	0.659295834129795	0.115649013331895	0.847538000862301	0.284303145065044	0.615203886638407	0.82874403113589	0.79095579025037	-0.406271519673936	-0.204610295007804	-0.0815312124381717	0.764171413070499	0.00543014828203277	-0.15308181597035	0.884731846211564	-0.377894755796441	0.875431066951638	0.288831305693617	0.840276411795763	-0.604482826633845	0.757453599686639	0.136693729342799	-0.284167481930882	-0.391009807501861	-0.0990367342854155	-0.37221580906854	0.0045614558306481	0.120256421877619	-0.390189017745401	-0.440725295416114	-0.0282823831004679	-0.199805870852607	-0.66365915527539	-0.387901939317654	-0.0664504981689829	0.0643145525471965	0.244038519270704	0.760212802768652	0.581516658880207	0.0642948561102029	0.869471108068148	-0.030045997368637	0.664269548032393	-0.40243476355374	0.0604921378503476	-0.165088774317075	-0.490323638967437	-0.297734273824941	-0.293670485978152
PILRB	0.815655448971099	0.853816913561724	0.861795258296761	0.852011412774588	0.797979948508791	0.822492972109043	0.858549488231886	0.575566099094881	0.848699558452942	0.674933223893722	0.803224676285035	0.729695990034387	0.814549936373549	0.883246733161489	-0.330255666885877	0.859429441671884	0.882423839455889	0.153346090615007	0.446177418090081	0.888763303904248	1	0.692104174437552	-0.179557651767966	-0.174508426740557	0.582659205802781	-0.0225565462946134	0.785071045188092	0.206743133636812	0.459913866185964	0.848910272224749	0.797015568509954	-0.445225932367278	-0.283829077174737	-0.239813188972985	0.590939581755347	-0.11984415034087	-0.291069502249091	0.846460769837352	-0.432119184554528	0.839972383939623	0.124065338506857	0.764015750756155	-0.588125626449889	0.847734567539257	-0.00838416885853565	-0.400800015553274	-0.412962311692927	-0.143207466693525	-0.46363809693409	-0.170869728392303	-0.0604909957840892	-0.478363553851087	-0.552369320716066	-0.199363819711051	-0.338192542781613	-0.649752677538473	-0.450529157461624	-0.245704005123978	-0.103439881464938	0.0975274680091668	0.627844415783294	0.438680160160648	0.0820862511650552	0.73842509690744	-0.194430066359739	0.576917525038393	-0.48979578072155	-0.0631667950620498	-0.280176055309513	-0.539922278816831	-0.426520446677537	-0.393945475743595
PTPRA	0.600475098180618	0.590410273071603	0.599444604419646	0.609847795444042	0.590480531253777	0.63630049933603	0.537738831703961	0.168661311949641	0.490116912314732	0.261988300237724	0.652210107619182	0.22865787417177	0.749245022887326	0.645732899443028	0.159431584974301	0.824976022344675	0.624552683301619	0.564242158440774	0.540946174319305	0.85078046072818	0.692104174437552	1	0.258581645970442	0.357091147098171	0.761068114125604	0.42821974512554	0.617672108442121	0.547653982156732	0.807337989921659	0.51661297759774	0.499057524228388	-0.00553997572388276	0.20993273422106	0.283854286685953	0.844485933750439	0.391891229623202	0.217114011069089	0.64786176852322	0.0347437984036296	0.620960255254288	0.587816856677233	0.856864551758486	-0.252026331951447	0.508590436708467	0.438245031787101	0.123568513812974	0.016953860228621	0.247925798380087	0.00890583571405231	0.377501855619132	0.381559746715314	0.0230529884477352	-0.0455141599807698	0.333528914287312	0.177434135585694	-0.311768330788249	0.0348650760082174	0.300023438792726	0.410889649939981	0.605513893177788	0.903491934681097	0.764817272311147	0.310690880571732	0.872132326524768	0.325066650456971	0.709450116728871	-0.00243595764524048	0.414067938480275	0.260551239774573	-0.135717261204482	0.124037242449975	0.129979495363559
SMAP1	-0.433435257292415	-0.44298669032929	-0.443453882120542	-0.422534967426194	-0.441916649794501	-0.393799020503729	-0.464255309419914	-0.544958025003179	-0.488025766894407	-0.469128872872425	-0.35167918807679	-0.472007186072227	-0.209035572673953	-0.3418713188447	0.754168902668777	-0.0483703924187961	-0.360627016035276	0.859291293081027	0.465533495924586	-0.070184005719488	-0.179557651767966	0.258581645970442	1	0.835482832579188	0.266407842958496	0.549718493409321	-0.418541920665866	0.828036398624768	0.508771560488867	-0.410132745759867	-0.390101777395896	0.795081545496739	0.86658299201776	0.798332905892207	0.313137649889293	0.804913066369081	0.683407587752592	-0.359024022915179	0.834831404178775	-0.410064115378947	0.7117329318582	0.269187021880504	0.709073255198311	-0.285373746120476	0.561606031027378	0.77357988310658	0.802538100660502	0.742696305947268	0.624673276728947	0.768862583811353	0.584965239054861	0.645341170780212	0.769556821098909	0.711241640744206	0.615830560615731	0.645203204931395	0.806025721873767	0.637995328485544	0.721868917481382	0.74654859363354	0.311761382738872	0.496090665834783	0.748269934860323	0.249327754840743	0.64645416527552	0.283619660312225	0.825492002068464	0.740877083915706	0.836289051677898	0.621953751139839	0.803172344268987	0.737243909083753
TNFRSF1A	-0.436153290718835	-0.474258435736033	-0.478718824645123	-0.454856534185488	-0.437297732119053	-0.401351051819407	-0.515053845712077	-0.614222166806292	-0.560334657657924	-0.545026494570905	-0.373628140757657	-0.604766342453458	-0.150350426472374	-0.360837595651498	0.879370582195675	-0.0954929632924795	-0.397047377761558	0.796485496883241	0.414769743319221	-0.044828843841891	-0.174508426740557	0.357091147098171	0.835482832579188	1	0.373897506055468	0.790696011379457	-0.422792090573563	0.785487640038308	0.618593035839794	-0.45493905940386	-0.46194540880975	0.860214296839718	0.947954321312232	0.951062160501053	0.454692924734792	0.954963829117824	0.897714031346276	-0.394713315831689	0.894673394708106	-0.438225450599442	0.897075251793838	0.26833697315935	0.64031175721129	-0.357209244788365	0.806428679186325	0.922300316802815	0.84574610780436	0.765015708880133	0.859560406861126	0.932663249736565	0.782574839603589	0.865307847736194	0.847079176762273	0.916100230600412	0.883401434583684	0.632173324750415	0.862392960624814	0.890708981561189	0.928995323890731	0.87158365310664	0.397695943109414	0.576926637154006	0.736195494669575	0.321093682314149	0.889129870477274	0.353581362583184	0.885464190210301	0.84777199323506	0.951938640609527	0.775974975846172	0.930044342910281	0.901422765809807
TSPAN14	0.420374313641927	0.433750838418436	0.460406285729667	0.461995116194384	0.393385223936664	0.477667310320359	0.367824478159717	-0.103573835947079	0.329215926523687	0.0854472828262951	0.517633010614159	0.151993155825391	0.648289729977958	0.535896762638406	0.244982000722795	0.656451048241062	0.451573433260262	0.47720985583151	0.655439377371347	0.659295834129795	0.582659205802781	0.761068114125604	0.266407842958496	0.373897506055468	1	0.573592249337692	0.382767459129522	0.537270909372099	0.719088641409353	0.427837469575764	0.413825421621425	0.0917333499792165	0.262896455482752	0.2722914924414	0.756312846409068	0.431188022150257	0.336047233199994	0.51569647774032	0.0999298140213243	0.471375056970124	0.597204899185901	0.685738709644837	-0.120481565124374	0.492125968335811	0.447700853366512	0.238138200919561	0.0513369884839723	0.458955706481485	0.156863113734963	0.397821994164983	0.329944543691085	0.144531970615801	0.0745107017438285	0.386402177126157	0.289625161182049	-0.120047924885973	0.108602476294451	0.385790875881518	0.465364105857394	0.646666234600069	0.776993261724751	0.671492158708863	0.315942233529166	0.7557531065962	0.384223753652666	0.683488283679336	0.129799405970244	0.477265392759671	0.296305925729178	0.0350250436105381	0.207383634733155	0.234994417402967
TFRC	-0.230903581282365	-0.244141363969603	-0.247392470681131	-0.224517750110762	-0.227389247170232	-0.179053476583302	-0.294734082682198	-0.495327967494953	-0.349497258663394	-0.407278714866821	-0.144759536473498	-0.430218575887732	0.10798397001066	-0.133988298477417	0.753153536684091	0.0692469116702744	-0.197497127603785	0.617888805513978	0.452279814026307	0.115649013331895	-0.0225565462946134	0.42821974512554	0.549718493409321	0.790696011379457	0.573592249337692	1	-0.211246411411546	0.610191137452401	0.580206304564916	-0.260113158595692	-0.221309897037569	0.652790451691705	0.731954620210682	0.760801952444965	0.575431827290881	0.785702468855001	0.768971510783257	-0.168512756551948	0.639722830542618	-0.212791214779305	0.810421677261021	0.317356968854036	0.3937826594379	-0.117586825613167	0.762761645456748	0.763908489289745	0.610961831390189	0.75712386430667	0.726328190652309	0.805369850741024	0.631489265393354	0.737789138363691	0.607460315791266	0.807322928557543	0.773262761845244	0.446689213638213	0.634533320031231	0.799724382585078	0.851692719067605	0.855118759207533	0.419766030404652	0.52073535166181	0.557816951072797	0.376786782025837	0.799476071925996	0.47781418751374	0.627598652829882	0.714722116686104	0.724070878355351	0.667584104103573	0.737419252835104	0.754767290074298
LAG3	0.955512932514414	0.943220529144155	0.92983844192759	0.946200649274662	0.960055532700256	0.943592627797371	0.912538771611765	0.633053165293577	0.901212875130107	0.74153189471567	0.894409153131039	0.619350534845761	0.832232434751506	0.868681715070051	-0.487909333959382	0.851338627331036	0.873721597922917	-0.116506336979249	0.0590210898517511	0.847538000862301	0.785071045188092	0.617672108442121	-0.418541920665866	-0.422792090573563	0.382767459129522	-0.211246411411546	1	-0.166232755818059	0.255276728438297	0.878566622967031	0.730414478957381	-0.666954558292949	-0.556559687069996	-0.444833647764426	0.445768702769177	-0.372864943764781	-0.500774330626004	0.93575452616579	-0.671932325461187	0.944026230789091	-0.125304662600637	0.551428918954233	-0.711594161101013	0.653800095725301	-0.247442214221766	-0.613960546023123	-0.647152929634703	-0.369130707845859	-0.669158043303283	-0.399760552460449	-0.285374641141219	-0.65365908910586	-0.681597103346384	-0.426615222848774	-0.527102005758323	-0.770329643116496	-0.64389437938273	-0.430150191597257	-0.347111027686319	-0.144692975504881	0.526172658209022	0.225511245734422	-0.258712816993518	0.580140308750293	-0.408801109068073	0.28057489286879	-0.687600813456297	-0.281956328049203	-0.504723737369002	-0.724947912179671	-0.620606172931159	-0.601826842362051
RACK1	-0.15630611940016	-0.133123007311737	-0.126773454246015	-0.12504286859122	-0.176520772294519	-0.120510586325236	-0.129150452730994	-0.269087216601878	-0.153840286016689	-0.187615039507955	-0.100116293764284	-0.11113531246033	0.112340405877353	0.0403942474519641	0.589089819950461	0.215814621811062	0.0178354778848182	0.865485823337524	0.728042052340688	0.284303145065044	0.206743133636812	0.547653982156732	0.828036398624768	0.785487640038308	0.537270909372099	0.610191137452401	-0.166232755818059	1	0.781726399920591	-0.0647459037746568	-0.0277330972423407	0.569006183769353	0.779048262751362	0.748067697076587	0.618392909933781	0.83936116558102	0.672154034209826	-0.0775558297347608	0.670311956502316	-0.116162929891919	0.81568234828487	0.558444617234036	0.374667977022195	0.108913749902606	0.730452285119458	0.687520890580217	0.588169694982171	0.668649639159837	0.525344262447101	0.811127572880198	0.74357259481409	0.517067934213354	0.57188635746763	0.765304070720265	0.607731153070726	0.317194014053503	0.636124327190324	0.665683453146717	0.7480979823121	0.787399190954322	0.596021648161731	0.802286638745695	0.736261413574873	0.589473517898735	0.726656128114705	0.596303257190206	0.627763778237236	0.775107343707199	0.778900914031161	0.404190502169249	0.691415192546001	0.649516791141335
ATP5F1B	0.238482466309239	0.246437590189116	0.238189366642149	0.273781197217348	0.216984920562722	0.300236977263828	0.21334424932406	-0.158937167637754	0.171011659817159	0.0377222413796664	0.303461772133463	0.031192394246722	0.528918086568449	0.368564918724113	0.449448429714815	0.5287055310281	0.320029402561076	0.645223152144681	0.603057159098015	0.615203886638407	0.459913866185964	0.807337989921659	0.508771560488867	0.618593035839794	0.719088641409353	0.580206304564916	0.255276728438297	0.781726399920591	1	0.266217700072607	0.257386631667967	0.211058669606873	0.54291607521413	0.583038730431468	0.815024491056115	0.702653726234867	0.583768867563196	0.338234719863408	0.321906605677577	0.289711344133979	0.812500176971277	0.700334253434073	-0.0177167138252775	0.29901256334826	0.721287046088725	0.475865294431712	0.2324175585192	0.518681377008746	0.362450644670686	0.631970968436161	0.697495732038418	0.342124609690164	0.302515482072779	0.627842662176439	0.527009232582055	-0.0420859922111587	0.31417805322014	0.63211256959938	0.66402023499756	0.752747424811799	0.804547316605402	0.962985043678659	0.546554697343989	0.851961326977066	0.641659608747069	0.699398909305366	0.312892595226765	0.669190928074297	0.581897117987627	0.131301788874848	0.448634969461359	0.467639357713822
SLC16A7	0.918849914850133	0.93736148908591	0.91329976637316	0.931396563620165	0.904216549030023	0.905545003393408	0.925007659809961	0.630149747052458	0.934946671531688	0.827257812133405	0.799692910718504	0.781893980631915	0.798557144230744	0.915156373159826	-0.570724712238245	0.789016545886588	0.899072316300108	-0.13854352139534	0.198361594249986	0.82874403113589	0.848910272224749	0.51661297759774	-0.410132745759867	-0.45493905940386	0.427837469575764	-0.260113158595692	0.878566622967031	-0.0647459037746568	0.266217700072607	1	0.795925149191059	-0.70154077485511	-0.570187326390464	-0.487004928458987	0.374299394487426	-0.387840751907398	-0.52070596776758	0.903252852849371	-0.683111615924246	0.910110688396301	-0.136779490061586	0.501136899268371	-0.743693003982996	0.75348010095791	-0.235768215947579	-0.633018868014536	-0.671242719229245	-0.368427595182522	-0.691010436862321	-0.421880705556118	-0.264927145879213	-0.705288177678206	-0.716244820587919	-0.439383523461924	-0.54357290321422	-0.807372565076702	-0.670258226590615	-0.45466187181752	-0.381183011456336	-0.198810191874476	0.485386621396165	0.253497919028059	-0.183537883747251	0.608969851617931	-0.42086782668365	0.359779926966578	-0.713421175940525	-0.264630681698091	-0.526955124082251	-0.766386233242031	-0.640803727927123	-0.635551679341932
