""	CD2	CD3D	KLRB1	CD3G	CXCR3	CD81	CCR4	TNFRSF25	ITGAL	F2R	FAS	LDLR	PILRB	PTPRA	CD247	TNFRSF1B	CD8A	CCR5	CD8B	TFRC	CLEC2D	ICOS	SIRPG	CD47	NOTCH1	TRADD	KLRD1	VSIR	CD226	CD4	DPP4	CXCR4	SDC4	ITGB1	PTPRC	FZD6	LAG3	SELL	ITGB2	PDCD1	CD69	SMAP1	KCNN4	ADCY7	S1PR4	CCR6	HAVCR2	TNFRSF9	IGF2R	SLC16A7	RACK1	TRAF3	TSPAN5	KCNA3	SLC16A1	TNFRSF14	ITGA4	TRAF2	BMPR2	RIPK1	MCAM	SMAD3	CD44	ACTR2	CD53	ERAP1	ATP5F1B	HLA.DPA1	NCR3	JMJD6	TSPAN17	MCFD2	NOTCH2	SORL1	LAMP1	AMFR	CD74	LPP	STX4	TSPAN14	CANX	TNFRSF1A	IL2RA	RHBDF2	CCR1	NCSTN	SPN	ADGRE5	IL6R	IL2RG	ITGAM	CD82	APLP2	PTGER4	CD63	ABCA1
CD2	1	0.936839355427337	0.77420354177132	0.914422345809314	0.874305203230626	0.76638315242309	0.148406454579429	0.902660875035671	0.793296691923457	0.00261617016358953	0.447194976763816	0.192565075890987	0.333327304539376	0.886749394972363	0.96311993218322	0.786468294245729	-0.387079988907414	0.882259495109325	-0.393035582503879	0.970273342835303	0.404110578633792	0.562882113932348	0.923540087216389	0.508337523442284	0.631611194222673	0.850390945662988	0.831362402775762	0.290954864688716	0.961938656862974	0.933905808180352	0.814862392506034	-0.072169819582391	0.760932726071899	0.807177266926166	0.741405476264075	0.935672478037759	0.827271866413504	-0.234687655613749	0.943284725372855	0.939534516502258	0.376524260127185	0.860736314601318	0.797112328126541	0.191094451797302	0.52398553568489	0.324147608035365	0.811006795617607	0.306009199495768	0.889283081681981	0.688245235244016	0.239535922963823	0.768869510471297	0.912237314804598	0.646493274743381	0.759555631339492	0.582199989775847	0.562781341627724	0.716917478491082	0.747546724654986	0.651444336384766	0.861782864391109	0.551219403832463	0.459641113724347	0.767917117280372	0.904154922952349	0.44107864717267	0.761149894005921	0.216277341249859	0.833523309676318	0.793471195452144	0.917281150430002	0.762540450780046	0.87880090850647	0.297242656699877	0.942256127706087	0.764658759871693	0.261999578973321	0.507005097013908	0.616602023515901	0.830466652635004	0.806358129241239	0.631458793104148	0.902950034859628	0.585889234577035	0.779012421835117	0.632406291430851	0.941822980547783	0.962796869079636	0.545912468776387	0.985833452089453	0.601751869270505	0.968203542492262	0.566454118767489	0.217795497527027	0.899872725794	0.29481202750573
CD3D	0.936839355427337	1	0.866638722508304	0.980608617289936	0.761978388998875	0.854278128445839	0.366279089864162	0.926385869688166	0.769026374857374	-0.0381208201576521	0.637055478451018	0.417176552251823	0.451122315975022	0.911049182373513	0.973096197147668	0.818519819049236	-0.379400373220824	0.832038488213461	-0.334511188361325	0.894722234523116	0.597238753907249	0.702374580823095	0.929736745834802	0.666058165321377	0.779192350207958	0.872791452204749	0.676825260353799	0.506501228445857	0.879269784623787	0.910217486983731	0.812177437690099	0.232332919452329	0.620710794074201	0.893078572968648	0.839777112931691	0.863077611799763	0.72194126141134	0.0161403965461526	0.861657211184273	0.875527816257876	0.608540471131417	0.900318226243792	0.78177894619624	0.346329833997085	0.749391263596174	0.459100624349987	0.689302733506545	0.359930550025477	0.779362565654997	0.75827092992288	0.475957486658828	0.791249237159914	0.950244050659348	0.689796848053215	0.785279861121749	0.764263102806658	0.690828406873824	0.724370425708308	0.729858872094589	0.747140320917074	0.767922251756067	0.733097967031977	0.621595047971529	0.8204444068754	0.916634237566491	0.471139512852971	0.801497917199368	0.218865013774368	0.838968845238571	0.829721241367499	0.898916784493478	0.795158020194704	0.838399897591125	0.483515813477464	0.907996018109293	0.726618927225234	0.269756301280416	0.607423478880284	0.680043061839724	0.911932715708102	0.80593297150776	0.535957325367686	0.777558367147603	0.572390780162662	0.635685533300121	0.612678113853051	0.874464679855384	0.84690975611489	0.63873495074487	0.911600788206929	0.468741560657319	0.906915784080056	0.525981557224096	0.457287121291494	0.837676430410522	0.365503338816457
KLRB1	0.77420354177132	0.866638722508304	1	0.880595781724944	0.639486476219336	0.641786439252333	0.237115279221203	0.91206035543686	0.535748014391392	-0.363263542095422	0.447990067706922	0.415272224763025	0.225558356409078	0.807861686364289	0.837494287723813	0.637581722824622	-0.616336071553381	0.572997721530446	-0.548351409000757	0.775408968687495	0.435531960584505	0.634540239465582	0.774775147922762	0.559764060154523	0.695062333706707	0.819669693175227	0.610526834518311	0.514623999807646	0.761879109577833	0.790596294682097	0.735013301030934	0.203496038469563	0.460586851564508	0.789073802767151	0.636577887975571	0.751273809229233	0.521274199803646	0.0681087591317604	0.71374206259907	0.787587756673229	0.633415023748035	0.835105605245521	0.592643864209751	0.257557606368814	0.668431494719428	0.349893018597924	0.562332701360466	0.126410152770408	0.578055935720632	0.655137370600839	0.505309900078056	0.610315412857148	0.834048933694349	0.715700079271131	0.570488683059418	0.70457106371442	0.573911937111155	0.667582634729081	0.575562910787462	0.577868171488834	0.754654000131204	0.727471175047735	0.419985766398265	0.728385113937399	0.852155670090193	0.299298475978035	0.734380251682982	0.139743348433353	0.875007599228995	0.663044544379894	0.810220181858495	0.637390074883267	0.727894875451601	0.441148432411399	0.801390012334676	0.566609729857164	0.159234494981617	0.467834155574117	0.594367595976189	0.794323986738828	0.717153961636079	0.546040642053578	0.632260724415221	0.397337433040848	0.537201135522799	0.542196496024182	0.759311579417397	0.720572492267667	0.513541344172155	0.768589645510024	0.350578002124534	0.782607245791373	0.415976181166408	0.526932010110055	0.741245907585679	0.264609138557764
CD3G	0.914422345809314	0.980608617289936	0.880595781724944	1	0.7575699452399	0.824986325862369	0.356898813544261	0.919604841231783	0.724914250819224	-0.0746936012790659	0.600732354490755	0.452521889284416	0.421541451352762	0.909804596005141	0.96721560609786	0.758999504918483	-0.42104675911407	0.759226457145918	-0.377735610776375	0.881160623805818	0.584258481881921	0.694771301841664	0.895848325953302	0.663781196185762	0.773085077719142	0.897975301498731	0.688889067282413	0.544158562125415	0.861180707767834	0.895456762987503	0.860007778609256	0.264360162855628	0.586512020933499	0.892509975536118	0.817860075587695	0.864717477007833	0.708725763286284	0.0610842377066101	0.830645106158577	0.875276026342806	0.649491476200658	0.902123338258134	0.712339720591954	0.323664930126621	0.730675022816744	0.414515655460995	0.686307816850618	0.276073060470079	0.758550012555722	0.792468062262265	0.504228781853743	0.731118138878535	0.95001971072374	0.706882175846395	0.749274953628262	0.754462332392279	0.684263530918305	0.678517561580711	0.732642717216483	0.773356774932174	0.783265948158578	0.724666961390677	0.596608502095598	0.789449795358671	0.914862377919088	0.464147688917293	0.79840285246943	0.161506426743188	0.855555380883576	0.794090969272367	0.872637183148926	0.758864372394207	0.797819926111936	0.513886533094308	0.896418570435886	0.68800662626452	0.205981689158056	0.583636455653101	0.645009951547204	0.88515327731531	0.80901211911907	0.544991131732162	0.787752110753392	0.54211689012805	0.631806291617441	0.589327903738025	0.861866241732446	0.832559528530779	0.607333974270694	0.890263734543484	0.42695923622518	0.879586119307741	0.503185170298463	0.503173476087084	0.818573576501742	0.304370942759676
CXCR3	0.874305203230626	0.761978388998875	0.639486476219336	0.7575699452399	1	0.61634734080454	-0.206352386326482	0.783155126231972	0.652522380316528	0.0371998588554947	0.0952496066242414	-0.0899342857282153	-0.0224302012547874	0.7165728327252	0.818614848622573	0.450360002613772	-0.301116175739996	0.688794867045452	-0.317349119633191	0.861192779690214	0.0875505967454382	0.170237462387754	0.69502932290305	0.236152001481393	0.423841366864409	0.793085642658548	0.908237179752481	0.0556914423788949	0.855656028822551	0.776641904584319	0.747536992552514	-0.293078640090962	0.62764940805343	0.584427375895174	0.420808716871921	0.919870678842503	0.895356703918847	-0.42597378335443	0.851833619922228	0.874979658839887	0.170963208817003	0.619546501947423	0.519912665000371	-0.0344753328291113	0.23272036853744	-0.0737891092133775	0.873141121631872	-0.0793959476585756	0.838654936300146	0.491969794061525	0.0157768711566876	0.45600262703884	0.765407881691471	0.697406523828413	0.452709268141849	0.392448445943411	0.304726234504554	0.511721555389599	0.677278555294047	0.539482241189372	0.8643642759005	0.283974605845139	0.120080936007061	0.505971672279973	0.775619113360326	0.14796343295402	0.568537002297033	0.0359327653624359	0.822421329258635	0.598433747933228	0.717669100789532	0.43950221145926	0.757770860535384	0.27664228536358	0.845176027252571	0.618976175249239	0.0472828457660045	0.138192819430607	0.32942978345949	0.578484581050884	0.678999644869307	0.643611682311105	0.889318905962265	0.342876215133163	0.756123541190681	0.451137035478558	0.878641960459133	0.923260894888454	0.234837436325976	0.891536088289889	0.494203502490532	0.824229778840259	0.380481863208014	-0.00657870765535406	0.871782304619392	-0.042515548067139
CD81	0.76638315242309	0.854278128445839	0.641786439252333	0.824986325862369	0.61634734080454	1	0.406367362711555	0.724235959218157	0.709407806182419	0.170300956476063	0.663058906100128	0.445096745680819	0.591140133585065	0.779827653023803	0.819351581538862	0.679494381174118	-0.068891600107638	0.716852611314854	-0.0187389396171848	0.726579638746574	0.606092717318276	0.594107469678154	0.738695412556341	0.761240133543707	0.76274424000202	0.748782554559335	0.470261722328812	0.539729916033085	0.691968569015011	0.765059481455733	0.65721241939673	0.398836040950584	0.593177522295302	0.786751879644652	0.825850933728451	0.66430133751379	0.601517438114632	0.178377392659248	0.785115192882647	0.736430102055312	0.610065042011874	0.76061016780953	0.727034712629963	0.624058581110223	0.778665831924253	0.468267002688258	0.535970390475251	0.413092389316009	0.641701987232364	0.684843036468465	0.588089409628501	0.6869747588963	0.77048544220715	0.549602343012176	0.702209356415132	0.770715185299165	0.719025149319653	0.649822377468062	0.648899765734497	0.7220589588548	0.557252601950118	0.669615776529471	0.736457087423168	0.782211239271105	0.802838043753092	0.574861385962021	0.803516664370994	0.436079040505255	0.657557058074118	0.847257989457039	0.741670530831344	0.681165554168522	0.738938936434117	0.545947814295294	0.790385298407504	0.720070209732787	0.475506899659965	0.60055763577816	0.719256080944641	0.827426454350416	0.782556182589979	0.440046685413991	0.610669826185862	0.633366237970568	0.483737389969087	0.617097102429091	0.74429399613978	0.684737470789535	0.601841279280386	0.74784734288447	0.49796898102986	0.749049913383691	0.466717789096262	0.513712796669287	0.729314118269652	0.40090074900493
CCR4	0.148406454579429	0.366279089864162	0.237115279221203	0.356898813544261	-0.206352386326482	0.406367362711555	1	0.230643674330918	0.199718571564082	-0.00711632403323502	0.833079661408873	0.79892904263604	0.761825960189402	0.294622850990933	0.287144615870255	0.556544986572341	-0.136496703307249	0.275380598694775	-0.0593915861531994	0.0699105094344056	0.851045422774973	0.771484043911117	0.407195040568912	0.705767042533307	0.480661880111668	0.222526253007118	-0.326514928843537	0.773230089525563	0.0937768879374355	0.266722482861129	0.189859377451011	0.773277998328664	0.0442758294910688	0.531704045877948	0.668313807137917	-0.0109083481604987	-0.144141948139521	0.707145248461101	0.0716285776996915	-0.0246076386305048	0.572724156645904	0.42312784508729	0.441059214093944	0.630390973851246	0.744682973326709	0.835658805299324	-0.174359953316516	0.718973814625973	0.0105853586048242	0.333161125791808	0.704775658215235	0.564516989515916	0.31854242042267	-0.10733680360633	0.560457905275237	0.570181571563013	0.643442911069591	0.317461149163834	0.203612987937084	0.444849449664274	-0.114971707472822	0.596448834284264	0.818134328311233	0.488464962919265	0.247179973332304	0.567763931499241	0.396226794278824	0.332442506342071	0.0442451409761728	0.389848613898278	0.265573437692401	0.564453193483732	0.190313643382029	0.274003762533492	0.12013621776011	0.222312247474317	0.399258416571004	0.724743144985573	0.591712906701309	0.500094025401154	0.272802552570973	-0.101940482030236	-0.0628786641769794	0.436290209144044	-0.130067620204125	0.164693591142208	0.0644912138005064	-0.046556538487248	0.682244895116617	0.0979715114213815	0.0237167296896379	0.156619202345957	0.317628186048268	0.684639130463049	0.0202363265491274	0.648373077681051
TNFRSF25	0.902660875035671	0.926385869688166	0.91206035543686	0.919604841231783	0.783155126231972	0.724235959218157	0.230643674330918	1	0.62969305358822	-0.24781300196441	0.46235388621303	0.317124490936215	0.291986704872032	0.849989196576454	0.915302218641288	0.705116184717184	-0.578504522776363	0.722872195132842	-0.535495915155333	0.87400951322858	0.452742485865381	0.581140799318237	0.864631965037381	0.593898818530237	0.679398430529113	0.889440082255416	0.720918112765689	0.488922798211429	0.877684958230183	0.878227837514582	0.797337432675159	0.107761889241757	0.598246190903611	0.854639235813528	0.674323452827256	0.880428744296294	0.662385020583505	-0.0211600566419856	0.844922326565362	0.868404841230431	0.532008966798697	0.862410352408519	0.718731216808473	0.305753764523474	0.617244348475983	0.385835279980694	0.682337235491881	0.235174609924136	0.760088022125257	0.637370932832348	0.436600889490431	0.721235921845813	0.902086446358215	0.70384208419538	0.630115323186159	0.722337688050271	0.577953542254832	0.767329635187546	0.658886826663027	0.649148453287948	0.855430809042984	0.620428792190215	0.461360577032135	0.784590590719825	0.912604506978796	0.384688265751079	0.788260092119003	0.217734808570694	0.897710248261337	0.773407334542928	0.861078330570868	0.690863066069573	0.880679089487049	0.3660657136289	0.909497867638706	0.690210132356003	0.259403241211164	0.481477585980402	0.655882636079457	0.844168337112631	0.794745164822253	0.663788009500011	0.751769993598507	0.523708482884145	0.641023851514244	0.556941004215355	0.885495360637357	0.855321426412703	0.546001016794895	0.899257683684202	0.483192732860546	0.894483371366568	0.474176479502818	0.433644350660546	0.849181318326527	0.283606148315168
ITGAL	0.793296691923457	0.769026374857374	0.535748014391392	0.724914250819224	0.652522380316528	0.709407806182419	0.199718571564082	0.62969305358822	1	0.296769538972692	0.523201803167071	0.235812051999328	0.426576578393524	0.722045666559593	0.785052730240511	0.700637838201847	-0.0151808794819464	0.833434155089515	-0.0711320593179984	0.725392012169664	0.499953487169569	0.543610242232319	0.765355307867409	0.421732665666246	0.523809333066642	0.571120044415903	0.581829760716948	0.146246909900001	0.745050630050212	0.727072487339565	0.555182697140119	-0.00412771933269746	0.525336108949946	0.611286224643706	0.747610893852179	0.711651241661088	0.697509267208713	-0.199495627586182	0.750127054403987	0.718332548212557	0.342461217292131	0.702903255788177	0.69549318001323	0.168693808753804	0.546711993701516	0.281022689171433	0.610547270616404	0.367409550172257	0.694763922798052	0.643043191511671	0.163433869146447	0.68106996701248	0.745087101103268	0.433983550940882	0.7705050488769	0.548416413611477	0.517438875331656	0.562726901055638	0.596691534974432	0.470813294281491	0.556465481244922	0.541342794847915	0.483054296861276	0.595324401044123	0.672275965840395	0.384318448544595	0.515728054776463	0.170336613523042	0.59647835238399	0.688182395546288	0.768381129464834	0.65125281584373	0.641486177645824	0.427915307910239	0.679262097855081	0.625032826384295	0.222765639244826	0.544757805825331	0.507971567503419	0.733441508727774	0.571412299687905	0.380217816810639	0.651222197726834	0.567952198175024	0.5491495353259	0.637056469555059	0.726526867076903	0.733232079597377	0.501934584995705	0.752826239606386	0.4148698562892	0.727699991620725	0.435316370197616	0.148505687947958	0.644688856301849	0.304921065358234
F2R	0.00261617016358953	-0.0381208201576521	-0.363263542095422	-0.0746936012790659	0.0371998588554947	0.170300956476063	-0.00711632403323502	-0.24781300196441	0.296769538972692	1	0.0579336028355933	-0.233940969962755	0.29150341338799	-0.131347928374698	-0.078428174034535	-0.0447851615081925	0.755624862316621	0.215290561468014	0.725361463249278	-0.054181595517089	-0.0130074174969123	-0.131647494885257	-0.0220861769701707	-0.176032897884295	-0.0898924763845895	-0.276478477127591	-0.0138156774528255	-0.391781566249546	-0.118772412395886	-0.139659136462361	-0.196675909679139	-0.0938048192494194	-0.00668393047612656	-0.252096859980014	0.0963129908662778	-0.112765471030481	0.18897112518255	-0.289863928201187	-0.0377591573495883	0.0271355017535616	-0.258213326943586	-0.231117284658769	-0.0842705671452103	-0.0900101781871894	-0.0601278613178655	-0.212890774202229	0.00904066887365666	0.136914085525444	0.0543660391832698	-0.0786107054838833	-0.357115779497051	-0.0340250775201891	-0.0834143107248566	-0.00204677977133964	0.126954721221175	-0.153613879086626	0.0307092855372367	-0.279769946009548	0.214724662647829	-0.0901505640876906	-0.213051532752175	-0.123922674971066	0.0455328854957879	-0.212723954009906	-0.214332221428104	-0.0588242452577147	-0.29000064078049	-0.168648628274884	-0.294769695837808	-0.149608798336217	-0.0747034610949694	-0.0936234630439437	-0.215656922991125	-0.0487650549675834	-0.153276603041867	-0.0312263291817058	-0.138308047062115	-0.181878912828971	-0.232506716476968	-0.128946286374713	-0.220171270867765	-0.330525650239692	-0.0164600415032024	0.0734516572218015	-0.134651556279711	0.107987308237602	-0.0830357025343802	-0.042501141590706	-0.21359112874861	-0.0575656933879006	-0.133516480985591	-0.132927189224184	-0.0627181202768959	-0.410662326394725	-0.149158292065312	-0.160029723198246
FAS	0.447194976763816	0.637055478451018	0.447990067706922	0.600732354490755	0.0952496066242414	0.663058906100128	0.833079661408873	0.46235388621303	0.523201803167071	0.0579336028355933	1	0.786400123991263	0.748103429549874	0.612237248115675	0.571912741117797	0.774653162269089	-0.158931560711547	0.55110028059341	-0.0969351539995149	0.38588455192855	0.907118447598346	0.845628439225189	0.655742327194926	0.82309261868786	0.609786065063315	0.45308098737128	-0.0346353135319311	0.725925090018873	0.397364941290633	0.555652097199019	0.435052059474213	0.68717549389047	0.276685043470342	0.729662562753127	0.850095814145558	0.291196023649789	0.208264175819844	0.506452282106894	0.405796278307164	0.28671818399957	0.681282837628224	0.672012023016914	0.670103327765447	0.628412661215657	0.868538573468302	0.836221673578448	0.175135451192485	0.786877626087546	0.341874236642156	0.595001448862076	0.685046225339488	0.761139006608172	0.602208668471216	0.198364699984126	0.769744607793163	0.736240274572082	0.779111496268829	0.555505629808862	0.420545254621735	0.670646179657202	0.157623672298901	0.717474302689129	0.895524827341034	0.696250291512648	0.540801641534068	0.602133055188952	0.590838382434316	0.418548401945996	0.323490286108658	0.634332323127564	0.519868960121202	0.766164599408535	0.457626471566949	0.482413318720662	0.430090344461401	0.539605026361688	0.483043757058511	0.853261791628583	0.719692164233584	0.743095592434381	0.545493610964072	0.0953636687948967	0.251722542642284	0.576227865993655	0.184538100862547	0.448599053491471	0.392130280318749	0.262477534599876	0.843408360193353	0.411252605888774	0.239085262952855	0.45299208581959	0.500019803123237	0.663411863852847	0.349747431876781	0.704213034348065
LDLR	0.192565075890987	0.417176552251823	0.415272224763025	0.452521889284416	-0.0899342857282153	0.445096745680819	0.79892904263604	0.317124490936215	0.235812051999328	-0.233940969962755	0.786400123991263	1	0.627787735002166	0.465440137643692	0.392650205266439	0.521464529746381	-0.315262355420709	0.188951500277432	-0.242087699188402	0.185987916050374	0.828666788551058	0.77300386112572	0.401195088208706	0.773870907407334	0.557104232173955	0.372078755316311	-0.209510284678412	0.832727987364566	0.207132322272276	0.394523262682689	0.377319956745413	0.794423635180379	0.0548368516838937	0.617263884003819	0.683958091755362	0.125787062865134	-0.01649435109753	0.708110114361053	0.174229292764572	0.0850829865102958	0.761573265146482	0.576462484255726	0.414952912375546	0.570204187893069	0.763033672082032	0.730500110095145	0.011204906817864	0.510388591727422	0.12581115788421	0.577274406912028	0.767716823937019	0.474690670864288	0.431480551325761	0.0477299958104856	0.529340086573094	0.638109424174514	0.734461710947591	0.364420773663247	0.277937700464148	0.567481843182573	0.0279768077136269	0.73627146035285	0.733433968530744	0.543073072887412	0.383300693455032	0.577481657121486	0.478605451125903	0.328542413476288	0.261106267081899	0.41367477605649	0.34505801750578	0.587342757797777	0.256136979031623	0.471214541331057	0.240086658968546	0.32076235179108	0.372478580584234	0.727792940686585	0.608698503683722	0.562413147035024	0.439938506888003	0.00697702883258731	0.085256221067302	0.377216306289113	0.0564333345299777	0.20704474347988	0.197420363349491	0.0449515344273254	0.725310774099374	0.174851676754243	0.056717301746698	0.231667457128453	0.370685925634242	0.821691660826624	0.153153057967899	0.590588285822209
PILRB	0.333327304539376	0.451122315975022	0.225558356409078	0.421541451352762	-0.0224302012547874	0.591140133585065	0.761825960189402	0.291986704872032	0.426576578393524	0.29150341338799	0.748103429549874	0.627787735002166	1	0.398734669570255	0.389479954557375	0.608533069787647	0.0537291222621294	0.472502778205165	0.105594101249629	0.278587295487553	0.688087005110311	0.732756133245488	0.471460311759587	0.680299858703616	0.554178516550023	0.22951282867405	-0.0875310384102113	0.526783059223231	0.257862948836665	0.383553271600495	0.184947915960949	0.555895264028248	0.310535320480887	0.488977066473385	0.779006806945101	0.114152375594897	0.0461327488337668	0.431509209143765	0.315659462839841	0.22928179851184	0.461721666136071	0.484831998460214	0.570151112085255	0.627146678159927	0.675107216253612	0.709804632289914	-0.0322454223018777	0.730430959820015	0.25608181316946	0.453229661755697	0.521263301527181	0.60681850696025	0.409308581909626	-0.0260056997585832	0.679575785859969	0.507596843693521	0.729100043175789	0.376579434968444	0.406537214103641	0.370524025187478	0.000236520883959566	0.625815941744803	0.800823535193262	0.581983329961643	0.342757272206062	0.631387335865484	0.464753592809363	0.451673520796192	0.0909454359066036	0.483500011868351	0.464062782051396	0.644520368442143	0.335913581168374	0.177796464646978	0.279912878985591	0.35630716758792	0.520678822027545	0.664615007161733	0.645240600645724	0.550701006356704	0.389100189284538	0.0144162273829832	0.0983594333092233	0.643480586805661	0.0559283037381317	0.397852943260382	0.255777204805888	0.165763463571034	0.605568320415048	0.271788270196294	0.262510230924076	0.311268208077679	0.441904535159081	0.491301726097337	0.176490778584148	0.636869142657477
PTPRA	0.886749394972363	0.911049182373513	0.807861686364289	0.909804596005141	0.7165728327252	0.779827653023803	0.294622850990933	0.849989196576454	0.722045666559593	-0.131347928374698	0.612237248115675	0.465440137643692	0.398734669570255	1	0.936013684289258	0.778562973090138	-0.455990494525852	0.749714253597637	-0.446195820681242	0.881981860334	0.564683729098941	0.690281803006567	0.877992603570403	0.716626743853765	0.728430996602018	0.846734024414107	0.642401361821902	0.523333416315653	0.877780365093391	0.916263431942467	0.827039922338097	0.201409491655068	0.687655673418604	0.893583507075163	0.815864583593385	0.833977206380935	0.693241727863579	0.0270085825854782	0.878194980942604	0.847545810649248	0.630147829031052	0.913826248106464	0.801690829044871	0.356663086119478	0.669880623294091	0.481081912101263	0.707440595715368	0.378998588115967	0.807795705457837	0.832848863182745	0.479463518606876	0.775735306262883	0.916833373518187	0.649694446018744	0.763234471568014	0.742347919958979	0.732020835022241	0.773163411810874	0.688754274945717	0.726544122719593	0.7922472719115	0.698799931180957	0.601577775130905	0.846506408387874	0.921583181559533	0.5482105873961	0.842091954066499	0.358247848994218	0.830778305113922	0.827681533094992	0.859396103053443	0.829577241442576	0.841358287794325	0.424629182580219	0.885786817465121	0.759757712935053	0.392410237663504	0.662398736598501	0.730195579898421	0.865443707328545	0.867992073729165	0.565746255679667	0.795427992535416	0.626272754689535	0.69369336821485	0.661182049238895	0.904869523939074	0.838822541918797	0.705171018560215	0.880017757200653	0.556938030044794	0.898432314827745	0.599073769559254	0.484877638058014	0.857172399209751	0.450777401419624
CD247	0.96311993218322	0.973096197147668	0.837494287723813	0.96721560609786	0.818614848622573	0.819351581538862	0.287144615870255	0.915302218641288	0.785052730240511	-0.078428174034535	0.571912741117797	0.392650205266439	0.389479954557375	0.936013684289258	1	0.809781775944502	-0.436941086937189	0.834187580338912	-0.423790298838538	0.92957447738727	0.543234974149401	0.67038243155259	0.932655175495841	0.637449409886415	0.722551033154137	0.909256819896724	0.737252283260943	0.471013445494511	0.935202946224748	0.95431186907168	0.864842213049386	0.129608538369207	0.682591147620035	0.890676771162191	0.813864908985481	0.91249637316294	0.787528985086953	-0.0459326114373522	0.906473018334738	0.897096706566286	0.545641774999986	0.921684712851597	0.797248847634464	0.283150991901996	0.668597344695439	0.421452873108916	0.776621001471343	0.321257275280744	0.84080153354103	0.773470314601174	0.421234056805318	0.784446710006299	0.954865982824645	0.652398141971383	0.794250198465002	0.703425193637966	0.659107099583966	0.739204438270424	0.731868494489849	0.755357400299416	0.832475689568743	0.675501052084954	0.56217896654625	0.814788995499545	0.935893066984815	0.466240176912074	0.816826133742959	0.240363039250104	0.868331868879797	0.829445127557395	0.909128361127071	0.799968767737557	0.860588632053142	0.457096384950343	0.934882893719471	0.764931695078211	0.28552175724872	0.60924119438872	0.679535459354079	0.891746612698258	0.853118289555178	0.588371261704537	0.866104857907024	0.6038209662539	0.730935273262072	0.61686301187276	0.920428958698465	0.90490476165102	0.653592627801908	0.951199219080368	0.534311613936015	0.940942539351323	0.564974281142919	0.410564786489023	0.877378983926105	0.355408765576021
TNFRSF1B	0.786468294245729	0.818519819049236	0.637581722824622	0.758999504918483	0.450360002613772	0.679494381174118	0.556544986572341	0.705116184717184	0.700637838201847	-0.0447851615081925	0.774653162269089	0.521464529746381	0.608533069787647	0.778562973090138	0.809781775944502	1	-0.385251346258775	0.869321838747079	-0.374357348283333	0.749964414307881	0.692332827858818	0.834238565607732	0.917227099392771	0.662510367122086	0.635629072221252	0.642493409830409	0.384611743468365	0.485207304377847	0.785009802115872	0.858181876392094	0.646154017991368	0.205415584504899	0.610597493648545	0.82719563502961	0.884355727133433	0.638161520652573	0.540441118289189	0.0524088105189896	0.742080117803611	0.607845037368256	0.411178093941984	0.860860592142378	0.921166733334196	0.381010170596988	0.728907801153238	0.744776055903537	0.558188197665226	0.744142534419157	0.661769397569424	0.618571173787094	0.400916191037718	0.941308591154894	0.756026043504113	0.305108067891982	0.911298899473792	0.577093709128017	0.701342765762126	0.724526786039261	0.616799522685417	0.639611134786149	0.513739069310109	0.712933665266033	0.72661374292017	0.859786958836442	0.764096553489615	0.59990198447579	0.718986179390282	0.432069026439965	0.590514711800056	0.735580764075779	0.82029516768611	0.944875848825198	0.738176691046691	0.269172441684717	0.734145458282209	0.75927872353294	0.497625731822617	0.831237783407105	0.770220346120248	0.866145733123558	0.713234837168505	0.350783447413349	0.637358966989741	0.69903028851165	0.620596051748929	0.602604253612939	0.708117379532884	0.659071234866785	0.840317000992408	0.771072046115632	0.567501977325841	0.810578573194852	0.698949765220264	0.3776504247015	0.659114188380407	0.706687567603839
CD8A	-0.387079988907414	-0.379400373220824	-0.616336071553381	-0.42104675911407	-0.301116175739996	-0.068891600107638	-0.136496703307249	-0.578504522776363	-0.0151808794819464	0.755624862316621	-0.158931560711547	-0.315262355420709	0.0537291222621294	-0.455990494525852	-0.436941086937189	-0.385251346258775	1	-0.162324456462903	0.96484857592711	-0.435963451636411	-0.172431518891422	-0.399865783677861	-0.451930554220887	-0.369523349566771	-0.204578217302887	-0.594951219103729	-0.323527631136024	-0.48561306052345	-0.520497209621917	-0.524874224709869	-0.531907489849583	0.0173405613633394	-0.321922231380213	-0.569723589895343	-0.203103772752769	-0.483422641781021	-0.170202937865189	-0.182214860966129	-0.390854678315598	-0.336476098361607	-0.289625057100452	-0.576025209912542	-0.405027533954381	-0.0934476963426326	-0.23039575289635	-0.362036075750367	-0.376533000817595	-0.0745452437332189	-0.328078135090593	-0.285007154890531	-0.371293437749751	-0.39145613479094	-0.438304402795877	-0.225823300363736	-0.248328306686307	-0.293798156164379	-0.217096494645559	-0.561800276901506	-0.178333405030594	-0.300816302928339	-0.548191796369988	-0.295375095766888	-0.153243871169846	-0.50741160336754	-0.546455290858353	-0.147288345623108	-0.523544565001995	-0.22628198532413	-0.59689854792482	-0.324910595361436	-0.425074670125877	-0.422092041260062	-0.513442692916643	-0.0766289529227796	-0.489171620517382	-0.397143602372686	-0.218190758466224	-0.371742428992158	-0.472652674317566	-0.453006829440769	-0.54451771549542	-0.47845246890762	-0.407867649596917	-0.249701178793899	-0.471501144800185	-0.242450330111251	-0.456791550119525	-0.418686303719606	-0.466112161605586	-0.452351012519341	-0.366933978574904	-0.500482006925882	-0.404519426990209	-0.419103357254448	-0.46534223641762	-0.320720920426137
CCR5	0.882259495109325	0.832038488213461	0.572997721530446	0.759226457145918	0.688794867045452	0.716852611314854	0.275380598694775	0.722872195132842	0.833434155089515	0.215290561468014	0.55110028059341	0.188951500277432	0.472502778205165	0.749714253597637	0.834187580338912	0.869321838747079	-0.162324456462903	1	-0.173539052983502	0.835189906907701	0.474476917961669	0.576042270538633	0.891922651934596	0.444638087798544	0.594952964894294	0.635110889982904	0.616782988992664	0.186947188598712	0.8437295205927	0.844960458250311	0.633444276131488	-0.0679966867519665	0.652382743718164	0.698170390646619	0.783922244510009	0.749596598674781	0.747621083698981	-0.269208984755674	0.845091296727087	0.750851433561486	0.203044578328438	0.747077199434454	0.846371613637241	0.235934210550022	0.55901118954822	0.430369667904534	0.710216549601315	0.551035790867325	0.8061031815441	0.5619651951376	0.135514009084503	0.845146795484009	0.777322035241362	0.438951392855215	0.830393154061058	0.468601109022975	0.581315039482993	0.620722358608785	0.737087361544933	0.574688448817543	0.630331855590201	0.540781145026327	0.523137665307355	0.743312847584372	0.756628743114117	0.424533851584965	0.639726541001579	0.319203872831804	0.61786589093625	0.704573246519705	0.850382374596952	0.804534194878931	0.774771352133933	0.218918259948087	0.775639626229811	0.717872042899765	0.373247406318275	0.573889831767862	0.608753347343832	0.758275155752551	0.66137181641211	0.444980992391052	0.750419606282162	0.698140532357924	0.703248657240338	0.625731691514337	0.810854226774147	0.801180486362509	0.591349655478761	0.859726553259737	0.602911950045526	0.844087496070762	0.631664503184035	0.0942892541267913	0.752610646103158	0.456180091475362
CD8B	-0.393035582503879	-0.334511188361325	-0.548351409000757	-0.377735610776375	-0.317349119633191	-0.0187389396171848	-0.0593915861531994	-0.535495915155333	-0.0711320593179984	0.725361463249278	-0.0969351539995149	-0.242087699188402	0.105594101249629	-0.446195820681242	-0.423790298838538	-0.374357348283333	0.96484857592711	-0.173539052983502	1	-0.438112752288343	-0.132336542849227	-0.344750697789133	-0.439866694144054	-0.316772877509012	-0.146920997358579	-0.566803252297583	-0.353294557955304	-0.400408362094568	-0.545854733049165	-0.52509271778742	-0.518315214638242	0.123876588953891	-0.355618868619392	-0.532014524594154	-0.174556735225529	-0.492968241478481	-0.201474902470964	-0.101855363034243	-0.407931295874851	-0.335215309973578	-0.190839642590022	-0.564400667322888	-0.415990696851233	-0.0328001528318397	-0.142285964328924	-0.327980113232849	-0.413470443003593	-0.0674435786987922	-0.370993264354615	-0.269128244378394	-0.283423220122703	-0.389794126452368	-0.395048184923893	-0.188092526216618	-0.251366117391003	-0.211150961973953	-0.156839228333502	-0.56283302059105	-0.173392287540607	-0.250720220093476	-0.568841457166186	-0.218072207167534	-0.100175225172329	-0.481683284433072	-0.520906682805141	-0.169331752995797	-0.488518593785631	-0.2356843829916	-0.576405040946745	-0.307393192007161	-0.403320936303087	-0.405849568425409	-0.512754833634847	-0.0264896252299896	-0.477665376949252	-0.435866172103009	-0.232199989164203	-0.371556101108641	-0.447730122915268	-0.421028964002656	-0.537642181476115	-0.498662048077665	-0.43800818501378	-0.281715227681996	-0.512597409702954	-0.29401348360671	-0.472616085284166	-0.444920807803798	-0.452640322098724	-0.461043899981327	-0.405478547649883	-0.508566097643941	-0.40071278774433	-0.333044716404401	-0.455802039341515	-0.298546590053538
TFRC	0.970273342835303	0.894722234523116	0.775408968687495	0.881160623805818	0.861192779690214	0.726579638746574	0.0699105094344056	0.87400951322858	0.725392012169664	-0.054181595517089	0.38588455192855	0.185987916050374	0.278587295487553	0.881981860334	0.92957447738727	0.749964414307881	-0.435963451636411	0.835189906907701	-0.438112752288343	1	0.328688311304617	0.516627813599718	0.88475214345329	0.48455159943175	0.617197505898513	0.836702676944926	0.862621410007282	0.258246114910165	0.958076309473683	0.924061292424573	0.826946835443776	-0.114982361507748	0.776375363164573	0.780780240526869	0.701435806028852	0.920470288746093	0.807824805082198	-0.26322499864727	0.947406754343153	0.943393166693917	0.363500982769698	0.853251088463893	0.763059980268555	0.176861438172293	0.480718388282516	0.266895666628683	0.834769263850202	0.249374413979916	0.893755395340646	0.711025739539425	0.207874926617812	0.715074675696516	0.881627188840457	0.66991969015437	0.706205886168901	0.515243719481247	0.549268242999776	0.673393601807309	0.779896011786336	0.620326034908201	0.861464369220398	0.539159145144844	0.410037360567135	0.759055119901692	0.904313123312589	0.43671097257824	0.766101483556514	0.230033170256803	0.831956329143722	0.748684303516483	0.911308364710948	0.747909385562925	0.856953763068742	0.261176587532886	0.937073688918974	0.764753719794675	0.260327270409734	0.469556271014196	0.595216604022873	0.788339034955478	0.817966815953695	0.648461509576333	0.923880066457684	0.572992165711795	0.840013962610733	0.656456440798672	0.94188783661794	0.961912728296198	0.50632888217309	0.974485914464248	0.650652970293292	0.965225623039658	0.59676060816862	0.201252028762244	0.911123154253649	0.280385598893071
CLEC2D	0.404110578633792	0.597238753907249	0.435531960584505	0.584258481881921	0.0875505967454382	0.606092717318276	0.851045422774973	0.452742485865381	0.499953487169569	-0.0130074174969123	0.907118447598346	0.828666788551058	0.688087005110311	0.564683729098941	0.543234974149401	0.692332827858818	-0.172431518891422	0.474476917961669	-0.132336542849227	0.328688311304617	1	0.799035024299826	0.593162557596334	0.815104370222813	0.63731163756914	0.470501430736106	-0.0657451352645247	0.77347711236837	0.356287096557794	0.503356892815113	0.461446018359538	0.724167954559508	0.158477742668669	0.716053709120194	0.802578844570108	0.277722677180825	0.167353560278344	0.603943671779177	0.333638920015595	0.238148946599092	0.696505797137095	0.636421514309314	0.588165135030805	0.6101478440074	0.813056481298747	0.807902368727341	0.125248279256445	0.692633862379543	0.276821794385627	0.570908004038602	0.727438276924263	0.674466235143799	0.588807803020071	0.125804690427027	0.66034905288179	0.772268484832567	0.772338665889267	0.501908625584827	0.383226187947512	0.655334380826817	0.146807158838832	0.659191338141957	0.838376708125063	0.626380577101385	0.49238968389109	0.626446562459461	0.55309674887339	0.331735258611126	0.334882571747747	0.608743777652338	0.445034329911506	0.681799000938728	0.4348054716137	0.45211323267833	0.361794842502766	0.465013513195199	0.405506547093921	0.809365779954676	0.678629541327269	0.694205503154875	0.495361604580323	0.145490050467191	0.206746730663435	0.499826039274194	0.112840012812916	0.298334256185014	0.3512200477429	0.21940646616556	0.797375335376682	0.352539548318559	0.104480619193382	0.399918808860183	0.372613047897022	0.714948746244804	0.282922971581198	0.593749709419491
ICOS	0.562882113932348	0.702374580823095	0.634540239465582	0.694771301841664	0.170237462387754	0.594107469678154	0.771484043911117	0.581140799318237	0.543610242232319	-0.131647494885257	0.845628439225189	0.77300386112572	0.732756133245488	0.690281803006567	0.67038243155259	0.834238565607732	-0.399865783677861	0.576042270538633	-0.344750697789133	0.516627813599718	0.799035024299826	1	0.753648694511422	0.766043602075779	0.648343538901826	0.530571253058218	0.12293338345228	0.698753570309085	0.539136194434119	0.660870929734279	0.509565668416253	0.518450511421075	0.435412647654405	0.766325684162235	0.880066326929816	0.398813196915268	0.220494261070361	0.405116845071441	0.48811466124873	0.439994318078817	0.671583775534518	0.801776903375575	0.729168806967285	0.478322286179521	0.837906471264164	0.809966455120765	0.219715741289728	0.686557311683815	0.36376944875542	0.658990065696604	0.644965953164913	0.809036774912982	0.672070854869047	0.212267786899324	0.86122738579445	0.689502640305685	0.755062342982719	0.626809892201253	0.424464790970699	0.544992274508763	0.30809328017188	0.829934566192138	0.808989805219872	0.760277034557671	0.617071540222128	0.612006131793147	0.648457284819848	0.356846623021408	0.452826348506797	0.644435841361822	0.686111275081898	0.847455448856505	0.503498713290943	0.344944970314236	0.527404549107631	0.53765024124499	0.418013781256259	0.854150742968304	0.758506149221321	0.81672330241504	0.587772480181658	0.158356175540368	0.361940241952725	0.603067333709002	0.276211800880588	0.517899261110563	0.46702241288659	0.404975117845329	0.824777785810199	0.516166410041106	0.304232371290813	0.58474949616803	0.545925328852632	0.656936296221615	0.41039859135033	0.715371944316146
