""	CXCR4	NCL	CD2	RPSA	CD44	CD69	PTGER2	LAG3	CLEC2D	CD3D	GPR171	LRP10	SLC16A7	APLP2	CD46	TIGIT	ITGA1	CXCR3	PILRB	SORL1	ITGB1	ITGA4	LAMP1	IL2RG	CD47	TNFRSF14	PTPRA	CD96	CD74	ENG	JAML	CD3G	ADCY7	S1PR4	TSPAN14	TRADD	PTPRC	NRP1	PILRA	RACK1	ACTR2	KLRB1	MCFD2	ABCA1	TFRC	CCR5	F2R	ITGB2	SPN	CD6	STX4	IFITM1	SLC16A1	VSIR	LY96	KLRC1	CD247	PECAM1	KLRD1	C5AR1	CD8A	CD8B	CSF3R	PLAUR	CSF2RA	CCR1	JMJD6	KLRK1	TNFRSF1B	CADM1	CD63	PTGER4	GPNMB	HAVCR2	CD81	TREM1	CD163	SMAP1	SIGIRR	ITGAX	ATP5F1B	PLXDC2	TREM2	C3AR1	TNFRSF1A	HLA.DPB1	C1QBP	SLC1A5	CD4	CANX	CD68
CXCR4	1	0.466132813807734	0.901012985651978	0.573536386702218	0.260639581025067	0.892803313980994	0.746998144975116	0.851338627331036	0.764794507247786	0.882225044082262	0.802933553055224	0.0696646286761234	0.789016545886588	-0.342966319561535	0.0104889088721587	0.803083867976704	0.805345209318134	0.899230731447856	0.859429441671884	-0.0146439964774464	0.187139789672275	-0.0673363927362555	0.00938088753376205	0.922026446559149	0.773364834308948	0.43315054294355	0.824976022344675	0.876128598712663	-0.143928973440398	-0.18255293791702	0.791960088488822	0.892801629622556	0.00172879971848577	0.807286143243225	0.656451048241062	0.474949816953518	0.945090017675644	-0.4401832624146	-0.364351821289715	0.215814621811062	0.141502125259872	0.565115903660886	-0.0508607716935756	-0.600641955804453	0.0692469116702744	0.894329835750575	0.905555453072284	-0.0712951667287206	0.884234710632353	0.920043985474903	0.0500190421086598	0.903609847891698	0.62151450492092	0.0229939826029551	-0.466629059998443	0.552483614138338	0.815798019965907	0.00772375597458597	0.452916166685655	-0.382611990383958	0.865239481515241	0.849912035158616	-0.303500912452417	-0.347305778658345	-0.253552238095076	-0.237754955982338	0.797765581922622	0.844912594129753	0.237045590821943	-0.413210257926012	-0.213173231258373	0.697180780461512	-0.52060906437497	-0.173728823270066	-0.306837000625227	-0.451784336802942	-0.454011566414207	-0.0483703924187961	0.829744316942565	-0.508032661670896	0.5287055310281	-0.328445611751554	-0.161147204515636	-0.354699509545745	-0.0954929632924795	-0.0930243011906218	0.472680915260413	0.730574719295497	-0.239021538519622	-0.238591249597787	-0.384644817900244
NCL	0.466132813807734	1	0.209629633316907	0.905870392483876	0.634999443027632	0.357099369431841	0.129412572923209	0.181461004295906	0.293816241714669	0.198588594321899	0.193357429882841	0.797667785605794	0.246573810471767	0.4968425357732	0.590427006754697	0.184910041912089	0.176106088599886	0.211753906270784	0.43802240942758	0.71181235997284	0.844648651286814	0.79059363256723	0.651350440100159	0.288358996529154	0.847069321170968	0.587300229562988	0.768364307571191	0.195552397715986	0.703578546423231	0.662817598941969	0.456224825955965	0.181227757877687	0.777735827574964	0.228803540915651	0.688506731213745	0.534509842117822	0.603187309679444	0.36239407389408	0.257715539731484	0.83369445050371	0.861877009073059	0.0690313803644725	0.455917221906649	-0.0585973700800971	0.582832787968934	0.459127826497742	0.216801721259194	0.711625938641789	0.302663313865927	0.25859607519756	0.693814475004094	0.211408790667271	0.754939311172023	0.796825954753051	0.253437770760754	0.0701662557706887	0.148250466972529	0.645781637545023	-0.0971415107297822	0.248282299640117	0.179540824680962	0.168299053260234	0.50564493451392	0.480132588344976	0.589099259142138	0.429207723116447	0.715559266559565	0.172123935155274	0.742504112330762	0.342900793224694	0.583016540209776	0.815774554003317	-0.0484449653541562	0.633354504783381	0.551349450591856	0.297993137440164	0.398259233596904	0.542488987458116	0.689673088994098	0.167951614156789	0.940304580206906	0.547009668417137	0.697110236916961	0.480836050830606	0.64873257900922	0.715576730861527	0.932937648823936	0.773165037125886	0.590248801408052	0.563352881705567	0.316906016480125
CD2	0.901012985651978	0.209629633316907	1	0.325160092127406	-0.116518197740733	0.94955908829771	0.904989560168232	0.946200649274662	0.797452773086221	0.995731751876196	0.90131745197982	-0.148009138479409	0.931396563620165	-0.645908431305441	-0.260309735643543	0.936785107384624	0.946683069720686	0.985920472568515	0.852011412774588	-0.357259977726967	-0.14092061795003	-0.313534210817981	-0.292066368106619	0.987387573048726	0.605184543164186	0.19722648437856	0.609847795444042	0.984296939131933	-0.460049865951501	-0.459192406900828	0.691648580555514	0.989923842256951	-0.264491321450918	0.873874030113544	0.461995116194384	0.325822217001539	0.883220282404708	-0.704459449327668	-0.678219066450921	-0.12504286859122	-0.160721421457224	0.72925588015154	-0.360596200091958	-0.814912710230305	-0.224517750110762	0.892728899327101	0.941724367894735	-0.409520092596965	0.967931542738584	0.985865837791906	-0.278326311956039	0.992472217833179	0.399143211294553	-0.328829622684003	-0.755258563111188	0.745028568071798	0.957367847447807	-0.299418469959716	0.633799932386972	-0.700086056918802	0.978948673248654	0.969305567996063	-0.61608915215591	-0.658931768371423	-0.576579307168982	-0.539847005970067	0.551528834195984	0.962429696768227	-0.133039704628312	-0.726773944382681	-0.543326765723853	0.460469178088082	-0.758160429779379	-0.509448890076943	-0.561287446926289	-0.728991584778905	-0.70563853832233	-0.422534967426194	0.60722743501284	-0.759358043087951	0.273781197217348	-0.632201142803703	-0.443430502647206	-0.647552419391621	-0.454856534185488	-0.435017584013385	0.233906795959499	0.525363939282438	-0.528347259727912	-0.586610162837129	-0.687846529886587
RPSA	0.573536386702218	0.905870392483876	0.325160092127406	1	0.676667640283617	0.476403804588453	0.304147059189928	0.258758135043829	0.478568357638214	0.316229222081503	0.382599638112068	0.646104507727485	0.369825152316582	0.335454437175206	0.501947912455817	0.256063933423197	0.280297316679348	0.311053033085388	0.565996755844857	0.527132575489965	0.681850476848295	0.609429304264817	0.580004827737328	0.416701078089393	0.838818255898376	0.731554445151023	0.762230332718058	0.330129585296309	0.51302229150095	0.437694913352383	0.558715670909875	0.320574741082351	0.601719736531286	0.406374369809619	0.667563470090253	0.659691964655657	0.655944337660047	0.144794519021279	0.174381250190965	0.869360830919618	0.710686011471323	0.286523544829438	0.386461687027283	-0.14961937737111	0.416884691586675	0.493279602009748	0.320003146794335	0.584533423641898	0.401729628917479	0.366331005056192	0.55448702051468	0.330424084588412	0.745838796288359	0.707490569613047	0.173017370553002	0.190451095832431	0.305534971697426	0.446527952786672	0.0657292378484056	0.131898683041233	0.270915871103882	0.244710730487307	0.299138680812951	0.328277527032844	0.410968913441274	0.237540518708713	0.823037101359692	0.326650085565985	0.617174188663089	0.214613992883394	0.468480807008409	0.769022893078421	-0.0722432170085239	0.457078192053059	0.333041692770325	0.186788482671556	0.172495486976116	0.534566081173076	0.763312146036861	-0.0171127411000745	0.889767587156715	0.336000750642061	0.502513664936281	0.295590384102547	0.491853182013059	0.548477918632016	0.909518583316397	0.774983172298102	0.405288854857864	0.436773345558371	0.238514729825264
CD44	0.260639581025067	0.634999443027632	-0.116518197740733	0.676667640283617	1	-0.0459159484033321	-0.241189431215591	-0.116506336979249	-0.0169277806287077	-0.135711383390107	-0.16494773031406	0.622760928071938	-0.13854352139534	0.667216813513315	0.77071880169636	-0.175511323119833	-0.200969887355763	-0.0758531628183552	0.153346090615007	0.685966436266874	0.756480996885324	0.509917437579874	0.784129499076493	-0.0502438418254858	0.460517727492568	0.6563183021635	0.564242158440774	-0.140865456319968	0.649347212717349	0.563542286835422	0.328520142455412	-0.121460589247343	0.569381812000963	-0.147380042260088	0.47720985583151	0.408893701892783	0.228639831959006	0.533853853135207	0.722824184774888	0.865485823337524	0.691071059873054	-0.279640279476474	0.715369897150653	0.467028651332965	0.617888805513978	0.0847090884188396	-0.066174434607845	0.789146918503277	-0.057884393184314	-0.0690475687680248	0.727057714298858	-0.105178866172459	0.440891102504482	0.800326181947035	0.68418170876225	-0.273306728157195	-0.20998535625596	0.675725910334322	-0.343693640765652	0.695619716487158	-0.10682543824125	-0.124805820474612	0.626138320664858	0.684473846726085	0.676908480029728	0.672559581030572	0.641294234128257	-0.156518528998664	0.814124204800936	0.666264759040278	0.770809543697669	0.539878160156302	0.562016874144146	0.725018122979683	0.529399831196113	0.613177040164887	0.4840029149377	0.859291293081027	0.557707836800758	0.498098722826979	0.645223152144681	0.60822590878192	0.591043603922209	0.630330078694878	0.796485496883241	0.725425453572201	0.597022444526956	0.586974038056609	0.596527054825356	0.776253964119426	0.723677818051385
CD69	0.892803313980994	0.357099369431841	0.94955908829771	0.476403804588453	-0.0459159484033321	1	0.916797065637563	0.868681715070051	0.885278456903797	0.955260538875661	0.931842478401385	0.0127880239312329	0.915156373159826	-0.551060679835658	-0.185931011234509	0.889027509374741	0.92955054514369	0.92019169574721	0.883246733161489	-0.232387355272869	-0.0178384849949456	-0.141272784738612	-0.202412296378172	0.9564514014606	0.682551685624887	0.332722023897987	0.645732899443028	0.936488857125062	-0.309551780290671	-0.346031730805225	0.655663140711664	0.955271805318194	-0.0942973327903932	0.920239004333393	0.535896762638406	0.460236231933529	0.910986131121856	-0.629858715799382	-0.628644526487972	0.0403942474519641	-0.0307111774399218	0.790272942571661	-0.305525152318055	-0.824565004845902	-0.133988298477417	0.898145988212852	0.886330999583592	-0.307495912605011	0.956482417239717	0.938670925506901	-0.13036312437475	0.948779080508172	0.562236352299499	-0.170348085239257	-0.701567395786331	0.73677910526231	0.940565049438534	-0.217722546814048	0.649459995453004	-0.64715852174278	0.908808640632608	0.899647506813127	-0.49882546131746	-0.568872300535286	-0.445200083612702	-0.505665192178954	0.618931131147005	0.937218318122165	-0.0500129238555901	-0.659572056280229	-0.459620987136026	0.588233045936427	-0.774281997447978	-0.404574867870092	-0.45996752740105	-0.672952577902604	-0.609471283003699	-0.3418713188447	0.672808272270383	-0.697437697551712	0.368564918724113	-0.515416912585991	-0.300495159799021	-0.569234930167913	-0.360837595651498	-0.285195246044111	0.351356094853303	0.545329057425329	-0.41628786084993	-0.487765628540565	-0.631574865207072
PTGER2	0.746998144975116	0.129412572923209	0.904989560168232	0.304147059189928	-0.241189431215591	0.916797065637563	1	0.83407279071269	0.833893708718156	0.925110304520366	0.932869854978181	-0.164668311046331	0.921160041275987	-0.737434353995602	-0.323012260100169	0.902906006434657	0.945232496887754	0.84421619258507	0.823549023978535	-0.484296947036709	-0.27252413578663	-0.321744876739529	-0.405838274378464	0.908779902799487	0.496140454661825	0.16494393842612	0.412612394780125	0.932479440783414	-0.536337493390177	-0.574738611656304	0.466616527858266	0.910468040470053	-0.326405072142459	0.894612182375756	0.26859606152988	0.406587012082838	0.782273001779795	-0.810798305950591	-0.748757090125497	-0.142211974842736	-0.301894459583194	0.933004438900848	-0.531688160883705	-0.884249785885311	-0.388294461577376	0.73384199364143	0.796603041958198	-0.531847908384419	0.885682526908775	0.866900713059686	-0.368966021024694	0.881747293030655	0.349037623486666	-0.375746105245213	-0.815256511123695	0.895885079774635	0.980955969488737	-0.428037075279068	0.836251187653493	-0.783501656716889	0.862865491844901	0.860876379176453	-0.70516920272591	-0.746223956548821	-0.651195976506352	-0.709681844387742	0.432996601471347	0.960154829714326	-0.343498873078443	-0.80516658465298	-0.649581939655618	0.334849446994375	-0.819299633084685	-0.590105416630185	-0.663440172020069	-0.813300613067122	-0.78445859722478	-0.493257712687849	0.493926528288262	-0.830379211065112	0.120539943773966	-0.714190689387048	-0.525161845569647	-0.760414280167593	-0.586604529210901	-0.513688308735195	0.128009542115568	0.335576770454526	-0.639111201318348	-0.682218000901531	-0.76365166430716
LAG3	0.851338627331036	0.181461004295906	0.946200649274662	0.258758135043829	-0.116506336979249	0.868681715070051	0.83407279071269	1	0.653800095725301	0.943220529144155	0.774580079159883	-0.133846541742342	0.878566622967031	-0.613960546023123	-0.258712816993518	0.928124410604014	0.879819121267376	0.943592627797371	0.785071045188092	-0.347111027686319	-0.125304662600637	-0.285374641141219	-0.281956328049203	0.933683434137372	0.580140308750293	0.0590210898517511	0.617672108442121	0.945266417408161	-0.426615222848774	-0.430150191597257	0.635580863219153	0.92983844192759	-0.247442214221766	0.730414478957381	0.382767459129522	0.226397550987307	0.847538000862301	-0.65365908910586	-0.647152929634703	-0.166232755818059	-0.171852511539833	0.619350534845761	-0.369130707845859	-0.770329643116496	-0.211246411411546	0.832232434751506	0.894409153131039	-0.372864943764781	0.911916512705402	0.93575452616579	-0.300547235248499	0.944026230789091	0.28057489286879	-0.322137382831568	-0.706711764760402	0.74153189471567	0.901212875130107	-0.232079596201803	0.633053165293577	-0.666954558292949	0.955512932514414	0.960055532700256	-0.573442695983295	-0.620606172931159	-0.540467576644225	-0.487909333959382	0.485565014870606	0.912538771611765	-0.144692975504881	-0.687600813456297	-0.504723737369002	0.445768702769177	-0.711594161101013	-0.444833647764426	-0.527102005758323	-0.681597103346384	-0.669158043303283	-0.418541920665866	0.551428918954233	-0.724947912179671	0.255276728438297	-0.594782701413997	-0.408801109068073	-0.601826842362051	-0.422792090573563	-0.399760552460449	0.225511245734422	0.526172658209022	-0.500774330626004	-0.556559687069996	-0.64389437938273
CLEC2D	0.764794507247786	0.293816241714669	0.797452773086221	0.478568357638214	-0.0169277806287077	0.885278456903797	0.833893708718156	0.653800095725301	1	0.80720228136228	0.935754290282098	-0.0121489939503798	0.75348010095791	-0.478993154821867	-0.112283527648954	0.691358616830444	0.776590984895701	0.75075763435423	0.847734567539257	-0.208055247641053	-0.0627086541003875	-0.149078339385684	-0.207600012122024	0.826650994837011	0.563319174570728	0.498636609737918	0.508590436708467	0.797151440625241	-0.302367976313249	-0.345974004510983	0.592023071341873	0.834813610100753	-0.0931748126030355	0.935002761060223	0.492125968335811	0.583387076313942	0.757453599686639	-0.56694671212367	-0.523444615160322	0.108913749902606	-0.0495789195839616	0.813241492077275	-0.211574463953804	-0.685380011302472	-0.117586825613167	0.78177691440655	0.782260116351727	-0.28337334527752	0.826270187805034	0.798860631384477	-0.110949648253233	0.80604889796925	0.625279762736203	-0.148945099557114	-0.583114116481822	0.574499500410974	0.829522096110186	-0.268175759376785	0.603504181590953	-0.557162815464445	0.713775991445353	0.693061439325286	-0.446473731171746	-0.516723541283181	-0.401945190759989	-0.465831583299386	0.59846457669413	0.814305663646506	-0.0230762184492604	-0.589382037915883	-0.42388817111866	0.504668598124343	-0.653889094237349	-0.410405998545707	-0.436925132624026	-0.617385524364747	-0.535595083373309	-0.285373746120476	0.635575068040543	-0.595434959083581	0.29901256334826	-0.467622888970815	-0.29345470443187	-0.501780962304466	-0.357209244788365	-0.283663663518266	0.310937638386067	0.397145339068597	-0.377360235604731	-0.409161467213974	-0.546731077709889
CD3D	0.882225044082262	0.198588594321899	0.995731751876196	0.316229222081503	-0.135711383390107	0.955260538875661	0.925110304520366	0.943220529144155	0.80720228136228	1	0.90586759582985	-0.134659640147137	0.93736148908591	-0.663324723677139	-0.2731230181829	0.953363212522245	0.956651048479648	0.980000092879312	0.853816913561724	-0.376042904887225	-0.15757171965673	-0.307756955642299	-0.312720823396833	0.981216603884261	0.592607672016688	0.188139850315062	0.590410273071603	0.980963585491592	-0.469333568816699	-0.477178174001157	0.650499290653554	0.988994116614988	-0.266843165998531	0.877447619988686	0.433750838418436	0.333798636556494	0.880314652740391	-0.722735451328532	-0.693991851728199	-0.133123007311737	-0.181080700127468	0.757086270465433	-0.398878342472046	-0.835105962278526	-0.244141363969603	0.885272626340251	0.924507082129394	-0.43032663034791	0.971476013966803	0.974676299368792	-0.283652018453468	0.987333179850879	0.388011172971276	-0.337944124312581	-0.772631621920701	0.771738453820421	0.967421703982504	-0.307489816682616	0.681964179630949	-0.713779239037101	0.980712398431564	0.975281471428217	-0.628731663654262	-0.674188437189332	-0.587635099778965	-0.567184756735273	0.525967128233838	0.967436219947865	-0.167134213100797	-0.745830636566966	-0.565502829924989	0.458543711647538	-0.778247045710388	-0.523906152867638	-0.576294613193657	-0.746338592304308	-0.719234552382877	-0.44298669032929	0.595680601389038	-0.771156273201316	0.246437590189116	-0.647000741496964	-0.452484580908995	-0.668737137897688	-0.474258435736033	-0.443131878742563	0.213655911118978	0.500539318404968	-0.547647399536442	-0.608761792168967	-0.704603219896056
GPR171	0.802933553055224	0.193357429882841	0.90131745197982	0.382599638112068	-0.16494773031406	0.931842478401385	0.932869854978181	0.774580079159883	0.935754290282098	0.90586759582985	1	-0.15731721972524	0.861014879905674	-0.648820781824662	-0.290469025492849	0.814360520918225	0.902209498710664	0.846426743792426	0.838567772508807	-0.388964070024056	-0.209642554715046	-0.288504058098077	-0.330341574739534	0.912341859530903	0.530486223217953	0.312356650239013	0.474993788303292	0.91247130161326	-0.462385284365801	-0.490588293932815	0.586354809758594	0.918354661082164	-0.251897522162609	0.969074166666298	0.41261884073683	0.459481540293659	0.788320606329612	-0.729874871913064	-0.692276177958112	-0.0610031709945873	-0.191113848128933	0.893439220959705	-0.382925966860753	-0.822123148176326	-0.278067761871324	0.800234890894622	0.845625136176949	-0.451522140350977	0.882048190380474	0.890772353072974	-0.279891449897383	0.890986232375756	0.499210434046371	-0.311684967838891	-0.74956341896714	0.738688006153772	0.938554562490172	-0.406283919295156	0.692000401964691	-0.723134430959092	0.830067627773403	0.808966824343902	-0.626344732436935	-0.677588456401433	-0.574041337570134	-0.629106313757337	0.529175097889757	0.926921743409472	-0.205895307682958	-0.739938779780924	-0.573624421146709	0.408301149989246	-0.772508083878288	-0.553573640739103	-0.585639992649104	-0.746008671773736	-0.705240984769538	-0.42863514364333	0.571767659333446	-0.760718526724988	0.218940922302856	-0.638126104691019	-0.450235729589565	-0.671932600590251	-0.515664619160425	-0.444777391021775	0.213147175793478	0.385193468368353	-0.537534050007115	-0.588636852187868	-0.700886643858144
LRP10	0.0696646286761234	0.797667785605794	-0.148009138479409	0.646104507727485	0.622760928071938	0.0127880239312329	-0.164668311046331	-0.133846541742342	-0.0121489939503798	-0.134659640147137	-0.15731721972524	1	-0.063031415257952	0.684689367276778	0.678949007379776	-0.0816339683163941	-0.109419256866316	-0.133232796661972	0.153547260544604	0.744726364530346	0.856717403591408	0.848980335075009	0.735595027178771	-0.0992261957776143	0.53569536294466	0.443782682396441	0.464181088618409	-0.161618928349722	0.812314944985527	0.76115244490316	0.0981477081472442	-0.168959595732811	0.830942888755303	-0.146142105148553	0.430842282498269	0.407364796296629	0.25905869906323	0.619634569958779	0.48685810331046	0.763326138712409	0.822653023264461	-0.154304833667514	0.471279297681117	0.226070730405035	0.631353646550315	0.116934633069237	-0.19402032633888	0.795848184445421	-0.0180987276586973	-0.142029474189181	0.806339074818992	-0.152512474357783	0.45826882647748	0.817573673794347	0.488211757551681	-0.0869706817079191	-0.168435625069575	0.752585886977094	-0.177692101234663	0.482790689542996	-0.119302541762902	-0.112064474538026	0.707116871905185	0.659438555255161	0.745655379802101	0.605646987672139	0.420284893569655	-0.140444413863698	0.677066964524015	0.553581632983785	0.704188644099199	0.635312399836587	0.201353186868351	0.775077291650741	0.735710215432401	0.509396433592213	0.644282930604332	0.542300977293467	0.437839500460526	0.481154826339061	0.694390426508813	0.714433978676001	0.823321630701617	0.670424021232887	0.741420449795408	0.805704661159648	0.68724415742467	0.506808507337745	0.724034671176188	0.699071937757069	0.551849864733312
SLC16A7	0.789016545886588	0.246573810471767	0.931396563620165	0.369825152316582	-0.13854352139534	0.915156373159826	0.921160041275987	0.878566622967031	0.75348010095791	0.93736148908591	0.861014879905674	-0.063031415257952	1	-0.633018868014536	-0.183537883747251	0.898141429823963	0.944509485675275	0.905545003393408	0.848910272224749	-0.381183011456336	-0.136779490061586	-0.264927145879213	-0.264630681698091	0.926895151635014	0.608969851617931	0.198361594249986	0.51661297759774	0.938105621522693	-0.439383523461924	-0.45466187181752	0.63774356035371	0.91329976637316	-0.235768215947579	0.795925149191059	0.427837469575764	0.357140446444004	0.82874403113589	-0.705288177678206	-0.671242719229245	-0.0647459037746568	-0.165337663960777	0.781893980631915	-0.368427595182522	-0.807372565076702	-0.260113158595692	0.798557144230744	0.799692910718504	-0.387840751907398	0.915719252889188	0.903252852849371	-0.299011035858458	0.910110688396301	0.359779926966578	-0.281609549216485	-0.720178389194106	0.827257812133405	0.934946671531688	-0.314313671088282	0.630149747052458	-0.70154077485511	0.918849914850133	0.904216549030023	-0.598028974061216	-0.640803727927123	-0.550107057220543	-0.570724712238245	0.515367624421898	0.925007659809961	-0.198810191874476	-0.713421175940525	-0.526955124082251	0.374299394487426	-0.743693003982996	-0.487004928458987	-0.54357290321422	-0.716244820587919	-0.691010436862321	-0.410132745759867	0.501136899268371	-0.766386233242031	0.266217700072607	-0.608811867082589	-0.42086782668365	-0.635551679341932	-0.45493905940386	-0.421880705556118	0.253497919028059	0.485386621396165	-0.52070596776758	-0.570187326390464	-0.670258226590615
APLP2	-0.342966319561535	0.4968425357732	-0.645908431305441	0.335454437175206	0.667216813513315	-0.551060679835658	-0.737434353995602	-0.613960546023123	-0.478993154821867	-0.663324723677139	-0.648820781824662	0.684689367276778	-0.633018868014536	1	0.683680776811022	-0.657834639818566	-0.685986898853587	-0.600259431991728	-0.400800015553274	0.87491758792169	0.804416979712613	0.761757697325218	0.862073787651404	-0.588855456806999	0.128088389129377	0.338862649837929	0.123568513812974	-0.666305615542979	0.911752438877263	0.921342920800597	-0.147941412335802	-0.664705334303986	0.782484976876395	-0.591756777060326	0.238138200919561	0.0944661614240843	-0.284167481930882	0.958061517212422	0.860113258952157	0.687520890580217	0.815358474535978	-0.698050573158985	0.775522411815792	0.759012138480254	0.763908489289745	-0.330600313424727	-0.548123121927914	0.925949062063964	-0.58256394856515	-0.584772107618167	0.827356601882876	-0.628770576712125	0.200424185190007	0.826146388000637	0.901031988112355	-0.682315752492845	-0.728641215752582	0.812936170258903	-0.720011913947577	0.878521999691715	-0.638275204420004	-0.641812078938242	0.934886651730348	0.977164675909399	0.951754785417963	0.91342531629527	0.125650728149781	-0.693802030979801	0.778327145188644	0.9449056741658	0.966294572709043	0.27785293418947	0.731304761896212	0.927440340740347	0.946355378268181	0.934568128767856	0.952433840771907	0.77357988310658	0.057945535188671	0.878755582934166	0.475865294431712	0.954458633924814	0.90945067339407	0.965733723977401	0.922300316802815	0.901616207801229	0.4604241052444	0.181518373095011	0.94700321292011	0.954685771255478	0.932487932235575
CD46	0.0104889088721587	0.590427006754697	-0.260309735643543	0.501947912455817	0.77071880169636	-0.185931011234509	-0.323012260100169	-0.258712816993518	-0.112283527648954	-0.2731230181829	-0.290469025492849	0.678949007379776	-0.183537883747251	0.683680776811022	1	-0.278867361625041	-0.282661168621741	-0.237580278679415	0.0820862511650552	0.636540201213653	0.707099652408973	0.520699100322445	0.690955073774885	-0.186685235006158	0.361702048983089	0.453942592349244	0.310690880571732	-0.264466121600468	0.622122510245931	0.580662831297123	0.212681147524859	-0.298141830204148	0.582846062480967	-0.310750634785388	0.315942233529166	0.265654125007062	0.0642948561102029	0.619580706512897	0.717707690042078	0.736261413574873	0.62456725071353	-0.324227653229714	0.70560061431324	0.540285884359415	0.557816951072797	-0.0174363761188523	-0.260536266289188	0.728417119729009	-0.186407044937571	-0.214380847600701	0.611796927172183	-0.26767574494701	0.400206178783015	0.717658550019672	0.70242418235019	-0.270739572349841	-0.324805592125619	0.573186740955218	-0.461383528523679	0.685979046773711	-0.26114860675961	-0.27015451778331	0.674617724601273	0.64385298884218	0.664223929637011	0.739871226815169	0.4235715935561	-0.311293672827287	0.724889344830775	0.65121201576452	0.709401653720328	0.356539746000795	0.541354853919794	0.713871074226543	0.556495352929359	0.554227565597564	0.581582818900832	0.748269934860323	0.322743588199369	0.557352898330823	0.546554697343989	0.659866633241848	0.573073026985695	0.67456424138699	0.736195494669575	0.659582930485	0.504838279709053	0.350449815251358	0.605087387804563	0.775874673869838	0.669196910060349
TIGIT	0.803083867976704	0.184910041912089	0.936785107384624	0.256063933423197	-0.175511323119833	0.889027509374741	0.902906006434657	0.928124410604014	0.691358616830444	0.953363212522245	0.814360520918225	-0.0816339683163941	0.898141429823963	-0.657834639818566	-0.278867361625041	1	0.934403104867859	0.916044941672633	0.777806777597043	-0.374820712113647	-0.155394978497548	-0.252612803531876	-0.337783003288419	0.912780097795944	0.563776179563803	0.044967214044523	0.527549829801589	0.928614642524795	-0.445999097680563	-0.462942152711119	0.497049359704148	0.917984087040577	-0.276156235291362	0.78869037442324	0.30017995998885	0.291282362780944	0.848650607531338	-0.714964728423081	-0.693470080454005	-0.169353658142646	-0.205834916104658	0.73064765615739	-0.485953894044334	-0.839156888872276	-0.276622637179332	0.807087497091187	0.830778502077961	-0.435420836133802	0.920873389741229	0.897949808935931	-0.27717202706118	0.918027819542231	0.291863922526948	-0.328612785704712	-0.778256509539604	0.821936028430153	0.937688333570874	-0.249924740668698	0.759873857215643	-0.707413967266155	0.95245096733217	0.966619762398192	-0.619564747156991	-0.660375938959706	-0.573819237569737	-0.559478176235975	0.419746892205316	0.928941940262235	-0.232979790719912	-0.730519408844253	-0.568739925963393	0.427411309972121	-0.784853478945603	-0.477423050639136	-0.564792487982935	-0.733144680386105	-0.703441646754944	-0.449500645986248	0.542919691877972	-0.747545937516105	0.191674526677229	-0.623746227824201	-0.435044977751512	-0.673305496386896	-0.466914692843141	-0.419507933435539	0.163540766292814	0.446329031668665	-0.55639692558945	-0.619703413412646	-0.704172713122969
ITGA1	0.805345209318134	0.176106088599886	0.946683069720686	0.280297316679348	-0.200969887355763	0.92955054514369	0.945232496887754	0.879819121267376	0.776590984895701	0.956651048479648	0.902209498710664	-0.109419256866316	0.944509485675275	-0.685986898853587	-0.282661168621741	0.934403104867859	1	0.911777788101987	0.835165693323082	-0.409784989531203	-0.173063753115183	-0.306328984747824	-0.341347030209772	0.932428286214908	0.546463330296458	0.129060707364756	0.487006152856506	0.951922210390255	-0.485739342915906	-0.496850875570856	0.549664069744793	0.929887729652097	-0.278814080410465	0.846234442438318	0.380848491104733	0.325149076334173	0.828032814244208	-0.735052275033692	-0.707663703672676	-0.160557143052754	-0.218990169064583	0.825136262116268	-0.449035827050274	-0.850174730148762	-0.276728584379651	0.813427487260831	0.824783323639193	-0.476479746301297	0.916364057822643	0.921160726417215	-0.28685300563601	0.922885306545623	0.367513307580084	-0.353220264742026	-0.794299199422075	0.867883004395337	0.960336192685637	-0.336081382630584	0.719428000304541	-0.724711197882621	0.928810329844194	0.928017318638269	-0.637092939833122	-0.695995759307746	-0.597671285048492	-0.60500384970486	0.471192066342323	0.954980685091959	-0.251481711590745	-0.762330136484479	-0.598295076712281	0.406826280124602	-0.795435306189959	-0.528822649877365	-0.587273526105855	-0.769470988669652	-0.719142014140599	-0.475836170035222	0.519595310326112	-0.757256319843791	0.186466732765627	-0.652577956500948	-0.470559835361904	-0.699903648437326	-0.501530883999065	-0.466318432218365	0.1403026478286	0.407570288363073	-0.572340934552922	-0.633367155313604	-0.730521450439931
CXCR3	0.899230731447856	0.211753906270784	0.985920472568515	0.311053033085388	-0.0758531628183552	0.92019169574721	0.84421619258507	0.943592627797371	0.75075763435423	0.980000092879312	0.846426743792426	-0.133232796661972	0.905545003393408	-0.600259431991728	-0.237580278679415	0.916044941672633	0.911777788101987	1	0.822492972109043	-0.321234444946082	-0.105988810141494	-0.297441841301197	-0.2495134064862	0.966821321965832	0.598472839979782	0.192678330646954	0.63630049933603	0.955641771598301	-0.432564857275564	-0.418871176011097	0.72039148952563	0.971713873371848	-0.237004565136185	0.823998093146679	0.477667310320359	0.254813054109544	0.869778774677956	-0.651087226391987	-0.631755281277307	-0.120510586325236	-0.123579974957348	0.635689113697544	-0.299256655134787	-0.76205827754502	-0.179053476583302	0.903176225682544	0.930629611913333	-0.363116584836815	0.954291711865623	0.979337150202347	-0.248450902168771	0.990062824891649	0.372335337542778	-0.310870277506545	-0.706852586127057	0.675005550296753	0.908891884359018	-0.256562635935643	0.566143396549073	-0.65084081656933	0.983844039352775	0.972909052360989	-0.572957565600122	-0.608668799243454	-0.543502054151933	-0.473487917125574	0.542662146584949	0.922777897723532	-0.0854753651565398	-0.683506403292243	-0.495834511015461	0.475392168208705	-0.706829712619104	-0.475301060756729	-0.514560249564624	-0.675635350542154	-0.661515893757889	-0.393799020503729	0.598161837600856	-0.718011278905629	0.300236977263828	-0.595257033336018	-0.41047663199991	-0.597491448107197	-0.401351051819407	-0.407487558994169	0.25054984408154	0.547688168110403	-0.482937449843663	-0.542081086468835	-0.637733043443713
PILRB	0.859429441671884	0.43802240942758	0.852011412774588	0.565996755844857	0.153346090615007	0.883246733161489	0.823549023978535	0.785071045188092	0.847734567539257	0.853816913561724	0.838567772508807	0.153547260544604	0.848910272224749	-0.400800015553274	0.0820862511650552	0.777806777597043	0.835165693323082	0.822492972109043	1	-0.103439881464938	0.124065338506857	-0.0604909957840892	-0.0631667950620498	0.877558726010591	0.73842509690744	0.446177418090081	0.692104174437552	0.863155481628603	-0.199363819711051	-0.245704005123978	0.712015601711186	0.861795258296761	-0.00838416885853565	0.797015568509954	0.582659205802781	0.574385024072798	0.888763303904248	-0.478363553851087	-0.412962311692927	0.206743133636812	0.0685205925755527	0.729695990034387	-0.143207466693525	-0.649752677538473	-0.0225565462946134	0.814549936373549	0.803224676285035	-0.11984415034087	0.882752063711125	0.846460769837352	0.00933287717791874	0.839972383939623	0.576917525038393	-0.00752990804894451	-0.493363306614449	0.674933223893722	0.848699558452942	-0.0668387482899716	0.575566099094881	-0.445225932367278	0.815655448971099	0.797979948508791	-0.33796886355257	-0.426520446677537	-0.299525887877447	-0.330255666885877	0.762102524598737	0.858549488231886	0.0975274680091668	-0.48979578072155	-0.280176055309513	0.590939581755347	-0.588125626449889	-0.239813188972985	-0.338192542781613	-0.552369320716066	-0.46363809693409	-0.179557651767966	0.764015750756155	-0.539922278816831	0.459913866185964	-0.364607850414463	-0.194430066359739	-0.393945475743595	-0.174508426740557	-0.170869728392303	0.438680160160648	0.627844415783294	-0.291069502249091	-0.283829077174737	-0.450529157461624
SORL1	-0.0146439964774464	0.71181235997284	-0.357259977726967	0.527132575489965	0.685966436266874	-0.232387355272869	-0.484296947036709	-0.347111027686319	-0.208055247641053	-0.376042904887225	-0.388964070024056	0.744726364530346	-0.381183011456336	0.87491758792169	0.636540201213653	-0.374820712113647	-0.409784989531203	-0.321234444946082	-0.103439881464938	1	0.910509238083532	0.852402076005069	0.778952133907163	-0.296124708573359	0.415392023231543	0.422587328225239	0.410889649939981	-0.392062787497239	0.940851716838925	0.931099415665843	0.0415137451010969	-0.37154320248413	0.866225881641439	-0.299852516736297	0.465364105857394	0.285116435725759	0.0643145525471965	0.825242756237252	0.699075295744452	0.7480979823121	0.915468669893054	-0.502033611375211	0.69509496897856	0.467860137510485	0.851692719067605	-0.0355212541987275	-0.240555356498212	0.922622523892032	-0.274622858757284	-0.294450282380251	0.895836927601779	-0.338316445451581	0.482878896723914	0.896322411035573	0.681470879124007	-0.505261783904925	-0.455441818327326	0.90278732523706	-0.529697518042858	0.727576600912918	-0.365654520138468	-0.361898968261517	0.896578358066272	0.868438973705791	0.925914864944763	0.809454998909302	0.362485388161097	-0.41226514497998	0.897338794423815	0.779833385967629	0.862682144316666	0.55482130322972	0.443511766896301	0.918652399051398	0.897498841237362	0.753284926040378	0.851598898565131	0.721868917481382	0.342561090858893	0.72295331628145	0.66402023499756	0.925036663491565	0.924802720011684	0.857479498297521	0.928995323890731	0.934224173519212	0.64152120134753	0.415423737185174	0.922180178435818	0.867441776129657	0.718118717605293
ITGB1	0.187139789672275	0.844648651286814	-0.14092061795003	0.681850476848295	0.756480996885324	-0.0178384849949456	-0.27252413578663	-0.125304662600637	-0.0627086541003875	-0.15757171965673	-0.209642554715046	0.856717403591408	-0.136779490061586	0.804416979712613	0.707099652408973	-0.155394978497548	-0.173063753115183	-0.105988810141494	0.124065338506857	0.910509238083532	1	0.837548323300211	0.86577691290839	-0.0729648816598541	0.621201182316059	0.528802223017218	0.587816856677233	-0.165674378174513	0.888537819749899	0.883167262228623	0.215639857707838	-0.174666504868935	0.870186692344593	-0.153767575200063	0.597204899185901	0.379982317709076	0.288831305693617	0.728520514325332	0.621003130292502	0.81568234828487	0.945599388325342	-0.327445207474998	0.689727854460182	0.347261754508265	0.810421677261021	0.181288942295509	-0.0800631951735029	0.905251359768777	-0.0645979477990395	-0.0820464188318205	0.914847940176092	-0.130980444782298	0.569269206732978	0.883051428688202	0.585367035905056	-0.263402263223146	-0.240995710660022	0.879352130085717	-0.391355684579768	0.631521195064373	-0.146392335360515	-0.142091196861169	0.803792273762872	0.790999043329113	0.842914612416165	0.775109127342892	0.564334974748154	-0.195983934798587	0.892092359392115	0.692156396190503	0.84605802556296	0.722459676848585	0.350309244354901	0.885504959290303	0.828698456901133	0.654725488498614	0.740073874990626	0.7117329318582	0.518410721880527	0.603114504956555	0.812500176971277	0.816484055494774	0.889240137995949	0.774407477141501	0.897075251793838	0.892057955226169	0.766824141680007	0.582528363080646	0.847262085766388	0.822903410828739	0.678097303275459
ITGA4	-0.0673363927362555	0.79059363256723	-0.313534210817981	0.609429304264817	0.509917437579874	-0.141272784738612	-0.321744876739529	-0.285374641141219	-0.149078339385684	-0.307756955642299	-0.288504058098077	0.848980335075009	-0.264927145879213	0.761757697325218	0.520699100322445	-0.252612803531876	-0.306328984747824	-0.297441841301197	-0.0604909957840892	0.852402076005069	0.837548323300211	1	0.693121852874235	-0.246945356797455	0.464361222462924	0.326697804935005	0.381559746715314	-0.324697075167368	0.909948534531534	0.881101416062976	-0.0410715844211481	-0.327991875982908	0.902373036002956	-0.210862389555983	0.329944543691085	0.305515522093351	0.120256421877619	0.692504141755051	0.475585947272984	0.74357259481409	0.884404095350903	-0.295153346965367	0.458556894105385	0.249551241787358	0.631489265393354	-0.0306599344777663	-0.274166857056265	0.839978971800177	-0.199017837027614	-0.276091901217888	0.802889608829245	-0.300557039349056	0.429628980697571	0.869782179016539	0.516957793488148	-0.289756143080597	-0.331472251006396	0.779125820322035	-0.287189289021127	0.491826682271277	-0.311748951828267	-0.302323148615651	0.774666596704751	0.754259379538339	0.832615774721693	0.621670238523562	0.269084026607075	-0.310118165746693	0.682919070245822	0.628404244574249	0.761651332517087	0.554028145161447	0.212761369045503	0.841245845515288	0.836490497686981	0.615640927504564	0.753673769088135	0.584965239054861	0.314057651754388	0.518952790931379	0.697495732038418	0.828611973320217	0.917671094795347	0.751161439183857	0.782574839603589	0.881296894951814	0.736969277991767	0.385173157833816	0.844859781443207	0.745888862919792	0.560414449235768
LAMP1	0.00938088753376205	0.651350440100159	-0.292066368106619	0.580004827737328	0.784129499076493	-0.202412296378172	-0.405838274378464	-0.281956328049203	-0.207600012122024	-0.312720823396833	-0.330341574739534	0.735595027178771	-0.264630681698091	0.862073787651404	0.690955073774885	-0.337783003288419	-0.341347030209772	-0.2495134064862	-0.0631667950620498	0.778952133907163	0.86577691290839	0.693121852874235	1	-0.228862574905553	0.444950743538398	0.559112311695649	0.414067938480275	-0.309047037724788	0.802355309926076	0.82809176140738	0.138239236326664	-0.317015311300701	0.757529353879206	-0.301728091698748	0.477265392759671	0.286560022082772	0.0604921378503476	0.771814689460736	0.729754068961861	0.775107343707199	0.84996134204691	-0.421555200198016	0.719375087484951	0.5392142890177	0.714722116686104	-0.0280822150963588	-0.240610518976619	0.881712007085202	-0.243031817297893	-0.234729265537121	0.843267657568832	-0.281493851895624	0.370902776718429	0.79365568988536	0.728556496267443	-0.386624528848812	-0.386283819416996	0.763617453105977	-0.520219703264913	0.718608203635446	-0.289960373085201	-0.304689486201422	0.759751883313714	0.847167051089581	0.814988811902613	0.788171584644109	0.460037646386968	-0.342439451146106	0.794314190065752	0.787145493255725	0.910057238760828	0.490448842712492	0.579165619415688	0.842399565718407	0.824699484048013	0.793191140929153	0.756542183483275	0.740877083915706	0.342476986943598	0.674573539979787	0.669190928074297	0.763358715425702	0.820533941355239	0.800950788902711	0.84777199323506	0.807206612262034	0.637809211701581	0.462686226383471	0.838667944628261	0.839652300283905	0.841048997851838
