""	CD3D	CXCR3	CD3G	CCR5	CD2	CD8A	CD8B	CD247	KLRB1	F2R	CXCR4	ITGAL	ITGA4	CD69	ADGRE5	CD44	LAG3	ITGB2	PILRB	SIRPG	CD47	TNFRSF14	ITGB1	TNFRSF1A	IGF2R	S1PR4	PTGER4	PTPRC	IFITM1	CD4	TSPAN5	SMAP1	RACK1	CD81	PTPRA	TSPAN14	CD9	CANX	CD74	NCL	SORL1	C1QBP	CD46	TNFRSF1B	APLP2	PTPRZ1	CD63
CD3D	1	0.844949997815263	0.95269898467016	0.709878314500757	0.95996878001675	0.726756787962048	0.75506740096121	0.923170109396525	0.687062175418104	0.697762247048245	0.902166577381653	0.85777068334988	0.821470169195834	0.922862465473646	0.905529267395473	0.914353783916262	0.790419947060131	0.738708193644041	0.562860763490288	0.646326185855282	0.764927626432376	0.878548422521597	0.813511611986133	0.346072740544318	0.665415849694332	0.832114344985042	0.853837589418875	0.872970609545245	0.757952646861259	0.579908551111021	0.717806316481377	0.631999226859149	0.732216421763264	0.379686225402495	0.096874840223736	0.820355911996821	-0.167924534960709	-0.00649057770587131	0.373656890111934	0.454597719927001	0.505247457839018	0.284900920915559	0.709407482578242	0.854024305226371	-0.168379043439003	-0.409787436452682	-0.156448781447492
CXCR3	0.844949997815263	1	0.72966028008893	0.594669058673968	0.745098918929805	0.648118437741322	0.658123499216217	0.805456728884712	0.411886551802836	0.591724328301444	0.808143024693665	0.609764738829446	0.569226215100476	0.824199737700992	0.649454310886334	0.85005115167362	0.850429864036876	0.523746403575745	0.610414097083748	0.510736604702569	0.618212971910269	0.702488623646761	0.58085474408898	0.391543861914869	0.358074051017393	0.640664205085303	0.555032385627225	0.702601079479886	0.671265456733022	0.300109260979858	0.674906814039607	0.415581362831057	0.592105348606882	0.317338351332546	0.0291439785266702	0.576897168091252	-0.2574252790289	-0.121904650622014	0.318960466290213	0.247473524572886	0.316357718420791	0.166297962029705	0.382917751983014	0.566404721609771	-0.288063661610992	-0.402202187986467	-0.239240541580387
CD3G	0.95269898467016	0.72966028008893	1	0.667240444469377	0.968265525215881	0.742337354933422	0.766042335440013	0.939290262407317	0.708643293742875	0.659102478727503	0.879432898913327	0.855746677999024	0.826003688652717	0.918598408711816	0.926716625251841	0.854048711614815	0.743208564131358	0.761147784019788	0.489680416800745	0.657122095512645	0.74585629030818	0.88524469670312	0.766260405816587	0.270118252596381	0.721821220618459	0.794550278007916	0.880435464479588	0.841783703202528	0.684686941669225	0.617757383441491	0.746752279513348	0.602571030493269	0.707104211681172	0.314774619694063	0.0666285621679629	0.776030185001006	-0.1729018243819	0.00265457424037668	0.331393628774902	0.453626185419993	0.492742406405851	0.263703820535173	0.753969110383315	0.885120590427638	-0.170174182243528	-0.409427764356652	-0.166195655909573
CCR5	0.709878314500757	0.594669058673968	0.667240444469377	1	0.620168220413645	0.582695706234083	0.709167593859529	0.598779061562673	0.186761940694952	0.635468492569359	0.517888098848483	0.663363456865586	0.689221027530463	0.541244503310644	0.485046704427184	0.497962110719007	0.755135327407243	0.321357570662174	0.44809148639019	0.384887049097617	0.336494662610408	0.552051352578227	0.505739543299013	0.111975264453145	0.504132989912985	0.40842193806711	0.592220451406061	0.851265347377443	0.265411035700371	0.0691937754241197	0.621428644194333	0.360744330563884	0.242441597142818	0.141277231670287	0.119513467378171	0.605339400288783	-0.224955698571952	-0.183909693728148	0.0484657599100988	0.23255511625329	0.390575084458844	0.0537379780164893	0.410865130906195	0.541744151299082	-0.21302209683399	-0.366831748092896	-0.258156055016836
CD2	0.95996878001675	0.745098918929805	0.968265525215881	0.620168220413645	1	0.656724862724167	0.680000616443092	0.930226988239734	0.779636550692479	0.63092785357368	0.875147035461879	0.799961891229843	0.81263956994422	0.894354685392085	0.926684858323778	0.876696897065314	0.696117819328026	0.781188634281497	0.440430130388201	0.619364223800665	0.799764978330005	0.879975266577677	0.781374786275567	0.294468952093525	0.702841758341046	0.836138654302054	0.886825785125565	0.808664850732471	0.757408309480142	0.709854308371284	0.70731358132518	0.638757945733435	0.76343281666181	0.347883964202854	0.0751558319370182	0.797666769304118	-0.127460396743375	0.057666646036917	0.354267633457727	0.513903014354019	0.516904834367987	0.305751323439863	0.765072761167348	0.925718811989243	-0.129063166318685	-0.379370872825144	-0.118938576451447
CD8A	0.726756787962048	0.648118437741322	0.742337354933422	0.582695706234083	0.656724862724167	1	0.904504181565389	0.791781225888196	0.195046792996512	0.781972326093847	0.759070078178892	0.731225626681673	0.576678776738019	0.715771243273839	0.721593752534692	0.671700641357662	0.774529200917333	0.415543877312695	0.404455056211814	0.854061857727163	0.363598266189203	0.562296871613842	0.436164226638794	0.166464262335391	0.322012584693868	0.538901754844522	0.587096173143786	0.681714657935204	0.466916826339601	0.126687974179794	0.707119789744767	0.164343365691159	0.329838607740759	0.172486855863667	-0.0607502651473734	0.529825786749933	-0.331785385146606	-0.211626798274237	0.115718280796797	0.0724972836544495	0.123855938748157	0.0656142084565734	0.486212436597792	0.516156150674893	-0.363452762493427	-0.462232392045228	-0.332754103436954
CD8B	0.75506740096121	0.658123499216217	0.766042335440013	0.709167593859529	0.680000616443092	0.904504181565389	1	0.767440715305515	0.216712730233531	0.715353870459145	0.68570237686433	0.785939364323407	0.69926331946726	0.714030930324702	0.670362478139026	0.579257535662259	0.80436435870573	0.411125889006833	0.378173811845177	0.794871848862916	0.349514614377607	0.639699601850876	0.476722617148241	0.201312207425518	0.423091401780271	0.57326781951456	0.664263096784504	0.77354470605559	0.454299153075421	0.0789325984852663	0.739829538180947	0.251231810906357	0.312382203022189	0.171991586339179	-0.0074735504896127	0.579276733155915	-0.267608566145837	-0.172763958868218	0.0726388821030906	0.140665368532114	0.238489562390002	0.0739365427264346	0.521395784063622	0.560351149916661	-0.297822754153585	-0.423222235135036	-0.292837153329855
CD247	0.923170109396525	0.805456728884712	0.939290262407317	0.598779061562673	0.930226988239734	0.791781225888196	0.767440715305515	1	0.592955408828311	0.73244280803585	0.939456613345256	0.759145411073649	0.673529768071694	0.918987897378605	0.874956570171472	0.909092451162773	0.79437490766767	0.70815531881751	0.516465186002221	0.701856612439359	0.702450439142425	0.820692155785728	0.660396040102639	0.325354001441072	0.536093239302092	0.789425419998739	0.746285344761997	0.759801532178294	0.748146415299339	0.520089914437775	0.798117665350485	0.490146436341212	0.694729045019971	0.325394862408118	-0.00972639830605418	0.652986729247905	-0.228555967720627	-0.0560972482585336	0.342872808080105	0.356884385066938	0.336750119648594	0.226277870864537	0.629262056720263	0.805893882218602	-0.239238795982026	-0.437815300111589	-0.222961438512275
KLRB1	0.687062175418104	0.411886551802836	0.708643293742875	0.186761940694952	0.779636550692479	0.195046792996512	0.216712730233531	0.592955408828311	1	0.220761641867829	0.630125177267306	0.557908013841058	0.618010584954386	0.69316100554232	0.789052241873901	0.663018258319628	0.211265146514672	0.819658922066629	0.190806802684723	0.349088905660732	0.824677991251565	0.794587636072275	0.767249600583399	0.348921412319596	0.655777495627939	0.784063041893555	0.761952233478708	0.491899989808133	0.704473674320364	0.935905751885692	0.252862535353175	0.75285549530853	0.843634479336395	0.404076768836817	0.116065713585114	0.699877180975524	0.124203236764261	0.300380333763031	0.525672076185966	0.610915701180224	0.623785194782392	0.439535452794294	0.741167304493057	0.804511096520662	0.188380533706852	-0.117811861304725	0.174671284529573
F2R	0.697762247048245	0.591724328301444	0.659102478727503	0.635468492569359	0.63092785357368	0.781972326093847	0.715353870459145	0.73244280803585	0.220761641867829	1	0.708699565375638	0.705183303302917	0.517428661282821	0.602721941784096	0.682641839848675	0.656990193158113	0.705570494359149	0.361442778821615	0.388938043333096	0.736590196413317	0.470222941307311	0.494023709424123	0.555630789551525	0.398481761816938	0.313699922754595	0.552633406176648	0.519696158884548	0.708720325412533	0.548809842016231	0.17715959586144	0.65157842597166	0.345255284182871	0.419706919235116	0.459713811758194	0.230957152384735	0.553727527705704	-0.0412125690686196	0.0257765302728151	0.164733652315183	0.318373687701289	0.173970111122298	0.334889477771958	0.536407666106557	0.507458402142051	-0.079904624378866	-0.192540750224677	-0.0365741852301311
CXCR4	0.902166577381653	0.808143024693665	0.879432898913327	0.517888098848483	0.875147035461879	0.759070078178892	0.68570237686433	0.939456613345256	0.630125177267306	0.708699565375638	1	0.722014222654929	0.56269950630011	0.933109023246037	0.865965204753703	0.961997321197764	0.758004757504502	0.808103230094538	0.549238853892155	0.726549190379701	0.745901784000384	0.843292856242914	0.693764224484632	0.470004639691506	0.428969996670034	0.872052101355711	0.664270887258394	0.685614925288093	0.805399540912719	0.571275733145568	0.685347630036048	0.493505553912761	0.772027038409104	0.380788744022082	-0.0619738372950975	0.64015408005616	-0.23115051615225	-0.0538882385247655	0.566659747654248	0.301707076696267	0.407978006449059	0.245868050069009	0.614434694532046	0.738655527766006	-0.157231498379797	-0.442029982731927	-0.204636780262419
ITGAL	0.85777068334988	0.609764738829446	0.855746677999024	0.663363456865586	0.799961891229843	0.731225626681673	0.785939364323407	0.759145411073649	0.557908013841058	0.705183303302917	0.722014222654929	1	0.870883476226038	0.79621836531551	0.860965992751357	0.6922108792212	0.676073748885698	0.588192738509459	0.477074179055615	0.663091554427282	0.579149144053775	0.746063486059065	0.78807901451263	0.241569405382482	0.677489000530644	0.692317889079556	0.836817556064799	0.852682078717183	0.615751875012508	0.451020812055226	0.583158569356438	0.569042605938644	0.520233997571759	0.33498918869404	0.164655613177708	0.830040602431426	-0.0787579224260205	0.0291641941735003	0.237266837100752	0.403679670993752	0.462307202723677	0.242386718188717	0.766637759045933	0.768163676373875	-0.0910815878005916	-0.333296727829015	-0.0967676669679834
ITGA4	0.821470169195834	0.569226215100476	0.826003688652717	0.689221027530463	0.81263956994422	0.576678776738019	0.69926331946726	0.673529768071694	0.618010584954386	0.517428661282821	0.56269950630011	0.870883476226038	1	0.711908171735967	0.783882658737191	0.585448743866422	0.5850922047156	0.528461274423024	0.35613730933567	0.480708004209138	0.593618584180763	0.735934477952867	0.78847253027128	0.1651073570058	0.83998115541675	0.586978290066735	0.948045639016268	0.90398299586632	0.505309217900754	0.483873732405053	0.54920531444178	0.628461910250833	0.492745746744097	0.304410957488865	0.274011237308232	0.886035463966868	-0.0123662138101648	0.104848839379337	0.109646259379724	0.558699808657634	0.588636377511679	0.280319114329216	0.759686366525181	0.850157769905601	-0.0374179608756308	-0.25236264436874	-0.017603396151509
CD69	0.922862465473646	0.824199737700992	0.918598408711816	0.541244503310644	0.894354685392085	0.715771243273839	0.714030930324702	0.918987897378605	0.69316100554232	0.602721941784096	0.933109023246037	0.79621836531551	0.711908171735967	1	0.87483374932962	0.915879078526777	0.767757546541837	0.778320634546801	0.589643884784914	0.646277950968661	0.768529084788031	0.913918373445478	0.775673486887955	0.432986080134959	0.575474463696396	0.855175904266064	0.76593204057821	0.766742927495263	0.801606870235536	0.568064101061584	0.693145094561363	0.577244302117465	0.759806866467662	0.370546683746476	0.0172400713598252	0.728073067344632	-0.199216117567203	-0.0308413190548552	0.467648925057653	0.37952811854022	0.457867548800981	0.247057136261994	0.650409395031376	0.794210025826859	-0.165571448976138	-0.413744223849595	-0.168866522631603
ADGRE5	0.905529267395473	0.649454310886334	0.926716625251841	0.485046704427184	0.926684858323778	0.721593752534692	0.670362478139026	0.874956570171472	0.789052241873901	0.682641839848675	0.865965204753703	0.860965992751357	0.783882658737191	0.87483374932962	1	0.843579012312727	0.5867497105448	0.773479806512114	0.388386724467474	0.737285799278761	0.796220572285375	0.842803854733481	0.809344305928764	0.336582287177123	0.665836827927433	0.82902076381739	0.880675911076949	0.751155229363231	0.763048581629037	0.728316961127139	0.604559051475887	0.647414941770922	0.766569071219918	0.435118952171801	0.133782980483482	0.822439886579444	-0.032868215065213	0.147991286505976	0.378204027062641	0.522887583309263	0.473831830467885	0.406783463223415	0.84798688728684	0.867280212346977	-0.0380467262603641	-0.283632868480503	-0.00632705208904895
CD44	0.914353783916262	0.85005115167362	0.854048711614815	0.497962110719007	0.876696897065314	0.671700641357662	0.579257535662259	0.909092451162773	0.663018258319628	0.656990193158113	0.961997321197764	0.6922108792212	0.585448743866422	0.915879078526777	0.843579012312727	1	0.73993425096793	0.782244174666489	0.619138088900713	0.594213007437826	0.782916623307109	0.81092001450219	0.742582929004188	0.449143478533566	0.48856593223781	0.826334614404402	0.668148388992584	0.691017071463762	0.81026450963916	0.609261432475148	0.652020472293083	0.557057561395714	0.797461383286959	0.42126010790421	0.0157320459796976	0.670660168894472	-0.195495854397169	-0.0131807097415386	0.554314437626819	0.371342730639197	0.42723991808723	0.268702753985833	0.573878311359917	0.7540929542877	-0.14583630697755	-0.406181950659159	-0.160743705774829
LAG3	0.790419947060131	0.850429864036876	0.743208564131358	0.755135327407243	0.696117819328026	0.774529200917333	0.80436435870573	0.79437490766767	0.211265146514672	0.705570494359149	0.758004757504502	0.676073748885698	0.5850922047156	0.767757546541837	0.5867497105448	0.73993425096793	1	0.426594261801546	0.617600894907379	0.561365751451805	0.458488652934984	0.616219620193813	0.488805656455645	0.306672577708683	0.334733577277694	0.5430498399044	0.518207442988972	0.753499429939964	0.524644654939742	0.127792697593772	0.747138526919602	0.250821065130196	0.389481792211027	0.192112532698285	-0.00136720638650719	0.509190473596737	-0.351126587205818	-0.245573692548689	0.191596021048329	0.118321291094375	0.242926085271924	0.0144971980997645	0.359647966435355	0.5192318088844	-0.363423325086727	-0.480730244460921	-0.368771668752118
ITGB2	0.738708193644041	0.523746403575745	0.761147784019788	0.321357570662174	0.781188634281497	0.415543877312695	0.411125889006833	0.70815531881751	0.819658922066629	0.361442778821615	0.808103230094538	0.588192738509459	0.528461274423024	0.778320634546801	0.773479806512114	0.782244174666489	0.426594261801546	1	0.345815046284411	0.493138898391446	0.77521448984021	0.855358238280851	0.72497809505479	0.47644527429894	0.572571783279237	0.847025831094687	0.690042724131138	0.521996456213909	0.703750978516474	0.806572440255388	0.432478533203545	0.615425851198608	0.809944742951093	0.3970820942157	-0.0438538592124626	0.660491488481923	-0.0271630422592533	0.165100392342373	0.783300789928307	0.405395798673528	0.723638125721779	0.286130641597996	0.683689690106606	0.785028144847081	0.208429824056409	-0.278284749225917	-0.00441376388618757
PILRB	0.562860763490288	0.610414097083748	0.489680416800745	0.44809148639019	0.440430130388201	0.404455056211814	0.378173811845177	0.516465186002221	0.190806802684723	0.388938043333096	0.549238853892155	0.477074179055615	0.35613730933567	0.589643884784914	0.388386724467474	0.619138088900713	0.617600894907379	0.345815046284411	1	0.134504644313454	0.513588890171564	0.44847374411888	0.521303402348925	0.394941739780897	0.342102862437232	0.35687956234343	0.287721928451911	0.45101380138067	0.338656346054453	0.116084849257923	0.586459441169528	0.437638939159221	0.44717073743902	0.364831967849952	0.297269430977787	0.397929046746578	-0.00785743609813423	0.1085006367663	0.234850437031159	0.281686541031856	0.235166769653564	0.179027163228641	0.269083501301969	0.314489132277451	-0.0281329271233274	-0.0778590902139274	-0.0178813692576222
SIRPG	0.646326185855282	0.510736604702569	0.657122095512645	0.384887049097617	0.619364223800665	0.854061857727163	0.794871848862916	0.701856612439359	0.349088905660732	0.736590196413317	0.726549190379701	0.663091554427282	0.480708004209138	0.646277950968661	0.737285799278761	0.594213007437826	0.561365751451805	0.493138898391446	0.134504644313454	1	0.401626679440113	0.604237482265485	0.442790913732009	0.297996657692884	0.194917860661969	0.676697666966864	0.56808465616921	0.554013222564926	0.560441025893138	0.288703344322387	0.513833634635294	0.194667647242206	0.415050510621069	0.245543806139808	-0.116281498744502	0.529623674805323	-0.202645987443354	-0.0982884026205056	0.268672826984108	0.106067456051571	0.19504127387962	0.166751487894698	0.563985080047164	0.495047946255812	-0.177237161851048	-0.365938762510435	-0.188931968993851
CD47	0.764927626432376	0.618212971910269	0.74585629030818	0.336494662610408	0.799764978330005	0.363598266189203	0.349514614377607	0.702450439142425	0.824677991251565	0.470222941307311	0.745901784000384	0.579149144053775	0.593618584180763	0.768529084788031	0.796220572285375	0.782916623307109	0.458488652934984	0.77521448984021	0.513588890171564	0.401626679440113	1	0.794905038516222	0.840692493265243	0.610691454544221	0.613224770021999	0.758720710538205	0.693438554903174	0.563079129023993	0.696600203356925	0.767680889169197	0.5429666740913	0.820616533906111	0.934069997577189	0.690754807456525	0.41571832351878	0.708486524425648	0.317961256210414	0.465831798754565	0.508421364337936	0.762176915160889	0.58351528541657	0.660145586150034	0.761738322869838	0.747197702128016	0.300063218815717	0.0431729186752949	0.347113058851046
TNFRSF14	0.878548422521597	0.702488623646761	0.88524469670312	0.552051352578227	0.879975266577677	0.562296871613842	0.639699601850876	0.820692155785728	0.794587636072275	0.494023709424123	0.843292856242914	0.746063486059065	0.735934477952867	0.913918373445478	0.842803854733481	0.81092001450219	0.616219620193813	0.855358238280851	0.44847374411888	0.604237482265485	0.794905038516222	1	0.808523608621642	0.463645137225229	0.630927250221622	0.879653265429794	0.820239273781628	0.75470015322165	0.725362376752968	0.654572840689056	0.592386916078225	0.673955467017374	0.78793917689987	0.405500867456468	0.051214286842779	0.789403528384646	-0.0811110376828272	0.0811746944384054	0.548153515322235	0.481057665292275	0.652050469647734	0.317793626181537	0.731815863930911	0.833746117250729	0.0325079743754348	-0.303540356185271	-0.0371626986184942
ITGB1	0.813511611986133	0.58085474408898	0.766260405816587	0.505739543299013	0.781374786275567	0.436164226638794	0.476722617148241	0.660396040102639	0.767249600583399	0.555630789551525	0.693764224484632	0.78807901451263	0.78847253027128	0.775673486887955	0.809344305928764	0.742582929004188	0.488805656455645	0.72497809505479	0.521303402348925	0.442790913732009	0.840692493265243	0.808523608621642	1	0.530709328606698	0.768774141931892	0.765395930671286	0.820533511031901	0.77432353072212	0.667562700976904	0.65284090785542	0.5042350109315	0.851512308965435	0.796215826665549	0.665310411899814	0.452116832863394	0.870696524074083	0.243699991379944	0.366633669984019	0.481012976793784	0.718411281488027	0.683035586390951	0.544237203824158	0.817729351216434	0.808967339005254	0.300959291483892	-0.0238419569698171	0.266139729755156
TNFRSF1A	0.346072740544318	0.391543861914869	0.270118252596381	0.111975264453145	0.294468952093525	0.166464262335391	0.201312207425518	0.325354001441072	0.348921412319596	0.398481761816938	0.470004639691506	0.241569405382482	0.1651073570058	0.432986080134959	0.336582287177123	0.449143478533566	0.306672577708683	0.47644527429894	0.394941739780897	0.297996657692884	0.610691454544221	0.463645137225229	0.530709328606698	1	0.117972263431043	0.522441606584928	0.223880921690786	0.26140166439579	0.519540522278033	0.26646569813028	0.295030271410733	0.513207599765336	0.64460755979063	0.748905926146881	0.426175812268307	0.353709406108886	0.400235622076326	0.461787427680564	0.594883573447228	0.502734294015471	0.434842020632982	0.613681407468956	0.379831614462203	0.270954392700219	0.538568778248438	0.275031556872146	0.46207600849116
IGF2R	0.665415849694332	0.358074051017393	0.721821220618459	0.504132989912985	0.702841758341046	0.322012584693868	0.423091401780271	0.536093239302092	0.655777495627939	0.313699922754595	0.428969996670034	0.677489000530644	0.83998115541675	0.575474463696396	0.665836827927433	0.48856593223781	0.334733577277694	0.572571783279237	0.342102862437232	0.194917860661969	0.613224770021999	0.630927250221622	0.768774141931892	0.117972263431043	1	0.461734216422967	0.849015915410826	0.722456917036663	0.3913640006311	0.561989965057465	0.470962107539902	0.701432731347169	0.512519175517719	0.348398922455925	0.388623566054238	0.771264257157482	0.172960721963114	0.293326909959549	0.151090251820072	0.64391247235377	0.623902666316213	0.350180391273608	0.710776509411325	0.80527429277857	0.176266881352952	-0.0363222464693236	0.155787559094223
S1PR4	0.832114344985042	0.640664205085303	0.794550278007916	0.40842193806711	0.836138654302054	0.538901754844522	0.57326781951456	0.789425419998739	0.784063041893555	0.552633406176648	0.872052101355711	0.692317889079556	0.586978290066735	0.855175904266064	0.82902076381739	0.826334614404402	0.5430498399044	0.847025831094687	0.35687956234343	0.676697666966864	0.758720710538205	0.879653265429794	0.765395930671286	0.522441606584928	0.461734216422967	1	0.71147855079165	0.615045350284742	0.886915782864858	0.677007032508787	0.511496977343288	0.610819070368618	0.813735336380003	0.423261237523187	-0.0391163692069943	0.7074985420475	-0.069105998854977	0.0850866576878287	0.600061317196225	0.397238446854429	0.523296429527333	0.32392342994275	0.702191591755958	0.766931670800481	0.0323917227713636	-0.315763880736395	-0.0413998508751089
PTGER4	0.853837589418875	0.555032385627225	0.880435464479588	0.592220451406061	0.886825785125565	0.587096173143786	0.664263096784504	0.746285344761997	0.761952233478708	0.519696158884548	0.664270887258394	0.836817556064799	0.948045639016268	0.76593204057821	0.880675911076949	0.668148388992584	0.518207442988972	0.690042724131138	0.287721928451911	0.56808465616921	0.693438554903174	0.820239273781628	0.820533511031901	0.223880921690786	0.849015915410826	0.71147855079165	1	0.850574605606498	0.610216066684289	0.64899652904946	0.554914274786018	0.678476975483345	0.626104684626636	0.348102841474913	0.208757832758344	0.906080916366886	0.00353143375140195	0.15305738394554	0.247710878992088	0.591828174513258	0.637848305249695	0.345678992008529	0.835659404275683	0.927382352088384	0.0375671744564441	-0.243044485528018	0.014205532187289
PTPRC	0.872970609545245	0.702601079479886	0.841783703202528	0.851265347377443	0.808664850732471	0.681714657935204	0.77354470605559	0.759801532178294	0.491899989808133	0.708720325412533	0.685614925288093	0.852682078717183	0.90398299586632	0.766742927495263	0.751155229363231	0.691017071463762	0.753499429939964	0.521996456213909	0.45101380138067	0.554013222564926	0.563079129023993	0.75470015322165	0.77432353072212	0.26140166439579	0.722456917036663	0.615045350284742	0.850574605606498	1	0.524772795357425	0.343338186614663	0.625414556525698	0.545021703018792	0.476265501853526	0.307185564653458	0.193325421213525	0.829168504044078	-0.163347659333686	-0.0725646418029686	0.20724730806841	0.429712079486927	0.561894089868535	0.209660739161685	0.636538143684539	0.777511891074494	-0.128971050074806	-0.368504741529229	-0.160557658552247
IFITM1	0.757952646861259	0.671265456733022	0.684686941669225	0.265411035700371	0.757408309480142	0.466916826339601	0.454299153075421	0.748146415299339	0.704473674320364	0.548809842016231	0.805399540912719	0.615751875012508	0.505309217900754	0.801606870235536	0.763048581629037	0.81026450963916	0.524644654939742	0.703750978516474	0.338656346054453	0.560441025893138	0.696600203356925	0.725362376752968	0.667562700976904	0.519540522278033	0.3913640006311	0.886915782864858	0.610216066684289	0.524772795357425	1	0.619158401001985	0.436390138347832	0.520187339314613	0.735905951575236	0.4078174962457	-0.0275326774827251	0.639315455459833	-0.0462066214100217	0.071611358754328	0.475215389955707	0.360901702230997	0.348159819916673	0.317546489475531	0.568891442978163	0.694302747898366	-0.0370372484786755	-0.269882497884421	-0.0236490473758804
CD4	0.579908551111021	0.300109260979858	0.617757383441491	0.0691937754241197	0.709854308371284	0.126687974179794	0.0789325984852663	0.520089914437775	0.935905751885692	0.17715959586144	0.571275733145568	0.451020812055226	0.483873732405053	0.568064101061584	0.728316961127139	0.609261432475148	0.127792697593772	0.806572440255388	0.116084849257923	0.288703344322387	0.767680889169197	0.654572840689056	0.65284090785542	0.26646569813028	0.561989965057465	0.677007032508787	0.64899652904946	0.343338186614663	0.619158401001985	1	0.172475591973594	0.631905616416181	0.772579716627453	0.34966224635267	0.05966212269589	0.586481435917253	0.129957096597028	0.303896814682848	0.560559997193967	0.539016365910321	0.57392346877623	0.376217559596481	0.688927880663852	0.747261135869049	0.214538095756501	-0.125869727421379	0.159927700543808
TSPAN5	0.717806316481377	0.674906814039607	0.746752279513348	0.621428644194333	0.70731358132518	0.707119789744767	0.739829538180947	0.798117665350485	0.252862535353175	0.65157842597166	0.685347630036048	0.583158569356438	0.54920531444178	0.693145094561363	0.604559051475887	0.652020472293083	0.747138526919602	0.432478533203545	0.586459441169528	0.513833634635294	0.5429666740913	0.592386916078225	0.5042350109315	0.295030271410733	0.470962107539902	0.511496977343288	0.554914274786018	0.625414556525698	0.436390138347832	0.172475591973594	1	0.450360171308094	0.510045209840949	0.396272485284443	0.25920175111478	0.482486674946711	-0.00417581912291493	0.130130726038589	0.070385039373687	0.418845212314572	0.195036562050949	0.323678669174984	0.495988567048519	0.58584411137248	-0.102187601023551	-0.167973480612185	-0.017398669061545
SMAP1	0.631999226859149	0.415581362831057	0.602571030493269	0.360744330563884	0.638757945733435	0.164343365691159	0.251231810906357	0.490146436341212	0.75285549530853	0.345255284182871	0.493505553912761	0.569042605938644	0.628461910250833	0.577244302117465	0.647414941770922	0.557057561395714	0.250821065130196	0.615425851198608	0.437638939159221	0.194667647242206	0.820616533906111	0.673955467017374	0.851512308965435	0.513207599765336	0.701432731347169	0.610819070368618	0.678476975483345	0.545021703018792	0.520187339314613	0.631905616416181	0.450360171308094	1	0.838021553264621	0.767112400859248	0.610524726786559	0.6916616883374	0.506608604664866	0.637892570750006	0.372206434068123	0.870952477364884	0.585160334745596	0.757530702811641	0.727408954030416	0.667635498609986	0.469137318900142	0.246320574343088	0.548780679654119
RACK1	0.732216421763264	0.592105348606882	0.707104211681172	0.242441597142818	0.76343281666181	0.329838607740759	0.312382203022189	0.694729045019971	0.843634479336395	0.419706919235116	0.772027038409104	0.520233997571759	0.492745746744097	0.759806866467662	0.766569071219918	0.797461383286959	0.389481792211027	0.809944742951093	0.44717073743902	0.415050510621069	0.934069997577189	0.78793917689987	0.796215826665549	0.64460755979063	0.512519175517719	0.813735336380003	0.626104684626636	0.476265501853526	0.735905951575236	0.772579716627453	0.510045209840949	0.838021553264621	1	0.710516244882242	0.318378744584292	0.606879790761635	0.284312527713845	0.450649558018803	0.619265435803821	0.714469241776501	0.519666389929244	0.675547714904167	0.686040818379655	0.702649344052284	0.290195170557306	-0.00109330517010341	0.344598883296633
CD81	0.379686225402495	0.317338351332546	0.314774619694063	0.141277231670287	0.347883964202854	0.172486855863667	0.171991586339179	0.325394862408118	0.404076768836817	0.459713811758194	0.380788744022082	0.33498918869404	0.304410957488865	0.370546683746476	0.435118952171801	0.42126010790421	0.192112532698285	0.3970820942157	0.364831967849952	0.245543806139808	0.690754807456525	0.405500867456468	0.665310411899814	0.748905926146881	0.348398922455925	0.423261237523187	0.348102841474913	0.307185564653458	0.4078174962457	0.34966224635267	0.396272485284443	0.767112400859248	0.710516244882242	1	0.760445492516745	0.445209807958766	0.70994859985177	0.741027336226287	0.395208224205201	0.813919404218806	0.344227969650224	0.884346187297377	0.540176619166015	0.366893072738214	0.647114415835121	0.466117392108056	0.761014842078134
PTPRA	0.096874840223736	0.0291439785266702	0.0666285621679629	0.119513467378171	0.0751558319370182	-0.0607502651473734	-0.0074735504896127	-0.00972639830605418	0.116065713585114	0.230957152384735	-0.0619738372950975	0.164655613177708	0.274011237308232	0.0172400713598252	0.133782980483482	0.0157320459796976	-0.00136720638650719	-0.0438538592124626	0.297269430977787	-0.116281498744502	0.41571832351878	0.051214286842779	0.452116832863394	0.426175812268307	0.388623566054238	-0.0391163692069943	0.208757832758344	0.193325421213525	-0.0275326774827251	0.05966212269589	0.25920175111478	0.610524726786559	0.318378744584292	0.760445492516745	1	0.286592658192536	0.76382126701508	0.811007832652034	-0.103877185415799	0.783812119806453	0.174675925599147	0.765813022186782	0.410671221456737	0.143016733274509	0.628442965421833	0.745487839665681	0.799269766646607
TSPAN14	0.820355911996821	0.576897168091252	0.776030185001006	0.605339400288783	0.797666769304118	0.529825786749933	0.579276733155915	0.652986729247905	0.699877180975524	0.553727527705704	0.64015408005616	0.830040602431426	0.886035463966868	0.728073067344632	0.822439886579444	0.670660168894472	0.509190473596737	0.660491488481923	0.397929046746578	0.529623674805323	0.708486524425648	0.789403528384646	0.870696524074083	0.353709406108886	0.771264257157482	0.7074985420475	0.906080916366886	0.829168504044078	0.639315455459833	0.586481435917253	0.482486674946711	0.6916616883374	0.606879790761635	0.445209807958766	0.286592658192536	1	0.0983099383883761	0.211885295085695	0.313759133695188	0.585619511501961	0.704708623124546	0.37610613291096	0.823791549925855	0.850098492451572	0.15409656440954	-0.161736188275506	0.0934219417333539
CD9	-0.167924534960709	-0.2574252790289	-0.1729018243819	-0.224955698571952	-0.127460396743375	-0.331785385146606	-0.267608566145837	-0.228555967720627	0.124203236764261	-0.0412125690686196	-0.23115051615225	-0.0787579224260205	-0.0123662138101648	-0.199216117567203	-0.032868215065213	-0.195495854397169	-0.351126587205818	-0.0271630422592533	-0.00785743609813423	-0.202645987443354	0.317961256210414	-0.0811110376828272	0.243699991379944	0.400235622076326	0.172960721963114	-0.069105998854977	0.00353143375140195	-0.163347659333686	-0.0462066214100217	0.129957096597028	-0.00417581912291493	0.506608604664866	0.284312527713845	0.70994859985177	0.76382126701508	0.0983099383883761	1	0.847059177081639	0.000958571459195669	0.693903784817092	0.136493001304042	0.783019794354332	0.27171369048722	-0.00377332386005292	0.800372659331446	0.730840764619008	0.948911431121819
CANX	-0.00649057770587131	-0.121904650622014	0.00265457424037668	-0.183909693728148	0.057666646036917	-0.211626798274237	-0.172763958868218	-0.0560972482585336	0.300380333763031	0.0257765302728151	-0.0538882385247655	0.0291641941735003	0.104848839379337	-0.0308413190548552	0.147991286505976	-0.0131807097415386	-0.245573692548689	0.165100392342373	0.1085006367663	-0.0982884026205056	0.465831798754565	0.0811746944384054	0.366633669984019	0.461787427680564	0.293326909959549	0.0850866576878287	0.15305738394554	-0.0725646418029686	0.071611358754328	0.303896814682848	0.130130726038589	0.637892570750006	0.450649558018803	0.741027336226287	0.811007832652034	0.211885295085695	0.847059177081639	1	0.110760756891625	0.749830214407633	0.251980528439312	0.776228548750401	0.46861598197987	0.157784403082409	0.78937933458256	0.813357755388367	0.863711435368716
CD74	0.373656890111934	0.318960466290213	0.331393628774902	0.0484657599100988	0.354267633457727	0.115718280796797	0.0726388821030906	0.342872808080105	0.525672076185966	0.164733652315183	0.566659747654248	0.237266837100752	0.109646259379724	0.467648925057653	0.378204027062641	0.554314437626819	0.191596021048329	0.783300789928307	0.234850437031159	0.268672826984108	0.508421364337936	0.548153515322235	0.481012976793784	0.594883573447228	0.151090251820072	0.600061317196225	0.247710878992088	0.20724730806841	0.475215389955707	0.560559997193967	0.070385039373687	0.372206434068123	0.619265435803821	0.395208224205201	-0.103877185415799	0.313759133695188	0.000958571459195669	0.110760756891625	1	0.181611122242143	0.61015073170475	0.183494514926928	0.30456596446063	0.381703667543976	0.34227717446605	-0.181448529527249	0.0476857837008475
NCL	0.454597719927001	0.247473524572886	0.453626185419993	0.23255511625329	0.513903014354019	0.0724972836544495	0.140665368532114	0.356884385066938	0.610915701180224	0.318373687701289	0.301707076696267	0.403679670993752	0.558699808657634	0.37952811854022	0.522887583309263	0.371342730639197	0.118321291094375	0.405395798673528	0.281686541031856	0.106067456051571	0.762176915160889	0.481057665292275	0.718411281488027	0.502734294015471	0.64391247235377	0.397238446854429	0.591828174513258	0.429712079486927	0.360901702230997	0.539016365910321	0.418845212314572	0.870952477364884	0.714469241776501	0.813919404218806	0.783812119806453	0.585619511501961	0.693903784817092	0.749830214407633	0.181611122242143	1	0.456992858263592	0.885361913066598	0.686371440480074	0.599819638454049	0.5853865784292	0.43346056822303	0.745454521571659
SORL1	0.505247457839018	0.316357718420791	0.492742406405851	0.390575084458844	0.516904834367987	0.123855938748157	0.238489562390002	0.336750119648594	0.623785194782392	0.173970111122298	0.407978006449059	0.462307202723677	0.588636377511679	0.457867548800981	0.473831830467885	0.42723991808723	0.242926085271924	0.723638125721779	0.235166769653564	0.19504127387962	0.58351528541657	0.652050469647734	0.683035586390951	0.434842020632982	0.623902666316213	0.523296429527333	0.637848305249695	0.561894089868535	0.348159819916673	0.57392346877623	0.195036562050949	0.585160334745596	0.519666389929244	0.344227969650224	0.174675925599147	0.704708623124546	0.136493001304042	0.251980528439312	0.61015073170475	0.456992858263592	1	0.245442044662754	0.601417882386818	0.635350615164985	0.443752968881559	-0.0647300311237801	0.12582855552815
C1QBP	0.284900920915559	0.166297962029705	0.263703820535173	0.0537379780164893	0.305751323439863	0.0656142084565734	0.0739365427264346	0.226277870864537	0.439535452794294	0.334889477771958	0.245868050069009	0.242386718188717	0.280319114329216	0.247057136261994	0.406783463223415	0.268702753985833	0.0144971980997645	0.286130641597996	0.179027163228641	0.166751487894698	0.660145586150034	0.317793626181537	0.544237203824158	0.613681407468956	0.350180391273608	0.32392342994275	0.345678992008529	0.209660739161685	0.317546489475531	0.376217559596481	0.323678669174984	0.757530702811641	0.675547714904167	0.884346187297377	0.765813022186782	0.37610613291096	0.783019794354332	0.776228548750401	0.183494514926928	0.885361913066598	0.245442044662754	1	0.536299023496855	0.323001720390328	0.62873997038499	0.525224428116387	0.858493280160945
CD46	0.709407482578242	0.382917751983014	0.753969110383315	0.410865130906195	0.765072761167348	0.486212436597792	0.521395784063622	0.629262056720263	0.741167304493057	0.536407666106557	0.614434694532046	0.766637759045933	0.759686366525181	0.650409395031376	0.84798688728684	0.573878311359917	0.359647966435355	0.683689690106606	0.269083501301969	0.563985080047164	0.761738322869838	0.731815863930911	0.817729351216434	0.379831614462203	0.710776509411325	0.702191591755958	0.835659404275683	0.636538143684539	0.568891442978163	0.688927880663852	0.495988567048519	0.727408954030416	0.686040818379655	0.540176619166015	0.410671221456737	0.823791549925855	0.27171369048722	0.46861598197987	0.30456596446063	0.686371440480074	0.601417882386818	0.536299023496855	1	0.818760925284082	0.3234873097843	0.0911696332797744	0.275362012248111
TNFRSF1B	0.854024305226371	0.566404721609771	0.885120590427638	0.541744151299082	0.925718811989243	0.516156150674893	0.560351149916661	0.805893882218602	0.804511096520662	0.507458402142051	0.738655527766006	0.768163676373875	0.850157769905601	0.794210025826859	0.867280212346977	0.7540929542877	0.5192318088844	0.785028144847081	0.314489132277451	0.495047946255812	0.747197702128016	0.833746117250729	0.808967339005254	0.270954392700219	0.80527429277857	0.766931670800481	0.927382352088384	0.777511891074494	0.694302747898366	0.747261135869049	0.58584411137248	0.667635498609986	0.702649344052284	0.366893072738214	0.143016733274509	0.850098492451572	-0.00377332386005292	0.157784403082409	0.381703667543976	0.599819638454049	0.635350615164985	0.323001720390328	0.818760925284082	1	0.0740058855347299	-0.270394308259459	-0.000292620483614501
APLP2	-0.168379043439003	-0.288063661610992	-0.170174182243528	-0.21302209683399	-0.129063166318685	-0.363452762493427	-0.297822754153585	-0.239238795982026	0.188380533706852	-0.079904624378866	-0.157231498379797	-0.0910815878005916	-0.0374179608756308	-0.165571448976138	-0.0380467262603641	-0.14583630697755	-0.363423325086727	0.208429824056409	-0.0281329271233274	-0.177237161851048	0.300063218815717	0.0325079743754348	0.300959291483892	0.538568778248438	0.176266881352952	0.0323917227713636	0.0375671744564441	-0.128971050074806	-0.0370372484786755	0.214538095756501	-0.102187601023551	0.469137318900142	0.290195170557306	0.647114415835121	0.628442965421833	0.15409656440954	0.800372659331446	0.78937933458256	0.34227717446605	0.5853865784292	0.443752968881559	0.62873997038499	0.3234873097843	0.0740058855347299	1	0.70992396293893	0.813372371730529
PTPRZ1	-0.409787436452682	-0.402202187986467	-0.409427764356652	-0.366831748092896	-0.379370872825144	-0.462232392045228	-0.423222235135036	-0.437815300111589	-0.117811861304725	-0.192540750224677	-0.442029982731927	-0.333296727829015	-0.25236264436874	-0.413744223849595	-0.283632868480503	-0.406181950659159	-0.480730244460921	-0.278284749225917	-0.0778590902139274	-0.365938762510435	0.0431729186752949	-0.303540356185271	-0.0238419569698171	0.275031556872146	-0.0363222464693236	-0.315763880736395	-0.243044485528018	-0.368504741529229	-0.269882497884421	-0.125869727421379	-0.167973480612185	0.246320574343088	-0.00109330517010341	0.466117392108056	0.745487839665681	-0.161736188275506	0.730840764619008	0.813357755388367	-0.181448529527249	0.43346056822303	-0.0647300311237801	0.525224428116387	0.0911696332797744	-0.270394308259459	0.70992396293893	1	0.776490093204662
CD63	-0.156448781447492	-0.239240541580387	-0.166195655909573	-0.258156055016836	-0.118938576451447	-0.332754103436954	-0.292837153329855	-0.222961438512275	0.174671284529573	-0.0365741852301311	-0.204636780262419	-0.0967676669679834	-0.017603396151509	-0.168866522631603	-0.00632705208904895	-0.160743705774829	-0.368771668752118	-0.00441376388618757	-0.0178813692576222	-0.188931968993851	0.347113058851046	-0.0371626986184942	0.266139729755156	0.46207600849116	0.155787559094223	-0.0413998508751089	0.014205532187289	-0.160557658552247	-0.0236490473758804	0.159927700543808	-0.017398669061545	0.548780679654119	0.344598883296633	0.761014842078134	0.799269766646607	0.0934219417333539	0.948911431121819	0.863711435368716	0.0476857837008475	0.745454521571659	0.12582855552815	0.858493280160945	0.275362012248111	-0.000292620483614501	0.813372371730529	0.776490093204662	1
