""	SDC1	PARD3	SDC4	CHRM3	EGFR	F2R	CANX	KCND2	TFRC	PVR	CD9	TNFRSF1A	CXADR	ERBB2	LRP6	ITGB8	PLXNB1	NOTCH1	INSR	HMMR	PTPRA	THY1	NRCAM	SMAP1	TNFRSF12A	CD99L2	CD47	PLXNB2	KCNJ10	APLP2	PILRB	NOTCH2	GRIN2B	TNFRSF11B	CAV1	ADCY1	CNR1	LRP4	LRP5	VLDLR	ITGB1	ITGA3	ACKR3	ADORA1	IGF1R	TSPAN12	TNFRSF10B	EDNRB	IGF2R	SMAD3	GPR37L1	PTPRS	NOTCH3	CDH10	MCAM	SLC16A1	RIPK1	LRP8	CD81	LINGO1	LPP	PTPRZ1	TNFRSF19	RXRA	SORT1	LRP1	MCFD2	ADGRE5	ABCA1	C1QBP	SDC3	TSPAN17	RACK1	CADM1	TRAF2	TSPAN5	S1PR2	SIRPA	ITGAV	NCL	AMFR	ASGR1	CD63	SCARB1	CD44	CD46	TSPAN14	SORL1	CD74	CD163	GPNMB	CD68
SDC1	1	0.796719510446526	0.611373313920673	0.564461332752586	0.803285670148404	0.758462082737229	0.769098204050574	0.549930688309521	0.730136032763214	0.823917137645585	0.805270827717913	0.717210364376186	0.798966795868332	0.606933125314073	0.677454404738835	0.680715350487978	0.725301593231075	0.757502630800452	0.720652323638929	0.698422455856302	0.807828310324937	0.793444207835958	0.659550854621192	0.866838960228032	0.681753277241682	0.788648703600651	0.84658153566807	0.753507209118242	0.686594240444838	0.798957153109146	0.789960615752032	0.754795206027252	0.53975629994961	0.670805604754221	0.523281441723991	0.776782099867824	0.497285264181646	0.556539563526908	0.818114887556537	0.635593520664427	0.693074904422131	0.485098562660142	0.665286978474865	0.660228680054946	0.647135437737991	0.803907423300401	0.874916394092033	0.683866268231655	0.638987164801453	0.643679541754967	0.743216287049096	0.726247715776028	0.776624396725497	0.48158220342299	0.782340092956844	0.81629237190922	0.817088319125559	0.647942491373576	0.814135850400647	0.633041693380761	0.699000800651561	0.687124652049266	0.64629209979289	0.753443460145008	0.801976755928334	0.771229883321523	0.75455511609238	0.786117170420304	0.515199077242295	0.886239671291408	0.676856399112873	0.801128266059066	0.852100538596211	0.578449860232317	0.910586838732649	0.840157194671463	0.724268704949221	0.520881327851623	0.720224121373416	0.88079916805502	0.812493253932345	0.639201352411888	0.796589284600347	0.762276946874449	0.39761187764	0.655932429143914	0.77902852997729	0.436945116464584	0.293065004909557	0.0458644680866173	0.220520142253392	0.233627272400218
PARD3	0.796719510446526	1	0.497876932932315	0.774535907101222	0.898691301377427	0.751823552843289	0.81202096279392	0.7247323711191	0.75890515069387	0.799202581500335	0.794364410844555	0.659076527703115	0.839315270444769	0.565468076979266	0.83476857816834	0.791773958662792	0.816809897383856	0.864143730144177	0.830351188586569	0.671344485084149	0.874586611998258	0.793508552272171	0.720535325393209	0.892399606836414	0.552833892130056	0.787833635986224	0.804528555174069	0.705773654073701	0.805565585382021	0.772790537896821	0.830755968660937	0.7978539221324	0.682813435796015	0.753095336962768	0.422094698370564	0.802427499694145	0.628011917577543	0.719646165508695	0.853827836822595	0.717120545461896	0.6304984442644	0.373041011297973	0.746027706182013	0.657156398709494	0.825940727667392	0.850019014544183	0.82376529865602	0.732032186222944	0.716054338733653	0.588590135254818	0.734148611021171	0.839056947693151	0.787377849830012	0.643264152138378	0.813560108082526	0.875334973546411	0.829439221106544	0.758216370495427	0.754757685604111	0.7448158948653	0.749293700703989	0.86722769572944	0.705312364042861	0.865973250126775	0.869296301240652	0.842834126010738	0.747890437018271	0.766429980672253	0.560914311887831	0.806031652479478	0.737923632291281	0.827924844648239	0.779746141912268	0.536898895967599	0.799738964670399	0.796242297909807	0.803471251164893	0.466197340644185	0.717235381968743	0.916840946290674	0.821190291337287	0.735548989431931	0.711324278195018	0.788531049318619	0.295469767060487	0.82939609522602	0.827610579258336	0.390744185577649	0.326287815725217	0.0684380794509406	0.260880451994514	0.233770706859862
SDC4	0.611373313920673	0.497876932932315	1	0.156066853942762	0.516227718850194	0.84491511408843	0.811182332562885	0.0247232577979211	0.671568572454522	0.763402406526291	0.510186705235688	0.874735727290336	0.326128155779514	0.926048905337547	0.258183338328087	0.743932772137724	0.46966458150556	0.255994349526828	0.380560013742407	0.348718475152859	0.682424249083212	0.384733795175895	0.808296816514469	0.603182208382951	0.902062157343252	0.781030343238092	0.823729265246016	0.910503264271921	0.497969034333701	0.879203656149291	0.7120235789948	0.819132980430883	0.247124937134681	0.396370796673775	0.909091239679637	0.336857201684198	0.73517961592071	0.265505925363962	0.52974016327286	0.795240289261904	0.92845841172396	0.948123115320066	0.228528039142513	0.776348590974256	0.529748211455793	0.349949470520647	0.715933426628047	0.752642757004565	0.756645237607735	0.854374583301043	0.793855929472202	0.420312752289908	0.7280234969356	0.119479659754326	0.694333813542952	0.552526944845171	0.803624283576813	0.36788044211299	0.769684320726212	0.074847269539979	0.85409335710556	0.48774153641584	0.756584120693851	0.585770211535798	0.725403640302329	0.666016848346329	0.872768392293236	0.821550142571975	0.855790337504548	0.587277762795718	0.685379893645831	0.643772162941846	0.609129552891114	0.935329985320588	0.487722620488194	0.822508092335546	0.265419543349363	0.853424358752688	0.877907391419409	0.534515241957869	0.75620347951158	0.39198169157411	0.785836366832263	0.630123363408772	0.924772002819056	0.526709295144006	0.486511470703285	0.852066719396173	0.286889283849394	0.146775809161597	0.378221640509807	0.334810751748426
CHRM3	0.564461332752586	0.774535907101222	0.156066853942762	1	0.744726392059628	0.488187344894876	0.610016042930405	0.80863125806643	0.664172500383679	0.584062628255946	0.670264361331485	0.343853200609984	0.796158846887419	0.254160707801328	0.849680576719297	0.636057167516482	0.692362350664019	0.819769069626531	0.780093451521635	0.375919772518131	0.673557631401324	0.686984941697114	0.522379740207773	0.712124010432811	0.248198957849554	0.527924770839911	0.505869670157031	0.379494678218125	0.67158810407361	0.5018412812194	0.588470387680839	0.546770764319429	0.810095750360313	0.685561450815584	0.166812817073988	0.718751097551695	0.482952949369324	0.712173823622764	0.692491090127626	0.533183874322301	0.351606089049347	0.0552071326384937	0.623255535983111	0.428455985739288	0.749402765630262	0.76603842629964	0.587090430379749	0.48733524178652	0.538403127132295	0.281069639277944	0.466851136084928	0.797095216728947	0.55165150392214	0.710439822161531	0.579022502180344	0.784839206620481	0.582187606181106	0.727251043124838	0.48914675300388	0.785626415497836	0.512899103698179	0.799629408641176	0.459190545921518	0.710173664594218	0.63615614733161	0.672241231880917	0.499391207451407	0.532107447779569	0.307702987987177	0.591261376358802	0.512006754750976	0.652066722620398	0.58980498612498	0.194401917693556	0.574544951881224	0.490356666918223	0.826846374128902	0.146515376169281	0.450663095999179	0.784092222890779	0.552064091736726	0.663832600488213	0.453803082335503	0.66719165554173	-0.055158107643496	0.806214389125445	0.711387476281891	0.0632402996392228	0.253334376144563	0.0316138731369506	0.159541104917022	0.14526634697726
EGFR	0.803285670148404	0.898691301377427	0.516227718850194	0.744726392059628	1	0.829961557909334	0.864740478219743	0.746044339433903	0.831574767508667	0.857979718848016	0.830811663943712	0.729935239023725	0.886510659282476	0.62488753772644	0.855688051663264	0.842204984112491	0.898365112058341	0.898253260598247	0.852660425048101	0.614846480964294	0.948473762618565	0.818742727174992	0.753189605126322	0.944161245056382	0.564936332095387	0.840536294898433	0.842674269602392	0.743227776058678	0.862787462998205	0.816901402122008	0.884582162245932	0.855120557651486	0.727120227516164	0.840531205201621	0.392436519625705	0.816634681236276	0.687511327094706	0.792990021105946	0.914301360233279	0.753336980175001	0.640581982710637	0.385993968376421	0.817451696088046	0.741758390305604	0.847738507816492	0.915897082818511	0.867115500899892	0.833508024487584	0.784090535663743	0.645438010474237	0.827588276723184	0.886900822181237	0.847538087314143	0.66971433807818	0.815519797497787	0.901375025405894	0.857866794988426	0.804696860088288	0.826772107417376	0.792053835521763	0.786070713073423	0.925420366485671	0.76871302278611	0.897071845049472	0.914427109566875	0.932154801651585	0.79807381179665	0.8356891277675	0.628305394134149	0.858009996726344	0.84233672069894	0.886604295101417	0.82767844013442	0.602390614495594	0.825112884161842	0.83920200521468	0.830083333802923	0.54735394091865	0.771224988776816	0.945811853502929	0.85654431543685	0.782302489159444	0.764035483098366	0.819898005334566	0.339713257073773	0.841952316172904	0.902148092205054	0.456084261834164	0.366664735553577	0.0876950768361083	0.302013801098683	0.245593713191114
F2R	0.758462082737229	0.751823552843289	0.84491511408843	0.488187344894876	0.829961557909334	1	0.944604735568886	0.429315920938354	0.83743908249425	0.909708491473691	0.690818145796343	0.90760257185366	0.656802078817869	0.888906395670497	0.621444451374697	0.924734068460443	0.774580706585401	0.630439524942502	0.688639146033095	0.503583316633005	0.930542635365056	0.647382430831491	0.912807865152305	0.849947639823412	0.799549019999046	0.944451387307362	0.918985229483268	0.946144866044163	0.803003936044324	0.961086244742203	0.909123346520077	0.96490891334274	0.537831276366375	0.688383129913231	0.712759235644703	0.637201563172217	0.829771611775252	0.615956636565588	0.822881466785527	0.88893032175598	0.885483220916797	0.771724147954484	0.565372224172962	0.877350497249179	0.79500283270713	0.699072809187428	0.856305292358718	0.927100097748608	0.891317580456899	0.899701405418248	0.931377637460819	0.744346526950645	0.890345690101751	0.434871477486935	0.855415213271803	0.771237333535618	0.944706492319966	0.672622321373373	0.882974023063579	0.46066819480462	0.951891988799843	0.823726193254687	0.885035738159639	0.816279395597412	0.941219441594277	0.914705677266234	0.947295357651011	0.934403791687711	0.899856006860732	0.777900299669487	0.89663479624159	0.851557592362019	0.750380391516278	0.909098704570014	0.695275788400694	0.933389551967891	0.596184712371445	0.854265445602588	0.955337139590252	0.822290318848039	0.894290020271133	0.641371490437392	0.849764152908719	0.803635638813482	0.763239476653682	0.774971635727347	0.78257341624313	0.806991515733755	0.371403420936452	0.145124734844326	0.400555729306304	0.335114525791063
CANX	0.769098204050574	0.81202096279392	0.811182332562885	0.610016042930405	0.864740478219743	0.944604735568886	1	0.475847319917227	0.920730484155724	0.929734796543796	0.809020165449231	0.90803148762191	0.717853854313252	0.869070379103406	0.67183725272338	0.923256901462572	0.813217023113304	0.693074709133026	0.735415552864916	0.492720236477248	0.94786145515736	0.675723253846975	0.884498183731269	0.897912891460093	0.794830637455672	0.936443824552512	0.933480408421086	0.926038772863359	0.814808150966745	0.964368909165555	0.909604006993958	0.957722920939969	0.619622358811515	0.750125423384898	0.700637595762415	0.659730958959577	0.861898425022744	0.650192552721864	0.847783442929556	0.933367193672155	0.861984312169876	0.70170964606992	0.61978996870577	0.882206631299495	0.851644781850143	0.748532743981862	0.884060855468836	0.920504922220039	0.916849454961325	0.846029012883872	0.923277164342956	0.783046631319553	0.929077415572218	0.480377352456701	0.83926799694153	0.886243585941177	0.958687193675522	0.720644443426541	0.902758822002198	0.541877822397422	0.942174582920407	0.844080651122735	0.891686017310228	0.903381832688877	0.945942806334607	0.94192198884125	0.962041013991079	0.936587732117755	0.865466511753361	0.818636582897701	0.90216664570864	0.894567944676667	0.835378461841331	0.858616128574213	0.711557401632799	0.941128940115535	0.674899457051464	0.798486510885861	0.923710327923565	0.864190703281178	0.923927863336478	0.716346853376984	0.878317364293135	0.872636098335748	0.677434643570405	0.835263354582355	0.827284149608243	0.745788437431755	0.426251019850299	0.1637506976511	0.430903851667076	0.365097344093654
KCND2	0.549930688309521	0.7247323711191	0.0247232577979211	0.80863125806643	0.746044339433903	0.429315920938354	0.475847319917227	1	0.443488278371843	0.521062521675751	0.564641469608404	0.247360008312276	0.799640671439781	0.0943345254985033	0.923700906715519	0.520958778257715	0.774455066809627	0.897169781089584	0.860484959516228	0.471713825844111	0.624990793678212	0.822055225378709	0.503755751728314	0.703783070805865	0.0901351075718403	0.493780551538598	0.412726679877375	0.30267993380528	0.764396987436709	0.390271997071926	0.585917867130687	0.446501641497096	0.57661545329317	0.570369101227396	0.0263488815780056	0.774899254110159	0.271493558118661	0.803710846553155	0.669223168905757	0.386777320145111	0.227074393502685	-0.0417176689824815	0.625722809988884	0.260947438094038	0.721997451567105	0.787573808302097	0.569003135435711	0.3959260200124	0.444058883908938	0.247891229159763	0.408896009993402	0.794619514112522	0.397970426325003	0.864178266044874	0.55214537266975	0.635774939516026	0.4914126463954	0.792919946484418	0.45505980070199	0.906844501623227	0.405136785117022	0.803784709004395	0.319647199602669	0.667116162747664	0.597389884089614	0.645744782965318	0.396112230816658	0.443059168137829	0.231572161164813	0.5841114615786	0.414869830234867	0.623516837909302	0.528664599536836	0.101917236175485	0.630682913270307	0.429511678932271	0.848534021590357	0.0678358770169913	0.405913053791566	0.764823325927584	0.480689466612966	0.710201394372439	0.290465717368353	0.583127260221148	-0.12469500855776	0.712765605148595	0.672918255049062	-0.0192748901914105	0.245476090435528	0.010669737675801	0.101926855464508	0.104369558381798
TFRC	0.730136032763214	0.75890515069387	0.671568572454522	0.664172500383679	0.831574767508667	0.83743908249425	0.920730484155724	0.443488278371843	1	0.883826593608626	0.843031741789724	0.833559082665312	0.761161765382172	0.78540265692459	0.634108325726232	0.864809656885435	0.744717875254588	0.679206340813954	0.660513820290031	0.406156083308136	0.890779854346743	0.625269764364726	0.732662347320601	0.854452160675931	0.742677629032789	0.834546296897383	0.866521423350785	0.790962760357357	0.709061922605489	0.878385493916033	0.796491072824709	0.8683324966957	0.753988320701934	0.849690375555895	0.582804193640425	0.587070772524555	0.839445743696403	0.556906803699519	0.835674536653063	0.84101562865328	0.743546272010094	0.538341334772938	0.695782065777003	0.890997677402826	0.755819398805792	0.771965987765759	0.819348517283043	0.876657650189991	0.815112424057307	0.689315085803277	0.868154046490063	0.76397642170591	0.909288011970867	0.416664210811374	0.748817139533459	0.896591243525489	0.878141964837561	0.635214772311795	0.849433394935601	0.561628930324001	0.826795502124183	0.791908195057821	0.850170172581883	0.82826390607489	0.853560517309	0.889055522903296	0.876138735496665	0.878345386113988	0.704117289689213	0.819435442867658	0.874976098088622	0.849121837076519	0.83537068469217	0.729063819466398	0.674487302752945	0.856262574112365	0.706804374512338	0.680894563323729	0.785647256338373	0.83877321320179	0.859665493004796	0.703425949015173	0.887144108919925	0.8334053596246	0.504953593577447	0.786751557542923	0.848074701017965	0.595467531120039	0.374583973435765	0.141875377442975	0.376478435744884	0.325471481280542
PVR	0.823917137645585	0.799202581500335	0.763402406526291	0.584062628255946	0.857979718848016	0.909708491473691	0.929734796543796	0.521062521675751	0.883826593608626	1	0.812383588978065	0.889793887884701	0.785905208425068	0.822373111175899	0.69552015037671	0.877700303349594	0.830437608035993	0.722701214920288	0.736205856241187	0.517969010385165	0.920831427102857	0.751979275618859	0.843056066543429	0.906950868778091	0.808776698564074	0.899339296167998	0.921569030942754	0.890163114714243	0.802895894215726	0.931269862860602	0.896125214198012	0.907279691773599	0.596013531331782	0.75506460207624	0.691034478507178	0.671135502719411	0.788183607790003	0.611624148406213	0.869721974244818	0.850272966493931	0.820331261003919	0.660307211038799	0.656092081418911	0.869809131317475	0.78113912232236	0.79037021029096	0.915284083265981	0.885649290059154	0.847978004240097	0.789324962729897	0.914611960751223	0.782217444465909	0.876852479550089	0.494107960897678	0.832061555336351	0.852137719655006	0.920842773045619	0.696010617588717	0.919596333745553	0.591080497481414	0.882588187408998	0.818150676672256	0.855546574029505	0.848817709202712	0.909599449602809	0.919793521827794	0.925066719176663	0.93291605669343	0.766630426583073	0.878603111606977	0.857783374300576	0.909467704721022	0.857212918292649	0.803166664136396	0.757237574141827	0.923883260316039	0.715440715363596	0.73083434752099	0.881745597308512	0.874393783619678	0.922659060629355	0.727628268185713	0.889104201456256	0.877727291584267	0.621476124827738	0.778754141793845	0.829493744261097	0.668433526713356	0.368384402269497	0.119966602666474	0.343507130248819	0.314026557014111
CD9	0.805270827717913	0.794364410844555	0.510186705235688	0.670264361331485	0.830811663943712	0.690818145796343	0.809020165449231	0.564641469608404	0.843031741789724	0.812383588978065	1	0.755430902760296	0.8749984451547	0.602181370970875	0.669051165261409	0.658673026330341	0.795445190079411	0.783829132072479	0.693582896104617	0.564546456003669	0.81514346655837	0.802807015893291	0.574683130646226	0.909301965799213	0.669598471932778	0.733869741477129	0.828489448298852	0.66455992537872	0.693596737972592	0.75499238852552	0.731856327861481	0.729635546220548	0.630656777258177	0.803339996933625	0.483920989859704	0.652027272954169	0.584471738227425	0.574460834122005	0.832920950469171	0.68352478693528	0.601504619661548	0.355749934914859	0.820387823287043	0.705214742922822	0.673923091992856	0.869535835640289	0.854225495700984	0.725177640496733	0.632567799564727	0.548627445215585	0.768858537609721	0.742790234984612	0.8074505944593	0.503397988097807	0.675971691463858	0.905885617973525	0.792944380474681	0.629522511680812	0.872777239272659	0.755214788705213	0.638434285359179	0.697434016092553	0.668880536568255	0.845598547767498	0.755062267472775	0.818281725592112	0.769041681549639	0.791502729834838	0.468712096738425	0.938494248867232	0.725330707232553	0.861451417870499	0.96317934946421	0.520296082636297	0.831947608824623	0.816830621148335	0.798136916293145	0.45193357716978	0.6376560489895	0.86388415509876	0.845282185060195	0.797399987213187	0.849559176499353	0.808997377513514	0.284333311371044	0.665629517414914	0.819534891351638	0.348942641076775	0.340399021444669	0.0116403026052357	0.211040032587703	0.23051512999834
TNFRSF1A	0.717210364376186	0.659076527703115	0.874735727290336	0.343853200609984	0.729935239023725	0.90760257185366	0.90803148762191	0.247360008312276	0.833559082665312	0.889793887884701	0.755430902760296	1	0.585652813083754	0.939340242571086	0.441616820284291	0.804988770477075	0.710624390511072	0.515552297016992	0.537055598903129	0.440948844858052	0.848498381909466	0.577091989835105	0.788352944244433	0.807753157808694	0.917942442981291	0.885329277999973	0.919730696453034	0.92916657924791	0.700450756246212	0.930530845817609	0.815688050896523	0.897572317035843	0.432954681708556	0.645523928005265	0.779171022630905	0.475603328837052	0.792369579181248	0.46290758162897	0.763866828679413	0.858953794107524	0.848843720853951	0.79426926682958	0.555100762323176	0.920089754807767	0.649501034117868	0.630740704251694	0.837627959394986	0.913583654340061	0.822213456005374	0.887065086371088	0.955682775034221	0.611350218428342	0.87613407640331	0.280383945482314	0.740743015887317	0.723443395975052	0.897118834889313	0.528473283342316	0.94924082285753	0.382486300187565	0.860979486914472	0.662738372537271	0.879742549829828	0.76161409483088	0.839317857030266	0.859849947192577	0.936719636632082	0.917691215999186	0.827364152899322	0.812042850851712	0.888978066110194	0.824477034797837	0.81500915347813	0.911933973178714	0.654644574805883	0.935406372393251	0.503354163065311	0.859075579260703	0.888381575315221	0.713841920880296	0.895252240101515	0.624522522512585	0.934185740575673	0.762309506617691	0.799137681946879	0.605440607823096	0.709731279474288	0.81134633643123	0.363182174923085	0.114079740856743	0.352412997796002	0.331847451727068
CXADR	0.798966795868332	0.839315270444769	0.326128155779514	0.796158846887419	0.886510659282476	0.656802078817869	0.717853854313252	0.799640671439781	0.761161765382172	0.785905208425068	0.8749984451547	0.585652813083754	1	0.437542252485321	0.860443557799017	0.680436325422618	0.851229422106337	0.914743993912538	0.817012632822919	0.561375765241627	0.811042553479275	0.89439574902817	0.585274505935604	0.89919254299599	0.474736045831114	0.689067629558251	0.715409115934644	0.557446327994375	0.761526146196958	0.664184611305646	0.729161865697734	0.677803207872558	0.750205672797149	0.825083347249592	0.30049194988511	0.767733901841115	0.503424622428246	0.698919630751013	0.869955672485754	0.581780089480236	0.490995811912919	0.201882931566253	0.845749836792701	0.605046874530663	0.725385339841682	0.955508304922303	0.82609019252227	0.662585394835832	0.594423573756895	0.451885596024469	0.69527363134727	0.850211111264093	0.708773363476876	0.677994026616147	0.709134078459065	0.866276108366859	0.728918538545026	0.753884796864979	0.760854745213429	0.891442453001467	0.597061258577239	0.813685541449506	0.594686548840987	0.790652655967785	0.752719420964346	0.816724963709309	0.672502734529538	0.726672837637974	0.382744279452189	0.895155545950872	0.667674380249015	0.848764179518667	0.859902276398383	0.377384747323728	0.836689128572789	0.710477538084211	0.905921194367358	0.315815721916331	0.594834044209032	0.921808836809542	0.759724944000421	0.818646527476273	0.701972102744582	0.774898179021003	0.110620408019993	0.751880625359838	0.865741338553336	0.202113780181266	0.308682633363569	0.014865764685594	0.16682192123218	0.176659814821433
ERBB2	0.606933125314073	0.565468076979266	0.926048905337547	0.254160707801328	0.62488753772644	0.888906395670497	0.869070379103406	0.0943345254985033	0.78540265692459	0.822373111175899	0.602181370970875	0.939340242571086	0.437542252485321	1	0.322000076507166	0.812541164880466	0.575918056069746	0.347165164454147	0.423329975290359	0.337413175412307	0.78035772905107	0.419354290638874	0.798763707999118	0.68229192082113	0.898031676833782	0.829231858802907	0.862565355594946	0.91573117150001	0.585402093211977	0.907091911947247	0.750978731480538	0.880956558229181	0.391343595872988	0.564997472371096	0.822203710097003	0.358102027197335	0.83060920501073	0.355220890701552	0.650194525643156	0.848054549644045	0.877023341218677	0.868494094948154	0.381691378794736	0.907341003435079	0.586218257262626	0.471617726883694	0.74512943896978	0.869465894817326	0.796955394565338	0.869954586840463	0.898382625281223	0.500047780054578	0.82638724014874	0.16426015210632	0.707460155610569	0.635270094134224	0.847431284532814	0.420640310574689	0.836557845156898	0.183441296521266	0.877218776566031	0.589473974986824	0.864389005470882	0.653442809326002	0.782339322996462	0.77252186572828	0.908136316793336	0.878357453175657	0.875125214564061	0.662418520955062	0.831816689895041	0.723684129840053	0.670178458620455	0.951980097953219	0.510248456581593	0.868557314418158	0.347066704229701	0.893276995061036	0.881280050776261	0.600008028078885	0.829282877670933	0.485017005876189	0.861636511945047	0.686860167930084	0.879886358125856	0.57114580077199	0.596094786985992	0.864465672882388	0.298192716105224	0.111342093609937	0.366183644634297	0.314592848065746
LRP6	0.677454404738835	0.83476857816834	0.258183338328087	0.849680576719297	0.855688051663264	0.621444451374697	0.67183725272338	0.923700906715519	0.634108325726232	0.69552015037671	0.669051165261409	0.441616820284291	0.860443557799017	0.322000076507166	1	0.706206219696296	0.827457706995203	0.934019651842059	0.895746858750149	0.547842092881997	0.77856329017259	0.833090981439562	0.668249535218122	0.820045178044559	0.295976444277534	0.670746866732847	0.611173902652034	0.512067143918037	0.842821299581049	0.601714709424526	0.757455270019694	0.651515225136081	0.694621514995839	0.69363661548461	0.212295184259895	0.851085926043948	0.48217150394724	0.830815761072691	0.790290186079739	0.581666708822976	0.443621833582822	0.171316113727061	0.689778650904911	0.466449124780237	0.83592708139998	0.852193075663825	0.710523824452319	0.580941615838667	0.632970330540482	0.427809918533623	0.580599277998233	0.902906771143715	0.596926250425188	0.809246597457893	0.729284311175656	0.785943677516721	0.670940702851993	0.859514105568074	0.604308611610447	0.866512077718469	0.620916747310635	0.900714307021379	0.525014259265825	0.783832348963902	0.772179904933169	0.783261769879596	0.593625183746607	0.631132957939805	0.431878618644573	0.694350624211603	0.596993464178063	0.757930208606642	0.648870770731119	0.325297297333204	0.699409405902244	0.60790491562008	0.8841577485219	0.264683229913625	0.595035144975018	0.877712960853256	0.647240745141481	0.760885320468619	0.488739101299459	0.729183857576401	0.079231630518575	0.847508816929968	0.799047624892216	0.194179130696431	0.316001973492789	0.0910028826299492	0.222974372108267	0.189745307486603
ITGB8	0.680715350487978	0.791773958662792	0.743932772137724	0.636057167516482	0.842204984112491	0.924734068460443	0.923256901462572	0.520958778257715	0.864809656885435	0.877700303349594	0.658673026330341	0.804988770477075	0.680436325422618	0.812541164880466	0.706206219696296	1	0.763861015901738	0.673740042459165	0.734623151163831	0.412594756460177	0.921957123685957	0.636917224112428	0.931520908361541	0.829305950885366	0.722888931950355	0.880997301799689	0.869259642242891	0.862128510386556	0.779907911960775	0.919637615504593	0.881449731139153	0.937711518092426	0.688092581562732	0.745534676981354	0.656122597540636	0.655342695365386	0.904967714997559	0.662427264636566	0.796017432810582	0.890308934025331	0.851556647965676	0.687877312836693	0.548020666599692	0.831117387193959	0.863440869615105	0.698071306092063	0.809973098007718	0.892307035835645	0.883327718225879	0.754623952102734	0.867166453938629	0.802891292791465	0.838485504745638	0.52666662265316	0.855718776320755	0.793881316656941	0.901301846297323	0.730920256043767	0.802743812906056	0.503787601133275	0.948834709841776	0.897657859720383	0.876054901963041	0.808933995686471	0.928352015755286	0.903914024757687	0.90819374136397	0.903613161676461	0.838266989124929	0.712255665160336	0.85743036025973	0.839071270192006	0.689588557725955	0.81146228976268	0.613137976072574	0.860787369896225	0.647597993364421	0.718957724341611	0.910686874977732	0.830340764900424	0.840768225826949	0.672800830932618	0.796375499601663	0.799587389710444	0.623759727777838	0.88413323417079	0.801557850344295	0.673981897651613	0.340714611609025	0.136110196754898	0.401726554105165	0.322654906784355
PLXNB1	0.725301593231075	0.816809897383856	0.46966458150556	0.692362350664019	0.898365112058341	0.774580706585401	0.813217023113304	0.774455066809627	0.744717875254588	0.830437608035993	0.795445190079411	0.710624390511072	0.851229422106337	0.575918056069746	0.827457706995203	0.763861015901738	1	0.88109031123422	0.851211831109921	0.46089729962713	0.866796366317103	0.86446959964471	0.739909251128339	0.891451949513421	0.513815218781441	0.80952105827408	0.749501793715822	0.6975129887583	0.899984578332511	0.747554993042379	0.830840289485006	0.771715722086544	0.581286419972948	0.700159999756519	0.40166146133692	0.74201706367597	0.618476091228774	0.820067276694792	0.87386198327217	0.744228101997554	0.584353306640608	0.371463060900968	0.718600690114632	0.67227967734644	0.845307590641469	0.873571754580165	0.825564872162769	0.769012292258466	0.765330983852748	0.661236563091017	0.815821629228832	0.816830611485789	0.758976054985632	0.742649174500559	0.74844462658733	0.807174207674641	0.79573863224032	0.849836240775545	0.819423154091141	0.83910418992973	0.725517664610709	0.872293818852047	0.715612990368357	0.901123640243282	0.844351036708595	0.920744856043819	0.760990915285916	0.803800572229564	0.636078089111209	0.834801286598502	0.787704875544116	0.886769132292689	0.802332288436149	0.572517802586762	0.747574826296017	0.77969804952558	0.83600107868327	0.546485292864875	0.745300414579652	0.869206582863146	0.818844122312265	0.820830859504361	0.681071432298383	0.802789834709716	0.3541170956362	0.761853307423717	0.852613063350898	0.469734406269829	0.407831724989619	0.0934964387837815	0.295382481867872	0.252679707094267
NOTCH1	0.757502630800452	0.864143730144177	0.255994349526828	0.819769069626531	0.898253260598247	0.630439524942502	0.693074709133026	0.897169781089584	0.679206340813954	0.722701214920288	0.783829132072479	0.515552297016992	0.914743993912538	0.347165164454147	0.934019651842059	0.673740042459165	0.88109031123422	1	0.896503211341181	0.597540018093152	0.812407293043266	0.871585127588661	0.604513054802665	0.872781487402396	0.349508298835063	0.703789069944332	0.670228786607278	0.538946418715404	0.843632001600714	0.623361375842144	0.760913283396726	0.657298459598029	0.695682252033905	0.741746962750904	0.193940955877898	0.8783243081966	0.460719021505477	0.833079735623521	0.86177772879188	0.59328135974335	0.434041823166747	0.139270157952371	0.814597062671911	0.514304611994261	0.808236170929543	0.927725794318534	0.769040379288674	0.621966615744365	0.621522682967301	0.440241488546451	0.640114014215257	0.884838964377125	0.674256838960294	0.783589227974277	0.715448564698795	0.831901020746197	0.696960005505326	0.854903825248759	0.686606817581875	0.938167712711832	0.58563570823241	0.867859763516789	0.571360734462946	0.836342137340219	0.790556529416297	0.822512033062914	0.604659949234639	0.66422102051946	0.39597684560149	0.802509471095853	0.662360162504829	0.797151109207317	0.758106613360379	0.331630794781306	0.811765069431633	0.673786837957255	0.903752867902415	0.287124976990962	0.580342282745662	0.9111141786954	0.719227410243264	0.785887700833564	0.581963315089392	0.74116345326974	0.0573099878897338	0.778339307573357	0.853522039402072	0.190688856887162	0.330278342396865	0.0552883464735639	0.199269739390274	0.182596565651474
INSR	0.720652323638929	0.830351188586569	0.380560013742407	0.780093451521635	0.852660425048101	0.688639146033095	0.735415552864916	0.860484959516228	0.660513820290031	0.736205856241187	0.693582896104617	0.537055598903129	0.817012632822919	0.423329975290359	0.895746858750149	0.734623151163831	0.851211831109921	0.896503211341181	1	0.498401737807437	0.817626427404876	0.825002294756522	0.71497747446972	0.84335747114736	0.393576443053296	0.726648538588184	0.677563046763526	0.615939395782277	0.857058862402728	0.672476361906863	0.774023491589658	0.694611882509013	0.615630628038717	0.654040161747707	0.328090991218827	0.848288163204546	0.536138480030432	0.833084834896475	0.787928785778628	0.664007686999681	0.533911427726043	0.285818856583316	0.620290479153718	0.518252752418145	0.870786210648813	0.832505101810886	0.769706594071802	0.625700216708463	0.702784005504312	0.539576672584672	0.647325053733771	0.854791871649367	0.649308955450875	0.788072526355415	0.719602159338583	0.791251150737745	0.73914331971119	0.853676122367066	0.679332004992846	0.820755005747234	0.66914949919291	0.882141439551375	0.574761820019741	0.835798482630491	0.807806544598828	0.825436426595539	0.659587859938868	0.69301556333986	0.522891316874291	0.720677127893997	0.640774364896928	0.767501806533702	0.6899595357877	0.428612967489697	0.742022268693348	0.70134195144158	0.849160074609072	0.402516827880893	0.667529426515904	0.88075103102591	0.702657926496278	0.759551210302737	0.548259173673382	0.76296821945497	0.214271824522845	0.838136820210358	0.80541022896154	0.3233002106196	0.366311875896683	0.112205869893189	0.27822285837873	0.261118297591529
HMMR	0.698422455856302	0.671344485084149	0.348718475152859	0.375919772518131	0.614846480964294	0.503583316633005	0.492720236477248	0.471713825844111	0.406156083308136	0.517969010385165	0.564546456003669	0.440948844858052	0.561375765241627	0.337413175412307	0.547842092881997	0.412594756460177	0.46089729962713	0.597540018093152	0.498401737807437	1	0.588554302548092	0.557223156036338	0.42318653626724	0.6516773339586	0.408225921197331	0.554615502023817	0.642573419171112	0.503679793592043	0.542892596040367	0.539120479052862	0.661354420149615	0.541267885389574	0.286767321966342	0.50674316959695	0.268023560929306	0.621714136919625	0.228905001346619	0.387794532389981	0.57329733317636	0.35609045752214	0.421119632799178	0.251632027343896	0.615906076487692	0.351114609238637	0.441454819445823	0.594013549715025	0.589601311833642	0.424291346279275	0.373958010464376	0.383724113189557	0.416693503565307	0.55150363517546	0.536252067290399	0.349177011328923	0.625073138154113	0.570388089494281	0.563878547704039	0.436040022470753	0.522547304366349	0.459998154733828	0.449628951373821	0.501506803103954	0.389959239704681	0.531317466966015	0.616363774609601	0.493693857304386	0.466991962079292	0.476584317907407	0.285163040058147	0.608383054732675	0.417068321057265	0.524303063657106	0.566806556414618	0.344953362406345	0.747069696190467	0.6044610833951	0.46858563830411	0.264795870096751	0.458115636401818	0.657397777684602	0.602628668024609	0.45930546384942	0.494280192429254	0.504726426970782	0.186118161301247	0.45682836270265	0.506971295159771	0.232918762350347	0.210162984988325	0.0493538658354033	0.116541217394224	0.150901338804152
PTPRA	0.807828310324937	0.874586611998258	0.682424249083212	0.673557631401324	0.948473762618565	0.930542635365056	0.94786145515736	0.624990793678212	0.890779854346743	0.920831427102857	0.81514346655837	0.848498381909466	0.811042553479275	0.78035772905107	0.77856329017259	0.921957123685957	0.866796366317103	0.812407293043266	0.817626427404876	0.588554302548092	1	0.750645686438587	0.846618386477326	0.948578331381461	0.699053270039555	0.928665291946868	0.924482570535711	0.868103280683583	0.881440110127983	0.916293007951884	0.927042260031044	0.941339867369934	0.685446304615957	0.83062111949516	0.545390884447261	0.769433098561994	0.813598727856715	0.748998515419197	0.910680066405222	0.860847367749183	0.762704549495231	0.559765174109759	0.745244747775213	0.851909921613647	0.870522906669871	0.863638994094954	0.890817729643007	0.922729342155717	0.862680113527687	0.77963791472053	0.908477867215831	0.866811960612866	0.924083403439646	0.580139608308121	0.844521125617972	0.900408018336116	0.939073902785513	0.769586183000869	0.887482728222635	0.662866417761929	0.887942418179681	0.925949300992898	0.868774730121057	0.904246296782059	0.96887883415086	0.966958868573695	0.895599265913917	0.90923239383194	0.775531095619434	0.852198526993805	0.919544936517645	0.895826765776814	0.826557275811964	0.768706488976808	0.799399999187938	0.927941956503317	0.759073162723494	0.722260101248808	0.870812261722011	0.930995787021883	0.915647817543255	0.75576541833237	0.843279614658742	0.851765404994165	0.538064692500467	0.852976969371117	0.883220055177361	0.637452460150933	0.373906869618711	0.102086620698124	0.355186090147455	0.29995105148205
THY1	0.793444207835958	0.793508552272171	0.384733795175895	0.686984941697114	0.818742727174992	0.647382430831491	0.675723253846975	0.822055225378709	0.625269764364726	0.751979275618859	0.802807015893291	0.577091989835105	0.89439574902817	0.419354290638874	0.833090981439562	0.636917224112428	0.86446959964471	0.871585127588661	0.825002294756522	0.557223156036338	0.750645686438587	1	0.663921768723224	0.868123784357868	0.485658362191528	0.676102044117979	0.684575856555278	0.577383740818284	0.759733623852927	0.654828934800408	0.724852821211925	0.646920408185498	0.54079663379098	0.633067260861788	0.403030529004656	0.76465310733523	0.405393192674165	0.71599025578889	0.780848732527885	0.561394958845959	0.554251277222105	0.316425652414569	0.694121581721786	0.50396449132928	0.702455576234673	0.865712783907177	0.823180802138427	0.591801923181879	0.568055070708837	0.495081347804516	0.673940124664395	0.78588478479702	0.593301070020274	0.756166628251445	0.745890872409876	0.747571810765725	0.718559735572644	0.752342936414885	0.767397610696114	0.876693571664339	0.592463934142822	0.765571796080746	0.50906429150553	0.764474407474219	0.724317142576962	0.777077615213874	0.674810574824355	0.728080512219924	0.415756994499583	0.868785045543392	0.566623037283659	0.835430897234431	0.825382551846827	0.399675964327011	0.843504869386928	0.700808554645581	0.867710146918329	0.315199484250619	0.646911563245221	0.875610268900781	0.723187265093589	0.803695788190902	0.632863395897945	0.741295334205793	0.203351717559824	0.688929293658978	0.779598494513134	0.219816191099759	0.303377351739616	-0.0160002949541786	0.149608105666208	0.174733779699449
NRCAM	0.659550854621192	0.720535325393209	0.808296816514469	0.522379740207773	0.753189605126322	0.912807865152305	0.884498183731269	0.503755751728314	0.732662347320601	0.843056066543429	0.574683130646226	0.788352944244433	0.585274505935604	0.798763707999118	0.668249535218122	0.931520908361541	0.739909251128339	0.604513054802665	0.71497747446972	0.42318653626724	0.846618386477326	0.663921768723224	1	0.776426392964175	0.727335261224492	0.865473997380487	0.828302984861914	0.878459990242732	0.774110614292117	0.907664497771153	0.875502647575519	0.907825888604512	0.487281314259078	0.553507908807214	0.758580492039519	0.618918193708602	0.802981443947133	0.650069862113513	0.702458922493758	0.868934307862044	0.904960804303497	0.801765410309923	0.399505003330356	0.729996888086259	0.831412294789123	0.59118118814249	0.793805473002854	0.807539225991642	0.869207132998364	0.810033903248914	0.819512930596776	0.73673463789957	0.733879557538683	0.564476738310237	0.864725065908868	0.682355689060652	0.882319579106051	0.729730724779573	0.786199143107858	0.449022851002888	0.951919456783235	0.828595196005392	0.780093352615011	0.767591289094042	0.889251411551906	0.846035956503944	0.908586311081526	0.879286829656604	0.890945283395134	0.663471956773091	0.742386813329732	0.807840576334337	0.638163830772165	0.842957405134425	0.586523380530558	0.836406864888473	0.581104181517982	0.730341752182452	0.958439830454272	0.768577217971822	0.804180602525202	0.638004329993274	0.716853544675634	0.770068365795656	0.733431122886508	0.834087350666548	0.692484405145261	0.717626245541704	0.346838684654659	0.151571632948538	0.408613768414908	0.336506303511216
SMAP1	0.866838960228032	0.892399606836414	0.603182208382951	0.712124010432811	0.944161245056382	0.849947639823412	0.897912891460093	0.703783070805865	0.854452160675931	0.906950868778091	0.909301965799213	0.807753157808694	0.89919254299599	0.68229192082113	0.820045178044559	0.829305950885366	0.891451949513421	0.872781487402396	0.84335747114736	0.6516773339586	0.948578331381461	0.868123784357868	0.776426392964175	1	0.693287003338414	0.870029693416889	0.905128128570034	0.799076026708749	0.860307492838342	0.865536333806305	0.88955515581687	0.865425324536224	0.661588235151883	0.829705821318107	0.532273021531783	0.799903375439432	0.686243954917193	0.736562638943709	0.910064657988942	0.77615548094922	0.714897259899846	0.476720310998665	0.793897560883866	0.764894637721476	0.827214242295061	0.920201852439712	0.92610317893837	0.835028326821633	0.770760067260625	0.695095152790799	0.858216604535566	0.874498876906358	0.85916474838563	0.630387781923468	0.822773743434491	0.918164422263393	0.90329500254449	0.775649200555705	0.916927528676153	0.77958507644435	0.798959899261335	0.876415906229224	0.771234744920417	0.909254137029627	0.912045012991666	0.931401962099643	0.864780911767537	0.885527945303203	0.633867493343597	0.940117459682458	0.823388104784013	0.930555350556199	0.923542223205054	0.650234225951671	0.877169638661406	0.91094757644424	0.847135585287929	0.582483940694869	0.801430283397373	0.966042236236326	0.903535562751158	0.836701455405235	0.85073594789213	0.866970564609445	0.415712403263515	0.820109752796152	0.894740450186734	0.490587025563863	0.389555681613011	0.0705128116653203	0.291049964008113	0.287072461816939
