""	SIGLEC10	CD40	C5AR1	CCR1	CD86	TFRC	CCRL2	CD163	CD74	LILRB1	LILRB2	TNFRSF1A	TREM2	ADGRE2	HLA.DPA1	SIRPA	ITGB2	HAVCR2	ENG	THBD	SDC4	TLR4	KCNQ3	TLR2	ADRB2	TMIGD3	FPR1	TNFRSF14	GPNMB	CD93	ITGB1	CD44	IL6R	AXL	STAB1	HLA.DPB1	NECTIN2	CD63	PILRA	CD4	CD68	PECAM1	PLAUR	APLP2	ITGB5	ADCY7	TSPAN14	UNC5B	SORL1	CXCR4	CANX	CD81	ITGAM	IGF2R	ITGA5	CD72	ADORA3	TNFRSF10B	PLXNB2	TLR7	TLR1	RXRA	TREM1	ITGAV	TRPM2	ITGA4	CD33	SDC2	NOTCH2	LPP	LRP1	RHBDF2	VSIR	PTPRC	PTGER4	SLC1A5	RACK1	SMAP1	ITGAX	ITGA6	SORT1	ADGRE5	SCARB1	CADM1	CD69	C3AR1	ABCA1	NRP1	MCFD2	TNFRSF1B	SIGIRR	PTPRA	NCSTN	TNFRSF21	MRC2	CD47	RPSA	LRP10	IL2RA	TRADD	CD46	C1QBP	SDC3	NCL	PTPRZ1
SIGLEC10	1	0.642148662867472	0.511794790946758	0.840472432202799	0.527162979038427	0.256423853833833	0.196192447592738	0.891168411268346	0.59683985153794	0.727968169123577	0.680609388735695	0.763869636446153	0.71371382566808	0.333187726460825	0.367873960932658	0.767074771174819	0.934902712924346	0.253723207095727	0.908292419311138	0.701740586991792	0.330278178589244	0.545957315690121	0.420751714420156	0.661682910386551	0.00679092103803194	0.259211615750293	0.647904967215408	0.623850275805308	0.541544898213773	0.86087841219947	0.699469329728447	0.784916542364439	0.447747632630722	0.548643352879808	0.900249267766138	0.232271911190537	0.713821164935386	0.763225120270638	0.29463025076137	0.879300165885798	0.91291608524455	0.149064957088679	0.0744600778186566	0.847899850263888	0.892420915897763	0.655024112956734	0.54543114165158	0.668475194272855	0.126130320493525	-0.240480320844314	0.850690057039352	0.846419408472313	0.877870098705753	0.620826657183916	0.508377068972884	0.14167955246255	0.892146502608284	0.389392996048682	0.755593909897414	0.361381406848131	0.417791485862331	0.678625372515466	0.0418446515990136	0.596855945370577	0.909849375732778	0.717551760930555	0.854721208925962	0.249185357798822	0.266354427405843	0.525095921230821	0.803263358093992	0.109363310542992	0.210419728848297	0.65995508737643	0.398114463659981	0.553936183067653	0.589447194128763	0.723952853166701	-0.146362920669594	0.515372475246303	0.381228926626862	0.436452979445969	0.391310447231544	0.297515960037297	0.159994477781625	0.610071006201	0.516514136872965	0.908489503037736	0.712461378572681	0.381660337114489	0.448862168043687	0.302532044664559	0.674476044514536	0.329219197519472	0.272675216114858	0.862079761440883	0.729267665518786	0.696650602205978	0.695034768274643	0.745727376888311	0.702998410533766	0.756639562334731	0.572430161084281	0.743673361013496	0.0340537248408095
CD40	0.642148662867472	1	0.442497447830056	0.6768682421298	0.597345778378913	0.563822507565073	0.625414410676984	0.405679066190465	0.384400757260611	0.622991474007484	0.0831680381758174	0.515323133125894	0.678356684447633	0.294631102014578	0.109511387118956	0.587592362720954	0.667781754168044	0.672224776924899	0.556468177955128	0.276830035834978	0.405581589587133	0.254582750265605	0.430354199332697	0.647479292723443	0.477098108744631	0.609876202718828	0.751226164914708	0.294537713935839	0.438924536257808	0.377751691437487	0.695033331318094	0.452627329191987	0.705814151814089	0.706566441972004	0.448875483039651	-0.00407685098576288	0.500683538298079	0.608058813399031	0.514429791905839	0.635677992935468	0.617232941539314	0.296267618565836	0.573974161424683	0.665446711920007	0.568212349119539	0.427769102087535	0.742447941558326	0.402429181528116	0.55999208314974	-0.156360649279872	0.494481076416903	0.638283752728662	0.499159170162588	0.340131177727191	0.620483774411226	-0.238231601840688	0.5282575393017	0.625429548488385	0.520259581837712	0.449836609575148	0.358944166527019	0.609002352571945	0.0632747956399779	0.781132728035117	0.642911113758294	0.269268941274322	0.534310556894276	0.335893460677322	0.130881051719483	0.478768259082058	0.595628239179073	0.36154506825223	0.238342297850161	0.694166243752922	0.73033387409489	0.718125661030913	0.409458585229063	0.418853928751651	0.424768553961499	0.631776986043776	0.54077409299475	0.425580101173989	0.524433820702272	0.0821322823658469	0.536657940529792	0.66916267179108	0.63039837736635	0.615775020533348	0.518059016034881	0.376920563848969	0.402888824241145	0.344449796907764	0.542966838916842	0.0403614683758076	0.376295651315184	0.632123786370594	0.483073753516367	0.704646790121232	0.192511548954091	0.573727708096079	0.497533021696224	0.529754225490969	0.473806170560865	0.562483274013682	0.106226393503637
C5AR1	0.511794790946758	0.442497447830056	1	0.398780101662777	0.522929491877632	0.544629568414707	0.222848488030199	0.544223068554396	0.651544649759907	0.546476586437272	0.449823318441696	0.465471561780222	0.613687042978055	0.683530269696066	0.49663377884465	0.582978086558109	0.570494359086794	0.151936519047737	0.54471150991284	0.555145257158938	0.274148056833065	0.522624780005648	0.470563164042927	0.442088631490143	-0.104362837462951	0.0981279738282706	0.554155428962555	0.606837002056339	0.242603488851252	0.547678534758185	0.48655676206346	0.594101241495653	0.432174735772894	0.492194412908449	0.523132863476418	0.474503015071478	0.559972486891939	0.377957172819381	0.507516498304294	0.626684105974246	0.470935112251107	0.520289653751192	0.442282013642807	0.519511538762543	0.522367955369856	0.512650715554018	0.462151975330342	0.513545355643317	0.371621934853846	-0.0885216923790323	0.449607863945916	0.645898753388322	0.378376112071924	0.295440962992847	0.4491915545258	0.363623287538193	0.491026364642226	0.328399497987482	0.489727135536785	0.569093606213222	0.215036764630183	0.389340216811828	-0.0487699244135249	0.525592081430916	0.488171248270743	0.472362100972961	0.517398670961808	0.0391093654279359	0.427999547520089	0.315189421191462	0.498174454659241	0.417733755315003	0.474653953726518	0.531167457793139	0.486875588768242	0.267748599286957	0.596176793072157	0.413832390450895	-0.0245523882837635	0.49434937257834	0.28408384102808	0.226034030102657	0.342901234898254	0.441604779191093	0.16341810264981	0.308344216130328	0.569626898855678	0.395789493404053	0.372343644990253	0.64176147433864	0.465484823398519	0.214737876439087	0.284522924485059	0.341598406755681	0.271128682973234	0.395340414906557	0.467028469655026	0.558595678931131	0.476933635981815	0.381513066577737	0.47114426794465	0.305671306629905	0.36093052883075	0.397526284431267	-0.0223786076394664
CCR1	0.840472432202799	0.6768682421298	0.398780101662777	1	0.504819910219393	0.332107205307693	0.381255638910954	0.751531116915945	0.259248458028823	0.678498032120039	0.508875087661006	0.675435175288746	0.628011194332127	0.0914689355734983	-0.0313101830488643	0.715273296064934	0.811520377019853	0.402430375624505	0.833074718790219	0.555961877283135	0.426103664757996	0.277779865202865	0.267278199643238	0.653251103427229	0.26667370276301	0.503534090294349	0.6325846662315	0.31830289941224	0.660672948392596	0.66047777725607	0.642886229540764	0.671059768093694	0.576555835938927	0.463404160656449	0.781842096422576	-0.168208351101533	0.639138195441547	0.708983489908708	0.287444888530046	0.746416156234053	0.873112961127513	0.0612879080765286	0.179329165197046	0.842508478569505	0.831786248939921	0.442075606207604	0.578937608759541	0.47525356765943	0.198824181511008	-0.452212426823778	0.733441342925477	0.734391558003735	0.806491811267629	0.613549967341928	0.545102203086055	-0.212751464228006	0.748258406580916	0.46656640860035	0.58912719107138	0.329964013395647	0.42217004900381	0.638080699782243	0.192080056161827	0.641233206008188	0.810462047954957	0.476731538116693	0.696550419593628	0.349501057298607	0.15281371145954	0.409177661041975	0.7405696456505	0.111367141203436	-0.00479548622888103	0.527380860485508	0.451315234995469	0.493023892927187	0.285610029427289	0.546223546032187	0.169132597881734	0.436989585140419	0.388994398889981	0.475279457498719	0.456067675867072	0.0185231807107092	0.120710121803356	0.646401839880457	0.542372522767978	0.874401990717576	0.615108119209239	0.11663582878378	0.282382748070919	0.24826061223924	0.629087951458531	0.187713025010878	0.249005810648549	0.741476742878194	0.474645618173044	0.611245976448503	0.424135518392406	0.611358577849679	0.567108416455104	0.561360871545812	0.521418283461975	0.585856749635862	0.0352125252739942
CD86	0.527162979038427	0.597345778378913	0.522929491877632	0.504819910219393	1	0.448777528047359	0.435139798487741	0.414820049557825	0.548644550175086	0.58891743543228	0.293223186030342	0.365642413408951	0.635367831435876	0.413778402120438	0.388190999968613	0.557345256771873	0.642802288551137	0.447148092563688	0.415963300473769	0.332972281963986	0.331009338858838	0.421213596481188	0.414943309604425	0.556138427588626	0.234600297118428	0.353903855234522	0.674014838233524	0.417149264045834	0.358451061756145	0.341468149048491	0.479613973499925	0.457537842807145	0.486093581523409	0.625487228967699	0.417919496891911	0.291614333736878	0.453694590650482	0.415235045906027	0.636571480068873	0.497967669998886	0.544600789151338	0.430393259004526	0.488768601082292	0.507054816094785	0.446216295834243	0.425122745401944	0.535985021099253	0.435833103147839	0.40781944670441	0.0524810174130254	0.362468482484161	0.501174321992624	0.376332788446886	0.288258376362871	0.344020645069142	0.108813044427044	0.488559530088277	0.474717830181833	0.36376085370098	0.519698324931983	0.353542803056851	0.364552506756049	0.115679780465652	0.495662403906751	0.463590311179034	0.308680852486876	0.48592808189206	0.162111056687614	0.28430903111512	0.272808125460224	0.425761183519702	0.335532349868342	0.458978961944417	0.609695552088449	0.574803463026048	0.439166120574308	0.455202257526126	0.400115528653872	0.155300785197017	0.437312386482605	0.236378153653274	0.173325781467502	0.429902604917049	0.182102216927284	0.330807679243134	0.527790112966375	0.515142342473436	0.437210193817668	0.327372442836164	0.399805085390153	0.434132330951869	0.111808523557209	0.371226437565213	0.0523041034682366	0.198341328418995	0.448368838062032	0.422615060350613	0.493959453354348	0.29953822955505	0.413058218684557	0.388493249358975	0.309714706565891	0.26545679458643	0.407138724591657	-0.0692213776501132
TFRC	0.256423853833833	0.563822507565073	0.544629568414707	0.332107205307693	0.448777528047359	1	0.469842167629524	0.0634162855856227	0.276418349597316	0.364060721567278	-0.130672459679429	0.341816893601978	0.638133382232918	0.555460463299621	0.0465846920850736	0.374770302101966	0.305676270571773	0.681520290127546	0.290551960283359	-0.0731210867979238	0.168751941376307	0.238773063143129	0.561665033188109	0.408529999959255	0.350243850866851	0.553950397304251	0.645550256560346	0.0651698714324797	0.14372784962665	0.0156221148891823	0.470211662285571	0.109061442394859	0.714803048609589	0.677343596985685	0.0999378462477348	-0.00549694225498658	0.358955974659737	0.201824987859992	0.548221345520893	0.372472641989702	0.196547188057254	0.373355273128277	0.620092305554468	0.32974329423433	0.205969073942068	0.20367798844023	0.744565126193312	0.290680693759442	0.85226607599776	0.0200751400040371	0.11419615505922	0.48475576866685	0.0397453127905221	-0.0566448664263661	0.455772707385815	-0.260698817564911	0.207877232295666	0.443254402363541	0.329045695171294	0.657309534529604	0.403065489525127	0.252131754649178	-0.103714554637091	0.728729268170887	0.291627461110142	0.0282633700732657	0.232492542847351	-0.00237662516450154	0.0875110100302345	0.273840167716549	0.311993457557514	0.773453359163643	0.523346404812988	0.570305577678752	0.719146045669742	0.371119242801481	0.212628375544072	0.020389933091804	0.548041250793872	0.599084997233632	0.514110669478314	0.335671022534033	0.399613932897145	0.17210085252686	0.543720399566643	0.459012601087654	0.503171186498666	0.114811519821762	0.173123951431538	0.55097702748454	0.162388397398009	0.295345981322456	0.277459887098152	-0.0420360495570242	0.406193334602578	0.206211049628918	0.176007515564276	0.47107169971813	-0.107221877010864	0.163243499517738	0.332801606009024	0.102812283824114	0.265566464314711	0.203631815065549	0.119421200975242
CCRL2	0.196192447592738	0.625414410676984	0.222848488030199	0.381255638910954	0.435139798487741	0.469842167629524	1	-0.0180786786515752	0.00547384291713863	0.264641146016809	-0.238178194718994	0.00527424237727101	0.482691264548143	-0.012063644671652	-0.198588650891428	0.333918239927049	0.25039533702157	0.78163565779005	0.140341624354497	-0.0965741100272144	0.524559623300209	0.0222510513092457	0.0811045439551589	0.233164624028371	0.808646563797937	0.82746790576838	0.544124369655436	-0.185808913602917	0.405554652940798	-0.118494858598421	0.352683159737932	0.125498349232442	0.707760308574003	0.485408373566011	0.0247986500211984	-0.292795498760396	0.0221055910571178	0.242835563633214	0.586494589843874	0.176667711152517	0.282430880848886	0.24913676732076	0.835111090267833	0.373523585957677	0.067599438306058	0.0395375408431385	0.505610406903233	-0.0407089759590397	0.558723937056183	-0.301585203779547	-0.015135367720019	0.216722901905282	0.0587670641063931	0.0108180023805936	0.460030152331517	-0.375969112989705	0.0691925086947521	0.460730849383048	0.02214006045725	0.429682947415644	0.193236181640559	0.272988802369547	0.12320806859227	0.6176651084438	0.161103778555113	-0.281662282219845	0.0853984759063103	0.182486131891357	-0.265779866177883	0.0511942014286091	0.244427946414766	0.210466597627559	0.000599528782164593	0.202354715478866	0.690351519239661	0.347679195872697	-0.0367266958073244	-0.0798272595427748	0.59509029464546	0.246918615427637	0.326766300477009	0.0185226440879987	0.546622513237678	-0.25647852975485	0.295378578254524	0.535464913937296	0.582793020070737	0.219945283211907	0.0462123733508429	-0.0429921514055571	0.19938742118834	-0.00517020257102045	0.184581509983503	-0.275791091860217	0.075847426231521	0.129169233751184	-0.0603443478851927	0.239569572160742	-0.298423208812771	0.172840265994439	0.00675637683788742	-0.0583317024115055	0.103598507651427	0.00975535112207732	-0.0962652075068165
CD163	0.891168411268346	0.405679066190465	0.544223068554396	0.751531116915945	0.414820049557825	0.0634162855856227	-0.0180786786515752	1	0.595727499854869	0.628996870848768	0.873747960826829	0.733022988478487	0.556510525997074	0.300018082821869	0.430722201630615	0.73274127838094	0.84660411925988	-0.0692982718309882	0.902275817895737	0.860706705108802	0.346985639977859	0.540709084303269	0.334010432398157	0.534124019513196	-0.236516390011936	-0.00536587050942131	0.42329073290617	0.705905062341526	0.559364858952324	0.955097738000843	0.574336477364679	0.881133934564623	0.246325692478511	0.331765662552747	0.977531066447907	0.334543053897404	0.73068992486778	0.704731536231743	0.214333562891782	0.842484469208926	0.888174203541239	0.186072230849005	-0.105821887755959	0.796371222117109	0.915617973037791	0.650444852517817	0.294553368244787	0.651672921886075	-0.134350489019892	-0.297322967673021	0.873380861169841	0.796237796316696	0.894888595167088	0.730941711475637	0.430502455337466	0.363333466982612	0.885174222043048	0.221924991382903	0.733658051205275	0.228596100873262	0.223392232961189	0.616752956541997	0.0465028910701544	0.393927397800757	0.850199829244358	0.805547822302023	0.837486689965684	0.248322466777384	0.395731240432399	0.467553703636888	0.795994530867413	-0.0988862508187299	0.0770107722838677	0.490663539755687	0.149108193470305	0.334810209427866	0.587120606759899	0.775515558862516	-0.385675359447316	0.35972479069601	0.19947701533716	0.349073610096891	0.29390976511122	0.392872326209969	-0.105496075382119	0.358765733552718	0.473521814840692	0.896806634061188	0.680249978337468	0.307039074882485	0.410379103559865	0.242167260207374	0.611422894638906	0.493633065269431	0.182489285200012	0.806664455696876	0.688395073468544	0.58384769588868	0.869516553334858	0.718383865286974	0.688550040808924	0.700365976889846	0.54482498266204	0.704933009593355	0.0135941855058442
CD74	0.59683985153794	0.384400757260611	0.651544649759907	0.259248458028823	0.548644550175086	0.276418349597316	0.00547384291713863	0.595727499854869	1	0.627462983416322	0.557208936859448	0.456969720908634	0.6074422051608	0.74060481016707	0.93077751601888	0.465099630273831	0.605962377192609	0.0689421499764155	0.512633203133849	0.482392013775825	0.0948980035252628	0.743009336076524	0.595913451041323	0.313574228840786	-0.26514551757261	-0.167819480972375	0.514262720028649	0.774192054341006	0.0540173957284806	0.606961799781044	0.433708592134908	0.561857724475803	0.170250598858348	0.561164281790058	0.595159956795425	0.870349715406354	0.522563424900713	0.361203382274476	0.463806298500162	0.693644919585284	0.455936833359312	0.498174270883161	0.205506196035734	0.409257934832886	0.510332640376153	0.615939299184156	0.310494721458583	0.720545525748305	0.17261962542952	0.267763901842397	0.476673495813708	0.644983763434295	0.400712502020282	0.252148444332769	0.108368184841567	0.584714192032348	0.610148509457631	0.240530139985538	0.531794865111067	0.535480779623417	0.238621892797587	0.259944054123309	-0.365211243255675	0.394855131156701	0.541950071384724	0.724124685255244	0.645645414636856	-0.120728305551708	0.457111789199418	0.370856255531873	0.45648562550609	0.225824589193386	0.674741584835887	0.664945909539752	0.402693854149203	0.344828129660638	0.828367440456618	0.513987048675907	-0.395758543337713	0.479590933842477	0.119223390037527	0.00117198325678951	0.339496571168723	0.688166154129477	0.292407269700402	0.232305992620736	0.369256078586634	0.418975270227921	0.377594566167537	0.742454348851605	0.555020669510596	0.204125318328609	0.404897667815644	0.364412816502	0.229370576636742	0.482634080988637	0.715272504906899	0.578087712793088	0.714267858923833	0.49659531186993	0.518619322280584	0.498278385476778	0.311732348828452	0.540254430523526	-0.0406426911829948
LILRB1	0.727968169123577	0.622991474007484	0.546476586437272	0.678498032120039	0.58891743543228	0.364060721567278	0.264641146016809	0.628996870848768	0.627462983416322	1	0.470057348606051	0.549073649541984	0.623664654959383	0.397948748738206	0.407926089790131	0.491243823612792	0.730598680248403	0.370719926966865	0.658377401197917	0.445625632884497	0.181763514998255	0.515106037557243	0.526119478592442	0.538160501160714	0.0821893693650395	0.22410604058843	0.706085762377412	0.505359788062287	0.254245013647874	0.603526737337297	0.517593260246676	0.570352067240512	0.465344655221321	0.532387314640433	0.649224570909782	0.294443516892943	0.59191367477245	0.487817254206339	0.321098263114945	0.774754243647365	0.647506386381558	0.293942217233277	0.302224330236386	0.622751949949127	0.698245062079196	0.611585367224727	0.51939553894654	0.629266408377361	0.27690465008819	-0.110195856870539	0.581201571572704	0.671204482257546	0.608438018429731	0.36765212400155	0.319251953387694	0.027789546884701	0.693655113911241	0.413656817888571	0.495511887003866	0.522487199435991	0.507184339717218	0.401665976734874	-0.0580043771334441	0.614387243586749	0.689018204744196	0.614788192067053	0.718432724154875	0.0405830253349611	0.244804680842709	0.368532101463137	0.560349013399199	0.288854767922703	0.439360017031477	0.683971578569952	0.572951489196064	0.54311409178919	0.554849752138832	0.492106746624425	0.0495930070329484	0.542592524414984	0.214984289748044	0.211217305879249	0.379255669239194	0.309188522329898	0.331470350394861	0.539273693118415	0.369070723402558	0.635951584235514	0.431823806213764	0.494721884357381	0.406423094052948	0.208381938235419	0.494951714545834	0.179745350555033	0.248837769310326	0.581855844775636	0.606534543174854	0.651546803734646	0.490918709279162	0.487758083250932	0.514705261937128	0.491301810017013	0.375562465113269	0.556274863161218	-0.051817978550159
LILRB2	0.680609388735695	0.0831680381758174	0.449823318441696	0.508875087661006	0.293223186030342	-0.130672459679429	-0.238178194718994	0.873747960826829	0.557208936859448	0.470057348606051	1	0.570995277706748	0.358470593229366	0.278381624589947	0.501457049246311	0.551833928384594	0.649606945563671	-0.333649933666805	0.717750548433685	0.818387325509979	0.210179351914038	0.550954076653453	0.248782330789846	0.285110451128264	-0.437420906246852	-0.245811744699572	0.201341518618114	0.661903696522295	0.387490076620481	0.840997030449936	0.36596472538336	0.760554391996307	-0.0325890971122201	0.108609674294638	0.836530756250301	0.448555928487149	0.586696036289367	0.498069512166311	0.0643454610036769	0.659276190147704	0.669093517638265	0.120594419228808	-0.285386689924344	0.59072987081662	0.708122834261176	0.54555035852977	0.0364642704685569	0.615679090558336	-0.342488885903374	-0.210050288751913	0.71176465329757	0.602159813130206	0.724002662292683	0.626934784723338	0.176652623346345	0.502821650131584	0.731226394440169	-0.0338383566880656	0.536267018816021	0.134338810520013	0.114133584554056	0.386866446580763	0.0509887568982874	0.123897215101009	0.642080527104183	0.763769630295783	0.693496236810387	0.140363624500026	0.432775169619593	0.295615387944358	0.573212241551392	-0.213113047759053	0.0807845905430082	0.289667470601108	-0.0419424854228238	0.0634592213841617	0.54995219150997	0.652398102280888	-0.575458335338638	0.157951404994221	-0.0159538343556539	0.166828974098731	0.143663044128001	0.435391672851864	-0.271763552057718	0.097370330793705	0.263886613987219	0.678408605043547	0.477159007057543	0.272202970270906	0.33784630980067	0.100181152904106	0.440444365160558	0.511993870241836	0.0654420876262169	0.57932752878443	0.59575652613478	0.357721225913304	0.849130727830113	0.560713792564957	0.522683282572866	0.530908729394663	0.371160033179743	0.543265635422731	-0.0585672385249359
TNFRSF1A	0.763869636446153	0.515323133125894	0.465471561780222	0.675435175288746	0.365642413408951	0.341816893601978	0.00527424237727101	0.733022988478487	0.456969720908634	0.549073649541984	0.570995277706748	1	0.608395204530311	0.350913887536597	0.26243154594341	0.737142418311798	0.753920730565179	0.110132802324118	0.831318142939191	0.601428716251009	0.334913163756985	0.433031368783895	0.46265614317894	0.526727621324988	-0.125765416124827	0.135260905964039	0.46579092514286	0.635490038356262	0.455980856038395	0.74138602573897	0.81141476338787	0.734449408075165	0.411288643187906	0.507642380880913	0.750392809467875	0.180153584106872	0.879139218983042	0.872728954670349	0.190792402832464	0.793253072158626	0.728224437539423	0.21686261679215	-0.0362416448686735	0.828532036010931	0.813178390475643	0.524620953458023	0.510921592431688	0.727588095756305	0.204196356461462	-0.170249551698329	0.879652124216188	0.872909521343843	0.698900192670013	0.646430544555419	0.567689200132462	0.0918515967589268	0.757143985041964	0.43243115295369	0.815815101654104	0.33754192217523	0.327355184695027	0.726543794828051	0.0661550829747233	0.640323437936003	0.751776652809648	0.693792805057288	0.760959388259031	0.461368928333352	0.523538432052605	0.817530767389758	0.867010429792689	0.205739583637581	0.18812752277358	0.599136720306967	0.319258085366009	0.398511179171758	0.640791367912441	0.755915334649114	-0.124414218890401	0.714212539027583	0.595043767673459	0.667298328132443	0.428120805755407	0.577483840184772	0.165621584056514	0.329167062649492	0.555759463229931	0.756778833586193	0.836389572113691	0.442161609738483	0.469835906759592	0.720281165074817	0.776224840455986	0.643901861415262	0.672365697388497	0.828368743348691	0.760566624649509	0.835147429025907	0.579462734663028	0.738154370938319	0.85380001438939	0.822070751148503	0.839366819857244	0.842058733270697	0.509606749184363
TREM2	0.71371382566808	0.678356684447633	0.613687042978055	0.628011194332127	0.635367831435876	0.638133382232918	0.482691264548143	0.556510525997074	0.6074422051608	0.623664654959383	0.358470593229366	0.608395204530311	1	0.540622617199087	0.38545046781031	0.728198451093884	0.740993078649575	0.579813348789309	0.70040332212981	0.331311671279035	0.430355870182591	0.512693044374625	0.513618111065423	0.48270921669515	0.307345011848823	0.540260162056362	0.760751827559832	0.440954411094883	0.495972694194647	0.469681894149243	0.758888518682392	0.552100516650508	0.67973521224655	0.825889837524288	0.59306362693041	0.261534413997901	0.578860261451652	0.585520776487035	0.664802354157356	0.728770738499409	0.677358327912892	0.403495989986078	0.463520983166498	0.708086952243904	0.585821173021105	0.502606989346183	0.742576736339612	0.622691641134689	0.602376514684674	-0.116898735583829	0.518454187977945	0.811221171156366	0.487363529587097	0.340782906563546	0.468253244119904	0.00436414362028605	0.672802307245732	0.449416598223959	0.649883855148264	0.658362306588123	0.416019420279913	0.545350635530285	-0.100643339448336	0.803793201324905	0.664986864135722	0.390668586218939	0.658478766609995	0.129001816296858	0.189452713984715	0.400014297389475	0.638640620685903	0.456947326146151	0.443331973376755	0.619945456643376	0.690278896098691	0.505003960348046	0.556550345973227	0.376946322995198	0.135459207795484	0.633884943761281	0.459720645859973	0.277316733856771	0.57514980492419	0.33599483603592	0.37547621055546	0.613542208888875	0.692641193178566	0.575828809554087	0.44799172024762	0.534121989915952	0.482577991552914	0.273681738052639	0.600117893930745	0.166496432128374	0.345927304786029	0.567392773376613	0.532745833606768	0.665807055408162	0.335542121648278	0.560070292001849	0.52286801754094	0.419479775020081	0.432319340592588	0.495727218316617	0.00578889250884884
ADGRE2	0.333187726460825	0.294631102014578	0.683530269696066	0.0914689355734983	0.413778402120438	0.555460463299621	-0.012063644671652	0.300018082821869	0.74060481016707	0.397948748738206	0.278381624589947	0.350913887536597	0.540622617199087	1	0.662541716805648	0.314588254237304	0.355391746536086	0.111979235006319	0.319397032639061	0.242331271411135	0.0095090117920357	0.533462583176649	0.565820436592403	0.310491949029466	-0.233652643430269	-0.0899291344500525	0.478917069295527	0.512271617251975	-0.104253167876129	0.334330562324983	0.347621977572022	0.295645509235644	0.230900964363271	0.531720543040559	0.295661429600225	0.653233978677668	0.40220875645521	0.150567658629235	0.443236401042406	0.444818861111107	0.163267295901105	0.452298147381552	0.291667816633388	0.216747181530925	0.28086649959481	0.324890402630822	0.343571912070163	0.521114322226292	0.433914497456193	0.271415905035178	0.23045681482966	0.505267894388701	0.0910337058966536	-0.000204396429744511	0.107008247436257	0.388731724599581	0.325481301297574	0.183119619469572	0.372676143512212	0.601958122581784	0.212180670741732	0.0955713338906256	-0.333810822575966	0.410372187275027	0.305766260074036	0.4215834925246	0.335892878358637	-0.188513706315324	0.418714564023497	0.245154419122944	0.268532527030619	0.503168971294917	0.69923724180216	0.53205030376495	0.433916669091717	0.204460412472637	0.571746907243249	0.211143898695772	-0.147793530118212	0.502719100391746	0.221607879190442	0.079994686719926	0.205920920661782	0.544784619961257	0.321771499139562	0.176359270116549	0.33247257017074	0.120358131818522	0.214834024248078	0.764747607675456	0.308095101204062	0.22631735938402	0.175882673821175	0.239146600044904	0.285732775493835	0.241992803735609	0.424823258924803	0.443586528776538	0.393983771840216	0.236758183472734	0.369406291654836	0.24198679548302	0.218184357535423	0.312342175718475	0.0231798062746537
HLA-DPA1	0.367873960932658	0.109511387118956	0.49663377884465	-0.0313101830488643	0.388190999968613	0.0465846920850736	-0.198588650891428	0.430722201630615	0.93077751601888	0.407926089790131	0.501457049246311	0.26243154594341	0.38545046781031	0.662541716805648	1	0.271206671085462	0.378963684336153	-0.169741624306068	0.276481990940052	0.382676393109938	-0.0118879906209994	0.695497411360073	0.440685738118069	0.0870571532644816	-0.416349630811373	-0.406447387008799	0.238223002841251	0.73091127428193	-0.0830829764374988	0.462747740539432	0.232816232525217	0.401700072176248	-0.113591041818842	0.346802322441243	0.410457350876493	0.975353371109493	0.340132893472249	0.179114161023471	0.340022205864543	0.460910817084336	0.241295520237261	0.428140361851063	0.0235685036027046	0.161027183386625	0.286321149018999	0.513799115460751	0.0322818145266026	0.592133109248173	-0.0177416917305936	0.396261863349689	0.300369354092807	0.410633417711366	0.217158929138327	0.129159668573438	-0.112373816918955	0.721083793722591	0.438109080238489	0.0581550102854179	0.355870007295147	0.344766558499341	0.0450534732421334	0.0705792489367266	-0.386229057996641	0.10813324093119	0.315113991002044	0.63404809126205	0.458611425748967	-0.191169835664954	0.455062101705067	0.239383509372201	0.243525625439003	0.0664145507895145	0.606760983342096	0.459087471779848	0.150889757359314	0.155426056642403	0.766710535136763	0.410625142566896	-0.552570008692076	0.260676339581068	-0.0541975820917745	-0.145783743475402	0.157800259082132	0.697412832723489	0.156363824856813	-0.0105944058600172	0.167693174506517	0.199294991817822	0.215732861402179	0.639076716565681	0.486636383244987	0.0974104202172152	0.226059598549952	0.347836621860991	0.104854412884082	0.284844187299742	0.601070418899235	0.365182111813555	0.67186231809266	0.351951489237893	0.351371219521102	0.362144998766071	0.147355400243194	0.395274162133549	-0.073383282237598
SIRPA	0.767074771174819	0.587592362720954	0.582978086558109	0.715273296064934	0.557345256771873	0.374770302101966	0.333918239927049	0.73274127838094	0.465099630273831	0.491243823612792	0.551833928384594	0.737142418311798	0.728198451093884	0.314588254237304	0.271206671085462	1	0.775063186775271	0.269069694788278	0.780877608036539	0.623315323412526	0.585225543775726	0.483493895060086	0.331670606765702	0.52049614673405	0.131789405523601	0.383264876227853	0.535756307606261	0.555254869710308	0.731073257454797	0.652697709966123	0.768510024188236	0.761088312006464	0.520981956555079	0.59565856638825	0.736902145846678	0.170290046991825	0.719939407557267	0.815589881134436	0.52486232408916	0.728412305170352	0.83545133823925	0.32479133020276	0.23180049604897	0.839222089615154	0.730591491246712	0.544090185707361	0.529189704364763	0.542443265421306	0.274054631147302	-0.303235890763759	0.75362471480687	0.816070336346943	0.691544493229422	0.597165291354566	0.60989452100411	0.132671444262242	0.755265692946112	0.462933549679608	0.702111167332482	0.381076226863764	0.173622376790071	0.72563618626582	0.1502044022918	0.631520867692246	0.721248081692448	0.489593370597569	0.695803161871846	0.448734140049559	0.399454845360897	0.582650479267452	0.837172797368271	0.156081818424779	0.103405690987028	0.489596035583876	0.380177386939988	0.460765016175872	0.528280398296104	0.684062601717173	-0.00817308954949144	0.554753977483743	0.574213932539571	0.460017805893558	0.552333841342415	0.350031723674115	0.0395968557915183	0.462641545400952	0.757828258701775	0.776950737504364	0.693992516606204	0.285079168182078	0.505087508789459	0.4415364933792	0.692405038866061	0.423710343182516	0.42652781261871	0.752886323878559	0.576755270030889	0.662637342336331	0.525871621653312	0.728230700306749	0.682730800672844	0.627947173146338	0.686737079713197	0.666307859916947	0.254439937461857
ITGB2	0.934902712924346	0.667781754168044	0.570494359086794	0.811520377019853	0.642802288551137	0.305676270571773	0.25039533702157	0.84660411925988	0.605962377192609	0.730598680248403	0.649606945563671	0.753920730565179	0.740993078649575	0.355391746536086	0.378963684336153	0.775063186775271	1	0.286211068141752	0.871254006400036	0.718529081903812	0.406958317834765	0.548113297961581	0.474595433036253	0.672669405555538	0.0636172850442864	0.277269157694121	0.678292809420911	0.656274410436111	0.561053659338401	0.817785303115031	0.74922595715884	0.817935744471239	0.503515881788116	0.608491397149528	0.8524963084031	0.252844645674104	0.746657458557787	0.766634511062678	0.385986425893104	0.86528155382495	0.892527235669584	0.250382817599151	0.161988135797792	0.854701542033961	0.868979928926364	0.636268120317184	0.587654380025672	0.70263216412963	0.203721115752825	-0.176104524771099	0.832018047549332	0.840776599168103	0.849028371930692	0.653066736123122	0.532166771701964	0.158770526162414	0.838506275993659	0.472369479653995	0.735545408501284	0.440732596817914	0.426810130767985	0.654823293782763	0.14190577760473	0.598883946991208	0.849829071352267	0.708453936198205	0.828661349770199	0.323078008364747	0.377886854554339	0.53467659948082	0.77568627185361	0.159714491490087	0.290300419739114	0.693730857905278	0.456260684133186	0.519118082348299	0.639593037114735	0.7194377602696	-0.118708642930536	0.558722213605389	0.370936195795872	0.457984573666165	0.446066722947152	0.330914922895397	0.207952782660202	0.588842191361618	0.571024864753023	0.870401009109905	0.719337542570222	0.448943252306791	0.560574107711432	0.332546331645709	0.646215356911246	0.36665114483586	0.302241213473263	0.859302355909281	0.753940289270734	0.719946853042188	0.65204492662538	0.713268313902789	0.678856580757453	0.72157388671966	0.578873594128182	0.758539772307694	0.0324761772044554
HAVCR2	0.253723207095727	0.672224776924899	0.151936519047737	0.402430375624505	0.447148092563688	0.681520290127546	0.78163565779005	-0.0692982718309882	0.0689421499764155	0.370719926966865	-0.333649933666805	0.110132802324118	0.579813348789309	0.111979235006319	-0.169741624306068	0.269069694788278	0.286211068141752	1	0.16886565162913	-0.275841983757926	0.257191253751851	0.0782154221540154	0.32495587019912	0.389646575005853	0.787934960303142	0.837424178232531	0.71783562425211	-0.218672019250241	0.246080679161305	-0.161159821215921	0.366350644822461	-0.041599462977148	0.775213066163142	0.674610772741464	-0.0102178197094614	-0.289584277912637	0.0673999413635061	0.186896459502726	0.543562080699795	0.241618292336812	0.241569642995525	0.172340512381297	0.718938498681403	0.296445609815562	0.0974696028166204	0.108027578543469	0.709395459473699	0.0546572205785111	0.768301819538503	-0.0387148979282771	-0.0268900552774402	0.279961013969503	0.0475996806064323	-0.093097375335955	0.386001198907457	-0.519077425780327	0.155910307082754	0.530393033361009	0.140242123342649	0.47555752763605	0.414959265375898	0.239774176069046	-0.00335618999921687	0.681881405926534	0.248680804090553	-0.240845396443578	0.13809239260732	0.0215162768775985	-0.311621276067725	0.106249919299943	0.204679809201703	0.576425379899956	0.303717032926178	0.436098098897958	0.754725678887718	0.524960450240989	-0.0357988681736774	-0.124813478301655	0.702053805642233	0.402091301012928	0.435309140318748	0.121440194905381	0.517888276817983	-0.207950646176384	0.586359400592493	0.695614617752128	0.451625216357299	0.176063333865855	0.0319331805159396	0.168598344498699	0.103550053415113	0.0822786345385181	0.232466129048137	-0.362345590447572	0.182425118456835	0.158674809203675	-0.00864766093737391	0.29528457742291	-0.31586889196725	0.13698783858966	0.107084304530993	0.00292941306925046	0.0900805415760162	0.0518952067815732	-0.0431259000481949
ENG	0.908292419311138	0.556468177955128	0.54471150991284	0.833074718790219	0.415963300473769	0.290551960283359	0.140341624354497	0.902275817895737	0.512633203133849	0.658377401197917	0.717750548433685	0.831318142939191	0.70040332212981	0.319397032639061	0.276481990940052	0.780877608036539	0.871254006400036	0.16886565162913	1	0.733230401488887	0.381406743016356	0.477278858309815	0.448591113538207	0.540262698306212	-0.0418521069465314	0.238118369960967	0.56366183376334	0.604227486568487	0.581110373223805	0.869113968824938	0.756232711727515	0.83736096587876	0.47053198109689	0.485625572914816	0.924806629385217	0.164393945774463	0.807495444358139	0.783920100117305	0.255068159535027	0.89720837805062	0.870469458395033	0.182215357022518	0.0224218607096379	0.891448387402726	0.903709569467155	0.592046862197115	0.518242620594779	0.704900794988797	0.115094627352945	-0.330856397011853	0.887595047419502	0.897555695345271	0.848478076805471	0.676791403478996	0.554774049129043	0.0988438183412885	0.860962708699545	0.360157422584003	0.782209888922449	0.399658629663786	0.397243205375219	0.683293239547255	0.0775055335839848	0.631047309534416	0.85826442626275	0.730966489980095	0.816524984383506	0.325500902280385	0.32515165672941	0.583250809851436	0.840108245158191	0.10663906070714	0.125043600337818	0.572096774709757	0.375835157949598	0.413399884531524	0.589021943207338	0.723484821741646	-0.184245522932229	0.559464598747437	0.403203135301495	0.474411935661173	0.426321602549336	0.384399640769263	0.103666783042512	0.450267797124855	0.546019893030509	0.887828385841031	0.748000904450827	0.372022637409083	0.450946828897832	0.408708026455471	0.68313334149437	0.475659429877779	0.361113892301579	0.821588687955283	0.721511520897491	0.704609178027157	0.674647658930421	0.754950534318917	0.724158720204426	0.720949734304209	0.655570142479294	0.745543573443452	0.112744599817711
THBD	0.701740586991792	0.276830035834978	0.555145257158938	0.555961877283135	0.332972281963986	-0.0731210867979238	-0.0965741100272144	0.860706705108802	0.482392013775825	0.445625632884497	0.818387325509979	0.601428716251009	0.331311671279035	0.242331271411135	0.382676393109938	0.623315323412526	0.718529081903812	-0.275841983757926	0.733230401488887	1	0.411767950250003	0.440479343407736	0.252564201342079	0.416087811924664	-0.336029884935093	-0.17700902316307	0.241729229644263	0.74267382113815	0.511709806200474	0.888505081885365	0.514253400641614	0.899023537496465	0.126828638067905	0.140526286704244	0.822741620526254	0.358018615339267	0.693328882829553	0.64221597163579	0.133948808366475	0.660524685196253	0.738758321797413	0.152456468471107	-0.109783946017996	0.701465296831381	0.766897303400942	0.549531717443176	0.12990502239226	0.504473324827228	-0.285535409253028	-0.267577529736737	0.821014134809599	0.614899524673727	0.795431480821505	0.772155697951164	0.427753507069178	0.424540406711257	0.684783910435457	0.162083983723077	0.586373826995413	0.0829767172829389	0.0477552858038928	0.537873748617107	0.346344716449057	0.20307016480044	0.638840480035271	0.74564021702149	0.657928645137854	0.418902670527282	0.538206483197263	0.437930815825528	0.665470306415672	-0.209458723864424	-0.0319742298515302	0.326620274226493	-0.00210147386202599	0.201979545923817	0.611336545957886	0.777163229452044	-0.441943369432678	0.217077462367043	0.0894225645419341	0.357763488919491	0.175613535061107	0.371744609878244	-0.225083597667196	0.129468279356504	0.422989470033014	0.758271856483307	0.695974865276163	0.271018053700438	0.419741154845806	0.242970327728962	0.436127981396507	0.58026841631853	0.165534544082844	0.717960914580661	0.655120384402787	0.466228297449323	0.807232205051446	0.638934339691325	0.598284694322413	0.651207391868408	0.495852653422503	0.689095659237081	0.0374071633934419
