""	CD63	THY1	GPC1	SDC3	RAMP1	LRP1	CD9	ITGB8	SORT1	ITGAV	ERBB3	GPR37L1	CAV1	ATP5F1B	ITGA3	MYLK	MRC2	MCAM	OPRD1	LINGO1	CHL1	ITGB1	PLXNA4	LRP6	PLXNA2	TYRO3	TNFRSF1A	RAMP2	CALCRL	EDNRB	ADGRG1	IGF1R	CD47	CHRM3	TNFRSF12A	BAMBI	VANGL2	NRCAM	C1QBP	ITGB5	LPP	CDH11	NOTCH1	CADM1	CD81	PODXL	ADGRL1	CXADR	PLXNB2	TSPAN5	PTK7	DCC	ANTXR1	FZD3	IFNAR1	JMJD6	APLP1	PLXNB1	TSPAN15	SMAP1	MCFD2	LRP8	KCND2	FZD5	CELSR3	F2R	NETO2	RYK	ALK	KCNJ10	PTPRS	CELSR2	LIFR	CD46	NCSTN	SEMA4C	IGF2R	RACK1	ACTR2	PARD3	CAP1	PTPRA	HLA.DPB1	PLXND1	STX4	NOTCH2	AMFR	RPSA	ABCA1	SLC16A1	TRAF2	PTPRJ	APLP2	CANX	IFITM1	LAMP1	SLC1A5	CD69	LAG3	CD44	TSPAN14	TRADD	CD74	TFRC	SORL1	PILRB	ADGRE5	PTGER4	CLEC2D	CXCR4
CD63	1	0.918658597470951	0.991613049592701	0.933315384141786	0.980948612849666	0.952853248154068	0.971153271448534	0.935343396881288	0.974768631594173	0.983258594072879	0.881439272862068	0.857016946195094	0.866698702360747	0.974530938236014	0.977857777827625	0.971583627795162	0.972351216192721	0.969912834578549	0.850516692746521	0.820546787508153	0.883479605724132	0.997281713489413	0.942821141240783	0.966387354278924	0.936469761823881	0.947184180849785	0.990396752137764	0.924663999793973	0.941862854634445	0.914819564288195	0.939402430572377	0.99179357305278	0.972957779636777	0.901339365319693	0.987853041257391	0.833234774991601	0.87102343443378	0.984147036329722	0.893933179029619	0.96780337715713	0.98894561332953	0.982971983686487	0.985307932080416	0.924443730681558	0.985934144163742	0.958866158458475	0.894413935086784	0.965129514506881	0.989863247066754	0.989105859116311	0.992183570471829	0.914129145327248	0.941264683202446	0.866765609018387	0.991766327916565	0.976487969897276	0.968578010941853	0.88311867191681	0.828900143137929	0.954899430229615	0.977656247404158	0.942499031682569	0.851040995784299	0.93381628503477	0.938873472500982	0.990708729596388	0.980324261937759	0.989322044601439	0.899022286135125	0.653948821079991	0.938088395536478	0.948971251382303	0.934251589180844	0.958064326751781	0.966582321036933	0.913943442129863	0.96016779981587	0.864221236662166	0.976336144458502	0.951680280087748	0.963639075541346	0.980097738815292	0.838256293104358	0.951683916615268	0.992886971555957	0.979666333158785	0.987593600980406	0.860550595176484	0.969554209195392	0.990057185710589	0.972099832374676	0.978098587926837	0.989488695729299	0.982571398926591	0.641955022719356	0.991680217783896	0.853017461502739	0.442363641366093	0.851411833794749	0.961858511773879	0.968625704960611	0.840806619252878	0.934230225393305	0.965607911787875	0.936294986968199	0.976368652001839	0.942631013856965	0.668996790691468	0.699747823419183	0.654160877100495
THY1	0.918658597470951	1	0.901911724102018	0.83547292794021	0.877244752725316	0.866208203999779	0.853099318076021	0.88738339661597	0.885269363746698	0.93068054073546	0.784586744952969	0.711322024913828	0.839896525066112	0.869806186791698	0.901657516416343	0.942479332420069	0.898867403441362	0.885065966958562	0.873353072414174	0.691362517990087	0.788849959175855	0.924986777093844	0.790878171513385	0.895503574898312	0.792424393305052	0.852944501713469	0.883294605571618	0.802335257227595	0.809824824377702	0.820944389796685	0.795604641715393	0.933216606946445	0.830749950325645	0.856087678331489	0.909240077502248	0.672628852701841	0.743963419391357	0.943524107698928	0.760049875221036	0.833512292209506	0.922830278890264	0.891893000939923	0.906841450108811	0.91431912071293	0.874962300990165	0.844318448983854	0.783370070132824	0.861915238391355	0.899622511931911	0.901529288371342	0.911493250556984	0.82020236867855	0.895269964930063	0.720388097135488	0.890951417338144	0.878075918836108	0.838923156657801	0.731552605170854	0.697224927110555	0.808202611449301	0.873913378846673	0.819556878235651	0.720018448415341	0.832123584939435	0.865821997661454	0.906500568142251	0.858352697904983	0.88514387114884	0.784500305075774	0.416727032372274	0.786782344738504	0.90319389194895	0.927537450731119	0.812640351772098	0.816989619959342	0.740980383893576	0.806699358670204	0.690001320747841	0.845656727520993	0.914175885412001	0.83919123535311	0.843780285527499	0.776088761292324	0.815858725235228	0.908071701610539	0.924809317287283	0.909457767878185	0.670821581126919	0.904070852869012	0.878423418136304	0.842748559881946	0.892599426003974	0.921258305703435	0.861856713411909	0.441972551825155	0.86767148638285	0.699742550532417	0.17763077888309	0.735165317554182	0.835111790988407	0.81340464187695	0.690174778267197	0.820042945006614	0.814741876412073	0.793201292205614	0.847918695691578	0.802885880001539	0.432837521878895	0.459328239408102	0.425159664923087
GPC1	0.991613049592701	0.901911724102018	1	0.942657345521308	0.98803993136785	0.951317286742259	0.981360945599618	0.93655775034718	0.976907804134629	0.976226741237582	0.885450843554681	0.87988308103739	0.844744854590308	0.963530241247607	0.962518883700105	0.951792549784621	0.974168842279928	0.961385054027224	0.847072997890862	0.84192838181098	0.900592292703494	0.984090674991063	0.931629312486958	0.965728463373125	0.924205590347825	0.960556656224163	0.982688164665565	0.91558079183541	0.937999490473912	0.918773285191928	0.950113437784625	0.986000049465299	0.972813974096039	0.908866687041093	0.98827027064331	0.852091732751234	0.880817255444295	0.976858007885045	0.885780244291533	0.96447251029319	0.982519744112643	0.983573044193042	0.982595819913607	0.923874392597114	0.976323770324233	0.957975977228735	0.907754934419242	0.981666680478666	0.987260460699556	0.983323988429024	0.990999502654867	0.920838308184856	0.942540927039043	0.895868206970927	0.981176381808933	0.975600073982359	0.981504791789525	0.905540557063384	0.830693214028271	0.957082841203377	0.965352863805956	0.929950783295263	0.863073271379789	0.918332949069236	0.940986365299413	0.978782631900228	0.979689815976877	0.984719129104563	0.910058298259987	0.669375816847674	0.957052595095483	0.943293527909556	0.923256526882191	0.962093339156178	0.973214357960211	0.936648408116324	0.95154659238829	0.848768142998219	0.965215448469794	0.950050857064355	0.954234458384798	0.976767266680125	0.806189903325384	0.94455240936566	0.977019296532151	0.966532772090824	0.986931580116617	0.845578650663722	0.962141439972351	0.989258511633805	0.963925301675034	0.972672687408144	0.984774816465483	0.97720297407235	0.624383653809568	0.986181923162932	0.844696385667158	0.4328001488545	0.855498373264153	0.948540771005293	0.96952618786666	0.819663763931695	0.914288221306546	0.956735116324151	0.923927933274835	0.980503475445583	0.943481244308285	0.651356252909406	0.720470360789964	0.640548935351103
SDC3	0.933315384141786	0.83547292794021	0.942657345521308	1	0.955967613144674	0.994123906491619	0.955031012384944	0.98711534191637	0.982375920396958	0.966475087912833	0.985508027882125	0.968670529144027	0.668233028675612	0.879364310480228	0.84846757823278	0.868332028887748	0.988068678823543	0.908784160866563	0.874080790533118	0.935772044754862	0.972063870877696	0.919548816088723	0.895767015498413	0.987408085274651	0.867256684083661	0.995238557484787	0.909167181638428	0.790838927576147	0.851848711058482	0.990084416065927	0.936392702060896	0.945782688274448	0.910765168644085	0.979247147909434	0.909439510859036	0.932332393885346	0.979488265808006	0.953635206761504	0.725362703154339	0.898933259945809	0.959287332707875	0.96297044129317	0.960269067150918	0.941158991852052	0.88950334135441	0.922631964468269	0.978070567936806	0.97837707620456	0.910869384879689	0.957237731596306	0.942661575727505	0.99022990554907	0.98705927019129	0.951716341105523	0.932890134990729	0.979597484812112	0.928240337779977	0.963324056231124	0.706745335363475	0.949339125607895	0.895757494211211	0.834782803822307	0.970257206975959	0.943416729557262	0.987042751400825	0.903222622900168	0.954212370324438	0.951336582720797	0.990448284410919	0.793316941704814	0.951092494462487	0.980735710761613	0.950438618684432	0.963259938908162	0.921708441631251	0.867646227819074	0.885046663204401	0.718536140662379	0.885253612971816	0.978654024857686	0.850099327778676	0.923211536994086	0.732947530430515	0.848977572415466	0.924377455389256	0.963287384437553	0.953709015386192	0.729093689313483	0.970934951820444	0.94920965132252	0.874955803891757	0.927214830937578	0.960974015222276	0.901473857030566	0.544521359885718	0.923897246847452	0.66474714581386	0.425039103826212	0.71408433784925	0.880987028975925	0.936812174561059	0.726035066178805	0.806763483720001	0.885219710877821	0.875348134974199	0.951195198497256	0.859900587420305	0.617651136066702	0.715198564927812	0.635854634317518
RAMP1	0.980948612849666	0.877244752725316	0.98803993136785	0.955967613144674	1	0.960774285440942	0.979012294407605	0.950933944961168	0.975958497757829	0.975296797246752	0.901507598431033	0.899872126480131	0.787873316629861	0.94286752477407	0.93690313056071	0.920964311846616	0.978779694811501	0.935064172999838	0.868529799809167	0.845672279337141	0.919294868129831	0.968491487651143	0.916965167361645	0.967066582356457	0.896083333998041	0.970761125135545	0.968591709003318	0.875094051249221	0.904777693482856	0.928583168025876	0.934864883572486	0.977623607796827	0.964614611657441	0.930385846308805	0.967740722781462	0.861321220285393	0.896282683165806	0.976226413300582	0.852124238487082	0.936024508369735	0.973311289954087	0.971610789730508	0.977588572350403	0.934989326125701	0.958787455071152	0.936488740092436	0.919857925621505	0.982253725155191	0.971981032171185	0.982180133674763	0.979044866696901	0.932471061244201	0.952830558495051	0.908216021584291	0.974300838037343	0.977331948048512	0.978952360056775	0.911459001043221	0.778375512283454	0.95342806859785	0.936570360359224	0.894970627101375	0.880603340132895	0.911487698267258	0.95375389019862	0.960603584714334	0.968937557718075	0.974666898872399	0.923510249608834	0.718354548483289	0.9457994309123	0.955979442102072	0.932606998277292	0.959311718628459	0.965488034424663	0.916061551594278	0.929472225009061	0.841570382369867	0.952616932795713	0.950386761072306	0.934868109111355	0.965594925412465	0.816502199274089	0.919531077147458	0.966949570560448	0.970180619177451	0.988531542540385	0.845602224439545	0.966508217670314	0.977858249656451	0.946760169882265	0.971271829933182	0.983284901193632	0.956548312137942	0.661580460014735	0.97560430355039	0.800291924320448	0.492007142121904	0.83340651902091	0.950090309221002	0.964340102531494	0.842628627921839	0.902071165001599	0.943071315504215	0.942857346733994	0.972385548671791	0.949389505444228	0.698902113260869	0.735940876636675	0.700070526120393
LRP1	0.952853248154068	0.866208203999779	0.951317286742259	0.994123906491619	0.960774285440942	1	0.963598207260671	0.988958672266025	0.988630694545398	0.980042495493911	0.980247386193143	0.954329237858621	0.711200333598874	0.901594270878896	0.87785103768062	0.89718691395406	0.991833128038559	0.926082903836112	0.87893583185089	0.927150311501355	0.966552439206619	0.943766714598374	0.910727717320155	0.994449973829024	0.888799011180315	0.991356015543887	0.928540657740002	0.817009629295865	0.871571386078709	0.98449095248183	0.944014268904046	0.958616849595122	0.924556783112432	0.9749340782672	0.922528139009902	0.927293787604625	0.967587620222373	0.967619603512538	0.755109119622718	0.917439935342658	0.972954540243563	0.971801846278328	0.972324292757836	0.947848808040297	0.910405820985002	0.935678343367303	0.976443694274388	0.97595903008264	0.923841996172164	0.969286505328463	0.960131088273076	0.984031902222964	0.990167674131138	0.940788431729733	0.950922749598956	0.987327414703271	0.932825956190989	0.95286974386373	0.726619600014309	0.955837409809124	0.918008554484455	0.858603787605282	0.962177779751203	0.955664642528247	0.986790107484571	0.92508829047062	0.965673927668347	0.965629420183092	0.980605689825774	0.776461769776643	0.951195459290707	0.986372617665702	0.961397171112544	0.969763795058009	0.929996909573452	0.872670896685899	0.900652708611027	0.748323225858582	0.906176795807021	0.987021663163643	0.87249090107505	0.936163112339291	0.763240369223296	0.870639652513754	0.947426076666433	0.977824388612616	0.964274709125414	0.7565075505045	0.982433475614434	0.959449589614307	0.894226172901425	0.943196472949541	0.973593506863634	0.920370645062334	0.56962230035742	0.940499434555365	0.694659625629196	0.43292996739485	0.729816297115742	0.901843096583486	0.947278979209119	0.753110119187534	0.833436102692229	0.900438055793795	0.888803228338049	0.957840879819644	0.871237161750056	0.632958076652267	0.700396855106324	0.644533145394131
CD9	0.971153271448534	0.853099318076021	0.981360945599618	0.955031012384944	0.979012294407605	0.963598207260671	1	0.938024462010996	0.978659508916082	0.962566368957354	0.915175028502535	0.933738574564976	0.797153438839662	0.944291253305021	0.925335709255294	0.910742779477154	0.966907534814603	0.945752483016545	0.815343027839204	0.905235539993713	0.941227589775637	0.965221811998806	0.925580436184836	0.9639803620827	0.929838704881148	0.972516010362478	0.968391718620031	0.899013162098586	0.93881704924104	0.930980525983764	0.980414688206194	0.959573150479952	0.973301337433669	0.916729678824697	0.953960971297379	0.912547302310695	0.915219303607062	0.953322350542593	0.866179446195387	0.961964155935185	0.969947083899488	0.976583278032066	0.977660065052165	0.907625866651738	0.957666727112322	0.962282469961841	0.952911717605991	0.9861546801264	0.957861724808468	0.971538826951532	0.984933812046134	0.930750391015838	0.942619853675824	0.945144298299599	0.97046869341041	0.978583183686593	0.978565420611808	0.953192905618637	0.831698462321779	0.968593851796046	0.949541055174787	0.91053169028144	0.915589798747187	0.911711563003682	0.938520857274676	0.954680685524983	0.980854264438393	0.982710267708914	0.934014079302411	0.778158469053442	0.977643614987008	0.9341271678422	0.904235162596758	0.985928372189204	0.982921899233778	0.96348485312978	0.944739508374445	0.849650173784224	0.95441137438051	0.950227428250736	0.935996084613371	0.972018060502668	0.775916591966563	0.941475528107095	0.961492422129102	0.947074266169994	0.973662345781704	0.850248455232961	0.958487517098946	0.976524244387981	0.942663443834765	0.961335616925588	0.971739143366005	0.967415439839682	0.663960024019562	0.97593126128768	0.819452267218053	0.494435491205027	0.829771214942844	0.938687189488285	0.983080812076307	0.817839940137126	0.886758350513165	0.946432789345024	0.915350163688611	0.98328531109757	0.930170293598134	0.68958235084343	0.759825290428637	0.678962671460323
ITGB8	0.935343396881288	0.88738339661597	0.93655775034718	0.98711534191637	0.950933944961168	0.988958672266025	0.938024462010996	1	0.977334739237309	0.98069005676776	0.968570107398517	0.931029466152073	0.666267305921149	0.865128809231896	0.849261438546639	0.877672546025108	0.986647623180696	0.893108509667827	0.930171552844148	0.891495618778014	0.96622543390993	0.924716519075286	0.859382048320381	0.987835121751721	0.830082211598958	0.986160200365716	0.899357287694833	0.760917986711528	0.819391304769113	0.972841844321629	0.903136265519369	0.954829652380282	0.892690409860973	0.994528825751011	0.902885551326881	0.888232255285863	0.946768172782149	0.97279341127149	0.701759342605926	0.871792217005053	0.96336905625201	0.950227796579202	0.964876467920294	0.978976049345957	0.880536954596462	0.892246619209845	0.95722264770477	0.966293223251435	0.907011809754849	0.960584268514002	0.944662581756954	0.9719768175083	0.99862639881345	0.920742546874956	0.930429127129118	0.973831686093899	0.905444451498115	0.92095886969134	0.664981490538106	0.918021701656155	0.879724848928091	0.812224345975636	0.937965927830403	0.920330249470006	0.989422095475387	0.900413344803609	0.934484641036142	0.939592954539238	0.964466703619823	0.730303942223669	0.918762944915372	0.995692585626186	0.985582751605559	0.936315088988652	0.893834038812961	0.823931061790806	0.854173358668018	0.690971725404883	0.869606881001868	0.988867284086608	0.833496842217536	0.902177556000977	0.757200550133152	0.82058721256121	0.928406766036561	0.97710893110186	0.962440445940916	0.698176170139841	0.984153836253643	0.935701288376202	0.859434297449011	0.940752160368045	0.970381218963551	0.882653910195625	0.514321418175304	0.909877895876913	0.631243483813333	0.381868987585496	0.704190015937865	0.881313116453219	0.909481169706081	0.725673809066852	0.808703641020772	0.861502237363614	0.874617781793511	0.936605574235036	0.853767886664905	0.586791897285226	0.659395122561488	0.616127509650801
SORT1	0.974768631594173	0.885269363746698	0.976907804134629	0.982375920396958	0.975958497757829	0.988630694545398	0.978659508916082	0.977334739237309	1	0.987823565035202	0.956442201204878	0.931696291445183	0.763826420674411	0.941222917181418	0.910620867199083	0.928703623421718	0.992645275027547	0.957162651024333	0.879080276499017	0.906608624263974	0.948349878059854	0.969623067502796	0.93401038956021	0.992985601416206	0.918604184814289	0.987942931149265	0.962092311924021	0.871093876768345	0.914498325027714	0.974214488744826	0.964315468404321	0.97705775944246	0.957048722105692	0.960355525675829	0.956168584823048	0.900569120216491	0.942599275962384	0.978585147251226	0.820783687987006	0.945361724593177	0.991167485262683	0.990059931483914	0.992725761091346	0.949373934153679	0.950130411314238	0.956084144994674	0.957687256228782	0.989019479110325	0.96106068750829	0.986017989604058	0.984110048847925	0.968041079832314	0.981546228161758	0.93558138352572	0.977044471623031	0.996398513216633	0.951063908737486	0.946860849156544	0.799710132196749	0.973523926938409	0.9514321555314	0.908872315607316	0.931903071923958	0.949544962016922	0.979537949580115	0.951806787525446	0.986488183315663	0.985767447529982	0.966646191010905	0.74591224364761	0.959988977360815	0.980227730844721	0.957801410536014	0.978584464318915	0.957408784743435	0.906670131404061	0.937039868982876	0.8005947645376	0.943245642550204	0.985559920337053	0.919159708991829	0.966122812329384	0.804282605868407	0.909482957656152	0.9732868095249	0.980992053152334	0.984055546682932	0.80278587724122	0.985101721430324	0.981153751161561	0.935624120445265	0.966832377932764	0.989654238909135	0.956165821980975	0.593611382939108	0.968639756098116	0.764116207583909	0.431805987874826	0.798149788667553	0.928788172852799	0.969192070297882	0.788105279651715	0.886957358058308	0.935166391685853	0.915739382413565	0.980270973214256	0.904498115780053	0.645639602278404	0.712087566442238	0.646483758575425
ITGAV	0.983258594072879	0.93068054073546	0.976226741237582	0.966475087912833	0.975296797246752	0.980042495493911	0.962566368957354	0.98069005676776	0.987823565035202	1	0.929463221162049	0.890796893580101	0.787288265040266	0.932707772812853	0.931633758849594	0.946346461262929	0.990986304624739	0.947045125151956	0.912935537899293	0.851019318698641	0.929680879036682	0.979277031205549	0.906821861013415	0.988767580019254	0.894280009468552	0.974109114845299	0.959186049033283	0.85650588101969	0.893803157262671	0.950372627002717	0.926346798993316	0.991597049756097	0.941858020785723	0.959342885781965	0.959570445358239	0.853454694203627	0.911086780048504	0.997422659284225	0.808839660449518	0.929876042584132	0.993099312086139	0.978951389470237	0.99163045133981	0.972139323495853	0.949020802199539	0.935712204759726	0.926771826138321	0.973756658154447	0.965478452159801	0.98980045825982	0.98380707661111	0.946686009926601	0.982969157644388	0.890527865529087	0.977082592239104	0.985821639538275	0.943615663477365	0.901064720953858	0.757160009840361	0.94025890237896	0.944329599541181	0.893094493289283	0.893108818963072	0.934544259001775	0.973248981065471	0.963287465949353	0.966434714456888	0.977792913071248	0.933873969602084	0.683355566831863	0.930885920031155	0.987294231022716	0.981365249634615	0.95299010322368	0.936994017866033	0.873317858377185	0.919345714848345	0.782565682867568	0.935682559062232	0.984960919415546	0.911034479186964	0.950602960113707	0.818774249905798	0.899809720307399	0.97799216566838	0.995021062174099	0.990984707649451	0.781647440847631	0.99343045468203	0.974620138957669	0.927935382065622	0.977292065182207	0.997220446548011	0.945249162670139	0.568297835267333	0.963258655012507	0.752750706039269	0.391703922507514	0.788218002865661	0.934850228606176	0.945715181266112	0.789626528282822	0.891061534292102	0.925199674877005	0.915994777793825	0.969208871583397	0.908067515726929	0.619307419709474	0.668379977636823	0.62716435509819
ERBB3	0.881439272862068	0.784586744952969	0.885450843554681	0.985508027882125	0.901507598431033	0.980247386193143	0.915175028502535	0.968570107398517	0.956442201204878	0.929463221162049	1	0.969800985677332	0.597343836917883	0.828982617558191	0.779494605662295	0.820518955131251	0.958422104958683	0.875753975009737	0.837469861583222	0.95903712866945	0.963196299812014	0.870940288463016	0.868965605481907	0.965294879606885	0.84332848990641	0.969937593282924	0.856076578915673	0.73834934810268	0.812070599821188	0.991513501503695	0.917196245927405	0.894833525642384	0.857629337440372	0.965429641827281	0.848041216998576	0.940240964069375	0.987984675058076	0.907405576400214	0.651075583619164	0.85608531139777	0.922737295710119	0.930617595697438	0.92204480735089	0.903980890086233	0.832421910408393	0.897212719183245	0.978067441462545	0.938145690903554	0.849746661709111	0.912171411685297	0.898423174604201	0.985290935343829	0.969670507542488	0.94279726459514	0.887603255683825	0.95014530297923	0.865631048217339	0.962218576050351	0.665550876692925	0.924845517914397	0.856018351728589	0.790697281814767	0.98701819936274	0.93673319619239	0.966582977061402	0.848528161505977	0.923520102376853	0.915259731269176	0.993475542601978	0.821543787328714	0.918466154741251	0.959392177808554	0.923783997570551	0.939376573309911	0.874008559955972	0.817259589482874	0.841759760627172	0.652668394448316	0.831653509473709	0.963347810291519	0.789111152870834	0.877096591567595	0.684480668128834	0.79840445828406	0.880456867685158	0.927714093634427	0.902313458589082	0.665778098363213	0.940064051247582	0.902995139592195	0.815605416856227	0.872680232336852	0.91816482420828	0.852663421227297	0.493716937687358	0.873146201152587	0.585270296920262	0.388056292281264	0.630169336699454	0.818651049438277	0.899457984997729	0.655346629883612	0.742387074168929	0.829699451128735	0.814133344320339	0.908560454229901	0.781072972607954	0.570295584735361	0.669320478856514	0.589846688077576
GPR37L1	0.857016946195094	0.711322024913828	0.87988308103739	0.968670529144027	0.899872126480131	0.954329237858621	0.933738574564976	0.931029466152073	0.931696291445183	0.890796893580101	0.969800985677332	1	0.570872027813785	0.806742711471931	0.757873423547165	0.762606063452999	0.928501882994133	0.839077320713436	0.772573625025565	0.977221368296776	0.975359703331176	0.840574505819768	0.842974853897672	0.930514556947161	0.828564587851922	0.963919074673948	0.841868643973423	0.732000134219817	0.812143620998686	0.954525202696223	0.932616908582679	0.861782034692677	0.868036012332026	0.931766639286717	0.82609042215082	0.973338268277018	0.978841085275076	0.866593534763693	0.66579465003263	0.857607755344179	0.88746194192893	0.905916378869577	0.89811874377867	0.860194782322127	0.818204680248891	0.884294571647913	0.987467363375278	0.942910205655413	0.829730799096141	0.889747473459445	0.882445616146686	0.955262606435723	0.929801115507363	0.978616922665221	0.865742297934154	0.930426540326786	0.89200042735612	0.987792890310587	0.679003064316025	0.918699361557656	0.828099928721776	0.765527039279027	0.991171264378962	0.883289496627862	0.930068694678851	0.824756370083995	0.909521282617992	0.897062220108543	0.974694781332247	0.891400447216739	0.94766733865481	0.907959521852018	0.859856452256383	0.948630636250573	0.896327294681369	0.876795168824439	0.835174541946652	0.677395989982308	0.824335575879635	0.918758847403312	0.784179767854823	0.874172106471147	0.630180212882569	0.803777796939266	0.846869242226996	0.879391782229256	0.884192641292799	0.692901261484746	0.907771672243147	0.88915686943254	0.804626921263912	0.85940820569734	0.888304915972497	0.844524321153756	0.553358266995991	0.864480032325386	0.609895412424558	0.47713938282067	0.65734566047052	0.81925910336858	0.910635562351532	0.670763568186245	0.720419914525549	0.830864022135146	0.8115126793466	0.911067142591548	0.805071262561672	0.623053838875951	0.760010652723336	0.643263922271829
CAV1	0.866698702360747	0.839896525066112	0.844744854590308	0.668233028675612	0.787873316629861	0.711200333598874	0.797153438839662	0.666267305921149	0.763826420674411	0.787288265040266	0.597343836917883	0.570872027813785	1	0.908462575212221	0.93958546612549	0.930132614064797	0.75823114662702	0.893114519165132	0.549790529121681	0.576533000624271	0.580641842671269	0.8837162106453	0.84135923593047	0.745406066536032	0.882958895386672	0.693538010483355	0.888336315401155	0.946597374005956	0.907022747721128	0.664922426950611	0.778065782426588	0.838811292446483	0.8326214491649	0.596132372138524	0.896052496844235	0.571121663497987	0.599794972871212	0.800016519636931	0.924569063421212	0.87593149613796	0.825620999027739	0.830775134120098	0.798259672504884	0.659255027513697	0.895215663898702	0.86570994074988	0.627499957669094	0.749259115119069	0.879077883407056	0.804266484317174	0.841625906128682	0.663257806736958	0.683823758847132	0.58027983680624	0.843091142827948	0.765242883200783	0.823726797833434	0.644706238765552	0.868174409559068	0.782308312091609	0.905203786088129	0.903139939350848	0.561826454099955	0.778141407446734	0.674576775235905	0.905608322753795	0.818205026482865	0.847165969261756	0.632740388355035	0.362077614198413	0.733067910878846	0.699897790433114	0.68785043741433	0.764252612625651	0.828889742419007	0.804799109792301	0.87173902090309	0.846501016001102	0.881836417437708	0.73611167452439	0.905046506940186	0.847972370892157	0.731611404273747	0.917143465961851	0.858841731180657	0.783030079622551	0.796079809080337	0.817263450100458	0.742093100548791	0.841690980849465	0.881656777800296	0.785792536899958	0.80305521778551	0.894235471290073	0.583224751092798	0.866451371655343	0.922265584244394	0.265783771535212	0.806071724816416	0.807940534724867	0.808337413598605	0.72913368853782	0.85049802258983	0.861131786930718	0.743763681776403	0.797109746129989	0.795141992152518	0.506598768593392	0.50609299210473	0.418612535837362
ATP5F1B	0.974530938236014	0.869806186791698	0.963530241247607	0.879364310480228	0.94286752477407	0.901594270878896	0.944291253305021	0.865128809231896	0.941222917181418	0.932707772812853	0.828982617558191	0.806742711471931	0.908462575212221	1	0.969935348997414	0.97000998897437	0.925762750013126	0.982924977630634	0.741616447718226	0.792519649133746	0.808514398626375	0.978796532332032	0.973695747190499	0.921255980982109	0.965654576227499	0.894895889833057	0.993127740151052	0.971641407203623	0.970236359609864	0.877483067903782	0.936929521209371	0.954611307079907	0.976280979234719	0.823046783757651	0.983384650335114	0.796621135769956	0.8272712091765	0.93356323452776	0.955708885010456	0.975778771493306	0.962796174284028	0.968211189931161	0.95281670509289	0.838889366659808	0.991214774708919	0.962654848627496	0.845398806362747	0.929999665182348	0.980224312381646	0.956714124556381	0.965062031809457	0.875522177487762	0.874373742971628	0.820680577529586	0.974576044535001	0.946613450207186	0.948296322183708	0.852267115285839	0.914213050645407	0.963699276918926	0.988865212293423	0.982197703827032	0.800200885562491	0.927514075714412	0.889152542781118	0.979022469208311	0.96954359780427	0.976548709192178	0.86175930019353	0.622702275782076	0.906803569660395	0.888142613711175	0.858822376451848	0.937792930100982	0.964008124044506	0.917878603587293	0.981350158342146	0.928054009338515	0.990077359839491	0.901713007641189	0.991040673871999	0.983401803545988	0.854146759889303	0.971713761758175	0.978871879566871	0.933163686606366	0.947923316841398	0.920328299257811	0.911960897226941	0.977560300976964	0.991536854940618	0.934148161261708	0.949018052155958	0.992911837905726	0.706638790385133	0.985617008154204	0.920191029545597	0.486725733203427	0.889512839559846	0.946375314605514	0.965046053332202	0.86966884592102	0.954195662560441	0.980767115588213	0.926151666194917	0.951984845203082	0.931586714741204	0.710580070314395	0.709236142201506	0.659544908753473
ITGA3	0.977857777827625	0.901657516416343	0.962518883700105	0.84846757823278	0.93690313056071	0.87785103768062	0.925335709255294	0.849261438546639	0.910620867199083	0.931633758849594	0.779494605662295	0.757873423547165	0.93958546612549	0.969935348997414	1	0.974961231906316	0.910706230280882	0.953962285678875	0.758503197295205	0.721828943493954	0.781749231735899	0.979452287176459	0.923229194334763	0.898386228110719	0.932219278508041	0.867384160275605	0.976626030491557	0.95286510960063	0.945726811118936	0.82807921525014	0.889163161520227	0.960895397472507	0.946382977974932	0.798189274452029	0.978846971911726	0.743224406680491	0.776593222398987	0.939246738073943	0.930858825827151	0.956543190428165	0.945316452452563	0.941729281114666	0.933438862695463	0.845155924605114	0.978343243818486	0.937786088456495	0.800544330152346	0.902160036278768	0.975514202105982	0.945783953241176	0.957123776745644	0.829262793762564	0.85845493802364	0.76781495565936	0.960801459235382	0.914247378372892	0.943640763896311	0.80068249928424	0.845514631306556	0.903787277215524	0.970826039077715	0.947262944436036	0.747248537855875	0.889377948320996	0.855081787181548	0.988719912097488	0.938398547636749	0.955830632841306	0.805373145443579	0.548843076770386	0.882954715737217	0.871755632439765	0.859365896738045	0.904347674715856	0.938977446689582	0.893854271478136	0.951967778872099	0.885663233067076	0.968052242303628	0.880642042876211	0.967695237420734	0.955446050062159	0.823560705806956	0.963246065037495	0.966560033227013	0.930096036404182	0.941145279005202	0.874231140309237	0.906777644248345	0.959699032301006	0.966913531844354	0.935941819624981	0.942006942418268	0.972632539875765	0.644045252121903	0.972437491630876	0.911954990317647	0.40848911745503	0.864445293437114	0.939681864806673	0.931057453121028	0.835060381292221	0.933966627336438	0.956081051791426	0.897832128773864	0.934134986235588	0.926261088044526	0.64291769511556	0.662752718684259	0.605321805661395
MYLK	0.971583627795162	0.942479332420069	0.951792549784621	0.868332028887748	0.920964311846616	0.89718691395406	0.910742779477154	0.877672546025108	0.928703623421718	0.946346461262929	0.820518955131251	0.762606063452999	0.930132614064797	0.97000998897437	0.974961231906316	1	0.928732739509456	0.978042731260905	0.788313149234387	0.750751031101219	0.785294475446279	0.979865050465098	0.930554754679539	0.922131006569917	0.935550845872229	0.878968252977664	0.968276148079068	0.942066511517042	0.940246880883265	0.869615946883792	0.88641126531656	0.966364426084441	0.921819938342482	0.829460760992109	0.976857390802437	0.73539383426114	0.805438973666995	0.951892398636746	0.893111034807456	0.940774489044237	0.964033903897214	0.958055108124396	0.944435767430408	0.866736147872421	0.966276792362459	0.948451339055124	0.813407790086545	0.901612692569081	0.970270455191506	0.944838030509363	0.955039427697688	0.862030385213866	0.88855567925573	0.760281196702332	0.958367179194497	0.925500876003321	0.914974447010528	0.806990621092782	0.850976461966093	0.90963403573778	0.976221966780769	0.949859151514504	0.76949873006549	0.924497594663818	0.879440661149227	0.979278533419637	0.940443745857617	0.959835145999041	0.837779000959194	0.532517440081281	0.859141350897564	0.904478353605709	0.895641215864734	0.89500201815974	0.912539019527885	0.852513258147876	0.940161736462217	0.833935502488018	0.950287139318086	0.916961467209844	0.948742375591375	0.941337984810926	0.831387249209402	0.942863996419199	0.96984317780434	0.946671627908369	0.938399405971491	0.818388382509336	0.916845903370748	0.954136794323804	0.947745101658565	0.921547179179629	0.950376260874333	0.963021544174344	0.567664301470473	0.95744460157117	0.857056900974325	0.304772686288411	0.821555368367708	0.904258242227348	0.913495459048386	0.777697935216699	0.916322475560657	0.932686913678722	0.866605725626716	0.922639265610119	0.874619970044458	0.562483765375526	0.579228548850255	0.521175727923672
MRC2	0.972351216192721	0.898867403441362	0.974168842279928	0.988068678823543	0.978779694811501	0.991833128038559	0.966907534814603	0.986647623180696	0.992645275027547	0.990986304624739	0.958422104958683	0.928501882994133	0.75823114662702	0.925762750013126	0.910706230280882	0.928732739509456	1	0.946002332410106	0.891130048635362	0.893544788801068	0.945753969994075	0.963063521066073	0.91890542981949	0.995142126292946	0.896624657901354	0.989440586206787	0.949880119207228	0.846519569617461	0.889962724708537	0.977191890856845	0.937994328573827	0.981681385361482	0.937552605002731	0.968570490913257	0.955053924770638	0.890237170478725	0.946674099428192	0.98547892108292	0.789866600779496	0.928373457124945	0.986893167084579	0.984880592841804	0.982897643858833	0.956707537026388	0.934825146114689	0.945628615177916	0.951697396633534	0.983933573054048	0.955151132657839	0.982751316948474	0.973660264384519	0.976260465643798	0.989289316775189	0.918819258110098	0.966109980701203	0.989773533289087	0.950105251248626	0.935351431357826	0.751330949157163	0.956572356698573	0.936632688844491	0.881953178449105	0.929140216633801	0.953455452438899	0.985230070227176	0.950855463190011	0.971942463153895	0.976754384620542	0.967319801373195	0.72506513410172	0.945130662089274	0.989621351147508	0.968507956961601	0.963974471416205	0.941895680333987	0.87933729799364	0.916612718488441	0.769709427928521	0.926192428062526	0.988596846362897	0.899949035829567	0.950678791610987	0.788987687159508	0.892282620941359	0.962906581357924	0.989065868694223	0.98119736737128	0.773159143116815	0.98571298389176	0.975220203110624	0.918789096980558	0.956788727360157	0.987853102338009	0.939644754977087	0.570704698302982	0.957472340208578	0.732862755402981	0.404387344367501	0.768648234131488	0.916581370417629	0.950838257907554	0.770093671227159	0.862258151921056	0.918805220220704	0.90304912818786	0.967210926927791	0.895777631159062	0.622276901058081	0.693941407936302	0.629025009964163
MCAM	0.969912834578549	0.885065966958562	0.961385054027224	0.908784160866563	0.935064172999838	0.926082903836112	0.945752483016545	0.893108509667827	0.957162651024333	0.947045125151956	0.875753975009737	0.839077320713436	0.893114519165132	0.982924977630634	0.953962285678875	0.978042731260905	0.946002332410106	1	0.759088472930215	0.838667887995432	0.83398916878324	0.976411047093193	0.970153282055644	0.943704410799961	0.978561206405518	0.915835097940854	0.981193157659004	0.962058340817832	0.976671510286076	0.918631524043363	0.947460102540029	0.960721889056438	0.949460746272239	0.85266462464081	0.977708159299013	0.818797660072529	0.875519303362845	0.942193461721068	0.903240650506546	0.970743922236126	0.974192855221121	0.98471298359178	0.96003408481583	0.854121983814589	0.975763297973537	0.987533834304921	0.871247346017169	0.93640025871858	0.974366533240155	0.95298236561137	0.966017535197401	0.908683661978643	0.903873916934191	0.836034058546176	0.9699379397551	0.952449948455759	0.936446156892202	0.885317976264227	0.896835857309873	0.961303993053277	0.993415254096263	0.97446582708479	0.842721947343454	0.954388522069716	0.905576252149524	0.976396584872303	0.974024907445554	0.984363933907363	0.899297771599896	0.650931273064425	0.91184575564671	0.913319253337609	0.884004553342733	0.944488845341729	0.951690489219331	0.910714086258903	0.97537418224095	0.856291368146925	0.966114081868379	0.933910489641246	0.959596569559722	0.968927849258831	0.810687040346379	0.968931470035042	0.971411833555807	0.94192596523736	0.943592242298929	0.845960228684878	0.923789058797865	0.974948702228647	0.962644811043902	0.919595497672175	0.955868884989949	0.983690695475131	0.601724423414869	0.975109872507515	0.865882080755656	0.366805224607761	0.820990657144142	0.905559536000823	0.954887616571385	0.78109350586017	0.913667656042948	0.95739892462983	0.878707158533327	0.953877693976882	0.879859395618405	0.608258010712147	0.649563679899007	0.560561635383421
OPRD1	0.850516692746521	0.873353072414174	0.847072997890862	0.874080790533118	0.868529799809167	0.87893583185089	0.815343027839204	0.930171552844148	0.879080276499017	0.912935537899293	0.837469861583222	0.772573625025565	0.549790529121681	0.741616447718226	0.758503197295205	0.788313149234387	0.891130048635362	0.759088472930215	1	0.703270916614239	0.866095608088193	0.839002906234926	0.691967027295543	0.890463147467911	0.658117007409346	0.882783683096445	0.791249612929394	0.615061875665431	0.665860703038295	0.842239190522243	0.746117419994189	0.880520919714227	0.777163516089166	0.936756121833859	0.802219799443843	0.704648190092429	0.787647612874795	0.917449406588675	0.578441732054987	0.728213270362381	0.872518803152181	0.829204773230589	0.887232081269668	0.973942218386258	0.782280738272032	0.732295823206736	0.814470478499875	0.860430946448715	0.824307587362737	0.878059272738049	0.855442383806505	0.834968235492408	0.926140113540325	0.792164915921776	0.847084199430898	0.870396542647154	0.784352804621069	0.750969221773406	0.508048764448302	0.767796405334332	0.752570878015954	0.685289573134233	0.778123238632158	0.764398539966213	0.901530456916984	0.796079132110611	0.814375619140391	0.81804737700843	0.820243994052649	0.544029951743163	0.782954232755128	0.930805227456666	0.961135651190922	0.793742960122212	0.759339883354653	0.670020807144756	0.71353864927659	0.556431535822177	0.756358655931387	0.897712075314786	0.721219989951436	0.778654511588413	0.739792146542166	0.675480826222041	0.842971233461033	0.905864201629539	0.89805119559973	0.560807569739401	0.918230547410843	0.819104696584814	0.749683583734667	0.895063282255242	0.900823009438867	0.758205607283069	0.370713034244153	0.798968549307412	0.500488739447209	0.260310553927804	0.638174501529697	0.811049745683839	0.774381508655037	0.64757314667429	0.753278426655336	0.737596603821809	0.81352976924754	0.829057696826238	0.778939888652853	0.46198743760906	0.49776275175838	0.534063633161362
LINGO1	0.820546787508153	0.691362517990087	0.84192838181098	0.935772044754862	0.845672279337141	0.927150311501355	0.905235539993713	0.891495618778014	0.906608624263974	0.851019318698641	0.95903712866945	0.977221368296776	0.576533000624271	0.792519649133746	0.721828943493954	0.750751031101219	0.893544788801068	0.838667887995432	0.703270916614239	1	0.943185663042478	0.81178401886393	0.839261481399955	0.906878849220892	0.838208606295277	0.928030801487244	0.813068781281382	0.734489978224011	0.813572155519208	0.940295926682838	0.935710515011391	0.81637343408177	0.832720107835653	0.890870242812433	0.794526631254948	0.975592195574643	0.961594196601252	0.819521931988494	0.653294125134061	0.848262715535982	0.859493621853848	0.889106857258527	0.86477388842787	0.802018481970869	0.786727371537371	0.887005787826624	0.976273805519108	0.906056002147812	0.788281962372059	0.843838700999105	0.856169141663066	0.938989795988698	0.896909189339708	0.963494139479177	0.829927319763507	0.89994889348701	0.841012010364834	0.979625502200893	0.709760419405994	0.909167053742132	0.820306145281005	0.763826252429735	0.982460212613522	0.880760574513328	0.896314654273618	0.79137966191704	0.893582246059064	0.874925979256789	0.961575670112268	0.865137545327382	0.925656575479548	0.868649109054362	0.81322112884969	0.928496627865543	0.867081096992875	0.858514447393623	0.814276816551453	0.652879983828271	0.793655822355761	0.90060154913814	0.758816631896762	0.844808072190457	0.590244921668044	0.788258022093671	0.815077770062639	0.835993785715309	0.832932730396966	0.663480252292012	0.863849733145047	0.856656218832077	0.774218491165883	0.802532432582533	0.846860212354322	0.825071942080286	0.517019743189673	0.830849495776346	0.594240923791608	0.413241917045656	0.615419960191642	0.759820296725743	0.884429222646464	0.609041401144715	0.67715077937232	0.792419926135115	0.739599425533767	0.871871570216121	0.73188275341081	0.556931929312995	0.696721842307552	0.557787200236401
