""	CD3D	CD3G	KLRD1	CD247	PTPRC	CD44	ITGA4	CD8A	CD8B	KLRK1	PTGER4	CD2	CD69	CXCR4	CXCR6	KLRC1	S1PR4	ADRB2	CD226	ITGB2	SIGIRR	CD47	ICOS	TFRC	TNFRSF1B	PILRB	SORL1	CD46	TNFRSF14	ITGAL	IL2RG	CLEC2D	ITGB1	SPN	C1QBP	ADGRE5	TRADD	F2R	LPP	TSPAN14	CD81	TSPAN5	RACK1	PTGDR	PDCD1	JMJD6	PTGER2	CD63	STX4	HLA.DPB1	CD74	VSIR	LAMP1	ATP5F1B	PTPRA	CANX	RPSA	GPR171	SMAP1	APLP2	PTPRZ1
CD3D	1	0.986928044679404	0.951001278627679	0.990057731611652	0.986614314196443	0.946354638431261	0.965995720211517	0.888301651693157	0.978941468259071	0.975624597209922	0.978875310467933	0.990756374799765	0.966275539942148	0.986282066016287	0.973800346412564	0.953528839734309	0.976914382304541	0.824095038722276	0.871225908495866	0.826353392057272	0.967739505591394	0.723072298694015	0.825750682117949	0.461672606500138	0.888477794393806	0.441772760890759	0.524334697673211	0.626785481539007	0.938197612276127	0.941571494467989	0.979608193103728	0.946840764229153	0.877210824816503	0.989977270556712	0.803821322718654	0.960429546056812	0.980621399373899	0.498552929807363	0.751435184472135	0.8406121511635	0.319285553528352	0.270691419516351	0.964586464428587	0.982197709833253	0.969428096483589	0.915731718287497	0.957537132834043	0.224558120992437	0.84972556863207	0.547016318667253	0.247271070608122	0.39074713778372	0.438635374527737	0.517571079816696	0.409829176813801	0.619431820880613	0.962312174963776	0.866151908931497	0.74587762353181	0.328942109760163	-0.468673340675586
CD3G	0.986928044679404	1	0.942349026026461	0.973495757605189	0.994409888829976	0.919905668793157	0.988097281546167	0.833929247031907	0.996451542093893	0.969508679433735	0.97957270609379	0.996894146664812	0.965862176959387	0.974341284594905	0.963636699548855	0.935248536501337	0.971402392843355	0.768525305482242	0.887237303869274	0.758222430824215	0.965149810649709	0.720071273496277	0.8694842605642	0.387522720422064	0.925615154377851	0.410412567054151	0.48105971126851	0.593673468734267	0.893589622939246	0.963566731617421	0.992555340155905	0.974705590271039	0.863012429001932	0.981893652527814	0.833165507199668	0.920494116579295	0.955599915758628	0.378348047304522	0.732274647465978	0.810705902411681	0.24542278640813	0.166407385932899	0.937533117774999	0.98806089683761	0.988750061988806	0.950154580501558	0.971778872216865	0.149181557753018	0.888825803583348	0.45873200554875	0.163836112626449	0.271794338000409	0.346873293223238	0.491784748195276	0.378824040998611	0.607621110406363	0.926692304446496	0.793809335609458	0.69390121211533	0.340977044836741	-0.435200645114874
KLRD1	0.951001278627679	0.942349026026461	1	0.97623367951	0.951091524212835	0.867656951537094	0.946643765400628	0.849042570063202	0.945235197350008	0.961699918259582	0.891463187293928	0.944653658249146	0.883665543571935	0.932836325221903	0.894966356851153	0.965135323734439	0.883495033713259	0.838930849019532	0.933898217113085	0.822482610479637	0.881304634803648	0.742866499880671	0.814485168882936	0.530350783076835	0.854113496762025	0.476011795257168	0.533063927381325	0.668719038258445	0.891721946116467	0.897698843795667	0.950929135912371	0.92532538619171	0.853630693048484	0.923227440886119	0.820700744661468	0.935890624098854	0.908262456508564	0.516527301009192	0.766075163626294	0.814556005781118	0.383482380234084	0.32941932747876	0.935375693418058	0.973214786792542	0.937626045486172	0.939363345026305	0.949111680455738	0.308299105604781	0.827630703750553	0.517815502361262	0.249288450175058	0.396845232546972	0.436039316106883	0.62377267821077	0.443496998958983	0.713457405257038	0.939234230655534	0.844597097278166	0.808258394817753	0.431838648147503	-0.367858983007645
CD247	0.990057731611652	0.973495757605189	0.97623367951	1	0.979540382688654	0.916858723674281	0.96214640083671	0.873804463043983	0.967063917080469	0.969872987510848	0.949357109455071	0.978034688824281	0.934546264725615	0.96973029639864	0.946594983828763	0.958997631981801	0.945691906259726	0.825868332816541	0.903198799019039	0.837956270703419	0.934509077699027	0.73490896063925	0.835975179570658	0.52232173668238	0.883006917670205	0.491025418203493	0.521477245410181	0.670025451107853	0.93028691747605	0.939221637096649	0.974112758228612	0.946979688459067	0.893466956220576	0.973307439436399	0.804072017754971	0.962106979264287	0.960804453794126	0.517901407092292	0.758834816071571	0.829469999116536	0.342609750037823	0.295405394600901	0.963861452697781	0.981599714705069	0.958488170159811	0.920762046071041	0.967343455919395	0.262575792351138	0.840818625722243	0.539662777003915	0.252931126494741	0.412464649702237	0.461465277284496	0.56308647160605	0.429832395006431	0.654932388237693	0.963888370158468	0.869679666510616	0.787942118951352	0.354224777025043	-0.44382474110617
PTPRC	0.986614314196443	0.994409888829976	0.951091524212835	0.979540382688654	1	0.911868614008622	0.989395934230659	0.827323652848381	0.99184020348329	0.966389043483451	0.970847606307996	0.994365837211317	0.955324407073547	0.971922032473357	0.952654301069221	0.932301062001088	0.961193093687326	0.776240761941903	0.904796348990434	0.780042751432556	0.956847276796648	0.749328192272536	0.881516639833969	0.43500760192163	0.939437988344119	0.440553297769142	0.525661571569292	0.634054698271855	0.910866547532734	0.963083215875455	0.994431463758246	0.979309068511806	0.88583372829695	0.982714413787313	0.846812271938735	0.92080088060495	0.957554884703896	0.391565997949372	0.773126837769848	0.826200031809102	0.289074154588258	0.169408486598213	0.947111938739496	0.984723061929912	0.988626891445041	0.955400357892465	0.97993703603006	0.195133490371729	0.897022836067528	0.481966478699088	0.211836950891031	0.321374278285752	0.376310321753143	0.527139857349794	0.402638425926057	0.6527891105732	0.933050547771966	0.790284966379636	0.724907337550561	0.385708500754189	-0.412520959497193
CD44	0.946354638431261	0.919905668793157	0.867656951537094	0.916858723674281	0.911868614008622	1	0.884657498080693	0.960657109030009	0.918001426054977	0.962949951785973	0.960199351518123	0.933770169028886	0.976803634552062	0.972619795385688	0.984098424076968	0.937593007495074	0.962785277618831	0.89340421801262	0.733886293197193	0.782523684015524	0.962364105068474	0.692873253873762	0.629889122737571	0.413118239992475	0.747388304576611	0.358892082467244	0.525144794000261	0.569639719583134	0.949851301397125	0.815496148441541	0.898483719442127	0.827340418849447	0.755360034792225	0.94773868446378	0.708817429141421	0.951089722258734	0.964634979108664	0.630593381528783	0.732610795089664	0.855959446144079	0.330089714641349	0.389610454869144	0.898211112047701	0.925590588898255	0.906031775000955	0.817475146795762	0.836518323585522	0.178514843199722	0.757093336329178	0.593004869600881	0.255291428539724	0.402999805634031	0.498262934331326	0.398997840857258	0.433235389902548	0.540178881114185	0.908382504749822	0.900925102220615	0.634661936535082	0.22685120121629	-0.448188527530561
ITGA4	0.965995720211517	0.988097281546167	0.946643765400628	0.96214640083671	0.989395934230659	0.884657498080693	1	0.784146071840913	0.991701581650441	0.956925305065688	0.949928490386129	0.988366668594945	0.935569709903762	0.948801488995174	0.929933979857588	0.914530887422036	0.933381862784871	0.734203024629353	0.927820903178803	0.721074952456416	0.938015667680984	0.745989161318294	0.898144323002764	0.403000285286152	0.945705888683923	0.411948451513831	0.471412655965979	0.605240540150623	0.865170549794562	0.958425903657478	0.994800408270379	0.985437783816556	0.858976926411646	0.956602293451993	0.845571553039388	0.89476342928551	0.92585329551226	0.333187419259754	0.75271255627649	0.796436450062993	0.218839146955215	0.104988724216462	0.911408371470004	0.979996803999578	0.992500717917524	0.969571532231341	0.984279010392233	0.132754241330145	0.9020458406063	0.400875133174262	0.129362503944163	0.233969891861576	0.299900336841013	0.504372326784106	0.358277385445441	0.631296050922486	0.89567816448805	0.742123241026445	0.685973785039189	0.371205643028465	-0.388221620642016
CD8A	0.888301651693157	0.833929247031907	0.849042570063202	0.873804463043983	0.827323652848381	0.960657109030009	0.784146071840913	1	0.828592699904292	0.922553570943363	0.880017130194528	0.848665574833895	0.90215007011378	0.919395050145542	0.923015901299475	0.932229069423217	0.892298665786307	0.956978818015665	0.662137874058222	0.83571061295657	0.884355509329201	0.662226297895391	0.484513664412572	0.491028140548764	0.602561063499892	0.376049666433198	0.560873118903266	0.585832244409701	0.936283307966237	0.715752086596234	0.805898312789409	0.712929178827306	0.707524292217351	0.880377879716727	0.643438144481909	0.945048318515381	0.910933625839253	0.784471581780915	0.701877213897455	0.851489488829949	0.46625702754625	0.586256559280971	0.873446651195683	0.869239966774344	0.807792949502875	0.73166957214404	0.740312301369554	0.316614425445157	0.64064557961362	0.688501336128906	0.350834110001012	0.537800619667522	0.602633046648088	0.460104676578249	0.490037327054837	0.56428652311821	0.902244516562579	0.966186658910102	0.694937489237037	0.245874571922996	-0.414252545510564
CD8B	0.978941468259071	0.996451542093893	0.945235197350008	0.967063917080469	0.99184020348329	0.918001426054977	0.991701581650441	0.828592699904292	1	0.974433193321478	0.970637184179168	0.995785941658011	0.963629324492884	0.96983541757213	0.957801697621638	0.936756716695099	0.960521677773557	0.772405069545302	0.897577836153379	0.737743420501405	0.96051258572084	0.725663489481336	0.868591285015955	0.37551418243968	0.927138762563155	0.391011401967287	0.471863784682896	0.586902193939629	0.88924067790035	0.949021480917837	0.993442466302785	0.976022988927049	0.84302666373151	0.973357029804977	0.835684025125987	0.911361477938261	0.950516973837883	0.369458593807603	0.739922284433583	0.805105970179745	0.229082833229571	0.156047795589208	0.922596590471639	0.988152307336293	0.994879397376452	0.959825316819861	0.970231667088848	0.131026948074611	0.891924933367895	0.435066063375574	0.141243260147972	0.243367458041424	0.324469853617632	0.478718279092734	0.372772700118869	0.607987341650049	0.912020494520222	0.77665840654554	0.675069702791972	0.33930721740208	-0.417410949392141
KLRK1	0.975624597209922	0.969508679433735	0.961699918259582	0.969872987510848	0.966389043483451	0.962949951785973	0.956925305065688	0.922553570943363	0.974433193321478	1	0.961347177407955	0.975338118730383	0.970121895894872	0.984978736354563	0.972726781678664	0.981385680107807	0.956400596259743	0.885896973800761	0.861754578934907	0.79610981280172	0.956974102424877	0.748794841762309	0.756149765736946	0.445984986952807	0.839298686790435	0.402519406818757	0.530312121277544	0.620834218129908	0.936341149854555	0.887500549185351	0.961291313555118	0.915654284263506	0.815215876495205	0.966379526510631	0.808113997208144	0.958145027000741	0.963369740149326	0.546549711376172	0.766646905946313	0.857782688983409	0.337920968799545	0.340267708171375	0.934476199506855	0.987664987804962	0.96556591241945	0.925168488795797	0.924150390909446	0.212645555665623	0.839034031674277	0.53622787526423	0.217197062385329	0.353137229182759	0.44094749861826	0.510830312616692	0.444888364934035	0.642881709600176	0.939492908794886	0.87378323091908	0.718099629417548	0.343889471041453	-0.398713168709337
PTGER4	0.978875310467933	0.97957270609379	0.891463187293928	0.949357109455071	0.970847606307996	0.960199351518123	0.949928490386129	0.880017130194528	0.970637184179168	0.961347177407955	1	0.97939132274109	0.99095870111924	0.983938946157292	0.987323775817938	0.921045153656406	0.996149799585074	0.800120828146616	0.793921004663453	0.758187231647446	0.980769895324216	0.721078703701001	0.784606118979494	0.368985777536557	0.867058030373239	0.384688245321007	0.4976518225426	0.579047708801125	0.914727770142477	0.929194241196635	0.957854198354579	0.922596036231051	0.834356175352999	0.988925083259244	0.797055829598954	0.924268094725535	0.971188211793122	0.440313075643332	0.721628261705403	0.834747943076793	0.260101646319466	0.225800929860328	0.929261754348155	0.962842561785334	0.959950010090345	0.890164813420873	0.91897550126013	0.13250921838115	0.856700942278593	0.5073905989834	0.186204223657829	0.30562301214689	0.395337944891644	0.435712241046554	0.400966569281582	0.56143098909604	0.922664975393916	0.827102994753722	0.663627781928559	0.288811752948056	-0.440817669720224
CD2	0.990756374799765	0.996894146664812	0.944653658249146	0.978034688824281	0.994365837211317	0.933770169028886	0.988366668594945	0.848665574833895	0.995785941658011	0.975338118730383	0.97939132274109	1	0.968746699916369	0.978936462456945	0.968763486707901	0.939810000395439	0.970627523497086	0.784041960550455	0.893913763043667	0.769820792002538	0.970383489278217	0.729404428849602	0.859461318424228	0.411976006759693	0.921144341705798	0.411738751089193	0.491353297507066	0.603692735399563	0.910438058609502	0.952052003482016	0.993957418848133	0.970596634901657	0.861587699689118	0.983245194117584	0.821622546412685	0.933432684503256	0.96510508891476	0.416071545828255	0.751733272602553	0.822345131021723	0.25131931964405	0.176773842519873	0.939240734120345	0.98590762316791	0.989898646868633	0.944255483015761	0.971993817043183	0.156763156453423	0.87905308722285	0.475343025964547	0.180232051785512	0.299275512270452	0.362159677957909	0.483498649853751	0.376209124496454	0.604416590582882	0.929700593296969	0.808423754413981	0.694016132784269	0.32739113635804	-0.444606237532364
CD69	0.966275539942148	0.965862176959387	0.883665543571935	0.934546264725615	0.955324407073547	0.976803634552062	0.935569709903762	0.90215007011378	0.963629324492884	0.970121895894872	0.99095870111924	0.968746699916369	1	0.987858572137992	0.993613882297314	0.935033119413796	0.989362263941148	0.836909086103114	0.7673270488546	0.745419158716964	0.977167737023981	0.714071830708789	0.739934488605306	0.341627569043864	0.839530290701233	0.336384073272826	0.499883997674683	0.552436604573168	0.919376285170635	0.886242325203099	0.941141023505256	0.898808111362245	0.787545725569604	0.977617872155601	0.786102511362461	0.91941616206852	0.973046189380113	0.468792454957847	0.711866653055177	0.838692840775593	0.267806956309329	0.266644388451845	0.915404445015578	0.958505954233266	0.952485212407173	0.880424247443928	0.89300994046605	0.12638517517872	0.842364057923441	0.523716965396031	0.193174945288682	0.294872004959222	0.400011743868942	0.409502575543434	0.400186781746797	0.548480935999104	0.912763859171164	0.836435372941134	0.634303105557562	0.270374979192409	-0.43261265082044
CXCR4	0.986282066016287	0.974341284594905	0.932836325221903	0.96973029639864	0.971922032473357	0.972619795385688	0.948801488995174	0.919395050145542	0.96983541757213	0.984978736354563	0.983938946157292	0.978936462456945	0.987858572137992	1	0.99031882943983	0.968509260126824	0.980978582469725	0.87464736542689	0.82099215128345	0.817880011673683	0.972003261757859	0.750739632994379	0.763954747385216	0.439792809294038	0.855887449240894	0.40373022889882	0.571191965888765	0.616854891735851	0.947049502437546	0.902022080361656	0.957068999689997	0.915949701849033	0.833747785167867	0.985678556663387	0.808572917751114	0.953997995904081	0.983238213166938	0.527580978945231	0.757372133740491	0.877676814793968	0.354313028546485	0.320313001818993	0.957808087176594	0.978202668729932	0.959603747186859	0.904943859451656	0.92217258229622	0.221842098587797	0.855668634211487	0.592684165344744	0.279923634404172	0.393285538411572	0.463490918499622	0.498969031465072	0.440320147214315	0.623260961438868	0.955976945912224	0.883247326079174	0.722760832512303	0.34529049896455	-0.428209792384917
CXCR6	0.973800346412564	0.963636699548855	0.894966356851153	0.946594983828763	0.952654301069221	0.984098424076968	0.929933979857588	0.923015901299475	0.957801697621638	0.972726781678664	0.987323775817938	0.968763486707901	0.993613882297314	0.99031882943983	1	0.949394789175932	0.986810413752756	0.84990955000494	0.780181100768716	0.777185497950506	0.97629177462007	0.710118873825038	0.726034744052092	0.390061905313047	0.82276334377025	0.374247555173345	0.504840991116311	0.569999900162738	0.932024758860213	0.885939887178482	0.939336858179408	0.891471446091199	0.803510970416201	0.976365600048158	0.76743311613315	0.945343297148109	0.972315230776832	0.526515039760122	0.719922947692635	0.846402721865887	0.292505245335237	0.2999137475188	0.927186810645333	0.958890562237706	0.944339038235774	0.871089428318187	0.895253671657933	0.160149683747026	0.819485387673098	0.553247329842845	0.223100245965438	0.348069450553413	0.436452265686996	0.431374991885584	0.405633255323145	0.555454919891965	0.927917921722696	0.875717191766505	0.655818353860671	0.264726741395672	-0.453377007539301
KLRC1	0.953528839734309	0.935248536501337	0.965135323734439	0.958997631981801	0.932301062001088	0.937593007495074	0.914530887422036	0.932229069423217	0.936756716695099	0.981385680107807	0.921045153656406	0.939810000395439	0.935033119413796	0.968509260126824	0.949394789175932	1	0.917841358771845	0.918608731074339	0.842191856069255	0.832749114077599	0.912547074392984	0.739057917474111	0.708670243338541	0.491648182224412	0.790963606258941	0.425054903640809	0.569639297624644	0.629653411154649	0.923502197180901	0.845818506202786	0.921450726428079	0.874673061312114	0.79308781033681	0.933418255975788	0.777513733909033	0.956820880704544	0.935479912074409	0.60557470482157	0.755626896346269	0.865839040143981	0.404623892036357	0.417978812315063	0.935243607764066	0.968975450544711	0.921381809824722	0.896706202797539	0.892805955290129	0.284652214962867	0.79747387513189	0.605685436739467	0.295916958244251	0.428349849737393	0.485188068350303	0.544150789788533	0.451703894032027	0.655206875474935	0.945177256890137	0.916379906940133	0.753976321186467	0.371739849993196	-0.399255184082537
S1PR4	0.976914382304541	0.971402392843355	0.883495033713259	0.945691906259726	0.961193093687326	0.962785277618831	0.933381862784871	0.892298665786307	0.960521677773557	0.956400596259743	0.996149799585074	0.970627523497086	0.989362263941148	0.980978582469725	0.986810413752756	0.917841358771845	1	0.805743875183658	0.769903387093616	0.768597196054988	0.977947803904986	0.686677233864055	0.764384584577638	0.355068797638852	0.846737381388977	0.366063219612513	0.480712011712951	0.559782152312942	0.920208527355799	0.917905362552175	0.945981651183817	0.906184411221046	0.828510109208485	0.98795747120182	0.786325142728824	0.924882327684623	0.9763992354021	0.45913966058104	0.694012309301503	0.817040768117897	0.273653874808589	0.261249182763987	0.931675070919041	0.95498787919582	0.945669298422657	0.869372481397711	0.904778390624681	0.152849287374859	0.83236903185599	0.522469863420247	0.196999813366892	0.320619272628204	0.4152747071193	0.436083623063218	0.400224121630062	0.546736758530791	0.929694443252139	0.83923026095358	0.667148361676176	0.260372710379019	-0.465140018865813
ADRB2	0.824095038722276	0.768525305482242	0.838930849019532	0.825868332816541	0.776240761941903	0.89340421801262	0.734203024629353	0.956978818015665	0.772405069545302	0.885896973800761	0.800120828146616	0.784041960550455	0.836909086103114	0.87464736542689	0.84990955000494	0.918608731074339	0.805743875183658	1	0.643263454970441	0.81998758085088	0.80407668261401	0.730373471295066	0.437704869328325	0.560321862606715	0.563414361714314	0.388367879838503	0.669220768004841	0.639799753737484	0.904171523744446	0.632541839587407	0.745638707542511	0.663215227874509	0.663828391641656	0.817774699603557	0.674952079165849	0.884952325628932	0.855323860176292	0.78430558590363	0.739921717531947	0.879663720821222	0.577480299350838	0.663902440054385	0.844923007176118	0.830887155632951	0.759642873917587	0.728745849470714	0.690524240853448	0.394907153764598	0.65839174546042	0.728910722566318	0.439430579530947	0.58516111076766	0.636087921072482	0.549354385397469	0.573321882169504	0.67366597406137	0.871661342120381	0.931055391216501	0.749333117137079	0.405256785198758	-0.249790971743688
CD226	0.871225908495866	0.887237303869274	0.933898217113085	0.903198799019039	0.904796348990434	0.733886293197193	0.927820903178803	0.662137874058222	0.897577836153379	0.861754578934907	0.793921004663453	0.893913763043667	0.7673270488546	0.82099215128345	0.780181100768716	0.842191856069255	0.769903387093616	0.643263454970441	1	0.708140029543794	0.804004318608006	0.686389180180721	0.887089372191286	0.514657855602339	0.895105206890504	0.491309410456183	0.454610228432199	0.634744247495745	0.776682357262319	0.880027419375779	0.927162576008089	0.929545206007943	0.832942574700967	0.830812020415636	0.769163714090921	0.832549268397225	0.795768921715131	0.330723294356228	0.756646762484979	0.709008876067686	0.247200819338926	0.0639570059309657	0.832200532279055	0.893366619669248	0.904520625103198	0.92843138951142	0.947670816743146	0.226880714136297	0.810279871206266	0.352018942590776	0.167396131379091	0.295183862251138	0.288943954578748	0.575135351641206	0.323945558952277	0.676294237272338	0.815360477595759	0.662059667877834	0.699471409195018	0.442157417635258	-0.337893016010101
ITGB2	0.826353392057272	0.758222430824215	0.822482610479637	0.837956270703419	0.780042751432556	0.782523684015524	0.721074952456416	0.83571061295657	0.737743420501405	0.79610981280172	0.758187231647446	0.769820792002538	0.745419158716964	0.817880011673683	0.777185497950506	0.832749114077599	0.768597196054988	0.81998758085088	0.708140029543794	1	0.784685446928203	0.606390824372473	0.56079915332149	0.571971201539663	0.648746311898163	0.403175300145467	0.72262176288784	0.586491083620925	0.875081584834059	0.72037349341564	0.756135441089935	0.691279328613059	0.797513979810359	0.805588209327088	0.65002499569512	0.86764774464536	0.818940827879706	0.675969323730386	0.642201264647687	0.816592317741679	0.697526292492104	0.463603817066611	0.903551819392447	0.783957967651598	0.722878091366976	0.702051534057788	0.740054239847447	0.66765753685296	0.615635044283449	0.870600632447773	0.684508344558569	0.763279639266396	0.626918883065483	0.632337701289741	0.421140363113414	0.650789208130727	0.904866440500413	0.88876442402188	0.80312773683901	0.440406598353172	-0.466269578812992
SIGIRR	0.967739505591394	0.965149810649709	0.881304634803648	0.934509077699027	0.956847276796648	0.962364105068474	0.938015667680984	0.884355509329201	0.96051258572084	0.956974102424877	0.980769895324216	0.970383489278217	0.977167737023981	0.972003261757859	0.97629177462007	0.912547074392984	0.977947803904986	0.80407668261401	0.804004318608006	0.784685446928203	1	0.686319290362275	0.754287558951748	0.368070822959897	0.850361707979109	0.355149169681188	0.535903499217966	0.560399335617813	0.926331863330222	0.903379645676897	0.951736484828774	0.904191664538401	0.840066354675244	0.974634316604406	0.778670829580243	0.929456271987327	0.962337755387597	0.469385222096237	0.724762302892568	0.841741768197118	0.315486443115107	0.230749076084698	0.925867578946711	0.948677448261433	0.95383005438848	0.885635322146553	0.902076564417784	0.202310191926401	0.843802909656404	0.554123568327909	0.25421798311815	0.348021463666607	0.423488588755867	0.445801256478951	0.391206222005343	0.560929320109561	0.91587559648365	0.826600690356149	0.637302416642868	0.301878252632538	-0.468016628167368
CD47	0.723072298694015	0.720071273496277	0.742866499880671	0.73490896063925	0.749328192272536	0.692873253873762	0.745989161318294	0.662226297895391	0.725663489481336	0.748794841762309	0.721078703701001	0.729404428849602	0.714071830708789	0.750739632994379	0.710118873825038	0.739057917474111	0.686677233864055	0.730373471295066	0.686389180180721	0.606390824372473	0.686319290362275	1	0.610756734785321	0.635032562614074	0.68330148858024	0.587767340749722	0.698156603316262	0.810371766955122	0.726638223066245	0.675257624959623	0.71903713140098	0.718211810785245	0.717102479825386	0.741073427784499	0.802547110471928	0.686191304693426	0.713441930784276	0.422776502609132	0.836214876999857	0.850047935277344	0.452529748489007	0.310417790331819	0.742223378715219	0.745185258398115	0.745266877118912	0.771472173431899	0.718030200774286	0.242827072839237	0.793232660562607	0.444392646454024	0.265403330311559	0.373936476618021	0.447740140279632	0.633972216846184	0.632554574995275	0.802538030151523	0.728062320938157	0.639742823248831	0.740279992740007	0.621723623672342	0.156693373440517
ICOS	0.825750682117949	0.8694842605642	0.814485168882936	0.835975179570658	0.881516639833969	0.629889122737571	0.898144323002764	0.484513664412572	0.868591285015955	0.756149765736946	0.784606118979494	0.859461318424228	0.739934488605306	0.763954747385216	0.726034744052092	0.708670243338541	0.764384584577638	0.437704869328325	0.887089372191286	0.56079915332149	0.754287558951748	0.610756734785321	1	0.298279712217027	0.97107001464219	0.391082502681326	0.321231008005401	0.505261251143707	0.653226360432859	0.913377009526145	0.89450795333528	0.951266179243251	0.801851897451444	0.812897804855231	0.781375900875274	0.682507925761854	0.761207616055358	0.0109335735437933	0.604304093761032	0.570910220836227	0.057671031361709	-0.168099214454063	0.77675063364489	0.829424207459566	0.877010524978957	0.88394698198988	0.935884024909557	0.0616992340591683	0.850991597170243	0.188632584625728	0.0286937181255907	0.0721052728582518	0.0902956202468784	0.46309910124822	0.219004728679336	0.536202971535506	0.742441119379533	0.474208028447275	0.605942464392008	0.361816521437442	-0.341518797496556
TFRC	0.461672606500138	0.387522720422064	0.530350783076835	0.52232173668238	0.43500760192163	0.413118239992475	0.403000285286152	0.491028140548764	0.37551418243968	0.445984986952807	0.368985777536557	0.411976006759693	0.341627569043864	0.439792809294038	0.390061905313047	0.491648182224412	0.355068797638852	0.560321862606715	0.514657855602339	0.571971201539663	0.368070822959897	0.635032562614074	0.298279712217027	1	0.318719052069915	0.808724664028695	0.602109043339453	0.878764838172885	0.570752200547445	0.396901295697969	0.414729484739984	0.385976676035983	0.628854018256023	0.434743967949203	0.35988841213685	0.55022956560431	0.44394302774221	0.62657266706287	0.67411172032628	0.617868273742487	0.520533742530635	0.475034373523679	0.516878150002653	0.437181896902755	0.388113481945172	0.400998113031044	0.440884694460447	0.385792444381243	0.353859151947695	0.472397481244091	0.416814328272358	0.697046540694431	0.754796510227525	0.574522325391629	0.625869908359262	0.690104523232199	0.519356657723885	0.583063358321751	0.677771005880553	0.455710596706165	0.0891276235769059
TNFRSF1B	0.888477794393806	0.925615154377851	0.854113496762025	0.883006917670205	0.939437988344119	0.747388304576611	0.945705888683923	0.602561063499892	0.927138762563155	0.839298686790435	0.867058030373239	0.921144341705798	0.839530290701233	0.855887449240894	0.82276334377025	0.790963606258941	0.846737381388977	0.563414361714314	0.895105206890504	0.648746311898163	0.850361707979109	0.68330148858024	0.97107001464219	0.318719052069915	1	0.376946047553345	0.45663859060611	0.536197100580925	0.760036204042379	0.929859058631987	0.94343701478447	0.975555816504945	0.825627986458688	0.883958944800686	0.825389265323975	0.762034567059305	0.847027820403071	0.117498671749103	0.696886446977947	0.703175416920586	0.160171580105553	-0.0965444285237988	0.845987285983785	0.889016360755041	0.934528703161347	0.927027914295015	0.957650688898784	0.114053381888025	0.904873355862232	0.333906846041894	0.150385878656013	0.163489724457249	0.186027385818537	0.46413389084225	0.278501025509736	0.587943121518526	0.809164250795634	0.56903667684393	0.620929391818369	0.394400345552138	-0.372697019774764
PILRB	0.441772760890759	0.410412567054151	0.476011795257168	0.491025418203493	0.440553297769142	0.358892082467244	0.411948451513831	0.376049666433198	0.391011401967287	0.402519406818757	0.384688245321007	0.411738751089193	0.336384073272826	0.40373022889882	0.374247555173345	0.425054903640809	0.366063219612513	0.388367879838503	0.491309410456183	0.403175300145467	0.355149169681188	0.587767340749722	0.391082502681326	0.808724664028695	0.376946047553345	1	0.467520206301602	0.866019877679384	0.475964014283955	0.459255599101737	0.426917239269866	0.441059500688988	0.56761658377136	0.434095607186152	0.319044427339492	0.477467732533025	0.39970738947264	0.399352064119331	0.607289303958076	0.470356196099476	0.259745344572127	0.303843150674334	0.435750125316196	0.42519451218573	0.398281937334309	0.403907980210603	0.454721346451574	0.0838547591746173	0.401761033996396	0.222811920386675	0.159123921120127	0.394492409733262	0.683134389896426	0.433012249331898	0.64565316460053	0.589797212648552	0.432243447220399	0.438889237209895	0.524740164063083	0.352610256478178	0.175976172976952
SORL1	0.524334697673211	0.48105971126851	0.533063927381325	0.521477245410181	0.525661571569292	0.525144794000261	0.471412655965979	0.560873118903266	0.471863784682896	0.530312121277544	0.4976518225426	0.491353297507066	0.499883997674683	0.571191965888765	0.504840991116311	0.569639297624644	0.480712011712951	0.669220768004841	0.454610228432199	0.72262176288784	0.535903499217966	0.698156603316262	0.321231008005401	0.602109043339453	0.45663859060611	0.467520206301602	1	0.641877140542	0.644317936727507	0.430712185852377	0.480816532687798	0.443449832083623	0.576316203596276	0.536282620498919	0.553887998771636	0.54655185224802	0.543741503573569	0.49133309947831	0.73637992454275	0.794294268256561	0.78795554145726	0.398234775095866	0.646830739284681	0.513526547317159	0.483365788342248	0.521389284685511	0.455813132414865	0.606184907641357	0.56642790485187	0.799185084121513	0.773664829801262	0.742988695346297	0.661281724106347	0.601350336543267	0.562666239066304	0.732592428514107	0.615780009754471	0.592798805043355	0.63855204571878	0.722843511291995	0.0207173084356605
CD46	0.626785481539007	0.593673468734267	0.668719038258445	0.670025451107853	0.634054698271855	0.569639719583134	0.605240540150623	0.585832244409701	0.586902193939629	0.620834218129908	0.579047708801125	0.603692735399563	0.552436604573168	0.616854891735851	0.569999900162738	0.629653411154649	0.559782152312942	0.639799753737484	0.634744247495745	0.586491083620925	0.560399335617813	0.810371766955122	0.505261251143707	0.878764838172885	0.536197100580925	0.866019877679384	0.641877140542	1	0.694342250930373	0.597488695595345	0.607649352314723	0.603009972462811	0.740075572946766	0.634412863931883	0.592786603126539	0.640585840873715	0.614308443793426	0.507541434917167	0.784488849170783	0.707326312511848	0.470811768006952	0.420986856008411	0.656538566382352	0.626263576595871	0.601768417935186	0.613167301758739	0.618636486129581	0.267794924392005	0.594691377415817	0.42105490106107	0.299652490365974	0.519850892956364	0.71694687330829	0.621656230027664	0.743412613994401	0.798315590956789	0.647153473855117	0.61043132700631	0.722442573010797	0.548986953390492	0.15377937649594
TNFRSF14	0.938197612276127	0.893589622939246	0.891721946116467	0.93028691747605	0.910866547532734	0.949851301397125	0.865170549794562	0.936283307966237	0.88924067790035	0.936341149854555	0.914727770142477	0.910438058609502	0.919376285170635	0.947049502437546	0.932024758860213	0.923502197180901	0.920208527355799	0.904171523744446	0.776682357262319	0.875081584834059	0.926331863330222	0.726638223066245	0.653226360432859	0.570752200547445	0.760036204042379	0.475964014283955	0.644317936727507	0.694342250930373	1	0.820201434105209	0.88897999675075	0.824931902984663	0.847599003303595	0.936906325275621	0.73949305691162	0.944424460122474	0.953086516541513	0.669168591358474	0.797891002092333	0.872769142194249	0.499395528417482	0.443177973168163	0.934763017477186	0.90792329105659	0.884342848184323	0.825614107673797	0.846343481611784	0.36373937979326	0.757637572548308	0.68994357341121	0.434651118494399	0.575881762690279	0.616716910761485	0.538215706723569	0.529228612306015	0.676694137159524	0.93687450939685	0.903790294002986	0.753515643414651	0.347694216813364	-0.395118803404486
ITGAL	0.941571494467989	0.963566731617421	0.897698843795667	0.939221637096649	0.963083215875455	0.815496148441541	0.958425903657478	0.715752086596234	0.949021480917837	0.887500549185351	0.929194241196635	0.952052003482016	0.886242325203099	0.902022080361656	0.885939887178482	0.845818506202786	0.917905362552175	0.632541839587407	0.880027419375779	0.72037349341564	0.903379645676897	0.675257624959623	0.913377009526145	0.396901295697969	0.929859058631987	0.459255599101737	0.430712185852377	0.597488695595345	0.820201434105209	1	0.962214115029908	0.966147315391118	0.911146175975976	0.939694990133306	0.816517751656319	0.85329222866099	0.880756622586783	0.253063267070052	0.677686820217769	0.728006421626131	0.215450296329427	0.0506212990753954	0.904743726015007	0.938214292144801	0.943435054267828	0.921212646751034	0.968753326448541	0.159489830698515	0.876045952073715	0.387040225591904	0.142949773899007	0.249776229721162	0.303933119167229	0.516442062442128	0.343136418725988	0.596191396973592	0.881124655889932	0.705705977655248	0.700907522196694	0.356948836139685	-0.418289852615419
IL2RG	0.979608193103728	0.992555340155905	0.950929135912371	0.974112758228612	0.994431463758246	0.898483719442127	0.994800408270379	0.805898312789409	0.993442466302785	0.961291313555118	0.957854198354579	0.993957418848133	0.941141023505256	0.957068999689997	0.939336858179408	0.921450726428079	0.945981651183817	0.745638707542511	0.927162576008089	0.756135441089935	0.951736484828774	0.71903713140098	0.89450795333528	0.414729484739984	0.94343701478447	0.426917239269866	0.480816532687798	0.607649352314723	0.88897999675075	0.962214115029908	1	0.98477174468155	0.870682232148246	0.967951178377011	0.826065635235705	0.915729457088194	0.943715851481645	0.370055805896603	0.754598440277185	0.798702405600801	0.238184238062327	0.131156741244646	0.927158166202685	0.981048708233792	0.992077807316688	0.958555039913375	0.985236679150322	0.157709736937872	0.887986574198757	0.437233972107999	0.164318458621594	0.277834062954215	0.338943428064308	0.500544087039478	0.366771072293771	0.623004138192729	0.913587465386788	0.767800703540215	0.6947286929193	0.352301507857779	-0.4344208073287
CLEC2D	0.946840764229153	0.974705590271039	0.92532538619171	0.946979688459067	0.979309068511806	0.827340418849447	0.985437783816556	0.712929178827306	0.976022988927049	0.915654284263506	0.922596036231051	0.970596634901657	0.898808111362245	0.915949701849033	0.891471446091199	0.874673061312114	0.906184411221046	0.663215227874509	0.929545206007943	0.691279328613059	0.904191664538401	0.718211810785245	0.951266179243251	0.385976676035983	0.975555816504945	0.441059500688988	0.443449832083623	0.603009972462811	0.824931902984663	0.966147315391118	0.98477174468155	1	0.862640832800364	0.938770359561118	0.844049630143014	0.849721486694877	0.900655646716285	0.246191520981388	0.725715388491868	0.739490852517526	0.179565345399468	0.0383599840700143	0.894824888668506	0.954603732513292	0.978610961681351	0.962213450804452	0.990353401735055	0.113210539695763	0.909020823152838	0.351596236943304	0.10958084350967	0.195359783515108	0.261986575951353	0.508799291368329	0.350088114101425	0.62216128428391	0.873134318191416	0.679824952609611	0.679562758821025	0.385029139020054	-0.373478191199985
ITGB1	0.877210824816503	0.863012429001932	0.853630693048484	0.893466956220576	0.88583372829695	0.755360034792225	0.858976926411646	0.707524292217351	0.84302666373151	0.815215876495205	0.834356175352999	0.861587699689118	0.787545725569604	0.833747785167867	0.803510970416201	0.79308781033681	0.828510109208485	0.663828391641656	0.832942574700967	0.797513979810359	0.840066354675244	0.717102479825386	0.801851897451444	0.628854018256023	0.825627986458688	0.56761658377136	0.576316203596276	0.740075572946766	0.847599003303595	0.911146175975976	0.870682232148246	0.862640832800364	1	0.876370362193285	0.800576930484051	0.829675747410007	0.82737811563172	0.39576156967036	0.738709941510934	0.774098422143057	0.470280206872334	0.206876925196851	0.904616159674144	0.855519875801565	0.846229040745194	0.844468416172217	0.88711677611747	0.4185552974367	0.797326555079837	0.526346660105107	0.365726672028716	0.499219127580749	0.499739442236431	0.680611346188325	0.485705373172697	0.726359683978203	0.879773493172449	0.731579660481027	0.810903438907209	0.470341036374773	-0.31125984625821
SPN	0.989977270556712	0.981893652527814	0.923227440886119	0.973307439436399	0.982714413787313	0.94773868446378	0.956602293451993	0.880377879716727	0.973357029804977	0.966379526510631	0.988925083259244	0.983245194117584	0.977617872155601	0.985678556663387	0.976365600048158	0.933418255975788	0.98795747120182	0.817774699603557	0.830812020415636	0.805588209327088	0.974634316604406	0.741073427784499	0.812897804855231	0.434743967949203	0.883958944800686	0.434095607186152	0.536282620498919	0.634412863931883	0.936906325275621	0.939694990133306	0.967951178377011	0.938770359561118	0.876370362193285	1	0.824133339025048	0.936589566507776	0.982308108995326	0.463256114560992	0.740262634712408	0.840173427855942	0.325439414162221	0.265334688511057	0.958631306839402	0.97212285602356	0.965771053326119	0.905558087166435	0.942189658653058	0.21594404051988	0.870487963586588	0.541630653893682	0.242632871916265	0.370186873624515	0.447782805032387	0.514320076659134	0.431905572770694	0.621795929054778	0.952379391391901	0.842333020958038	0.729714956542926	0.34603903288764	-0.425062819627055
C1QBP	0.803821322718654	0.833165507199668	0.820700744661468	0.804072017754971	0.846812271938735	0.708817429141421	0.845571553039388	0.643438144481909	0.835684025125987	0.808113997208144	0.797055829598954	0.821622546412685	0.786102511362461	0.808572917751114	0.76743311613315	0.777513733909033	0.786325142728824	0.674952079165849	0.769163714090921	0.65002499569512	0.778670829580243	0.802547110471928	0.781375900875274	0.35988841213685	0.825389265323975	0.319044427339492	0.553887998771636	0.592786603126539	0.73949305691162	0.816517751656319	0.826065635235705	0.844049630143014	0.800576930484051	0.824133339025048	1	0.701018062329649	0.778825038636432	0.220050307908447	0.671226336261607	0.731335831815065	0.462733655016341	0.225176887202665	0.855125392421055	0.838732335945876	0.841760067797011	0.901258229988932	0.838509847347796	0.341945923333235	0.894053668990174	0.430324069300459	0.256535668010783	0.241437155151004	0.269714256311888	0.772792730586942	0.540872714191527	0.804897186897352	0.836752713199456	0.598422066726641	0.795662183627634	0.643424248591143	-0.0179298216129868
ADGRE5	0.960429546056812	0.920494116579295	0.935890624098854	0.962106979264287	0.92080088060495	0.951089722258734	0.89476342928551	0.945048318515381	0.911361477938261	0.958145027000741	0.924268094725535	0.933432684503256	0.91941616206852	0.953997995904081	0.945343297148109	0.956820880704544	0.924882327684623	0.884952325628932	0.832549268397225	0.86764774464536	0.929456271987327	0.686191304693426	0.682507925761854	0.55022956560431	0.762034567059305	0.477467732533025	0.54655185224802	0.640585840873715	0.944424460122474	0.85329222866099	0.915729457088194	0.849721486694877	0.829675747410007	0.936589566507776	0.701018062329649	1	0.943478413400526	0.690921238381911	0.755874649615335	0.860368907535461	0.402382119710212	0.424184309711971	0.934133628875044	0.939225589794607	0.896540665513011	0.836556248888928	0.883600733060479	0.299073104688975	0.747794395214795	0.62475268139674	0.311613697317497	0.511836289873464	0.562221396095809	0.512876231125049	0.450124962451276	0.61080790941227	0.947771305554798	0.942323445888425	0.748073655138096	0.295253083418593	-0.479144196919203
