""	TREM2	LRP1	CD74	CD81	SORL1	TLR4	ABCA1	SORT1	C3AR1	CD4	PLXDC2	VSIR	RHBDF2	ITGAM	LAIR1	CD33	AXL	PLAUR	TMIGD3	ITGAV	HAVCR2	ITGB2	CD46	ADORA3	TNFRSF1A	ADRB2	CCR1	TNFRSF1B	ITGAX	INSR	KCNQ3	ITGB1	TSPAN14	TLR2	MERTK	P2RY12	C5AR2	C5AR1	LPP	TLR1	TLR6	ALOX5	ADCY7	C1QBP	PTPRC	PILRA	CANX	TLR7	IL6R	TFRC	STAB1	FPR1	CXCR4	GPNMB	MCFD2	LILRA4	MRC2	RYR1	PLXNB2	MILR1	SLC1A5	ENG	LAMP1	CD47	SIRPA	APLP2	LILRB1	PTPRA	PILRB	CLEC2D
TREM2	1	0.794138689803953	0.930165194778004	0.835774896095095	0.856794522525943	-0.0161730167632261	0.694838253527858	0.751968467864908	0.725824753163622	0.806283349821637	0.806245109893394	0.815095817032078	0.8205219282232	0.577684124472404	0.716689584422202	0.225966948786041	0.903184826473596	0.707976586342024	0.876949941262821	0.730938111596629	0.644417092122841	0.900520794884294	0.537458318020766	0.863541042472937	0.878562790584967	0.698097684787683	0.856065761701379	0.850438189463435	0.727926365521898	0.622532951846336	0.680399670725801	0.809924910219215	0.740480495470885	0.749917089676172	0.789480127237122	0.550861062824043	0.622601021078589	0.820248004788238	0.319356656712301	0.488593831263641	0.526990038206483	0.6509450972812	0.822124419579733	0.664205728134395	0.834840487385458	0.479671509942533	0.626713531009702	0.609845546952664	0.720335093158264	0.665761456898889	0.0599436310652531	0.910183835779593	0.815911733909975	0.553299073582255	0.420934146684112	0.313365579262849	-0.00715254369478182	0.204498252298592	0.55725015819625	0.0889710907958781	0.801633335865198	0.644049529166731	0.371675105116231	0.347291338722879	0.641466052726948	0.854448766178309	0.630014953719117	0.461760040751983	0.202798998541515	0.36604457029042
LRP1	0.794138689803953	1	0.771714065631121	0.671742839947887	0.706170772684162	0.172633583365069	0.539638203002693	0.698277855137859	0.744527807961692	0.637386019992469	0.604374980410993	0.636685217492569	0.627779209494852	0.385419915163193	0.691338029037924	0.0973346760518768	0.682484230079478	0.792770169744598	0.805861614601338	0.83997456066245	0.669132487178381	0.847246240237294	0.734676413062067	0.77699102460274	0.790232663782957	0.760150309400394	0.802077291804876	0.847362331959724	0.682092471351288	0.332791825508712	0.43864944487666	0.913225241607895	0.880359769514458	0.756852590069781	0.637382382812484	0.318468843063628	0.643219648539902	0.597846512259286	0.391763487265724	0.705039961743148	0.511122678240015	0.612999934207108	0.712299622384485	0.642796726992655	0.729182456739106	0.264625850785723	0.59801970720749	0.609906754623315	0.698247666423736	0.425085013211992	0.0298433906555374	0.803908774225005	0.864358618955763	0.461553266275229	0.504306176905168	0.352750010963873	-0.0678389863763267	0.159107043775425	0.55892181807718	-0.0426466592633592	0.680477877523304	0.606319097748317	0.201744090530747	0.632235055071707	0.673870095917554	0.819778960520735	0.834501064686689	0.317300759383815	-0.0772081958127047	0.473157286138914
CD74	0.930165194778004	0.771714065631121	1	0.928009245090169	0.90858734151816	0.00103375758802399	0.686170636680628	0.729194326428944	0.757070663973596	0.787966047592701	0.865914412605226	0.851701881496943	0.881021242602733	0.656295437803211	0.727728469780735	0.439758812192001	0.906037828183528	0.587375875905665	0.830839603807371	0.570559412405354	0.559187387194426	0.84024334454795	0.555746578340459	0.806938022444535	0.877992030765823	0.640452378862494	0.760956744080415	0.773056064979777	0.734402926246945	0.633511163229548	0.755388942027424	0.82718727220035	0.697316519314923	0.648801903741881	0.900421437632638	0.534173185348809	0.530789939739008	0.826772745305452	0.475348207362734	0.381024726488429	0.657578210350691	0.597683250719557	0.879660418269489	0.570289249269787	0.88430425077576	0.589890684388443	0.742436385924046	0.660679290966339	0.557214335288487	0.742321988687423	0.200773585505826	0.821102151444238	0.780928265016142	0.389931908416874	0.399164366791224	0.40429100320989	0.167531083185619	0.156282689003883	0.632082016945746	0.267365530292678	0.81709528967071	0.520870541702445	0.544425378957061	0.300889415497448	0.574527905399565	0.851672568481805	0.706364355470399	0.668658292807535	0.345959014351304	0.518593384740079
CD81	0.835774896095095	0.671742839947887	0.928009245090169	1	0.833803156297523	-0.037704743737069	0.680491307606382	0.595256516165505	0.773434199280491	0.652573847070584	0.807412609517145	0.764798334833083	0.850673223758235	0.71890474948981	0.678195815999168	0.627165081553116	0.899957994223424	0.40218830777063	0.709546232565349	0.420697654878426	0.383004594919578	0.790985893381808	0.501035534059767	0.610700340293974	0.849489101850635	0.525838145609853	0.590006010290892	0.707122663266274	0.586326886045538	0.670168356045118	0.684995401507562	0.75276067847021	0.677957617149208	0.506314873356652	0.884915278705288	0.354272305463454	0.316781813110307	0.816178180784151	0.544761379693347	0.15950554062361	0.672803401914541	0.456808446384094	0.838659544909679	0.558451802327055	0.822715591514463	0.555610429407128	0.796837763021206	0.68800209138385	0.352503754217234	0.775594830992343	0.440041398129766	0.716543698060288	0.723537027492982	0.451880720314217	0.298895402749224	0.445876968063708	0.206409321313388	0.00287008155350361	0.701321671956527	0.276265698715473	0.777163988978789	0.316072649802468	0.720256432862228	0.268170634740317	0.504422319857228	0.845625010481418	0.702611106347129	0.74621596471265	0.467830528474016	0.637127341053198
SORL1	0.856794522525943	0.706170772684162	0.90858734151816	0.833803156297523	1	-0.0137472684668969	0.768234447932338	0.855781151232852	0.629888389433697	0.825773673430199	0.931730614179436	0.854424696141368	0.949526890147984	0.600295957287687	0.808797982056394	0.335277472321484	0.846210095848632	0.540959474793124	0.764325665131596	0.5177872204407	0.689812453516963	0.698714311388992	0.542728279872587	0.854106557859281	0.864312188028835	0.711576916744267	0.710258940585951	0.727583806683222	0.706893703842692	0.678950522543289	0.908013302003607	0.776173725283434	0.673474959833019	0.680794767761279	0.904164237704668	0.633701992541654	0.520043598257333	0.832317863632853	0.572304031374415	0.394394619947836	0.490901112197031	0.687615310087236	0.835977731896667	0.564001486981443	0.900636088345231	0.504601995496385	0.653099957425756	0.673526579238234	0.654430399972308	0.790148847087781	0.271467749432917	0.745036424326717	0.794743126875679	0.301463673986982	0.366346404336422	0.202332926145754	0.0470075622077885	0.276392954646298	0.617936644210142	0.252644662412263	0.7738596069136	0.66254118974373	0.37603419844066	0.261285192120602	0.636903343738551	0.833665369664992	0.675736464134302	0.640943725013345	0.442447161625568	0.538476787573178
TLR4	-0.0161730167632261	0.172633583365069	0.00103375758802399	-0.037704743737069	-0.0137472684668969	1	-0.315602612379038	0.0738101432030513	0.267665704395144	0.129512569468655	-0.120396890331014	0.210881486504632	0.0776724805671633	0.423338266773246	-0.0378466036769704	-0.104101500855364	-0.164318056545813	0.075239803103067	0.0466704191535043	0.11040565755053	0.100793374317806	0.101897545735176	0.371315258915344	0.0428408126969239	0.0162117860378197	0.134866164912299	0.103660978192651	0.26130278023958	0.40476311221481	-0.173726105582402	-0.0885388682605086	0.037702286194463	0.289437713251506	0.311396819222726	-0.0916980890728165	0.276291972717845	0.019397202048951	-0.251122816714687	0.358628829349366	0.411454696349803	0.27422306724771	-0.0718088132913433	0.0966074602330162	-0.0825579210970083	0.122512671878652	0.133691253156883	0.0186665032064542	-0.0420980137806045	0.18148990792656	-0.20871292020795	-0.140356681281766	0.0970298646936148	-0.0480625612199416	-0.0606404979007574	0.168984029566897	0.446632729978456	0.35640834887553	0.622533985002785	0.160784883098393	0.308110506448875	-0.0855951719609177	0.120130283706119	0.0521666915543543	0.471689852016119	-0.113187183853368	0.010166374474481	0.237574710665793	-0.0698940079394676	0.168042378007887	-0.0195761419881341
ABCA1	0.694838253527858	0.539638203002693	0.686170636680628	0.680491307606382	0.768234447932338	-0.315602612379038	1	0.686259222458061	0.456944505021594	0.686797349022532	0.768551146407747	0.523259384237334	0.716355451396405	0.423409446678024	0.584491204960629	0.0992809403802797	0.697643628708917	0.520175514226778	0.55344608909506	0.506685419887555	0.504313430625101	0.624257660503471	0.31021490929105	0.668859568483284	0.774100565542719	0.50236043731476	0.60145444746048	0.650242304424683	0.504972783631934	0.666746570038197	0.720700781314678	0.610393667751939	0.450186735317484	0.604192791884534	0.698079459704992	0.36010312708373	0.555840417253928	0.900112645167477	0.376025389248738	0.311599725840374	0.240922531789495	0.497637291805122	0.517884469564288	0.497126792964086	0.721650983364535	0.260031150413939	0.566986777373931	0.488232675128486	0.497765885083675	0.683696800803096	0.32984544637872	0.5907452930495	0.759176404163222	0.527653466841581	0.426860745038994	-0.0358526190725137	-0.215865641823489	0.194562271203185	0.454920580984796	0.0414980932643446	0.719590299115289	0.558004583113285	0.267155554917231	0.141793338888549	0.705807502327005	0.724986771164542	0.389866537816904	0.403900012188038	0.277259113771886	0.519136438315046
SORT1	0.751968467864908	0.698277855137859	0.729194326428944	0.595256516165505	0.855781151232852	0.0738101432030513	0.686259222458061	1	0.587047750040127	0.846757611833566	0.722867971807243	0.695539865480463	0.783091949677373	0.424492558599488	0.648076839399463	0.0449657362697427	0.590114782982538	0.707613428753039	0.72492194087241	0.598757242431601	0.713244328302166	0.644751562409505	0.620727473878494	0.886235999994402	0.748319157884963	0.629812471517883	0.761165675259726	0.703638540454423	0.778618846669311	0.476117128140056	0.759050617264394	0.754161782938591	0.663470525089733	0.759809773391744	0.758542499560874	0.638208986982464	0.739572514069645	0.731656688909758	0.365223283534807	0.682989654841287	0.450741651594966	0.547810953163812	0.69842745953024	0.38696084442696	0.846843206852907	0.516558352632979	0.563399940770135	0.543566994516679	0.736616633177554	0.596803917242082	-0.0181152631198504	0.73191677880249	0.774529674614795	0.152134210414592	0.626180776472008	0.122979940317268	-0.140628850913601	0.454969137510136	0.444813297225605	0.257549986464582	0.756834291968934	0.841409460035216	0.129179651111861	0.459169083006093	0.65441210246053	0.726806861073506	0.566075987328967	0.354687139724259	0.293302264934991	0.415901405518456
C3AR1	0.725824753163622	0.744527807961692	0.757070663973596	0.773434199280491	0.629888389433697	0.267665704395144	0.456944505021594	0.587047750040127	1	0.634938236159628	0.517036870796208	0.663079582797811	0.619085106571026	0.595133057502284	0.562786645989097	0.438118516073686	0.615502094489718	0.599978335694475	0.696782408482786	0.536630835578943	0.364056595299962	0.820049822921217	0.706541170200389	0.529005298565844	0.774437644065633	0.434996693054922	0.620513001087617	0.704868485119053	0.653805043225343	0.325090897389736	0.382443322085369	0.730648399038954	0.763941890870762	0.552232843710129	0.712307380090654	0.324245927602552	0.47757090330685	0.537558144286478	0.478870174584846	0.502552329090746	0.744590943391195	0.289048093831067	0.76827754935235	0.396041116770518	0.755520011436396	0.584338309256914	0.781427021261193	0.652326238901802	0.355936118146986	0.439900706998663	0.264364629785066	0.783685986436689	0.651118688562859	0.338904434656578	0.557736782616245	0.623955519777888	0.233070068803437	0.14610584913219	0.761203582624239	0.116839931878763	0.782905501384501	0.432832458771978	0.584129245824153	0.686725777993901	0.495906160479584	0.840457412111161	0.681384343888457	0.464546545790229	0.309741532356483	0.648000585035805
CD4	0.806283349821637	0.637386019992469	0.787966047592701	0.652573847070584	0.825773673430199	0.129512569468655	0.686797349022532	0.846757611833566	0.634938236159628	1	0.75659323862506	0.789094908830259	0.79844911696208	0.53566232466451	0.666750692991563	0.00459540973674591	0.650367448631994	0.58794853570716	0.681181563325108	0.548545634193047	0.708288464997525	0.734826503794553	0.566792565499449	0.877189101265204	0.760126487904997	0.634808164784339	0.810485849484266	0.722994391175247	0.827963251938974	0.597280049319872	0.732529188242082	0.678922367187237	0.574226709255472	0.73957401413301	0.698188269492424	0.783802848298104	0.646331838598839	0.698050626190718	0.335499199282328	0.594524319950121	0.388081740609062	0.587952633631123	0.692672192684954	0.353278298838452	0.829091877686502	0.626240697414242	0.558489196054597	0.536818531220927	0.695751177476019	0.54874666751559	-0.0903665718506477	0.744569117212257	0.635043103130338	0.281036719581304	0.515061739673913	0.307535678567059	0.0191611815747701	0.528126390382971	0.532102983114609	0.177565109967778	0.731053012728085	0.761168937366004	0.215917616085012	0.416994102083534	0.666979828653273	0.746181711901101	0.431277496398155	0.345361582039469	0.414161695314621	0.387164051629829
PLXDC2	0.806245109893394	0.604374980410993	0.865914412605226	0.807412609517145	0.931730614179436	-0.120396890331014	0.768551146407747	0.722867971807243	0.517036870796208	0.75659323862506	1	0.857640533522666	0.924157787781383	0.536784307641293	0.830981518133239	0.329744505703153	0.852883449249864	0.42832046513632	0.73857005198882	0.402496050425067	0.713082375415767	0.666261461247764	0.337952927464754	0.75204511068542	0.758815282813306	0.739229449014914	0.640305901234084	0.658444154188241	0.612078172421735	0.77773840940309	0.876236292517187	0.642695287182542	0.596195882801375	0.58435671465903	0.849752002105148	0.660179441127106	0.403799880456245	0.817414791254737	0.578611240256417	0.227701764192151	0.415027749734824	0.784630286806499	0.710849439107029	0.662027966977512	0.783249157123539	0.349187931462711	0.489032745023097	0.660771904690139	0.610519200934911	0.831367444860502	0.28593107442473	0.712166360753533	0.690264684797673	0.333700175213372	0.161565105160095	0.0657495096231082	0.10666090117292	0.214568237315737	0.655213655547724	0.118109956545759	0.673124726755521	0.527298811326829	0.330922454745149	0.0946843283069304	0.677850067803512	0.769366080884006	0.566643078631654	0.620804478339959	0.391824902867885	0.508019216720623
VSIR	0.815095817032078	0.636685217492569	0.851701881496943	0.764798334833083	0.854424696141368	0.210881486504632	0.523259384237334	0.695539865480463	0.663079582797811	0.789094908830259	0.857640533522666	1	0.880242386344175	0.63711394181083	0.803688765497104	0.335517984301916	0.758526670973441	0.418732977608011	0.792431081285021	0.433947202317645	0.690202387845559	0.756616232123975	0.489361692060566	0.733065260601599	0.759458905913873	0.774115052028083	0.642487294669318	0.703922801253226	0.744431350688223	0.686409804153115	0.690993406463255	0.667963332067514	0.713033059276167	0.588533674712664	0.787330592331212	0.790185371949866	0.400925572045827	0.606609415712434	0.554928737666625	0.35320824470759	0.599608546345594	0.675968259798564	0.783252587720545	0.557972713250597	0.794117074057196	0.521077402147269	0.504637765134397	0.690335857382847	0.652881826112908	0.67448059149878	0.136647449014377	0.795578971491583	0.59393143578982	0.251770109668764	0.217151497045664	0.367592997706263	0.293508465748905	0.376238465916568	0.727418819345789	0.199825254936498	0.612019336032955	0.516604837445805	0.349970135719991	0.342188804249256	0.535198970891145	0.754136613128566	0.567559370176997	0.555470896832993	0.436952577820871	0.462230173439097
RHBDF2	0.8205219282232	0.627779209494852	0.881021242602733	0.850673223758235	0.949526890147984	0.0776724805671633	0.716355451396405	0.783091949677373	0.619085106571026	0.79844911696208	0.924157787781383	0.880242386344175	1	0.691322433023281	0.765833052394036	0.408059172258922	0.830934516990469	0.422458618736984	0.741967479309395	0.441076209802475	0.632334319511136	0.702613400875491	0.451303768258909	0.782909521316282	0.824618550531228	0.683934958091845	0.654611318919887	0.735897471526898	0.716182429118803	0.771984224871409	0.864569499210348	0.687445531947337	0.64962791299206	0.634825474296336	0.8829958757205	0.6568945587078	0.432394496868943	0.813622374621259	0.628256766834975	0.310926508101136	0.542210466933259	0.643828153701023	0.815731130792191	0.535585060234514	0.881832205981949	0.483067449598239	0.617257953644762	0.676456075451186	0.609612364124023	0.824777672966048	0.335185796119623	0.719977085785327	0.724732578133602	0.322652091868409	0.290738492184435	0.211828668117965	0.164348312389299	0.34001541070673	0.676599693080143	0.33670067400578	0.71509325299788	0.526815361167885	0.450527230794885	0.225805208250435	0.565521320390964	0.803824413500337	0.629881240862119	0.692700950880364	0.54281370664711	0.542041543871892
ITGAM	0.577684124472404	0.385419915163193	0.656295437803211	0.71890474948981	0.600295957287687	0.423338266773246	0.423409446678024	0.424492558599488	0.595133057502284	0.53566232466451	0.536784307641293	0.63711394181083	0.691322433023281	1	0.350157069743453	0.451280659160107	0.606480236073097	0.179869076092596	0.426013061930282	0.238142034876967	0.222917277434828	0.521798038025397	0.315898608141226	0.42789708620451	0.618153396337349	0.334101085784891	0.394811521861836	0.604183821212367	0.630188295018318	0.559488073814489	0.572343053592391	0.410786420493602	0.491451164705852	0.531213529525973	0.577534953386063	0.436405346197828	0.132151370431005	0.585072041815255	0.553640737041912	0.160412639648437	0.618379141992236	0.228731052042378	0.559560863704343	0.323908851933214	0.645281183455389	0.506128983330734	0.556797471661819	0.320244705138059	0.253197464394782	0.60488862530002	0.285798293868372	0.458445025669133	0.418725291255442	0.368521116058531	0.178391620871272	0.465457700216105	0.34309681112161	0.459818876666058	0.520230902026335	0.535092557669774	0.513329570263791	0.188043328275285	0.610395358808435	0.182591098412511	0.206572557500001	0.49547003310035	0.50264232765424	0.527513602098678	0.593808353700775	0.336802384424251
LAIR1	0.716689584422202	0.691338029037924	0.727728469780735	0.678195815999168	0.808797982056394	-0.0378466036769704	0.584491204960629	0.648076839399463	0.562786645989097	0.666750692991563	0.830981518133239	0.803688765497104	0.765833052394036	0.350157069743453	1	0.23785155243607	0.722655705892626	0.412935101133806	0.746878297584035	0.504674694565239	0.752481089867057	0.690579572118627	0.466228976710454	0.686118354232879	0.714203766765866	0.823367890142074	0.648402589557619	0.61115559288045	0.459158997554758	0.560865824894984	0.626871088847727	0.68812560968358	0.718364836835648	0.466249215595772	0.697369005962112	0.574346930605752	0.365134274138282	0.588108582450504	0.467406192180595	0.28236040688507	0.311528324982449	0.815633027349199	0.704800980869036	0.62625983067944	0.653823492061488	0.21498435936293	0.435431089228245	0.804003124277653	0.673024074892455	0.646756258211454	0.196246013095282	0.694584632888864	0.651820282220447	0.273095852553355	0.125615324646196	0.181768585205407	0.173945101192423	0.0999630576285441	0.673539227525723	-0.190432686287325	0.617200260301204	0.497031850486156	0.147852558103934	0.325913591132703	0.735657193706396	0.793248764484165	0.647107157477752	0.464465929035418	0.263526080908908	0.547687322459614
CD33	0.225966948786041	0.0973346760518768	0.439758812192001	0.627165081553116	0.335277472321484	-0.104101500855364	0.0992809403802797	0.0449657362697427	0.438118516073686	0.00459540973674591	0.329744505703153	0.335517984301916	0.408059172258922	0.451280659160107	0.23785155243607	1	0.434867478035732	-0.163387668935238	0.182053508716402	-0.252855935509183	-0.209851803736975	0.18217029121131	0.144879050381146	-0.0690404214531641	0.309885100997798	-0.0401549732098291	-0.115663689557768	0.0607643700594277	0.0538188008235963	0.309018922332973	0.298662097055788	0.223054730609564	0.215818570311356	-0.17533479910492	0.582386728796343	-0.0727073907944179	-0.28051892212374	0.285676078398607	0.49882587695176	-0.393947164104576	0.61959099079522	-0.0483722075396212	0.503076327110122	0.122247132728097	0.34859428792996	0.426704312821465	0.556724902959863	0.392908371203402	-0.326619612380035	0.510296676621619	0.662847159653473	0.152454279150962	0.161997009397761	-0.0729130507946181	-0.060734098273095	0.381519928113397	0.427585462181449	-0.385741919508523	0.474632485005854	0.401690100225674	0.353238615454192	-0.279669367938455	0.832598307043654	-0.0308913558457962	-0.117394158891491	0.347321517812124	0.398695916255491	0.781175535020943	0.50940478361201	0.552461071050313
AXL	0.903184826473596	0.682484230079478	0.906037828183528	0.899957994223424	0.846210095848632	-0.164318056545813	0.697643628708917	0.590114782982538	0.615502094489718	0.650367448631994	0.852883449249864	0.758526670973441	0.830934516990469	0.606480236073097	0.722655705892626	0.434867478035732	1	0.462833904572739	0.721616500917486	0.537248843843052	0.561240739011778	0.770127448425394	0.415789773303601	0.716930817361177	0.837944410426979	0.676865838599679	0.660461973635655	0.766637722880475	0.540665682722097	0.75481955935449	0.734118199618302	0.741595649588821	0.644070347517561	0.598428945843355	0.794802855742427	0.399350436784463	0.323691980733015	0.83732964567722	0.439417086694885	0.17056124525277	0.431179708020501	0.663217108979869	0.75261008590101	0.757715860126336	0.761364571893178	0.37539677857922	0.607031253413977	0.560285019216207	0.545036824548487	0.768646086899912	0.27022342277933	0.730312543779829	0.768293045340066	0.60033419767751	0.151139710937918	0.239380330174105	-0.00580401047017763	0.0182290284181853	0.572465202192942	0.106439343842786	0.706793591788733	0.416400830184548	0.492460491311353	0.142937439749498	0.533895161078085	0.808696919135637	0.662426748826584	0.597742555873426	0.27409382754965	0.43859157918778
PLAUR	0.707976586342024	0.792770169744598	0.587375875905665	0.40218830777063	0.540959474793124	0.075239803103067	0.520175514226778	0.707613428753039	0.599978335694475	0.58794853570716	0.42832046513632	0.418732977608011	0.422458618736984	0.179869076092596	0.412935101133806	-0.163387668935238	0.462833904572739	1	0.745833124664228	0.821891060827877	0.567311999862557	0.696047141832794	0.568226130908903	0.738821621509609	0.611365033571912	0.509474007279519	0.814011747085112	0.701399820286324	0.681169490983572	0.142951407164718	0.356444517631629	0.680084051086864	0.672137833197064	0.800957928442977	0.503910930739502	0.316995498010736	0.851998463545107	0.565303163382854	0.147687411462052	0.833751850722895	0.403209691863064	0.458254922053439	0.542711158382927	0.474861017695268	0.618443245482948	0.233733935032629	0.412628353767269	0.370739767105645	0.682856244738168	0.30338320180335	-0.149487166384874	0.790201357366603	0.757210487073479	0.378207558064265	0.69526151661618	0.117207331273262	-0.237928058362163	0.261640285495903	0.26140937075599	-0.0844753637704066	0.696642979132284	0.783545812685772	0.028684911074995	0.526486419286725	0.651932112905571	0.659593436752493	0.494052409292128	0.0684596438811204	-0.225928393095631	0.215522863763573
TMIGD3	0.876949941262821	0.805861614601338	0.830839603807371	0.709546232565349	0.764325665131596	0.0466704191535043	0.55344608909506	0.72492194087241	0.696782408482786	0.681181563325108	0.73857005198882	0.792431081285021	0.741967479309395	0.426013061930282	0.746878297584035	0.182053508716402	0.721616500917486	0.745833124664228	1	0.737385328591466	0.644150453954779	0.864233894762208	0.442331609395826	0.800313082602865	0.750660134300851	0.70723840541849	0.826777928497641	0.747955613722313	0.687748056255479	0.450919014539343	0.522549016685186	0.741378849590592	0.797427649672151	0.65221481296226	0.736063280875173	0.54648832958452	0.719483717617845	0.692637488901235	0.271792565633406	0.547730282884974	0.617103611521132	0.657284849411125	0.773452714374424	0.603576823097156	0.720921154436795	0.326421064085658	0.478627664023348	0.738843016724906	0.735829845064241	0.633474216373423	0.0194791457431687	0.935365507715224	0.757622087225155	0.380753655051265	0.405162357811767	0.20622619474189	0.159283610318802	0.20081910514183	0.566279114545597	-0.00199686285281102	0.738729240258339	0.567300272867666	0.21052382750117	0.388479267704891	0.678989975339081	0.793258044630269	0.609407540234205	0.388622329533572	0.0652715964739786	0.328904101234845
ITGAV	0.730938111596629	0.83997456066245	0.570559412405354	0.420697654878426	0.5177872204407	0.11040565755053	0.506685419887555	0.598757242431601	0.536630835578943	0.548545634193047	0.402496050425067	0.433947202317645	0.441076209802475	0.238142034876967	0.504674694565239	-0.252855935509183	0.537248843843052	0.821891060827877	0.737385328591466	1	0.581025507288377	0.77801071981438	0.535203649764253	0.759651047529287	0.694147675043652	0.63137746835584	0.839006188094086	0.805351817109536	0.55152041487855	0.202439928067759	0.274629425594457	0.755751151490755	0.697900486968175	0.761102784925826	0.380409333992143	0.244352884894266	0.771023895131132	0.537737355655208	0.0459694787635842	0.756188963188199	0.25276656315159	0.504056338317437	0.528712684841069	0.527953387870366	0.5587174384218	0.0635861507768327	0.401652359603685	0.4115372242571	0.800735331576321	0.23910479705955	-0.187756878703375	0.734274617307637	0.80274998985184	0.590409457620223	0.525915506208344	0.175964296465177	-0.212995657938783	0.253329444929075	0.259420414598851	-0.172320760932474	0.581334909822136	0.616863684597491	-0.0797998413544815	0.523075839989236	0.602352773185116	0.65292607676406	0.59040260669541	0.0149506746961482	-0.25687666948807	0.141344850309643
HAVCR2	0.644417092122841	0.669132487178381	0.559187387194426	0.383004594919578	0.689812453516963	0.100793374317806	0.504313430625101	0.713244328302166	0.364056595299962	0.708288464997525	0.713082375415767	0.690202387845559	0.632334319511136	0.222917277434828	0.752481089867057	-0.209851803736975	0.561240739011778	0.567311999862557	0.644150453954779	0.581025507288377	1	0.581852635609541	0.390712129011602	0.775393413849448	0.513398956563719	0.912573076209372	0.694553995616409	0.651430212175223	0.619252849823881	0.566569595799114	0.584149766409233	0.565859729219818	0.642600738546016	0.724317197517783	0.448118960822723	0.723623396360612	0.470905852577353	0.47799508962547	0.343823276980735	0.562271194514809	0.101969098981395	0.891062533436927	0.423418145125549	0.688388481375556	0.525035813600415	0.0833348967360558	0.0952928670930622	0.452197029707912	0.839698489732089	0.449972844136311	-0.182512543343837	0.67196940863763	0.573932099136318	0.294998837594731	0.118204327923117	-0.101500458877113	-0.191478709176751	0.406621427192801	0.520170635009863	-0.215829371408839	0.374885788728004	0.706804596965508	-0.240015188086291	0.302935960662537	0.770067385307727	0.580072957000482	0.484272625242613	0.0750822660810269	-0.0393765134129931	0.207895071424218
ITGB2	0.900520794884294	0.847246240237294	0.84024334454795	0.790985893381808	0.698714311388992	0.101897545735176	0.624257660503471	0.644751562409505	0.820049822921217	0.734826503794553	0.666261461247764	0.756616232123975	0.702613400875491	0.521798038025397	0.690579572118627	0.18217029121131	0.770127448425394	0.696047141832794	0.864233894762208	0.77801071981438	0.581852635609541	1	0.580436825604434	0.739939327400533	0.841292700463187	0.688108570911916	0.83516425012877	0.869076206042961	0.702526084392257	0.535994087774416	0.42571662083447	0.822947701513913	0.809665123428157	0.692239057431294	0.689532978430524	0.451507379367	0.630231374542009	0.69756959658212	0.309478132661968	0.545151686287693	0.600254319725307	0.538824400762537	0.752092437532706	0.608820956167968	0.75714725295309	0.416358487192032	0.642189539379209	0.672552981624406	0.653270124326351	0.514684618896479	0.0617258077138353	0.918371132917157	0.786849011847509	0.576136149849615	0.477593264221174	0.429653836565499	0.0928348837276434	0.191778346875248	0.655962830453597	-0.0231359583979482	0.756844151322161	0.502687585146042	0.353833734881706	0.542858464813011	0.673277948326058	0.875185347891628	0.641511465357561	0.364435115738147	0.114109109840754	0.468732349641633
CD46	0.537458318020766	0.734676413062067	0.555746578340459	0.501035534059767	0.542728279872587	0.371315258915344	0.31021490929105	0.620727473878494	0.706541170200389	0.566792565499449	0.337952927464754	0.489361692060566	0.451303768258909	0.315898608141226	0.466228976710454	0.144879050381146	0.415789773303601	0.568226130908903	0.442331609395826	0.535203649764253	0.390712129011602	0.580436825604434	1	0.562185692566944	0.677103442975078	0.468017921137177	0.514359734978333	0.648882669057921	0.589925145297282	0.0730904519629224	0.328591138390288	0.805228351571349	0.672162703160925	0.568712686491072	0.523207326122424	0.234625032821694	0.43707062654241	0.301133553511365	0.44316062895182	0.638147553257378	0.423701054066563	0.22295360361835	0.631930278342703	0.267667001223607	0.692809577469457	0.537279140500951	0.706885130627958	0.398996490021661	0.465673319040678	0.116549533728652	0.0335494564636577	0.513402689882211	0.648899135712497	0.173378549274883	0.687779470479093	0.644798708657493	-0.0855075262541962	0.224092111691079	0.392031183783612	0.193914792222365	0.570624591031303	0.635303321990005	0.32197330431878	0.838102618625554	0.317912668118035	0.677525967941066	0.658673516219033	0.288075540752136	0.170685889814081	0.537304416704637
ADORA3	0.863541042472937	0.77699102460274	0.806938022444535	0.610700340293974	0.854106557859281	0.0428408126969239	0.668859568483284	0.886235999994402	0.529005298565844	0.877189101265204	0.75204511068542	0.733065260601599	0.782909521316282	0.42789708620451	0.686118354232879	-0.0690404214531641	0.716930817361177	0.738821621509609	0.800313082602865	0.759651047529287	0.775393413849448	0.739939327400533	0.562185692566944	1	0.782523349011142	0.734387745508357	0.886680826726979	0.787911676320065	0.787864195207702	0.51654766576186	0.726880421386586	0.794147487678243	0.641049582163596	0.816593707543723	0.683696068405201	0.653721068087469	0.76602069892328	0.741315497603087	0.248926918836559	0.680224597728351	0.350296438072987	0.695239373874031	0.699362472465118	0.504673325610914	0.804140097581195	0.439170209715024	0.496972512133099	0.511372702650571	0.854508884530214	0.552720081584308	-0.16711269037576	0.777980515021045	0.796818876655325	0.351316470092717	0.505954618973805	0.136603411109344	-0.148328208400506	0.440057700258474	0.369331026283041	0.15828371292938	0.709934901476594	0.802023806879305	0.0507276156524301	0.367236089814769	0.657487426554495	0.730480916167357	0.568712835399862	0.308218226668503	0.128845102407854	0.240406093028155
TNFRSF1A	0.878562790584967	0.790232663782957	0.877992030765823	0.849489101850635	0.864312188028835	0.0162117860378197	0.774100565542719	0.748319157884963	0.774437644065633	0.760126487904997	0.758815282813306	0.759458905913873	0.824618550531228	0.618153396337349	0.714203766765866	0.309885100997798	0.837944410426979	0.611365033571912	0.750660134300851	0.694147675043652	0.513398956563719	0.841292700463187	0.677103442975078	0.782523349011142	1	0.637925712836155	0.718006097469441	0.855627849550255	0.684624729632734	0.582556930556367	0.67618668447005	0.886193418065597	0.747106500600734	0.692801452992405	0.829906827661567	0.405243319322051	0.571336290476623	0.807978751108701	0.478184193149895	0.457315954328053	0.54815372963075	0.486382658866101	0.827591872346366	0.559513912695593	0.916153352934603	0.490636924023053	0.80667640777705	0.64475255142062	0.620526277394487	0.653674442076664	0.277341807269663	0.771270282737806	0.891095963986126	0.538508514801411	0.536573400296679	0.434668230180215	0.0149533476444271	0.229557427389793	0.592579434539593	0.195906855659741	0.849499306078175	0.592051340212804	0.473465784651976	0.496874544987105	0.546362761587114	0.910468487729588	0.700291519096153	0.561258957754429	0.357070119879359	0.609175601484525
ADRB2	0.698097684787683	0.760150309400394	0.640452378862494	0.525838145609853	0.711576916744267	0.134866164912299	0.50236043731476	0.629812471517883	0.434996693054922	0.634808164784339	0.739229449014914	0.774115052028083	0.683934958091845	0.334101085784891	0.823367890142074	-0.0401549732098291	0.676865838599679	0.509474007279519	0.70723840541849	0.63137746835584	0.912573076209372	0.688108570911916	0.468017921137177	0.734387745508357	0.637925712836155	1	0.654980907172581	0.759432222581108	0.597630735874658	0.624192252297547	0.52891951147921	0.685528429476807	0.787532959812498	0.696568437133693	0.519768698117101	0.620563999486333	0.374844058330256	0.501593304627337	0.435271273107144	0.462811375316176	0.222658970710798	0.874173777799208	0.531954457347578	0.792313152736734	0.584910353965698	0.0600796104252397	0.217839535101683	0.557837115699633	0.834323050175444	0.514539573102488	-0.0352291622056317	0.702228378569794	0.672196065199606	0.448799996324003	0.0690770770514608	0.0790749623495826	-0.0766565630621996	0.315697151503961	0.579952668367448	-0.182552890596629	0.395963627526191	0.573346506898177	-0.0664663181678307	0.362878650622314	0.692537427215351	0.672112656802815	0.607176235118795	0.212900648367434	0.000788010200633477	0.318365371171357
CCR1	0.856065761701379	0.802077291804876	0.760956744080415	0.590006010290892	0.710258940585951	0.103660978192651	0.60145444746048	0.761165675259726	0.620513001087617	0.810485849484266	0.640305901234084	0.642487294669318	0.654611318919887	0.394811521861836	0.648402589557619	-0.115663689557768	0.660461973635655	0.814011747085112	0.826777928497641	0.839006188094086	0.694553995616409	0.83516425012877	0.514359734978333	0.886680826726979	0.718006097469441	0.654980907172581	1	0.788250835823618	0.721919762649016	0.394628453656303	0.53522150644462	0.742215108113364	0.677237631842892	0.809418705752117	0.596704880475456	0.561099422376412	0.791192766720501	0.693793373451634	0.150417684690935	0.720667813323458	0.367060770870128	0.65763047840009	0.695790212822555	0.479797627962459	0.708352347946768	0.342341650167735	0.480346853757251	0.538185278023305	0.805461686587531	0.463935331225038	-0.211763060667787	0.832868345570521	0.755789099329119	0.413107956112727	0.536157134661787	0.220641902741535	-0.0372577807809544	0.345283063172281	0.374342582569238	-0.0467553727007924	0.751103592152178	0.712492078105779	0.0717843483311672	0.41114014859315	0.754217252796601	0.747202865240484	0.583222323931638	0.203730854042514	0.0307163787843437	0.247681007852033
TNFRSF1B	0.850438189463435	0.847362331959724	0.773056064979777	0.707122663266274	0.727583806683222	0.26130278023958	0.650242304424683	0.703638540454423	0.704868485119053	0.722994391175247	0.658444154188241	0.703922801253226	0.735897471526898	0.604183821212367	0.61115559288045	0.0607643700594277	0.766637722880475	0.701399820286324	0.747955613722313	0.805351817109536	0.651430212175223	0.869076206042961	0.648882669057921	0.787911676320065	0.855627849550255	0.759432222581108	0.788250835823618	1	0.768364945448916	0.577450814548581	0.532338959176246	0.817278020566324	0.814270076543517	0.860138126365038	0.631425179011833	0.447731115476431	0.583866189802713	0.71790649711507	0.454216802917696	0.631485644315477	0.457445783034316	0.565145244498289	0.667302746444601	0.685748842505785	0.802903679380429	0.287551971616144	0.576498826223536	0.474422648737255	0.774119486891282	0.51490519563583	0.0522073637644061	0.810944110870997	0.871392236522984	0.689015225451968	0.482242849115858	0.339576148968442	-0.0935229492716078	0.426043344512617	0.532558840503925	0.106206994523474	0.677216868179117	0.621413339562915	0.287713192370395	0.567782133134474	0.574409061315161	0.822648685228498	0.676921375058438	0.304801842183931	0.126343774632591	0.413973439870543
ITGAX	0.727926365521898	0.682092471351288	0.734402926246945	0.586326886045538	0.706893703842692	0.40476311221481	0.504972783631934	0.778618846669311	0.653805043225343	0.827963251938974	0.612078172421735	0.744431350688223	0.716182429118803	0.630188295018318	0.459158997554758	0.0538188008235963	0.540665682722097	0.681169490983572	0.687748056255479	0.55152041487855	0.619252849823881	0.702526084392257	0.589925145297282	0.787864195207702	0.684624729632734	0.597630735874658	0.721919762649016	0.768364945448916	1	0.50159801328803	0.581875507799218	0.658061546589877	0.675841718208569	0.832224529404987	0.641492151899474	0.706934365692627	0.627638040825571	0.590364127056812	0.443630377388572	0.692657671188177	0.627942522979298	0.440500013071838	0.646830445400055	0.371319655455742	0.814179347801887	0.58380994464723	0.498058235645949	0.416592107829084	0.628549206348608	0.518223327533764	-0.0940940259278797	0.745162318074283	0.624025997171286	0.274903397208982	0.562682334985541	0.387154861943407	0.0891802643477207	0.651894824608673	0.481331853078731	0.398355105464493	0.632866715059196	0.682938713440307	0.295493287250809	0.513575272493324	0.496931744185436	0.655679299445704	0.485609258932446	0.356180051968988	0.295601343233838	0.333673388586633
INSR	0.622532951846336	0.332791825508712	0.633511163229548	0.670168356045118	0.678950522543289	-0.173726105582402	0.666746570038197	0.476117128140056	0.325090897389736	0.597280049319872	0.77773840940309	0.686409804153115	0.771984224871409	0.559488073814489	0.560865824894984	0.309018922332973	0.75481955935449	0.142951407164718	0.450919014539343	0.202439928067759	0.566569595799114	0.535994087774416	0.0730904519629224	0.51654766576186	0.582556930556367	0.624192252297547	0.394628453656303	0.577450814548581	0.50159801328803	1	0.668180424089064	0.395957928086793	0.416844080634504	0.461786647720927	0.611392173580586	0.561608609657362	0.0979626627166678	0.707435634665754	0.450223504341879	-0.0234761844591206	0.273782784432601	0.581804783898798	0.459378632235487	0.604563276838202	0.590704914930786	0.257092902799232	0.29561562789112	0.414640823194098	0.408950070268858	0.789014567601213	0.299664064187264	0.501859403720487	0.479401792742697	0.479413860115208	-0.0989197242459308	-0.0225370188663624	-0.0122019881862605	0.23562348991506	0.57185470180643	0.148287135323398	0.411890727117978	0.248206125112634	0.340175615540403	-0.0695676097338133	0.459324802836705	0.565870126395657	0.300152633788406	0.484404379628567	0.43772279337894	0.389034481778524
KCNQ3	0.680399670725801	0.43864944487666	0.755388942027424	0.684995401507562	0.908013302003607	-0.0885388682605086	0.720700781314678	0.759050617264394	0.382443322085369	0.732529188242082	0.876236292517187	0.690993406463255	0.864569499210348	0.572343053592391	0.626871088847727	0.298662097055788	0.734118199618302	0.356444517631629	0.522549016685186	0.274629425594457	0.584149766409233	0.42571662083447	0.328591138390288	0.726880421386586	0.67618668447005	0.52891951147921	0.53522150644462	0.532338959176246	0.581875507799218	0.668180424089064	1	0.528328243968039	0.406108219054849	0.585374092417908	0.803212458125003	0.621483501007328	0.354447153944607	0.791473661408924	0.557108859318257	0.218948284979397	0.305357644930087	0.608021287489863	0.647168795931192	0.439757633566658	0.776866940821468	0.448376221898948	0.505533297775218	0.413068763868441	0.504967218215149	0.765008449627062	0.259507193480262	0.507445251035289	0.620883101647693	0.187808288668564	0.229790263738778	0.023654451330293	0.0123076482904215	0.328277861293332	0.434395984392365	0.342181613747928	0.654555548378602	0.596578010383118	0.332909398890352	-0.0123728122689544	0.497855713500311	0.616744478673501	0.479778453826468	0.596783911067983	0.530501533505459	0.39769526460324
