""	CCR1	SIGLEC10	TNFRSF1A	LILRB1	LILRB2	CD86	CD163	TLR2	C5AR1	CCRL2	CD4	KCNQ3	TLR4	FCGR2B	KCNQ1	HAVCR2	FPR1	CCR5	ITGB2	SIRPA	TFRC	PILRA	THBD	CD40	CD47	CD74	TREM2	NECTIN2	CANX	TNFRSF11B	APLP2	INSR	PLXNB2	SIGLEC1	ITGAM	ADRB2	TLR7	TREM1	GPNMB	CD72	LTBR	CD81	AXL	ADGRE2	TLR6	IL6R	ENG	TNFRSF14	CXCR4	CR1	PLD1	TSPAN15	ITGAL	TNFRSF10B	P2RY12	ITGB5	RXRA	ADCY7	TLR1	NOTCH1	CD33	TSPAN14	PLD2	RIPK1	SCARF1	CD93	UNC5B	NOTCH2	ASGR1	SDC2	SCARB1	CD9	STX3	PTGER4	SMAP1	CD226	LRP1	ERAP1	STX4	ITGB1	LPP	CADM1	ITGAV	SORL1	ABCA1	SELL	EDNRB	ADGRE5	PTPRA	S1PR1	ITGAX	C3AR1	STAB1	PILRB	AMFR	CD99L2	CD44	MCFD2	TNFRSF1B	PTPRC	CD63	SORT1	C1QBP	NRP1	SLC16A1	CD46	ITGA4	BTN3A3	BTN3A2	CD69
CCR1	1	0.840565611486709	0.909322353775133	0.819746372651883	0.518274405376355	0.850259241274954	0.845421572052572	0.844807592802675	0.680058979416166	0.767176482827901	0.893471099856091	0.269187270005103	0.676005995926006	0.302297984983168	0.812527359299224	0.902705767269614	0.855709303264217	0.675952806659909	0.870935330197751	0.897430786095044	0.72139325436744	0.698630717030692	0.628759968606971	0.512034518169229	0.746486718185758	0.558327589310022	0.875745689566419	0.839541185683903	0.874735468024474	0.628540396989013	0.899041977587272	0.429095405357582	0.764528831973142	0.375477444820683	0.774645017166575	0.681170948062936	0.676348515640241	0.579309143602788	0.564742992259658	0.524939385285707	0.834139292605017	0.872912865620853	0.542808705290377	0.698755138691859	0.604239589100033	0.790292361201979	0.86843559431278	0.632486475776576	0.50285733090564	0.447906340154369	0.71885576849509	0.816797592284565	0.58585940392251	0.772796168790058	0.464362240638337	0.617895761991376	0.688025163881574	0.744937837649762	0.802492779177121	0.790152770794375	0.837653085560392	0.798773235040629	0.783444990044238	0.820397476912905	0.585895889306923	0.413190191499175	0.653234865052852	0.653892134554291	0.41234579481587	0.762252046135409	0.698023046846561	0.577685380724718	0.681959964479016	0.74975466702833	0.84696386498243	0.580324528033109	0.810352977675066	0.714269459336826	0.838258755588204	0.857651710226299	0.682165694094523	0.499831637874965	0.813258331138652	0.765062457678841	0.666065582602176	0.546489507833973	0.73354971171654	0.718906194327408	0.810066468509685	0.839122850970373	0.652524369875477	0.813456533389194	0.694717626532054	0.532248687550949	0.591605510300675	0.750140000635307	0.54846109554698	0.836610026704472	0.802039230111665	0.832593675176037	0.87029243219772	0.785345154796892	0.591992103065228	0.825992398056233	0.676488810686226	0.769450497338746	0.479243293804147	0.647751149210945	0.837312454599002	0.567389346949057
SIGLEC10	0.840565611486709	1	0.86879084369741	0.796809215244473	0.661976942387769	0.881364299290922	0.845137321639001	0.873024636326693	0.686837837943417	0.747054143848386	0.855420839115899	0.268700782529807	0.740889527942277	0.409758167900592	0.822229970136983	0.833103028972677	0.855190196227984	0.577526303860377	0.8182876113535	0.826032622771894	0.691500324597187	0.71213835657777	0.591996356321166	0.548669221794458	0.661659605352784	0.774280214322432	0.819746216841959	0.731222467873234	0.761686465853888	0.61491385386495	0.791157147085224	0.494698331071739	0.644990944888968	0.378713997356736	0.673999388841276	0.629662024916326	0.790462255561229	0.489890916002182	0.490256833673733	0.662465550661538	0.771804344522152	0.879744160825789	0.666238735799272	0.689910840279837	0.579406964425118	0.668783984619667	0.746991975031472	0.569246927239169	0.643957854071847	0.500795122924227	0.623118668685084	0.649168011434752	0.544202150826858	0.721257955111957	0.436554946420538	0.473855587576488	0.532734473118988	0.729438482752563	0.812402509725053	0.72758830777339	0.804923797901063	0.801858168391776	0.715118741545876	0.756728254451435	0.644877324998998	0.419273244341872	0.657905964663948	0.672090513643787	0.391789027979539	0.697626086145664	0.691800556986403	0.524310647475578	0.626370574411078	0.715207832828323	0.838469738304267	0.555753341936013	0.803960957559224	0.688231986460138	0.725904514920861	0.79079500456089	0.634532125833647	0.567210625214247	0.833847887870732	0.822908045515506	0.593055552763586	0.645697732570385	0.745652104629366	0.587515117331567	0.746336343476579	0.769978651580733	0.522073849105319	0.861812433026129	0.672713438981818	0.403023969203793	0.605010495279802	0.662966924210717	0.464209225741808	0.747007981244072	0.796711066730667	0.83170146086491	0.806350129586363	0.741194029430282	0.521692700508199	0.621359037025993	0.506736885218191	0.807775517815738	0.419861099399372	0.685665033963569	0.807424847021626	0.509887758612733
TNFRSF1A	0.909322353775133	0.86879084369741	1	0.80717723176327	0.612338934572829	0.855965343140811	0.864106927452574	0.846424750890527	0.672904060620383	0.706686657650498	0.899929280683942	0.294960238264411	0.726414396151947	0.447244358543709	0.826661194033031	0.829901636177322	0.78852186319951	0.643969660157229	0.872912992753186	0.897673598451073	0.711669388435958	0.635317093256893	0.585908959362303	0.541271279473777	0.815278752057454	0.696458032042777	0.818251548103046	0.865583326299614	0.893801690292529	0.524829542898385	0.86976647785285	0.567207734881312	0.812330461629887	0.4454402133473	0.775266439649974	0.606549463061024	0.740414671533002	0.536943151115607	0.561200657347454	0.58803123870876	0.86895851919668	0.864696640605381	0.636762369918329	0.687365132542271	0.602589965991913	0.782828871892838	0.813693721481143	0.66269854230951	0.600576429669576	0.516537730506938	0.619453469522091	0.725473484129537	0.577006838425763	0.698495066629948	0.371027897825255	0.624421718377118	0.689237402393908	0.771057968290261	0.80086132357438	0.815055597545265	0.840554037645883	0.806171298804959	0.77604792226183	0.846345201820604	0.660673067238553	0.478343594288011	0.68496764699892	0.754812673610777	0.481351610061783	0.735811823350988	0.766591917891187	0.651192654809964	0.73022077881415	0.697327061237754	0.875234853303062	0.55781151611039	0.835878831539912	0.775485842391508	0.796605340835276	0.856813383929083	0.757663427645345	0.596531666577488	0.832968223304466	0.733618989775706	0.677800780906062	0.600874056216253	0.750397782815529	0.721042568838657	0.850516779832875	0.826824329858284	0.545530436348967	0.842702636185164	0.725752921967192	0.575570799297238	0.710365563519398	0.806390074636946	0.638604120082049	0.871885653982739	0.770595068678498	0.853519639651382	0.866681103105526	0.842104365171452	0.62939331327825	0.804111148674512	0.72021020074024	0.834973250447771	0.550520672111802	0.654803739590336	0.834871652815377	0.477841439908134
LILRB1	0.819746372651883	0.796809215244473	0.80717723176327	1	0.728327490777985	0.802861652947141	0.80165962770005	0.806727196006874	0.471013897443645	0.52123007745428	0.857459613996543	0.520612321780414	0.622665517432542	0.582518278650775	0.744290169040974	0.736454230697141	0.664996927581439	0.753069767941151	0.875523598814867	0.860507907297186	0.474709557811189	0.457127781299567	0.581375521674653	0.319926236960699	0.784834839855318	0.585871916757768	0.731015764831594	0.805341755229488	0.83540095878045	0.400051334614236	0.779591286130516	0.49456853330385	0.80409248769591	0.445042581942434	0.79419047913458	0.38696882203595	0.65395669705171	0.557439134201388	0.341791758240415	0.446424667289903	0.827349662545485	0.707146727821558	0.584169892169642	0.850621441742732	0.804067563408581	0.826754748232368	0.876027638465528	0.607910976183819	0.313153296945496	0.304450447474209	0.460299941393371	0.753193156940354	0.739697004871576	0.59226689909873	0.18440544923277	0.694200423387382	0.781100465120622	0.810950954403718	0.875249736111496	0.746270437700594	0.861265263879156	0.660353745750841	0.76222382095175	0.730574448448753	0.651088499821612	0.697228577742312	0.794641327037234	0.673090168841335	0.579980309410015	0.572836116228377	0.57283214767264	0.450557427529802	0.656654993299269	0.524196110123941	0.773675905945468	0.497516161493217	0.764912385775607	0.860861565052417	0.66219005106434	0.777329112078223	0.717974091362558	0.548202333248591	0.790732889453424	0.697311569798005	0.492496973689997	0.472320136606697	0.574413787367748	0.688131167355081	0.778983726717039	0.724069293083225	0.426239568765796	0.701538479446917	0.711566016663204	0.5951806825287	0.71512740310235	0.756942389050417	0.63179785019366	0.764941972723095	0.73997127177808	0.824238001137601	0.678583117310947	0.735768528260018	0.621196022073559	0.76718962990836	0.660518219609845	0.787338773607489	0.703070032040186	0.638914943921953	0.771113239362603	0.341374478899849
LILRB2	0.518274405376355	0.661976942387769	0.612338934572829	0.728327490777985	1	0.549555196995556	0.710899056782987	0.609583189077063	0.33580539258098	0.286036883659352	0.685563981922984	0.476130982618065	0.587507895617525	0.760287365046244	0.594821632921225	0.371837314149934	0.332117820740147	0.572081776323659	0.667036603828331	0.674326784782831	0.257114376356377	0.233078988675	0.459913055983775	0.136785323593748	0.58339077773356	0.642758462289714	0.406046733670764	0.615214770018381	0.640509206914208	0.0196500340395069	0.556514003804952	0.551777957273191	0.677684261655156	0.615801911279085	0.641048164689496	0.0248084058814701	0.5794629686403	0.396339526776303	0.320503138379967	0.471688098730364	0.639250118519066	0.457516061474582	0.598127405341155	0.73733090656848	0.636796024951042	0.526041619314078	0.672586110411205	0.562556164675374	0.330396343141277	0.426401854380165	0.114588120950592	0.388432819244344	0.487943797251361	0.208849443753103	-0.21259185369338	0.65590381824637	0.64094814315471	0.587084526297835	0.642446943981181	0.566222633256766	0.629698511882365	0.457921404983899	0.504506218285537	0.409884307347117	0.615198033045797	0.799276939074325	0.637018984928837	0.705255328002082	0.558076185764541	0.390365113324011	0.475898615664627	0.408704043392009	0.478874406763456	0.18270153273475	0.534306124066059	0.228620608847106	0.667991095435627	0.750225210119944	0.308474627638292	0.506687712260526	0.565507373261885	0.527401854729185	0.599314075569127	0.438321679557258	0.395901567949623	0.388608211079092	0.491010189928006	0.468841519257082	0.478868881784685	0.420901931991502	0.133108974643225	0.547257214249099	0.660216261606396	0.372728153581409	0.73599935810802	0.550007804594735	0.637483060718931	0.508108357114374	0.562091303016043	0.537475115212646	0.416396429666004	0.461655169020578	0.39559011188539	0.538943893355608	0.417000920190102	0.690274067985863	0.609922249103918	0.497241358281792	0.484293112208369	-0.0623428934373562
CD86	0.850259241274954	0.881364299290922	0.855965343140811	0.802861652947141	0.549555196995556	1	0.781415432995721	0.810557925680534	0.584514104120526	0.670183909621754	0.855606990271557	0.366862426051603	0.639336098895059	0.464902128180569	0.811174139446001	0.901203678771696	0.82159174625668	0.686148835936988	0.899231639725549	0.886133341630886	0.639136508881913	0.68624777909981	0.546692683289891	0.645412883971785	0.774803206416061	0.752221453856147	0.878814147390503	0.794165570469462	0.813781573602839	0.608763116361184	0.814500457870238	0.460335985334793	0.705698490444442	0.312688936100123	0.715451472980526	0.596166237746527	0.698259289979738	0.528672927672129	0.495391228950156	0.633092489258944	0.845281463266229	0.895322511183015	0.734121251485481	0.691985794715081	0.661715101212192	0.784107424296118	0.784486965156259	0.648928852898406	0.540907645922215	0.347152576445041	0.6512966584419	0.760157899237376	0.72733377540048	0.706513088197398	0.448487128239386	0.575179851078565	0.612791859738107	0.75728567009771	0.846667637595535	0.681039633360445	0.867192318081326	0.760822203824668	0.806207049803299	0.85548028169274	0.600250076623499	0.426399312434909	0.735772127846879	0.652642099061814	0.431950887309283	0.717646780442653	0.638629674088429	0.582457044055951	0.702075752887659	0.740411404943668	0.893946772737033	0.758439148849817	0.755646927425479	0.747702854757521	0.795081920471213	0.879192729455623	0.677316644961526	0.665196456055095	0.800912454539676	0.793153408388942	0.573517336047325	0.601048299234862	0.640607219684055	0.676135868138545	0.859158095243024	0.779365417222904	0.648504223206642	0.798818070381452	0.562285962928663	0.455905828194145	0.65612670403459	0.739493116342508	0.488661423991064	0.82789043732291	0.781322719800629	0.937989061648037	0.854884216198922	0.795808248722184	0.63571065952314	0.674048165400217	0.610113992042532	0.837088729836446	0.545397079251747	0.716319787873759	0.853510190995321	0.532874949291197
CD163	0.845421572052572	0.845137321639001	0.864106927452574	0.80165962770005	0.710899056782987	0.781415432995721	1	0.912747148714611	0.818656477147443	0.73017919507761	0.943305697795327	0.359199494058429	0.860091958518621	0.479717465745198	0.833495563587722	0.791658501093877	0.745835082818932	0.549354283871233	0.812176926047633	0.873758523010432	0.781674390129273	0.711217463807467	0.639311808209929	0.453364488022988	0.652930189512975	0.72864833337877	0.789287691888884	0.772693317044139	0.801570662027992	0.472420847662008	0.86609774334494	0.514074334383413	0.758211116879274	0.663918845608806	0.674660927500142	0.531775899733706	0.825191467255914	0.427133941450188	0.705385215569243	0.754615395542473	0.748165249552568	0.844718320286843	0.677773388218695	0.763204398623903	0.619294262869588	0.652672164950716	0.837318416562871	0.774260324632626	0.6724117599103	0.731836353827562	0.627101670363863	0.674818429328082	0.457762796401372	0.635698683190864	0.197386523984316	0.719408170793633	0.626802134358201	0.765646074600761	0.76403324169901	0.78894014319098	0.729107953235217	0.871630802839288	0.762572020483627	0.693448561903478	0.726307354300987	0.522027072332988	0.675732521457373	0.758259596709264	0.306984934098162	0.805924319694359	0.843571057976152	0.684782628814034	0.708664902594696	0.651417491438472	0.733952557478511	0.41787401223917	0.947546191254635	0.726252290011182	0.74972725722351	0.822835091577256	0.715586280879789	0.640610266273344	0.885170214790673	0.756153562719645	0.83267086360018	0.495484965809466	0.852252548237221	0.598499854768799	0.675150975156414	0.736927626158262	0.607284978948922	0.889528920948255	0.884298171413763	0.483462893090772	0.750115845020623	0.695387461523884	0.542099479781394	0.705036124552078	0.906670812983541	0.70517566358516	0.785588975793565	0.70461700748828	0.363497721191268	0.804964902572087	0.501069777568791	0.877362270406888	0.39762476859697	0.712043721896123	0.737265830168295	0.381843650009352
TLR2	0.844807592802675	0.873024636326693	0.846424750890527	0.806727196006874	0.609583189077063	0.810557925680534	0.912747148714611	1	0.764476395949457	0.755593344507497	0.888754283862423	0.426031362203824	0.872254819797687	0.369176658099385	0.799605449791288	0.858687005010019	0.82035600075528	0.508984232659743	0.748171777137456	0.829650295775907	0.779480943038757	0.763179281754875	0.506445138196726	0.512538077345262	0.631245117193721	0.71100983183018	0.82493789918725	0.731868740748954	0.720393890137354	0.640742699308037	0.771054338444356	0.483192415822838	0.701274553689838	0.546200153984029	0.588516458752236	0.658227021004597	0.872716486242575	0.368436036800889	0.55570065275798	0.708403674928136	0.733044433634999	0.847797267135613	0.696126835752049	0.789393346279084	0.674693220731741	0.714369503539361	0.771979306043482	0.683965350218149	0.674972187079627	0.566702975305715	0.727537190402419	0.693016191738876	0.508679339245197	0.74767963618961	0.415131288079446	0.609683418497322	0.565036859302612	0.838527317488246	0.828580586055542	0.800309006865449	0.722805825312987	0.904538561525733	0.765562229036798	0.722108444470356	0.70235585565045	0.447560524417121	0.678760865223291	0.659617754134788	0.240133203184714	0.720702483493207	0.792709070274544	0.563035609694236	0.700311101559746	0.764419256706578	0.72670567282786	0.43210966266289	0.903863137153353	0.694160960371785	0.797856141044581	0.789014551076328	0.705010481037705	0.596313627696222	0.905322124078597	0.861243583974425	0.763510163423944	0.52434013342178	0.782076912075818	0.541933932633144	0.706246007642867	0.785720142683925	0.628412035341626	0.915447181790078	0.799348987130037	0.526913054671029	0.650272458347277	0.663266466699721	0.430341976910006	0.676908699806799	0.874128258944946	0.754203085844919	0.755673263963795	0.758763005013968	0.338076093143708	0.703812325907192	0.461257630543735	0.852572120452194	0.355014928259858	0.776756588160941	0.794821557481644	0.531247050705583
C5AR1	0.680058979416166	0.686837837943417	0.672904060620383	0.471013897443645	0.33580539258098	0.584514104120526	0.818656477147443	0.764476395949457	1	0.852234540770346	0.705964883420378	-0.0331195054613675	0.749461587865682	0.00800609824405855	0.656169345343758	0.721028832724001	0.760301884680518	0.219387709719185	0.509854373322489	0.605002971679424	0.9381052402604	0.826345798721406	0.617590412880199	0.510223724305867	0.348846154953575	0.517847541566776	0.66930839315553	0.503012905722776	0.535302669523861	0.591606647391174	0.750967092483026	0.322470133341882	0.383172490308352	0.416206536568893	0.348408946384397	0.702338961889139	0.662786936878974	0.253212647262442	0.778328368092159	0.723625554077555	0.426685002952488	0.758317162876358	0.404185445385614	0.439970630824472	0.247785861096445	0.353332355249454	0.561390194752472	0.597441265989077	0.786918977971458	0.806579233956673	0.726063839679958	0.487114849347377	0.112723207497041	0.669724424465518	0.381605609145046	0.344261722552704	0.244822706815582	0.499382786037244	0.465907805108973	0.614712915064468	0.407907942404471	0.83766667791094	0.5905715033211	0.546528543278312	0.513779526735285	0.0390976025196952	0.321376671886834	0.496886981980128	-0.0557482416149036	0.850629651415611	0.794504701627875	0.67400803415913	0.585923553737053	0.726326916072137	0.562836053068939	0.325305359056671	0.789433685700952	0.324938015533887	0.74196098594543	0.684799676275954	0.500022848709219	0.45645114483484	0.70946330044128	0.654742544940674	0.887687192300301	0.429661326295128	0.881203498034913	0.415143703640361	0.474163397386479	0.583937755071259	0.722108178500957	0.78906475693476	0.677765162753323	0.280758266536775	0.398480758410787	0.43344980826772	0.260866297505431	0.502938540324803	0.847387684191246	0.464359700999424	0.717210042566524	0.536193033749074	0.083290657731946	0.601974146755808	0.268920810100093	0.648271864233856	-0.0639404267972784	0.557953421304009	0.557067327593482	0.558659174244934
CCRL2	0.767176482827901	0.747054143848386	0.706686657650498	0.52123007745428	0.286036883659352	0.670183909621754	0.73017919507761	0.755593344507497	0.852234540770346	1	0.68298235117993	0.00789164102275353	0.679366463305911	-0.0540066252705259	0.651948557964434	0.814653643795829	0.833718014426322	0.332467733553182	0.574865966997219	0.654966002765316	0.896299666836093	0.825664620156232	0.620381931104391	0.552097965677228	0.442383238990009	0.440650423946155	0.747142155155357	0.562767244349827	0.601641082498488	0.732194416402625	0.771095648136386	0.292003181849292	0.402313444840312	0.247265729326982	0.461922089949101	0.816519371365341	0.608957058875919	0.441480087400196	0.675693641876447	0.612031923064768	0.529275063100352	0.792921715257004	0.379185231935657	0.480919129056706	0.29306834663924	0.464610213340798	0.604668436149316	0.525896190829889	0.69642158971536	0.592071125650154	0.822246354845386	0.597557221486678	0.264410828192289	0.801404741820974	0.580583564560939	0.302364706024997	0.312153756499051	0.515545221921369	0.523709362760161	0.634127048662322	0.515094082553129	0.810858748139057	0.633717197139447	0.651374628447951	0.454538041125702	0.0117821954433229	0.36812626602994	0.482520617921654	0.0779094845536694	0.803804532263056	0.718514785066838	0.592719785968484	0.5866587241321	0.828179060286139	0.678343269405573	0.45051474647394	0.722139547403639	0.355676671073925	0.822506914567032	0.716682606582306	0.4939752578546	0.406431578597953	0.686970168781518	0.717183798658379	0.739847773999802	0.495936350109319	0.812478411305363	0.520906417032219	0.591656150715223	0.645300026699263	0.751448260281279	0.752888470907265	0.519352435192358	0.309941717615425	0.324481419297702	0.485757711835498	0.292467210158439	0.608263911143011	0.787252953746471	0.59403803416372	0.777691264188526	0.647259564362763	0.286343343437299	0.56742606049113	0.393268950130596	0.613691305414578	0.0311371387921658	0.617260074785366	0.662048507912514	0.723098606588723
CD4	0.893471099856091	0.855420839115899	0.899929280683942	0.857459613996543	0.685563981922984	0.855606990271557	0.943305697795327	0.888754283862423	0.705964883420378	0.68298235117993	1	0.437033520915413	0.782194421162504	0.518848340587517	0.861680170204603	0.846818101466488	0.778143385538577	0.631506603563443	0.895956726573406	0.919424067129742	0.698514238045636	0.667370208279129	0.604934817500705	0.507078210197893	0.730581603729098	0.751326798446767	0.857021815874488	0.83743935651529	0.859318912082576	0.50892846582572	0.869421358506845	0.491244392332864	0.823808549158301	0.588522513291037	0.734373962010087	0.547583096981622	0.810499223056851	0.46760472630395	0.604116516654434	0.690923092635155	0.833369289110013	0.882833355197245	0.72257622310663	0.792944768175282	0.685948412399802	0.748319357951202	0.882534637796396	0.744240426949595	0.582104809976331	0.580461443923006	0.61964605525054	0.79104343283846	0.597169062971276	0.657519533633987	0.28046167534151	0.740132783637393	0.679297802157724	0.810406057325818	0.828425345023895	0.784754153588246	0.82818862145572	0.840580464920796	0.802204265838754	0.757103756785439	0.716081827418652	0.58302925435661	0.787733780434727	0.733382251014684	0.374679601774544	0.745495396400427	0.774679075063976	0.619515621044402	0.704147958374635	0.669559234298513	0.794566509136356	0.513768356340885	0.923630296357812	0.801768540826852	0.763683904162194	0.857290558381236	0.744842084205939	0.672752093919505	0.903135572483395	0.778676124236725	0.732064862123968	0.503011395309488	0.762400911086151	0.64609633644869	0.759347116105752	0.786789757265186	0.575715925172729	0.88080860237873	0.850860109349533	0.529074456999857	0.753640981723146	0.764297456885544	0.553661318773794	0.774802437043172	0.863404382625686	0.801621409655857	0.819109880046233	0.752607491545374	0.480488680468081	0.838838608612504	0.595219866496154	0.874004805415204	0.519934832757918	0.712726233823565	0.818927352709676	0.412159976004926
KCNQ3	0.269187270005103	0.268700782529807	0.294960238264411	0.520612321780414	0.476130982618065	0.366862426051603	0.359199494058429	0.426031362203824	-0.0331195054613675	0.00789164102275353	0.437033520915413	1	0.436436336236918	0.571841358755588	0.258365745963368	0.282609377619476	0.159196536368643	0.343280297283183	0.370300545386034	0.44356038186697	0.00403007082995876	0.128043176333163	0.00211031222789257	0.0689770007111634	0.353545424835696	0.403853605712696	0.349159674223717	0.372256463160199	0.319405134126803	0.138706245858153	0.203731355793499	0.183940303055977	0.522935577644489	0.398023797322433	0.298605898544915	-0.00816511368140782	0.454394777470198	0.0791056933519403	-0.00163799037703747	0.272891652695987	0.385623337333735	0.255897165944231	0.593307881961253	0.644718769227921	0.659036982717518	0.470157304112928	0.434932284792715	0.350092043432298	0.0160703828100774	-0.0848195524686785	0.185122521346442	0.431887544260585	0.514729805556755	0.197001932806701	-0.0128900938390029	0.648158790273593	0.498631246632563	0.567970902925353	0.548739906389592	0.320921577640229	0.403502285677182	0.324720466086258	0.369823245707362	0.246784166149172	0.398536458856823	0.677358503301326	0.725288807492174	0.316225671332474	0.131123276007443	0.105983840670626	0.250900450916986	0.089519103194959	0.284022561312918	0.171588915085064	0.19496739409051	0.125894338414951	0.424879714629799	0.584047121154315	0.19726935335416	0.337792941649969	0.469189421300981	0.491569526345159	0.534914185651151	0.48721269476584	0.202768554972895	-0.0359683144139023	0.0833653816787059	0.1510493112829	0.317989995293286	0.348743151646019	0.111428083653153	0.354489563800068	0.432064219821204	0.455065558439387	0.5651593408451	0.386049776827865	0.224695782720825	0.2430939064563	0.385781774231079	0.334709734026149	0.148542227039938	0.382028941904646	0.104530488575592	0.347530912129803	0.189261976852023	0.473668692499667	0.441596399812474	0.523724816278078	0.401264302646924	0.0174650728417479
TLR4	0.676005995926006	0.740889527942277	0.726414396151947	0.622665517432542	0.587507895617525	0.639336098895059	0.860091958518621	0.872254819797687	0.749461587865682	0.679366463305911	0.782194421162504	0.436436336236918	1	0.371037204303836	0.66988544358428	0.677905875511509	0.649021764602767	0.296255707251155	0.553535404322938	0.69895488132058	0.746350416314487	0.734249378620707	0.387317859839562	0.44618646369544	0.459826085769257	0.694093717181181	0.664931113337989	0.588194674183937	0.559038426003641	0.49779371016718	0.643808152053971	0.480441587906942	0.569697315952859	0.678957225151718	0.417978088728732	0.566502469762539	0.881480409161453	0.20110819437199	0.632346963784118	0.785823896136285	0.589338050638862	0.734247059407367	0.709477781966533	0.662645374560329	0.553100388456527	0.522615064421247	0.595509550537656	0.663887383636291	0.755679491793809	0.696700485335536	0.6554156569474	0.508854458175059	0.259954902635376	0.5959883530862	0.304040685577769	0.598934725613685	0.414331632026783	0.731372925950474	0.6321262355899	0.709170503309203	0.539242815893502	0.888303908524512	0.63358799989533	0.540514193320732	0.682436534828959	0.356813267452733	0.591285271798979	0.646965596119926	0.0673605818736476	0.669181165536774	0.851359300663031	0.564598987050337	0.600853335558533	0.644104561652528	0.531059582446685	0.245237768700735	0.873260250675233	0.568402880396715	0.639861918735867	0.635155443274053	0.626876606068819	0.591386037703288	0.82435672013196	0.775062334079132	0.818312716499178	0.414505271683012	0.787643169404309	0.364508701654139	0.51580300835043	0.639503064418162	0.527599614412046	0.866018606765394	0.786616644750658	0.442513287886129	0.640089244781061	0.536872322221708	0.327379011202338	0.502460745511939	0.811783153575483	0.530194216567948	0.624098518422669	0.637709018856308	0.114493134977151	0.578507903733116	0.266138298884359	0.80416831206539	0.163158092054131	0.749316498903829	0.652715983489659	0.390387217091557
FCGR2B	0.302297984983168	0.409758167900592	0.447244358543709	0.582518278650775	0.760287365046244	0.464902128180569	0.479717465745198	0.369176658099385	0.00800609824405855	-0.0540066252705259	0.518848340587517	0.571841358755588	0.371037204303836	1	0.402179073022044	0.175922311465966	0.0348174999362526	0.564803600707207	0.605682690607503	0.56821905098715	-0.0189349159488318	-0.0400495302031223	0.160296105231006	0.0317492830671692	0.589595192533433	0.612495610732494	0.248187689010906	0.517743534606238	0.530243677998372	-0.245884861013006	0.336804653954481	0.518715901349367	0.664268401760969	0.583838729528978	0.576094465605261	-0.242129839896217	0.429255323387792	0.282662807598809	0.198073222678025	0.361306944651531	0.618508478889169	0.283915774770469	0.599099527520751	0.541879743962036	0.60321804835495	0.500459766539779	0.468243845266619	0.524111291684009	0.141676259620698	0.220293609486629	-0.140278487217614	0.250396927264943	0.5337366894383	-0.0755026607029616	-0.383037661653929	0.662823757838827	0.614726161619182	0.488789437062968	0.563953561255963	0.327127230394491	0.565658663098218	0.233243834976222	0.397208492113841	0.308150501700124	0.507396671385882	0.780430672922298	0.612869065543994	0.611546705327544	0.633941531902652	0.173575764232261	0.315455363111592	0.346461569202174	0.341257620459814	-0.0562004489576038	0.413567039216382	0.240958855982207	0.439602186361308	0.7090465928427	0.107138840775265	0.348658210106835	0.450367033619635	0.498194331129641	0.387001815416148	0.20194587714809	0.176865246222077	0.267580896144572	0.190530800229609	0.34563198241367	0.432118696625679	0.266202330500581	-0.037127203298479	0.341891077884035	0.447702676357409	0.302998840022287	0.762079224114657	0.511335063727916	0.564248741155173	0.428488232798095	0.293206654631995	0.497562451910638	0.259462424149654	0.33982381306538	0.463160447284605	0.382963635506939	0.3614224068039	0.596823016754438	0.768426635183702	0.341819707916037	0.352423778986965	-0.31330853113794
KCNQ1	0.812527359299224	0.822229970136983	0.826661194033031	0.744290169040974	0.594821632921225	0.811174139446001	0.833495563587722	0.799605449791288	0.656169345343758	0.651948557964434	0.861680170204603	0.258365745963368	0.66988544358428	0.402179073022044	1	0.790323523788823	0.767150066288963	0.572470014211048	0.815004551192808	0.812820912686031	0.646204185949381	0.649795293050048	0.55754192635815	0.496820027693722	0.629461139146633	0.694590947342035	0.810366909794644	0.716594254340262	0.751871883601245	0.542968346403551	0.789981740422144	0.424785692544991	0.677218899387587	0.442676679884421	0.643525602562275	0.544999421125479	0.726568801506034	0.437579241093775	0.530429315427563	0.609718008599554	0.752379460020833	0.839559699540273	0.646934143605836	0.650540045060667	0.55684850312046	0.665642983872591	0.77565154216543	0.618678986948416	0.547130080800666	0.492681739949441	0.593902028345281	0.708829288988543	0.546169349388479	0.646410870389074	0.337023373514459	0.564552740695493	0.551516549518868	0.678908667628398	0.756046434620953	0.706005987976278	0.766202433125426	0.738149298394945	0.727939244233512	0.700897434843379	0.578084232747787	0.439006767455707	0.663735972901416	0.636600282248884	0.349462803783943	0.720107275713869	0.657471820671517	0.544200957092157	0.626936988249308	0.630058853892818	0.770547808630229	0.50173594439033	0.793396056296292	0.671089336867409	0.71290233826243	0.78962066076057	0.612293191273832	0.558322072030795	0.788977042918545	0.722208760757513	0.632747623832346	0.524158451043655	0.700700371011863	0.556718867506985	0.692468149610931	0.721163688199578	0.542919623943955	0.806722156108003	0.716783489374438	0.387826863503575	0.623313824893469	0.641886996607967	0.465459672365023	0.716923054239064	0.770514646551587	0.74468266170346	0.785710067472602	0.686396743046758	0.454657731381175	0.70209883255993	0.522234343969827	0.769163664876778	0.41082633931825	0.611746133976064	0.722258594830691	0.436578576041547
HAVCR2	0.902705767269614	0.833103028972677	0.829901636177322	0.736454230697141	0.371837314149934	0.901203678771696	0.791658501093877	0.858687005010019	0.721028832724001	0.814653643795829	0.846818101466488	0.282609377619476	0.677905875511509	0.175922311465966	0.790323523788823	1	0.92847389218899	0.558227980224614	0.804417942595283	0.838782526902775	0.788510531442811	0.81828103664097	0.564254712552894	0.656253589144825	0.657294755092726	0.60028640665356	0.946812400670927	0.739648887225698	0.758985785882988	0.796116674185911	0.827491415527977	0.328666476733334	0.625321253225512	0.260236086202969	0.613950434733443	0.791118035780456	0.708971653486969	0.472012696159206	0.546217744948184	0.618813413462652	0.748665414722634	0.933011384840222	0.610746159081714	0.650342992885629	0.558866962878536	0.732198968623075	0.780358212190059	0.597795891676004	0.572622657105335	0.391325009883144	0.827556711690846	0.813668169335106	0.60388217238958	0.856727298415593	0.631064391799347	0.501555980464955	0.518569249977076	0.728728521934411	0.783278885968049	0.705739083063325	0.776723254257612	0.846252455894435	0.797405089507585	0.82835558516886	0.556016346349508	0.238539950515539	0.65060555487432	0.532103872933272	0.216459981634631	0.774413366842495	0.691254738226218	0.55413195558507	0.676274566505987	0.87903731011479	0.82421584836205	0.650160211464577	0.791621446467645	0.614087310078234	0.890810348371694	0.880925644359228	0.644138486021864	0.558767802604289	0.847252654340142	0.864930717946075	0.677157509188449	0.526412836189939	0.703687387943498	0.628932855036128	0.800063738022213	0.832630235632142	0.760782292374512	0.846729031665342	0.600284102870166	0.461637608391265	0.508561472535148	0.671803624545742	0.354208109813236	0.768867752866774	0.835693589737519	0.838155155410848	0.882844637045961	0.783401355836531	0.484015058414825	0.708439577833959	0.56527707582037	0.76258425199751	0.322018848862166	0.72772004481039	0.844325310421648	0.709856309841743
FPR1	0.855709303264217	0.855190196227984	0.78852186319951	0.664996927581439	0.332117820740147	0.82159174625668	0.745835082818932	0.82035600075528	0.760301884680518	0.833718014426322	0.778143385538577	0.159196536368643	0.649021764602767	0.0348174999362526	0.767150066288963	0.92847389218899	1	0.429646313106138	0.708889062469757	0.736774421420168	0.781554233240042	0.852845595189537	0.597607840721312	0.5912791725592	0.505161260176542	0.555718733734973	0.918830827473638	0.626247270182205	0.65099693457243	0.85726632088283	0.783519229846767	0.234902543948591	0.488395162942985	0.141994795293978	0.512141676086418	0.841495102919197	0.68658511025579	0.41516003049545	0.482165798885784	0.57228693017097	0.61835745389537	0.913571926749905	0.514435687256596	0.549905112824401	0.406516229413319	0.591017455340961	0.694541261130105	0.435333603310234	0.579912384305848	0.39305377136365	0.830465034520962	0.753873889843487	0.441601270528237	0.864717131961675	0.706739683481221	0.340334877102112	0.375716007959221	0.606596153319741	0.71081642871425	0.652368561002605	0.696996182197463	0.813861267738001	0.688875909654416	0.733250052506195	0.450370684792461	0.144575276892283	0.561680639653805	0.416118540469478	0.110534073807765	0.758193036408236	0.61744309928182	0.448326757660485	0.545384548432806	0.855950034850509	0.770813581830538	0.526482329769799	0.738604907495625	0.48087155792453	0.81138281884699	0.813520412922462	0.538914071619634	0.432973972301367	0.81887646904483	0.882439435261107	0.630515315442776	0.516190894433568	0.72250077231373	0.501788700210612	0.691563881978872	0.80862819721626	0.671048143457829	0.844113194950434	0.582736857240992	0.354798925944691	0.372092539683731	0.561075117825191	0.234375265200716	0.68375028962541	0.813697886783531	0.731678301903664	0.850720521914532	0.715604993411701	0.37511751195562	0.627611358597659	0.444842418731433	0.654804763649259	0.156873224590068	0.642466763317843	0.783970080214082	0.744924833094672
CCR5	0.675952806659909	0.577526303860377	0.643969660157229	0.753069767941151	0.572081776323659	0.686148835936988	0.549354283871233	0.508984232659743	0.219387709719185	0.332467733553182	0.631506603563443	0.343280297283183	0.296255707251155	0.564803600707207	0.572470014211048	0.558227980224614	0.429646313106138	1	0.805570669918443	0.752691269592487	0.265979187369225	0.239470397219805	0.479638264618848	0.256951849828912	0.774918264250961	0.386888477465858	0.54235154350965	0.760482648837249	0.788955076021935	0.180169707927265	0.678252297478399	0.453996897043476	0.723012658104817	0.276776011526712	0.796537069428	0.189114695124259	0.33867384416527	0.617834801496402	0.318706831470436	0.236184841859987	0.765597842328924	0.509101387607816	0.414657993543083	0.632874121481969	0.656794915225791	0.759719141184721	0.752911650351057	0.555444531874594	0.103461366521293	0.115204794979646	0.261469369258301	0.591858906402318	0.756853815507011	0.38831257948568	0.0421418494443556	0.596753892871436	0.782385476295676	0.569098871760795	0.721023320507653	0.549359107469685	0.739815972660659	0.386444414532942	0.623821863821993	0.634360952215889	0.422847113373556	0.594849713938748	0.593667551952663	0.615598039429829	0.700999880766908	0.471471018064108	0.365294968694889	0.470371696625231	0.574951628961547	0.317964765253301	0.724552105445573	0.565476905034497	0.51136607969483	0.740342580864331	0.53582195260119	0.660629156224166	0.568677445432839	0.415787679164795	0.486756072756467	0.396009683067828	0.288268052540938	0.458457891216664	0.352065159457823	0.730289210785411	0.741907844080774	0.490468916751966	0.397953844228338	0.404212194787225	0.387544950029383	0.48007880385017	0.593780284523228	0.68978103627653	0.694159752286415	0.751771570818569	0.491521835075578	0.767827842412294	0.591293103305823	0.603320720934302	0.72325602283554	0.625085579733599	0.680287608349315	0.636845478024478	0.769662810810628	0.440088364111684	0.623722583215909	0.205485769014766
ITGB2	0.870935330197751	0.8182876113535	0.872912992753186	0.875523598814867	0.667036603828331	0.899231639725549	0.812176926047633	0.748171777137456	0.509854373322489	0.574865966997219	0.895956726573406	0.370300545386034	0.553535404322938	0.605682690607503	0.815004551192808	0.804417942595283	0.708889062469757	0.805570669918443	1	0.941283909903798	0.530881138715373	0.505165454039767	0.640943248400461	0.460536608565332	0.84772009216465	0.659985306420429	0.822426444638544	0.866579332848955	0.930294369514288	0.408603170399485	0.877628591485991	0.482143185210901	0.84400222755236	0.406769010978549	0.881133659452931	0.434197595158277	0.611217491583211	0.642860522388044	0.510397565540321	0.515178288335019	0.911091830404909	0.821763712845317	0.632668419726067	0.71779577470201	0.692499539546197	0.819972497916114	0.900361436932327	0.691692460835067	0.371500800055651	0.366460599443524	0.484031392029508	0.779095809478531	0.763261186632105	0.577446464498312	0.223155792376483	0.701274647817144	0.783428158217651	0.728789841525349	0.855107386218624	0.692152446321348	0.919168194664484	0.660091612481058	0.780171499632304	0.804164128231707	0.62054894173431	0.608399979007249	0.75207281460315	0.724074285664961	0.634031528137613	0.685392251131353	0.5994162979096	0.586372235673777	0.669590541664376	0.554832774185142	0.896218102813053	0.67325337225736	0.766340534109613	0.83435690538681	0.71150621899434	0.861463396456567	0.692787214035172	0.597405247665823	0.755709742381199	0.648934125024441	0.523817441826842	0.530987803810526	0.608173090081795	0.76219347899114	0.850867031125821	0.737690927190767	0.529749805336568	0.722607773682537	0.644243564010299	0.484586081178465	0.723879006154296	0.798534094446465	0.659730316686647	0.874858909080641	0.725156824690872	0.908159118056973	0.83416825845364	0.736127693540628	0.749384735019663	0.805796412899936	0.733409669761559	0.804252331084577	0.723470577117178	0.605803329862308	0.788127983759669	0.337751518912814
SIRPA	0.897430786095044	0.826032622771894	0.897673598451073	0.860507907297186	0.674326784782831	0.886133341630886	0.873758523010432	0.829650295775907	0.605002971679424	0.654966002765316	0.919424067129742	0.44356038186697	0.69895488132058	0.56821905098715	0.812820912686031	0.838782526902775	0.736774421420168	0.752691269592487	0.941283909903798	1	0.643773594817486	0.61638257549392	0.597477861323069	0.484313339619998	0.831166006687505	0.648231234038265	0.855967053691094	0.894385040318227	0.925310849381326	0.476143142901943	0.901439562241298	0.51523606998131	0.85519863591421	0.515079784172463	0.832707654577428	0.510346527714081	0.696448410490104	0.583891081863368	0.628573621044024	0.622769403880731	0.903696614798378	0.854359581597328	0.668620379625401	0.766257932329097	0.703051766767024	0.820381227983682	0.90701167170839	0.771167677022093	0.463531715993696	0.462249152325605	0.604397233665217	0.777898612409265	0.690415513080903	0.64448207966178	0.2675989048531	0.759514489392259	0.78647718737493	0.765544017653378	0.843821677627019	0.755937079509942	0.868544404508028	0.779920593752745	0.819535800680264	0.806001678830478	0.656170547600743	0.570490630150134	0.771224525010655	0.762739923930254	0.529656969320117	0.764725786094308	0.726553119772199	0.681845798322295	0.709427863512994	0.622170796185806	0.868462872947774	0.591860231224586	0.855798723689725	0.830899854811723	0.781776755000698	0.893163066200969	0.750545533322921	0.646208820446753	0.833198332528174	0.728675588871725	0.678746062579059	0.534700577237386	0.721465479036291	0.748052438103562	0.852401781296529	0.77676929050196	0.62108664717031	0.796394861244605	0.708143610143136	0.542032220423324	0.768247886110923	0.802792805129661	0.658536024606022	0.864436828392529	0.809772249733665	0.860689280367785	0.869167154674738	0.800147359889395	0.63191439644002	0.827452277722583	0.690497128795867	0.862317322440032	0.627716822505906	0.701859190777825	0.822636955749999	0.395198214952408
