""	KLRC2	NECTIN1	ACKR1	NOTCH4	ITGB8	TNFRSF1A	PARD3	PDE1C	LRP6	CHRM3	HMMR	ERBB3	KCND2	PLXNB1	INSR	EGFR	CAV1	CXADR	GRM5	ERBB2	NRCAM	ITGB5	ACKR3	ATP5F1B	TNFRSF12A	CXCR3	PTPRS	ADCYAP1R1	APLP2	CD47	LRP1	THY1	CD81	CACNA1C	TGFBR3	KLRK1	ITGAV	KCNQ5	ERBB4	LRP8	IGF2R	TNFRSF21	GPR37L1	GRIN2D	TRAF3	CD9	PTPRA	CELSR2	LINGO1	PODXL	FZD5	CNR1	LRP4	NOTCH3	ITGB1	TNFRSF10B	TSPAN15	CCR6	PRTG	GLRA2	CD99L2	TSPAN17	SDC2	SMAP1	RIPK1	ABCA1	TRAF2	CANX	MCAM	IGF1R	NOTCH2	MCFD2	PLPP6	KCNN4	SLC16A7	GPNMB	NT5E	SCARB1	LPP	PLXNB2	CADM1	JMJD6	SDC3	RACK1	LTBR	NOTCH1	CD36	PILRB	CD63	TFRC	SORT1	RYR1	NCSTN	RXRA	ERAP1	ITGB2	AMFR	CXCR4	TSPAN5	ADCY7	CD247	CD2	STX4	LAMP1	CD163	CD74	CD68
KLRC2	1	0.666947955699015	0.126529331323229	0.315922867995152	0.820918127762472	0.600207018090563	0.670137811388741	-0.0150259984931543	0.830568997353991	0.705031621945115	-0.0637252951702877	0.879988824389985	0.812523825626474	0.807785465107465	0.833314354697639	0.809839495202246	0.198394141577842	0.792548164659552	0.280168329260543	0.794598054694261	0.822660535613455	0.336535363158409	0.487565363916324	0.617401382655682	0.448717733730262	0.37730991042519	0.838895873831101	0.579674410594826	0.730591363179885	0.819214757100355	0.759882664149603	0.38074311551237	0.662309640658675	0.754464165744688	0.794697175029866	0.366791958229124	0.789519374324269	0.292567189118191	0.88016397574087	0.857508633775396	0.856050658568941	0.521187081057722	0.765472165614053	0.843500034578253	0.402278537468921	0.564517842764857	0.803587794175546	0.903710888719638	0.849853664958002	0.734525062952814	0.837074468699942	0.860117838473875	0.496347402158239	0.681751761268742	0.583518834502372	0.482865832330578	0.349936133115779	0.136601762426036	0.905137379645317	0.866998191074211	0.818127340780717	0.664439935984451	0.778347538988369	0.828445726601057	0.706830284043079	0.802611668599117	0.418270307331541	0.62127620263897	0.745038332857881	0.785849354024701	0.693483928821641	0.664927143729426	0.782716574642385	0.0989488961191691	0.567444543522655	0.637805298919313	0.77462670229511	0.665931626197819	0.791119409535864	0.715708278347901	0.732939594414225	0.694068635452733	0.760273656027313	0.50109719554182	0.749539657943815	0.569329533844821	0.00349100562546698	0.918079560700537	0.66473575706243	0.572790129252373	0.834135482910038	0.244209516033761	0.684034488220127	0.653516336123204	0.793720728357238	0.112134475551103	0.701430045148219	0.230654158091705	0.812271562527497	0.212817324117609	0.255642964018044	0.199571969197709	0.629778191979283	0.700099780200404	0.0986773162982739	0.105704372333684	0.106448042548508
NECTIN1	0.666947955699015	1	0.299814081005996	0.593642527087807	0.949816063769369	0.720326641143832	0.803856653442528	0.349606585811424	0.875586720193545	0.824203148623572	0.104314058257304	0.899521818141333	0.94359102675676	0.885220437857974	0.899532438810315	0.894955532462815	0.368408200542085	0.885716794852261	0.444375058037947	0.873764361275877	0.944711659187531	0.527996171224337	0.682336036287731	0.709171083268827	0.566780602054917	-0.0153646436434629	0.941315100054385	0.712498166224108	0.868708234917616	0.829048061500323	0.890107299170233	0.517675109652557	0.790065117253298	0.835620282859999	0.89028072456715	-0.296562407136902	0.8789419669829	0.228923359153114	0.843317265995874	0.883999011245504	0.861627407259026	0.655137473993402	0.851465007677204	0.894268787431699	0.414283958280724	0.755138310084981	0.785122682632381	0.84532156561895	0.901290246585954	0.792264745305825	0.785429971082534	0.838840293245591	0.676284698138811	0.836048195590226	0.685442514429652	0.686733271744391	0.375480213302003	0.136613949887658	0.85608138607073	0.854304534139391	0.880281962939182	0.686096298938128	0.88666349214065	0.818963392200276	0.731956331154793	0.885140248371742	0.362406005795349	0.758337963965628	0.868682398935069	0.877747718662865	0.76386895608199	0.784563279677826	0.807534535666092	0.0985281734544936	0.219733952738997	0.843653656381168	0.875442940124428	0.777488161814203	0.831972433114158	0.864084790450662	0.820761377156373	0.462488333313734	0.887031799741599	0.584618382111865	0.846610765743995	0.521859510209043	0.335715321079229	0.758430450889399	0.805702057757784	0.461640234755163	0.895809967659229	0.277889738178443	0.837116230784346	0.796801320464106	0.664283652381743	0.0960550005999772	0.771520383318367	-0.275066550533331	0.848178371335064	0.199571934467074	-0.152826797171224	-0.118644664635842	0.699385322364889	0.780509729980329	0.321863766917272	0.23500620634359	0.295339122841307
ACKR1	0.126529331323229	0.299814081005996	1	0.921453993526198	0.329172909579336	0.81276337593111	0.733872965673585	-0.148609372832492	0.515555995581742	0.646796466795313	0.956593785980938	0.380253358004383	0.129708684783979	0.504520143356142	0.448183695599117	0.484901307131162	0.979595162165996	0.573527917894999	0.983733121008776	0.542477185418098	0.355232415221987	0.900654472354806	0.883806666741288	0.81312061405442	0.888827571236468	0.702258646832761	0.286846639516748	0.836292550129535	0.62380305527677	0.583097434476386	0.549512514335056	0.953554454062388	0.739685830256099	0.656838621866188	0.517660348775009	0.0483974316644603	0.539742196681551	0.942955385456758	0.0102281135509032	0.411441288871731	0.517185283613805	0.880688460954577	0.639512211816246	0.313964853900948	0.954537910564529	0.822436130445928	0.651814455104602	0.42121347541904	0.325276828204978	0.434932368005412	0.616528560388305	-0.024343599242447	0.889478440780302	0.701644576713927	0.84305351350595	0.880239344333662	0.96364991784411	0.959719160780578	0.326282139235763	0.0283800673316155	0.448126758129091	0.792464680150917	0.524726102764772	0.59637434749744	0.767005638050982	0.52562715772812	0.928744621529293	0.795653228328304	0.624228308224933	0.534990400646577	0.75403166639105	0.755037792787444	0.635824774880319	0.908470804136841	0.679955234699695	0.722671220783692	0.56521764806806	0.756609613047705	0.620342709000977	0.652543138212122	0.681358737559323	0.749969595856627	0.602306422454153	0.906725907745112	0.628274255577072	0.881501006714171	0.790679361034752	0.483315080234544	0.713273206295231	0.855988219239086	0.458652940844122	0.978808581981152	0.68984308265855	0.746266864398843	0.701380093649124	0.949823422033538	0.735480241553239	0.474478213379353	0.571266381891419	0.967559142597037	0.637606708746557	0.744246816512678	0.825045628547292	0.742420714415496	0.99067996935592	0.996305894637641	0.996058658919655
NOTCH4	0.315922867995152	0.593642527087807	0.921453993526198	1	0.590581071586632	0.912332262289227	0.872524472376178	0.0729857237556594	0.714875647678988	0.776342954414674	0.807366621890135	0.610824294758592	0.433743537877082	0.696420929620419	0.664887592106522	0.696521549880913	0.931778385119283	0.771508598791858	0.955492760459559	0.735974670591936	0.612655388522648	0.947296516281357	0.945618305489711	0.909655400783051	0.91401934941566	0.580477813464655	0.557971762495028	0.921588615925656	0.810685883135293	0.754506362843384	0.759141005602691	0.961542569444573	0.883729870007749	0.815916903969636	0.724085647315887	-0.0731231943182282	0.742482099451567	0.841942501033373	0.283420240463849	0.628353174415779	0.721518064330052	0.940977062676159	0.809279366788921	0.554338807055491	0.912643508534791	0.932869615762925	0.790892735871486	0.623132999472645	0.555719446144572	0.665217123910869	0.762222767372696	0.253586054203759	0.961945325530363	0.860188767977004	0.932297809418211	0.972097953790876	0.923568007412381	0.833264861781038	0.551291714724048	0.302415773601228	0.659248211294277	0.874489158454123	0.731493332953596	0.761097384133236	0.869968608058376	0.7296544875086	0.876992504825597	0.910578572169686	0.808192072709493	0.734681186852768	0.877884290988611	0.886671632741319	0.789301072373792	0.781115509102258	0.6254124816062	0.878162519122827	0.756459622710601	0.877077889704833	0.787659685917094	0.827302654297618	0.835760344978367	0.762375058619372	0.795674682072604	0.948092147153536	0.796454137017747	0.903572434709957	0.837400952057354	0.649763243968881	0.865487268538982	0.845072484677427	0.675165182820399	0.909638529423753	0.854177731558954	0.88158770423522	0.796229089959683	0.816112638575282	0.863585644474713	0.311089759007771	0.749779173122751	0.849443614107304	0.489514650549876	0.57708191842399	0.910610696389686	0.877759122999982	0.907453476902494	0.893900137786147	0.903180685845085
ITGB8	0.820918127762472	0.949816063769369	0.329172909579336	0.590581071586632	1	0.804236798470729	0.878073181741852	0.109778804726179	0.967785893885034	0.903671367266485	0.13934831400364	0.987448321450069	0.976545856227869	0.970111610694011	0.98470410453971	0.978977482388488	0.426671683075673	0.957285548525226	0.490621097067187	0.963053798620323	0.999254793534955	0.59545762886125	0.72917974195602	0.799782512826388	0.65926401830662	0.128627441870272	0.998182954848398	0.786234524755403	0.938507296744826	0.936431630645242	0.963281743901604	0.583905071548381	0.867886371843813	0.91986360573354	0.972468047497557	-0.16043018246104	0.964320031979031	0.306283304011095	0.934680073568236	0.982857301512316	0.954534239437904	0.728086864264692	0.929640476758955	0.987405167036058	0.505550687819679	0.806642213359104	0.895258881185507	0.962027300024964	0.988445573350294	0.9044669795792	0.899517950193051	0.924806152060338	0.72157466882814	0.901433744918916	0.767275902965967	0.727623173857862	0.441982128430258	0.190235354386269	0.972855386886233	0.942063515318943	0.976843821010854	0.799401026144182	0.968994705454263	0.924928744698894	0.828757603981148	0.969460848340138	0.443669838207488	0.828402092636493	0.939941621791375	0.965080051580384	0.853312702519446	0.861445751105072	0.913683528529266	0.116258877202369	0.344079908038583	0.888547692563507	0.958431742114245	0.857981885798426	0.928837749430775	0.928757183822416	0.906306737166418	0.595302315569044	0.950312410000013	0.669223895474306	0.932982661835167	0.636520287168496	0.319638579371135	0.899684700219835	0.884234628457295	0.557147933855554	0.98270690598169	0.355058737115878	0.904838258287026	0.869579155019249	0.796732057961966	0.150589303972691	0.863353612339279	-0.132512947438193	0.947579038460453	0.278993023285753	-0.0214014357855544	-0.00510180106405233	0.787083853965606	0.863713827221429	0.320863834104446	0.277901947082237	0.314618222345715
TNFRSF1A	0.600207018090563	0.720326641143832	0.81276337593111	0.912332262289227	0.804236798470729	1	0.989781896898798	-0.125702635178219	0.91331081496155	0.950863224504466	0.674648556196375	0.838754061927124	0.663886517162989	0.90503089687233	0.88001102495947	0.900402577427877	0.871152235000751	0.934003535960039	0.903660405701635	0.928184245739462	0.821207172088537	0.937126387550941	0.98260341523436	0.999127500920778	0.96057962874407	0.542426557689042	0.780246206877921	0.996975514361693	0.958059806204372	0.941726659899427	0.92988996132979	0.948642914294873	0.991594834509066	0.967981596592102	0.916436278857877	-0.0449503522512453	0.927457344678052	0.772303301045631	0.585870265402946	0.861836324787309	0.904909023516871	0.991021766159914	0.960200890609512	0.806721970365269	0.906104715763975	0.994168309847153	0.95669501095769	0.858585225561283	0.808240190046783	0.853322508387065	0.937417775422748	0.558089390303885	0.980568631049356	0.981056393979749	0.99547781616989	0.981459652244904	0.864009136166805	0.708577482665717	0.810283221853084	0.600988834879149	0.882944130315155	0.989732190335876	0.920445489336423	0.940385665093002	0.984552656274826	0.920003745993325	0.845739505552147	0.997383902375511	0.957824310569102	0.92558823778258	0.99115777513992	0.99377735247893	0.960585092243601	0.614946408723865	0.639613060414462	0.979290085481821	0.937417852552892	0.993560370578724	0.956328525911888	0.966413219811148	0.977621259813639	0.83977850929039	0.946075062510267	0.97686501873654	0.961090430782182	0.949107369189644	0.689715440220122	0.866916771926577	0.986611860559215	0.868445853506085	0.886662020452343	0.833888055883938	0.978824796434998	0.991396502198701	0.9352129470312	0.68043663548117	0.988623211265177	0.249437838179046	0.938355616831963	0.773166626682846	0.411619468241481	0.477861281669237	0.99391113391142	0.988504809115066	0.786769392822866	0.784105992309305	0.796251493553415
PARD3	0.670137811388741	0.803856653442528	0.733872965673585	0.872524472376178	0.878073181741852	0.989781896898798	1	-0.0559121806673836	0.957852787004863	0.972972415993465	0.576627205420185	0.901951199551607	0.759882955278204	0.950742282462362	0.933915003422415	0.948816493308987	0.79873095794327	0.973462886907908	0.843295015569944	0.967768954965286	0.891020259222057	0.890002374598324	0.962131619070171	0.987638125360882	0.923244402165234	0.466849070376971	0.857157161979293	0.984402678362843	0.987863348888895	0.972472269263641	0.969546119049155	0.898911506031804	0.997794633805505	0.99133288038501	0.960707991230733	-0.0672152330682529	0.967377001188039	0.697330476734773	0.682963673408729	0.918087683681178	0.949010764248873	0.967005945938577	0.98785622553321	0.873821763028928	0.847050344880797	0.987942706888475	0.976469151477168	0.911361824156187	0.875757234730502	0.883155890886754	0.962332261498273	0.657987773413672	0.959384107479461	0.998243797680794	0.978711947081637	0.959627141766839	0.801040630675961	0.619871369903135	0.873844084879951	0.696685590259861	0.93232301673977	0.980961742144147	0.962572878144178	0.970532940409053	0.984752302523804	0.962608236249944	0.78746444358249	0.994791413753053	0.988173353651345	0.965689662190741	0.995112538519345	0.99887883826333	0.984194983452645	0.531433893610292	0.600719293346474	0.99483737060514	0.974212492266781	0.997795037977665	0.982932817487255	0.992445322699139	0.995892848618439	0.817203712517718	0.981669582205454	0.941323205241555	0.987531031671794	0.910620555117829	0.615474118492027	0.903144473305031	0.996779789738087	0.832951447731028	0.939115538776403	0.753128021399317	0.996761652826589	0.998838316795079	0.936299712698623	0.587187089603271	0.995313691675798	0.17391885131509	0.972969054693166	0.689027261952352	0.329317438362555	0.387506174576537	0.982197489835344	0.9954596171375	0.713738018307005	0.697778464535238	0.718063021615751
PDE1C	-0.0150259984931543	0.349606585811424	-0.148609372832492	0.0729857237556594	0.109778804726179	-0.125702635178219	-0.0559121806673836	1	-0.0150478087312835	-0.143119599935907	-0.273208883529074	0.031336391809454	0.200513403434177	-0.055773175106726	-0.0119736148604459	-0.0233370340721205	-0.237032520432342	0.0385570792924035	-0.145628112560886	-0.0472907563719336	0.0974847946948022	-0.164955406709774	-0.0821893976312271	-0.132837840057591	-0.237736139942188	-0.196667448798342	0.108388260162444	-0.113427796523929	-0.000913379920459721	-0.0731808256648838	-9.70408130388794e-05	-0.160217652423643	-0.0600627031626396	-0.045955895265608	-0.0194727563279582	-0.00616492360755429	-0.0268881607514515	-0.150864654724127	0.0280201479878506	-0.0376099999053934	0.040098217965115	-0.125467020267606	-0.011985891510239	-0.0306717100295805	-0.216857567908301	-0.0410790899566904	-0.0798174373560888	-0.0378199332792278	-0.0311402404595207	-0.152765650985873	-0.0586966245157455	0.0303404232793081	-0.0274401117630889	-0.0232469850303189	-0.0958970377680729	-0.0190557863034001	-0.10226128502289	-0.134979506241873	-0.0383212834087597	0.0229712345469073	-0.0745595302951665	-0.159676131661803	-0.0308439929700937	-0.0418668249552405	-0.0881329504393929	-0.0225483476560728	-0.11961422574217	-0.0666480771376821	0.000801687268008652	-0.0456099495325542	-0.071074860143291	-0.0627597522048708	-0.0740153325046584	0.0100821198756133	-0.0380443337214686	0.00379148891544345	-0.0425450579014016	-0.0941259696173444	-0.0590648436323776	-0.0106029090769301	-0.0536401839132569	-0.0911969741900434	0.0350716178888547	-0.140258224211789	-0.0692802161582492	-0.174540710015649	-0.150979224910557	-0.0760248687696874	-0.0756714301326631	-0.072139892249046	-0.00662988508783911	-0.211419883862256	-0.0277234718757798	-0.0626533840080185	-0.112123990009306	-0.142935141235509	-0.0815097087478432	-0.140459740055818	-0.0550551453757826	-0.233775246267977	-0.147650867299489	-0.165878496931519	-0.106691471219771	-0.0446051314764809	-0.0894913321774333	-0.199621549234869	-0.157571017765322
LRP6	0.830568997353991	0.875586720193545	0.515555995581742	0.714875647678988	0.967785893885034	0.91331081496155	0.957852787004863	-0.0150478087312835	1	0.960668117811962	0.332576130531843	0.987307093604588	0.897368116302349	0.993017288880839	0.994725820560477	0.996205472772386	0.601454524426652	0.99487197112033	0.660261050608464	0.997346476384682	0.974454083585784	0.738945723039051	0.84748043875629	0.913614787965865	0.798906080937884	0.352530225541364	0.960230898975509	0.898607765336798	0.985420743216953	0.994286588472954	0.991513014429539	0.743170179217958	0.952031766571384	0.984111868860993	0.996972324365138	-0.0303179375597145	0.996601006765993	0.518018067061932	0.859527947752873	0.991620843521588	0.993863483487957	0.857742380914059	0.987237470217738	0.969630146657689	0.691262299124497	0.903989974036882	0.976924685110819	0.988507953518402	0.970642505543285	0.926510416206301	0.977095535793668	0.839748916359888	0.844013049085846	0.967212314943473	0.889960070900459	0.844325093077519	0.631680486504872	0.40668224308484	0.975323620642453	0.866954502694847	0.990144666021308	0.919699650449736	0.994197096573458	0.989759814960951	0.937797921931872	0.99798408209744	0.637574280044049	0.927078654335692	0.988226432120063	0.995754560730711	0.95031507069191	0.94985248069998	0.985481914378374	0.32249669015754	0.532018811005713	0.951254757655575	0.994822959900696	0.948503655176198	0.990751027216005	0.980500215776185	0.978033148000513	0.76161643625654	0.990381531350476	0.819327813330786	0.98735290672901	0.804161339579214	0.430182400610296	0.963653028330497	0.958843295523306	0.730826875577294	0.99695918916942	0.5588193002551	0.968801526091065	0.950925570356631	0.917762719627701	0.370832307974824	0.956426094789362	0.081033463220878	0.997224417400774	0.490844302042015	0.204672460415683	0.228955827543192	0.906854555606461	0.955007634987382	0.494041351528855	0.475125031687154	0.497491916577131
CHRM3	0.705031621945115	0.824203148623572	0.646796466795313	0.776342954414674	0.903671367266485	0.950863224504466	0.972972415993465	-0.143119599935907	0.960668117811962	1	0.502975907252354	0.923347827217395	0.793374953541058	0.976773986344353	0.953744762261369	0.962027236073268	0.726948970750563	0.964276266038785	0.76978927952622	0.972886636739634	0.913098854902795	0.801198780640955	0.921078715026686	0.948310705852558	0.882465505639816	0.371662016346893	0.884222227274559	0.949589849399977	0.969770282565717	0.968577250394301	0.961859071117109	0.830827219200557	0.961256198431877	0.981084043681178	0.965879988985148	-0.11927260147823	0.965743539168187	0.609283525077184	0.750532765089341	0.941669555204319	0.935625060957022	0.917297754234825	0.976764545789733	0.907146302421773	0.784994858828482	0.946565916330747	0.964126757358701	0.926352686690148	0.921877924086757	0.88210436448797	0.950860742959467	0.730356235411968	0.898924428114568	0.974930730219001	0.922649364922101	0.892909963550808	0.710737647491616	0.514457018211708	0.898239615181706	0.76398367002118	0.956125268192228	0.94477088999684	0.965401574273617	0.95845792960378	0.953021179532231	0.967393015706402	0.710652933855823	0.957169023122229	0.973246477430501	0.969574218875314	0.960369832727906	0.967380741178614	0.966176314649369	0.417060913073829	0.520066664599527	0.972526992758503	0.977069620084574	0.975672808243962	0.974539942152733	0.979716974046369	0.976035401686197	0.756261196283372	0.970872351320012	0.874774262856706	0.984530994387631	0.845203992651337	0.550072871670789	0.900484038371921	0.968422722755009	0.769068015511672	0.952105933993657	0.659276059087218	0.971598312998779	0.971643856754976	0.903287572983887	0.478813574594168	0.963544024871093	0.0578879947641555	0.971314895435605	0.610851553034767	0.210200773593276	0.273697506712855	0.942132616985102	0.959566510239498	0.641124628557284	0.613010993488416	0.646237305948995
HMMR	-0.0637252951702877	0.104314058257304	0.956593785980938	0.807366621890135	0.13934831400364	0.674648556196375	0.576627205420185	-0.273208883529074	0.332576130531843	0.502975907252354	1	0.191866701912448	-0.0660235153596474	0.336256776168811	0.270709243467179	0.308824320605209	0.946649324365827	0.392517557177488	0.910836840763777	0.368723604959705	0.168378841940436	0.791371061417068	0.760972234297033	0.674502439464608	0.824958201153517	0.627893420500354	0.0967320600100888	0.706561504921383	0.44754896538594	0.407580005385818	0.369531959916305	0.865301950292419	0.578793018906972	0.491017720223729	0.340632385238574	-0.00838897606837331	0.36015090363591	0.871227924125644	-0.164317556364112	0.231983561521625	0.321917032208294	0.755459692230389	0.468746643009465	0.132638808917569	0.875501822213747	0.6811830091618	0.483071064228096	0.233647687081622	0.151904093463302	0.273424335663974	0.440735520995773	-0.194702538470717	0.758874425856546	0.539339154809971	0.699716969667218	0.744453367627275	0.878501824626491	0.91586089980522	0.136480379778392	-0.14425636292336	0.27740734778126	0.660087044300878	0.350436249820633	0.412919407168114	0.608202468918576	0.346884970296593	0.827343202887377	0.643659278014461	0.449069499230529	0.361220368153101	0.595787623551418	0.599956856298197	0.460160932860045	0.858661402500006	0.555208347929813	0.561516171917736	0.394434839146796	0.604034717753551	0.447429208937784	0.484197214047278	0.513625451915936	0.597374112406088	0.422665655225059	0.785795845870371	0.467819914525642	0.756247909081289	0.75722962204538	0.294161007700014	0.554629471648266	0.726726783552856	0.275342870731546	0.916265122680845	0.521297859457994	0.599427277323338	0.533585106120921	0.911227857287784	0.568055812914792	0.415686529220956	0.394444042614958	0.941505470072294	0.573393171305479	0.702121023326291	0.684555332048798	0.577071803994551	0.950878638682194	0.971335908603999	0.958573212130418
ERBB3	0.879988824389985	0.899521818141333	0.380253358004383	0.610824294758592	0.987448321450069	0.838754061927124	0.901951199551607	0.031336391809454	0.987307093604588	0.923347827217395	0.191866701912448	1	0.94590998137475	0.983400512108915	0.994424013016871	0.988207260188461	0.47452066404253	0.97385560905897	0.538895875077717	0.978577761115701	0.990436576912177	0.62562702325773	0.758556539658206	0.839892646916819	0.704764271838977	0.262253726967757	0.986807690066082	0.821714235827406	0.950397972367673	0.96904217476569	0.969443665377611	0.632531729540229	0.893105530016965	0.946651262720282	0.982542839273993	-0.0282939458708991	0.977364446937678	0.397321364661885	0.925263256483533	0.996325493103609	0.981913001785796	0.767674701809556	0.954019311454293	0.986832446860957	0.579706597264399	0.82962973613593	0.940579194337129	0.992641134857427	0.99002489699374	0.913737327350377	0.947921362903923	0.909525519758127	0.754230187668345	0.918409891183328	0.808383674734571	0.754460492660756	0.515842406103004	0.272679757695443	0.992332157641069	0.929566500959714	0.986856588109838	0.850733168619676	0.977099706407846	0.962522802112968	0.877229982317884	0.982908012401738	0.529767045401819	0.858147194610831	0.954997431984036	0.977315805093352	0.891373547534815	0.890330485326412	0.947801689114174	0.196997295935511	0.464446396641986	0.898397652429978	0.972189318115605	0.888672196528454	0.959390717160569	0.942216792760197	0.933633818840034	0.694715838954575	0.963199064393703	0.721337737488564	0.953762501550142	0.711767807096174	0.323382980354523	0.955802373960548	0.904196569690483	0.64535788602904	0.993819070739012	0.429028837802523	0.920382278512083	0.893313558611658	0.868811809210381	0.235918842083413	0.898969978286536	0.00454985994586371	0.974031510970344	0.363887693482757	0.110874907170146	0.120583752974389	0.833279479933851	0.89872905713784	0.363440812628732	0.338032506034162	0.363404994082726
KCND2	0.812523825626474	0.94359102675676	0.129708684783979	0.433743537877082	0.976545856227869	0.663886517162989	0.759882955278204	0.200513403434177	0.897368116302349	0.793374953541058	-0.0660235153596474	0.94590998137475	1	0.897631550818796	0.928359091681966	0.915713995969329	0.23221342966343	0.877463986251537	0.3005906443809	0.886318176712339	0.969588453143944	0.437307796668701	0.57164221904454	0.65769704108741	0.490117719938992	-0.0332920536092267	0.983253950451217	0.638611867029987	0.84942640646628	0.846970279152362	0.890866616401129	0.403659641784605	0.749637626710042	0.816297694681628	0.903381855988142	-0.198260312672741	0.890710364673362	0.109289035595664	0.967178141269157	0.932573555200552	0.885670303964918	0.570189191266248	0.83161884812315	0.960353914189847	0.312891697753504	0.668682146157013	0.787248102705553	0.90649443101079	0.955212312559666	0.84926838717637	0.798946644017745	0.964787753765612	0.566749329717355	0.79272462175571	0.621202320589262	0.577948076436123	0.252168517237154	-0.0101975413194122	0.939566628950741	0.971615836193899	0.918261577044314	0.658236173879877	0.899006478087343	0.833259681006349	0.695491005290572	0.897636268843067	0.255773809303683	0.694831763338844	0.849282566703694	0.891183135979006	0.72750198486525	0.737314119216436	0.814625839895368	-0.0721558530142187	0.200505450586129	0.776367320180658	0.877342451151613	0.730394347609747	0.832359541676907	0.830878794653576	0.798734623091734	0.448782153930819	0.864999517582075	0.503147930925299	0.835804738491625	0.468070484599969	0.170112384408426	0.824622059851791	0.771827545887671	0.388460024594651	0.925401616842296	0.1567587309909	0.799767861810532	0.74793578276186	0.670685086216572	-0.0499059712050898	0.742227035283298	-0.251462149532184	0.862589604657985	0.0725337476378893	-0.169600295686189	-0.176322227015393	0.6408000727415	0.742355578427178	0.122507046895376	0.0730455764497993	0.112247589247378
PLXNB1	0.807785465107465	0.885220437857974	0.504520143356142	0.696420929620419	0.970111610694011	0.90503089687233	0.950742282462362	-0.055773175106726	0.993017288880839	0.976773986344353	0.336256776168811	0.983400512108915	0.897631550818796	1	0.995756432123682	0.996487321587896	0.598420937457408	0.986682177340727	0.650755280148409	0.995317278202328	0.976023759698844	0.718795439560996	0.845146263156087	0.903775649963983	0.800031506708659	0.298024520163911	0.961091034388913	0.894131543355865	0.977692614318657	0.985420066382106	0.986077046207432	0.732374851851545	0.940743577058962	0.978925461577471	0.994797592125265	-0.0964678991783874	0.991536758661244	0.488735904759041	0.866299784122015	0.991126433280903	0.976067745118611	0.848163564915603	0.980817866756705	0.972356312073741	0.677507536872345	0.897896369154431	0.964899207129721	0.978715946649148	0.980306569623758	0.923809286900179	0.961830653228004	0.849247593120156	0.831318777855805	0.961613268771071	0.873109294142026	0.830262670987359	0.605311237278411	0.376756492665004	0.967779628567918	0.875623810973195	0.994165204174427	0.906588645890131	0.992319548227418	0.975073378364425	0.923531440793827	0.995184024820127	0.61005783560912	0.917971282468621	0.981233112851346	0.99383878893145	0.936926351693256	0.941127899476415	0.971623579600653	0.286070284193698	0.477320232248883	0.949594974660143	0.993951174034131	0.943907141869515	0.98283054025569	0.977491630893381	0.969374418792344	0.720482846315406	0.984311965106358	0.801119764576135	0.98639823658834	0.778662475117876	0.442154004218995	0.942446051680643	0.95163003349043	0.700162302467107	0.994197810657999	0.535744460724828	0.961509194679105	0.945890669197436	0.892431569957268	0.339656760653352	0.942868634911922	0.00623215678287074	0.99003384573807	0.474907287358752	0.137567539180067	0.173720736261426	0.895113516891237	0.940697685060757	0.491798619792013	0.465094346589851	0.494620999491258
INSR	0.833314354697639	0.899532438810315	0.448183695599117	0.664887592106522	0.98470410453971	0.88001102495947	0.933915003422415	-0.0119736148604459	0.994725820560477	0.953744762261369	0.270709243467179	0.994424013016871	0.928359091681966	0.995756432123682	1	0.99856492879364	0.545819795796858	0.985376416586431	0.601138096871317	0.993180735700655	0.989243481332563	0.687494233554607	0.808574673229309	0.878887329560026	0.761008119868282	0.266815562429468	0.979728260241367	0.864464788561121	0.972463218996153	0.98099328832525	0.986651286260348	0.689829601266425	0.925714522324132	0.967612840789598	0.995525683421613	-0.0900158012087857	0.991653176356719	0.438585166889497	0.897855801516125	0.998062863042331	0.982063648734723	0.815059577502433	0.972010450718207	0.986014397335865	0.629505206842293	0.872149521673197	0.954074017511618	0.986683960870774	0.98916108257081	0.931812077729938	0.954727166363971	0.882136780236745	0.799872109609359	0.948081617271871	0.848180072745591	0.801846489631462	0.561211155080285	0.323296730270464	0.982850531030722	0.905695308981458	0.99683692637681	0.883505376366684	0.992792891999163	0.971091038245128	0.902796688663876	0.995165061527364	0.565578408531656	0.895270202906105	0.975270041619962	0.992861580249062	0.919592882931946	0.922803918620103	0.964539796997379	0.236071265072684	0.455319736495318	0.932360893552116	0.989840888040282	0.922321565947421	0.975392737506749	0.967229759559859	0.957579864533033	0.698793499333929	0.979845095489007	0.767698189969195	0.976486014387946	0.746624451743366	0.399628168953459	0.946802944692358	0.937619474750768	0.665837019850937	0.999249718988728	0.486241872187072	0.949761791771776	0.927608912664056	0.878105185338756	0.286037548186798	0.926723643064227	-0.0104355985285561	0.986468406298828	0.418308853743204	0.111356071242093	0.135780779524524	0.868647064872116	0.925311566927669	0.430991740449478	0.406174755930385	0.43293009253398
EGFR	0.809839495202246	0.894955532462815	0.484901307131162	0.696521549880913	0.978977482388488	0.900402577427877	0.948816493308987	-0.0233370340721205	0.996205472772386	0.962027236073268	0.308824320605209	0.988207260188461	0.915713995969329	0.996487321587896	0.99856492879364	1	0.58155008979574	0.989388956861504	0.63382158871398	0.997415945121919	0.984434922463113	0.723496573396176	0.832444799602585	0.898409262144836	0.785986242566742	0.2806773491818	0.972094777782184	0.884540860518284	0.982404012810055	0.985367952954171	0.993529175542895	0.719824479315908	0.942378074675372	0.975900678972027	0.999002207718132	-0.108521248769061	0.996713037677747	0.465127900183927	0.877934617512319	0.994935831752848	0.982371750574901	0.839157440721277	0.979012132221301	0.981143398463658	0.65599691721919	0.892854543504936	0.959789132370179	0.981534097529702	0.98230341280414	0.940050052116239	0.957589203699552	0.861711789068383	0.823909458977065	0.961490262448213	0.870105802763641	0.827744306096087	0.588842976174365	0.355453975792625	0.975527809285311	0.887224328931739	0.997249625391434	0.899527611279133	0.997737234336891	0.975030675238335	0.915926006827635	0.998495499526625	0.588547721665332	0.913797904663567	0.983914069700903	0.997698142443813	0.933935986673453	0.938465144935049	0.972631339350359	0.264056897166348	0.460583932745828	0.947459739795524	0.995486266781056	0.937631023642064	0.981805185841903	0.977529438588221	0.968539850191123	0.707204870358786	0.986347079051922	0.793552615984451	0.984671309676809	0.76798149006445	0.43943314071453	0.942967546416495	0.953713060953999	0.680579768715369	0.998784423009969	0.520281296339024	0.963711342177782	0.943061006391106	0.885171682562491	0.318556745747145	0.941175612915356	-0.00105938635844541	0.990680282465454	0.447911412945205	0.126785906308348	0.155540528648565	0.88648898074219	0.939223138202992	0.465363994690634	0.442563510500199	0.46860650580014
CAV1	0.198394141577842	0.368408200542085	0.979595162165996	0.931778385119283	0.426671683075673	0.871152235000751	0.79873095794327	-0.237032520432342	0.601454524426652	0.726948970750563	0.946649324365827	0.47452066404253	0.23221342966343	0.598420937457408	0.545819795796858	0.58155008979574	1	0.650068910933076	0.986556055650972	0.633377697492374	0.453705997825635	0.935773710260145	0.916961531642995	0.870553107317658	0.950697976315003	0.644610494133866	0.389504327703387	0.88779142311421	0.700909445832974	0.664372533912363	0.638272936181245	0.976949281177468	0.805161726672668	0.730011861656104	0.610164491691021	-0.0420382709838604	0.62956056543672	0.899399224166595	0.131300830727912	0.512642273371449	0.591347963218451	0.919391844937951	0.711528743368896	0.425760036142013	0.96060937356492	0.871570797505314	0.717967674465951	0.510624890914088	0.435172242932782	0.55945478198997	0.680545605400314	0.0999411546420831	0.916405797810683	0.77076498732668	0.886942653510667	0.912884766554219	0.94639130060615	0.905260413045598	0.427732586216306	0.151675604959227	0.55448002906849	0.85161566599802	0.619974096255215	0.66566680866015	0.81483924280781	0.616100454140485	0.901086955234588	0.848110047186294	0.700212735353631	0.62879401758284	0.811859580602858	0.816853720118762	0.707080490063249	0.823956567616886	0.62614905446787	0.784709458293708	0.654832885959806	0.818094351799379	0.697412273244706	0.727144118854656	0.751454459171344	0.741577973969379	0.676412076235705	0.936159912161055	0.712912160495369	0.902908146640058	0.828937820725018	0.555539105344541	0.787359974934846	0.838770323895759	0.552754363227685	0.966352346377216	0.759904910394704	0.814461145404799	0.743803152286931	0.892192117999433	0.793505761760005	0.380362060748656	0.653655448714838	0.946477359804134	0.555126999541051	0.664944026997726	0.871504995519798	0.799277553344421	0.959203664157647	0.976645222579237	0.970659886065216
CXADR	0.792548164659552	0.885716794852261	0.573527917894999	0.771508598791858	0.957285548525226	0.934003535960039	0.973462886907908	0.0385570792924035	0.99487197112033	0.964276266038785	0.392517557177488	0.97385560905897	0.877463986251537	0.986682177340727	0.985376416586431	0.989388956861504	0.650068910933076	1	0.709520536455816	0.993719571940258	0.96556503204232	0.772252647251691	0.882042819853433	0.933673805714267	0.829742163906675	0.377122354729967	0.946088771801786	0.924051204618801	0.992712102837918	0.991516365296149	0.991887313954638	0.784462290344661	0.967693280339543	0.992054948646384	0.993070948313922	-0.0393050339999351	0.993705000063451	0.565206075028602	0.818248370572361	0.976417117329589	0.991483954493281	0.887307030271808	0.995706039317993	0.946828986532122	0.729868244610043	0.932731366523195	0.980650731197914	0.972373541259407	0.95031778813526	0.910504539670068	0.978194129552733	0.796841814454333	0.882176338152401	0.982087918212491	0.915276151880213	0.882354688201586	0.68085098666514	0.463203553344287	0.950802432943491	0.827125061931551	0.976965135017432	0.935081208569796	0.990514327039395	0.989215648573933	0.953457462962279	0.994432825940154	0.679610682414874	0.948995631547189	0.995801317062808	0.991770203293356	0.966174527089687	0.967432619022815	0.986698957317979	0.387606468243181	0.555484982255173	0.971309717039551	0.994297798997206	0.964133055368505	0.993170993456351	0.991151412683741	0.987248021790345	0.778438562260469	0.998390323460352	0.851214106360098	0.991726264491084	0.830277259071368	0.480669715849731	0.949820410689056	0.971211301949295	0.763546001911088	0.987892543658646	0.605821400401294	0.981393175989131	0.968848660937034	0.924208888254951	0.427670251189839	0.968334695669122	0.0963010791083188	0.994638710775201	0.540803623284242	0.231306705334461	0.266416380965907	0.929741277162139	0.971164143589819	0.557593427041586	0.531954286159425	0.556040476533385
GRM5	0.280168329260543	0.444375058037947	0.983733121008776	0.955492760459559	0.490621097067187	0.903660405701635	0.843295015569944	-0.145628112560886	0.660261050608464	0.76978927952622	0.910836840763777	0.538895875077717	0.3005906443809	0.650755280148409	0.601138096871317	0.63382158871398	0.986556055650972	0.709520536455816	1	0.684359201727148	0.514961638336248	0.944520226517069	0.951752836566549	0.903795145665408	0.948934731922881	0.681761672804988	0.451980084182445	0.92114623720625	0.752406538341052	0.718342630172322	0.689059202375057	0.991305601979603	0.847077964818847	0.781064484730766	0.662454105280785	0.0240573087350236	0.681518048349129	0.930429676846757	0.189500313960422	0.568278361383503	0.65864409352091	0.951018394804323	0.766127719281304	0.478988056107636	0.98017477209485	0.909668000733825	0.774099749227194	0.574603580058996	0.489368316730401	0.578148229459584	0.742481228608091	0.155502701091406	0.954732682214458	0.817068364814269	0.924006257768483	0.947047163933887	0.973485117462059	0.922306350864655	0.489334390958737	0.207361047697537	0.601234138043201	0.886569939035738	0.668441458538595	0.727774993731795	0.866617954389488	0.669462411527685	0.942914901094839	0.890681064134522	0.753221541185256	0.677698780044489	0.858528670382094	0.86001204144642	0.762173974626549	0.85715491106015	0.697704411947986	0.832214467620611	0.703925537126116	0.861454250943533	0.750266924708011	0.776894683111549	0.801141330058042	0.809978779212271	0.734094341210388	0.96502834258814	0.757739641028642	0.93843670593728	0.788137505233521	0.622318358127763	0.826113838332332	0.897556041471228	0.610335805310796	0.973364797814902	0.807004110171904	0.853212958962837	0.803288314760917	0.906095169773349	0.843500877235425	0.422447386155585	0.708697510909851	0.949462721908118	0.592550391084975	0.692642061104279	0.911859328046205	0.849041120009256	0.970824790069738	0.972527683466374	0.976848685867571
ERBB2	0.794598054694261	0.873764361275877	0.542477185418098	0.735974670591936	0.963053798620323	0.928184245739462	0.967768954965286	-0.0472907563719336	0.997346476384682	0.972886636739634	0.368723604959705	0.978577761115701	0.886318176712339	0.995317278202328	0.993180735700655	0.997415945121919	0.633377697492374	0.993719571940258	0.684359201727148	1	0.97035487246909	0.766272809669779	0.866348449781958	0.926729029933707	0.822932518646923	0.33526092501563	0.953505279252619	0.913804871209868	0.99116524030838	0.993265595887721	0.996044093446676	0.765188627035784	0.962532356812392	0.988002419202726	0.999109814692114	-0.0858747227694162	0.999115559068611	0.524107973924834	0.844366370231302	0.988019634595161	0.984911863135099	0.87455794741486	0.989252709257703	0.967028906406339	0.706386643424856	0.919458158316479	0.974477147055761	0.977854668521654	0.967912656008535	0.937619188751374	0.970157726860716	0.825684369292761	0.858868220594102	0.976591568052344	0.902153191839653	0.861511803819189	0.642021303550788	0.418907577847142	0.964839191514496	0.854251264566541	0.992535627178792	0.927668678387251	0.998397376387542	0.984979935039063	0.941025983878004	0.999418624627014	0.640986833477832	0.939083222730725	0.992554759755129	0.999522012654065	0.956393999774145	0.959638038616854	0.985841953529418	0.325848007775068	0.504443565126348	0.963456416412217	0.999334042337868	0.959218867074321	0.991914087581208	0.987934755597559	0.98339089444119	0.745052596580857	0.992555646843401	0.834158876906003	0.993894207747948	0.810235362371167	0.476519339652152	0.948222301012463	0.971086794114129	0.724359550484535	0.994773894736548	0.578427731557146	0.978344912105012	0.962524446852017	0.909583493308089	0.382962638558825	0.962639289590595	0.0510800497866063	0.996886631172802	0.507431392805993	0.183907104998672	0.217109731830212	0.916247644296237	0.960270268380189	0.520729325285107	0.502185334974118	0.525772335186899
