""	ITGA4	PTPRC	IFITM1	S1PR4	CD69	LAG3	CD2	CD8B	CD8A	CCR5	CD44	PTGER4	CD47	CXCR4	SIGIRR	CD3D	CD3G	KLRD1	IL2RG	ITGAL	KLRK1	CD247	CD28	CXCR6	CD7	CTLA4	CD27	ITGB1	CD96	CXCR3	F2R	ICOS	TRADD	CD226	ADRB2	ADGRE5	CD46	ITGB2	TIGIT	CD6	SPN	SORL1	TNFRSF1B	C1QBP	TNFRSF14	FAS	JAML	TSPAN5	RACK1	TNFRSF25	TFRC	IGF2R	CRTAM	HLA.DPB1	PILRB	PDCD1	CD82	CD81	KLRB1	CLEC2D	ITGA6	VSIR	JMJD6	TSPAN14	SMAP1	LPP	ATP5F1B	HLA.DPA1	CD74	PTPRA	CANX	RPSA	STX4	CD63	LRP10	SLC16A7	LAMP1	APLP2
ITGA4	1	0.81799278311562	0.413054453953119	0.402245214483839	0.568775435778393	0.203254324870513	0.61556105814824	0.369299721508965	0.208051421503447	0.203573688586269	0.702949392435368	0.50249162342971	0.556734642966009	0.546700947213423	0.349039913228959	0.490224946980369	0.633966456122452	0.102416945295576	0.627318378295374	0.387040495831821	0.354797876756772	0.541509901038242	0.50615877464256	0.274347865575593	0.188746188062876	0.509120678799538	0.349989399999384	0.656024722659476	0.49465048122964	0.186181152528482	0.602609497962261	0.582980021780509	0.415404457395664	0.485891180006892	0.369381846726742	0.541671003597172	0.309324040113367	0.309195293352841	0.407926092138873	0.507459486946829	0.104864454825832	0.161053971872173	0.545246353209397	0.33936607299604	0.334560514190009	0.599434212250153	0.479624896171134	0.371263891958067	0.336719494840705	0.395044550801496	0.368303636668432	0.113701560462466	0.462562388152006	0.233142370847021	0.181500324769494	0.292134149779492	0.208595227954274	0.252248549769185	0.225678128943134	0.553615002174383	0.371155464187783	0.204439332831057	0.63406203797786	0.348063849729895	0.517501057727147	0.2278424949755	0.268449695622325	0.210509439701479	0.228107044970398	0.506632715054823	0.181339314679913	0.34326010909823	0.352381027761741	0.204201291774127	0.50363266581919	-0.0308554477032871	0.209186202281035	0.0337770302277755
PTPRC	0.81799278311562	1	0.407601956733029	0.463949533734796	0.50714122375962	0.211066247364772	0.772676627227131	0.255643462161315	0.249894290801364	0.34470956538302	0.759477332357418	0.460828709944543	0.628160099091461	0.50919430507592	0.405843961959113	0.544682270954867	0.74432029619288	0.11774315878851	0.679068267946142	0.443029444312278	0.366398584004703	0.675877479727441	0.608950549240257	0.393213670349637	0.272933055487657	0.572287529914775	0.396223053527659	0.705192405592084	0.687723513541963	0.207344731825213	0.650811892207192	0.570858896191611	0.427526003199246	0.583331033075606	0.421890749456046	0.517966327793438	0.38445549265473	0.34924116191378	0.484707551871307	0.522168030746417	0.192380060750848	0.21305778037516	0.625612953406911	0.291190956405772	0.431311137027523	0.632268998614514	0.553602742631987	0.446534297385974	0.315425598998776	0.479127689086718	0.341958922465568	0.18188892988718	0.421694771793405	0.26570434222843	0.175892258083728	0.307908322720473	0.208536252362372	0.280514256365799	0.287973963181811	0.617500358829189	0.307477112544209	0.305726575547983	0.559501899979908	0.393383295119854	0.498405458863947	0.198618515042042	0.28858626978906	0.245121721789912	0.24674016116383	0.596208393226125	0.241291323977615	0.307429482220419	0.394031288656622	0.172858813605948	0.441173864324227	-0.0456482909810396	0.235480746932565	0.0185544166910553
IFITM1	0.413054453953119	0.407601956733029	1	0.585959046918994	0.682427028531975	0.1251414818054	0.349679695347802	0.367537393772208	-0.00544861436703308	-0.184772691281856	0.636044302670719	0.687679448427357	0.68738525993287	0.549196735109435	0.65608103290785	0.510846100023193	0.486142316385684	-0.268732898413958	0.711979790056629	-0.00959412732602197	0.0718254428867377	0.188721098777164	0.681432687979058	0.223542563505305	0.480906364234961	0.224471134181656	0.408774965180981	0.641496607211391	0.39181913346177	0.0847070903366046	0.0933554688438628	0.591433421647201	0.824715106481523	0.530276509004043	-0.0125308392686343	0.584577763165766	0.392249071427375	0.306103179513819	0.136794006187957	0.514511319982951	0.357399486513918	0.0731388480143351	0.249208208593266	0.839951843245446	0.604519060833562	0.120548276996316	0.36335594348948	0.0702107218281903	0.869063657251066	0.663910007301168	0.35467616770532	-0.1966714191894	-0.0548488034267001	0.406232138467281	-0.0880160021744013	-0.037196319681241	0.333982676710984	0.444802364004378	0.723764274576494	0.623158566372271	0.675870473068137	0.506744645638936	0.417165308429925	0.25778780302815	0.698048502051608	0.221389134384347	0.638256485308876	0.375359828027198	0.380395263652948	0.29051700195455	0.491628780539367	0.872798040868292	0.476149433141077	0.51085365614846	0.584935421476822	-0.00820025177111542	0.30424973638658	0.174608837993033
S1PR4	0.402245214483839	0.463949533734796	0.585959046918994	1	0.340961467500535	0.619246967021571	0.709034159778968	0.379154385294325	0.143300585073348	0.160248472065351	0.577289211795003	0.430438137737321	0.681344410592226	0.340081379622776	0.717837511811839	0.810382843438839	0.737114660880772	-0.320425128376391	0.738667472902107	0.0576991134333154	0.0130008958743633	0.379306870051537	0.641588611475879	0.673597538217774	0.67947081019505	0.385384532098666	0.783878888190401	0.55664304555757	0.707148952668852	0.56938095090937	0.235081065829104	0.427494225919107	0.698728315771811	0.422628590921672	-0.0580655676070782	0.449398201122277	0.307905771016951	0.426681146392614	0.533091097151136	0.602884513648236	0.434910832983921	-0.122162278540696	0.333623614615333	0.596813562477108	0.705924654773824	0.193413770348428	0.429802476462303	0.267736051516734	0.674217029221287	0.518557883545061	0.00834044763083237	-0.0293941536059713	0.0309249940096944	0.26044271662267	-0.0779402217306226	0.355821496225173	0.505947290190892	0.381232127174531	0.59899860590828	0.615950998517768	0.396355108599829	0.369293865768961	0.239264634033959	0.126015895387003	0.548880301033141	0.0640380406863557	0.528577462901988	0.209751456158315	0.16705277587391	0.270602262796918	0.34416544441255	0.649974987717682	0.352224735740524	0.262896391972371	0.387260363212757	-0.149343097329348	0.134754412607993	-0.0334620102754168
CD69	0.568775435778393	0.50714122375962	0.682427028531975	0.340961467500535	1	0.0971325085883944	0.258953468419477	0.419804191589639	0.076598769688289	-0.238034747767941	0.761028067263714	0.909504301126983	0.55937840233096	0.916454548461272	0.334085467407075	0.472161106089518	0.447823221146892	-0.315821168132395	0.632693808460117	0.164445268457545	0.0734509810148579	0.154228709212188	0.625606880284127	0.118991435780337	0.123248331939431	0.529315099216958	0.394523179162138	0.62155793102591	0.331904480834935	-0.0133994471668719	0.105738835061524	0.822801640885933	0.70294555819101	0.469953913729045	0.295173858315408	0.762800665481532	0.183871954567215	0.248201175491914	0.271737035271965	0.596111318317948	0.101234447898403	0.0539181235283784	0.431250760735699	0.656716693407758	0.475703149218839	0.387099238366177	0.436198518648353	0.138879992164725	0.671969601972953	0.609990810930233	0.633132433483467	-0.237904674676498	0.374951319021338	0.342949935024071	-0.230044108965432	-0.0323275216521224	0.239906861106905	0.317853775263498	0.443760165728451	0.580649393323082	0.540772752255985	0.273619637188165	0.771213730439856	0.292633354732265	0.583471444785107	0.171947763404252	0.44688512538183	0.303520288469789	0.356260024631292	0.309421734964865	0.288436621295537	0.698995094443688	0.399882724615982	0.303004200329062	0.517927616072353	-0.037669802645888	0.152316718649236	0.142398035609552
LAG3	0.203254324870513	0.211066247364772	0.1251414818054	0.619246967021571	0.0971325085883944	1	0.524935031279695	0.412318708143848	0.462432330608223	0.349167253176258	0.308074119563854	0.17403345376471	0.208177358358082	0.248747107297259	0.534599832003192	0.653979863285368	0.534378335989661	-0.214579557237463	0.434726166758954	0.201082924988915	0.0256601733376656	0.32561948237006	0.199722279451664	0.638429876708854	0.417645531539843	0.436809633329663	0.846216808512863	0.368633121729444	0.43980021352603	0.798894035735021	0.357362859507512	0.166299299877023	0.257883330141476	-0.0761274227238746	0.167924023266626	0.31930422301179	-0.088253355504572	0.577687760266728	0.772155553569482	0.436158864018195	0.423715934189119	-0.196796016200224	0.36026415406719	0.173938280166229	0.534348469910951	0.280984009831795	0.212283490061022	0.430832030583847	0.223760210846381	-0.00178553343543524	-0.130661641358772	0.0192415286775797	0.310057085462725	0.220844372041262	-0.0996794359107274	0.607237968497011	0.442725253723489	0.378771285207552	-0.000109786014312334	0.307217656782362	-0.0193578981309421	0.173237381505617	0.232471555490107	-0.0628473276695986	0.210482320015829	-0.0124899205753007	0.33068984392222	0.193023979881959	0.128169997338843	0.0691312673917337	0.0988189484620466	0.166587894338406	0.17361640872587	0.14959878414478	0.0848332446844393	-0.176561434525141	0.0122573897725483	-0.0106852481195407
CD2	0.61556105814824	0.772676627227131	0.349679695347802	0.709034159778968	0.258953468419477	0.524935031279695	1	0.443403902780501	0.476198272315421	0.505249084831722	0.643465410463056	0.250787391437919	0.573463888234975	0.353184490449634	0.555488224835244	0.830879815429643	0.920178937343261	-0.10335411473814	0.725556179191905	0.307135509052782	0.221590872606624	0.648314685960979	0.498159811495058	0.729099997244747	0.537410176125905	0.542877993781515	0.668114109765969	0.585255172597562	0.830261671764747	0.593617830583117	0.612335890001046	0.394661849812584	0.474426587825097	0.362531112020315	0.145450819029571	0.434843451348124	0.244567670551513	0.406145046810895	0.595794547601736	0.647823890052615	0.310086341873115	-0.124546608620834	0.424404246281753	0.298604541763888	0.587308981780695	0.478361579567842	0.603631453153963	0.560670561978066	0.375147380853903	0.377628310650354	-0.0427783906969624	0.0224199907808631	0.392197280681864	0.180563342392103	0.057981278895518	0.510412384410762	0.324465532031647	0.260547313271537	0.335039820078745	0.543253690800225	0.170741595192047	0.17474292237091	0.324677628018367	0.114013998841419	0.461503247583874	-0.044009955911952	0.310902915627723	0.132173307308611	0.054442617838032	0.400918157436117	0.182897001526005	0.340697026989107	0.205549261337552	0.0967481024004208	0.259602492792627	-0.190125094512476	0.0683352075282712	-0.161093643879121
CD8B	0.369299721508965	0.255643462161315	0.367537393772208	0.379154385294325	0.419804191589639	0.412318708143848	0.443403902780501	1	0.731131987395369	0.312243903124049	0.374854448249249	0.334291230292484	0.197011976650047	0.478107469415433	0.370425149060874	0.609389201039049	0.533284327045487	-0.126374581804237	0.545378059711058	0.245488257937899	0.370779446568701	0.328813288713701	0.128960773982445	0.388836134028503	0.393070223582696	0.277143485055597	0.51253142167105	0.373187173081544	0.366085470677497	0.401726432419196	0.255904346882153	0.287590430020818	0.311676039418851	-0.152543660400992	0.0998070078600087	0.49838088209812	-0.126192907242446	0.320700421220081	0.367861002224717	0.473036530846919	0.0312562746100343	-0.326897096682981	0.0308901596179769	0.277746328375218	0.442544572118731	0.279539348464805	0.201573463383294	0.348372644097487	0.370030574387582	-0.0192903426223429	-0.0787629706685349	-0.302795463939335	0.517741390266791	0.251829437984845	0.0474343972482765	0.498736482435623	0.0341315856093506	0.103541140334683	0.0185979396329229	0.294676217163361	0.0851227565867679	0.0199867267404846	0.324405431475936	-0.0509772084178319	0.273957406900756	-0.261136521636872	0.196316303802246	0.172676095398723	0.0829641527223507	-0.0442440613604693	-0.0568114926219129	0.345779549898083	0.0281054166890167	-0.00798815849969361	0.0298768169530133	-0.300533457588249	-0.0747475225143255	-0.177810144797319
CD8A	0.208051421503447	0.249894290801364	-0.00544861436703308	0.143300585073348	0.076598769688289	0.462432330608223	0.476198272315421	0.731131987395369	1	0.485120311872273	0.192996020448188	0.00883554237694477	-0.0944043435609169	0.25969253627768	0.206757461976646	0.465739810987323	0.465033670097833	0.0767564213253988	0.316389413861296	0.334774756094275	0.439659663977483	0.437987426436304	-0.154711191754347	0.400170268348874	0.276177172516189	0.337981749794062	0.428805120418089	0.183094174974207	0.315426226333252	0.471137056467028	0.367541335782397	0.0616577837201155	-0.0227043679820425	-0.35797049210571	0.230727855763003	0.299929206459481	-0.35627272479838	0.313190245002709	0.466925095760092	0.330475059825203	0.0618271714020356	-0.389090037081794	0.0794790836626099	-0.126441722967772	0.287521754172968	0.307169204162932	0.201865108103768	0.467825091885249	-0.0172352855060293	-0.295627681924958	-0.255682894052053	-0.283453649040576	0.627638513316567	0.135730670425857	0.00290549792916947	0.597547424655667	-0.0872138097974863	0.000367635995675849	-0.32765843235562	0.0492255347383293	-0.287073228517686	-0.165457693676849	0.171326554393679	-0.196305762510122	-0.00922531143372521	-0.394496710826099	-0.0120909468089563	0.073497447238619	-0.0444346472606216	-0.0585433085429644	-0.233534445133547	-0.064963158183546	-0.140589833948698	-0.157029376988683	-0.298374525954359	-0.343486887322238	-0.186567324598014	-0.259277798395386
CCR5	0.203573688586269	0.34470956538302	-0.184772691281856	0.160248472065351	-0.238034747767941	0.349167253176258	0.505249084831722	0.312243903124049	0.485120311872273	1	0.0942202591479385	-0.305142889291111	-0.0633372004537434	-0.090888909797167	0.192508392085888	0.304254187702	0.389442491521738	0.230378024230742	0.172406816409965	0.458535481903858	0.249074516642655	0.503112429688652	-0.107510164514378	0.527245171810618	0.288385341224979	0.223870237304718	0.313552858340749	0.148484393616559	0.402191773424548	0.424911950219533	0.534233043922195	-0.140287455553161	-0.20697641607678	-0.167372955803992	0.175632577316624	-0.0046747666259378	-0.0108422084886938	0.234211641329019	0.373747704403693	0.15801111075426	0.0964636435252261	-0.0959356866553706	0.0472483177102104	-0.322554620636956	0.0736626027005259	0.40641134112913	0.0690569500757196	0.465481366644218	-0.250424875562596	-0.265972682475723	-0.398548859190694	0.215186300656364	0.282936397213912	-0.000270068593660345	0.408390124829761	0.658858819657647	0.0208134533103883	0.00112796694996993	-0.260037789063605	-0.0303663510678874	-0.253534439362864	-0.0441352621621556	-0.0622911604594854	-0.0165381699908851	-0.0455428701325165	-0.144066392022275	-0.141390269785893	-0.0314845723301314	-0.0959732188546103	0.0665804127710804	-0.168000918582738	-0.304576143026769	-0.0730105630139985	-0.165211395893972	-0.182145113483843	-0.164608485438834	-0.102139065602436	-0.193504345852123
CD44	0.702949392435368	0.759477332357418	0.636044302670719	0.577289211795003	0.761028067263714	0.308074119563854	0.643465410463056	0.374854448249249	0.192996020448188	0.0942202591479385	1	0.762702965294717	0.684823320844893	0.78396723651002	0.518886082063143	0.715103778020666	0.756625033201436	-0.295251522665572	0.755319744535485	0.192401700268725	0.121344700479658	0.413082456324795	0.728121312157452	0.41879222930786	0.348543684709095	0.71839781771954	0.601322621870627	0.804539764547853	0.635516031486058	0.304247408595106	0.4302534644982	0.799873086243736	0.727686841887408	0.590254317841594	0.332777392392153	0.749771070219912	0.373851031742618	0.482309768113075	0.471955824472107	0.695992156127297	0.211423200481076	0.196613936425822	0.636654841186537	0.657666144965597	0.641187792078262	0.550996277369846	0.609489761698051	0.439439647878851	0.700021677526245	0.624745022522218	0.480289337504384	0.0370067857798974	0.431176423860983	0.464545403303229	-0.144951595509901	0.241545821230608	0.472573981177459	0.511204205656621	0.465025775686102	0.635684507515856	0.501688896993793	0.437253180231338	0.760025690283516	0.387783310302987	0.742030853363422	0.249586942129841	0.57976337162529	0.43548777269491	0.447954569382633	0.512962407238443	0.474739058966932	0.672869401397489	0.530835842742864	0.4231766590547	0.571692599833024	-0.0124201619641799	0.284319462329524	0.208294114722692
PTGER4	0.50249162342971	0.460828709944543	0.687679448427357	0.430438137737321	0.909504301126983	0.17403345376471	0.250787391437919	0.334291230292484	0.00883554237694477	-0.305142889291111	0.762702965294717	1	0.627791656864868	0.863968207132207	0.411789847602228	0.480966827626826	0.444163920360431	-0.371719799093492	0.625309332897319	-0.00273129827497524	0.0497960954191832	0.10542375466541	0.665535348712575	0.195713850149756	0.177679732967803	0.511964400913046	0.4447619779371	0.611377506250992	0.383297216967722	0.026392164740177	0.0463399846624062	0.811313663069704	0.75707103781783	0.541310253063382	0.276081307445	0.753498520288561	0.238650077046421	0.297763261191033	0.293966608175498	0.617560063838843	0.193735383128324	0.108515835161868	0.443644187424206	0.710685437934659	0.541459878902637	0.26239610723927	0.431780359314832	0.124904413463625	0.735372528517871	0.674623269782187	0.651991345103782	-0.18931257218069	0.233171479719417	0.377853557283794	-0.313986300620665	-0.085722046572662	0.306228582175802	0.370935231916395	0.519733910732703	0.648822789576627	0.523385166777937	0.335841332635818	0.73988950561152	0.261905233195255	0.59457036237697	0.208936967217148	0.498354109284004	0.350550618227675	0.393653396947297	0.313106098889982	0.36448807602834	0.761283597637537	0.417091775180944	0.325667227090752	0.496584474444038	-0.00212678109707535	0.190020094077685	0.160307068442138
CD47	0.556734642966009	0.628160099091461	0.68738525993287	0.681344410592226	0.55937840233096	0.208177358358082	0.573463888234975	0.197011976650047	-0.0944043435609169	-0.0633372004537434	0.684823320844893	0.627791656864868	1	0.482071846024615	0.546446089865248	0.557655659887867	0.623186222742229	-0.212935852481863	0.677469662147583	0.165361086026304	0.08898697228596	0.311753398700019	0.726162868815742	0.339649201173867	0.403485964107379	0.368364563508908	0.44010912493614	0.662459475940834	0.543465361862678	0.159391287770816	0.286092159249946	0.603726282345916	0.746747401177429	0.704303400621967	0.180430061155198	0.494768332479664	0.596128690468001	0.290074192033576	0.314205944122742	0.465431969820255	0.308123137315613	0.133177124178277	0.431135256974461	0.697690948304428	0.574880392653308	0.272047058778455	0.535506882094792	0.190421230487173	0.698950291133738	0.744981602148544	0.372044466443515	0.0310257659425885	0.0107623212223483	0.272276212550978	-0.0482516583600822	0.0284972893010918	0.430355309106712	0.412138412721244	0.704004993410587	0.710569405205515	0.580254164032805	0.433143745854062	0.450585982591104	0.337738146476938	0.691255942895353	0.302077150393463	0.552709578112509	0.250617137356292	0.270144713089476	0.500549616100973	0.507819441278199	0.70337811645019	0.422619176122916	0.378463110501263	0.622599881556422	0.110451506760225	0.32953523623985	0.157311487146529
CXCR4	0.546700947213423	0.50919430507592	0.549196735109435	0.340081379622776	0.916454548461272	0.248747107297259	0.353184490449634	0.478107469415433	0.25969253627768	-0.090888909797167	0.78396723651002	0.863968207132207	0.482071846024615	1	0.343608479426378	0.572371453782642	0.522918117584379	-0.302679475942754	0.622238114846705	0.236405989347613	0.0420613296418083	0.24216868776584	0.479212737149928	0.301560039100755	0.145268739854019	0.705079946881827	0.514431187957487	0.575237673979482	0.39027755563751	0.128566329099014	0.21196559342913	0.763957984918455	0.618110872844508	0.32778328515082	0.41393277973607	0.722165883152783	0.00320310202408551	0.312982374922075	0.43470856177604	0.661083972451079	0.0673774258034694	-0.0271102806836758	0.455698637399846	0.511265159252409	0.469374027730127	0.489161270308879	0.507765172040487	0.267230556174437	0.571418676995139	0.481436432432098	0.532120639083631	-0.260358367885214	0.578353526208269	0.346475037744212	-0.268531940830382	0.165799312170608	0.212824432703622	0.31323622493102	0.307449076266167	0.502619936473936	0.350342699463622	0.203955644987896	0.842323587941495	0.129177534082434	0.531903594792836	0.0620559776838303	0.37130284351638	0.303915950174442	0.328036554178775	0.28763265290627	0.203065285655306	0.575923803227561	0.332730385438092	0.2152083632158	0.329802506356495	-0.109691854204635	0.0577085407537157	0.0815124269514877
SIGIRR	0.349039913228959	0.405843961959113	0.65608103290785	0.717837511811839	0.334085467407075	0.534599832003192	0.555488224835244	0.370425149060874	0.206757461976646	0.192508392085888	0.518886082063143	0.411789847602228	0.546446089865248	0.343608479426378	1	0.602009473906893	0.545518319071775	-0.0566449737867826	0.699261704587996	0.0593541076225183	0.212181111946217	0.324459020731627	0.483702264980794	0.518373962073942	0.673730356471376	0.353135239742931	0.666006884645801	0.561601387221037	0.527648832248316	0.437337953620612	0.279991968251684	0.407458091215048	0.645028868329027	0.287336231399256	0.102097734206471	0.365007527213649	0.287722897124005	0.528795082432366	0.519568490625018	0.515871520493324	0.505874615078769	-0.0293057808589161	0.334989559991071	0.586581452034392	0.63525058809711	0.16641650489203	0.21446346713864	0.242022987417529	0.62532129781248	0.377537599481593	0.0479166794581464	-0.0459828591363927	-0.0467572550100972	0.311849138775557	-0.0218639760664369	0.341430986767148	0.424795782074507	0.447036971165843	0.510173262587308	0.559387074186864	0.441746637508572	0.418792054850987	0.292663795024091	0.144037940437189	0.526473312522036	0.203561397261642	0.584190803704936	0.287757574968747	0.261460749372523	0.268761729244594	0.359238811350238	0.599120475448157	0.358625050349843	0.386634157763919	0.381558360874017	-0.0858682380084241	0.267517097557318	0.0777227237170172
CD3D	0.490224946980369	0.544682270954867	0.510846100023193	0.810382843438839	0.472161106089518	0.653979863285368	0.830879815429643	0.609389201039049	0.465739810987323	0.304254187702	0.715103778020666	0.480966827626826	0.557655659887867	0.572371453782642	0.602009473906893	1	0.91889735355614	-0.427296770137916	0.815093578983554	0.198856887486218	0.0147644857605851	0.41879220848676	0.544238320062649	0.74137050745684	0.555887376977523	0.617065224288179	0.86165645700768	0.583761121968576	0.781848425916319	0.712182447506796	0.38912091826223	0.542232961787446	0.663637371070812	0.316144986153315	0.0893042211431947	0.588952756243077	0.115342560970508	0.499501140587244	0.627496592544935	0.803114821293403	0.295229235906212	-0.248160187822983	0.390597031335396	0.521888567862501	0.698236547577138	0.362769002721289	0.579293556983889	0.493931863813638	0.631641864103418	0.429718897966743	0.0115300513874878	-0.173066763124547	0.451271355089133	0.313549402348114	-0.186309939325267	0.499625968927926	0.440603734772429	0.368640182202907	0.444118347181653	0.532896157226232	0.214829162984495	0.223582676680915	0.438614079080126	0.00958161286078195	0.589900396140641	-0.0968167829427201	0.445193182528705	0.242413100026998	0.163154766109882	0.205113347821247	0.254087972483067	0.590473344223328	0.279985732950393	0.191430240400066	0.257145612993368	-0.26009343803066	0.0187063848042726	-0.114890908972541
CD3G	0.633966456122452	0.74432029619288	0.486142316385684	0.737114660880772	0.447823221146892	0.534378335989661	0.920178937343261	0.533284327045487	0.465033670097833	0.389442491521738	0.756625033201436	0.444163920360431	0.623186222742229	0.522918117584379	0.545518319071775	0.91889735355614	1	-0.256195431101051	0.80646025359314	0.277880163513238	0.15465051522765	0.583579559337643	0.591341039988471	0.676089105957174	0.527331754573619	0.606521499721132	0.739204290245611	0.624393373164085	0.846723867306059	0.615972587149686	0.521627700295366	0.54058313424558	0.590773032711621	0.435037772549838	0.152188027510023	0.573997259814277	0.23190607697628	0.421726293255136	0.57759695672858	0.742556207014987	0.292238539177255	-0.162036281200302	0.450117307875291	0.444993306176599	0.651989333082014	0.447045797964045	0.636299681693175	0.544813411623041	0.530351027869647	0.466395296207862	0.036765341615981	-0.0497543935590194	0.464016214471704	0.242475964990438	-0.0330634919221089	0.48371170998188	0.35458370051926	0.293045516399004	0.422583704305659	0.582675111375313	0.212988077808746	0.195762953313614	0.440495575882619	0.0999442788319711	0.570810987679634	-0.0980578570080226	0.355774059179373	0.180943945435475	0.105944871813877	0.343451204039498	0.216322600810496	0.503888050521949	0.291713332331166	0.125727593366805	0.314914348643017	-0.220901863223068	0.0430757912517012	-0.164782167115803
KLRD1	0.102416945295576	0.11774315878851	-0.268732898413958	-0.320425128376391	-0.315821168132395	-0.214579557237463	-0.10335411473814	-0.126374581804237	0.0767564213253988	0.230378024230742	-0.295251522665572	-0.371719799093492	-0.212935852481863	-0.302679475942754	-0.0566449737867826	-0.427296770137916	-0.256195431101051	1	-0.242522914582575	0.387459448309718	0.630568825693032	0.392415092951226	-0.407214135874578	-0.258016697044802	0.00755216464545619	-0.183810920543702	-0.39655797831931	-0.19740795345409	-0.172639814948799	-0.23994192097441	0.235412446880891	-0.310484845789073	-0.519005711821074	-0.133755396915786	0.394351584074948	-0.39303917522979	-0.0790650799093204	-0.0596121662772323	-0.000912720478378865	-0.425470984607097	-0.109873294258604	0.140058763024911	-0.0534948172353645	-0.515643358492247	-0.390037606949379	0.0933892354950026	-0.331847218903547	-0.0988208870279173	-0.552574689498948	-0.42319367546153	-0.266636521448604	0.19824036442031	-0.0600789250320767	-0.265426018215838	0.482328158115103	0.196678544605966	-0.416080466875865	-0.274992160630186	-0.343950390247731	-0.165151262123076	-0.241198773530163	-0.127108280519322	-0.137268714351068	-0.0608499580627324	-0.324150125533872	0.0923067537692308	-0.353264799034236	-0.225597832344783	-0.208078959768811	0.0738754313608681	-0.342369589343077	-0.539173164408446	-0.218239413587665	-0.242392669395723	-0.269959867838964	0.0122400406328202	0.00165223191888344	-0.140568216695775
IL2RG	0.627318378295374	0.679068267946142	0.711979790056629	0.738667472902107	0.632693808460117	0.434726166758954	0.725556179191905	0.545378059711058	0.316389413861296	0.172406816409965	0.755319744535485	0.625309332897319	0.677469662147583	0.622238114846705	0.699261704587996	0.815093578983554	0.80646025359314	-0.242522914582575	1	0.23757026724034	0.170882762156237	0.43703332277598	0.699175015471141	0.573305524928845	0.596769785151431	0.576309430743248	0.725079179039563	0.67599521981439	0.703755692222788	0.437155022274522	0.350028469114164	0.668777183059684	0.768352416749919	0.459718604692259	0.134056121957389	0.643564638064502	0.238136571671547	0.468666833770542	0.578473005536998	0.763003012743044	0.353056245917146	-0.101905296389185	0.4606319046455	0.641584162660997	0.73161619672445	0.388795657584854	0.458294581753262	0.376072419282412	0.727215352445573	0.562136917024061	0.233942760292245	-0.0729868321509827	0.273949721860173	0.353095402496485	-0.0189195941819957	0.337857767094601	0.362245851118477	0.378812454809438	0.57766457722155	0.69973511686367	0.398623000716367	0.342956261101654	0.534263475163988	0.218809268757137	0.647510002497898	0.101481426301384	0.516558430329931	0.279623027589751	0.265805118986575	0.353458365663117	0.307881264989079	0.718936889029028	0.43365024751084	0.287862492303023	0.446198559027015	-0.156288952278494	0.18266492536753	-0.035886269783829
ITGAL	0.387040495831821	0.443029444312278	-0.00959412732602197	0.0576991134333154	0.164445268457545	0.201082924988915	0.307135509052782	0.245488257937899	0.334774756094275	0.458535481903858	0.192401700268725	-0.00273129827497524	0.165361086026304	0.236405989347613	0.0593541076225183	0.198856887486218	0.277880163513238	0.387459448309718	0.23757026724034	1	0.262171555850913	0.46755022650201	-0.0413435582178932	0.186142906528235	0.0765559601547381	0.333392980666695	0.17082810759756	0.211079528550516	0.253631198462331	0.149667733734057	0.508005897525121	0.0992100886044934	-0.0831260755330558	0.0398707056254162	0.632264188220244	0.139324105963071	0.00917984586471638	0.207684642860641	0.410061332659316	0.103936114969457	-0.0282987843881064	0.0180769815323986	0.297820464115618	-0.230667226206895	0.000824972819867663	0.556834876752124	0.197546857386762	0.228897622742638	-0.200349297159401	-0.0812211161371506	-0.036579642045045	0.0824830971116054	0.424526893436554	0.0489385410054845	0.317692798139087	0.464788703956195	-0.0604990961620925	0.0386122342065482	-0.155862046702216	0.132056140944586	-0.138291404235438	0.0271715744234101	0.274445337574323	-0.0152382837532207	0.081849691790661	0.0464787652578748	-0.111619743782392	0.0216298272712783	0.0250456967771022	0.177861534600649	-0.125290623753159	-0.21617007895876	0.0344710362588435	-0.11072085140945	-0.0766986738869291	-0.0932961076994815	-0.0405255603534659	-0.0735798959189998
KLRK1	0.354797876756772	0.366398584004703	0.0718254428867377	0.0130008958743633	0.0734509810148579	0.0256601733376656	0.221590872606624	0.370779446568701	0.439659663977483	0.249074516642655	0.121344700479658	0.0497960954191832	0.08898697228596	0.0420613296418083	0.212181111946217	0.0147644857605851	0.15465051522765	0.630568825693032	0.170882762156237	0.262171555850913	1	0.438385212316435	-0.0248759835996396	-0.118288635570062	0.142506563724687	0.0196754584445885	-0.0135851007377989	0.19737232541041	0.120421946152574	0.0152388375600446	0.346806428599353	0.0560881028239047	-0.142549203207359	0.0264003007041792	0.357058707840187	0.101562018059962	0.118262701705219	0.133219596259824	0.185230498933063	-0.0493915646278044	-0.0733359429539918	-0.00126391382818552	0.0586700746379932	-0.0811878577524363	0.00179011710563766	0.159215243116405	-0.109291356335014	0.133968222262584	-0.10094075404856	-0.185795401712439	-0.0763825246105914	0.00508377676797652	0.157676365693248	-0.0107245279160683	0.269250592484782	0.303986132218824	-0.195457914010857	-0.0799270871949661	-0.199179927705785	0.253335551451602	0.00461515329922153	-0.0668673373920189	0.130792321329473	0.166207680404631	0.0350746996657979	0.0188316053783065	-0.0164482473450862	-0.0239880282634461	-0.0499595392645349	0.224769917355102	-0.134673858949691	-0.0882289643104422	-0.0146800594240185	-0.102998633302148	-0.0258771349304318	-0.00297484979573764	0.0906947029372936	-0.119321219759582
CD247	0.541509901038242	0.675877479727441	0.188721098777164	0.379306870051537	0.154228709212188	0.32561948237006	0.648314685960979	0.328813288713701	0.437987426436304	0.503112429688652	0.413082456324795	0.10542375466541	0.311753398700019	0.24216868776584	0.324459020731627	0.41879220848676	0.583579559337643	0.392415092951226	0.43703332277598	0.46755022650201	0.438385212316435	1	0.209489952591781	0.362727112982031	0.460947659480984	0.373931695549951	0.337926140535866	0.435758336261718	0.457145126507345	0.348467762312559	0.566067311539258	0.116823614304829	0.0803244839824978	0.163068687784768	0.366627771192267	0.262973350273008	0.036258868525601	0.257066170706801	0.460012309965316	0.20880738997887	0.156415645687576	-0.0142367451172146	0.3578451818823	-0.0241789757175452	0.35232626149179	0.519779155548844	0.340684532009351	0.480622003584138	0.0359817712296742	0.051154713754303	-0.126404060616062	0.192517502575064	0.391268852685583	0.0475723187723583	0.276809605240257	0.533592212785954	0.0352430328155075	0.0701695540999519	0.0643760517237466	0.225225979356367	0.078603260067423	0.201812823063148	0.298112732142646	0.0309859424684708	0.207166511013877	-0.047968080893455	0.0782356371499977	0.0457782243418871	0.000470748076299806	0.379568686485769	-0.0751652449139356	0.0159251820145087	0.125366058673872	-0.0254321583629887	0.104158354306158	-0.163664054785164	0.0813080723752819	-0.195497235631858
CD28	0.50615877464256	0.608950549240257	0.681432687979058	0.641588611475879	0.625606880284127	0.199722279451664	0.498159811495058	0.128960773982445	-0.154711191754347	-0.107510164514378	0.728121312157452	0.665535348712575	0.726162868815742	0.479212737149928	0.483702264980794	0.544238320062649	0.591341039988471	-0.407214135874578	0.699175015471141	-0.0413435582178932	-0.0248759835996396	0.209489952591781	1	0.276125425965692	0.306689398888519	0.443512169717679	0.476233419227414	0.704073759914583	0.581038164526705	0.184652566315532	0.215996207454024	0.716611719274451	0.776218394233182	0.764141301763003	-0.0324826132235924	0.632524519077914	0.595122292789319	0.283366869722378	0.310257166054374	0.517405237572211	0.307025294946004	0.136201379309613	0.523367182862643	0.723189310010392	0.605397532150923	0.241167103383113	0.444856621620989	0.138634307956417	0.717874994203115	0.761243445179913	0.533047814652177	0.122426953598124	0.0277735549904708	0.311942340464836	-0.12094414237453	-0.0422876981803492	0.484482536691655	0.398530065184414	0.617478903545589	0.709589843704383	0.642019963043557	0.431351998092517	0.430483982512667	0.526823212998797	0.658377503991179	0.291777680451829	0.568684911067452	0.27924898316602	0.329179206371803	0.454229798132228	0.492904974958259	0.733191599712058	0.554793722542186	0.394740226223317	0.667218361098465	0.0577395354836378	0.325602936183278	0.163880483941294
CXCR6	0.274347865575593	0.393213670349637	0.223542563505305	0.673597538217774	0.118991435780337	0.638429876708854	0.729099997244747	0.388836134028503	0.400170268348874	0.527245171810618	0.41879222930786	0.195713850149756	0.339649201173867	0.301560039100755	0.518373962073942	0.74137050745684	0.676089105957174	-0.258016697044802	0.573305524928845	0.186142906528235	-0.118288635570062	0.362727112982031	0.276125425965692	1	0.545544527069531	0.497198911198116	0.753145702431577	0.373020290102472	0.700193087000486	0.575015825954879	0.384633548023558	0.280055841816923	0.399437246200238	0.0446313357099733	0.0383371090215311	0.336212623233879	-0.0636993065251064	0.414376884186342	0.632518182989196	0.646633661790579	0.3657236923623	-0.171102529085051	0.262145699323608	0.183577201146078	0.498005265341504	0.410986830122499	0.410387613704522	0.451175804775576	0.311796325962986	0.199081501518574	-0.110545902318754	-0.0287994398365349	0.266188488647613	0.145152473953343	0.01905894185913	0.520953255980461	0.304061910031867	0.252092175140105	0.228424680888083	0.335446764855916	0.0133799015241848	0.135761017492374	0.22416162641032	-0.123219041597366	0.244493373090216	-0.097147941552587	0.236631927446448	0.0959458086683424	0.0338793561691586	0.126328400160306	0.121738946301863	0.257504219707126	0.0758000208864722	0.0351656316864096	0.00956627950128926	-0.206439041530062	-0.0783077932379604	-0.13219192055209
CD7	0.188746188062876	0.272933055487657	0.480906364234961	0.67947081019505	0.123248331939431	0.417645531539843	0.537410176125905	0.393070223582696	0.276177172516189	0.288385341224979	0.348543684709095	0.177679732967803	0.403485964107379	0.145268739854019	0.673730356471376	0.555887376977523	0.527331754573619	0.00755216464545619	0.596769785151431	0.0765559601547381	0.142506563724687	0.460947659480984	0.306689398888519	0.545544527069531	1	0.231363011269676	0.536026777335067	0.287246180192409	0.466373099406677	0.413501710918619	0.0911646714487089	0.218918990505526	0.47565692911598	0.128352124039582	-0.0291605260123871	0.239152233447575	0.0866660334362439	0.385561137661776	0.409496217567425	0.393292281583007	0.436676179678724	-0.128725243499086	0.140458175980409	0.386317555858936	0.601068636143094	0.0336968858957527	0.179335897469189	0.248257284790036	0.494859268359562	0.248010646353446	-0.276105904586106	-0.00860179071475688	-0.0672671817620478	0.154704163687567	0.138792905320398	0.3650295922557	0.223659167604848	0.185492169433071	0.543742302301287	0.315240718394664	0.182140270100883	0.334379418415151	0.0330442001479997	-0.0421169754147078	0.296968741272291	-0.0693225202101624	0.352933068203625	0.126759623920941	0.064596530260033	0.111646981510272	0.114998168500396	0.46686955197143	0.171306960075989	0.138758851048306	0.138410205668882	-0.227035601461476	0.0135539005526695	-0.177417159048419
CTLA4	0.509120678799538	0.572287529914775	0.224471134181656	0.385384532098666	0.529315099216958	0.436809633329663	0.542877993781515	0.277143485055597	0.337981749794062	0.223870237304718	0.71839781771954	0.511964400913046	0.368364563508908	0.705079946881827	0.353135239742931	0.617065224288179	0.606521499721132	-0.183810920543702	0.576309430743248	0.333392980666695	0.0196754584445885	0.373931695549951	0.443512169717679	0.497198911198116	0.231363011269676	1	0.643916240977264	0.528453533581208	0.52950259644401	0.397374975491952	0.452694253135606	0.66584477416026	0.42443345784845	0.270218445980124	0.438641694052187	0.506478567269781	0.052624044274957	0.451013163676624	0.708979185328927	0.584155590137484	0.151612337433871	0.0016079520029155	0.618821498581802	0.260965934275606	0.433398486849922	0.613016243126621	0.411382545723488	0.474150762682071	0.334808075568566	0.277784359882671	0.320573050596814	0.0841591610805678	0.627105419624132	0.236490751058578	-0.223203560145498	0.458233522977839	0.336677150972935	0.333000689533998	0.0962009001550847	0.32197004848177	0.143926614934243	0.136800968018647	0.712630256149828	0.175500768117632	0.467679639219751	0.0950797030119566	0.332077658024444	0.20699973241295	0.227011157007577	0.377037488204089	0.159616085099812	0.287385974298748	0.306645998970333	0.174535678467493	0.218541286890115	-0.0857380672469401	0.0368685469553173	0.0597063464387975
CD27	0.349989399999384	0.396223053527659	0.408774965180981	0.783878888190401	0.394523179162138	0.846216808512863	0.668114109765969	0.51253142167105	0.428805120418089	0.313552858340749	0.601322621870627	0.4447619779371	0.44010912493614	0.514431187957487	0.666006884645801	0.86165645700768	0.739204290245611	-0.39655797831931	0.725079179039563	0.17082810759756	-0.0135851007377989	0.337926140535866	0.476233419227414	0.753145702431577	0.536026777335067	0.643916240977264	1	0.571175084475517	0.649641216410577	0.762973061143973	0.335504707816701	0.490034234976256	0.567638619907912	0.163733593650735	0.145822646227153	0.502888586570149	0.037721228664372	0.607306557962497	0.790525775125163	0.6871517573208	0.462770040271313	-0.212452900558154	0.42867469832253	0.459271982413874	0.735441966005939	0.353314808524226	0.349508853388055	0.492278096508101	0.547324639710804	0.274103704118111	0.033479438100056	-0.0585657924131503	0.331806402243904	0.3204171834162	-0.163904346007326	0.552928174809202	0.550226196710479	0.454719906156866	0.269735126701242	0.464851237429367	0.208110752884859	0.253501792296959	0.427086557099716	0.0455040575020786	0.45338008388411	0.0148316517041709	0.509723524417905	0.259718750155032	0.21768734365187	0.184936201928548	0.2471612257544	0.495759922638116	0.292091989045464	0.257546857887174	0.275695665335617	-0.20199105259926	0.0606064600797712	0.00219702175014719
ITGB1	0.656024722659476	0.705192405592084	0.641496607211391	0.55664304555757	0.62155793102591	0.368633121729444	0.585255172597562	0.373187173081544	0.183094174974207	0.148484393616559	0.804539764547853	0.611377506250992	0.662459475940834	0.575237673979482	0.561601387221037	0.583761121968576	0.624393373164085	-0.19740795345409	0.67599521981439	0.211079528550516	0.19737232541041	0.435758336261718	0.704073759914583	0.373020290102472	0.287246180192409	0.528453533581208	0.571175084475517	1	0.543571934321462	0.297795635873942	0.619004465801377	0.627279307844661	0.621777446452562	0.505727878224797	0.253804043094668	0.713459762007794	0.544378975751714	0.545188997696107	0.496617896584413	0.488810424633617	0.305365515696548	0.284114601030075	0.625085074917198	0.664323630583519	0.64605217334281	0.594215971699993	0.441940609572843	0.49227990782483	0.628284310679113	0.474680664070761	0.516436044001195	0.154175323412311	0.294039562144099	0.52806370946535	0.0234264473450016	0.257031549368935	0.636845730638719	0.710086146343662	0.313952659112437	0.601096583428358	0.682435820246426	0.580606226808371	0.648998248806718	0.574399085615205	0.744071807348991	0.497829767631377	0.75883721380934	0.508634986386217	0.533882101488547	0.631717671050673	0.647705354244823	0.581038567521064	0.625198754649959	0.654611354673977	0.726213044021192	0.197787061006554	0.54393334993295	0.445635319318203
