""	EGFR	ERBB2	CHRM3	TNFRSF1A	F2R	CD9	PTPRA	ITGB8	LRP6	CANX	CADM1	APLP2	SDC4	INSR	SMAP1	EDNRB	ACKR3	LPP	MET	IGF2R	CXADR	NECTIN2	AR	CD99L2	ADGRE5	ITGA3	TNFRSF21	PILRB	PLXNB1	SIRPA	CAV1	PODXL	KCND2	ITGB1	NOTCH1	LRP1	KCNJ10	PLXNB2	NOTCH2	THY1	CNR1	SDC2	ADORA1	CELSR2	MTTP	IGF1R	PDGFRB	LRP4	ERAP1	TNFRSF10B	AMFR	FGFR2	RXRA	NOTCH3	SDC3	GPR37L1	GPR37	NGFR	TNFRSF19	ITGAV	SLC16A1	MCFD2	CD81	SLC16A7	SORT1	MCAM	C1QBP	TFRC	ABCA1	CD63	SCARB1	CD44	ITGB2	NRP1	CD46	CD74	CXCR4	SORL1	TREM2
EGFR	1	0.452073184850548	0.543285990009447	0.531997979036103	0.573690948575995	0.629711659859261	0.659155341228986	0.745461827556136	0.719558584957204	0.613900900697159	0.732505507167739	0.596843994801192	0.254768981493782	0.614458906274706	0.660058765117006	0.611612969558343	0.546676422714176	0.514849379587476	0.345946997245281	0.471838337730557	0.615986285953156	0.518562582308161	0.698996668825559	0.456063694145154	0.697819972879996	0.332935111239488	0.623397653946337	0.651930300997793	0.585824634397313	0.5265925871767	0.221717042622617	0.466344719450953	0.6022839999326	0.422799060459891	0.621208278269112	0.646254083447891	0.56765155441389	0.477016480016549	0.649199873332877	0.436666334473042	0.493511075831015	0.4963199227766	0.505131069534256	0.619406382264273	0.543367198688958	0.525748828234865	0.378991662090122	0.703920636987986	0.563779334693895	0.415978677397065	0.462848474359898	0.514006487928248	0.565777457158213	0.431055319940357	0.508800265586838	0.83164015596397	0.611614469902199	0.494663322015121	0.58364389411364	0.556996311256905	0.563688730364401	0.567045051624722	0.504737481603164	0.598148195804294	0.578225496143733	0.461833099274351	0.562491400737054	0.081981888451788	0.574687062468633	0.524701826267645	0.304633715596486	0.295647601297295	0.0459184959121133	0.336977125773617	0.487971571853607	0.0198314034508585	0.0139241378131493	0.15575153341592	-0.0185566911869201
ERBB2	0.452073184850548	1	0.649271556601623	0.792341914159145	0.655859451729457	0.717086783374782	0.80508023577845	0.809893793630776	0.621916646701034	0.795675749226518	0.756283207067326	0.759639044066141	0.690358449619529	0.57952862204106	0.734789385250181	0.430832310426903	0.779671799229758	0.677691876345604	0.75582667674446	0.456554548924508	0.739685216151523	0.700609269675208	0.737050672929203	0.7949906745452	0.701823904487686	0.823256827219012	0.815408539981044	0.745914634135786	0.616983856912028	0.673697331811423	0.616130611253732	0.592227501956954	0.332384909443362	0.589673608541144	0.741974031712605	0.763084793316045	0.342794587280905	0.733682988743499	0.660214480797858	0.51969409842983	0.744630380267284	0.696111957352837	0.830438151768464	0.790128906854644	0.705722581392891	0.71022598145179	0.488467229893889	0.618583112512805	0.631694423157726	0.707642116950558	0.780731121902398	0.536794418174954	0.556159974304879	0.539824778262545	0.83504675177137	0.592643366933009	0.703345433770983	0.34077407590951	0.562796072963942	0.777642196926562	0.679198028649802	0.680330824557354	0.710458052840207	0.802577097728251	0.691707380854775	0.562629572555902	0.732485370842172	0.273055076564227	0.773660738688529	0.761995059614913	0.632334126944514	0.797956883122109	0.180213981855669	0.687170403131694	0.683989980226842	0.190851063748211	0.259268137613786	0.355345330831793	0.0770505782786478
CHRM3	0.543285990009447	0.649271556601623	1	0.791306898679826	0.735726063779127	0.635759733724352	0.840936492084347	0.848900553265774	0.816433609607004	0.781658320779062	0.814020850341515	0.788460706727213	0.494835884228701	0.703610272593026	0.705198624905144	0.275624807500361	0.695379401892334	0.786599206739706	0.794430276122466	0.760291411185244	0.852940412656324	0.708758552168994	0.714624874021066	0.757161519350263	0.696211558203715	0.642244971647744	0.778053026832526	0.791436009992669	0.637425524472249	0.829162073318841	0.530830960827886	0.609495605539791	0.138979126473067	0.670905257811286	0.650426040472925	0.860639309544432	0.30331878909784	0.883089876275387	0.774391926142958	0.566960117784246	0.806389422812418	0.677753124685782	0.625421948262266	0.742034963315882	0.645469467393808	0.842575608118611	0.671552342740753	0.600694245833902	0.738124858065754	0.730251236823353	0.757270677333601	0.656778327400382	0.701217663817552	0.614189422212732	0.648432017968485	0.560996859751514	0.862722411113176	0.0220866649769317	0.723171689868924	0.79038686498512	0.627332832423315	0.829873799277693	0.75085806036688	0.825424064870786	0.818901959335957	0.591554997076169	0.692509605035112	0.375184119539647	0.791895885045434	0.72817667207759	0.73436078530843	0.64013160316088	0.31712918990619	0.660515418876313	0.770351345706295	0.268208104717285	0.251640176874068	0.443049274511465	0.186386383148565
TNFRSF1A	0.531997979036103	0.792341914159145	0.791306898679826	1	0.895567485386935	0.868650706958055	0.961758018319155	0.83479821814561	0.833954580515262	0.971823813035228	0.918155961990993	0.973672347964306	0.783566591509587	0.817554114724608	0.943749609141613	0.36440681315181	0.782999100367213	0.899535889376478	0.838346095697355	0.769446966733152	0.958079035099549	0.915131685042117	0.831415881571363	0.922409490480308	0.86916797205125	0.881379984468919	0.957449054480439	0.864250233639752	0.667701192779385	0.892754148730436	0.772042155207013	0.792732963265472	0.287234048003298	0.842875384572256	0.830266971984892	0.887123420869444	0.25780430091304	0.884216798519765	0.860781562248628	0.754944552745537	0.905138434602085	0.896904227814146	0.808063505631652	0.839352782330011	0.831545157075943	0.901461074151886	0.677648775526692	0.589094030724467	0.840084677234508	0.902620555247018	0.931743173880404	0.575037363441043	0.774732719134472	0.744166834725084	0.782244530253963	0.550653644702097	0.904546575401311	0.18148655507303	0.687425481261642	0.963226442864882	0.793094089167985	0.926757162476529	0.909763212405742	0.934591749257511	0.906907474523079	0.714514552784357	0.944631647408305	0.43244337516924	0.959674883335666	0.970360218315814	0.828547067582991	0.918118406718528	0.428002951972343	0.881614523176865	0.915101939479324	0.411404330874605	0.468677081386291	0.584464868535935	0.298979313745677
F2R	0.573690948575995	0.655859451729457	0.735726063779127	0.895567485386935	1	0.752887208748112	0.892981138315989	0.720767336325569	0.873223603379995	0.896842118558604	0.874790792753221	0.928891096420901	0.643630035510731	0.933069278733937	0.889651445223103	0.244888987286701	0.608981395601627	0.955912964969783	0.720993605902575	0.873786291610753	0.914713184018681	0.935472235962754	0.759183141387309	0.807712088164887	0.840360001903708	0.768006359779111	0.862288137570498	0.842604592534395	0.640805626787218	0.872462517392482	0.785051099253826	0.874026333661933	0.217131034591714	0.939131315086264	0.776857119919854	0.824824127633737	0.207572014841622	0.898359465246622	0.909973903745281	0.89097030261934	0.816813999638139	0.912693357872053	0.601423800478709	0.750273159138386	0.755519453329975	0.868539183990094	0.846328674111238	0.482260875741668	0.843757412701985	0.90100362051138	0.893000895917397	0.550181338059229	0.87486699819076	0.897869094877322	0.597266410326657	0.498252073951948	0.899929894073421	0.0884665729098369	0.705852255903294	0.877974006969069	0.701928834488389	0.945077775930165	0.902024716871523	0.839034644366995	0.936731920698819	0.87792706155111	0.876962516752574	0.431194213911905	0.896784106052592	0.902962019082548	0.788201235343423	0.796706130727286	0.409276972495372	0.877130067215609	0.92026577123875	0.393653801806592	0.434743123191983	0.560453814246779	0.260662264259106
CD9	0.629711659859261	0.717086783374782	0.635759733724352	0.868650706958055	0.752887208748112	1	0.875633500837653	0.829113699250347	0.768762689810055	0.909220907014915	0.859346182721339	0.885283492532861	0.759862857996918	0.720590722457978	0.921618451775195	0.538168302672523	0.725877041333065	0.717221579602745	0.719730334163699	0.589541720733362	0.831851699720336	0.833360823352329	0.744090957906708	0.836735030436397	0.915226224663665	0.788454824367072	0.869674338491249	0.763701667401085	0.564449609270432	0.689875193356558	0.678352862532433	0.63367671680434	0.481246868052721	0.697887731306911	0.720870727834315	0.735566279155938	0.291227139941468	0.679644488283288	0.76920350306193	0.626518704358607	0.762966332647215	0.739890303891305	0.736749314133668	0.748213548470894	0.657566759022581	0.769870964641524	0.50779761284928	0.542404667687841	0.677668037496408	0.749597560420021	0.799459209781106	0.416242827077041	0.594072640038269	0.587555868076024	0.80092104082847	0.587092910378075	0.729742539478082	0.396809752384939	0.601502373260106	0.839268581246573	0.889895865128459	0.791574629902439	0.720647765745189	0.78938646362001	0.750784152772783	0.577232259645949	0.923163843404843	0.189052526236553	0.831309706599779	0.899975728009827	0.64177348063093	0.754806385050602	0.234152858595363	0.751706768343139	0.775357477454764	0.236479471893451	0.348781564465448	0.364043566517514	0.149478206263282
PTPRA	0.659155341228986	0.80508023577845	0.840936492084347	0.961758018319155	0.892981138315989	0.875633500837653	1	0.914327787473885	0.897992736224517	0.965644305716253	0.956987301449105	0.956158385517504	0.706003234213775	0.833166359965704	0.938876450575058	0.476182368514789	0.838582537630096	0.896797294035287	0.833181716059758	0.771809146468156	0.967251028889353	0.875580699613034	0.88685933474932	0.911916816241289	0.886810262342829	0.805798115140484	0.967381205511727	0.918932790021733	0.747431476954092	0.891693232761103	0.68420230846004	0.744844954321724	0.4308252712225	0.800078463396049	0.849187352464354	0.939074093620684	0.410265956208963	0.889136117765287	0.874148681797666	0.716013270882615	0.886649465881684	0.884564738611817	0.80531818882081	0.869464212285122	0.850607332135659	0.899190703278198	0.694339013950571	0.686263321526006	0.887296529910808	0.855334949542077	0.877475836593929	0.670456401499655	0.771063100441656	0.73957632179225	0.804229959691864	0.674932313210795	0.932793925708263	0.23724081390492	0.773028544094642	0.947917841142134	0.817947077029937	0.907870030827122	0.890656897969981	0.948669380701083	0.910900317769441	0.721244482442357	0.92201705616357	0.39135806795171	0.954014140088766	0.923061061174024	0.772815147779562	0.838187124435862	0.348711291733142	0.799766673057649	0.889591682176855	0.33021803659702	0.389290038054631	0.512809679285247	0.220797135007062
ITGB8	0.745461827556136	0.809893793630776	0.848900553265774	0.83479821814561	0.720767336325569	0.829113699250347	0.914327787473885	1	0.818659241178011	0.860018939732073	0.900036489764777	0.840275925732607	0.580274655535335	0.698985730473388	0.828680149812265	0.628818875276384	0.853240025899716	0.72359938055212	0.774426365027018	0.618127253845992	0.854162597198969	0.741366381255796	0.863911533533664	0.807026289734259	0.821137133285611	0.703587003199347	0.891438032565241	0.845274513953145	0.777022773955744	0.774574612749585	0.494365704361573	0.602896638727283	0.467687619651812	0.608136049643353	0.805966421123047	0.901069837763191	0.548340735769622	0.792646113657861	0.794402933082548	0.547796043137129	0.787061734346882	0.699895214692362	0.814760935901467	0.852269775715678	0.729557489423661	0.776838170518899	0.549630984624951	0.781854449234076	0.745310856700377	0.693392806133481	0.762831945368475	0.671108928488407	0.639861106411812	0.565298881939455	0.830101002102818	0.815885128160562	0.818792021637136	0.383203733436081	0.728024435688236	0.839269427196201	0.75372412590722	0.77953076459489	0.752970024925811	0.862267512414523	0.796683379720076	0.580346212628405	0.781995253312488	0.268031826281527	0.843112845792191	0.788965706612146	0.649125320367519	0.675964154573133	0.194329267620878	0.626626955140178	0.721566567594264	0.165898964903516	0.207520933735839	0.354262590360201	0.0853275538021996
LRP6	0.719558584957204	0.621916646701034	0.816433609607004	0.833954580515262	0.873223603379995	0.768762689810055	0.897992736224517	0.818659241178011	1	0.870923594028703	0.905625262583683	0.888687794399377	0.583392731050875	0.864144186276674	0.850024317500826	0.338812537914326	0.634010991935568	0.878163032239912	0.725814711603839	0.843916452862601	0.895950409501322	0.826343035956087	0.757581043101646	0.804070105103493	0.859476422853689	0.673268143546817	0.841647250719364	0.854715063097406	0.645566902553354	0.856468541575475	0.625489958277069	0.732485612776992	0.309017047590256	0.806499460676857	0.75211664436587	0.845826042043449	0.329702196564766	0.847574821843933	0.863250582294491	0.739258634988802	0.82398973040205	0.812519039111026	0.577539207378191	0.766209742110743	0.73325689889292	0.876608055903617	0.748439078934148	0.623183702892736	0.823496649982336	0.7925214191111	0.805909485917643	0.588816922222401	0.817769008421347	0.765924025333029	0.671332061290942	0.646566669874357	0.896806426437982	0.159464441710101	0.751529092645227	0.833584815791886	0.731880758549803	0.884578834738217	0.824812565394629	0.827679610850705	0.919502951839122	0.744103336434161	0.816042854752805	0.370258656478388	0.868294674084446	0.824636712083605	0.749320327479403	0.684957075556674	0.329224474631585	0.748288408397337	0.84405933600665	0.298466145413093	0.322859531573358	0.480299813265898	0.200234439048548
CANX	0.613900900697159	0.795675749226518	0.781658320779062	0.971823813035228	0.896842118558604	0.909220907014915	0.965644305716253	0.860018939732073	0.870923594028703	1	0.942670075337837	0.977250447894261	0.801323267214433	0.843308194041351	0.964663854075605	0.405108653434883	0.784910182607964	0.89449406165796	0.828406831225768	0.766115732799668	0.947855064984979	0.924486893559956	0.828873259577781	0.920704768593498	0.915979977169761	0.865074684009078	0.956816346945354	0.888952137771468	0.667025911520336	0.862496744657372	0.786948692411664	0.792633503754291	0.370482315830931	0.842244766499771	0.854090769052283	0.87487908532249	0.295013920750831	0.865110086323487	0.88967619478513	0.76293612153225	0.890577021763117	0.887402822816839	0.776937982916149	0.833586753259452	0.824553241988696	0.907262345624524	0.685008637928989	0.595422801269217	0.850491617506541	0.889375921979311	0.924860719493849	0.57346079507075	0.768533597373731	0.751608392529788	0.792103534586361	0.592969370042243	0.890944636052493	0.225902266557165	0.70468295863799	0.946465518662377	0.872710622647057	0.929741127375856	0.882431108727136	0.918252521642859	0.906955471076621	0.728119308287952	0.94502361275683	0.385002922973714	0.95105960688209	0.961413788827806	0.813081807460418	0.882939475913062	0.371667018473584	0.875325058096199	0.918986653292546	0.363817065267192	0.456784717787834	0.53083802319384	0.239953659209201
CADM1	0.732505507167739	0.756283207067326	0.814020850341515	0.918155961990993	0.874790792753221	0.859346182721339	0.956987301449105	0.900036489764777	0.905625262583683	0.942670075337837	1	0.949688394233796	0.641142566489589	0.841679864684046	0.918578196965198	0.451734924594501	0.790661436814521	0.864265056565088	0.726505204467016	0.779216401132287	0.948623925974636	0.875029493330638	0.88740724929617	0.883050497224163	0.902686332613986	0.742028903594083	0.93615464539707	0.918627352804294	0.714745176976961	0.870307886056725	0.618866481616948	0.738981772396245	0.438975483290921	0.787099697997256	0.84897011518515	0.902155933100464	0.379351644661617	0.854541644209607	0.89523858030324	0.72897520440897	0.892945656519921	0.874784630195389	0.765323821188418	0.84479192222609	0.858404652566254	0.874653791387721	0.676521166726701	0.706585926738946	0.84821317028162	0.825745006676088	0.857466888443941	0.672015437192559	0.800012947303286	0.720498076815379	0.780274799610678	0.735408873377443	0.914816437051868	0.351246870349275	0.708367343284834	0.913592418309858	0.790865865548792	0.907559794241016	0.855447946248597	0.923590530049512	0.907664589541592	0.72172182158837	0.915436081346741	0.338427254685173	0.911904937612847	0.907254712258634	0.701853474288844	0.777905658418489	0.336487399850101	0.755034154142349	0.872907927715462	0.309306978013513	0.344659804984233	0.501084383224972	0.204315291557816
APLP2	0.596843994801192	0.759639044066141	0.788460706727213	0.973672347964306	0.928891096420901	0.885283492532861	0.956158385517504	0.840275925732607	0.888687794399377	0.977250447894261	0.949688394233796	1	0.762559138556648	0.865953586806091	0.956590334722057	0.349568711286337	0.729135637252556	0.912480100848833	0.789777783893637	0.82175234710063	0.964452903171237	0.952389705476514	0.819149161047785	0.913032404913475	0.915152012276826	0.852805704364265	0.946264478713647	0.882074941921989	0.659763199895505	0.902806087174587	0.770421744895208	0.820643535192862	0.288905190646604	0.88257731141643	0.838792084273537	0.876342740838002	0.229402680017229	0.888529823130339	0.910199729295256	0.801443566342993	0.90439832540574	0.896590702661782	0.739329602813363	0.833809637689978	0.805962229532238	0.912290752885678	0.720015770622062	0.561916363414587	0.841802499703631	0.912059545052902	0.93435213101948	0.541551322203126	0.818272582750919	0.780361557316653	0.770266170198967	0.588453170784389	0.912826880862743	0.20626600539522	0.694018006706259	0.947994619039611	0.811206611529066	0.954973687729409	0.916127315801546	0.903451256286367	0.946413762522209	0.763074529030634	0.952630135845965	0.413800099920553	0.957918959027215	0.976694369465216	0.818729998546667	0.874462924280396	0.433122493733992	0.886112801429578	0.933252778378884	0.408527090559224	0.453412984679381	0.586414316224907	0.304651615724645
SDC4	0.254768981493782	0.690358449619529	0.494835884228701	0.783566591509587	0.643630035510731	0.759862857996918	0.706003234213775	0.580274655535335	0.583392731050875	0.801323267214433	0.641142566489589	0.762559138556648	1	0.57146880226287	0.741670458307492	0.266392497808673	0.587923996529937	0.652039586884849	0.786942694833615	0.482959993061665	0.658735220278952	0.737464891194736	0.510548656030254	0.803915141347118	0.693687850714084	0.859563647432906	0.722116682091425	0.60297713297341	0.435861775816809	0.573517090538867	0.814047967337501	0.617024677502047	0.19244688419074	0.655793645343175	0.654333816233459	0.558687184429277	0.0419466265907586	0.594073474282138	0.612386468430003	0.557221791297936	0.708884603802452	0.680701349709595	0.644406984148618	0.617530262915796	0.58533861843862	0.698209178660398	0.440072592892009	0.316402837930271	0.577009221763965	0.737003875594302	0.791487491653308	0.259229069320668	0.467804033809809	0.521577860793413	0.724331021282656	0.252626432146341	0.583020484036773	0.177456538093204	0.501745270156359	0.723617201393533	0.798461537136455	0.670682187989125	0.660756239246601	0.654862616812736	0.644519716311402	0.458137304031845	0.747333705928981	0.286219228759404	0.734773074182717	0.785941375106757	0.747634053291619	0.843726228530873	0.28260233128921	0.80984085867013	0.718706403751445	0.301822864233675	0.436264230600359	0.397195853973773	0.18494962662253
INSR	0.614458906274706	0.57952862204106	0.703610272593026	0.817554114724608	0.933069278733937	0.720590722457978	0.833166359965704	0.698985730473388	0.864144186276674	0.843308194041351	0.841679864684046	0.865953586806091	0.57146880226287	1	0.85610163241125	0.248603787963441	0.57127981901322	0.912500445964771	0.658786782577293	0.852431113986128	0.852687044265822	0.883400647688619	0.73523777125019	0.745795781547197	0.828994999670943	0.672345318840385	0.804453026764399	0.789736512367582	0.595671286435861	0.827235597901878	0.734682639498855	0.866621785088998	0.218563530168958	0.899878741868582	0.724114681587337	0.772612007866857	0.237028087652519	0.849786634592408	0.883976962968493	0.878101240942066	0.748691405542133	0.869737431123101	0.52831790604214	0.706092573319256	0.67125158538886	0.840553255334235	0.836581352286222	0.498612203560121	0.790402098386153	0.807153155705414	0.839178536318644	0.562213905314028	0.899721651647943	0.883767667459025	0.54438963025018	0.520405054107146	0.858289772827526	0.0766259542864154	0.645376725506117	0.835124099707239	0.691109389405029	0.916340488684735	0.8369349257753	0.78559500837666	0.895003525579087	0.899328859744387	0.817851399276082	0.406826541394967	0.83676807289027	0.839886460922605	0.730545480582263	0.672500729791725	0.368954554118042	0.827730470347841	0.872653923173231	0.367016835980173	0.420076329035379	0.502756637684356	0.21540708501326
SMAP1	0.660058765117006	0.734789385250181	0.705198624905144	0.943749609141613	0.889651445223103	0.921618451775195	0.938876450575058	0.828680149812265	0.850024317500826	0.964663854075605	0.918578196965198	0.956590334722057	0.741670458307492	0.85610163241125	1	0.443872794625914	0.765882397449123	0.869087956228746	0.751195741093742	0.726086366474148	0.926116161722894	0.907669764660495	0.84133827378366	0.854139552123468	0.935448332616891	0.80175875879571	0.9477063474599	0.841321599643096	0.637264931690338	0.824839825406808	0.757295920931966	0.78995703789694	0.411113215233423	0.840092793871453	0.841008310860241	0.834488727217314	0.309845139804824	0.813342482734547	0.881178464654543	0.78684273969312	0.79860807189601	0.880806490850282	0.7617814787744	0.803951563770839	0.77497079451998	0.85326256352515	0.66405658045015	0.615979574827713	0.8111386185438	0.844619895154053	0.879764594845468	0.515609369383261	0.758661155777169	0.763814343212219	0.732495535777332	0.613272426435148	0.841076811770622	0.264453999592076	0.631503656690518	0.93776862335111	0.840853503980018	0.906616053960877	0.860456852916159	0.892083111401639	0.875243998323693	0.743721888049609	0.950000821693968	0.382530876761872	0.924356401036175	0.951831705622721	0.736288996675118	0.826338785140106	0.378017965735964	0.845271577639846	0.873186303082232	0.388924985416908	0.471436471897911	0.518863611117593	0.259908553420455
EDNRB	0.611612969558343	0.430832310426903	0.275624807500361	0.36440681315181	0.244888987286701	0.538168302672523	0.476182368514789	0.628818875276384	0.338812537914326	0.405108653434883	0.451734924594501	0.349568711286337	0.266392497808673	0.248603787963441	0.443872794625914	1	0.544137972697455	0.207335881028939	0.354598097896754	0.116596980424833	0.33287498749509	0.256509058055212	0.523849257883606	0.373334262126438	0.449331151088978	0.27390030789871	0.500995227688939	0.404589604063368	0.690124525533035	0.2038657421849	0.0682218106233625	0.175691442931338	0.655480744544592	0.110042732912013	0.473207406405579	0.496720410525968	0.754376922508571	0.193793949539542	0.393698300637328	0.145699436413975	0.281148849336616	0.274493299599167	0.588072459672841	0.482251223465926	0.429920238605605	0.212002645363641	0.088100440172936	0.634636033889943	0.383428803541669	0.173951703559651	0.239210067903619	0.422166015284905	0.164867411765457	0.137196996055984	0.516571604456956	0.714405216192031	0.312136179390229	0.627827148573151	0.523122103627863	0.39274526746362	0.472366741300495	0.219745981228598	0.298560444130836	0.376399899914396	0.257593349671383	0.135124674056975	0.370544442255052	-0.0136938472007484	0.381236533222321	0.319843415902437	0.13928238228542	0.225910901137016	-0.137597338876473	0.10878134752909	0.212253587553755	-0.136807802606364	-0.106440208535076	-0.0361066318746064	-0.140006610202376
ACKR3	0.546676422714176	0.779671799229758	0.695379401892334	0.782999100367213	0.608981395601627	0.725877041333065	0.838582537630096	0.853240025899716	0.634010991935568	0.784910182607964	0.790661436814521	0.729135637252556	0.587923996529937	0.57127981901322	0.765882397449123	0.544137972697455	1	0.638391603249137	0.727317639737411	0.421184837164457	0.758763325955723	0.621370941260582	0.837482655319698	0.775793974159798	0.699647988368979	0.6506164595512	0.853295200639652	0.787138334148215	0.682869097650394	0.652066568845698	0.454524750308383	0.482036194247387	0.535214402837075	0.498665246905966	0.783048203528752	0.80824558040478	0.52033046048054	0.676296103835299	0.644998813864278	0.431355105134175	0.695828463745178	0.716239967095264	0.863420860597582	0.776772260851809	0.773956806954016	0.672877753634312	0.431501545611955	0.768399028881459	0.712012175494977	0.619939966885735	0.671132255391535	0.688750546361477	0.512820636907518	0.472808641330446	0.788469228893754	0.68618437628151	0.692062113873894	0.324949928182385	0.558442530758824	0.810231176426954	0.721549864092498	0.650545362604995	0.659481983214247	0.842360763756208	0.639366853052395	0.472714068914209	0.732025398723845	0.292011023254413	0.767981903178478	0.715060808852235	0.539917755480103	0.680914299017333	0.182851730029094	0.561993241406724	0.640554591600418	0.210127510087134	0.277738700864171	0.329239698477488	0.0847589247658589
LPP	0.514849379587476	0.677691876345604	0.786599206739706	0.899535889376478	0.955912964969783	0.717221579602745	0.896797294035287	0.72359938055212	0.878163032239912	0.89449406165796	0.864265056565088	0.912480100848833	0.652039586884849	0.912500445964771	0.869087956228746	0.207335881028939	0.638391603249137	1	0.765923765118933	0.888596101721601	0.910868749842621	0.91556758759584	0.747658781078779	0.849677891757502	0.807256676212279	0.771599371886004	0.87067198543956	0.852009371192521	0.648543533547425	0.888590027255982	0.81683734820639	0.880889129900793	0.203339672681422	0.953427869827512	0.78496917264533	0.847617284061885	0.226677408978171	0.93052961972678	0.901232469610473	0.888088069845582	0.842703584155428	0.938321359000019	0.610683547091695	0.759700440675418	0.780507710935232	0.913922387171964	0.891168430986091	0.480461242862911	0.87363186803478	0.903790629780151	0.898444251720161	0.589000751990158	0.883445621913963	0.930038250920519	0.600823370165346	0.469498057011736	0.916545698693933	0.00616600193192526	0.724911942787794	0.903109260584612	0.686752935168773	0.953036725895847	0.926566594924432	0.861355219792575	0.948138690710464	0.882997126286714	0.849205408714851	0.504768440921818	0.908491298849215	0.88222361165561	0.829590955425401	0.813735774089289	0.462739712315953	0.889906808738475	0.950352857302713	0.462510856519006	0.474815279931089	0.608885842489422	0.319164029061089
MET	0.345946997245281	0.75582667674446	0.794430276122466	0.838346095697355	0.720993605902575	0.719730334163699	0.833181716059758	0.774426365027018	0.725814711603839	0.828406831225768	0.726505204467016	0.789777783893637	0.786942694833615	0.658786782577293	0.751195741093742	0.354598097896754	0.727317639737411	0.765923765118933	1	0.597430787624382	0.796325909460255	0.714270271635622	0.677319681704724	0.825055937669909	0.684476381527744	0.807707973720301	0.812377947760569	0.727902057101442	0.633066194890377	0.72691885099621	0.718978076037477	0.630356305598492	0.205038074890758	0.673626720364404	0.691017661089328	0.757038340471334	0.315025021445064	0.805200923407869	0.699790436638621	0.575562982789886	0.738326434405375	0.717500460130784	0.708489757290258	0.669891643483641	0.666562122766901	0.77098126434913	0.580345921478182	0.514975540551197	0.73975796760971	0.78150359618545	0.828662525722961	0.538449272058174	0.560182547472932	0.598270377903164	0.688329877898657	0.401481941371824	0.749076165185552	0.0568022723947502	0.644301707152212	0.818823374212271	0.753551099396799	0.767749226876582	0.733156481507579	0.800287961440084	0.752862183142432	0.562210651860938	0.735563926938372	0.381068034041485	0.801606545355342	0.786563904894793	0.815322617717638	0.786845211194765	0.254267538492997	0.765807621034189	0.760321631600432	0.259491901534872	0.357537383295278	0.402431706783434	0.133554994654555
IGF2R	0.471838337730557	0.456554548924508	0.760291411185244	0.769446966733152	0.873786291610753	0.589541720733362	0.771809146468156	0.618127253845992	0.843916452862601	0.766115732799668	0.779216401132287	0.82175234710063	0.482959993061665	0.852431113986128	0.726086366474148	0.116596980424833	0.421184837164457	0.888596101721601	0.597430787624382	1	0.815697751574099	0.836187821956266	0.586699164649537	0.728561151359851	0.705036339999497	0.601832456030013	0.697948797939812	0.743247111536038	0.579755633858905	0.877240458920019	0.653178735412754	0.761743285068757	0.0259949817822895	0.87737431966576	0.630606323029753	0.791282690190496	0.103677136194364	0.862413649030457	0.855093285436613	0.800832563492467	0.793970854269465	0.773751904317986	0.391429259030396	0.649006154409002	0.638448684939826	0.839580246796615	0.859841950732026	0.348220642818578	0.784560491410673	0.807725787714222	0.775995854977702	0.530487601889835	0.866422298412173	0.826744989305588	0.466421838909739	0.395808933176036	0.856402780667518	-0.0936458642367188	0.724951901361675	0.771333996455379	0.550850340617578	0.878155088248524	0.866076013246989	0.690413685651675	0.914948517564228	0.782997137623213	0.71648798236394	0.527190429733478	0.82318639244615	0.755874302192126	0.800775675999441	0.65397218202197	0.564722852483716	0.774087567372133	0.858149809120335	0.490127384896347	0.440117868941341	0.660439525818658	0.427869841388457
CXADR	0.615986285953156	0.739685216151523	0.852940412656324	0.958079035099549	0.914713184018681	0.831851699720336	0.967251028889353	0.854162597198969	0.895950409501322	0.947855064984979	0.948623925974636	0.964452903171237	0.658735220278952	0.852687044265822	0.926116161722894	0.33287498749509	0.758763325955723	0.910868749842621	0.796325909460255	0.815697751574099	1	0.882504510859953	0.861942486801091	0.882068541999719	0.875833089051801	0.76475937622989	0.939522934689597	0.894085473335357	0.664589536032161	0.924268499973375	0.675752477640153	0.766040905216507	0.332155052459837	0.831761458538024	0.797148105118168	0.897475935106086	0.280410347001651	0.908332586274703	0.886686214960573	0.747570686630859	0.884982152167093	0.889075208028694	0.748841882746799	0.819734762098246	0.826438993184683	0.912804392029475	0.709933968207434	0.613684647713575	0.879240499291615	0.876997041035661	0.888654463732417	0.615796495729922	0.803095462245598	0.752997861961748	0.713650152288065	0.601113913806384	0.949104998429962	0.167938589401544	0.709600386077704	0.939594924911438	0.75824639641787	0.940210919575865	0.883767608636736	0.946199551041303	0.927884506554491	0.732958701766971	0.930808848605646	0.410945161552053	0.936139643847056	0.937536828869065	0.771298384123318	0.820923471407058	0.414164154609148	0.808816845482331	0.915255203251232	0.386256371962289	0.427520439051499	0.566336019305179	0.272485416122526
NECTIN2	0.518562582308161	0.700609269675208	0.708758552168994	0.915131685042117	0.935472235962754	0.833360823352329	0.875580699613034	0.741366381255796	0.826343035956087	0.924486893559956	0.875029493330638	0.952389705476514	0.737464891194736	0.883400647688619	0.907669764660495	0.256509058055212	0.621370941260582	0.91556758759584	0.714270271635622	0.836187821956266	0.882504510859953	1	0.704639100208109	0.86734715790958	0.866806382126343	0.859239987871801	0.870995223439401	0.824186946421868	0.589221321504536	0.83305487614961	0.850973697596395	0.893228618089427	0.185526611779374	0.942464519650971	0.79872355567464	0.794956955753001	0.125969304560411	0.858623733462606	0.902568733619935	0.885313318229044	0.855530417214014	0.886386853057416	0.622299128000662	0.766073675623497	0.72222179839969	0.879979706544256	0.804101696140364	0.418852997600877	0.76530816964585	0.908494924313101	0.934834956719033	0.475635143917935	0.83779951684456	0.857571030003785	0.6966460638309	0.482699193748867	0.846650646219256	0.131637092037169	0.658310593433312	0.888437639488831	0.761935770687588	0.949733333830108	0.892698700857681	0.809635836145047	0.917287271084483	0.837770698097665	0.903316697583508	0.38154443514715	0.902746595997873	0.944764046107859	0.814499884541665	0.841679989895279	0.409545751725716	0.926933118117625	0.934840131932851	0.400068445760606	0.440492759060124	0.552142395874148	0.279889643822108
AR	0.698996668825559	0.737050672929203	0.714624874021066	0.831415881571363	0.759183141387309	0.744090957906708	0.88685933474932	0.863911533533664	0.757581043101646	0.828873259577781	0.88740724929617	0.819149161047785	0.510548656030254	0.73523777125019	0.84133827378366	0.523849257883606	0.837482655319698	0.747658781078779	0.677319681704724	0.586699164649537	0.861942486801091	0.704639100208109	1	0.741858908669598	0.770378734078392	0.622352188828786	0.895544746579352	0.838526690149899	0.749500666964044	0.769998596696148	0.46102952629631	0.637251975756739	0.525507970018241	0.625710698356408	0.818832013559266	0.854520608917388	0.540671005292784	0.773000522973488	0.769367155339022	0.599195816369835	0.700362051301874	0.765599028899496	0.800621415168456	0.780126586352042	0.797751213746429	0.716699283700059	0.530424214482143	0.762398742264968	0.788172718179637	0.67668687289311	0.732548521683539	0.687528366880736	0.665635809985463	0.609097469368892	0.673362037033774	0.751833516392447	0.822635196632074	0.364344012541774	0.590968700085164	0.836797814457044	0.651014751093188	0.765916514583566	0.756535828459727	0.896167761874915	0.784669814436085	0.652546550670777	0.793145781761845	0.340852836115766	0.814422185683286	0.776118753100213	0.565869265151603	0.664553194446674	0.257172380918277	0.593995057977984	0.72320953976699	0.245914486060215	0.283660934182304	0.41181341170933	0.142661133891325
CD99L2	0.456063694145154	0.7949906745452	0.757161519350263	0.922409490480308	0.807712088164887	0.836735030436397	0.911916816241289	0.807026289734259	0.804070105103493	0.920704768593498	0.883050497224163	0.913032404913475	0.803915141347118	0.745795781547197	0.854139552123468	0.373334262126438	0.775793974159798	0.849677891757502	0.825055937669909	0.728561151359851	0.882068541999719	0.86734715790958	0.741858908669598	1	0.825832710991314	0.841634760786029	0.89780820124322	0.84691490107727	0.642983710948093	0.814600214214125	0.737727552374697	0.711915957911707	0.312930571617091	0.791550488115894	0.794071255161197	0.840087655414963	0.264215718544788	0.816981314167733	0.822548513026707	0.683232298390582	0.915407957440838	0.868204037489145	0.77046850316402	0.834702086257808	0.815173271932399	0.894669384572157	0.672886174914493	0.531787893925054	0.812330031232154	0.866977056432299	0.891654191520876	0.566422692046445	0.725991388183478	0.69594574821666	0.84148081920689	0.526211740746026	0.849355563949278	0.204949990740078	0.714071934960205	0.911239440804476	0.808402403862878	0.856639496360014	0.853615025661586	0.864213029125398	0.8541400098979	0.64611641726353	0.89990055106083	0.359362948548426	0.902499049754323	0.909659342702182	0.792610842558704	0.871352386260263	0.361850344179036	0.829794863794903	0.896433575642674	0.360957413905712	0.416422293308658	0.52413942585135	0.248608123644853
ADGRE5	0.697819972879996	0.701823904487686	0.696211558203715	0.86916797205125	0.840360001903708	0.915226224663665	0.886810262342829	0.821137133285611	0.859476422853689	0.915979977169761	0.902686332613986	0.915152012276826	0.693687850714084	0.828994999670943	0.935448332616891	0.449331151088978	0.699647988368979	0.807256676212279	0.684476381527744	0.705036339999497	0.875833089051801	0.866806382126343	0.770378734078392	0.825832710991314	1	0.759600427037786	0.88458289376663	0.826588020590264	0.595253238187552	0.765120516222352	0.690586569466891	0.70948216689389	0.387097167055281	0.8010014532682	0.756002758131919	0.796876275589516	0.276114884666989	0.777329499388778	0.867444031559962	0.736191817505157	0.798302058279244	0.812022667850717	0.701141902281085	0.768905213029846	0.693603385507394	0.836119564197846	0.654599726831674	0.609151006515727	0.760873512900564	0.823603831359698	0.816251603202438	0.49702289828533	0.760692929799079	0.714923696650289	0.75638444318105	0.634169964039533	0.808007716045132	0.323698766448907	0.609210366385104	0.879924649150709	0.832853830414976	0.870088925482711	0.803180393080575	0.823522878225655	0.845891368821377	0.70953016602725	0.918805125907536	0.317436457818979	0.873498173990133	0.908446812582573	0.681384508566656	0.75108818677526	0.354447245040169	0.804876459916706	0.845041803422963	0.355389100179061	0.454641197944941	0.484159645898	0.234415464003951
ITGA3	0.332935111239488	0.823256827219012	0.642244971647744	0.881379984468919	0.768006359779111	0.788454824367072	0.805798115140484	0.703587003199347	0.673268143546817	0.865074684009078	0.742028903594083	0.852805704364265	0.859563647432906	0.672345318840385	0.80175875879571	0.27390030789871	0.6506164595512	0.771599371886004	0.807707973720301	0.601832456030013	0.76475937622989	0.859239987871801	0.622352188828786	0.841634760786029	0.759600427037786	1	0.825803067917879	0.708487576400794	0.540266679664648	0.703629028638786	0.866215475713627	0.748528811401139	0.103649538023266	0.768726452448578	0.723858671596896	0.72376987083128	0.0919509576632129	0.763641530840667	0.725117645774818	0.679956185275712	0.820739536487188	0.751955289430591	0.704903816915997	0.749026713248294	0.671693692783992	0.794358218732238	0.586525494140243	0.418118309558806	0.621930420987596	0.841088129888216	0.893621247429046	0.395375252215827	0.638571391031072	0.653666436287406	0.817283154870325	0.370567569527474	0.731254284169378	0.166200285153758	0.574478618493802	0.81453683206791	0.766928668805589	0.799705650756701	0.786574719311636	0.767793444009285	0.766276844189445	0.642026607992454	0.813760309393539	0.31391663895588	0.834477526328336	0.877112519864991	0.809420794152467	0.919607860818759	0.275096870978707	0.898465241259846	0.808935935174504	0.274324017757802	0.367939078104771	0.435556336338645	0.171685377711517
TNFRSF21	0.623397653946337	0.815408539981044	0.778053026832526	0.957449054480439	0.862288137570498	0.869674338491249	0.967381205511727	0.891438032565241	0.841647250719364	0.956816346945354	0.93615464539707	0.946264478713647	0.722116682091425	0.804453026764399	0.9477063474599	0.500995227688939	0.853295200639652	0.87067198543956	0.812377947760569	0.697948797939812	0.939522934689597	0.870995223439401	0.895544746579352	0.89780820124322	0.88458289376663	0.825803067917879	1	0.886508533005437	0.749603989575998	0.83575078378349	0.697073134675472	0.770102175329423	0.427020118797836	0.790963555860106	0.892136769375435	0.901365270998468	0.423167259575823	0.849650919783278	0.863176362664147	0.742525397822057	0.849203825436524	0.890506101739774	0.852654562628111	0.855781042319745	0.861516252252472	0.858634650189477	0.651585091660652	0.703085342615049	0.852678530429061	0.829905224867718	0.875536948560897	0.628403403799835	0.735213485500025	0.740263808811952	0.799501985968047	0.676385752664676	0.885989121266993	0.275510867617943	0.690608217642244	0.948409643727628	0.798244011433755	0.88311424957643	0.871861354731305	0.949045715264171	0.880831269589859	0.725112386552719	0.920689088136645	0.377329925990445	0.929883647919089	0.927099759899232	0.744345606973333	0.854082116504551	0.312907956923837	0.79874127595255	0.862527014514573	0.320704086778807	0.384921084831776	0.487275421861287	0.194956224627213
PILRB	0.651930300997793	0.745914634135786	0.791436009992669	0.864250233639752	0.842604592534395	0.763701667401085	0.918932790021733	0.845274513953145	0.854715063097406	0.888952137771468	0.918627352804294	0.882074941921989	0.60297713297341	0.789736512367582	0.841321599643096	0.404589604063368	0.787138334148215	0.852009371192521	0.727902057101442	0.743247111536038	0.894085473335357	0.824186946421868	0.838526690149899	0.84691490107727	0.826588020590264	0.708487576400794	0.886508533005437	1	0.717600059216208	0.841300474960656	0.589395805389806	0.692165210207676	0.447522358083326	0.750160992718809	0.848793777999184	0.893703445089803	0.419196134635452	0.864472504036096	0.825429641342224	0.660819201428821	0.846760442618875	0.843280170606345	0.684830503524643	0.804586945730778	0.833112494382951	0.830446391207141	0.694018069508187	0.652448979830287	0.882424445275304	0.811639341130121	0.784229906339266	0.709324685772402	0.776989725330357	0.713708585361673	0.714131312855984	0.69079022620706	0.890056536768059	0.204434428498148	0.731056544083094	0.873615255557551	0.755274073897437	0.867903208965004	0.837160072527082	0.900673770883864	0.873388618219279	0.720375549695603	0.819842406920996	0.412859310518602	0.88648988226767	0.817087222862704	0.724199977602308	0.737980433172244	0.349226079476302	0.702533482854358	0.863895916647461	0.33846582875195	0.378305300383444	0.52170240145517	0.231289696883477
