""	CD3D	CD8A	CD3G	CD8B	CD2	CD247	KLRD1	KLRB1	F2R	CXCR3	CCR4	ITGAL	CCR5	ICOS	FAS	PILRB	TRADD	SIRPG	CD47	CXCR4	CCR6	TNFRSF25	SELL	TNFRSF14	IGF2R	TFRC	CD81	CD4	TNFRSF1B	ITGA4	LDLR	SMAP1	ITGB1	PTPRA	TNFRSF9	NOTCH1	CD44	SLC16A7	CLEC2D	TNFRSF1A	TRAF3	CD53	RIPK1	CD226	ITGB2	VSIR	LAG3	SMAD3	HLA.DPA1	TSPAN5	S1PR4	NOTCH2	ADGRE5	PDCD1	CANX	PTGER4	SORL1	CD69	RACK1	JMJD6	TSPAN14	LPP	SLC16A1	ADCY7	CD74	PTPRC	IL6R	STX4	HAVCR2	APLP2	LAMP1	SIGIRR	CD63
CD3D	1	0.0804891386128045	0.963716802254104	0.0820964402231738	0.947135607765857	0.9379652561223	-0.0420420188381734	0.768633124333277	0.202965555561932	0.683926850124433	0.749765394548037	0.6213468979707	0.490633924107822	0.896749197153748	0.880218940773667	0.37372646618867	0.86218915557602	0.77915155999429	0.875993172857343	0.845982808220402	0.841274500236999	0.856166660347638	0.694681895259848	0.924755932785168	0.67629334681935	0.756188383183563	0.560880624513654	0.835143379442735	0.810796880629364	0.765657250095288	0.77708147733401	0.878769648478315	0.696044270134184	0.813886059384479	0.548121163053117	0.634683393541921	0.802100801818259	0.727545664287347	0.841407243144593	0.458608647510693	0.861700612488835	0.925533638587292	0.761435343295487	0.806211234243222	0.808752852196903	0.862443162850235	0.582368388239798	0.711051231639245	0.398055166242462	0.853110110616454	0.917477251158776	0.779613675127944	0.818909533673546	0.729325510977782	0.611410086550728	0.719231439359883	0.727755828855208	0.822860232893138	0.827454348207461	0.57852567826298	0.80670632213529	0.597997094956008	0.665570372500506	0.615966918616025	0.507063211713229	0.846213273275771	0.756438725274292	0.697354712287574	0.467033431981421	0.384287460934985	0.711841721370978	0.915039390692543	0.452175693254996
CD8A	0.0804891386128045	1	0.109517218296684	0.963388251049627	0.148431611067653	0.130984193185114	0.734821461258883	-0.327256136076846	0.779428414973039	0.463585902748272	-0.370341897160988	0.608654437696735	0.64685060273756	-0.166244883481302	-0.120289994201349	0.627339384235452	-0.275684417167795	0.121250665720765	0.1048664556571	0.284653294245014	-0.312367429120975	-0.288973611770919	-0.173670444712092	0.0652994832883591	0.247621448278602	0.0245712898150563	0.451553363792039	-0.142838477463554	0.0102116743959029	0.291785917476985	0.0308378685053144	-0.0100731509419372	-0.0235608095184637	0.13722465046175	0.0911276786055569	0.256921809466315	0.179256693675802	0.251460195939308	0.162847088197426	0.176748383961574	0.0379513581375556	0.0910211456069327	0.139568444382679	-0.252838064298567	0.298723091571463	-0.132786408160141	0.342787117572274	0.0381968623970798	0.212928682791925	0.265109039220865	0.0118451954520349	-0.0292401482869586	0.322125557414752	0.235532814010757	0.0910528991025594	-0.0804394192255745	0.000848098233304556	-0.0370078160630868	-0.127328556703709	0.689159725552178	0.0561344785220032	0.112283347263953	0.0685502586816629	0.405376189462319	0.204196597628923	0.334647978217856	-0.144007102351329	0.219443856891213	0.17004029654662	0.0963018225700127	0.149987012107921	0.168111136708528	0.097273289180604
CD3G	0.963716802254104	0.109517218296684	1	0.109127099028335	0.912940960420817	0.8984747368304	-0.0364900562048421	0.739590946308355	0.2317897297979	0.638234345265274	0.768847545613302	0.617695421752116	0.459180583741756	0.873217820522233	0.851433997705595	0.41100125345901	0.834321479040905	0.713673745302347	0.897255892538693	0.881582972182614	0.803359478409533	0.837332833967469	0.748848404105303	0.927088743191127	0.694848006323082	0.72393836513749	0.577446428922684	0.804966692422171	0.766007384189926	0.762955837221956	0.80775531496089	0.872993280445406	0.722729736369255	0.840126682319026	0.520753129591712	0.642285899758039	0.835099998645555	0.762869574026971	0.871941290075811	0.471914102629433	0.83560915585902	0.915421769778699	0.777588124022629	0.792677977823578	0.79592655464586	0.854877161456282	0.492542675988926	0.73971235978727	0.406141537662439	0.842807477718348	0.903661476033494	0.762970610640118	0.841545204981884	0.65190546606339	0.624157346899951	0.778588724592395	0.782463930369497	0.84939909582695	0.845984529432563	0.613486769694787	0.824120938306905	0.628077769349107	0.662454565161254	0.614522317364542	0.513058156076204	0.875323739211763	0.759532310646006	0.704978829555722	0.439670524882516	0.406256272385235	0.712794551819528	0.90288904553573	0.457702211124503
CD8B	0.0820964402231738	0.963388251049627	0.109127099028335	1	0.128189509029833	0.108973865021508	0.734209158069058	-0.323942863167013	0.7422017982587	0.430254126436824	-0.379275860821144	0.557486777412776	0.588406997663154	-0.179522901978391	-0.149619563599692	0.559873716059085	-0.263979324613375	0.0973995421638267	0.0848113040983175	0.305531806745549	-0.330293670455064	-0.306402235151367	-0.165662428490468	0.0497519045185892	0.195474762114147	-0.035333529819259	0.409792627157108	-0.186280952660687	-0.0301572857307175	0.254735431904882	-0.0200931314663274	-0.031859784426608	-0.0654930164533294	0.0849565195036436	0.0697018002102732	0.199554043222947	0.152371900298651	0.23462189061572	0.13844654594598	0.120752650255025	-0.0131845748974024	0.0675708908743963	0.120388102285459	-0.269135140274682	0.253875054774004	-0.149956374832946	0.301809634554872	-0.00204072741257614	0.159378423809539	0.235040701527867	-0.0035911415130322	-0.0771342165843642	0.291513539367465	0.20613353071659	0.0393878269892063	-0.0485629399266672	-0.00921339827261543	-0.00702912412511158	-0.127440353075754	0.675892359050627	0.0214310329250378	0.0513660854303461	0.0221195820778763	0.355669628059401	0.14481448573632	0.313418359324074	-0.194101973095858	0.1764864701758	0.107775488841013	0.0355175422201146	0.10981413179472	0.144638236910945	0.0470279961803344
CD2	0.947135607765857	0.148431611067653	0.912940960420817	0.128189509029833	1	0.954984455136417	0.0160622155611281	0.644121373300078	0.315647625457928	0.757699000592996	0.659191433581994	0.719555910133184	0.621649744812897	0.876794079725274	0.88873988278062	0.464749283909988	0.749702976801855	0.864223924164694	0.832829715899445	0.755082785872908	0.813096850266617	0.798299596189801	0.566401552693942	0.86833984661905	0.747425854200848	0.836498453313832	0.59991090476205	0.864227186699716	0.884819726561769	0.861748613457534	0.77381983552118	0.823406189183415	0.682797481626882	0.830863852166156	0.658474343559873	0.666637163902739	0.790892212661253	0.723226823135598	0.852872734105191	0.499435432635348	0.909688141991857	0.896684019109124	0.786410778568886	0.784084759384643	0.83041635494061	0.815179192377263	0.709988266674122	0.690626840026903	0.453591362902974	0.893303002544992	0.88552759047799	0.812436958497962	0.83174492684334	0.784277006493597	0.640610163924963	0.570571807707972	0.653204552276391	0.685683666183289	0.707077481682569	0.614580072556882	0.808859248574263	0.632474780935802	0.740904584440817	0.66211123054795	0.567846181594815	0.879276573718597	0.780358599545283	0.706817610604998	0.576795473593596	0.44540939180151	0.742110225483487	0.888331921953171	0.483167875342832
CD247	0.9379652561223	0.130984193185114	0.8984747368304	0.108973865021508	0.954984455136417	1	0.074099338141174	0.656802292000769	0.269792724852387	0.754239475770194	0.651892065699902	0.686565830998329	0.575189095198026	0.866292940408618	0.860138137319997	0.426283746996772	0.754735745472953	0.831866948180939	0.806049617190191	0.758668665514751	0.801950527575712	0.77959572032064	0.563653836039144	0.856404285815073	0.700042658343855	0.794068128724803	0.554676763981754	0.834826943972995	0.857389968430403	0.807643683169464	0.736475080786148	0.811976134336925	0.640272604955603	0.789875370923493	0.632733032122923	0.639461001160297	0.754329702646427	0.679484100497502	0.815243945603434	0.449651538124653	0.876719955839768	0.886639833557033	0.751885038364455	0.771267178423256	0.811483979295942	0.784724339224916	0.68473443606566	0.646760697856432	0.402009734126794	0.860099193992477	0.871673091425349	0.778300820998286	0.785248330276991	0.786602627431308	0.592288906280248	0.567251996173166	0.629205098166147	0.68499467453869	0.695756901078831	0.594082762157404	0.767923930562	0.585340425925781	0.69136212173611	0.63249919564604	0.512367883706616	0.840485274163549	0.75318922723581	0.677980686223862	0.561378844901692	0.393717551586717	0.705525480174375	0.875205405703821	0.441268747620716
KLRD1	-0.0420420188381734	0.734821461258883	-0.0364900562048421	0.734209158069058	0.0160622155611281	0.074099338141174	1	-0.25906840204831	0.547306776257189	0.326259240149012	-0.412506004054826	0.390785536524171	0.393568490673223	-0.231455463545536	-0.211865823987181	0.447146981358424	-0.299798506530977	0.0366657537589854	-0.0163254189658462	0.138587020895194	-0.347502607805646	-0.305547191834142	-0.274686606351083	-0.0693409525328061	0.151780658843267	-0.038065962726278	0.304516076098128	-0.186477191686479	-0.0726431565228036	0.12820882976786	-0.155384949955701	-0.0973506056937402	-0.0938611951183421	-0.00125118799612862	-0.0299848275897655	0.120787321755587	0.0159472839301031	0.0768687962081535	-0.0231346241072575	0.11199690939958	-0.0643481420224008	-0.0119637241974759	0.0230828036460617	-0.205336691237681	0.191944308893677	-0.185560773050561	0.239969265069755	-0.0460609832488335	0.121369142849402	0.15114118803103	-0.0900302201657788	-0.0700439211520358	0.181789020492756	0.193673758032899	0.0162252540312684	-0.128801822742581	-0.0810474036250046	-0.0959633901714043	-0.206554569081762	0.541616463868762	-0.0498414299700327	0.0176856394671929	-0.0473822286218329	0.261615550427573	0.0900015661098938	0.129280810873395	-0.217390260521588	0.139294621981982	0.187080093832891	0.0311842910796456	0.0722644625924903	0.0518763382664342	0.0557397519835569
KLRB1	0.768633124333277	-0.327256136076846	0.739590946308355	-0.323942863167013	0.644121373300078	0.656802292000769	-0.25906840204831	1	-0.245988551665768	0.295143925425299	0.772648991035386	0.156891715135303	0.0456041261220897	0.716482858239296	0.69975381508111	-0.00802419280157692	0.903018193526187	0.420164998257542	0.673882507983479	0.654957226183121	0.758455360737873	0.863155667991301	0.704729030215951	0.756778697697233	0.379955917664443	0.51545350060539	0.262310333344597	0.690363347833962	0.483405421234866	0.394316576851667	0.579366205924131	0.756165350210732	0.572998058928833	0.578978247838234	0.139427164380292	0.358986833429838	0.563271862797902	0.491849964498888	0.567291969783791	0.279812366876311	0.621454434806062	0.737123739892483	0.484425028508323	0.808131635312529	0.532796270766052	0.804280818417422	0.234626011813391	0.628480521766375	0.199211329961791	0.544462164526777	0.750739674209569	0.67383990801152	0.538274943817224	0.515986073048667	0.431814613503462	0.760229237883082	0.682044082920791	0.797840239831348	0.835245134946231	0.19682206482886	0.616844806907014	0.389680161490714	0.392503068204205	0.323610779779594	0.279776594914365	0.465142017015464	0.615828878269318	0.475893978423131	0.224984351926396	0.202584671777885	0.484079794380926	0.712699373402192	0.294200790964711
F2R	0.202965555561932	0.779428414973039	0.2317897297979	0.7422017982587	0.315647625457928	0.269792724852387	0.547306776257189	-0.245988551665768	1	0.508714067396653	-0.153874217189991	0.714894860371559	0.729587742058294	0.0411555068575369	0.106610669217948	0.789532664834552	-0.134478610414486	0.310697199231077	0.32427341904463	0.289466393555255	-0.0929183898843163	-0.091203218046259	-0.046842061867195	0.187291365452952	0.526040199522651	0.297244974995757	0.67147607189081	0.141580526375462	0.281307946330641	0.537945630328862	0.296707114997967	0.186442182931029	0.334265698585716	0.40331938813475	0.286261882739596	0.555447868577403	0.39820925382608	0.433569861066127	0.35495151422263	0.500315159662972	0.297861504926694	0.261937004071156	0.390509231281434	-0.0341870461828924	0.47692453510685	0.0803119582675799	0.471766932499012	0.280993895958576	0.483942440628562	0.439530765295624	0.187134676633961	0.201909100252758	0.490414760811225	0.313922101755101	0.455290720019172	-0.0320969911909494	0.142265791847165	0.0081065477727827	0.0297836214755545	0.731752355256854	0.323478603056902	0.477225433889534	0.439652292710403	0.578148244365843	0.492604960789314	0.509990097802357	0.193116197003168	0.487603740607773	0.400911568502885	0.478793877710679	0.427896598314673	0.30548749423243	0.450964309600057
CXCR3	0.683926850124433	0.463585902748272	0.638234345265274	0.430254126436824	0.757699000592996	0.754239475770194	0.326259240149012	0.295143925425299	0.508714067396653	1	0.218484440930099	0.724375004682779	0.745581725943248	0.56078361127547	0.54779549893964	0.505975690086151	0.383881148146561	0.748723163512026	0.538316108773168	0.544774757943481	0.439068360480991	0.38548618272839	0.18278740358643	0.578106017265892	0.625278056931975	0.60141396718718	0.575195716954914	0.55484573321371	0.684408906678495	0.72297240756115	0.470797724650537	0.541745377842129	0.431604694142943	0.569336899224001	0.571580011962988	0.540510013216569	0.525409222155643	0.468173557683004	0.574389048006626	0.42676026275455	0.635135633998679	0.636973959964511	0.560576438175481	0.423711016959762	0.694374527513629	0.477042975656242	0.695021702388705	0.41850032379664	0.423032724127236	0.685273303223521	0.643161389836417	0.542179547073014	0.616085391372452	0.772393883913879	0.454226434083449	0.204538339740574	0.307997417423409	0.324687157579498	0.33535937998985	0.690095350034317	0.549681916802799	0.451669646621632	0.558531156820122	0.532070304389463	0.496958692371072	0.658665398944011	0.462303684020071	0.540206308018019	0.575703926645399	0.338562276341306	0.564167826004751	0.649371354380541	0.376464498387986
CCR4	0.749765394548037	-0.370341897160988	0.768847545613302	-0.379275860821144	0.659191433581994	0.651892065699902	-0.412506004054826	0.772648991035386	-0.153874217189991	0.218484440930099	1	0.236499779399973	0.0282316393980129	0.803348293965502	0.805842522685199	0.124085486261887	0.838976142283555	0.465921939941616	0.762422017857351	0.631995387823484	0.849908910996886	0.893193438151012	0.797409519546532	0.792361246986243	0.459874233152233	0.591548110791463	0.290938618409815	0.754783835800246	0.619495083465038	0.498073315675289	0.754160613161027	0.756731066685494	0.663111988301418	0.690776112504151	0.350736583973442	0.479935891706662	0.687008396995543	0.57722361584664	0.726437328479506	0.336969229236186	0.691212493491179	0.741041843702753	0.63354267333257	0.786778985095806	0.533920726979457	0.804539468406675	0.152952665022627	0.667907332498957	0.263356865089507	0.58521802656925	0.727055657713207	0.654608003699369	0.603155459823162	0.342688545738523	0.532887119214203	0.781602887832245	0.720830917397488	0.788315610498653	0.837879913393194	0.187946014598776	0.708453692659196	0.534371928466246	0.545878004086344	0.389897785870207	0.363467895706431	0.625509449006553	0.77599022232284	0.539137985694429	0.227921712008109	0.338343108357005	0.535297102209004	0.679491585110931	0.373019832029436
ITGAL	0.6213468979707	0.608654437696735	0.617695421752116	0.557486777412776	0.719555910133184	0.686565830998329	0.390785536524171	0.156891715135303	0.714894860371559	0.724375004682779	0.236499779399973	1	0.831876249475092	0.484653939250442	0.520567449619371	0.780291210239458	0.28946221985951	0.645333397139677	0.627163562502115	0.575942086000613	0.35458931592777	0.349679983750009	0.250829344423528	0.573824052234687	0.726960197308587	0.651457304476723	0.689474826706161	0.571141034629307	0.643859946242622	0.786788939188196	0.581115678655994	0.531280226054322	0.491345898061	0.677845853083794	0.542069126029254	0.657695991735906	0.694228644748326	0.6650735544742	0.70197992712573	0.505513562448864	0.654667649484948	0.659530269149224	0.656029552909393	0.42230168623643	0.77103253723303	0.455486160174673	0.675878661752488	0.514553583680034	0.517533527730303	0.730146206200992	0.554893912705843	0.560423863297213	0.780783839733036	0.623758839755012	0.561860624486459	0.2703939160889	0.460400916711162	0.361568547985978	0.343456680229455	0.724705831480204	0.62135833441728	0.583389852038267	0.622289150628734	0.780826460829451	0.589792194963146	0.801713217559854	0.510220127025543	0.652373508768886	0.582219290572948	0.489159733203999	0.638823098829363	0.644718066962579	0.472971279856189
CCR5	0.490633924107822	0.64685060273756	0.459180583741756	0.588406997663154	0.621649744812897	0.575189095198026	0.393568490673223	0.0456041261220897	0.729587742058294	0.745581725943248	0.0282316393980129	0.831876249475092	1	0.362229004017857	0.403662789467155	0.697146552008249	0.136196173181366	0.608221610087476	0.432663678867439	0.387243470854147	0.231306433276398	0.173096939852345	0.0328918054161862	0.404004041005025	0.644212270044637	0.567080294181631	0.607547975923575	0.44931557522545	0.578044131732928	0.724023354849098	0.4186333994126	0.380873540444601	0.352986653512954	0.539824633721213	0.528908074895446	0.545960938454382	0.490959157894092	0.496167475141116	0.505800138706484	0.434430158340845	0.548419740208284	0.493647553165687	0.490890873161219	0.240950554892879	0.644999099363056	0.289382232302305	0.713118410294893	0.349756923024599	0.467935796765746	0.624188206891482	0.42883116302959	0.470398847115932	0.597286342214511	0.613601009295087	0.449490960321021	0.0265826272849512	0.232102952732802	0.139161127418902	0.157315962222125	0.666011378205234	0.444839615766089	0.46241933990066	0.532814497287725	0.614719075659555	0.517062832289483	0.638760156015821	0.387471699370046	0.528437812891784	0.575599540523316	0.410028417467984	0.51502153621127	0.525691594644876	0.387575912685824
ICOS	0.896749197153748	-0.166244883481302	0.873217820522233	-0.179522901978391	0.876794079725274	0.866292940408618	-0.231455463545536	0.716482858239296	0.0411555068575369	0.56078361127547	0.803348293965502	0.484653939250442	0.362229004017857	1	0.906223105062633	0.254688768711486	0.82359154871953	0.793779055565013	0.782882834695252	0.680095796533164	0.923399118041101	0.865742024711017	0.663938904136039	0.863364217618122	0.629382981249017	0.784491832835173	0.434479245932353	0.877449281960745	0.876631336881982	0.728220934286291	0.763322274584667	0.827362964611659	0.683325203720208	0.784453355322783	0.687509113288216	0.560890486915159	0.727280474861279	0.624967240203406	0.785161888714475	0.433258617103878	0.856124625874126	0.837671042501574	0.727340635201421	0.802895188534711	0.693245590666223	0.837671465103017	0.453154349468931	0.667951625323728	0.381076717653145	0.766398245104742	0.85548535314596	0.766632700187134	0.69427011384767	0.604569623870287	0.58777593703481	0.621465671510441	0.666525251695771	0.714685436493927	0.753119402791891	0.389733344030169	0.772377985698703	0.607530179712079	0.720477241456785	0.493679179216882	0.491764702887985	0.751890875566372	0.833077753218162	0.624685650801993	0.471521044204588	0.421371261867051	0.670660215608268	0.818362015505517	0.441293083428758
FAS	0.880218940773667	-0.120289994201349	0.851433997705595	-0.149619563599692	0.88873988278062	0.860138137319997	-0.211865823987181	0.69975381508111	0.106610669217948	0.54779549893964	0.805842522685199	0.520567449619371	0.403662789467155	0.906223105062633	1	0.324991125115428	0.812352421075148	0.758404452620848	0.833678628160045	0.678405497790824	0.910549677087283	0.874481472106237	0.675146497313156	0.862920024938499	0.655159135470409	0.829608458325511	0.486340990159899	0.890774977520316	0.878892862531705	0.758324928334884	0.805999003895652	0.826006350190055	0.716075834899792	0.81545863550102	0.634003912602422	0.623721882377755	0.773652470974037	0.641322508877084	0.826853227929323	0.474227902402519	0.897101565299371	0.85509348155017	0.742815042284094	0.818243639196477	0.742316771663659	0.847522212632439	0.542546128854713	0.711856258389303	0.429468022547001	0.787591615961403	0.857315897538849	0.813531084691533	0.740295733640156	0.591508859828524	0.646318830014207	0.616032605696795	0.691027249804505	0.72087126193634	0.779651795877746	0.429055266707495	0.799332651918383	0.654762414698305	0.746673362891658	0.566275761765372	0.547575715862591	0.790789390234545	0.858715392596429	0.680026447661676	0.490439721627191	0.46589795598091	0.696416161996115	0.824582999669871	0.494821842780291
PILRB	0.37372646618867	0.627339384235452	0.41100125345901	0.559873716059085	0.464749283909988	0.426283746996772	0.447146981358424	-0.00802419280157692	0.789532664834552	0.505975690086151	0.124085486261887	0.780291210239458	0.697146552008249	0.254688768711486	0.324991125115428	1	0.121404968393895	0.39046664858256	0.553849508545883	0.474895166691623	0.150631748646848	0.203399760365872	0.242568507768522	0.424612375718442	0.684277608026392	0.5295792844812	0.758703287660355	0.408498720372571	0.443056151276473	0.64410852771414	0.549650832140658	0.431568898898101	0.550407448095981	0.637135387649473	0.35348307907725	0.749227180915783	0.635952920816813	0.640023102112917	0.56550171033321	0.635824955164031	0.511866699838027	0.504850496764789	0.589433000332843	0.281037345826184	0.666302590361348	0.362740853636592	0.46914770224153	0.517077638621348	0.622551333701267	0.604781901201823	0.363304090042843	0.46195354980399	0.692149764312697	0.426181025490147	0.648694790990281	0.226031488207902	0.448473266300765	0.252981819354454	0.281889862373298	0.729396142703256	0.584371209138479	0.684395412654543	0.576489931803047	0.753107392286478	0.665059203197446	0.656291572952898	0.453466128528215	0.680193194143522	0.526674341443909	0.627961614837198	0.619046570486961	0.515823514261629	0.596309706983769
TRADD	0.86218915557602	-0.275684417167795	0.834321479040905	-0.263979324613375	0.749702976801855	0.754735745472953	-0.299798506530977	0.903018193526187	-0.134478610414486	0.383881148146561	0.838976142283555	0.28946221985951	0.136196173181366	0.82359154871953	0.812352421075148	0.121404968393895	1	0.559071873045234	0.798299987092901	0.743642492392367	0.835875081380583	0.917008985241903	0.800926886606998	0.854897032711846	0.479827849327653	0.639725449881479	0.40746910980949	0.793252395022592	0.626518242732376	0.504694713077316	0.71924844525681	0.86536235462821	0.696232835606243	0.693830732923583	0.294594709991946	0.507500194120828	0.697555012175944	0.60600224948069	0.676347208987475	0.409496262748765	0.737250811361554	0.844547049509816	0.596333491535309	0.849515145274681	0.649688218364733	0.884537104441379	0.305273770313795	0.711569527214531	0.341313648205113	0.658667815712306	0.833088332070033	0.737950271134138	0.659377070828049	0.549491655539188	0.562275549013225	0.807436429908759	0.755375282839323	0.857993692359479	0.912854207525141	0.28999497044304	0.741642603826661	0.531970803961297	0.553484397834615	0.442554810152986	0.432571580562029	0.603325645080497	0.732778121388362	0.600854551558978	0.31942234549158	0.352916212683205	0.618133019130299	0.80333734817429	0.432809258637912
SIRPG	0.77915155999429	0.121250665720765	0.713673745302347	0.0973995421638267	0.864223924164694	0.831866948180939	0.0366657537589854	0.420164998257542	0.310697199231077	0.748723163512026	0.465921939941616	0.645333397139677	0.608221610087476	0.793779055565013	0.758404452620848	0.39046664858256	0.559071873045234	1	0.65062016959857	0.507185057949878	0.691474063390385	0.609935037058831	0.347782980574479	0.664267246058104	0.672393193671507	0.780973520452097	0.561906218249905	0.779269401654927	0.884393585024319	0.789529553802631	0.599811567397143	0.674003780504914	0.577716605799397	0.687315061423605	0.744041602801011	0.586873960356005	0.595700029776505	0.507592795299405	0.649326336745873	0.514730349217717	0.811103716385155	0.712000357267005	0.656123611462102	0.615078373937541	0.716000352365458	0.655198102520076	0.715410748806501	0.51182678401048	0.476504572678992	0.768220294290442	0.727838805695634	0.690397777479846	0.650955181376779	0.715191792840986	0.590800535785173	0.290331387413331	0.417786381144911	0.407955517058971	0.489881887022716	0.510319654103475	0.665934166872623	0.568218005603678	0.722536426070156	0.545395028315946	0.573202165583857	0.696815723273805	0.666616071531761	0.594085766486921	0.624741710226568	0.470631972092577	0.669806269835615	0.730159249094362	0.487913944778594
CD47	0.875993172857343	0.1048664556571	0.897255892538693	0.0848113040983175	0.832829715899445	0.806049617190191	-0.0163254189658462	0.673882507983479	0.32427341904463	0.538316108773168	0.762422017857351	0.627163562502115	0.432663678867439	0.782882834695252	0.833678628160045	0.553849508545883	0.798299987092901	0.65062016959857	1	0.846108112214003	0.747132365777213	0.817573753845227	0.78417996113776	0.903962833905035	0.775612395869808	0.78140601409516	0.738524112785728	0.822886239679123	0.74170910135064	0.766930484038879	0.888576749474473	0.888191006529787	0.870128175512015	0.903195982614893	0.452487107202442	0.797356803604741	0.918990949292153	0.801541556322898	0.864018740886337	0.680907748077765	0.850470205639913	0.929151409579975	0.817986480452475	0.786781776111666	0.868161120591342	0.89200637720862	0.462279254926177	0.837005884000941	0.610281927650418	0.849823386539632	0.864986350348334	0.804753042423463	0.897884879639252	0.576607317150774	0.812182269864067	0.774758386341341	0.849547328131214	0.821018953931376	0.881766999247392	0.638859757036354	0.917767053202984	0.805450275026588	0.766889160353821	0.735439743340827	0.707168005510633	0.863557189974527	0.820005087253479	0.840103387031452	0.528885998137235	0.64176909028922	0.830093555438017	0.892599253508716	0.696003270382024
CXCR4	0.845982808220402	0.284653294245014	0.881582972182614	0.305531806745549	0.755082785872908	0.758668665514751	0.138587020895194	0.654957226183121	0.289466393555255	0.544774757943481	0.631995387823484	0.575942086000613	0.387243470854147	0.680095796533164	0.678405497790824	0.474895166691623	0.743642492392367	0.507185057949878	0.846108112214003	1	0.605366753470321	0.70663189633631	0.766214781840992	0.881377652156426	0.576722089912548	0.537772555950208	0.583675991338132	0.598111062241484	0.536486739906023	0.612237491147919	0.711050101420857	0.78328523300113	0.625297859152046	0.743288335354899	0.342391736675281	0.598252181285278	0.814950323408079	0.75647139220466	0.792604367865944	0.417110195143187	0.65796179861426	0.838256229279047	0.701497597741188	0.648509314820832	0.725374495443251	0.773403518061364	0.309737741323481	0.703051119818023	0.375352428489349	0.76889517358796	0.789919984116854	0.617797281465283	0.819474039939083	0.54250374881309	0.535802294526254	0.842833095465869	0.802186349327646	0.908465782729447	0.819534344886681	0.69468129213702	0.757956610318252	0.544653406038693	0.511194092877714	0.631151010811946	0.456151456766447	0.810858324281313	0.589088273504673	0.682697079721849	0.281374349020689	0.331808400052209	0.617375182809607	0.840846906039653	0.395278756876062
CCR6	0.841274500236999	-0.312367429120975	0.803359478409533	-0.330293670455064	0.813096850266617	0.801950527575712	-0.347502607805646	0.758455360737873	-0.0929183898843163	0.439068360480991	0.849908910996886	0.35458931592777	0.231306433276398	0.923399118041101	0.910549677087283	0.150631748646848	0.835875081380583	0.691474063390385	0.747132365777213	0.605366753470321	1	0.90636288039439	0.639722308401103	0.833063261544115	0.547551365266762	0.741526613651303	0.32790097345145	0.848995931523034	0.8391346442791	0.639109452622889	0.743990529091732	0.787916725118009	0.652607286451898	0.721083762336534	0.603543515380707	0.513801389667117	0.681858165212666	0.56000685522512	0.739784759287915	0.358759475386006	0.827121190319435	0.787635744157673	0.702016716851172	0.80739547661402	0.618881224314216	0.827346144126955	0.395837546970372	0.631580336053813	0.32657902199114	0.699185145021209	0.821774090148771	0.756388214805391	0.634264973890969	0.512712916245568	0.54041007111367	0.611679426528205	0.634900800387616	0.707858999681392	0.744610246013796	0.272521186773571	0.741609742264176	0.560086254913299	0.656871223202645	0.436984323436729	0.429255025533645	0.686401283830948	0.822342884286574	0.573059681805697	0.382393982075666	0.358419373243344	0.602734615729084	0.754510969294648	0.383372380595807
TNFRSF25	0.856166660347638	-0.288973611770919	0.837332833967469	-0.306402235151367	0.798299596189801	0.77959572032064	-0.305547191834142	0.863155667991301	-0.091203218046259	0.38548618272839	0.893193438151012	0.349679983750009	0.173096939852345	0.865742024711017	0.874481472106237	0.203399760365872	0.917008985241903	0.609935037058831	0.817573753845227	0.70663189633631	0.90636288039439	1	0.780711541106054	0.868666748401844	0.55955480195241	0.714748560825209	0.394321986817817	0.8557013072111	0.71677973109056	0.585413094278832	0.766748395133013	0.84872445326583	0.717952677562708	0.76169906235552	0.408253512050607	0.555072939741067	0.749817529688673	0.654969646250217	0.769364186415262	0.412983692441482	0.804615125368635	0.847730843906599	0.685550818756189	0.897114958817608	0.65826624771537	0.901545791214724	0.352747274356341	0.756252069986918	0.337749566784647	0.708526436650633	0.825812179648668	0.790857605695374	0.706218519345401	0.543410189035632	0.598081597908414	0.775806769492342	0.791934910508607	0.827145098015746	0.878777653365431	0.306178058831243	0.801154817657833	0.594910139097203	0.605831994465872	0.505993008591801	0.449433098971901	0.68545479340847	0.811683179686939	0.635890207310613	0.343303197040601	0.382124950291408	0.6411939181176	0.799072151804855	0.434472486360329
SELL	0.694681895259848	-0.173670444712092	0.748848404105303	-0.165662428490468	0.566401552693942	0.563653836039144	-0.274686606351083	0.704729030215951	-0.046842061867195	0.18278740358643	0.797409519546532	0.250829344423528	0.0328918054161862	0.663938904136039	0.675146497313156	0.242568507768522	0.800926886606998	0.347782980574479	0.78417996113776	0.766214781840992	0.639722308401103	0.780711541106054	1	0.774062225845828	0.441948548007488	0.492740794546101	0.426208526665814	0.62413979419558	0.457588984376094	0.385333004878335	0.731589031895374	0.762591411398338	0.681636055370516	0.678083745115055	0.194032808338636	0.528733338282875	0.734835929402821	0.651420421350577	0.664651028823289	0.427364730037503	0.594881846077328	0.737405444063374	0.557830221979609	0.706457915476202	0.561181056796399	0.803330452743854	0.0712227357051017	0.69632198476295	0.35064022941169	0.55856065858337	0.692175445448154	0.587802854155418	0.639345486605849	0.284247553045651	0.570445000698441	0.845592616908671	0.844852515363971	0.843148458470532	0.912895706440681	0.303646867967189	0.69601170992012	0.556338089756309	0.454926249561775	0.453341008339023	0.436939362448619	0.587368611196363	0.665500117028987	0.578732345794701	0.188714176537278	0.380605063677066	0.542793171601655	0.70271926605729	0.42678682405989
TNFRSF14	0.924755932785168	0.0652994832883591	0.927088743191127	0.0497519045185892	0.86833984661905	0.856404285815073	-0.0693409525328061	0.756778697697233	0.187291365452952	0.578106017265892	0.792361246986243	0.573824052234687	0.404004041005025	0.863364217618122	0.862920024938499	0.424612375718442	0.854897032711846	0.664267246058104	0.903962833905035	0.881377652156426	0.833063261544115	0.868666748401844	0.774062225845828	1	0.682616061648129	0.742894065106459	0.601979964810596	0.814551675533647	0.753320743144679	0.720012908465792	0.834897509136549	0.881459103739026	0.755377586868075	0.848884193346353	0.483660000932422	0.677810767315857	0.863788360331965	0.765572525554618	0.852039545918063	0.521069900015086	0.83075455409162	0.923905049461045	0.787114793717393	0.792635684520411	0.814270824356332	0.888368522856329	0.415781180581806	0.773078592938456	0.468326733176238	0.839069530555872	0.885576089846663	0.77290590965658	0.847964270596822	0.607704631832413	0.666158218622414	0.793161103540853	0.813131635929004	0.86964502417346	0.874403988133568	0.590157753971162	0.861405551355804	0.67118406147415	0.687297303905702	0.652089078397194	0.57045232102075	0.840797845344762	0.799036217819681	0.759839637140671	0.444475338396853	0.469948450787387	0.747931343594944	0.90663308046459	0.515874761954202
IGF2R	0.67629334681935	0.247621448278602	0.694848006323082	0.195474762114147	0.747425854200848	0.700042658343855	0.151780658843267	0.379955917664443	0.526040199522651	0.625278056931975	0.459874233152233	0.726960197308587	0.644212270044637	0.629382981249017	0.655159135470409	0.684277608026392	0.479827849327653	0.672393193671507	0.775612395869808	0.576722089912548	0.547551365266762	0.55955480195241	0.441948548007488	0.682616061648129	1	0.799366261051829	0.769376661704119	0.750484598958242	0.754418844410238	0.821784564623864	0.753074783667844	0.695165499631151	0.779364252402957	0.828215968668587	0.549284731648783	0.793827909432151	0.812021847300674	0.7111619439085	0.721953391508256	0.725231670743023	0.774660151356488	0.769821521499709	0.755431145089142	0.630634753710357	0.850391873065621	0.69253311694255	0.587738456679667	0.699304983686187	0.676616832424335	0.791115342026141	0.706991476264469	0.736108219908548	0.804048839058743	0.629842000255651	0.801024429551845	0.396644308515652	0.635241817519774	0.458351734462566	0.541688626197646	0.660979900183123	0.805766814538816	0.794433967479473	0.78500648370002	0.738219603183911	0.756894708679154	0.791568365389444	0.742707077202798	0.81753496790564	0.723124541432625	0.731862589801537	0.826734723196455	0.733465561530297	0.714050844974573
TFRC	0.756188383183563	0.0245712898150563	0.72393836513749	-0.035333529819259	0.836498453313832	0.794068128724803	-0.038065962726278	0.51545350060539	0.297244974995757	0.60141396718718	0.591548110791463	0.651457304476723	0.567080294181631	0.784491832835173	0.829608458325511	0.5295792844812	0.639725449881479	0.780973520452097	0.78140601409516	0.537772555950208	0.741526613651303	0.714748560825209	0.492740794546101	0.742894065106459	0.799366261051829	1	0.695377039494191	0.919273334330014	0.87727543545979	0.842346136523776	0.777707306737126	0.787501091972657	0.776726500177423	0.843308753104203	0.629912185044079	0.753440540835381	0.797534052088412	0.673895477033477	0.744650849736906	0.688565060014473	0.904174908922583	0.843999647445154	0.751107083757712	0.764581764402492	0.869899502276592	0.785886139264976	0.673477346196043	0.707382414630239	0.698129517732316	0.798193275283328	0.747065100987564	0.895434814919164	0.786975764199182	0.655184314032843	0.808234156712958	0.440353126209862	0.663158921583977	0.48954593619546	0.625689451821518	0.514932444934726	0.828086016341118	0.789460327106405	0.821711960262707	0.691046806225025	0.782328946592025	0.766016784271813	0.865135718029222	0.807419108930875	0.804929032900274	0.724479877034255	0.868041016013955	0.780724692393329	0.716588758014895
CD81	0.560880624513654	0.451553363792039	0.577446428922684	0.409792627157108	0.59991090476205	0.554676763981754	0.304516076098128	0.262310333344597	0.67147607189081	0.575195716954914	0.290938618409815	0.689474826706161	0.607547975923575	0.434479245932353	0.486340990159899	0.758703287660355	0.40746910980949	0.561906218249905	0.738524112785728	0.583675991338132	0.32790097345145	0.394321986817817	0.426208526665814	0.601979964810596	0.769376661704119	0.695377039494191	1	0.603828965631599	0.573338211686832	0.705946805045311	0.667846957637061	0.681252966267193	0.815881998357022	0.760173343044532	0.294004907999495	0.854486267531057	0.753467987833212	0.710559522145533	0.574750227345051	0.906189140086738	0.663373397532048	0.696715072923981	0.657921050408262	0.44106257553461	0.850056077196245	0.612564460359751	0.523577334345799	0.684675708434676	0.837273050836186	0.712802635206783	0.599511174831382	0.65145658128066	0.782143398207142	0.520341486416376	0.892989798802711	0.407867449731714	0.590557426846445	0.410820557668962	0.573091539984845	0.779006374760747	0.753966107528464	0.837170023987126	0.735220076962832	0.763491814782989	0.884028092472335	0.663650391325125	0.596946167800091	0.858272888413864	0.707109911486907	0.854825199506638	0.877585667855726	0.692454517682171	0.88177232097671
CD4	0.835143379442735	-0.142838477463554	0.804966692422171	-0.186280952660687	0.864227186699716	0.834826943972995	-0.186477191686479	0.690363347833962	0.141580526375462	0.55484573321371	0.754783835800246	0.571141034629307	0.44931557522545	0.877449281960745	0.890774977520316	0.408498720372571	0.793252395022592	0.779269401654927	0.822886239679123	0.598111062241484	0.848995931523034	0.8557013072111	0.62413979419558	0.814551675533647	0.750484598958242	0.919273334330014	0.603828965631599	1	0.873603169360038	0.797359979375906	0.804286682108498	0.870206139746146	0.802848634764451	0.852685122710251	0.568453747597846	0.704994978528321	0.801277625102722	0.682291302701645	0.78182941888516	0.627747000942079	0.913093339283401	0.880822360612568	0.755802335834191	0.883705912326838	0.823189151625344	0.869361721623929	0.58314325337591	0.755898445453431	0.593691878898941	0.783309465553922	0.83130968290135	0.910198224797566	0.772178507784016	0.656438412994952	0.770576935451561	0.573231656134443	0.728242095716935	0.624271506911461	0.74905008625461	0.410040320155861	0.852893638897362	0.755747163103312	0.792773280642497	0.638562990146591	0.696201689714848	0.751949709464733	0.906559292450539	0.749678679713334	0.680096592645102	0.636754240439254	0.82011906350742	0.822891318782122	0.647123341948224
TNFRSF1B	0.810796880629364	0.0102116743959029	0.766007384189926	-0.0301572857307175	0.884819726561769	0.857389968430403	-0.0726431565228036	0.483405421234866	0.281307946330641	0.684408906678495	0.619495083465038	0.643859946242622	0.578044131732928	0.876631336881982	0.878892862531705	0.443056151276473	0.626518242732376	0.884393585024319	0.74170910135064	0.536486739906023	0.8391346442791	0.71677973109056	0.457588984376094	0.753320743144679	0.754418844410238	0.87727543545979	0.573338211686832	0.873603169360038	1	0.840591227510073	0.755754535869233	0.750508207723992	0.694210906177803	0.792159492744605	0.802580946503896	0.672877265038688	0.731895160275125	0.597374993248202	0.757600285374022	0.562866756363583	0.909456959371088	0.788773329178898	0.761867889504313	0.697980936686955	0.770694962287092	0.744818447040155	0.653299662761743	0.609847935392379	0.539747452335685	0.801453389694748	0.79664097775051	0.785796859002233	0.72129507107087	0.642240051054078	0.68411228631095	0.365305409946601	0.533245751462053	0.487639296728235	0.573391219092416	0.502899315111639	0.767323380279009	0.6958028672077	0.809978940528608	0.615754186734627	0.641556040559642	0.784930728866208	0.836942959695079	0.698889568159003	0.659861628923619	0.572746167517614	0.741364697991296	0.769152584393393	0.560618119498685
ITGA4	0.765657250095288	0.291785917476985	0.762955837221956	0.254735431904882	0.861748613457534	0.807643683169464	0.12820882976786	0.394316576851667	0.537945630328862	0.72297240756115	0.498073315675289	0.786788939188196	0.724023354849098	0.728220934286291	0.758324928334884	0.64410852771414	0.504694713077316	0.789529553802631	0.766930484038879	0.612237491147919	0.639109452622889	0.585413094278832	0.385333004878335	0.720012908465792	0.821784564623864	0.842346136523776	0.705946805045311	0.797359979375906	0.840591227510073	1	0.740463585690995	0.718088142105242	0.710130706597616	0.852215869516018	0.685097451251377	0.740042809000296	0.785589164302594	0.719267881162442	0.812877875216079	0.619190925125572	0.844187726348066	0.784667872895288	0.801851461659594	0.650524813103677	0.824242341790061	0.68072799477032	0.684130772417031	0.68786807439582	0.611053550426867	0.838772791088815	0.757684059144013	0.771809187403292	0.819103798666456	0.673366878397341	0.735558745125783	0.414780524633347	0.586455964687782	0.484003822251475	0.52519234725254	0.683304083924327	0.789189169921368	0.751527950081489	0.814163953160036	0.703843356356659	0.696551208865554	0.879057952130592	0.745708164652371	0.745167267431209	0.714273776220403	0.620950386985435	0.781163458110648	0.762204429396046	0.606279894476517
