""	THY1	C1QBP	EGFR	ITGB8	LRP6	LRP1	MRC2	TNFRSF12A	CHL1	TNFRSF1A	CD47	LRP4	LRP5	VLDLR	LRP8	SDC3	GPR37L1	FZD3	SORT1	CD9	CAV1	CNR1	CD82	NRCAM	CD81	EDNRB	F2R	RIPK1	IGF1R	TSPAN5	ATP5F1B	LPP	ITGAV	ITGA3	NRP1	CD46	TFRC	VANGL2	ABCA1	PTK7	FAS	FGFR1	ITGB1	RAMP1	ADGRV1	ADCYAP1R1	SCARB1	NOTCH1	CELSR2	CD44	TYRO3	FZD7	RYK	MCAM	FZD5	S1PR3	ANTXR1	SORL1	RAMP2	CANX	TRPM3	SDC4	FZD1	RACK1	PTPRS	NOTCH4	KCNJ10	ITGA6	AQP1	NOTCH2	TNFRSF21	MCFD2	SMAP1	PLXNB1	PDE1C	TNFRSF10B	TRAF2	CADM1	PTPRA	NOTCH3	LINGO1	PLXNB2	PDGFRA	TNFRSF19	NCSTN	IGF2R	CALCRL	TSPAN17	TRADD	HMMR	GPC1	SLC16A1	SLC1A5	APLP2	PTPRJ	APLP1	ADGRE5	ACKR3	LIFR	AMFR	CD99L2	NRP2	JMJD6	RXRA	CD63	STX4	EPHB2	PILRB	ERAP1	LAMP1	SIRPA	PTPRZ1	LRP10	TSPAN14	RPSA	NCL	HLA.DPB1	CD74
THY1	1	0.952528640872076	0.844676605899968	0.758919251877117	0.66818085872227	0.720879411639625	0.624121362379623	0.520346507295839	0.564050311150111	0.605383542108278	0.744442509547786	0.661802736295954	0.777742129015743	0.406936467518668	0.753909741299762	0.624635760056342	0.699269050890814	0.728523258999052	0.72390672266247	0.643745919372097	0.0394370999125439	0.690886609558573	0.76252609275528	0.50233002765575	0.799907937290232	0.434707387668291	0.677969477573143	0.66875276336835	0.264699005299876	0.904255222319084	0.944373290837672	0.571382016024616	0.537201958027926	0.541814836795249	0.102109925960957	0.568008410237827	0.793464715990259	0.637145582029281	0.23045989935863	0.782206036259726	0.507253589860912	0.578943840947493	0.7988565310612	0.791515915637628	0.116085939274297	0.283709084583961	0.585807727041356	0.793199566920977	0.798963690446629	0.153028426417057	0.712832251558522	0.426624962683487	0.850278946500882	0.752756103483348	0.65927426209254	0.440528075069884	0.675151848352126	0.522745442871651	0.87933401187344	0.766141621016005	0.829196285056226	0.333646139379751	0.715558419539224	0.877566606500228	0.816237620707343	0.567370317214998	0.492018115334245	0.488765390704998	0.125323103034034	0.643912295190706	0.631639215746354	0.855509021469447	0.866822176282939	0.560967041314095	0.569276859929143	0.427734274665856	0.789586014516625	0.761275690771122	0.75648195302284	0.545907672471603	0.848085247205176	0.685072295068802	0.522371600188813	0.812191724495114	0.823804366463783	0.591462093035928	0.638889367475976	0.842150823431843	0.691795951824854	0.652423511101143	0.722895447553952	0.699605077051786	0.377080796206742	0.801374522222312	0.678733787573493	0.688977510122757	0.810473987839913	0.726146141147484	0.325761842980453	0.73598925783593	0.752193139015039	0.564715087331272	0.514367470496062	0.756906401501782	0.916798540777387	0.799499380961648	0.827667506992835	0.482483815126126	0.637416457172694	0.792692229942514	0.492375204175169	0.611746348153706	0.585655618628325	0.694972595129069	0.934403889949656	0.908577573132534	0.562420323602242	0.581117781221733
C1QBP	0.952528640872076	1	0.789316734781182	0.655610072718104	0.572872736240883	0.612500636407819	0.568898803744281	0.612225814929012	0.450183298217767	0.578407832707234	0.740079432047465	0.561017535675157	0.696159064391643	0.366276464383628	0.781847004334542	0.514980988861881	0.557657945251115	0.65841514106409	0.660386273723709	0.643748923931689	0.0833335798508855	0.627343191616848	0.795081406159763	0.41723941751771	0.757074142261507	0.325787049694427	0.594233061143167	0.613766742137792	0.206166854842907	0.931459674651528	0.985801267118157	0.520294264116814	0.439887101639565	0.525615675035847	0.13266357976189	0.500951355472267	0.742735527425857	0.549873634230387	0.183151934628487	0.747930452954878	0.605993278761162	0.602620818608585	0.805586479342898	0.733352266492868	0.0245766263589328	0.185984019941965	0.566517063301003	0.722759389847607	0.72675712939922	0.128921041241244	0.591462384915827	0.371662140501649	0.811327094688784	0.675602613572605	0.571831518512183	0.465388686635927	0.579238891567768	0.464925113381269	0.846875837884781	0.722512689370051	0.820292398245027	0.393971343635702	0.703877751928186	0.936570363859102	0.755848127427847	0.52365959999533	0.344891835330527	0.375062279488842	0.0826533269687903	0.560559457845406	0.544809988979851	0.82726771048732	0.82494032356282	0.45815889515473	0.496940700951805	0.449035682910952	0.838410695387954	0.678036896219618	0.667830115180548	0.474649323510867	0.791297183744734	0.669355790013729	0.392396602620758	0.771202296526163	0.791375559533046	0.54937032711756	0.574263368746948	0.785200530333252	0.656457624277425	0.696579668013163	0.714995875001884	0.712019683328974	0.450902165327735	0.763940442299437	0.576944552772746	0.671471940816067	0.799137716926107	0.623787158871998	0.218280189384108	0.693309399808409	0.684858163155167	0.530138616437672	0.586048898459063	0.735250073731044	0.970671914130925	0.775562696914775	0.827581260450229	0.487806742363259	0.558569429470451	0.75183946948278	0.406230440749806	0.47050243078394	0.51255216946656	0.683538066597797	0.975466970050615	0.904352482258604	0.553167720871429	0.569319980715716
EGFR	0.844676605899968	0.789316734781182	1	0.900836537616733	0.84350163187168	0.853792935325933	0.822406831075885	0.613808170731654	0.723588673123953	0.65967449590647	0.849446242774055	0.781786225836985	0.845013265275348	0.661094655715855	0.781276161289439	0.721555677229545	0.683282081049679	0.895996117158615	0.829759009384575	0.632434188679959	0.217269941523509	0.858960139171822	0.587579174749767	0.747074900858621	0.743325655646962	0.565103792309127	0.766584944794754	0.859949807587207	0.587341025520519	0.843212872175553	0.783545745544924	0.851548969776209	0.739468588995681	0.729249037496497	0.384994291237306	0.813967347152785	0.883492673756344	0.816545873990491	0.526043073286227	0.878637069615858	0.599532922352255	0.732355557846276	0.890582337751106	0.730600633638713	0.351952710249732	0.42671915555317	0.752516004783962	0.887517615174145	0.880571494830756	0.309101946365535	0.768743047892105	0.64294531402148	0.894505883818702	0.748196961762066	0.819405551570047	0.602571283174614	0.797461707113478	0.726876171317317	0.709370939319532	0.908862602929213	0.887668703688605	0.495766653303028	0.813034644687903	0.735101977715947	0.852946241643294	0.655489730912115	0.601059294879122	0.669198877592195	0.238685527377431	0.820109206883611	0.726398712145025	0.91661532567377	0.881691120554311	0.670834523005486	0.758231666273421	0.709984984717075	0.779703253220281	0.847053574132302	0.870031690997638	0.695669347217777	0.725036951108788	0.854292520216065	0.61688545213889	0.883287816256386	0.851271810276003	0.822198186578052	0.826997732289412	0.83463268638173	0.70815817784385	0.640988206038958	0.798393001986633	0.836538744617412	0.579863282356366	0.920112660572498	0.823556583836382	0.740024010958026	0.806634208776923	0.742307349819775	0.513240707812597	0.820244381418623	0.845999244531811	0.783382251114816	0.658937403936072	0.849284987619728	0.802266460947726	0.834852072514032	0.832950331916533	0.687834590815527	0.800563929994674	0.834026579421118	0.621754164750397	0.777570341994569	0.691520556444398	0.799439851760462	0.782273420477992	0.885417255596114	0.652947538502436	0.680201636940803
ITGB8	0.758919251877117	0.655610072718104	0.900836537616733	1	0.943493876108839	0.925036571038314	0.797997425347241	0.379109682792215	0.805089047261825	0.542092235229274	0.786650801745725	0.915004248499813	0.878460180092989	0.573305062202732	0.764562834308266	0.770544253597325	0.722689317114792	0.935868811757749	0.858717262955156	0.457630066885935	0.0401189775082892	0.882892483292201	0.587444579826369	0.769073875230865	0.652368914492012	0.641174411151554	0.791170492410095	0.860276271391937	0.625237840405919	0.787551019043181	0.637265302291775	0.842866556777971	0.786645434399155	0.607455610454887	0.230739112567382	0.831611363020173	0.879109040393686	0.892423229231327	0.495596013411071	0.835229514654538	0.497627591509811	0.637410321491426	0.809256772483721	0.672384161477156	0.453698944601223	0.472498305147955	0.599471382155195	0.936050226906324	0.919209064078919	0.278103348306603	0.832258791764967	0.642380568200424	0.902134561642095	0.822282267829541	0.85387850433526	0.468750716463034	0.883653882459293	0.719712721677868	0.665351520765385	0.87150572415695	0.879423201169276	0.309723679988876	0.771675805281418	0.542451936817301	0.850244389190134	0.61167375143454	0.698595811108144	0.731412523038458	0.242390961815137	0.865232486435974	0.737167175682604	0.835146367860573	0.835564878598141	0.709551188718947	0.778566263515262	0.560151319521281	0.673889023816516	0.833928018051141	0.910428769413585	0.667045340764962	0.736807411931998	0.771027646361563	0.776812208279497	0.887083695931304	0.791221740882115	0.815319726001887	0.852082207812988	0.76120418043054	0.559470384358639	0.581288380163843	0.6665130529539	0.754881637389359	0.319407140482114	0.879067538150625	0.860237899794601	0.619652573506874	0.682770817913418	0.768475979520586	0.598587734359229	0.775141697984704	0.854729302197458	0.714806218915898	0.469009805856578	0.779598294986306	0.637121493466267	0.722849483193599	0.748194228810361	0.66512970454053	0.832002888107751	0.778869619205331	0.655951310655442	0.910820046725889	0.650293057896914	0.816375230178767	0.637596385746155	0.864596335298261	0.542466717290239	0.565259646422036
LRP6	0.66818085872227	0.572872736240883	0.84350163187168	0.943493876108839	1	0.894059781599667	0.766600376092099	0.339917076860823	0.815901646650909	0.515575526531872	0.756667195910325	0.860018591664922	0.816581251835294	0.587922379655993	0.714872287877516	0.778763379658727	0.71964882896494	0.925603374083642	0.854348760195775	0.376239894172319	0.0336619831139196	0.869683826591725	0.506033082805107	0.77729212822353	0.612377843291711	0.710740339691128	0.799334217981043	0.838591690069612	0.631278941899818	0.723607615929756	0.550285115454585	0.841796605743792	0.81338239042472	0.582192117104881	0.214162721185721	0.814565655794782	0.817519511449089	0.884371104520706	0.5487345198663	0.793836716418082	0.480769864379267	0.598649076298057	0.740358884681923	0.641999519367189	0.572190073395443	0.546477796998147	0.551918797190741	0.898380674473115	0.890370185491238	0.322142648247853	0.819205141049364	0.651295194406177	0.84738970921597	0.79015420168691	0.812795406380864	0.442588700011703	0.873010682091424	0.745868627326773	0.582118959744531	0.830787381499644	0.824103386148999	0.259320484996439	0.731864876180595	0.443960938257745	0.802670380694648	0.618824900259998	0.73423352389718	0.776142688767394	0.319210997233576	0.847047286863392	0.754349217783966	0.787393440307303	0.803665901294435	0.730637244618791	0.753268145289325	0.559217740658542	0.610736859188815	0.8146717467846	0.901424253072941	0.663004350329586	0.619788392884161	0.737963208572249	0.723761505999255	0.854383197944924	0.744051157332471	0.810824849126873	0.882959622059823	0.692324922195999	0.487795589000672	0.536028839960766	0.615019955618886	0.709068359786546	0.297224663738521	0.826708322632981	0.841485850239072	0.59495245214284	0.587696080269463	0.751821294691897	0.675913451102451	0.756882862481335	0.824293041519707	0.705430475205728	0.435058476964486	0.744436873577645	0.545775306629815	0.664539752040301	0.712654179598472	0.685602609924487	0.809916923851788	0.750708772166296	0.71377557955047	0.911554300745785	0.648216065530162	0.776722172171021	0.559943309313921	0.793169053432459	0.505033608403	0.519751946153576
LRP1	0.720879411639625	0.612500636407819	0.853792935325933	0.925036571038314	0.894059781599667	1	0.887422244979611	0.360982332197352	0.906365585791885	0.734836747768334	0.853706553914998	0.825117338529396	0.807068365035445	0.721827300656659	0.652091360736028	0.877475385608605	0.813171939091563	0.930096000886192	0.911050585124856	0.586215713264602	0.232921256223766	0.928846100129358	0.430304886663454	0.882564356500029	0.783600255174271	0.756500782352652	0.888141949740975	0.894598842401933	0.700928973667092	0.716881317962766	0.6030812329214	0.864568719274564	0.903955421357721	0.716160640807964	0.338887570356501	0.838549575839598	0.859564440652082	0.862111532010499	0.668256968354162	0.861506474839492	0.493453655004894	0.628779601893614	0.80921451652161	0.79230124446657	0.570008708171046	0.624658262402516	0.654734988812981	0.907588227359324	0.920592333562401	0.513033171306125	0.88907254431278	0.780938835518696	0.82621041737066	0.785133040938898	0.871065455504874	0.517182397694232	0.891181574456948	0.833402512755782	0.646076064557374	0.920476381614034	0.774718340772494	0.414945913244612	0.812644773247639	0.526910515877502	0.813405930686949	0.700414410097179	0.786225163706813	0.833930932660573	0.39483641561664	0.921801141214206	0.854686599376546	0.871029931283121	0.86570689504441	0.810494205478138	0.797895201613702	0.547863353926144	0.603880139564055	0.890738784939441	0.954099331285431	0.83277180978749	0.611518234798582	0.854965051828733	0.719537076293219	0.847765226686381	0.871803348619082	0.871424759980196	0.874574692733948	0.789989506189433	0.688159152223834	0.46752690592455	0.785492728582633	0.773409087197717	0.29585915109051	0.920182830763629	0.897875129827587	0.759160164293388	0.600168736088264	0.806058021256196	0.730329133107828	0.865044001630498	0.898419474016126	0.828132712217288	0.438366878968138	0.831512171490997	0.63019258308295	0.793877853397585	0.753647560129288	0.616030573196812	0.891548904965026	0.88551885207059	0.813256705513053	0.945140819136557	0.819040365684459	0.791787558951092	0.628457426864768	0.77847832156583	0.652658580230096	0.665768820777597
MRC2	0.624121362379623	0.568898803744281	0.822406831075885	0.797997425347241	0.766600376092099	0.887422244979611	1	0.504629631078687	0.892287364501809	0.823293537534061	0.899977158954048	0.637930890217137	0.703509036499327	0.854380883659446	0.577993266878174	0.786985310689994	0.654499258630273	0.88145069517561	0.870524779248247	0.660982173364651	0.459415411266439	0.904888565735837	0.252362603856039	0.934731008308946	0.756415195279452	0.653178785475539	0.824960855938019	0.876427481439676	0.785041286694367	0.634533419366489	0.565525352995207	0.910857049839312	0.880819968673647	0.871113922426555	0.56401232080507	0.826388271218074	0.78944579170043	0.788737285253619	0.788227664746027	0.839683003483434	0.567877553186244	0.700421737182271	0.840239076473084	0.727029605835699	0.533102273664268	0.572703737500509	0.750646182986676	0.801383621099151	0.811724020181555	0.677946462653304	0.76189319482107	0.877945431561093	0.750258340178773	0.629859144329787	0.879559959621751	0.658610746252351	0.770008096134097	0.865205055021235	0.500025125671585	0.921036110237295	0.720616774457454	0.633770153394173	0.850068082760112	0.529611521488615	0.705523866274349	0.65284907324907	0.65092720003498	0.759200094181511	0.384889826491471	0.891533238915921	0.818130201858805	0.886132730061533	0.793254292503725	0.7438520913012	0.822460133422848	0.655846598145582	0.570107114386376	0.829504908251153	0.865117176025024	0.874069745990638	0.444878725599948	0.921130414147468	0.560523691291071	0.775881898355683	0.850339206557082	0.887240107205427	0.830415226091302	0.782387139772246	0.784620087396778	0.416248320461684	0.886027323267118	0.794132217023261	0.462986119737722	0.9208180155699	0.841397750068464	0.81830680665435	0.597516668560188	0.690205633817082	0.693418638734418	0.870119554132864	0.832308919274924	0.919030987369432	0.548117945158271	0.847053566877612	0.654820362076798	0.80578567069072	0.732452642929922	0.628902493460661	0.873955680860209	0.882415968998839	0.778610312864159	0.805760602646887	0.877343806730277	0.723646104761051	0.5847561336411	0.686317792606166	0.691596990124885	0.702535792492417
TNFRSF12A	0.520346507295839	0.612225814929012	0.613808170731654	0.379109682792215	0.339917076860823	0.360982332197352	0.504629631078687	1	0.266214839185517	0.478616016136698	0.619888593421326	0.246397018364565	0.38127701549886	0.431565595777959	0.448903313704468	0.229353989867148	0.157084466886485	0.489541714456489	0.38061840229986	0.63117472261627	0.419946658634864	0.44993583859429	0.338474292042314	0.390237526067308	0.44695478601629	0.0795215630176666	0.328504865660112	0.52078678308169	0.32777332441209	0.588740100899808	0.625768855433582	0.535618394606543	0.27891732227153	0.652448337416938	0.464946948262971	0.487661573202327	0.530504612119789	0.371984212027082	0.291623829209333	0.510063462935437	0.611332856013411	0.613533617522754	0.609713730364469	0.400349341658085	-0.0462230890455379	0.0178485573952034	0.595504753738075	0.408960016703261	0.366906684607453	0.160803829276166	0.222157081897003	0.307008309631681	0.52781912743515	0.243901503176272	0.433384138492722	0.569378683536193	0.24485351163758	0.344204957944839	0.466700764322733	0.551417559539071	0.500601952735678	0.640451241257108	0.50064582313653	0.702236551374964	0.511246157787541	0.427944762932601	0.0561200150774086	0.211066054432393	-0.0220425880253547	0.360448957988403	0.2764983680319	0.625788316943714	0.550655542737149	0.197009461719468	0.428774062674084	0.746093065288682	0.688350531505033	0.423386441931141	0.401165011476146	0.40920997865893	0.371082458117141	0.582716281155692	0.101886426345853	0.49460235559598	0.513567443515334	0.441896582402925	0.432651413063954	0.513311921155389	0.523632062411482	0.545959846112549	0.597523274028241	0.638669167641116	0.861612539276207	0.558674949879949	0.321434664063176	0.490553737302013	0.706159959007219	0.278305122796803	0.062236852686376	0.508076496470427	0.377236670666807	0.497616196764604	0.88105905998366	0.509815178718379	0.669181541956177	0.643992254023985	0.530083157756886	0.534852296664336	0.385354314539725	0.468364164844572	0.194735967359928	0.241659671442797	0.363641075009808	0.426353640964829	0.601106303339985	0.571883488548646	0.425504650361722	0.445274808920796
CHL1	0.564050311150111	0.450183298217767	0.723588673123953	0.805089047261825	0.815901646650909	0.906365585791885	0.892287364501809	0.266214839185517	1	0.784202326343072	0.819831362103035	0.681304531644711	0.686605091465812	0.805118927863349	0.481310737123403	0.893864882267489	0.774923532704182	0.883688711227847	0.893759267122014	0.538026890557056	0.289833744735982	0.889465237631402	0.187291746916414	0.93801236787761	0.767632055265302	0.827533234509059	0.883793631617457	0.837667732818339	0.736214128593333	0.54427964021073	0.444125872674212	0.823272434513931	0.927589294779785	0.679230208376166	0.363541110215741	0.766107949174418	0.717750208163269	0.8042396757161	0.770362058510492	0.794052685844323	0.371317256217069	0.515050719400649	0.682815163854563	0.760430180818036	0.671679096322321	0.739585031074175	0.583535065312745	0.777480228292395	0.824557166242467	0.6932944577013	0.852217831616997	0.863546718367055	0.688399400247836	0.631948769553911	0.866754629608301	0.46982727387461	0.836906775517761	0.850047896107096	0.48248919640632	0.852359629695773	0.625635279803429	0.391263539353889	0.760480183897966	0.371925159570771	0.65929109862163	0.644643776140006	0.810971404525662	0.864784501715332	0.50995285600893	0.892496733611134	0.896883111343945	0.801144516597171	0.794060898603179	0.819569239804129	0.788686909638077	0.447049257244319	0.414440958718637	0.85551968441327	0.918241025795384	0.862908588485668	0.415817100182637	0.778287486644411	0.661249523573404	0.733635752111922	0.790875471486722	0.812117950940561	0.84155183237254	0.737698457915122	0.679379299724233	0.301036223676332	0.744979684828002	0.659999012729777	0.236683384513791	0.823378232918526	0.843999425502231	0.716481437816689	0.427336823699412	0.754256001688263	0.853061324531385	0.823799149243182	0.827477222454543	0.81785889527122	0.337414862123693	0.786875693610684	0.498031072504353	0.744696991872825	0.623382375341259	0.5212119924139	0.86364319883646	0.852788251844727	0.895333408820816	0.913623538802593	0.879769414593364	0.67359805593024	0.48275701705189	0.615569330523883	0.5890954480444	0.582826253151544
TNFRSF1A	0.605383542108278	0.578407832707234	0.65967449590647	0.542092235229274	0.515575526531872	0.734836747768334	0.823293537534061	0.478616016136698	0.784202326343072	1	0.843139622432616	0.382467328818837	0.529614005231128	0.828870127883809	0.406410074308172	0.801521798057066	0.705167724065499	0.690187076706453	0.794481223034482	0.787335569761319	0.541466056331072	0.726635335368818	0.139022009824159	0.809336410493358	0.915011571644468	0.680791421106021	0.818335049353698	0.721964315888253	0.552372930806144	0.551285278465807	0.593041159918499	0.666604484767375	0.78975063379783	0.794341401390658	0.475072200028525	0.573553062890683	0.622070892794647	0.557242636913553	0.732341856064971	0.746535272750538	0.392414906693052	0.500926308756444	0.694172193120516	0.866357228552986	0.45667711709861	0.668888313737546	0.676234867388452	0.626730388677359	0.68333752579961	0.766058074563636	0.716064007002505	0.810572741197723	0.54781389048013	0.463080884600227	0.688984807127274	0.551607143933242	0.626410961693564	0.796934480349172	0.510371010778209	0.80800963941248	0.493911845987807	0.612774399767941	0.751443087765065	0.580580581271907	0.56457674059553	0.677799836725425	0.631739802311928	0.714337470824605	0.546733858891521	0.76706393437307	0.84456124965145	0.822660173842239	0.773086633098744	0.737976965667662	0.634414589938678	0.463137004795977	0.48520686404928	0.799252804860995	0.772617337663831	0.864061354290837	0.310041999001106	0.831984731690894	0.355388019338134	0.620834451199238	0.850978377187986	0.71208904231352	0.677559808208493	0.763235335302524	0.869926985379924	0.32636503180065	0.919110401896768	0.666125638115644	0.399119466297179	0.801605633773153	0.689821818749161	0.897204722091452	0.490970098393109	0.667346870237487	0.682483995251188	0.846627773945471	0.761181557157562	0.832066349959157	0.448270747412001	0.802764500131072	0.684002969372547	0.829415086042018	0.696721245047647	0.405615137545877	0.71448223714582	0.894889725049928	0.818920825020657	0.62883834798057	0.913746825318932	0.599432550968751	0.639289476777539	0.542407159498109	0.700261511879199	0.707193900690941
CD47	0.744442509547786	0.740079432047465	0.849446242774055	0.786650801745725	0.756667195910325	0.853706553914998	0.899977158954048	0.619888593421326	0.819831362103035	0.843139622432616	1	0.643174916785865	0.732669702125509	0.771051840874099	0.689362156711609	0.765462858404105	0.644543387644271	0.882556067964959	0.880362047407475	0.728751378787601	0.395486483291774	0.866552520020975	0.460586035594901	0.844841507810228	0.834822972056761	0.612428877923386	0.802633471268783	0.875964599034525	0.658561514192746	0.799590612361941	0.736761342703351	0.846415325696151	0.799320115697229	0.795054239180558	0.47056536941678	0.783444956998467	0.814704999022037	0.767558117410908	0.651735958676151	0.874164703772683	0.642820046566553	0.713617850011006	0.894523143366807	0.806784074513547	0.41540240186506	0.501636343259372	0.705708991864365	0.82887819537036	0.824354828701287	0.577125729150429	0.736121720259587	0.772522390729928	0.807127780612348	0.650565071233215	0.834607628593734	0.62837708809618	0.749703075046976	0.782537581931906	0.668176544103128	0.928471451733042	0.778813925478173	0.623241883258299	0.877428602347673	0.701903248336044	0.75834574633901	0.694430727271405	0.583255043066062	0.68735773870316	0.310913346428472	0.850194417030887	0.791729651071122	0.92614390092436	0.896119608325842	0.682984593436121	0.770246357296249	0.646985290418195	0.743800560280165	0.840369643171414	0.880451143952057	0.82801974059287	0.540596841533343	0.903474128399568	0.545904894680625	0.834666012847121	0.906584145666207	0.851263002984875	0.807074494604087	0.816075067362583	0.785198470213223	0.598531863075775	0.895448887679217	0.862529614688027	0.529892492750899	0.935113986432136	0.782483323640494	0.832464272334652	0.68730251018334	0.721470914813489	0.598789988739516	0.889207331033671	0.851302804389552	0.838872800655257	0.639637639223198	0.884228717781107	0.805250531644294	0.889697033709214	0.815421832607373	0.653827091920789	0.828960212841565	0.915636038586313	0.740528114179048	0.757253952824657	0.817743630894604	0.796682567120578	0.764176362562669	0.813418273737812	0.694412547840934	0.709957388125382
LRP4	0.661802736295954	0.561017535675157	0.781786225836985	0.915004248499813	0.860018591664922	0.825117338529396	0.637930890217137	0.246397018364565	0.681304531644711	0.382467328818837	0.643174916785865	1	0.808436629876632	0.413131216234904	0.720995380694598	0.658235140696022	0.626661788573808	0.824169544559576	0.737381357213792	0.327863415458641	-0.0638782252456347	0.764413999667003	0.592546922628238	0.626178156298347	0.526823932903843	0.548000705291839	0.664671277267312	0.752062674749491	0.545261173794075	0.706089136625515	0.537209002918039	0.719390445434054	0.660963960233881	0.424744009681899	0.122008429042153	0.743299504293605	0.783754079676486	0.808445752300225	0.369890868172125	0.720457188527789	0.439141908434596	0.544040050868167	0.684949349896544	0.547453198004971	0.374615173429918	0.388842860960929	0.480610650846698	0.843041736846891	0.835995223112686	0.141143549518185	0.735079975326083	0.497920853859214	0.821439362244925	0.760869303278155	0.715873769104563	0.340851354284088	0.799368658400098	0.581285746738222	0.606906082751792	0.740888723455788	0.796387588416799	0.175139488416084	0.624650934397247	0.446187650089472	0.752482338049263	0.509778311553083	0.604585288284161	0.625855000508878	0.172423728631501	0.752022859454311	0.605447949984053	0.68869943441438	0.726643830690984	0.600773525542494	0.670448080139703	0.473992677698979	0.591581930906113	0.726887282975347	0.799336192071093	0.525744415874736	0.719959172173982	0.624590972516773	0.772425102700199	0.796975972263664	0.667382308074553	0.692420279395221	0.747740552145123	0.628787550057611	0.407956776882828	0.512282996437216	0.490380309776552	0.648354903433805	0.201557958442987	0.738774522323525	0.749494295473425	0.467264686953385	0.574343714526637	0.695207443796469	0.498089497162172	0.641119474441884	0.740572372250226	0.551347766063839	0.364297375337626	0.651779252494286	0.514094780033009	0.581068127080653	0.629650982485755	0.579914849327165	0.727304946959472	0.630216328954045	0.537443036365862	0.829722929970879	0.502140774059307	0.741334145618409	0.542107077718441	0.786465722686877	0.43109740325453	0.452462599637823
LRP5	0.777742129015743	0.696159064391643	0.845013265275348	0.878460180092989	0.816581251835294	0.807068365035445	0.703509036499327	0.38127701549886	0.686605091465812	0.529614005231128	0.732669702125509	0.808436629876632	1	0.486387069244021	0.798769612197189	0.671870527361238	0.650155032484227	0.828024689299443	0.785764631975985	0.443374993459389	0.0116847001329711	0.769023768832518	0.630091228468466	0.638747589657027	0.639028642763138	0.517149696988175	0.697499425713563	0.748739965053656	0.495626156912004	0.791926331997436	0.676412664227074	0.729773210822772	0.647974247336767	0.530396270881016	0.192976407099157	0.706782456687476	0.803874705298595	0.756974859381286	0.385252698223734	0.786266571523194	0.493644851017306	0.597036544861692	0.775411897440201	0.643815364184327	0.308917668616622	0.378569851020292	0.538345561776746	0.855088621782031	0.848333313058375	0.228636773267312	0.741840517946212	0.531208158544261	0.852281245248533	0.753829893522656	0.754239910966309	0.449435953573422	0.775876059287872	0.606665537892854	0.676819320993989	0.787656445917029	0.847294901094637	0.298167114882452	0.718159102488334	0.577382859850639	0.757088573292945	0.551345849977546	0.551505079760052	0.601966682693838	0.198096476228043	0.758756580315331	0.659026092036498	0.777689772577722	0.787137436665383	0.618346480155355	0.71937113306152	0.501780757247319	0.675613958201992	0.754566494223177	0.801325561058018	0.589715047250774	0.713902527478266	0.714242695407813	0.684734324648305	0.85291588994613	0.758782969266927	0.724713330001041	0.74916326166824	0.718049070135108	0.537597373517282	0.583987256231385	0.647338407497865	0.704137175867546	0.318897311290202	0.798798048960741	0.765182159027793	0.595101677232901	0.675248014064393	0.709504923867384	0.469616607389894	0.714172860386397	0.774862532962205	0.610008626391031	0.46006514974278	0.736988680332017	0.676991243329719	0.663904963385549	0.751185102209123	0.600363729438637	0.756992292100847	0.721550540053255	0.555325566273855	0.763257409823164	0.581582237692919	0.770540381788661	0.663805663650486	0.831951726511057	0.49672639298467	0.516123807478419
VLDLR	0.406936467518668	0.366276464383628	0.661094655715855	0.573305062202732	0.587922379655993	0.721827300656659	0.854380883659446	0.431565595777959	0.805118927863349	0.828870127883809	0.771051840874099	0.413131216234904	0.486387069244021	1	0.362205883230819	0.758976647580521	0.579396522751686	0.721171686453566	0.753803153746881	0.618699569550566	0.590877148193126	0.786440022564034	-0.037950991887923	0.896400016008026	0.710450900861319	0.723040695256024	0.77267137242481	0.754016218848929	0.731963256961337	0.409497071113928	0.384374923521602	0.797334997754521	0.845652942257793	0.798597556722257	0.617524991743804	0.687213839721411	0.605683951338923	0.646663211727938	0.89793579991611	0.69722166075919	0.416073426032793	0.565161272152387	0.644097075657656	0.666387744807313	0.632092953777394	0.731017829996668	0.729186403243806	0.5983597198723	0.646645899179211	0.777075343990484	0.645909518748977	0.872793208885348	0.509705386477377	0.412837016350828	0.691094734299181	0.615569367341771	0.638822609387899	0.864657089342079	0.289350262672903	0.81265423455817	0.487043846079732	0.608427328037718	0.726351807149677	0.381951306165523	0.505977096296186	0.625673416921978	0.637516966005822	0.789381141858911	0.608313505951419	0.789142572719028	0.800100572536242	0.748832539455526	0.655607026599679	0.719208923665584	0.659104685826149	0.584466127679934	0.361278842550383	0.744829391116344	0.745770561700773	0.827257355895132	0.160991414797467	0.813975413832248	0.344858756489666	0.572565096482447	0.726153843858357	0.775973479644141	0.727374709889108	0.624370954948912	0.734092763830336	0.241314312754491	0.814411627614922	0.66704995373747	0.456335610430917	0.769062860887935	0.718330386093927	0.77501905032397	0.373721818329822	0.572348827946057	0.772263649576847	0.776726431112691	0.719760080191319	0.902185776767777	0.469999846662449	0.75397626483146	0.486347750587637	0.717201283844841	0.589050448254935	0.493703073300973	0.743571729553923	0.796160763232543	0.827568684902165	0.670101294713123	0.864954675892982	0.572129057846821	0.425967420096382	0.450218096594132	0.659685398875407	0.657586649366328
LRP8	0.753909741299762	0.781847004334542	0.781276161289439	0.764562834308266	0.714872287877516	0.652091360736028	0.577993266878174	0.448903313704468	0.481310737123403	0.406410074308172	0.689362156711609	0.720995380694598	0.798769612197189	0.362205883230819	1	0.494814676657197	0.455419624769991	0.730185828505967	0.689613684799337	0.391572109467201	-0.0194207616814261	0.675841374893018	0.76943347645914	0.47795325474132	0.540088367774525	0.350146042426831	0.56928916633524	0.668303477417686	0.387902214954919	0.879350826626751	0.74974236589915	0.641842583812656	0.484529997103512	0.441049610106408	0.199700250312071	0.614248216366181	0.771955409619289	0.648674694182366	0.252172910252538	0.740653196853374	0.608369594520814	0.635203691298439	0.792237005046399	0.534010289591388	0.161490959738689	0.213393097058761	0.491316124792784	0.781253234750458	0.78417356973844	0.0987914935955983	0.572348677360315	0.397926296193467	0.831459160428565	0.716911509927502	0.607568806114208	0.466783073702683	0.647894977515133	0.493514430722452	0.68523790130535	0.716718960068506	0.894329512437092	0.329950524920076	0.674315791357442	0.659955054186011	0.708335886145903	0.484132099285111	0.334151390849315	0.425068908209799	0.115269699401444	0.633544774867522	0.49759590768737	0.722000189806672	0.724009948570521	0.446178743141338	0.628785682150196	0.485457523994247	0.750755481032646	0.624466482577819	0.679871260919853	0.420003816689257	0.713230733665369	0.653495433431887	0.563451891116165	0.827011380334901	0.687861957873146	0.656992536842897	0.654769106114389	0.632806635178503	0.431973513265677	0.668732133214364	0.587045896224312	0.738607384458287	0.359419457002571	0.744591521904619	0.590134857102948	0.518989416531884	0.643680106561243	0.597437293358898	0.288153430035257	0.640378395491127	0.688798458856759	0.529221584852477	0.510968387474346	0.676449933173347	0.748699217820982	0.605065483716603	0.783712140292975	0.603604123908139	0.633306297172787	0.643004553096148	0.400471904403648	0.577725512748784	0.396754703197119	0.785842498636486	0.737636096547011	0.879382567580632	0.440528307129422	0.4538904535303
SDC3	0.624635760056342	0.514980988861881	0.721555677229545	0.770544253597325	0.778763379658727	0.877475385608605	0.786985310689994	0.229353989867148	0.893864882267489	0.801521798057066	0.765462858404105	0.658235140696022	0.671870527361238	0.758976647580521	0.494814676657197	1	0.908121509561127	0.838434206638265	0.90885147056486	0.531679825781929	0.205469596491417	0.82448439245474	0.252841940193827	0.853377134539759	0.852230723566006	0.939445643577561	0.963030382708785	0.786631755162225	0.572773849017814	0.589178398211319	0.520496264462901	0.717035699211287	0.935751113126955	0.657406963378243	0.21125240425258	0.620535428588327	0.683554085504194	0.770510568819152	0.720701248451981	0.773905502992257	0.262224802338848	0.419885779822571	0.622826681798919	0.884381896236786	0.711340362002264	0.871877167379649	0.566944412572982	0.793653263007265	0.868929646997068	0.611114671353763	0.911800580670949	0.815255403027238	0.654508499930337	0.676074394364159	0.769786138546321	0.423197023434702	0.856866690895567	0.885012150114666	0.532323608124595	0.830376354044234	0.593894076573227	0.291041559811828	0.727374618625168	0.41117604146394	0.697587061989858	0.710292166270356	0.905396294735469	0.931936802554484	0.678259764144282	0.890174194923194	0.964329319009816	0.795935835306321	0.824625247643984	0.904460059678853	0.667821406011577	0.377432358667291	0.442813569201071	0.91168251700216	0.926319129697271	0.835874696365208	0.442428844850437	0.773899631639243	0.573607503337172	0.719369783925924	0.835822501664462	0.766447110587074	0.825436464467723	0.744301890327163	0.667222561936249	0.352236918356449	0.75728698870764	0.613662161430768	0.15361691895251	0.813070381594032	0.839952642248883	0.791252693694471	0.430007929974841	0.825872622511065	0.902752175916937	0.849061527903707	0.880812251335693	0.800029017317866	0.247355579864807	0.804670867235796	0.536801228202494	0.720041946341186	0.715012454385305	0.474337962817559	0.792690015667013	0.883184237211161	0.93611818686155	0.880602462743049	0.85979317306428	0.665675506664805	0.561844923204989	0.615451207284356	0.589784818861629	0.592409195862968
GPR37L1	0.699269050890814	0.557657945251115	0.683282081049679	0.722689317114792	0.71964882896494	0.813171939091563	0.654499258630273	0.157084466886485	0.774923532704182	0.705167724065499	0.644543387644271	0.626661788573808	0.650155032484227	0.579396522751686	0.455419624769991	0.908121509561127	1	0.730660531902901	0.804570112242288	0.454482931575679	0.024232718794016	0.713005054450143	0.337332457790562	0.686919158767989	0.833785590885247	0.852814783941034	0.882923935099506	0.678066472779824	0.367523724606816	0.562725108960746	0.552636880246513	0.56168116588311	0.823571141262813	0.53541816546475	0.0157230529486828	0.502344056308012	0.626255096407279	0.676240912261626	0.498553060153871	0.68871182447546	0.153049790362641	0.274312005314794	0.544755432213872	0.887438106482878	0.586702562243973	0.761171353475656	0.458196524728734	0.742875343477669	0.82227880033857	0.431171850551689	0.902532087213127	0.652399516127608	0.604608675507676	0.689061178187962	0.680634494248561	0.259570033899112	0.800761022723468	0.737586978495949	0.617915906095845	0.715678281459763	0.544306548496042	0.110656392647268	0.627630388613725	0.43473675571556	0.701203008322974	0.653520113725119	0.898229393745733	0.813500108122792	0.539116689291831	0.769234294611912	0.880639811744164	0.727815084808437	0.786996765982448	0.855875409155096	0.544062909210334	0.261855371320762	0.424028937673039	0.851584101318434	0.852851113055603	0.710379198171201	0.518433816971811	0.650776897397642	0.568233141038185	0.647478794046879	0.776808892986647	0.633158345192048	0.725013044385765	0.731694977732535	0.639428155664918	0.291818190103338	0.666435864326953	0.476749948695809	0.0722759327631668	0.717885011255188	0.773512898236183	0.737676786306042	0.465432602234442	0.811518391046232	0.769350679803743	0.748940680655799	0.809065605752083	0.649336991054122	0.154189535153868	0.68728522985917	0.530565732189937	0.678237835357409	0.668907163563179	0.349004360169171	0.678166449656013	0.816582195555887	0.820721886108824	0.824889282039148	0.761413427248609	0.559789567287862	0.586668269200685	0.594776226488525	0.536696713712975	0.544250242742202
FZD3	0.728523258999052	0.65841514106409	0.895996117158615	0.935868811757749	0.925603374083642	0.930096000886192	0.88145069517561	0.489541714456489	0.883688711227847	0.690187076706453	0.882556067964959	0.824169544559576	0.828024689299443	0.721171686453566	0.730185828505967	0.838434206638265	0.730660531902901	1	0.91112052636025	0.582794582467405	0.220688430841946	0.939920810330187	0.469610478964888	0.876664686649821	0.74278000656124	0.725637797692176	0.866142957862791	0.915373156078273	0.706490093334939	0.790241184830835	0.647120400075321	0.904634314659771	0.855485778178581	0.718110836358387	0.363972012013025	0.852608062657818	0.876279206507116	0.884420887735835	0.65052337088822	0.868453253184463	0.555187313575624	0.706331500118163	0.827808512642138	0.752646149605613	0.541990211032606	0.584323049825736	0.69217166504274	0.906043043348621	0.912635794248093	0.437721668268985	0.827908434490096	0.76643620702803	0.881370096495643	0.7480654592839	0.889680784610454	0.604190687241629	0.864971990025719	0.814385855002662	0.632048366333866	0.934856986859278	0.850394410200187	0.464126983010428	0.822335990102694	0.580029846305396	0.812561861366823	0.672520604087742	0.721196011252039	0.807480302789587	0.354807796835286	0.903042257865232	0.829571935483729	0.896596252720168	0.897178977849824	0.749351764541095	0.841293937833434	0.636774925460218	0.677574296408272	0.889150074261217	0.958014209530143	0.800252909721978	0.616981070315552	0.845603840202877	0.697049277208602	0.89984244087188	0.846400215126779	0.870336516982115	0.902217881396215	0.802259912298952	0.650459045956039	0.565279634244942	0.771878595181569	0.838700244102522	0.414756487918055	0.924193779823251	0.869926702860744	0.71078453291677	0.648622340617827	0.778926308860095	0.702214789191613	0.859292559780441	0.883732139899806	0.820019901818109	0.56041898820996	0.863652106559935	0.673201801076797	0.798499590673547	0.782537043464354	0.695620186577842	0.875224711034547	0.854883146674048	0.772112501960609	0.914240159566031	0.75404967378833	0.809106619469323	0.666314532005625	0.843936031255861	0.596235697711547	0.606091284355149
