""	ERBB3	THY1	KLRC2	TNFRSF1A	CAV1	CD9	SMAP1	INSR	MYLK	ITGB1	LPP	LRP6	PTPRA	CANX	ITGB8	APLP2	NOTCH1	TNFRSF21	CELSR2	LRP1	SDC3	NOTCH2	C1QBP	ABCA1	TRAF2	CD44	TNFRSF12A	ITGA3	ADORA1	AR	ACKR3	IGF1R	CD99L2	GRIN2B	LIFR	GPR37L1	CALCRL	RAMP2	LINGO1	GPC1	RAMP1	MRC2	MCFD2	SLC16A1	ITGAV	TYRO3	MCAM	S1PR2	GPC2	AMFR	PTPRZ1	CD47	EPHB2	CD81	SORT1	RXRA	CD63	SLC16A7	NRCAM	TFRC	NCL	HLA.DPB1
ERBB3	1	0.925788328588323	0.907798767382324	0.773949964245624	0.609326676331517	0.574267622977244	0.848580981986146	0.352654279146564	-0.0145803178884028	0.806753473117956	0.766981262128585	0.867450440074459	0.793684659800427	0.74257878400988	0.802563110537479	0.797433486614411	0.858870968284517	0.887323696994975	0.796859401368666	0.82254151200079	0.82062555546187	0.634921762409097	0.886250188723226	-0.14990374663016	0.698354550286611	0.152252647984872	0.734228957279857	0.621685442714567	0.888708874700449	0.761644790070058	0.710942923459987	0.354122190020454	0.833989304954322	0.780647364428993	0.779010664414392	0.888018390045746	0.69249292533158	0.851928441650586	0.862846132975479	0.7764225959772	0.852740712688894	0.538176914282557	0.764796728893345	0.421977752866135	0.662702166654732	0.890527554368178	0.888008020341116	0.831297583634517	0.834511043003307	0.77253132011683	0.914690095380494	0.863727837096974	0.767686616196232	0.877243666763958	0.795239516818442	0.0125037345873806	0.837906639698841	0.554529322463431	0.806751631884941	0.67702733736525	0.842899510798707	0.583514509082507
THY1	0.925788328588323	1	0.938068202243448	0.767856679236783	0.591622172872234	0.589777183846158	0.875326224677957	0.290459647874468	-0.071016699990435	0.837301169013325	0.73827139683401	0.831842537702991	0.786676557105872	0.752643123693989	0.773202708411737	0.834174679537801	0.894070526581068	0.844923052181273	0.769319777762278	0.774288614915066	0.788083676669251	0.557733582988431	0.962452575284253	-0.229216255375159	0.794957487900506	0.134695513161416	0.768234581728736	0.576309467626334	0.880721357706524	0.733040945638186	0.786130435257222	0.276159144881421	0.843512132997706	0.791138085997925	0.774939361802536	0.859977852529347	0.661305507725132	0.862977772945222	0.860658422307393	0.791611937950681	0.856425551544994	0.502092254930951	0.768667843907413	0.427377413239243	0.610033519640506	0.883465245556365	0.929016918668341	0.850174286667318	0.896132181684813	0.751543113988324	0.897850372468299	0.904690888879067	0.818371235492346	0.860722202105457	0.812571391849241	-0.0507735863402708	0.874622143044244	0.532956930566889	0.775207209070646	0.664128344296241	0.930623253538492	0.633647158027289
KLRC2	0.907798767382324	0.938068202243448	1	0.76575859948273	0.613002172169109	0.585678566638918	0.861349325369163	0.356979175070888	-0.028883363269115	0.823410463086351	0.747907868424578	0.831488314141866	0.785850040721789	0.751120405088898	0.75821989128422	0.807150741803416	0.852078220625606	0.838195038040405	0.777127840798228	0.785005526804149	0.779616520827432	0.592436358938979	0.912400920207285	-0.158351923667887	0.776416210284947	0.135799455722858	0.743081383518395	0.592234510875904	0.842109958765796	0.72703740112963	0.728508223930933	0.334293059175571	0.844588376814334	0.77377224520186	0.760752213010763	0.822911043785851	0.692964188030862	0.845692620305094	0.846288418809989	0.772627621137877	0.840527761321032	0.510254272247166	0.774912947722538	0.454385775381619	0.617672256141125	0.859679212304488	0.879970501682295	0.842405302135621	0.858081532055707	0.74631071265605	0.880923944266475	0.875239484101572	0.782461188700776	0.848693415301114	0.781435627293606	0.0231312430544095	0.847712338774998	0.550759640950613	0.779051278248834	0.665745515744012	0.876122260062339	0.611711685259356
TNFRSF1A	0.773949964245624	0.767856679236783	0.76575859948273	1	0.848027121684905	0.846586966946638	0.863452544169495	0.549289974855667	0.317680869348204	0.907444098842496	0.887413485859123	0.808782392357365	0.891147269722461	0.874736877527562	0.867262334253881	0.906209005996446	0.777622676864115	0.822413308428929	0.820193442265207	0.870821645659682	0.887372804418658	0.782860034037645	0.7825266468406	0.227581423314163	0.719799047645185	0.524212969169979	0.819498569502527	0.798426020248842	0.77650846852503	0.812614555796269	0.746649317986015	0.616207751605103	0.876804070874888	0.865695164200221	0.886745847167495	0.715869477840204	0.772345360489728	0.840627199381425	0.875415289028141	0.911083679930339	0.864301253456865	0.791056078124788	0.854420834776537	0.666012903467973	0.845544992715736	0.787774754617401	0.74420706566709	0.788396587545132	0.675626806430378	0.849078631952961	0.860386073288322	0.893207320558032	0.782287711754823	0.911067776624122	0.831770990858502	0.38164141655652	0.927929455032019	0.768579708092713	0.886363662332014	0.762002867657259	0.788617182434565	0.623746446648772
CAV1	0.609326676331517	0.591622172872234	0.613002172169109	0.848027121684905	1	0.877827143197907	0.792023052239485	0.66798047164482	0.514347199795059	0.81407890454535	0.836456064353154	0.726692458986096	0.805850838276469	0.843298220429147	0.778035571391728	0.797143267354134	0.640170348394758	0.675045320926951	0.720147373838321	0.822761004036744	0.77591927963576	0.783591991564454	0.666893935749942	0.412934191188283	0.673684361881074	0.532451611712239	0.704420395566038	0.735091590071348	0.600094382069884	0.741074296718429	0.594898805029026	0.73702833987377	0.771556926560304	0.709217061035987	0.756202060243675	0.514350259415372	0.772433849309619	0.764880016594042	0.782770535015393	0.812170442892041	0.708008765615704	0.749850694752416	0.819960222581045	0.811077931882596	0.803191642014381	0.626913664223171	0.570365587778853	0.679106884481408	0.513512610072134	0.762374004480148	0.716453198925162	0.746249736207857	0.735485666981635	0.789827434735149	0.720429895894054	0.61176005907671	0.789631528652875	0.753316199918179	0.764769433865513	0.764122888349863	0.707725881478148	0.594185273861381
CD9	0.574267622977244	0.589777183846158	0.585678566638918	0.846586966946638	0.877827143197907	1	0.736629745213829	0.537372908907678	0.486871053761647	0.782558942938158	0.751678371874992	0.663617437560288	0.744281616962567	0.825531832924645	0.712299770905375	0.817856912905809	0.622166166667356	0.670492495678896	0.63917495397519	0.736536537669874	0.757881995188045	0.716934349174915	0.646449267397299	0.330311292192095	0.649546943801195	0.503843757214248	0.624992756429786	0.642664129077518	0.570510168897085	0.712396399626158	0.597802403449678	0.631925931186725	0.750748261028891	0.657436008573591	0.75172759550545	0.50175052173845	0.682642825924718	0.705931647383915	0.754380336813239	0.773366736054619	0.6422445323238	0.721018502730906	0.783128490832219	0.779085500307269	0.736266271589201	0.548947763309843	0.554737963197878	0.674278119586866	0.497522489144106	0.709498545301575	0.655192789362498	0.746201080503621	0.698722370938977	0.769433174192514	0.67330199511388	0.599774731525416	0.804859041623595	0.714337822538014	0.711923002829306	0.716665689566479	0.681562241161408	0.537298748629145
SMAP1	0.848580981986146	0.875326224677957	0.861349325369163	0.863452544169495	0.792023052239485	0.736629745213829	1	0.622801645027578	0.247707738974942	0.938351117293723	0.900033726946729	0.894830218221806	0.905156971355565	0.922891050655801	0.860392999552935	0.918566432494547	0.897316791646618	0.845369652166116	0.862501677413888	0.905593275792209	0.860806837910977	0.759768798677778	0.913849300342332	0.154629069081334	0.848547408272819	0.368403487590836	0.77570543031787	0.715657284403907	0.816070834328849	0.842571187996308	0.796229526891204	0.603150000905846	0.893841164778472	0.843677237380733	0.850903565293141	0.768418573989115	0.780553878168957	0.903342789668809	0.917281957678209	0.867412914685598	0.870227856505808	0.703741191966241	0.914972566365025	0.716028415262027	0.793919114937265	0.841530295034447	0.848672489556118	0.828154717349325	0.811442889744174	0.878424928836827	0.892779632901013	0.926942798149731	0.905734629735334	0.924764738044556	0.881808850336742	0.307545987847107	0.911035967222893	0.734282663114086	0.877462299145141	0.833286366971951	0.929790380821844	0.740683363861702
INSR	0.352654279146564	0.290459647874468	0.356979175070888	0.549289974855667	0.66798047164482	0.537372908907678	0.622801645027578	1	0.508045064426967	0.599741606277163	0.704230506737282	0.570278491242138	0.65836041655441	0.705691788203135	0.586700926110314	0.583635952195145	0.480960159478282	0.416463370553225	0.589611109278544	0.673278833942758	0.54232390134256	0.694088630728008	0.381838698957104	0.642929772921712	0.509098257106087	0.45103483433753	0.382073536488005	0.586415606642756	0.343536142945543	0.588902094943995	0.444172808418019	0.792330576843444	0.53551387232014	0.513241138209509	0.51695561633461	0.297624072980803	0.597123879155881	0.524783410715084	0.570441067186046	0.543490581072058	0.487628884830313	0.65976230432164	0.664742998729449	0.775238241179969	0.68111114236586	0.41767798482864	0.339176996479771	0.396650304415786	0.30540658193019	0.63729530496083	0.485219237959714	0.503109982541209	0.566528914221717	0.570285435485534	0.557053399858161	0.661780284644218	0.488891402266539	0.628093828492142	0.612336818779823	0.619758038668267	0.467802017861756	0.496818167057462
MYLK	-0.0145803178884028	-0.071016699990435	-0.028883363269115	0.317680869348204	0.514347199795059	0.486871053761647	0.247707738974942	0.508045064426967	1	0.30653768236375	0.375697728871719	0.170624485910312	0.296162712187387	0.382470310915738	0.269746945886553	0.261998648943272	0.106387090537817	0.122551447295011	0.253510165023038	0.314865161980571	0.227905117282899	0.478818718331411	0.0465107775681656	0.719095704264418	0.174879247234697	0.58676112493494	0.118934151480013	0.285138481873108	0.0017447246378275	0.271324447976391	0.0859970406200983	0.614935646547908	0.207183742787312	0.155467508606014	0.283524561686186	-0.0216775466940803	0.288804191634194	0.227769942847398	0.204112632911955	0.255298505410862	0.108270897127032	0.459185469496553	0.349492459361023	0.577217195522314	0.429556530162691	0.0142772653606433	-0.0405462567069772	0.05133148448924	-0.0549621394195781	0.294355819414213	0.0787693771221797	0.173725715418775	0.224152628648654	0.233022206533871	0.212964368685222	0.723118976431638	0.232112587082476	0.496096253479701	0.258071293325845	0.371373953250327	0.116017401487119	0.246593742688515
ITGB1	0.806753473117956	0.837301169013325	0.823410463086351	0.907444098842496	0.81407890454535	0.782558942938158	0.938351117293723	0.599741606277163	0.30653768236375	1	0.936326315008683	0.887321347691801	0.934245374017678	0.905975915058373	0.915126964757434	0.958980185623394	0.88858136561225	0.849481537832493	0.900860528408779	0.917783129797193	0.915070310176007	0.7991083206915	0.87081660845688	0.206335873963766	0.830822350819662	0.476687794028196	0.837410905433602	0.805190973349332	0.812157936321423	0.854463243641824	0.819662493662966	0.63521694986436	0.918051834367775	0.893518485365141	0.892922321874835	0.737325297489919	0.806584496283221	0.913333593440761	0.928907352044398	0.932587542489777	0.900684090979934	0.779094479342329	0.899418261926388	0.70300583659827	0.863737678258499	0.845974085707237	0.817191055427656	0.815375078502699	0.770823211654276	0.904111616064524	0.91202501333766	0.939705422350943	0.895805664402072	0.948000141202548	0.901637865377528	0.342039902775132	0.945424770166782	0.798379094180703	0.923786341699384	0.807617528001783	0.89897590395143	0.729204370463457
LPP	0.766981262128585	0.73827139683401	0.747907868424578	0.887413485859123	0.836456064353154	0.751678371874992	0.900033726946729	0.704230506737282	0.375697728871719	0.936326315008683	1	0.877255638421029	0.941709199303368	0.904051212548053	0.925000692566434	0.921143541027042	0.838596478764672	0.796936228644059	0.90983612642435	0.944153489861796	0.914599445686598	0.864651610626187	0.772119097006304	0.356104299005343	0.78074743141345	0.503940605524027	0.786682725795219	0.840309520974113	0.768252218445281	0.853776760800851	0.779283584169189	0.745084868769798	0.884566241755558	0.878164619545094	0.879649126974046	0.696804495494661	0.823445748245016	0.871684313476558	0.91400039033486	0.908810645771267	0.865004169551437	0.843779704461951	0.8827195266499	0.751729755200912	0.916523284494045	0.814920677370384	0.742806662086813	0.75313941700743	0.69102989324156	0.917393006667844	0.889079240870161	0.876177948011154	0.863106611560687	0.925869405452614	0.887840746335196	0.468533903686395	0.8814335787461	0.827481709508997	0.935469194032719	0.804305184969607	0.812378791678259	0.686506602689194
LRP6	0.867450440074459	0.831842537702991	0.831488314141866	0.808782392357365	0.726692458986096	0.663617437560288	0.894830218221806	0.570278491242138	0.170624485910312	0.887321347691801	0.877255638421029	1	0.867604212613235	0.83614637363749	0.878334575570259	0.87714714182219	0.910732126597661	0.826046025313182	0.892164396025001	0.892846723110275	0.869387287915801	0.786003830201041	0.845517394159608	0.133507692406253	0.76547531847731	0.305099623476481	0.704227761753993	0.742154748794285	0.794507420831114	0.862944414194723	0.791208987167874	0.585093996675598	0.870360720434116	0.831190882152509	0.841265351144669	0.732201370444269	0.817517668903721	0.835762207582837	0.900225258838531	0.820569819498027	0.846121218776113	0.718675168035932	0.847821204907907	0.639557425026122	0.814288735907011	0.845013599200154	0.845866377930839	0.802309730235197	0.75788527677795	0.871967808023729	0.91248056547016	0.886199754515557	0.868946528351765	0.919158999995184	0.908306464921699	0.266668023023372	0.828151059193087	0.704827484413964	0.882259215771369	0.794549449949954	0.874579976127755	0.653687818379297
PTPRA	0.793684659800427	0.786676557105872	0.785850040721789	0.891147269722461	0.805850838276469	0.744281616962567	0.905156971355565	0.65836041655441	0.296162712187387	0.934245374017678	0.941709199303368	0.867604212613235	1	0.883806479372666	0.922683549912258	0.924965134572986	0.834005933811178	0.834677880146538	0.884946518871919	0.928918275797275	0.90854277624271	0.816604349104001	0.802827010016534	0.270492115293865	0.778499984728614	0.468745758826744	0.80927476859297	0.807247977119232	0.811005402502894	0.850021486309863	0.787127958475227	0.675048980157684	0.891474103954012	0.883239902971991	0.857295902036915	0.760552603272856	0.825523299535244	0.898536738021319	0.918162433791068	0.918260506377162	0.911667649162111	0.797176174424379	0.87206782094869	0.675793300271295	0.89051534614836	0.863107710558342	0.766496788922536	0.762103690943805	0.72514994309894	0.891325495862694	0.90849338120676	0.904201322299932	0.839756949603552	0.930498549131764	0.882584393837749	0.370478180539369	0.912964090653078	0.788382521698967	0.94119142125048	0.753243109257883	0.822113615210076	0.673044576051143
CANX	0.74257878400988	0.752643123693989	0.751120405088898	0.874736877527562	0.843298220429147	0.825531832924645	0.922891050655801	0.705691788203135	0.382470310915738	0.905975915058373	0.904051212548053	0.83614637363749	0.883806479372666	1	0.842910288178497	0.916616031481853	0.814470654413282	0.791649021671843	0.80784147113108	0.901912630142068	0.864421216705565	0.804630976255989	0.795955281942515	0.344899515757144	0.779118505161807	0.484648435087489	0.722122997321876	0.733731255652526	0.705811893714738	0.834393838625593	0.727941872328054	0.730263541590423	0.866437748583882	0.811469828585184	0.848031960208012	0.674315499984688	0.75402094385109	0.823475462259516	0.885510272542967	0.860503956683851	0.790809275836299	0.77638482528385	0.943114319813079	0.843152828629062	0.823881362698475	0.738721139857794	0.73502535409677	0.761774210861692	0.684725157497228	0.871276730092099	0.815472810524335	0.870186639715297	0.842534713996353	0.892935462522121	0.827442749298258	0.51100146209738	0.885230155520234	0.77260254821998	0.860351057890032	0.849453643621031	0.844933730516408	0.695691858520263
ITGB8	0.802563110537479	0.773202708411737	0.75821989128422	0.867262334253881	0.778035571391728	0.712299770905375	0.860392999552935	0.586700926110314	0.269746945886553	0.915126964757434	0.925000692566434	0.878334575570259	0.922683549912258	0.842910288178497	1	0.916155957784605	0.834672416209243	0.832724039443848	0.900122744070396	0.920018927243959	0.929990450921315	0.821424410020494	0.771891181724053	0.256154350840589	0.729204411612272	0.476319984312085	0.791783508105109	0.827957358390333	0.803144093275621	0.855517655455995	0.782756140182306	0.677723455206383	0.882272313459322	0.893222205154607	0.871052019607504	0.758617227172299	0.810654368499376	0.879245333253709	0.906831792589773	0.917878022643533	0.919348886641268	0.824592866246067	0.839913776548588	0.62071118621321	0.91629496629873	0.868736860349495	0.753903467739659	0.747743589674609	0.699392220084374	0.892831504516975	0.921869209766536	0.886846565102649	0.811934637376656	0.935449994668721	0.896279625924125	0.334987048178576	0.891086607187123	0.786688991424905	0.944522069822212	0.716087894526672	0.797230938564065	0.633981418647155
APLP2	0.797433486614411	0.834174679537801	0.807150741803416	0.906209005996446	0.797143267354134	0.817856912905809	0.918566432494547	0.583635952195145	0.261998648943272	0.958980185623394	0.921143541027042	0.87714714182219	0.924965134572986	0.916616031481853	0.916155957784605	1	0.88558149575335	0.843183884137044	0.876235508337752	0.907493341982836	0.929733234486081	0.789788145485372	0.843478541790639	0.20614020440455	0.823405199276973	0.450098946000942	0.802789115530088	0.801781535869966	0.807620602247075	0.857833030222098	0.842548153135883	0.635243637664873	0.91381585955741	0.898540584639327	0.89409885923277	0.751474647297621	0.788024048573317	0.876660053176883	0.933138627144014	0.931855426724712	0.895425965191923	0.804352261263295	0.888875945813755	0.700827733262449	0.866076295188925	0.837604596319955	0.80761737806319	0.808355826751185	0.751017187039089	0.900177617765849	0.910087992596669	0.943021319709742	0.872551471895758	0.948510605850359	0.901545580155806	0.352156203266088	0.946576009485126	0.792493174806207	0.933201243608885	0.781812992538883	0.880980029900052	0.702957940012936
NOTCH1	0.858870968284517	0.894070526581068	0.852078220625606	0.777622676864115	0.640170348394758	0.622166166667356	0.897316791646618	0.480960159478282	0.106387090537817	0.88858136561225	0.838596478764672	0.910732126597661	0.834005933811178	0.814470654413282	0.834672416209243	0.88558149575335	1	0.801024383761523	0.874214489763576	0.858263186898448	0.848719119332939	0.706217505582279	0.906066781672044	0.00460089656182361	0.81752012260967	0.258922810535128	0.712163706340304	0.675471373666534	0.809993741147371	0.804369407572849	0.841492184878586	0.472671715863647	0.861223447356628	0.819761832809815	0.849239054500389	0.751123759386357	0.748415369289921	0.84866117372598	0.906752894540339	0.805698049431651	0.844298184251186	0.640889646421433	0.822314930314136	0.568204009477915	0.749192590042217	0.854999487961172	0.89705900554822	0.809778328706378	0.823179160924067	0.85254389606352	0.902096141661109	0.904078482593715	0.892030448769388	0.910293954205721	0.909034829451174	0.142416217938071	0.84604685135597	0.658191539712726	0.846474484620548	0.769733372360963	0.913137575815507	0.688597858613667
TNFRSF21	0.887323696994975	0.844923052181273	0.838195038040405	0.822413308428929	0.675045320926951	0.670492495678896	0.845369652166116	0.416463370553225	0.122551447295011	0.849481537832493	0.796936228644059	0.826046025313182	0.834677880146538	0.791649021671843	0.832724039443848	0.843183884137044	0.801024383761523	1	0.791616701573794	0.83139358324505	0.850792935054997	0.657321007675745	0.83208420558273	0.00362861941140528	0.71488535477276	0.324358917904863	0.773505306575503	0.670714053949488	0.814860457711012	0.799413365337634	0.716188344578491	0.458071797773271	0.852888738040453	0.802235665725592	0.811544323980919	0.844183382453936	0.67458720586171	0.844726575643685	0.849745923212484	0.845722836161784	0.880996394845097	0.637530053686482	0.790231079323997	0.499848462571144	0.737743193216077	0.83998120120121	0.810122094053872	0.774024823246675	0.727408875335143	0.798022614529168	0.874101206727321	0.879724823841647	0.751722713045956	0.883671576902501	0.798260066853707	0.139743659758359	0.886096870861205	0.641954623062385	0.846576880234844	0.674597693990724	0.801231076776426	0.591812254205898
CELSR2	0.796859401368666	0.769319777762278	0.777127840798228	0.820193442265207	0.720147373838321	0.63917495397519	0.862501677413888	0.589611109278544	0.253510165023038	0.900860528408779	0.90983612642435	0.892164396025001	0.884946518871919	0.80784147113108	0.900122744070396	0.876235508337752	0.874214489763576	0.791616701573794	1	0.896720284468581	0.891674358150183	0.802535317039865	0.790255266251075	0.203944533528177	0.768689283334826	0.398190611430667	0.748951794312638	0.793118812731117	0.793979974063794	0.827417057841643	0.798851555378507	0.628711062072204	0.862303561885587	0.866004824887384	0.859154316497487	0.708037635878	0.822373564716824	0.847450936471519	0.897966056689729	0.860511518998661	0.867145159206807	0.766605486364359	0.809035845186507	0.604851690814368	0.858217985464588	0.860437667063777	0.781629744127449	0.741141098274215	0.728187287051982	0.874320717364984	0.907070438584034	0.865847509745846	0.834627097260126	0.911078211071303	0.890960110408862	0.293674387434894	0.839628871520578	0.771382384136795	0.903414466038165	0.75017260452483	0.820643153392597	0.651080563499723
LRP1	0.82254151200079	0.774288614915066	0.785005526804149	0.870821645659682	0.822761004036744	0.736536537669874	0.905593275792209	0.673278833942758	0.314865161980571	0.917783129797193	0.944153489861796	0.892846723110275	0.928918275797275	0.901912630142068	0.920018927243959	0.907493341982836	0.858263186898448	0.83139358324505	0.896720284468581	1	0.928678197719445	0.848390103975403	0.794224892993916	0.288351737886751	0.760909306480467	0.434652729589625	0.76203412951306	0.809085332961067	0.794599335951115	0.863811375758451	0.759461552101258	0.720964135836099	0.88674403649422	0.85513737781334	0.850162148911574	0.756977367721086	0.833672614294633	0.883588671345098	0.92983070734334	0.902341019458259	0.877713878174475	0.811116817234936	0.878383482427275	0.727818735743682	0.899785112061445	0.847266139260345	0.754196033101568	0.766671849929572	0.718112609834035	0.904677323880564	0.917806877865015	0.872545734742488	0.856695317359888	0.938819917733985	0.873291540792768	0.440056256705813	0.873492274340066	0.78868228935438	0.933648280471018	0.798408064637226	0.818400817519983	0.680901218735029
SDC3	0.82062555546187	0.788083676669251	0.779616520827432	0.887372804418658	0.77591927963576	0.757881995188045	0.860806837910977	0.54232390134256	0.227905117282899	0.915070310176007	0.914599445686598	0.869387287915801	0.90854277624271	0.864421216705565	0.929990450921315	0.929733234486081	0.848719119332939	0.850792935054997	0.891674358150183	0.928678197719445	1	0.806273723953138	0.782404352325996	0.169065705893666	0.731930726065562	0.426621744724035	0.813952748267914	0.843480136218689	0.813659625315473	0.849818041942751	0.777922495594793	0.639180716128892	0.90227564494394	0.902975214490638	0.881961946407219	0.770761341823404	0.78882370206565	0.859506963862409	0.929192709406713	0.940369367563176	0.890556009140141	0.815336343491883	0.83603637749317	0.631971084582383	0.887875482730265	0.855813120024402	0.761718050613696	0.778957691874567	0.703338912316602	0.894719098067161	0.931258492547718	0.884053875337627	0.832076481772447	0.951007154478082	0.879721066828608	0.352129889873302	0.906139840993269	0.765978695902255	0.940292119944491	0.738060509592966	0.794112076796061	0.616694205146325
NOTCH2	0.634921762409097	0.557733582988431	0.592436358938979	0.782860034037645	0.783591991564454	0.716934349174915	0.759768798677778	0.694088630728008	0.478818718331411	0.7991083206915	0.864651610626187	0.786003830201041	0.816604349104001	0.804630976255989	0.821424410020494	0.789788145485372	0.706217505582279	0.657321007675745	0.802535317039865	0.848390103975403	0.806273723953138	1	0.60365247150064	0.487791343348142	0.611956943404117	0.547765724323791	0.578806085845432	0.735199037400691	0.604906809065971	0.788875285760831	0.634023769664516	0.776572851165806	0.755605854227627	0.722951294360609	0.786273157851405	0.549629476494252	0.77506712583159	0.721287427892017	0.786071771156123	0.756751730921292	0.722263053025103	0.814223441439826	0.77859563007713	0.722225651997316	0.877030366295565	0.656916197842249	0.574574362531883	0.616097150742175	0.50676510265261	0.814207666257364	0.73688332023544	0.744556772541444	0.715009212459822	0.820295413534817	0.793731946809401	0.561896234760367	0.728177988659972	0.758812005026999	0.833906209734197	0.725224498478607	0.650797942139159	0.574637645097555
C1QBP	0.886250188723226	0.962452575284253	0.912400920207285	0.7825266468406	0.666893935749942	0.646449267397299	0.913849300342332	0.381838698957104	0.0465107775681656	0.87081660845688	0.772119097006304	0.845517394159608	0.802827010016534	0.795955281942515	0.771891181724053	0.843478541790639	0.906066781672044	0.83208420558273	0.790255266251075	0.794224892993916	0.782404352325996	0.60365247150064	1	-0.136130341903934	0.83427288918997	0.202089149657364	0.769400079890411	0.590021500897076	0.837089837033633	0.74906761345987	0.773568298954224	0.359566616880801	0.851645429925213	0.776550710599665	0.794128034608539	0.782115989641512	0.708608479518527	0.880002247883153	0.869012640355913	0.797380729348745	0.829692850578119	0.53050118356194	0.814988167355545	0.531715824960362	0.631041609982116	0.84667994880433	0.912212715920009	0.843984770404746	0.876370367877686	0.782491705711455	0.867974606794428	0.904017603591833	0.86852666304827	0.871400370445385	0.831394324053539	0.05875748280034	0.879312664552704	0.573718976746103	0.7691396750984	0.739923988280765	0.963167254380318	0.704727003830407
ABCA1	-0.14990374663016	-0.229216255375159	-0.158351923667887	0.227581423314163	0.412934191188283	0.330311292192095	0.154629069081334	0.642929772921712	0.719095704264418	0.206335873963766	0.356104299005343	0.133507692406253	0.270492115293865	0.344899515757144	0.256154350840589	0.20614020440455	0.00460089656182361	0.00362861941140528	0.203944533528177	0.288351737886751	0.169065705893666	0.487791343348142	-0.136130341903934	1	0.0700729876354881	0.611139528110105	-9.20896992779556e-05	0.325859121116255	-0.105469724686592	0.246278031356772	0.0444296625371841	0.723247688544561	0.113408126105479	0.137895170014613	0.213821417920628	-0.143929158775753	0.258447602422861	0.0772589073505738	0.123006944048842	0.193464407670864	0.0669857889391396	0.528260993143854	0.302643330898719	0.579056902914726	0.461647002437687	-0.0519550961537697	-0.155397074893755	-0.0349767084800024	-0.202592235117061	0.273691564653652	0.0173215012480121	0.0788482739912411	0.120374735494652	0.152871872613051	0.174398416756613	0.740187430007137	0.104494991890327	0.45917241332243	0.260742832419065	0.311110014239289	-0.0206148012170544	0.189798076590128
TRAF2	0.698354550286611	0.794957487900506	0.776416210284947	0.719799047645185	0.673684361881074	0.649546943801195	0.848547408272819	0.509098257106087	0.174879247234697	0.830822350819662	0.78074743141345	0.76547531847731	0.778499984728614	0.779118505161807	0.729204411612272	0.823405199276973	0.81752012260967	0.71488535477276	0.768689283334826	0.760909306480467	0.731930726065562	0.611956943404117	0.83427288918997	0.0700729876354881	1	0.220881003737051	0.687179612871788	0.60213492281153	0.703659512584623	0.704955771862791	0.77058635591697	0.469625197146168	0.783198771164766	0.729434208486347	0.731158392723107	0.64566839744188	0.696967767058456	0.803493830617291	0.811772149557385	0.765841826339432	0.753089081253306	0.589864026127797	0.748667109277685	0.633451111376283	0.668001922392117	0.735916968658857	0.758539746829117	0.753548450144354	0.762472518698704	0.757785232285672	0.780236958239147	0.815807323157222	0.830244836301936	0.791569667596724	0.773945581364063	0.251581885936644	0.795882925609875	0.629941647455483	0.74492203240997	0.708717026888795	0.859286796597238	0.675120941394097
CD44	0.152252647984872	0.134695513161416	0.135799455722858	0.524212969169979	0.532451611712239	0.503843757214248	0.368403487590836	0.45103483433753	0.58676112493494	0.476687794028196	0.503940605524027	0.305099623476481	0.468745758826744	0.484648435087489	0.476319984312085	0.450098946000942	0.258922810535128	0.324358917904863	0.398190611430667	0.434652729589625	0.426621744724035	0.547765724323791	0.202089149657364	0.611139528110105	0.220881003737051	1	0.357827507540802	0.483253439301827	0.207438174170202	0.441039473579811	0.295116272689178	0.613188771278488	0.391566382742088	0.398737277839181	0.503439358541199	0.162838409158806	0.334962596587505	0.332713592958846	0.324792668165884	0.471880208807337	0.399432273468466	0.592561150099198	0.463114797433684	0.463260230594494	0.591441841639166	0.251413634304586	0.168271767066682	0.227038765832971	0.0761306276077047	0.468873663559014	0.277523048052196	0.413620743630583	0.292532117736947	0.44318724992449	0.409982584375037	0.462783659344457	0.470685009856819	0.59391121214343	0.483938223894502	0.421845806862845	0.244463926641314	0.40827226628343
TNFRSF12A	0.734228957279857	0.768234581728736	0.743081383518395	0.819498569502527	0.704420395566038	0.624992756429786	0.77570543031787	0.382073536488005	0.118934151480013	0.837410905433602	0.786682725795219	0.704227761753993	0.80927476859297	0.722122997321876	0.791783508105109	0.802789115530088	0.712163706340304	0.773505306575503	0.748951794312638	0.76203412951306	0.813952748267914	0.578806085845432	0.769400079890411	-9.20896992779556e-05	0.687179612871788	0.357827507540802	1	0.782933053739872	0.78709443352169	0.689370804355709	0.641899548217274	0.418159841791961	0.801509258191827	0.834573924318459	0.761812078443929	0.703664810570154	0.63573267480299	0.822616587332754	0.79078144587579	0.890347159731059	0.831457041205063	0.615302067671097	0.736162379530665	0.450280903643996	0.690137934080292	0.790213010133254	0.713110601622645	0.711924011739611	0.692717930762975	0.738687021737826	0.834365104738387	0.808887194662219	0.710143349150598	0.802715486079978	0.725680175992209	0.132879201223739	0.881353805904074	0.647532563765862	0.789918605490633	0.612397798619386	0.751019588844013	0.532669700257499
ITGA3	0.621685442714567	0.576309467626334	0.592234510875904	0.798426020248842	0.735091590071348	0.642664129077518	0.715657284403907	0.586415606642756	0.285138481873108	0.805190973349332	0.840309520974113	0.742154748794285	0.807247977119232	0.733731255652526	0.827957358390333	0.801781535869966	0.675471373666534	0.670714053949488	0.793118812731117	0.809085332961067	0.843480136218689	0.735199037400691	0.590021500897076	0.325859121116255	0.60213492281153	0.483253439301827	0.782933053739872	1	0.672420940908577	0.716848203305595	0.653821971906989	0.667288933462674	0.769611261083114	0.821988917497064	0.780015594061877	0.575160867767478	0.707816458751524	0.730302937388886	0.777792054251422	0.859577800082352	0.781478546631731	0.791887922201392	0.720559261131812	0.585634172309942	0.844560637444914	0.710772320594462	0.569169185541355	0.638063536949166	0.515407273303565	0.799278095773061	0.794224248284882	0.740055334417974	0.678515523257835	0.795666145914632	0.753644226844998	0.395743547660505	0.771353139931759	0.738322381443257	0.85082328660542	0.645640190410922	0.626117682089818	0.51371904053012
ADORA1	0.888708874700449	0.880721357706524	0.842109958765796	0.77650846852503	0.600094382069884	0.570510168897085	0.816070834328849	0.343536142945543	0.0017447246378275	0.812157936321423	0.768252218445281	0.794507420831114	0.811005402502894	0.705811893714738	0.803144093275621	0.807620602247075	0.809993741147371	0.814860457711012	0.793979974063794	0.794599335951115	0.813659625315473	0.604906809065971	0.837089837033633	-0.105469724686592	0.703659512584623	0.207438174170202	0.78709443352169	0.672420940908577	1	0.724637709854373	0.741562605298904	0.370619666914865	0.811144846496846	0.803520357149371	0.751037236275549	0.848281299058207	0.66576534505701	0.855530318142626	0.837863818435419	0.813949289895481	0.868707872666972	0.573944454016264	0.712899564334868	0.388723876807177	0.682229129310717	0.885959686096296	0.810364739453496	0.787729569649305	0.819366197416646	0.752387160478288	0.900906823543913	0.846603422358151	0.751226186489701	0.842036851491025	0.77718571575626	0.00880077736275961	0.849420802156128	0.596050867659249	0.80790806155774	0.604595826210982	0.804223382521644	0.567319601910763
AR	0.761644790070058	0.733040945638186	0.72703740112963	0.812614555796269	0.741074296718429	0.712396399626158	0.842571187996308	0.588902094943995	0.271324447976391	0.854463243641824	0.853776760800851	0.862944414194723	0.850021486309863	0.834393838625593	0.855517655455995	0.857833030222098	0.804369407572849	0.799413365337634	0.827417057841643	0.863811375758451	0.849818041942751	0.788875285760831	0.74906761345987	0.246278031356772	0.704955771862791	0.441039473579811	0.689370804355709	0.716848203305595	0.724637709854373	1	0.738231225498135	0.640415284350857	0.833041235038106	0.809465806466885	0.824400771195748	0.69248322304905	0.762885379848853	0.780018759902786	0.857855261794045	0.807912287806455	0.814233216276292	0.753415910551509	0.820809380696903	0.647957603687605	0.823938668873014	0.77255551511288	0.736060115562824	0.726964122121104	0.651497394335232	0.835520224076552	0.830990770722183	0.83960039890419	0.785154897400733	0.8820050044144	0.855681795490579	0.353008782700135	0.820859817101015	0.713897199076397	0.863374507582438	0.748530021958095	0.784039476482612	0.618197270831107
ACKR3	0.710942923459987	0.786130435257222	0.728508223930933	0.746649317986015	0.594898805029026	0.597802403449678	0.796229526891204	0.444172808418019	0.0859970406200983	0.819662493662966	0.779283584169189	0.791208987167874	0.787127958475227	0.727941872328054	0.782756140182306	0.842548153135883	0.841492184878586	0.716188344578491	0.798851555378507	0.759461552101258	0.777922495594793	0.634023769664516	0.773568298954224	0.0444296625371841	0.77058635591697	0.295116272689178	0.641899548217274	0.653821971906989	0.741562605298904	0.738231225498135	1	0.437551126238579	0.776387038490373	0.778377993216739	0.761877174607034	0.681677619499857	0.692729491252534	0.750849875572469	0.812232525939848	0.776402269552179	0.812696104852008	0.642293761540282	0.69468998859894	0.512373574919787	0.732443629085838	0.781826232114298	0.765131176773829	0.745687142563204	0.725397827996317	0.77931286054529	0.82627849928525	0.831922325387	0.811053573189458	0.818335224569733	0.854521404342224	0.148577601458255	0.781265957121229	0.652476054796632	0.797854599251006	0.638579922934452	0.796956434692894	0.612230027079761
IGF1R	0.354122190020454	0.276159144881421	0.334293059175571	0.616207751605103	0.73702833987377	0.631925931186725	0.603150000905846	0.792330576843444	0.614935646547908	0.63521694986436	0.745084868769798	0.585093996675598	0.675048980157684	0.730263541590423	0.677723455206383	0.635243637664873	0.472671715863647	0.458071797773271	0.628711062072204	0.720964135836099	0.639180716128892	0.776572851165806	0.359566616880801	0.723247688544561	0.469625197146168	0.613188771278488	0.418159841791961	0.667288933462674	0.370619666914865	0.640415284350857	0.437551126238579	1	0.561926309025937	0.561188975162235	0.614620653900546	0.304233938851547	0.629222984741721	0.537196300516763	0.59969782362314	0.630031511735113	0.524124102482437	0.773601299125967	0.682801848562656	0.795014201265774	0.786615358146927	0.430105584233885	0.304239046150892	0.398576136664238	0.264139971943665	0.676616387904195	0.509569045097919	0.520107291590486	0.550637939701559	0.616133581548834	0.590506460819753	0.728455144915587	0.545462682582328	0.731537526959729	0.666483885987424	0.640238177997872	0.444045471191162	0.490583710677821
CD99L2	0.833989304954322	0.843512132997706	0.844588376814334	0.876804070874888	0.771556926560304	0.750748261028891	0.893841164778472	0.53551387232014	0.207183742787312	0.918051834367775	0.884566241755558	0.870360720434116	0.891474103954012	0.866437748583882	0.882272313459322	0.91381585955741	0.861223447356628	0.852888738040453	0.862303561885587	0.88674403649422	0.90227564494394	0.755605854227627	0.851645429925213	0.113408126105479	0.783198771164766	0.391566382742088	0.801509258191827	0.769611261083114	0.811144846496846	0.833041235038106	0.776387038490373	0.561926309025937	1	0.869210088006067	0.864367890792499	0.769755196023571	0.793155394573639	0.872379259030738	0.913034996740879	0.891805547534038	0.888801178642447	0.741697603967836	0.852480151467716	0.626489941802148	0.809323163666159	0.852503718185185	0.811241465970382	0.812046115152813	0.755653608756314	0.862754716459673	0.909381047721299	0.915053841514959	0.832490506617931	0.930365506052062	0.856905319420543	0.286682292493981	0.909636588529084	0.729337896700092	0.898035377361235	0.764008729666808	0.85868733869632	0.651396490040845
GRIN2B	0.780647364428993	0.791138085997925	0.77377224520186	0.865695164200221	0.709217061035987	0.657436008573591	0.843677237380733	0.513241138209509	0.155467508606014	0.893518485365141	0.878164619545094	0.831190882152509	0.883239902971991	0.811469828585184	0.893222205154607	0.898540584639327	0.819761832809815	0.802235665725592	0.866004824887384	0.85513737781334	0.902975214490638	0.722951294360609	0.776550710599665	0.137895170014613	0.729434208486347	0.398737277839181	0.834573924318459	0.821988917497064	0.803520357149371	0.809465806466885	0.778377993216739	0.561188975162235	0.869210088006067	1	0.869942849892078	0.730335005769937	0.74234478059854	0.82052407338946	0.866821009321563	0.909542325550461	0.883655397747133	0.766797481840281	0.811157183266772	0.547991785317807	0.824383747571963	0.842150001637359	0.776452372232927	0.755173050782974	0.710869117745502	0.853588587699159	0.899770383599417	0.881187299686397	0.781365100735783	0.891645468256902	0.859225153871318	0.234419731388499	0.884680191235064	0.721525757127929	0.908431247341258	0.719181152382744	0.810089460892954	0.59999608304784
LIFR	0.779010664414392	0.774939361802536	0.760752213010763	0.886745847167495	0.756202060243675	0.75172759550545	0.850903565293141	0.51695561633461	0.283524561686186	0.892922321874835	0.879649126974046	0.841265351144669	0.857295902036915	0.848031960208012	0.871052019607504	0.89409885923277	0.849239054500389	0.811544323980919	0.859154316497487	0.850162148911574	0.881961946407219	0.786273157851405	0.794128034608539	0.213821417920628	0.731158392723107	0.503439358541199	0.761812078443929	0.780015594061877	0.751037236275549	0.824400771195748	0.761877174607034	0.614620653900546	0.864367890792499	0.869942849892078	1	0.702679006912467	0.742514814804215	0.810961888350992	0.882173441615037	0.865974450419355	0.845831467932598	0.780432473729415	0.848506874034859	0.622107263129691	0.832407970546796	0.791910315234007	0.778270516941718	0.766160963858871	0.67335113821777	0.872877750221674	0.850263100132576	0.895263607092569	0.786687517107552	0.912519177832211	0.88269110004047	0.314363162788994	0.890044494533944	0.750290445048658	0.877947942412135	0.788080916561394	0.804850874953778	0.627676739942593
