""	THY1	LRP6	EGFR	CD47	SDC3	C1QBP	KLRC2	GPR37L1	ITGB8	CAV1	ITGB1	LRP1	ITGAV	NRCAM	LPP	FZD3	CD9	CANX	NOTCH1	CADM1	ABCA1	TNFRSF21	TYRO3	ACKR3	CD46	KCND2	SORT1	INSR	APLP2	TSPAN12	KCNJ10	CELSR2	ANTXR1	VANGL2	IGF1R	SMAP1	FGFR1	MCAM	MRC2	RYK	LINGO1	CHL1	TNFRSF12A	CD99L2	TSPAN5	NOTCH2	CD81	SLC16A1	TNFRSF1A	MCFD2	TFRC	RACK1	PTPRA	RXRA	TSPAN14	CD63	TMIGD3	HLA.DPB1	SORL1	CD74
THY1	1	0.812884972235224	0.130077521086944	0.841990171744862	0.616374629648381	0.909330908561681	0.745464893081686	0.140108127199783	0.678945498703642	0.796019140229903	0.715054124718003	0.758193130003617	0.607234741359607	0.712741041038617	0.765975712225117	0.710533203774086	0.717421134118344	0.747106434654661	0.832264422097589	0.763036672294375	0.300131333125126	0.697660347087425	0.718386455048947	0.692423118298735	0.617673138732856	0.879185946853182	0.716018455250292	0.533541463528767	0.732367732827347	0.818376698732223	0.540204234290169	0.597759469592524	0.747587136566713	0.577342943231157	0.576313499810553	0.888599950804109	0.732391135906957	0.81421360755301	0.482456392268285	0.689148947138317	0.846809653186017	0.302165998910151	0.754375823242721	0.555749933273749	0.633299156349576	0.487354176900075	0.546473937901696	0.710362515109062	0.550517498491697	0.740698221728774	0.309691059135375	0.889889547895397	0.670003756715847	0.420063154099226	0.427915814644515	0.7445177309971	-0.030537521296316	0.207941439517145	-0.00538044402826602	0.0391187183922198
LRP6	0.812884972235224	1	0.460460961071147	0.667132067109506	0.547135603593406	0.690176836658369	0.633798821940997	0.210409420793069	0.601534630101702	0.567118378401638	0.628265488457709	0.758361483560669	0.634622501264795	0.751214212602136	0.661979851456125	0.65782455483659	0.541881398982182	0.680233866339125	0.748475663169588	0.788886034708361	0.318984750443193	0.629514282359994	0.647774758801972	0.599678485175158	0.608618069614647	0.71093607083394	0.650262398178978	0.591533058208874	0.683570648578008	0.751199853155341	0.509247465623337	0.626625234803964	0.661267966432519	0.536710306128821	0.543041009504094	0.751101637015779	0.557762750899567	0.65472541555584	0.539228003906165	0.572702078062567	0.800722943291671	0.417845145850489	0.444365148519541	0.626350599252317	0.603171027899988	0.548061327535773	0.53558865275783	0.683297515177897	0.431517016879021	0.64315546079622	0.291446063778845	0.697968064829711	0.709554956484823	0.499655267230003	0.418852631322832	0.562211624569346	0.0377244332898623	0.188794798554084	0.0872960590525998	0.0908111294764798
EGFR	0.130077521086944	0.460460961071147	1	0.0508212244623643	0.339934051831954	0.0746432706931699	0.13874985485473	0.365133882727707	0.22693635900282	0.0122545092838691	0.183227558314341	0.282580494376606	0.23079438132205	0.451449971192099	0.183565896972741	0.290185259107172	0.0219717452528579	0.214679050873371	0.277013617341637	0.386828551169417	0.168266128669151	0.0702667608879114	0.195623209663274	0.223619520904261	0.36792759974346	0.114588480675955	0.208952077963039	0.324814433052055	0.162117306838769	0.300469368437554	0.314048836397162	0.349042140925999	0.183673232090004	0.297320462957264	0.23709130375422	0.168456822338771	0.133608722314155	0.161936414514397	0.147115909460644	0.241897305405742	0.349590857242113	0.444642997240591	-0.105658126797564	0.424442149154242	0.287890159843807	0.290154018061082	0.225319491535885	0.259996723751414	0.0609501919361468	0.152254715933491	0.0280766679956793	0.0175457725131517	0.354260530423845	0.292860554274601	0.156625367395318	0.0382190416491371	-0.0667373486201918	-0.0700417898075048	0.0666241385548725	-0.0543702126188372
CD47	0.841990171744862	0.667132067109506	0.0508212244623643	1	0.76059646307067	0.882522221637924	0.700918656595932	0.205786662396025	0.853975908738509	0.928823602200684	0.808498194032861	0.771587746612618	0.717193204183365	0.629029970246448	0.850622958546229	0.770680099951075	0.891501900383456	0.84856070173537	0.857261153616441	0.678501010131822	0.531539890893317	0.560192440647296	0.861378666993292	0.837077634578013	0.734758323721916	0.841515933142167	0.81083254391999	0.664319586671014	0.815163329276168	0.794538662438534	0.623262581619264	0.673229738132167	0.857328668057908	0.747858150731115	0.724286380861929	0.860624352322836	0.805220135090424	0.846673785875844	0.597349775394345	0.772345765535909	0.686246707459228	0.457395592421592	0.847271570292994	0.657475560929336	0.765009402788441	0.524689032255063	0.684359765464845	0.725550860401227	0.730181774236113	0.898829781820883	0.395263728967658	0.920898054109606	0.749490335064793	0.511008365146267	0.54561354452111	0.872209292740397	0.0761808258734044	0.314489321226438	0.118243003029436	0.16072677726758
SDC3	0.616374629648381	0.547135603593406	0.339934051831954	0.76059646307067	1	0.734501340843493	0.442819737338009	0.460968741297835	0.92576192030747	0.8300791098307	0.82108309841206	0.811134388386947	0.772407209920281	0.726844871411634	0.881325198860769	0.842646741901174	0.858211584149744	0.901059586387619	0.800334943523418	0.687833872529085	0.755488785029926	0.267299860834164	0.85740100044935	0.841541000195104	0.870528425964935	0.75855341679425	0.865831126805655	0.716852114170863	0.819787146022094	0.766382591177685	0.602910330190682	0.855433387303677	0.784947038292829	0.850181509081263	0.870587291984574	0.713447951014619	0.816026892493754	0.637271100078164	0.678079688880331	0.865240134014186	0.560357742634919	0.724843778518486	0.697041282727427	0.876860113435984	0.763923217830524	0.724116772385017	0.820431270921757	0.773562013797118	0.825483724458707	0.845786832495959	0.575279585068517	0.727135406794154	0.809949475227951	0.733919221660234	0.668281630557756	0.84616695487937	0.171160215760985	0.358122881776023	0.351882456280245	0.262873413271182
C1QBP	0.909330908561681	0.690176836658369	0.0746432706931699	0.882522221637924	0.734501340843493	1	0.72833801747165	0.0824368602236512	0.764383718893087	0.908934814914975	0.868811627257139	0.753962963113434	0.650776438633584	0.628739609604069	0.854131509502684	0.823683345136117	0.833951592029937	0.842210904472458	0.886487109536623	0.675315256394448	0.469091912381145	0.499410206678023	0.800471245785968	0.766391453214176	0.713244910488881	0.919705583647087	0.778518855754378	0.501430252798503	0.825822017467664	0.853213821357346	0.426609654835361	0.660030905813336	0.747113534597309	0.696645582357261	0.71344064975258	0.924815709032429	0.843422496743946	0.824292131648215	0.605475951754693	0.802666783718443	0.81181071840263	0.392833417303912	0.887818642736728	0.648456396719164	0.727943676364707	0.543116116367115	0.640545626022934	0.80288444451828	0.716762607635673	0.832709536355024	0.490975804118402	0.959488221996776	0.766497392067446	0.541324122791353	0.586034894922367	0.887067128381993	0.115026197695511	0.354713160574288	0.148878678856646	0.20204640781705
KLRC2	0.745464893081686	0.633798821940997	0.13874985485473	0.700918656595932	0.442819737338009	0.72833801747165	1	-0.02778426153587	0.493040713317445	0.644861309108453	0.562130556163467	0.464852518036707	0.347798785976045	0.411525664451183	0.503034509629227	0.624345157102395	0.560742492450597	0.537522434850859	0.604079514378244	0.607852435875213	0.162100254441146	0.40916894767854	0.545518486413247	0.483287749519352	0.432592620797984	0.643023263410778	0.453330484578773	0.431817318045649	0.513595617974725	0.528572569213421	0.416168630294397	0.474830884339763	0.569580718675294	0.532493072059555	0.470319207766757	0.750033468615921	0.512935579565895	0.647796132169709	0.26816246216061	0.624521409762733	0.754864071664205	0.176456701237982	0.599029701658137	0.388369666294412	0.659870920409289	0.17233734728539	0.262400192547219	0.484692613732259	0.346985849545923	0.657141521685578	0.0453329050628437	0.707975808361916	0.543353049454478	0.228661144985411	0.197181720400525	0.558519565357861	-0.213498833477949	-0.0127543671543341	-0.218202772718002	-0.143478587601385
GPR37L1	0.140108127199783	0.210409420793069	0.365133882727707	0.205786662396025	0.460968741297835	0.0824368602236512	-0.02778426153587	1	0.406007177662194	0.151502382901466	0.128803998866818	0.38453469756812	0.408491238444543	0.529953304423559	0.286423373824763	0.223371599067811	0.246553965346387	0.303665721411705	0.299476630630859	0.474741105578466	0.375147656564676	0.247228372991341	0.3122364176573	0.370901604384048	0.30177168334827	0.10222410856932	0.341649878465636	0.307444511251243	0.228027870072488	0.293501057852183	0.590923046509191	0.33349147897711	0.349500722738447	0.268012356829021	0.318127041007981	0.161480947255257	0.275424537899668	0.0818006186975559	0.274211589201148	0.236315609273019	0.125359739861772	0.437680668053438	0.00559225346470348	0.369628551800771	0.198712323545902	0.489574494770547	0.464279567101065	0.307094693590106	0.233582874086462	0.280436501978536	0.0867075964654524	0.0889142986143725	0.300104896838469	0.342071429717183	0.18068509794048	0.164324483441636	-0.0328249571763774	0.0136785841290682	0.0857161585898161	-0.014064406869184
ITGB8	0.678945498703642	0.601534630101702	0.22693635900282	0.853975908738509	0.92576192030747	0.764383718893087	0.493040713317445	0.406007177662194	1	0.881237348931374	0.837452898254628	0.850565636901365	0.870695656367598	0.766965209213238	0.924177933623456	0.858623477106572	0.933071688846669	0.94222100688371	0.833882719443504	0.681459460314411	0.757434984442363	0.340332933604401	0.927942400627349	0.934064194027903	0.870407213947939	0.773166641517767	0.909838941495502	0.72066325719318	0.893086780340852	0.810610005435979	0.598120057689352	0.848974828259172	0.809143853579954	0.803381832005736	0.909026760417823	0.765308085486178	0.848744143092789	0.658644146699336	0.770359131451144	0.823516714966661	0.588991314784489	0.728946824581985	0.735939579457572	0.883997187634469	0.790346271982037	0.774027461748761	0.848927245977385	0.830750012906335	0.862960344476738	0.907035536951422	0.537601711272916	0.786531153894325	0.875655438158792	0.757315466463851	0.638973194059099	0.898407663400844	0.190091488973037	0.390135914093593	0.336670508602289	0.284490620832062
CAV1	0.796019140229903	0.567118378401638	0.0122545092838691	0.928823602200684	0.8300791098307	0.908934814914975	0.644861309108453	0.151502382901466	0.881237348931374	1	0.891379533124623	0.797809792040195	0.762009987461375	0.635288707305283	0.909076204382819	0.858477517442252	0.950766159644115	0.915440452141587	0.855433705095225	0.615880729078287	0.647038803578034	0.38632381910432	0.87835582170318	0.856411189230358	0.805610201486211	0.884927252445462	0.850450795345251	0.632955466711383	0.87328380956091	0.807815623078482	0.492862188888829	0.766071008173216	0.793008952473768	0.766089296019107	0.829074509912943	0.85248516558494	0.847675362032654	0.756976429093798	0.691122423128608	0.852451069889166	0.681165980001771	0.525387011748871	0.879984931231219	0.733765716186517	0.752937533126205	0.616360516324387	0.739600079677944	0.788797849019748	0.852477504519628	0.91220269393109	0.544622182638166	0.929008134791414	0.800336520471879	0.637790010294477	0.637270737215972	0.959050743604109	0.180533992764962	0.414995790841033	0.26033725369801	0.280429538268684
ITGB1	0.715054124718003	0.628265488457709	0.183227558314341	0.808498194032861	0.82108309841206	0.868811627257139	0.562130556163467	0.128803998866818	0.837452898254628	0.891379533124623	1	0.851056145291476	0.803139518710526	0.646666595124992	0.922525657393402	0.868053459616008	0.855259973375559	0.942388917331675	0.852504642316791	0.641298516060242	0.741105214058233	0.266148502420042	0.876971989407269	0.793275171801548	0.862667142485173	0.859257816314107	0.855932078431561	0.613692843671427	0.942458230909332	0.847303792348902	0.38788839529191	0.826519237616792	0.662244768999326	0.814920735808538	0.889858013859705	0.843297558673674	0.803168249097751	0.685405662003269	0.787001349946101	0.85667897396674	0.704067405386339	0.660672676624822	0.7606519398441	0.826756586628784	0.784178902048042	0.717085246999645	0.824424373864087	0.860505190369656	0.870058223565603	0.89690120972122	0.719784376259566	0.885709743621393	0.867613760296099	0.771223496031917	0.789371583333146	0.95145519508659	0.394237332110285	0.573039828340938	0.472016170572986	0.493950397863826
LRP1	0.758193130003617	0.758361483560669	0.282580494376606	0.771587746612618	0.811134388386947	0.753962963113434	0.464852518036707	0.38453469756812	0.850565636901365	0.797809792040195	0.851056145291476	1	0.922715877682496	0.863300631250904	0.923512474600935	0.771792606557625	0.803132091403552	0.921767457687674	0.84369216701806	0.706776540303862	0.739672701257173	0.442079629571246	0.877605678858283	0.809484097266349	0.865457175701402	0.77919967641896	0.879394122331257	0.699890240958952	0.911143004075863	0.828529571051114	0.594676722922393	0.834538984717137	0.735093359951669	0.683765606537414	0.838304240869439	0.772855999698679	0.758565950209281	0.645713889256904	0.803244517671003	0.743703660436494	0.720067032948491	0.684553671524613	0.608323092697182	0.858158611587567	0.676159422361392	0.827780185586603	0.910362891488894	0.867207820058475	0.826461483010641	0.856142746594153	0.660987988367521	0.818664998946613	0.877825983184042	0.777930280984895	0.759195324145248	0.851930447326425	0.396382205682897	0.567638023740177	0.49030509849265	0.477840115705928
ITGAV	0.607234741359607	0.634622501264795	0.23079438132205	0.717193204183365	0.772407209920281	0.650776438633584	0.347798785976045	0.408491238444543	0.870695656367598	0.762009987461375	0.803139518710526	0.922715877682496	1	0.852313522536048	0.895288611323561	0.746507545681656	0.820418147107818	0.893944105066813	0.808996824164289	0.588226275087266	0.846015295835453	0.32477706739727	0.87428983429935	0.862576705701834	0.83396262371909	0.663904063122061	0.836981410277003	0.624926297915064	0.904852416878389	0.768873059142331	0.48637393177882	0.805759701182788	0.68794689656543	0.649026109640245	0.855401364592879	0.69514110120767	0.754980719742965	0.501006816945819	0.900081489827346	0.649410691349803	0.562783263134927	0.799871593694971	0.528029132899704	0.86643233085781	0.623028869171918	0.910702619721296	0.928007967800159	0.847265862849785	0.88202845114145	0.834604806219978	0.654529007397866	0.718831890685079	0.887997569013891	0.816910934791744	0.745437341105212	0.842919374768954	0.435749183854555	0.579122339485409	0.557044286881362	0.529653409193571
NRCAM	0.712741041038617	0.751214212602136	0.451449971192099	0.629029970246448	0.726844871411634	0.628739609604069	0.411525664451183	0.529953304423559	0.766965209213238	0.635288707305283	0.646666595124992	0.863300631250904	0.852313522536048	1	0.787036015692549	0.703959145377708	0.68205640435551	0.777705517369705	0.799500384526936	0.741823362146302	0.621421494388227	0.501176577953826	0.749923491797213	0.765839208070145	0.746326913677863	0.680716797230518	0.753459540107609	0.62287209302487	0.752079902136875	0.757110646134453	0.622044676199937	0.735664419743015	0.700481470027552	0.545534433356866	0.679748808265179	0.711897444660836	0.726113615167606	0.522165072290785	0.679135069563355	0.619627594870867	0.680635324577643	0.674942762889743	0.449613915830554	0.775820494627031	0.583049598021172	0.825527774521433	0.76666236907908	0.77818230377481	0.680261076710003	0.71555059190611	0.410709694760039	0.634209270792416	0.80061689735658	0.674612429284402	0.548030276877037	0.681466146657097	0.142235545692432	0.299279510390813	0.281280679579188	0.213545361882111
LPP	0.765975712225117	0.661979851456125	0.183565896972741	0.850622958546229	0.881325198860769	0.854131509502684	0.503034509629227	0.286423373824763	0.924177933623456	0.909076204382819	0.922525657393402	0.923512474600935	0.895288611323561	0.787036015692549	1	0.852305650856389	0.908936039288295	0.964728451824801	0.891516672898096	0.651359902505837	0.777790501711662	0.351483003691343	0.949168475678618	0.901880854511571	0.905054886787848	0.836049930449621	0.9120233884491	0.674982303787808	0.940630477142559	0.851303912149885	0.51020213107806	0.856357634571721	0.764410117178029	0.798328716829946	0.888085983234751	0.838755188050001	0.89562795267892	0.74694185395153	0.809188814936375	0.812064477628841	0.67913352056872	0.694883538852342	0.793289696427561	0.869831984431256	0.771391799495914	0.794931842197788	0.90326156150902	0.873669162991586	0.916090035509064	0.924229230781047	0.691322374151554	0.879423288507274	0.89458685108606	0.755091745450656	0.79476992471358	0.95806146368246	0.358577214774827	0.561671702165763	0.477532757480733	0.456742808110924
FZD3	0.710533203774086	0.65782455483659	0.290185259107172	0.770680099951075	0.842646741901174	0.823683345136117	0.624345157102395	0.223371599067811	0.858623477106572	0.858477517442252	0.868053459616008	0.771792606557625	0.746507545681656	0.703959145377708	0.852305650856389	1	0.873344752381067	0.891523087035704	0.836416926947014	0.680242218793598	0.637642388090933	0.246973208160826	0.807504438239273	0.825850320343519	0.786630447529795	0.842006022698353	0.809757206161152	0.626963340697422	0.868231654989323	0.83675237081719	0.437325241596511	0.848063750780838	0.69441377584513	0.746666915223481	0.848100422400697	0.795935432331481	0.763335029032637	0.578363601577815	0.715884942346976	0.891906681797687	0.736844169015469	0.645615579983833	0.683288455552022	0.828029952122445	0.724970403638767	0.709357372938835	0.6974012737676	0.813958430412373	0.782335415621045	0.841542367049757	0.487630185776834	0.795581080924071	0.816205820684925	0.766698760482074	0.555382943402066	0.862776518671473	0.11948569951717	0.309778432869918	0.254531325437761	0.224033225382163
CD9	0.717421134118344	0.541881398982182	0.0219717452528579	0.891501900383456	0.858211584149744	0.833951592029937	0.560742492450597	0.246553965346387	0.933071688846669	0.950766159644115	0.855259973375559	0.803132091403552	0.820418147107818	0.68205640435551	0.908936039288295	0.873344752381067	1	0.928995243947506	0.832702400430912	0.625956015938168	0.731019446466601	0.350175386568281	0.89834328794892	0.889728346005817	0.812792314837405	0.827897658266046	0.872057294371449	0.652291870918628	0.895496485656495	0.791413779897686	0.50065039168434	0.790156281769489	0.810752905816178	0.760662475698123	0.849427653927673	0.813082050940416	0.854803568863215	0.66021736128078	0.755744583754773	0.817721257683876	0.569580628832718	0.616848402373327	0.81012043740558	0.777103097628945	0.740559719844223	0.707402433526409	0.789507697416094	0.784749965672889	0.902833607529434	0.918746076185488	0.559552815992432	0.863663318227254	0.800095938572029	0.706551941878163	0.620601903829001	0.949623074482022	0.205568883401345	0.421470748470827	0.316567102435741	0.310229103817541
CANX	0.747106434654661	0.680233866339125	0.214679050873371	0.84856070173537	0.901059586387619	0.842210904472458	0.537522434850859	0.303665721411705	0.94222100688371	0.915440452141587	0.942388917331675	0.921767457687674	0.893944105066813	0.777705517369705	0.964728451824801	0.891523087035704	0.928995243947506	1	0.875921509809963	0.710669767761535	0.783315476755726	0.34671084709156	0.931584411496121	0.895748378735908	0.905374975139676	0.862684282064778	0.927373919474146	0.692977558407609	0.96716804695601	0.868822364942446	0.50659642088645	0.883024094524454	0.75813878849033	0.809388026471973	0.932838706644844	0.837951624170366	0.850959776065804	0.676156672277075	0.837913322327424	0.866124893941652	0.687173319577275	0.72421526757166	0.7463084128682	0.897505151452246	0.78202156765803	0.810070227054964	0.886211942066013	0.896021632334833	0.900068398231115	0.927621921060401	0.675083408365409	0.876958943325739	0.909565553088266	0.831312908775841	0.735895752382284	0.9557160735503	0.320300977395086	0.516460112535932	0.439707084199463	0.420536886997524
NOTCH1	0.832264422097589	0.748475663169588	0.277013617341637	0.857261153616441	0.800334943523418	0.886487109536623	0.604079514378244	0.299476630630859	0.833882719443504	0.855433705095225	0.852504642316791	0.84369216701806	0.808996824164289	0.799500384526936	0.891516672898096	0.836416926947014	0.832702400430912	0.875921509809963	1	0.759883392664825	0.652586221482294	0.530944594219055	0.843023803097389	0.825795597868668	0.826703289724821	0.839617720347366	0.844295518863198	0.615597608951383	0.854310979897369	0.861687471032701	0.552199642813731	0.732399876193086	0.811963903651394	0.740710398656503	0.754460669205076	0.898433104076227	0.851261849257559	0.756215030997366	0.714640794428932	0.784599086521514	0.766190289161498	0.597079782745148	0.725480197477849	0.743949692349382	0.73760337249369	0.730501314437638	0.773409630352582	0.819190541885542	0.775626335206131	0.848644787434775	0.544182517867343	0.879727890837246	0.821843221448804	0.623350824359879	0.687058445463295	0.86293750348753	0.200615525949098	0.417102570710429	0.288964156376341	0.291760775856901
CADM1	0.763036672294375	0.788886034708361	0.386828551169417	0.678501010131822	0.687833872529085	0.675315256394448	0.607852435875213	0.474741105578466	0.681459460314411	0.615880729078287	0.641298516060242	0.706776540303862	0.588226275087266	0.741823362146302	0.651359902505837	0.680242218793598	0.625956015938168	0.710669767761535	0.759883392664825	1	0.439060310480431	0.689116752499546	0.644038956653157	0.586300964253081	0.647496521587559	0.708998185281396	0.726754493258289	0.65089865398642	0.667920253053573	0.742075818919932	0.636184536139348	0.650829263186329	0.724511448586283	0.667128471667346	0.594200571758753	0.796411011434617	0.600312493737695	0.583964319622829	0.502255780493102	0.70935123577571	0.658199237088071	0.472170785044128	0.465272977556274	0.606649829226773	0.696287224995428	0.586159875558181	0.581163539133284	0.629716206374012	0.481753700744605	0.699921261824955	0.325002330442195	0.682752542826149	0.64448833057335	0.488763986874299	0.416125358889403	0.599407400719359	-0.00942033052284341	0.165674390723487	0.0717471999262734	0.0453424489067316
ABCA1	0.300131333125126	0.318984750443193	0.168266128669151	0.531539890893317	0.755488785029926	0.469091912381145	0.162100254441146	0.375147656564676	0.757434984442363	0.647038803578034	0.741105214058233	0.739672701257173	0.846015295835453	0.621421494388227	0.777790501711662	0.637642388090933	0.731019446466601	0.783315476755726	0.652586221482294	0.439060310480431	1	0.080356587296672	0.748928165920254	0.687361054665252	0.797547464181933	0.454709003900425	0.74271657049604	0.576482083340782	0.7725510943372	0.571908072135848	0.357567947420176	0.749979116060325	0.552850105433093	0.697068011658458	0.799017434703405	0.537944280596911	0.680937359768365	0.328438876158326	0.827297345371887	0.599666960317283	0.265039726597369	0.80778828153726	0.408000914081049	0.770384046278522	0.608234709765827	0.823529470130491	0.886160084744375	0.658664503062785	0.875001235098799	0.74941163313382	0.774687765456798	0.542621331915743	0.745738383578531	0.74635875215381	0.828326699548532	0.757011699308497	0.574868577912	0.670097596861062	0.733743280946051	0.665659725630898
TNFRSF21	0.697660347087425	0.629514282359994	0.0702667608879114	0.560192440647296	0.267299860834164	0.499410206678023	0.40916894767854	0.247228372991341	0.340332933604401	0.38632381910432	0.266148502420042	0.442079629571246	0.32477706739727	0.501176577953826	0.351483003691343	0.246973208160826	0.350175386568281	0.34671084709156	0.530944594219055	0.689116752499546	0.080356587296672	1	0.360237765078518	0.294269288454822	0.255592415543898	0.450088440956392	0.428870701857163	0.356628152939805	0.333920623454097	0.506834931482456	0.528888588701407	0.193849868619356	0.630737659434313	0.232173815301782	0.119418378835124	0.570749345646255	0.357957815027802	0.515244035641763	0.219047630228019	0.252114810196442	0.429718198010935	0.0230223825644108	0.333210888988092	0.172794810238338	0.342543462991555	0.270132934894411	0.271890603424184	0.340577769215578	0.152177893989229	0.386112252638919	0.0501597588142772	0.528463664424771	0.329675851325571	0.0535678587876906	0.15412132721048	0.295124408382937	-0.127443987077357	0.0210414858894906	-0.157015523604496	-0.121652430740759
TYRO3	0.718386455048947	0.647774758801972	0.195623209663274	0.861378666993292	0.85740100044935	0.800471245785968	0.545518486413247	0.3122364176573	0.927942400627349	0.87835582170318	0.876971989407269	0.877605678858283	0.87428983429935	0.749923491797213	0.949168475678618	0.807504438239273	0.89834328794892	0.931584411496121	0.843023803097389	0.644038956653157	0.748928165920254	0.360237765078518	1	0.891374734320997	0.875796361218652	0.767285485645998	0.896868493273024	0.725250247736126	0.891030986600106	0.791411775786205	0.584611602670012	0.864134956266641	0.781424487033264	0.797598553129115	0.872728775421247	0.794785243144595	0.857238406551372	0.75431089023282	0.764127601048484	0.759968135339754	0.633674549919265	0.6783426415545	0.779373096721065	0.851252780406646	0.802959023769741	0.725012133154796	0.857786707892436	0.819355158631942	0.871625962270832	0.925311144121253	0.593211862229066	0.829421101530363	0.888400473375469	0.687785522867516	0.735076041188099	0.919005463233118	0.264355899311854	0.465076394315398	0.392712396344885	0.368447667105716
ACKR3	0.692423118298735	0.599678485175158	0.223619520904261	0.837077634578013	0.841541000195104	0.766391453214176	0.483287749519352	0.370901604384048	0.934064194027903	0.856411189230358	0.793275171801548	0.809484097266349	0.862576705701834	0.765839208070145	0.901880854511571	0.825850320343519	0.889728346005817	0.895748378735908	0.825795597868668	0.586300964253081	0.687361054665252	0.294269288454822	0.891374734320997	1	0.814501465497308	0.759021276187842	0.846834577170781	0.634894752751857	0.856398425817678	0.795900970689497	0.539837656434583	0.790385905194298	0.770631961590167	0.737607746253116	0.8511468607434	0.740827639049052	0.840043319460828	0.67415653121457	0.739982509581683	0.737297625631879	0.613343269782312	0.727058092110909	0.727350761397519	0.828441852068006	0.700607423119606	0.746423563021877	0.818341102162062	0.807494312117053	0.836517278415741	0.848778705953316	0.502414315341392	0.775731788643986	0.84421924676929	0.705570391585658	0.60231626524381	0.875564960749132	0.180590787418406	0.383629736050377	0.314882867403172	0.279918266506743
CD46	0.617673138732856	0.608618069614647	0.36792759974346	0.734758323721916	0.870528425964935	0.713244910488881	0.432592620797984	0.30177168334827	0.870407213947939	0.805610201486211	0.862667142485173	0.865457175701402	0.83396262371909	0.746326913677863	0.905054886787848	0.786630447529795	0.812792314837405	0.905374975139676	0.826703289724821	0.647496521587559	0.797547464181933	0.255592415543898	0.875796361218652	0.814501465497308	1	0.736546759523852	0.878813356321352	0.783672593436675	0.841985556864877	0.735010145944132	0.535035749935624	0.858469635369084	0.718367801469883	0.813834145383507	0.861535039420046	0.74957371384465	0.797288493787209	0.662953442856778	0.725396888287802	0.780054822299679	0.604155227016986	0.715881539672298	0.668024708375245	0.86768674001727	0.817144480131588	0.748252824878836	0.860357971381608	0.765011579751925	0.859314871718256	0.845795868663335	0.690240261259921	0.750650876845414	0.846621326562783	0.727543198617532	0.79614056353513	0.858173415996015	0.369718300980025	0.539724974469361	0.521007420155862	0.453603269518719
KCND2	0.879185946853182	0.71093607083394	0.114588480675955	0.841515933142167	0.75855341679425	0.919705583647087	0.643023263410778	0.10222410856932	0.773166641517767	0.884927252445462	0.859257816314107	0.77919967641896	0.663904063122061	0.680716797230518	0.836049930449621	0.842006022698353	0.827897658266046	0.862684282064778	0.839617720347366	0.708998185281396	0.454709003900425	0.450088440956392	0.767285485645998	0.759021276187842	0.736546759523852	1	0.788226998076972	0.601577489597877	0.838151636470296	0.837047097295209	0.452472744041325	0.708423547432908	0.725894718730432	0.681361920346558	0.732213254498462	0.873510173026613	0.785336316336736	0.742589095103095	0.581679527659563	0.839067664521936	0.786479154607052	0.419777886412916	0.824664910670579	0.689426596993182	0.694229301952257	0.584786947354038	0.627842549887216	0.782064060414201	0.709064193424332	0.794787336753325	0.467709423882637	0.903593346187643	0.72879832551904	0.635047568816208	0.531724938595661	0.869782913865972	0.082286533407291	0.29759721583166	0.135726557127432	0.163698291520561
SORT1	0.716018455250292	0.650262398178978	0.208952077963039	0.81083254391999	0.865831126805655	0.778518855754378	0.453330484578773	0.341649878465636	0.909838941495502	0.850450795345251	0.855932078431561	0.879394122331257	0.836981410277003	0.753459540107609	0.9120233884491	0.809757206161152	0.872057294371449	0.927373919474146	0.844295518863198	0.726754493258289	0.74271657049604	0.428870701857163	0.896868493273024	0.846834577170781	0.878813356321352	0.788226998076972	1	0.737659634417806	0.875884993663147	0.791925383057725	0.604536604487118	0.834746670481742	0.789566639865162	0.753795535747361	0.84840439840859	0.78965329858253	0.813960613071213	0.67989439779831	0.734576821978682	0.831905613888766	0.638293728597555	0.636528443653996	0.713050396636092	0.842974957230555	0.78658739500033	0.766267643753249	0.872302975076444	0.80780354764246	0.83585839065471	0.874550700456728	0.653136575254944	0.824937230858029	0.854414828475494	0.717941819203333	0.740293036524191	0.883115139555399	0.354002925732012	0.551952797120896	0.462035203804082	0.430265483318305
INSR	0.533541463528767	0.591533058208874	0.324814433052055	0.664319586671014	0.716852114170863	0.501430252798503	0.431817318045649	0.307444511251243	0.72066325719318	0.632955466711383	0.613692843671427	0.699890240958952	0.624926297915064	0.62287209302487	0.674982303787808	0.626963340697422	0.652291870918628	0.692977558407609	0.615597608951383	0.65089865398642	0.576482083340782	0.356628152939805	0.725250247736126	0.634894752751857	0.783672593436675	0.601577489597877	0.737659634417806	1	0.602124492037838	0.510768216172123	0.743834211716984	0.769324745267491	0.72715653305449	0.705269788339431	0.635407769749599	0.573643290054982	0.568164559397069	0.601627793138463	0.421002124989973	0.6539747828807	0.479443190684624	0.503370445478623	0.510127163663249	0.642878099144097	0.736363564882878	0.49495453969594	0.624286316671157	0.463410150394555	0.602933020045781	0.706527494202759	0.396223300757696	0.571892670038725	0.604907449337445	0.459151645735548	0.572017018614507	0.618577060511527	0.147071903983034	0.29167839425537	0.282747775874891	0.201179073451402
APLP2	0.732367732827347	0.683570648578008	0.162117306838769	0.815163329276168	0.819787146022094	0.825822017467664	0.513595617974725	0.228027870072488	0.893086780340852	0.87328380956091	0.942458230909332	0.911143004075863	0.904852416878389	0.752079902136875	0.940630477142559	0.868231654989323	0.895496485656495	0.96716804695601	0.854310979897369	0.667920253053573	0.7725510943372	0.333920623454097	0.891030986600106	0.856398425817678	0.841985556864877	0.838151636470296	0.875884993663147	0.602124492037838	1	0.884529597724678	0.390888189968804	0.825862290990839	0.683170109557419	0.742903840770805	0.896536163745692	0.829796637738927	0.803310858622489	0.61326929042765	0.8800079900236	0.807159541927835	0.668477358544865	0.716094929300422	0.687752502087705	0.863849791348052	0.719271651636514	0.838668274567175	0.881220258819304	0.908651265974779	0.895418147395571	0.896878233253185	0.698717718987505	0.867502866770142	0.894859227702397	0.8448790505641	0.736975417229331	0.9437334211981	0.39906456931962	0.569957358930196	0.493368255956712	0.498890963648637
TSPAN12	0.818376698732223	0.751199853155341	0.300469368437554	0.794538662438534	0.766382591177685	0.853213821357346	0.528572569213421	0.293501057852183	0.810610005435979	0.807815623078482	0.847303792348902	0.828529571051114	0.768873059142331	0.757110646134453	0.851303912149885	0.83675237081719	0.791413779897686	0.868822364942446	0.861687471032701	0.742075818919932	0.571908072135848	0.506834931482456	0.791411775786205	0.795900970689497	0.735010145944132	0.837047097295209	0.791925383057725	0.510768216172123	0.884529597724678	1	0.458127715045968	0.733162682155276	0.707279874488425	0.700861772981992	0.760777558218008	0.828760578686226	0.759421212804809	0.642913337829816	0.75800785563061	0.749195164069034	0.71713408790727	0.626979703450576	0.650119699027444	0.752405906809229	0.641108844258857	0.722827969461074	0.732263691939017	0.833467529372169	0.705501446175645	0.772501745959354	0.516575285713598	0.818566854056475	0.800987614175308	0.708676622519229	0.565247380511913	0.820110978180887	0.160389195776496	0.346006808830445	0.255576428132906	0.248471248538626
KCNJ10	0.540204234290169	0.509247465623337	0.314048836397162	0.623262581619264	0.602910330190682	0.426609654835361	0.416168630294397	0.590923046509191	0.598120057689352	0.492862188888829	0.38788839529191	0.594676722922393	0.48637393177882	0.622044676199937	0.51020213107806	0.437325241596511	0.50065039168434	0.50659642088645	0.552199642813731	0.636184536139348	0.357567947420176	0.528888588701407	0.584611602670012	0.539837656434583	0.535035749935624	0.452472744041325	0.604536604487118	0.743834211716984	0.390888189968804	0.458127715045968	1	0.55492162540807	0.746639956078928	0.52333371213185	0.435421354610812	0.45315264034851	0.45954150366106	0.570674063559682	0.199268731344737	0.508752700717108	0.481492697639448	0.36619853569613	0.399155702823601	0.457251218301042	0.550722947648782	0.332614339775319	0.503869786822193	0.347951314475349	0.368374528858555	0.574432674464807	0.0961698628866374	0.459999991509879	0.459492312582456	0.226287975832913	0.32522029216016	0.426317043357452	-0.125681415420376	0.0384448369920539	-0.0317102063130264	-0.0851271504421889
CELSR2	0.597759469592524	0.626625234803964	0.349042140925999	0.673229738132167	0.855433387303677	0.660030905813336	0.474830884339763	0.33349147897711	0.848974828259172	0.766071008173216	0.826519237616792	0.834538984717137	0.805759701182788	0.735664419743015	0.856357634571721	0.848063750780838	0.790156281769489	0.883024094524454	0.732399876193086	0.650829263186329	0.749979116060325	0.193849868619356	0.864134956266641	0.790385905194298	0.858469635369084	0.708423547432908	0.834746670481742	0.769324745267491	0.825862290990839	0.733162682155276	0.55492162540807	1	0.636570679895818	0.807427371994535	0.892279423080457	0.664443110582888	0.72146630781085	0.56277747138037	0.724848719687423	0.797593907162313	0.619165453504399	0.753900743131896	0.569921093711495	0.881559274893468	0.74315883636934	0.72333425808742	0.795312382767906	0.74494478343744	0.795812020379169	0.803465463810939	0.568999165947937	0.665731683931518	0.820878423959193	0.770957774986068	0.67095418988854	0.806265717483177	0.220404844623847	0.376235833011679	0.416236364813447	0.327950496908344
ANTXR1	0.747587136566713	0.661267966432519	0.183673232090004	0.857328668057908	0.784947038292829	0.747113534597309	0.569580718675294	0.349500722738447	0.809143853579954	0.793008952473768	0.662244768999326	0.735093359951669	0.68794689656543	0.700481470027552	0.764410117178029	0.69441377584513	0.810752905816178	0.75813878849033	0.811963903651394	0.724511448586283	0.552850105433093	0.630737659434313	0.781424487033264	0.770631961590167	0.718367801469883	0.725894718730432	0.789566639865162	0.72715653305449	0.683170109557419	0.707279874488425	0.746639956078928	0.636570679895818	1	0.717214780941667	0.621597171417586	0.751240017851654	0.744144624533215	0.724062659680229	0.502978855996823	0.659809136613121	0.554661420713231	0.475003645292013	0.693681355872651	0.631379635529749	0.713753217235106	0.535317672673506	0.656807282922856	0.603947678834113	0.660069611004618	0.800450820600342	0.375496357536017	0.766390345908897	0.689616541683987	0.414113505945019	0.509590027917286	0.735082448712146	0.0203762651505097	0.239461525517669	0.115486889386402	0.0917660789188836
VANGL2	0.577342943231157	0.536710306128821	0.297320462957264	0.747858150731115	0.850181509081263	0.696645582357261	0.532493072059555	0.268012356829021	0.803381832005736	0.766089296019107	0.814920735808538	0.683765606537414	0.649026109640245	0.545534433356866	0.798328716829946	0.746666915223481	0.760662475698123	0.809388026471973	0.740710398656503	0.667128471667346	0.697068011658458	0.232173815301782	0.797598553129115	0.737607746253116	0.813834145383507	0.681361920346558	0.753795535747361	0.705269788339431	0.742903840770805	0.700861772981992	0.52333371213185	0.807427371994535	0.717214780941667	1	0.816213050936237	0.726715314032186	0.760419826201573	0.69801068054943	0.601911920803097	0.774781878130554	0.508123059625298	0.710960575179383	0.66395732058452	0.735278609889618	0.809748799922242	0.52240903882318	0.695954168682286	0.610818877636844	0.728888858304242	0.806109885055739	0.557962761274185	0.684120870864543	0.712079281941333	0.552147998979988	0.67007825655819	0.77926408426848	0.160291285464746	0.339008767865883	0.313686775119478	0.260991048984426
IGF1R	0.576313499810553	0.543041009504094	0.23709130375422	0.724286380861929	0.870587291984574	0.71344064975258	0.470319207766757	0.318127041007981	0.909026760417823	0.829074509912943	0.889858013859705	0.838304240869439	0.855401364592879	0.679748808265179	0.888085983234751	0.848100422400697	0.849427653927673	0.932838706644844	0.754460669205076	0.594200571758753	0.799017434703405	0.119418378835124	0.872728775421247	0.8511468607434	0.861535039420046	0.732213254498462	0.84840439840859	0.635407769749599	0.896536163745692	0.760777558218008	0.435421354610812	0.892279423080457	0.621597171417586	0.816213050936237	1	0.699308904003232	0.779136631380533	0.540486722331625	0.827245109928491	0.834829361700609	0.608832530615026	0.789743242486916	0.648278638453567	0.918154922274976	0.741847309677451	0.767650284531715	0.842892148389684	0.841157404881271	0.859572506720976	0.857459273742763	0.630885641490132	0.732295756016355	0.882767761076026	0.850171411729636	0.698704128223343	0.880468436419559	0.315443081705965	0.480221378360123	0.450268010150567	0.41853619664206
SMAP1	0.888599950804109	0.751101637015779	0.168456822338771	0.860624352322836	0.713447951014619	0.924815709032429	0.750033468615921	0.161480947255257	0.765308085486178	0.85248516558494	0.843297558673674	0.772855999698679	0.69514110120767	0.711897444660836	0.838755188050001	0.795935432331481	0.813082050940416	0.837951624170366	0.898433104076227	0.796411011434617	0.537944280596911	0.570749345646255	0.794785243144595	0.740827639049052	0.74957371384465	0.873510173026613	0.78965329858253	0.573643290054982	0.829796637738927	0.828760578686226	0.45315264034851	0.664443110582888	0.751240017851654	0.726715314032186	0.699308904003232	1	0.828934830656678	0.782625207039105	0.643741954771423	0.781727963818908	0.776764840003703	0.457042862540073	0.781831550014605	0.64760332597626	0.792350462567246	0.615603444568585	0.66413901355434	0.775482805726505	0.708251046464742	0.866333445315365	0.492100109972113	0.923683076536994	0.785031539403773	0.537633545356509	0.603016846456464	0.851610339316978	0.150844451328541	0.375858532548199	0.194519876123592	0.233388076786508
FGFR1	0.732391135906957	0.557762750899567	0.133608722314155	0.805220135090424	0.816026892493754	0.843422496743946	0.512935579565895	0.275424537899668	0.848744143092789	0.847675362032654	0.803168249097751	0.758565950209281	0.754980719742965	0.726113615167606	0.89562795267892	0.763335029032637	0.854803568863215	0.850959776065804	0.851261849257559	0.600312493737695	0.680937359768365	0.357957815027802	0.857238406551372	0.840043319460828	0.797288493787209	0.785336316336736	0.813960613071213	0.568164559397069	0.803310858622489	0.759421212804809	0.45954150366106	0.72146630781085	0.744144624533215	0.760419826201573	0.779136631380533	0.828934830656678	1	0.748875026639957	0.675571944786433	0.751271464681362	0.62758911775721	0.552579917132419	0.832737379883241	0.743635610034855	0.78137831495528	0.660323940245897	0.759992228564397	0.77232521527036	0.817240215402724	0.842702233158797	0.542115879252913	0.805467886681612	0.80711577150147	0.615627735302402	0.693732555539406	0.872532455440336	0.202073211941924	0.409169738424552	0.31472623867405	0.285034521593838
