""	CXCR4	CD3D	NCL	GPR171	RPSA	CD3G	CLEC2D	CD2	TIGIT	PTPRC	CD69	PTGER2	CD44	CD247	ITGB1	ITGB2	ITGA4	SLC16A7	SDC4	FAS	ACTR2	SELL	CD47	S1PR4	CD96	LRP10	SORL1	FGFR1	SLC16A1	CXCR3	RACK1	PTPRA	IL2RG	TNFRSF1B	CD63	CCR6	CD74	CD226	TNFRSF14	CD46	TNFRSF25	TRADD	ERAP1	NCR3	TSPAN14	LAMP1	CD6	TGFBR2	KLRD1	LSR	VSIR	DIP2A	CXCR6	ATP5F1B	TSPAN5	PTGER4	APP	IFITM1	SPN	PLAUR	MCFD2	STX4	JMJD6	APLP2	IL2RA	SMAP1	CD82	HAVCR2	SIGIRR	LY96	CANX	C1QBP	ICOS	CD4	CD81	TFRC	HLA.DPB1	LPP	CD68
CXCR4	1	0.956284180353084	-0.331908293640488	0.793764816968292	0.330395767308345	0.843886675410978	0.664498943904009	0.900626258061847	-0.0643167242871218	0.684609258964541	0.911089633156883	0.583088976440615	0.0724311089977101	0.754768509767351	-0.395967458773883	-0.132355641328339	-0.136197431172016	0.0735026189478312	-0.676347512593318	-0.317240091612193	-0.245118063987436	0.772806929284409	-0.0806026243937305	0.571722124143622	0.544601312330427	-0.0758031935088932	-0.460481522874365	-0.590789633227375	-0.725016488281819	0.634240596801285	-0.172364913792728	-0.683387451539876	0.589504524037907	-0.0423910468203388	-0.801585376347554	0.135228809433512	-0.404771194575151	0.722458871786643	0.190252002904439	-0.439883086346712	0.852715545894949	0.16934233666602	0.563156530151876	0.119238711388627	-0.112457907715789	-0.817252547578689	0.767119340831883	-0.502838482886349	0.820671716049089	0.174359657217994	-0.39093997219305	-0.573587896440177	0.492476119318905	-0.606472814224535	-0.397181973934371	0.0362329187950094	-0.822461250519555	-0.111292005938907	0.021847671846031	-0.612895035462844	-0.58365185347599	-0.690935103318948	-0.556835591695849	-0.794582959883694	-0.0146613165954125	-0.461773647805311	-0.530129544144543	-0.520097578214046	0.304817248861394	-0.675149361287037	-0.684003967309488	-0.278876759862452	0.78934975792393	-0.150580981974127	-0.736377378008297	-0.686477626995447	-0.311997263410102	-0.670685491243613	-0.620550201332857
CD3D	0.956284180353084	1	-0.264312969521532	0.719698735244867	0.336089957554055	0.931012612665705	0.698456357010501	0.930683033847004	0.0341428364599828	0.696578903023925	0.836336417939729	0.481880561433107	0.0227387862082931	0.821833035280245	-0.326285451253098	-0.107871831847416	-0.070739994036833	0.167692115044991	-0.604157020222435	-0.235096831682689	-0.15865193473945	0.757055712553365	0.00221545175928341	0.653296787035174	0.583872816367387	-0.0108015268805059	-0.506602039065211	-0.561183848714004	-0.607269167502617	0.718219078384579	-0.151736677988675	-0.628551105831412	0.725583790797007	0.0185120408192265	-0.761651347457291	0.23914347798921	-0.366158261483259	0.686278505868225	0.168682399759582	-0.305380452048641	0.867027510199118	0.273788507477409	0.534171708017398	0.268610333877672	-0.0140267169907528	-0.767094595183913	0.769333773907553	-0.439175375050206	0.731265809404933	0.119969976582663	-0.36122800938502	-0.55915113186439	0.522321944899578	-0.552311680433009	-0.291937988366322	0.0252929365741472	-0.732131851535711	-0.0178036315324351	0.0838473797489717	-0.620477137319654	-0.55318582858249	-0.696549007149121	-0.607053290772366	-0.737649398417397	0.0705543609246443	-0.36274642206745	-0.413192209293946	-0.495804263007767	0.37646816371287	-0.710789262293994	-0.654392608532143	-0.215433701369999	0.791615867598675	-0.146635496909197	-0.697198855159079	-0.653010594984094	-0.27392212777751	-0.58505085389017	-0.658273391022817
NCL	-0.331908293640488	-0.264312969521532	1	-0.50332189651558	0.495587599996793	0.00181982424536902	0.250813914116534	-0.190860399682191	0.408620618946959	0.36059052131378	-0.263505653484982	-0.239811517168103	0.667570199807997	-0.0194379321310688	0.936871330852089	0.656202516561914	0.820858667204696	0.605574171614977	0.890411275161919	0.748095369132785	0.944648411889532	-0.530114864060692	0.900296271545272	0.265802273995286	0.223159590829054	0.763831120197385	0.49383747476418	0.811873765825154	0.457892669971513	0.00532597742199731	0.827803881082772	0.674114190152967	0.00741184849030091	0.698387534619945	0.71874560991654	0.447237515761992	0.893472961361224	0.13705147769545	0.65306151753708	0.732147044597498	-0.198840710890788	0.717619939430817	-0.0977390623734203	-0.188380513728131	0.742023228112756	0.730050824910865	-0.316400659922378	0.71889233258186	-0.360605522240223	0.303643682141979	0.804260580215335	0.777966975339815	-0.0702797485160738	0.907444233320929	0.817437845458641	0.774151139978505	0.6672382485939	0.703129380879811	0.6359662126276	0.809889334028903	0.876695430717598	0.688812746765739	0.629861876209259	0.751207139978192	0.299809985471465	0.857434304021144	0.625264996704551	0.703541202863519	0.246626504481638	0.632147384862683	0.857188076952542	0.912118687083148	-0.414920365905656	0.793488334279722	0.802434410937447	0.728911492638083	0.902142984952733	0.830129395368268	0.693777708383477
GPR171	0.793764816968292	0.719698735244867	-0.50332189651558	1	0.364072539105339	0.504243611521346	0.397604045496517	0.533344599433924	-0.622831127654498	0.365332888003206	0.764499108479155	0.835281236477506	0.0893173274379846	0.701525674277318	-0.566732630991937	-0.450075612682911	-0.602801875927659	0.0273797646570706	-0.709852544686064	-0.733335506958618	-0.502179001834886	0.423565705645544	-0.279439090671295	0.262761592639847	0.225137453615632	-0.352363808014748	-0.435851423259383	-0.756100574726669	-0.855478706231379	0.47350439279083	-0.187818022176221	-0.866730940685576	0.119763289587076	-0.493406286815353	-0.82726760792235	-0.382477520358065	-0.616509586422013	0.598688249488248	-0.241162964819481	-0.549707351028124	0.804343210679318	0.0127654668950713	0.787320338464837	-0.169029753158617	-0.460853543285268	-0.844055621810728	0.795053031340386	-0.615213548693393	0.684294869481244	0.341817254624279	-0.611059833234222	-0.788638160254073	0.0222183202121551	-0.764705288050491	-0.57277018025661	-0.078632178869191	-0.892412891727558	-0.348762027507061	-0.0612606350587626	-0.690456430200913	-0.594402524995105	-0.766459359127424	-0.699191282760289	-0.879559554618661	-0.587750614548375	-0.713649148071347	-0.80950304482605	-0.71210926983518	-0.290246878222082	-0.76247875131189	-0.751866804050216	-0.351929506859954	0.481862321822533	-0.471383718975453	-0.834267419485232	-0.816637501868345	-0.519049404558226	-0.766423367409051	-0.646279228187147
RPSA	0.330395767308345	0.336089957554055	0.495587599996793	0.364072539105339	1	0.414378486395884	0.423589226741807	0.230399863830866	-0.169485981664707	0.618783301600748	0.395283778262022	0.514347924796169	0.826871856196213	0.608825393137569	0.435528640116656	0.233872940524666	0.22705124080579	0.586879047219625	0.204535699192574	0.0418835383660754	0.527075820811882	-0.101900382982776	0.713770164823263	0.511182817877136	0.20238759399294	0.517781193956941	-0.150032014659013	0.0496896542485281	-0.39954341751646	0.591753684939346	0.82645569220349	-0.260696574954327	0.111317998616332	0.23190525845141	0.0451824144848425	0.146580030362045	0.412119783475006	0.730225879905219	0.491613095277535	-0.00176621480510982	0.589214906879068	0.7248977884817	0.584564910179988	-0.505186297933526	0.338174112873656	-0.0808728569273069	0.389140437444964	0.00308195598468173	0.195330678572462	0.643872505863818	0.243205485193642	-0.0439561386183954	0.0149981642633849	0.203840452711886	0.208144015926337	0.796836283141011	-0.196953529934122	0.382996144503423	0.60108561896928	0.161462518104466	0.409902041254675	-0.0969470575908262	-0.0967351773985023	-0.0893436145610852	-0.267538471637917	0.0998236079133194	-0.109507922439084	0.0220236544714485	-0.00678917242687836	0.0841119646329039	0.230875285264878	0.721114119446719	-0.0268684837838905	0.387135382564268	0.00161350596989546	-0.120556328646314	0.536381621220198	0.0151460219415428	0.237770111853237
CD3G	0.843886675410978	0.931012612665705	0.00181982424536902	0.504243611521346	0.414378486395884	1	0.704354118727063	0.919441615963864	0.260047662738391	0.758390529302067	0.686547352090743	0.309026188684393	0.102823441578899	0.807418187892052	-0.0753605958443761	0.0731135547435641	0.18059463820229	0.372453553895889	-0.350053793550347	0.0232435386215771	0.130188374080045	0.679878428888386	0.24880565141711	0.717791432062082	0.648359505521361	0.185024012392713	-0.445445135140613	-0.321084734609441	-0.369549707803919	0.785974248917955	0.0311185286885162	-0.407098243912117	0.797950753306678	0.227597935090895	-0.547387489676039	0.396525506180546	-0.133339558652975	0.73560706310976	0.321431933357441	-0.110931819932041	0.775689015950977	0.43717768670167	0.452868884693772	0.329884801340016	0.256035178826477	-0.57074918139514	0.681905708448099	-0.271339472361321	0.657527516676247	0.152740479591724	-0.156758779657938	-0.365666096157775	0.655191779227567	-0.300427667707693	-0.0204276888774352	0.189669319968809	-0.495562531986252	0.219454079334332	0.17836327031431	-0.423001344224644	-0.368138628478298	-0.538650225466677	-0.483617954492895	-0.517157384952582	0.275559425994064	-0.0931140099402725	-0.132044145172874	-0.291471046460984	0.558138205338659	-0.540970964753331	-0.421430031218169	0.030408521004822	0.753016894238196	0.0437282997834201	-0.483598052781874	-0.463917582792746	-0.0414144633061865	-0.357230410430931	-0.488784722710438
CLEC2D	0.664498943904009	0.698456357010501	0.250813914116534	0.397604045496517	0.423589226741807	0.704354118727063	1	0.669953180270112	0.217391459822386	0.820147380372876	0.601285594856463	0.396567771374927	0.383205651969976	0.612043223046375	0.200293925328054	0.25935174053638	0.364621617147082	0.345408519417912	-0.0672299160665774	0.220419276862178	0.240076698000622	0.306047115913276	0.375986000667307	0.843526814418379	0.756542411771469	0.416141665167592	-0.0318594102922655	0.0143786898351555	-0.293993248018506	0.396302000060051	0.220501801142969	-0.125172971920965	0.614617908399587	0.351514344098957	-0.274983602952742	0.434928700891736	0.091946247493568	0.512896864549392	0.443440364616488	0.212623257012371	0.605537679467246	0.526399182610315	0.450546588486569	0.159459173502102	0.232954487443519	-0.230356789076543	0.454323527359073	0.09559325048866	0.301214419615161	0.340650787576432	0.0445502202785958	0.00255227333212229	0.173461905446881	0.00777936273097344	0.0964599804498261	0.27060729440276	-0.261140743410724	0.295580202094132	0.422718619732945	-0.132708365751335	-0.0302876099968012	-0.173217615927732	-0.105264861647526	-0.221084524789969	0.185943280318085	0.150325124125066	-0.120719938559654	-0.089533790984797	0.367360738315639	-0.323078111675056	-0.135482270200266	0.166263068055546	0.50803840701578	0.296322230638478	-0.165121640480249	-0.133582977824223	0.164451442514029	-0.0275362931940077	-0.29387884649564
CD2	0.900626258061847	0.930683033847004	-0.190860399682191	0.533344599433924	0.230399863830866	0.919441615963864	0.669953180270112	1	0.283888796791093	0.747074201151407	0.781815592650363	0.370284057452479	0.0154136379164207	0.676610573580851	-0.244611837547075	0.100854367235472	0.107511117732739	0.0503698529704464	-0.534365196478576	-0.0248349639670346	-0.0463768998136945	0.81536055821976	0.0821215333062555	0.621361639204871	0.693046346733329	0.009825698507199	-0.39330006305829	-0.415799248184457	-0.489728560425984	0.66009179199214	-0.166325099729439	-0.437765186899265	0.799686149384144	0.239760555342811	-0.64619239453579	0.451674741751404	-0.231666907824556	0.626065994021947	0.312182188640374	-0.235893281730734	0.79761899807419	0.291536349142606	0.410626511445818	0.288962947363268	0.133117990214629	-0.632270470565274	0.584021896332055	-0.357992121063458	0.658156710959488	0.119902328115837	-0.243460750130853	-0.404393409000356	0.713879404099168	-0.429275594366285	-0.198100319916507	0.041397393856467	-0.620518409160449	0.0177798786028576	0.0998293416094832	-0.496594450625193	-0.482463582368482	-0.539509403777132	-0.401989886101939	-0.606451260314079	0.33037492870752	-0.224001901846256	-0.24723537592951	-0.303904793224521	0.53923828939379	-0.543983101362844	-0.529830487772951	-0.186081691939882	0.810215886977337	0.0305003942919189	-0.559493539648979	-0.511437274092271	-0.166857910806196	-0.49978527819099	-0.532639068031845
TIGIT	-0.0643167242871218	0.0341428364599828	0.408620618946959	-0.622831127654498	-0.169485981664707	0.260047662738391	0.217391459822386	0.283888796791093	1	0.28730711681106	-0.191685425148971	-0.621982950313719	-0.0551280764386975	-0.107970412392202	0.457679285718186	0.577035040284027	0.810096769089786	0.124828889382544	0.347865777667555	0.806206928869901	0.533276001151152	0.268800584036386	0.396768832762366	0.396319224649105	0.343824074515479	0.536816589209625	0.136840451205817	0.543304541688994	0.537754155236928	0.119313800862241	0.108055885720368	0.595291847426772	0.625132031793108	0.770673350190918	0.366856393971732	0.829336439028588	0.484415878698513	-0.0591354047226581	0.532780397920148	0.423894033935946	-0.172410466483244	0.296771950862211	-0.480471795518422	0.520033458061336	0.694799305323759	0.373742158668535	-0.282565409479946	0.404036324646439	-0.174608325432316	-0.242124406604233	0.497055608995389	0.526406735643965	0.632528913026392	0.49956209543993	0.540974538598223	0.127121322828084	0.484133679062368	0.468848310548199	0.114807577418004	0.350003925947013	0.253030528622975	0.411018226967862	0.422342031971399	0.466933064059219	0.975155691404439	0.671872809878059	0.730931343479423	0.540784019200116	0.844879174291998	0.358554701110474	0.371732581719293	0.248922878854301	0.257120053187622	0.607273397640974	0.450988628586179	0.481374291509501	0.437365427868777	0.449369204158505	0.240093606153211
PTPRC	0.684609258964541	0.696578903023925	0.36059052131378	0.365332888003206	0.618783301600748	0.758390529302067	0.820147380372876	0.747074201151407	0.28730711681106	1	0.624314205489099	0.421390686641471	0.57810397201249	0.694528546235073	0.278972767416137	0.485749521734713	0.457623552398743	0.362262999322949	-0.0236730050826494	0.212551556395368	0.457736839096136	0.384780814526942	0.583170895568774	0.735165118938971	0.711108344712691	0.462282808668455	0.0719583966957253	0.00389831568211903	-0.396592524625917	0.600117818058788	0.406135198567805	-0.150902594342648	0.620496067587065	0.591720922810777	-0.25556000706832	0.543279478653484	0.313725045584436	0.741260562662958	0.642311245130752	0.155380037709918	0.722558911340512	0.747328569498756	0.502668485431332	-0.0381833841456736	0.515605335227528	-0.196222659806825	0.4370561373619	0.11692303474204	0.369849203924846	0.474439403767256	0.296539196802591	0.039219362869334	0.441290494427496	0.0514450789911503	0.168200168654092	0.578114722475054	-0.3163016065232	0.302081601184483	0.549172297571667	0.0672069525192126	0.110191740012011	-0.0556245545871566	0.0574990708683768	-0.196300114835592	0.23325131389612	0.173369611976169	-0.0643030782852037	0.168121173677192	0.421187813605106	-0.130054227018407	-0.0230004544092469	0.361697475975123	0.477732213043195	0.52443385491514	-0.0660002160560389	-0.0494172704951327	0.37737071027084	-0.0403763239447471	-0.0189185632430341
CD69	0.911089633156883	0.836336417939729	-0.263505653484982	0.764499108479155	0.395283778262022	0.686547352090743	0.601285594856463	0.781815592650363	-0.191685425148971	0.624314205489099	1	0.648238184091073	0.231329048551684	0.604943862070889	-0.354953044712989	-0.114474615336442	-0.124380210831591	-0.0493537628927276	-0.60612705246937	-0.261375361692837	-0.237460121651972	0.615388947549099	-0.0260370818415658	0.428493064692634	0.484357117726264	-0.127298082164048	-0.41057058252618	-0.537864550271718	-0.798462387207767	0.458151519120463	-0.0762254717315635	-0.638726372104618	0.376009085591432	-0.0454207854754729	-0.681155118799562	0.123175797932342	-0.32155564461846	0.629848755357748	0.323949479264682	-0.47289670065318	0.794361115246068	0.153960519593126	0.484362319487748	-0.172378109926945	-0.241964362350728	-0.724969416606926	0.595700292166748	-0.522309660000283	0.754705428471689	0.164265914810723	-0.371226623602819	-0.466003413472409	0.314387775523997	-0.511611980882223	-0.440839446658335	0.147243410848179	-0.819066270932289	-0.18703663669553	0.0914388895466622	-0.51748139813598	-0.430711712661869	-0.623641118530359	-0.438555665487609	-0.722286395317938	-0.115261192618803	-0.484169978421013	-0.638947360513925	-0.519934597845204	0.156105053263334	-0.530085215552781	-0.550765673640146	-0.206656993998082	0.537900259219082	-0.117685721659304	-0.662753274978675	-0.641196968128092	-0.223461743558434	-0.641815166483386	-0.479041039717365
PTGER2	0.583088976440615	0.481880561433107	-0.239811517168103	0.835281236477506	0.514347924796169	0.309026188684393	0.396567771374927	0.370284057452479	-0.621982950313719	0.421390686641471	0.648238184091073	1	0.43218421434578	0.46789217338574	-0.28075058878008	-0.0650103722384493	-0.455635475454834	-0.103193630681144	-0.455028681105778	-0.528336924908797	-0.236117569919322	0.102846897768678	0.0183756543360583	0.226000683972903	0.319620536105687	-0.262093918743669	-0.165067409596341	-0.537784914661974	-0.852766153800709	0.239258298840991	0.110414760912027	-0.66203146016081	-0.034244913382472	-0.268488112630525	-0.496528681566647	-0.225313791130504	-0.262725032601429	0.454417561699741	-0.0527313237551302	-0.386233393517655	0.73436459762049	0.120490706683503	0.892756018844978	-0.530697965211891	-0.398437349798293	-0.504333026077609	0.424069590809034	-0.42358138139608	0.346363416057493	0.71698847281105	-0.414714721705744	-0.577366434393725	-0.15706397072923	-0.463177452886049	-0.520701460812814	0.0918528418515604	-0.730828283821324	-0.316535157341652	0.310273236671293	-0.398340813790813	-0.231964282546338	-0.493623324431709	-0.398259423406755	-0.63668986795104	-0.624090874794819	-0.568772538482776	-0.76297259575498	-0.466257582503229	-0.449187366306681	-0.367358977902317	-0.387287220564338	-0.0496245874664429	0.141339470818495	-0.163220400640445	-0.547604925516284	-0.599095454777204	-0.172153583366646	-0.578404290812468	-0.27436742358691
CD44	0.0724311089977101	0.0227387862082931	0.667570199807997	0.0893173274379846	0.826871856196213	0.102823441578899	0.383205651969976	0.0154136379164207	-0.0551280764386975	0.57810397201249	0.231329048551684	0.43218421434578	1	0.257442292462403	0.606556363526742	0.533613040481664	0.424294180724117	0.386507369264863	0.459359133745112	0.288865598728027	0.647120334299457	-0.353925122880712	0.800000782839596	0.36163427278513	0.216744611342329	0.567860130488772	0.324354489939707	0.384521527691978	-0.239160074072176	0.174865322230048	0.874075938278224	0.113262282407757	-0.0967312430086569	0.477705793887813	0.370242715886998	0.24948398376444	0.655837635833768	0.447394869962271	0.648553404880694	0.232366413303563	0.307521856601152	0.689358545187328	0.416678705147036	-0.681025519962989	0.398688529971235	0.305984190835286	-0.0280732630538302	0.288135060622186	-0.0908087406027757	0.700539104741543	0.517857849857521	0.339433280060363	-0.134863668135991	0.496695624211591	0.309526438990857	0.823983471757356	0.0648688392779644	0.309789215098484	0.670073303347703	0.538850531181095	0.682973791030974	0.33636809732508	0.368759082102101	0.264314476737236	-0.155506347854873	0.326961850359909	-0.0142397607373224	0.379781784752268	-0.108653990375011	0.456054863413571	0.556944489848532	0.782471190904888	-0.29930913684463	0.663503538661628	0.371343091722046	0.274707937962068	0.715671541861522	0.293325334322858	0.585485778349972
CD247	0.754768509767351	0.821833035280245	-0.0194379321310688	0.701525674277318	0.608825393137569	0.807418187892052	0.612043223046375	0.676610573580851	-0.107970412392202	0.694528546235073	0.604943862070889	0.46789217338574	0.257442292462403	1	-0.0978353417713202	-0.170718540693051	-0.0601034917395215	0.562079088193244	-0.305579225995829	-0.293583633426389	0.0490966484826785	0.46432411637778	0.226863046861608	0.64990077226823	0.363513844125879	0.222275732567436	-0.376030616447461	-0.365174985413526	-0.483587733498368	0.88283934378622	0.177080040580408	-0.549635462048266	0.522319949265896	-0.00848198696191786	-0.581932251717577	0.0341881794112073	-0.206286568231996	0.84179695807364	0.0890193635697651	-0.126284218418167	0.848338116205913	0.578978842378857	0.650211408023843	0.128109094941341	0.220105164866465	-0.596129973021157	0.886845659800372	-0.261237267301023	0.599384283735826	0.299798191481287	-0.153470054022486	-0.442631589160626	0.351839427266353	-0.366468147902179	0.0293660447085846	0.313303404841702	-0.528010867739779	0.153251826317035	0.148949120834865	-0.376505179554392	-0.261197572126965	-0.511733919968012	-0.517499124374837	-0.542076816067181	-0.150063734148245	-0.156838722295181	-0.276681423357793	-0.318943790183095	0.17139317217962	-0.627935806809189	-0.438981808137373	0.0983761523547681	0.619851248780094	-0.0635240834621909	-0.494014332793706	-0.474883423008883	-0.105722189815342	-0.339290420180957	-0.464494324528503
ITGB1	-0.395967458773883	-0.326285451253098	0.936871330852089	-0.566732630991937	0.435528640116656	-0.0753605958443761	0.200293925328054	-0.244611837547075	0.457679285718186	0.278972767416137	-0.354953044712989	-0.28075058878008	0.606556363526742	-0.0978353417713202	1	0.661997507799452	0.805486951174833	0.531771720550898	0.876289186555172	0.772307814096547	0.917863412523731	-0.527221581742292	0.85701824449551	0.300739348230194	0.224611845278351	0.797840291590612	0.425870029395074	0.804001963183455	0.485026133676808	-0.0210996817375398	0.815956749747713	0.657970566055071	0.0420910179672145	0.666747953456139	0.748591498615662	0.486347397029425	0.901263226243574	0.0163317436725918	0.601386720854572	0.742891151428209	-0.235346049354216	0.635544774624351	-0.135975710325446	-0.135101055180269	0.726921489901641	0.759746900853246	-0.371868049314975	0.794172884808941	-0.495220153995802	0.327934853300277	0.756402650284508	0.745129792824767	-0.088315106381221	0.893249561364846	0.771760496700374	0.681490639882138	0.707471844672042	0.807950863991028	0.655305924739661	0.782168212498385	0.850868941426846	0.700400906354397	0.628328380944347	0.754411522352725	0.350926482807083	0.850508182913298	0.684404007444443	0.672013881430939	0.316083717444203	0.684324943121852	0.852325602263656	0.872665584120378	-0.408972136919741	0.828689688149676	0.811754620537287	0.726899848702002	0.91292941610851	0.849631205714559	0.683243220547013
ITGB2	-0.132355641328339	-0.107871831847416	0.656202516561914	-0.450075612682911	0.233872940524666	0.0731135547435641	0.25935174053638	0.100854367235472	0.577035040284027	0.485749521734713	-0.114474615336442	-0.0650103722384493	0.533613040481664	-0.170718540693051	0.661997507799452	1	0.736799307180622	0.00582076108767253	0.509688298825441	0.675542164730613	0.779651533931558	-0.174239499301246	0.714417055094429	0.275676563267047	0.436762703166743	0.511747267850642	0.547263374443253	0.512802846257613	0.1667993561207	-0.114911822736962	0.515097897469715	0.525347911716244	0.283972563011587	0.899092781453926	0.505848073259271	0.755483660711492	0.839464159862058	-0.0065277051925739	0.686235157238029	0.517343399311	-0.0387877920903757	0.488983889222865	0.00309199790563931	-0.141069409613963	0.627949062969858	0.591066078180973	-0.506109204901303	0.574839643139682	-0.406272018234815	0.388327226149727	0.726382646139829	0.562687816464752	0.222694981933375	0.640826790803799	0.368868703710818	0.471335459681722	0.366574694638002	0.35801963996691	0.70492750532559	0.65854619309328	0.615754989191232	0.612294391234745	0.664484877786975	0.516979491543261	0.498829151498535	0.574934361378965	0.424692604105729	0.73008640902036	0.352440416181924	0.6821996527468	0.639731722520873	0.599619217099437	-0.221352116223199	0.890286242882464	0.634659521031628	0.592427638677035	0.804735656684291	0.495969322809627	0.668819173628656
ITGA4	-0.136197431172016	-0.070739994036833	0.820858667204696	-0.602801875927659	0.22705124080579	0.18059463820229	0.364621617147082	0.107511117732739	0.810096769089786	0.457623552398743	-0.124380210831591	-0.455635475454834	0.424294180724117	-0.0601034917395215	0.805486951174833	0.736799307180622	1	0.397509717618173	0.678777413528834	0.91784888494188	0.850161324578255	-0.103382536566507	0.754726295870358	0.436621536050296	0.384472417496772	0.789252881348653	0.376907781947674	0.770393857282134	0.479495489345448	0.0504061885755759	0.559223708962835	0.697771014579422	0.381515796774961	0.88973280036826	0.585345593603263	0.781242057549083	0.818002322153445	0.0901781617722898	0.806509920404982	0.63152397501687	-0.18185586265497	0.591406116167233	-0.354407607976448	0.142752456426277	0.809629388952638	0.596391896222735	-0.323491491938411	0.644194499951254	-0.236090902546199	0.0156010436418211	0.783026294678354	0.787411258264039	0.312836064314115	0.804155595465262	0.730110588082064	0.588581710409261	0.591258070685041	0.660031597661204	0.470418148098064	0.68195989919719	0.655321893858441	0.63562716405051	0.647360550133256	0.668603300154475	0.74564204077921	0.856265005139264	0.713464271896388	0.709573297963182	0.67029462358351	0.579563812910512	0.695097412802375	0.656500146994132	-0.0655189383411993	0.864949472606551	0.707884885911019	0.696603601551043	0.803397715174214	0.708780470491212	0.548220530618414
SLC16A7	0.0735026189478312	0.167692115044991	0.605574171614977	0.0273797646570706	0.586879047219625	0.372453553895889	0.345408519417912	0.0503698529704464	0.124828889382544	0.362262999322949	-0.0493537628927276	-0.103193630681144	0.386507369264863	0.562079088193244	0.531771720550898	0.00582076108767253	0.397509717618173	1	0.492281516924032	0.229523965898866	0.553404183558858	-0.176183345475939	0.561822777086402	0.463058348020429	0.110642454039601	0.64799485877572	-0.0125259771395795	0.38554033339219	0.264516650576283	0.540558782050884	0.586137282212814	0.142670851296415	0.155592235664568	0.183280996799945	0.168820438296154	0.00221175156828522	0.310363771585693	0.564848333750442	0.221231203679529	0.406388746457209	0.146395008269161	0.657460067437053	0.189901934574494	0.140705401678632	0.586765716514111	0.117364464898807	0.445528325544891	0.319367474627902	0.175246387935267	0.198583569168518	0.368929773476054	0.228795630886202	0.0746091982315623	0.369389174664181	0.669242105107248	0.596341878862619	0.288455783001694	0.656392889302854	0.202225225842226	0.281709295554709	0.339033194041558	0.119239244067468	-0.029098464877571	0.236323563918286	0.0323439337586904	0.514222903560594	0.398021452870496	0.186198720433084	0.235028504937787	-0.0525044288834247	0.277642811742163	0.599498456643841	0.0986392849645474	0.267395116746244	0.23059811184617	0.205154674090517	0.378449321227274	0.424088749418515	0.0969364980504158
SDC4	-0.676347512593318	-0.604157020222435	0.890411275161919	-0.709852544686064	0.204535699192574	-0.350053793550347	-0.0672299160665774	-0.534365196478576	0.347865777667555	-0.0236730050826494	-0.60612705246937	-0.455028681105778	0.459359133745112	-0.305579225995829	0.876289186555172	0.509688298825441	0.678777413528834	0.492281516924032	1	0.712266513115587	0.796356413026481	-0.735701260746528	0.689662703080478	-0.00805327484660486	-0.0648469105018535	0.627914420075816	0.582184632063196	0.905647271728589	0.695556586829644	-0.258607502776517	0.675600739925308	0.825660350655647	-0.254430625253127	0.528586322227099	0.884892664899781	0.239219032573722	0.812731429444259	-0.195890147952497	0.37754618005957	0.774862855882328	-0.522552342287723	0.470846787885056	-0.317601705684692	-0.138314585825807	0.620748069306175	0.899066588499403	-0.521522865928552	0.786447511273981	-0.601596411153076	0.135968885423873	0.771695271496869	0.844123988321121	-0.255648898773397	0.940326375916475	0.826735096799832	0.541102966579333	0.888550126615404	0.601932032238918	0.387571984322482	0.886746912109222	0.884745973797074	0.829891728683972	0.710360472435494	0.925643370822063	0.255204848022523	0.885761185056189	0.72243866293304	0.757938185650647	0.0647393503696161	0.731922479364172	0.929453488265752	0.776960682924305	-0.615868935868518	0.642911300221491	0.924948525712646	0.862568174977593	0.777178565152054	0.938152727272264	0.761373043540631
FAS	-0.317240091612193	-0.235096831682689	0.748095369132785	-0.733335506958618	0.0418835383660754	0.0232435386215771	0.220419276862178	-0.0248349639670346	0.806206928869901	0.212551556395368	-0.261375361692837	-0.528336924908797	0.288865598728027	-0.293583633426389	0.772307814096547	0.675542164730613	0.91784888494188	0.229523965898866	0.712266513115587	1	0.746964532765652	-0.22536135885871	0.649617082488312	0.291075293779647	0.342567852527025	0.621871517899315	0.321485172323632	0.809554920449461	0.613939080292429	-0.15345925241065	0.446818332401777	0.797365053695712	0.276570478070579	0.779809462795203	0.710346866614655	0.756846394581261	0.747303940417324	-0.187301142225123	0.67255153488008	0.649471846460413	-0.340835926559714	0.394310046123592	-0.477290245217711	0.14083162531108	0.634112825343421	0.694936557082847	-0.537486659360512	0.614395653340914	-0.390814706286199	-0.0488911498257812	0.627893095030979	0.795751741802959	0.224992336336332	0.833261344106948	0.688353857885201	0.371859197836454	0.707056755353415	0.618957178786648	0.370784798797923	0.636331318808366	0.625899448385209	0.637581707652695	0.631733689997084	0.742150020056834	0.773703535127979	0.844802696620382	0.756077109302129	0.634348497937661	0.599389501386118	0.635796793744338	0.739665939304933	0.569483223410023	-0.216101918023963	0.744882100601378	0.72716197188442	0.693017976221802	0.720757537160732	0.734154921134596	0.523813002224861
ACTR2	-0.245118063987436	-0.15865193473945	0.944648411889532	-0.502179001834886	0.527075820811882	0.130188374080045	0.240076698000622	-0.0463768998136945	0.533276001151152	0.457736839096136	-0.237460121651972	-0.236117569919322	0.647120334299457	0.0490966484826785	0.917863412523731	0.779651533931558	0.850161324578255	0.553404183558858	0.796356413026481	0.746964532765652	1	-0.361019723914565	0.940575368987038	0.350291529908735	0.281364229198378	0.787633575708834	0.40402205236345	0.710832851957375	0.392119030252609	0.156588192104327	0.827602911611493	0.585252629682818	0.199950810532176	0.811510640548559	0.65023452093162	0.604369053176419	0.939121728762574	0.213673381241835	0.702579741157373	0.662581207809166	-0.0836834231292555	0.753814557578232	-0.0533247752195742	-0.122666527428449	0.848856504200954	0.659592227510686	-0.287719964510401	0.673419806448936	-0.347501004131275	0.343888150099937	0.834356596002269	0.679664046541052	0.144010960158888	0.837570611379315	0.749027655980452	0.78243686396688	0.581076440037366	0.711549971339458	0.697214892402295	0.769252659752785	0.816732629286258	0.630253993685991	0.584749205202292	0.668361631353467	0.416153880814063	0.805908757413294	0.656178154982667	0.737708837905146	0.390897995036724	0.650824140039241	0.804487365759508	0.917582630400119	-0.290071713032402	0.872423412736777	0.747534959836707	0.668844075115738	0.950037400994662	0.734204306450381	0.705199529985276
SELL	0.772806929284409	0.757055712553365	-0.530114864060692	0.423565705645544	-0.101900382982776	0.679878428888386	0.306047115913276	0.81536055821976	0.268800584036386	0.384780814526942	0.615388947549099	0.102846897768678	-0.353925122880712	0.46432411637778	-0.527221581742292	-0.174239499301246	-0.103382536566507	-0.176183345475939	-0.735701260746528	-0.22536135885871	-0.361019723914565	1	-0.311147969829457	0.368462040738411	0.268182398693271	-0.136207657708604	-0.539716558205481	-0.538727259442191	-0.421289632416079	0.562203451010923	-0.46822373645809	-0.511381551909695	0.662983248163759	0.005221064847019	-0.710065584167069	0.245075169372451	-0.467897356168599	0.449389700105441	0.106991073370198	-0.553636597137468	0.556322228705646	-0.0938039541100935	0.0942512791476762	0.410561997101813	-0.0499311746952876	-0.755065475741199	0.563796579160429	-0.550543167235489	0.68039452055904	-0.271340295325577	-0.377568036360603	-0.511074230209136	0.756527745806056	-0.615256939811383	-0.377882415156547	-0.242661323596806	-0.638636066062236	-0.198069471908788	-0.33714331426324	-0.632284422912901	-0.688850718413525	-0.622288029146424	-0.481918335503874	-0.67372579533084	0.34831332277837	-0.414116573388072	-0.294848523065277	-0.412596420922788	0.545760693341338	-0.569880525930724	-0.697899616708168	-0.494049886236764	0.900057103960655	-0.222025221004767	-0.669377177732693	-0.591674237359887	-0.434328748121011	-0.656182968478192	-0.602424616351104
CD47	-0.0806026243937305	0.00221545175928341	0.900296271545272	-0.279439090671295	0.713770164823263	0.24880565141711	0.375986000667307	0.0821215333062555	0.396768832762366	0.583170895568774	-0.0260370818415658	0.0183756543360583	0.800000782839596	0.226863046861608	0.85701824449551	0.714417055094429	0.754726295870358	0.561822777086402	0.689662703080478	0.649617082488312	0.940575368987038	-0.311147969829457	1	0.473001867115348	0.337693637772907	0.770737745117813	0.285799890258536	0.609533076125276	0.173143360734364	0.290126129192095	0.895925355362726	0.425330747800141	0.213957594203419	0.743119130009799	0.552954430852908	0.58101961975043	0.857221835104696	0.354602722945614	0.730745857859476	0.541604852750945	0.162246299956503	0.850130527681679	0.166481748555499	-0.289201095565407	0.749243733142727	0.515680873502374	-0.150400622871269	0.503809253598839	-0.256870736150935	0.504289614388216	0.689014147015793	0.532939256954608	0.125951423917447	0.744944497567036	0.673910199994019	0.825694358644486	0.401147860884566	0.631420492562565	0.750486164734922	0.633793245717048	0.790885023576342	0.462818692367524	0.439991572223749	0.511050752090943	0.280330947629358	0.693370741860192	0.450740261344666	0.574056134950426	0.284183792222288	0.532517355085025	0.722018750534419	0.943395627049868	-0.234640888807862	0.814992349298873	0.586545028354711	0.479874143217348	0.901664812904091	0.580838670170373	0.605308043216368
S1PR4	0.571722124143622	0.653296787035174	0.265802273995286	0.262761592639847	0.511182817877136	0.717791432062082	0.843526814418379	0.621361639204871	0.396319224649105	0.735165118938971	0.428493064692634	0.226000683972903	0.36163427278513	0.64990077226823	0.300739348230194	0.275676563267047	0.436621536050296	0.463058348020429	-0.00805327484660486	0.291075293779647	0.350291529908735	0.368462040738411	0.473001867115348	1	0.561376883444877	0.626181772151163	-0.258054948139326	0.075798407960002	-0.203533036418898	0.598070161193825	0.356907032218597	-0.120181588674755	0.74576586954779	0.396927929049318	-0.139482953844858	0.554102712281895	0.182551692490359	0.537268066549081	0.445450380394303	0.127038660660345	0.60093694007814	0.578834526524307	0.382792112233158	0.2604409991047	0.387578231320475	-0.213553913133186	0.47098243620597	0.0369449381184308	0.205825033069149	0.30836091417944	0.0907950798971243	-0.0623177593833279	0.360693654284955	0.0850838384948544	0.208271736664758	0.282578933157901	-0.154646789905428	0.419925090773459	0.375493959454477	-0.12386950597584	0.0401294601126762	-0.193002582934093	-0.201973586987446	-0.159207272737802	0.327739149839054	0.242121387057884	0.0669961101051648	-0.0610193858482943	0.523248825340998	-0.204046174583106	-0.0558397295370428	0.306224367179202	0.55578434112115	0.371532070514396	-0.134338046028668	-0.15347272974641	0.271503592490369	-0.0144546231839508	-0.207582878088632
CD96	0.544601312330427	0.583872816367387	0.223159590829054	0.225137453615632	0.20238759399294	0.648359505521361	0.756542411771469	0.693046346733329	0.343824074515479	0.711108344712691	0.484357117726264	0.319620536105687	0.216744611342329	0.363513844125879	0.224611845278351	0.436762703166743	0.384472417496772	0.110642454039601	-0.0648469105018535	0.342567852527025	0.281364229198378	0.268182398693271	0.337693637772907	0.561376883444877	1	0.11222739567288	0.0550104943234965	-0.0367759848522318	-0.196990764517912	0.233878766926377	0.0695288008723823	-0.0295733013833005	0.63123662030253	0.426905166187365	-0.256475986278075	0.56284286220096	0.148387120037084	0.287324092372773	0.369359666662144	0.350189010444048	0.472805738475461	0.384139462131879	0.358013614141612	0.227847079775393	0.258028868999909	-0.10822774312081	0.168049953028163	0.20973474893165	0.217554803751882	0.404050377062608	0.017235006150732	0.0143504315024431	0.331498860513503	-0.00377588961431939	0.0420280303535795	0.169013228616453	-0.202192714290678	0.317930803976628	0.528066149361413	-0.0869831722973797	-0.109625620100424	-0.0600776113035425	0.0344633465459199	-0.179891702373948	0.358998089430194	0.145066855926932	0.0408415589295846	0.011327013524665	0.457592427604116	-0.194879975963472	-0.107568577051984	0.0782956103700966	0.368650879855663	0.362588180665092	-0.0866815668994048	-0.05030511089165	0.190249477290948	0.00828154750443111	-0.233667869630034
LRP10	-0.0758031935088932	-0.0108015268805059	0.763831120197385	-0.352363808014748	0.517781193956941	0.185024012392713	0.416141665167592	0.009825698507199	0.536816589209625	0.462282808668455	-0.127298082164048	-0.262093918743669	0.567860130488772	0.222275732567436	0.797840291590612	0.511747267850642	0.789252881348653	0.64799485877572	0.627914420075816	0.621871517899315	0.787633575708834	-0.136207657708604	0.770737745117813	0.626181772151163	0.11222739567288	1	0.193344759138841	0.681219172016723	0.325408496089475	0.307626181303375	0.74917226817545	0.446935506494294	0.307724198600341	0.658118752371119	0.518206743026468	0.517403073155169	0.723057692589483	0.313102116183699	0.666086139041946	0.463382115109954	0.0116130730748406	0.692329719007832	-0.0723966681145902	0.0294384153097333	0.76331681412179	0.438798057482173	0.00261420256680137	0.536729170992187	-0.220163241488457	0.171935755504189	0.705278686227208	0.569631639307465	0.134005326017822	0.704434266274513	0.70979282479758	0.652746722290635	0.484428275194952	0.710542720953632	0.435911893507576	0.567552460131787	0.672974119728338	0.449034623652929	0.386799907491246	0.532999195389016	0.412226294637488	0.744651994967663	0.551538350295762	0.527140083259434	0.481024160860596	0.438935967476504	0.611659263940412	0.760476271513221	0.0120223225153176	0.750543352795602	0.560940688963861	0.508380372510959	0.754353458639182	0.611810653473241	0.4747664306295
SORL1	-0.460481522874365	-0.506602039065211	0.49383747476418	-0.435851423259383	-0.150032014659013	-0.445445135140613	-0.0318594102922655	-0.39330006305829	0.136840451205817	0.0719583966957253	-0.41057058252618	-0.165067409596341	0.324354489939707	-0.376030616447461	0.425870029395074	0.547263374443253	0.376907781947674	-0.0125259771395795	0.582184632063196	0.321485172323632	0.40402205236345	-0.539716558205481	0.285799890258536	-0.258054948139326	0.0550104943234965	0.193344759138841	1	0.582178990298094	0.358893137593851	-0.537702515956855	0.206804819326674	0.650879808401072	-0.332526478956199	0.480162851585331	0.490523453739445	0.0757000741442978	0.5255839521379	-0.283586333651123	0.188759897667272	0.636127761434583	-0.447454944873456	0.213441461512003	-0.149912661263947	-0.175048144406473	0.376998142377605	0.712885285220984	-0.530559171793408	0.706157867080066	-0.470483657777511	0.196189870616736	0.687508011005714	0.705797110166804	-0.30491318698579	0.550842453777973	0.386584856088697	0.266913433777406	0.521203022690393	0.0378332958960627	0.291833958175213	0.772836644901498	0.564226036985361	0.84354899499447	0.84133486063058	0.656835367976973	0.0720879695909206	0.518781152937552	0.299774465627598	0.786827198155566	-0.216279156742026	0.544297285272343	0.581024584840279	0.277483033281946	-0.465960908975406	0.521585311475185	0.73936086918954	0.807829233720973	0.41076328320235	0.64748168516852	0.62418948188051
