""	CD3D	CD3G	IFITM1	CD8A	CD44	ITGA4	PTPRC	CD8B	CD2	PTGER4	CD69	CD247	CCR5	ITGB1	CXCR6	ITGB2	CXCR4	CXCR3	CD46	SIGIRR	ITGAL	S1PR4	KLRD1	TNFRSF1B	CD47	ADGRE5	CD6	HLA.DPB1	CD81	IL2RG	CD96	F2R	C1QBP	CD82	SIRPG	TSPAN5	PILRB	SPN	IGF2R	TRADD	PDCD2	PTPRJ	CLEC2D	JAML	TNFRSF14	RACK1	TSPAN14	JMJD6	ERAP1	KLRB1	CD74	ATP5F1B	RPSA	STX4	SMAP1	PTPRA	CANX	LAMP1	CD63	APLP2	NCL	PTPRZ1
CD3D	1	0.937905569316254	0.662651782941845	0.648386799727178	0.928313394027558	0.480153132003782	0.834347161818796	0.747859689626004	0.859707801347375	0.560537697707716	0.786194858673984	0.898108401824548	0.426714549563283	0.522827657876108	0.884784637448225	0.688213604308577	0.802366792238994	0.664927454926368	0.382398431247497	0.685110499267842	0.738247659739261	0.571524880409222	0.466809446425793	0.746000905113857	0.345948006031735	0.840968177661587	0.672196786884189	0.360067935759261	0.303557060813492	0.814750522152623	0.838511229320441	0.104795708857677	0.021128126503194	0.124799009996039	0.5724155508256	0.587029704885695	-0.184916179375353	0.845952632814359	0.208310973101526	0.608184885369877	0.565404997981441	0.449076518734794	0.597985130806357	0.566425150299345	0.667536311781969	0.580717730110776	0.559926290952614	0.679687406095737	0.369926250649217	0.485337182145716	0.342419436657383	0.215648625066047	0.57668859338414	0.256310064691297	0.421150531510606	-0.255588191329708	-0.148513201291497	0.156664904300114	-0.318175807614726	-0.285633378783119	0.121521796931007	-0.602250216293368
CD3G	0.937905569316254	1	0.599530502025809	0.713846109178695	0.940627307252823	0.544720054550206	0.877525532431422	0.774071636100914	0.894507813090267	0.520052019496184	0.759001485013131	0.924076982388863	0.54674841940417	0.665564392918714	0.941641986826553	0.682032544085013	0.762756278568932	0.785670997599851	0.404591730403302	0.640619945904664	0.685612540944684	0.608822595563611	0.533444798829835	0.715201281799077	0.46650261129674	0.795890785872474	0.642003847587995	0.360686597176655	0.206896476668814	0.854526868135063	0.809985578072251	0.203217773210001	-0.0012525508003205	0.191100469611508	0.605537530759506	0.55929456555229	-0.161861361208192	0.780907011313288	0.188063293936423	0.584572581345836	0.571367056326088	0.283132382379178	0.62341406333409	0.657012081206853	0.612706619437505	0.551179146089531	0.590423246077894	0.629609182893191	0.488467552484842	0.471351632547476	0.348491759168612	0.260635963476467	0.558075032987173	0.13684196218157	0.417592060715132	-0.206802131134076	-0.165433409672786	0.121191173463522	-0.402414760715064	-0.412845772435769	0.113911142671082	-0.645510785387155
IFITM1	0.662651782941845	0.599530502025809	1	0.31066268105035	0.697040467286466	0.589229369435607	0.573223011887021	0.452077941866666	0.74727981818565	0.657436113896066	0.755868125446588	0.670714656381434	-0.0663193887682493	0.330285374512238	0.52564721159837	0.61241074659335	0.794824146019393	0.575260016475807	0.403254404675521	0.693385255330424	0.434474380269	0.703827126608811	0.413516158018967	0.818095956291875	0.587813483926285	0.552247825941145	0.67463680417068	0.557850380239153	0.46354812157585	0.715444102034713	0.455091888016512	0.0354971107064559	0.317006909091751	0.382162702614227	0.716967162853704	0.752360879387562	-0.39281922479597	0.639064745614007	-0.223052827466353	0.782067790646633	0.577979354451759	0.430784657158729	0.743590286647654	0.812056379086956	0.739946657341407	0.706836085757816	0.540547769009972	0.668059870120702	0.270960565190826	0.614605072787503	0.56748586737593	0.497965974085159	0.714085278149065	0.58648659631946	0.56685432273891	0.043457177748688	0.131927280985902	0.213766150634877	0.117914177818421	0.111496033158786	0.352994183040091	-0.321261186367562
CD8A	0.648386799727178	0.713846109178695	0.31066268105035	1	0.682766868185668	0.537576052082484	0.70520665336326	0.964865392831639	0.587888821076661	0.0378022577262894	0.20012659529054	0.587280606851441	0.768946040404119	0.595724968851565	0.724424579994967	0.350211965021236	0.251752119475723	0.669784617042784	-0.127599599553355	0.106718232943787	0.644764422059714	0.121072079906784	0.473302147182943	0.259435047440865	0.122337803090749	0.629446869708748	0.182407327273881	-0.227083406024833	-0.179152976161015	0.58925595582847	0.591126542300703	0.524841639881057	-0.427880678739223	0.0304010270498332	0.522363102744872	0.416842206570519	0.220744029061067	0.379383869506341	0.0212434218558156	0.0100357088842478	0.133698908866749	0.113684500297589	0.236632064899231	0.382462624995434	0.144256639249857	-0.0658873890699237	0.131223212244525	0.116383324065679	0.271385016727156	-0.223476110471991	-0.22738095836369	-0.230688952171332	-0.0620960376211327	0.0245597981224082	0.0201984072381876	-0.142400139760738	-0.502970168095978	-0.100462861544371	-0.599036539865768	-0.633343519490825	-0.226740130842166	-0.57036016314597
CD44	0.928313394027558	0.940627307252823	0.697040467286466	0.682766868185668	1	0.61463824322676	0.879160076174811	0.765699639501268	0.882760797353064	0.534058112412637	0.773036480327877	0.896374953484409	0.468696096312318	0.6660078337738	0.894169742072002	0.675731372399516	0.782482587093037	0.708652119953416	0.407784461718789	0.629425420542634	0.681309445442879	0.568270561096874	0.540139350364986	0.770836700374001	0.472179118009174	0.856732233950907	0.608199426865656	0.376375536246581	0.229240341335933	0.859513982364129	0.829163781482752	0.221207597122225	-0.0103717908575491	0.189836026155781	0.668001740057399	0.605815185111801	-0.213983679886415	0.781655495823568	0.141399016688852	0.602275191032832	0.591249595204005	0.396395192413918	0.643634018658689	0.697858948422007	0.650980062441797	0.556006633407821	0.58786769664384	0.643215536591005	0.428107403703548	0.462056915706119	0.361730179601325	0.232944432972052	0.557636421452788	0.190871910521027	0.494252184056735	-0.107219766512699	-0.136581331615272	0.152438527351729	-0.307268332740815	-0.326866194959042	0.129823352945967	-0.597321818857209
ITGA4	0.480153132003782	0.544720054550206	0.589229369435607	0.537576052082484	0.61463824322676	1	0.769252919786707	0.5406074225339	0.710474195311312	0.491583577996752	0.399791376708907	0.59979717648726	0.377579135067019	0.764466991995716	0.523016861305375	0.346076430240231	0.4969083364507	0.593068508724609	0.418969011775644	0.308700563542563	0.320797547609905	0.275886702327666	0.752490497071558	0.484580706136541	0.590513348100629	0.469433301319347	0.382363581095649	0.164176071150495	-0.130888801708428	0.685773339123206	0.564899955322594	0.313548059759459	-0.125730332514812	0.431097483088351	0.861512934629291	0.650605226306858	0.0798017822651749	0.56714531942539	0.0120634122309418	0.330322973447969	0.176952104315578	0.540868159704067	0.635346978978674	0.679062127279444	0.405339586883836	0.158272129053083	0.506541116417569	0.345944382947293	0.201822991014854	0.12859176895043	0.175447695565259	0.0199345841664882	0.201075050843348	0.385712621522978	0.413915472282259	0.280012604321112	-0.135945650486756	0.140819963092436	-0.167500269615905	-0.21306688819483	0.292225801078365	-0.376891778955784
PTPRC	0.834347161818796	0.877525532431422	0.573223011887021	0.70520665336326	0.879160076174811	0.769252919786707	1	0.738435494962758	0.922741818468265	0.610346783245287	0.680377418565695	0.862549310557643	0.603427209025374	0.813168401030998	0.841773435654404	0.573289829449848	0.735158623091811	0.688484424640874	0.495606944359336	0.566725717873893	0.553298822434136	0.431949734461336	0.757333195644985	0.650505986423941	0.479860891858858	0.753339985741712	0.557845485461647	0.2959106548195	0.0459874208481847	0.790588556547976	0.896669889641274	0.230064101953101	-0.113443508149945	0.215073393371709	0.757532540868424	0.633094811940194	-0.00791993667027872	0.780506090154242	0.267046585586519	0.53046563411441	0.419241514472226	0.491486700947495	0.716001167973445	0.626912048511086	0.574137128500599	0.39418932488486	0.679724703345168	0.635067018347352	0.404984176471466	0.350719221296883	0.284241724730148	0.112393466542694	0.424007309616613	0.259516608910692	0.360859627384702	-0.0259975372240509	-0.132292666415859	0.219587201095377	-0.390250491769764	-0.319685208199649	0.245588111813792	-0.605262589146684
CD8B	0.747859689626004	0.774071636100914	0.452077941866666	0.964865392831639	0.765699639501268	0.5406074225339	0.738435494962758	1	0.652451685339286	0.131719700891464	0.345279948140733	0.682825807610813	0.662353943169611	0.595614601051255	0.793344692451095	0.423875013022301	0.381884335426839	0.670064460006895	-0.0731351101935259	0.215646802216497	0.678875515468095	0.200178997560784	0.465968731912792	0.388196292146114	0.12007497442529	0.72388139043646	0.264960501199282	-0.138149671313208	-0.0588358672305036	0.681425283459398	0.640319377291507	0.401583692285678	-0.357388527210531	0.0554380609642637	0.578087594213924	0.508240185719448	0.0786110659375761	0.471961899622467	-0.0487366236868322	0.137837356690439	0.296070745994639	0.179730500791318	0.313083220876784	0.452705052707962	0.237535375573679	0.0636901548240824	0.186114818043729	0.237244703322875	0.232775922369663	-0.095304801178634	-0.14565399603073	-0.149320698013654	0.0652660417690351	0.085522937079641	0.113752269867013	-0.14152854895993	-0.460047984518796	-0.0399856893925452	-0.538104709986138	-0.571298890731496	-0.174337879332323	-0.567063978666986
CD2	0.859707801347375	0.894507813090267	0.74727981818565	0.587888821076661	0.882760797353064	0.710474195311312	0.922741818468265	0.652451685339286	1	0.779086338981639	0.835647163017338	0.914770512885751	0.391726875972091	0.665751451661312	0.821440274690977	0.652087618421162	0.884271411635677	0.793254355758029	0.581855774591966	0.779594075677379	0.517221125422811	0.677039743955948	0.737875376191521	0.771659075241865	0.590942441582169	0.721973645507044	0.762875382149104	0.466739319785921	0.215515868422292	0.845517055520464	0.831641933107332	0.120363392126051	0.100054813065019	0.370241190307489	0.792828096909097	0.746716543815234	-0.226616691151485	0.838275881918632	0.157677160124188	0.735171440890236	0.501723141345308	0.47804852887852	0.85552099967118	0.773894491728639	0.738282148041163	0.614697680241898	0.748353159146825	0.778710627262413	0.405710371986407	0.574382932204653	0.466134689185395	0.362801629543775	0.646986593987609	0.443920073156172	0.509794459025815	-0.0425680417672057	-0.00412442989532591	0.26863022407534	-0.252577033487736	-0.181221796596521	0.379640611285734	-0.580711186444709
PTGER4	0.560537697707716	0.520052019496184	0.657436113896066	0.0378022577262894	0.534058112412637	0.491583577996752	0.610346783245287	0.131719700891464	0.779086338981639	1	0.813356666361343	0.693173566864715	-0.0952905304311292	0.300055839186602	0.451971816026617	0.446948021960983	0.898226582124703	0.506399821689662	0.737502354358378	0.868208440554407	0.0762091924796065	0.674287825402461	0.692741269441871	0.630972315583084	0.555645948735077	0.456618238174352	0.795086017613764	0.607861582232324	0.344853225055934	0.544953914293341	0.623095968652619	-0.250470821278994	0.397055557706503	0.481437823482961	0.632819773304489	0.740656014196616	-0.435587081877128	0.750404495349506	0.0887731034662864	0.851425801333407	0.423312838096794	0.55566647804288	0.924711002942911	0.578510390294465	0.755719698745692	0.699382341469515	0.791913906306019	0.866517400252243	0.116314959040321	0.744503495549706	0.602407840398034	0.545852458543046	0.74317980938633	0.675097991179569	0.579620409985733	0.147656042140366	0.384613189509488	0.509324250874908	0.161564330738909	0.319631646520539	0.707756489763925	-0.2356159998709
CD69	0.786194858673984	0.759001485013131	0.755868125446588	0.20012659529054	0.773036480327877	0.399791376708907	0.680377418565695	0.345279948140733	0.835647163017338	0.813356666361343	1	0.80988380553942	0.00583369310063861	0.447019547171182	0.669995424071133	0.678813950573547	0.964016564402907	0.548104680921412	0.669560335012167	0.903650026892137	0.359762995380272	0.780940370783038	0.445557302423707	0.893947355949767	0.538956653350525	0.577740253369715	0.804110238600591	0.725069302872704	0.502618932935424	0.740252168782001	0.656003961843852	-0.196481921727937	0.39567195851634	0.361847716010869	0.602406874198145	0.600493598712891	-0.496769459131519	0.794341912203784	0.157246469325335	0.903603655653513	0.707404154133455	0.436526483277861	0.792648314372764	0.723916623179368	0.847260751810713	0.873366696499017	0.737039924476697	0.862138178286735	0.367602683819673	0.866568873296498	0.720878526329097	0.614291587477171	0.885576395192397	0.397766931080471	0.608957619317829	-0.0607498912644775	0.25160999928599	0.380359037924893	0.0258976436333812	0.113562167065531	0.484303936847704	-0.377186664131356
CD247	0.898108401824548	0.924076982388863	0.670714656381434	0.587280606851441	0.896374953484409	0.59979717648726	0.862549310557643	0.682825807610813	0.914770512885751	0.693173566864715	0.80988380553942	1	0.391172941302958	0.630921699215686	0.917302217956542	0.650171673260668	0.856920501761838	0.794369668460358	0.520501866391398	0.709916506902371	0.56917824966626	0.631165223266209	0.670044342262371	0.712193006332695	0.505552581039132	0.819343330606325	0.676595319412419	0.366607712154404	0.239710443819921	0.858925461458355	0.820316280289254	0.08148399868917	0.0747791472828912	0.345312367216013	0.688020849180575	0.733636977153211	-0.279895633620322	0.836448861020799	0.0509236875139709	0.680097434930678	0.60405475473272	0.383269032255602	0.768016182428647	0.652428666853902	0.621708397451651	0.579275503904682	0.698086357386297	0.773167260227887	0.358068112975737	0.538080847791257	0.35393305677006	0.320106294936359	0.594569909334802	0.27599209887873	0.539402464287834	-0.0290754104831948	-0.029759139076855	0.310843422219562	-0.245412855383176	-0.250910858339141	0.296484844480715	-0.514194932695173
CCR5	0.426714549563283	0.54674841940417	-0.0663193887682493	0.768946040404119	0.468696096312318	0.377579135067019	0.603427209025374	0.662353943169611	0.391726875972091	-0.0952905304311292	0.00583369310063861	0.391172941302958	1	0.561514802219094	0.568067918753805	0.153505955516896	0.0205047048101271	0.39172423290892	-0.0223576643849763	-0.0334212967759313	0.591756949750149	-0.0603591413236814	0.323970414010578	0.019689960297829	0.124092964263806	0.432603765366052	-0.0335964489983436	-0.236822780436074	-0.345338337734791	0.277110340133511	0.559550398416988	0.637030814928412	-0.475219087497833	-0.234584537447892	0.196007257351057	0.0307420917182079	0.528424315542798	0.202048949645461	0.375666643220595	-0.170574950049498	-0.0869469078489283	0.0779270785417364	0.0381311278603642	0.0724270482306262	-0.0229086690743648	-0.196560049884006	0.180640318421656	0.0273262375228644	0.474256036096257	-0.264217153867229	-0.247974610758371	-0.364266482535512	-0.193332040515223	-0.266150506084149	-0.113870950206096	-0.199520139859381	-0.413559396705372	-0.173452043795715	-0.635042390117407	-0.672723882137179	-0.282943021250604	-0.513692661157652
ITGB1	0.522827657876108	0.665564392918714	0.330285374512238	0.595724968851565	0.6660078337738	0.764466991995716	0.813168401030998	0.595614601051255	0.665751451661312	0.300055839186602	0.447019547171182	0.630921699215686	0.561514802219094	1	0.664752271132227	0.402238778703881	0.435343000544618	0.522952631563608	0.420985143089214	0.226688327628979	0.331323033085153	0.197218798456761	0.618117266202724	0.500638538729533	0.456904917475615	0.469839448814425	0.223379212085612	0.166878154307071	-0.0810557154785383	0.672303190571506	0.618459895480231	0.259560826900699	-0.172687299663672	0.322785452195899	0.687314540662421	0.38281372414296	0.0977469278835378	0.510452130230538	0.257111330960922	0.251745409974772	0.372337507465338	0.311160657606112	0.481482440804141	0.555476399768616	0.263665351700126	0.152231899015733	0.482406788613846	0.343649473769474	0.397784093975013	0.146157145514802	0.161752230814809	0.0332487550500902	0.190863417808627	-0.0514446103701288	0.314720706745187	0.205084255294001	-0.124285408630274	0.204728017668343	-0.30570517233305	-0.3408975936264	0.189780044731852	-0.363763536362015
CXCR6	0.884784637448225	0.941641986826553	0.52564721159837	0.724424579994967	0.894169742072002	0.523016861305375	0.841773435654404	0.793344692451095	0.821440274690977	0.451971816026617	0.669995424071133	0.917302217956542	0.568067918753805	0.664752271132227	1	0.623518247730699	0.688243907250004	0.720401120027442	0.321420157660283	0.504509926577278	0.656540925271555	0.518235986054778	0.568330107557982	0.600050716794297	0.367142488370375	0.800230036526953	0.531459502200421	0.199716120501783	0.135733295198068	0.823260597013532	0.790011167424472	0.159884536907444	-0.103142470606725	0.170581867761881	0.594395940480518	0.555084370232458	-0.175149827791684	0.708208818076379	0.100417704047569	0.51255272742374	0.580997738859574	0.225414852246617	0.563541745231466	0.540941301274186	0.472177624353815	0.431259031938442	0.496343965498194	0.582662299393897	0.382300500469503	0.362797444878006	0.189008900747547	0.177481381122601	0.421426781309104	0.0705633145086022	0.364153245969395	-0.156699490835512	-0.235766352239572	0.149048823419045	-0.412787111909192	-0.453673723821166	0.0464188512832412	-0.587678650462494
ITGB2	0.688213604308577	0.682032544085013	0.61241074659335	0.350211965021236	0.675731372399516	0.346076430240231	0.573289829449848	0.423875013022301	0.652087618421162	0.446948021960983	0.678813950573547	0.650171673260668	0.153505955516896	0.402238778703881	0.623518247730699	1	0.698878803566136	0.624926744448531	0.391271060267705	0.6399842343345	0.56955788003759	0.757678651626487	0.233865358651776	0.795010509518645	0.464105523875331	0.535201076442502	0.725138423670417	0.632741714972326	0.556982033184958	0.743394452702374	0.392793074888019	-0.0535349237868354	0.174597913361698	0.200284821860013	0.435981909713525	0.42244959855592	-0.17007256501763	0.701612406782204	0.123602603831483	0.665890783319349	0.639225817043939	0.205356121965925	0.485222348032679	0.68878826918435	0.730952436004704	0.681036459228088	0.485339523547096	0.586325268323536	0.398282151392133	0.590046530245942	0.651614081020233	0.439739459513735	0.660102691475576	0.28333146359824	0.205803042098312	-0.318053097744951	0.0300821377814017	0.137311560222446	-0.129769307188196	-0.0953766689474084	0.116398395059494	-0.486344229263411
CXCR4	0.802366792238994	0.762756278568932	0.794824146019393	0.251752119475723	0.782482587093037	0.4969083364507	0.735158623091811	0.381884335426839	0.884271411635677	0.898226582124703	0.964016564402907	0.856920501761838	0.0205047048101271	0.435343000544618	0.688243907250004	0.698878803566136	1	0.634780161964087	0.671373702678414	0.914419556628319	0.349004329726733	0.791439766507804	0.588771358430772	0.854346587536343	0.565520767972201	0.646574115053605	0.85608628051942	0.685186301186639	0.477622497070944	0.770038285976703	0.69931994402982	-0.184474833786502	0.368843013657454	0.409881228007562	0.680162385154588	0.74125233571588	-0.47923842194064	0.859360564444897	0.0749301661586325	0.923657566421915	0.665917513656751	0.486989542054123	0.881350864150641	0.733373045704689	0.858924102097793	0.836333435079	0.774728693044268	0.898203565263171	0.279679775242072	0.817230449387612	0.678341262925817	0.586599402234849	0.853714228256164	0.525793688348525	0.601604721374098	-0.0166139745896817	0.249035779717844	0.419399630673996	0.0295094398909769	0.129383438378331	0.537953291765418	-0.401242115036767
CXCR3	0.664927454926368	0.785670997599851	0.575260016475807	0.669784617042784	0.708652119953416	0.593068508724609	0.688484424640874	0.670064460006895	0.793254355758029	0.506399821689662	0.548104680921412	0.794369668460358	0.39172423290892	0.522952631563608	0.720401120027442	0.624926744448531	0.634780161964087	1	0.323749127494193	0.564349422573132	0.48350872932226	0.633766076419833	0.608129419989521	0.525019779443055	0.550835035067572	0.600796796924221	0.619859512957522	0.274301633344906	0.134424563801314	0.76980243346745	0.527953295885085	0.312357911165822	0.0641110943794282	0.466307911940948	0.66772522022265	0.692251601538903	-0.13785648655441	0.659516767549948	-0.107743962265153	0.493965154831637	0.361367647423874	0.0954247814834245	0.655670447292277	0.728724852052225	0.488228938527181	0.404183380874199	0.523875810369105	0.512659145327753	0.378188842334724	0.305188176856838	0.274920703451046	0.334686108322132	0.440499735781768	0.310768988453963	0.366759964960325	-0.00100725070800415	-0.103857893556016	0.173044275728306	-0.268610027932055	-0.334862855517605	0.238928307963233	-0.504238029127579
CD46	0.382398431247497	0.404591730403302	0.403254404675521	-0.127599599553355	0.407784461718789	0.418969011775644	0.495606944359336	-0.0731351101935259	0.581855774591966	0.737502354358378	0.669560335012167	0.520501866391398	-0.0223576643849763	0.420985143089214	0.321420157660283	0.391271060267705	0.671373702678414	0.323749127494193	1	0.66957232906597	0.126292882552556	0.486318705414207	0.42320279801599	0.545075153785858	0.704598341934946	0.241340713564669	0.533681311521867	0.639811220802872	0.275245922970594	0.408223875231536	0.481729908068708	-0.0728383071983882	0.35434564682895	0.517674866415501	0.418439537957992	0.371384207750509	-0.145492794670081	0.667658208667723	0.415590517257907	0.62750097424702	0.298196916370396	0.462592785026435	0.706706697577278	0.445553078641003	0.584752326620422	0.584044304554471	0.82877405263308	0.69843993512719	0.37005120274223	0.683830221954996	0.641408096822278	0.444361402358853	0.628109240502169	0.277301328305673	0.631658602688424	0.330917914628442	0.507209592930795	0.572567570540627	0.196328901332513	0.296470989920876	0.655855369012579	0.0577079408601731
SIGIRR	0.685110499267842	0.640619945904664	0.693385255330424	0.106718232943787	0.629425420542634	0.308700563542563	0.566725717873893	0.215646802216497	0.779594075677379	0.868208440554407	0.903650026892137	0.709916506902371	-0.0334212967759313	0.226688327628979	0.504509926577278	0.6399842343345	0.914419556628319	0.564349422573132	0.66957232906597	1	0.306397532826562	0.827247458516115	0.409877218913453	0.778980977822655	0.547671158903155	0.481620603249416	0.877096882720901	0.772788417244582	0.530738070512454	0.592931006442739	0.592072925151521	-0.151453443176908	0.481172639078007	0.337520695122088	0.474632193888001	0.588759106709558	-0.432114397340188	0.753718450978629	0.18909199188585	0.869134116692308	0.543383150666344	0.42918009821065	0.792433448949736	0.665755722227996	0.898310622788377	0.871519177616322	0.760301285198946	0.871387053389867	0.326556654054267	0.841122741578912	0.764973736592518	0.64768418448903	0.89742613504001	0.562003417633947	0.547341045250687	-0.0913249379368997	0.365640082895556	0.36578254738114	0.0960162718550069	0.223201998794602	0.562454552415252	-0.344435845359389
ITGAL	0.738247659739261	0.685612540944684	0.434474380269	0.644764422059714	0.681309445442879	0.320797547609905	0.553298822434136	0.678875515468095	0.517221125422811	0.0762091924796065	0.359762995380272	0.56917824966626	0.591756949750149	0.331323033085153	0.656540925271555	0.56955788003759	0.349004329726733	0.48350872932226	0.126292882552556	0.306397532826562	1	0.304327926083706	0.0600959964526728	0.447271768409844	0.24336767668829	0.602222526696702	0.295211041241177	0.12279405396306	0.149040185710092	0.540141076425134	0.523025498641623	0.46798662022499	-0.176160127957594	-0.16951462466095	0.261196554279781	0.203254206666384	0.242622899697037	0.528204563955489	0.232238966369461	0.188749619024988	0.262164530966241	0.213159726678934	0.144137836541099	0.320039412812907	0.342697423261826	0.266259956132249	0.287722514773681	0.321854339755579	0.527412492890643	0.134677312705757	0.120490625992987	-0.0783416685572328	0.23486509391105	-0.0441370631622262	0.165377438925947	-0.38203832682574	-0.349012929592433	-0.163375288654518	-0.399159156535979	-0.51851629491227	-0.272131589362017	-0.537812644661639
S1PR4	0.571524880409222	0.608822595563611	0.703827126608811	0.121072079906784	0.568270561096874	0.275886702327666	0.431949734461336	0.200178997560784	0.677039743955948	0.674287825402461	0.780940370783038	0.631165223266209	-0.0603591413236814	0.197218798456761	0.518235986054778	0.757678651626487	0.791439766507804	0.633766076419833	0.486318705414207	0.827247458516115	0.304327926083706	1	0.30096848839758	0.773857217589149	0.602683791945097	0.409020625753081	0.883230495929046	0.738567847657092	0.590976297867226	0.675255005315356	0.352674847831896	-0.111254809573712	0.474739048763836	0.411674675472572	0.446017682340932	0.519139459170157	-0.484589897299781	0.598658129338316	-0.00114484453017327	0.864821338417685	0.624727876295012	0.210969312745335	0.68239763207781	0.76083645055716	0.832619171380568	0.866612374179042	0.508577078266573	0.69085274284741	0.366509722673949	0.811807888670495	0.762034281413517	0.743783490789673	0.863298758318707	0.517020898730582	0.451700752720061	-0.203730894401904	0.21331940998458	0.161287841835239	0.0943773603413826	0.134115223193011	0.376311631716954	-0.352574746248705
KLRD1	0.466809446425793	0.533444798829835	0.413516158018967	0.473302147182943	0.540139350364986	0.752490497071558	0.757333195644985	0.465968731912792	0.737875376191521	0.692741269441871	0.445557302423707	0.670044342262371	0.323970414010578	0.618117266202724	0.568330107557982	0.233865358651776	0.588771358430772	0.608129419989521	0.42320279801599	0.409877218913453	0.0600959964526728	0.30096848839758	1	0.33154708080661	0.38494184047291	0.532808852637055	0.466566559671891	0.0750436828552074	-0.11361451531706	0.579027575959379	0.678950805610653	0.0543435489786763	-0.0915626175167313	0.450451009658425	0.768435156748742	0.761930750834947	-0.145946152418266	0.55675708672173	-0.0157780584439276	0.433905171496875	0.189849401161631	0.464115888604172	0.780648801875756	0.469364503366778	0.348186077778824	0.160110548164532	0.541017559390674	0.525072856470544	0.00482579868335339	0.185677441246072	0.0741374922084847	0.0999878604906053	0.214729741509647	0.469789657222602	0.333881248955365	0.282637702484179	-0.0179885651541009	0.344590612440892	-0.179017280678403	-0.0803029329021721	0.440266849736311	-0.332707881545057
TNFRSF1B	0.746000905113857	0.715201281799077	0.818095956291875	0.259435047440865	0.770836700374001	0.484580706136541	0.650505986423941	0.388196292146114	0.771659075241865	0.630972315583084	0.893947355949767	0.712193006332695	0.019689960297829	0.500638538729533	0.600050716794297	0.795010509518645	0.854346587536343	0.525019779443055	0.545075153785858	0.778980977822655	0.447271768409844	0.773857217589149	0.33154708080661	1	0.533820592797278	0.553139984461537	0.751098675366368	0.737563161276386	0.563375715026462	0.786146737462219	0.521065162437893	-0.0972675202989783	0.313440653284957	0.318890248509987	0.60531140902629	0.541523688827502	-0.365510888379227	0.716498141374635	0.124935408772755	0.818099176913585	0.723419491428952	0.4662231015674	0.659834329329981	0.824593369632036	0.844830212286983	0.823168086931613	0.59415352889347	0.715542172668827	0.408462500881071	0.775543817512595	0.751667938839593	0.537507214200517	0.823360387579331	0.385645699726935	0.511437742942739	-0.137033085758212	0.147581933379193	0.21011404862002	0.0038286885316449	0.074649839471394	0.307820799502588	-0.412682744531305
CD47	0.345948006031735	0.46650261129674	0.587813483926285	0.122337803090749	0.472179118009174	0.590513348100629	0.479860891858858	0.12007497442529	0.590942441582169	0.555645948735077	0.538956653350525	0.505552581039132	0.124092964263806	0.456904917475615	0.367142488370375	0.464105523875331	0.565520767972201	0.550835035067572	0.704598341934946	0.547671158903155	0.24336767668829	0.602683791945097	0.38494184047291	0.533820592797278	1	0.242068895048051	0.493063610867478	0.572839953192657	0.222615648296455	0.498913417318738	0.329635703052536	0.295528816134694	0.343219485672918	0.553972752629992	0.537621426736851	0.450200523935824	-0.0578089680245595	0.523317420255517	0.132581118722836	0.583044278374441	0.257668553255154	0.236408741899627	0.695190734353827	0.673740836350442	0.571498793277893	0.550909355520091	0.709546697565517	0.480417829828891	0.552248074791596	0.548388731030467	0.59867603182086	0.492550271843721	0.578400095137582	0.299504487265782	0.598215185003887	0.303940226155403	0.374759262695287	0.368053262997782	0.168499809548303	0.10363711425851	0.503900958528366	-0.0938396729933877
ADGRE5	0.840968177661587	0.795890785872474	0.552247825941145	0.629446869708748	0.856732233950907	0.469433301319347	0.753339985741712	0.72388139043646	0.721973645507044	0.456618238174352	0.577740253369715	0.819343330606325	0.432603765366052	0.469839448814425	0.800230036526953	0.535201076442502	0.646574115053605	0.600796796924221	0.241340713564669	0.481620603249416	0.602222526696702	0.409020625753081	0.532808852637055	0.553139984461537	0.242068895048051	1	0.496105522925262	0.126923474881636	0.16093184369811	0.73164524362752	0.777554888327881	0.116901994873664	-0.160916746498286	0.0774528051735119	0.510541857867118	0.62408760170014	-0.136546903191737	0.693385705875145	0.00410643534066633	0.461271346222342	0.494789581649395	0.417866124874406	0.541796782168538	0.416200380081717	0.432044972451038	0.346750474935954	0.408553922187798	0.566059118939505	0.171711531649342	0.284378409251976	0.0900809157016437	0.021129549641835	0.354191983025964	0.245060695930503	0.315716815518062	-0.148653847761756	-0.233148699334844	0.0786354571935571	-0.334137515612651	-0.322651094031699	0.0237037018070968	-0.528474621206553
CD6	0.672196786884189	0.642003847587995	0.67463680417068	0.182407327273881	0.608199426865656	0.382363581095649	0.557845485461647	0.264960501199282	0.762875382149104	0.795086017613764	0.804110238600591	0.676595319412419	-0.0335964489983436	0.223379212085612	0.531459502200421	0.725138423670417	0.85608628051942	0.619859512957522	0.533681311521867	0.877096882720901	0.295211041241177	0.883230495929046	0.466566559671891	0.751098675366368	0.493063610867478	0.496105522925262	1	0.675141074867284	0.492317320584607	0.727697509924516	0.517752578443611	-0.204103260852984	0.350906156925653	0.36506134270988	0.529954799417302	0.601502474706305	-0.434939847880449	0.752086404204306	0.116969961636736	0.830987312123874	0.512834642201674	0.443228442272149	0.734732530918856	0.721313977908126	0.895435460656453	0.794275855700267	0.559054325483571	0.713303877488095	0.204898790728176	0.757466452841288	0.690471767693692	0.574652175685728	0.807076595314665	0.667011594892183	0.415499342452782	-0.230084394760055	0.149305722125762	0.169990308656571	-0.0151229501804821	0.125272025927494	0.426640322003489	-0.447310419719122
HLA-DPB1	0.360067935759261	0.360686597176655	0.557850380239153	-0.227083406024833	0.376375536246581	0.164176071150495	0.2959106548195	-0.138149671313208	0.466739319785921	0.607861582232324	0.725069302872704	0.366607712154404	-0.236822780436074	0.166878154307071	0.199716120501783	0.632741714972326	0.685186301186639	0.274301633344906	0.639811220802872	0.772788417244582	0.12279405396306	0.738567847657092	0.0750436828552074	0.737563161276386	0.572839953192657	0.126923474881636	0.675141074867284	1	0.677036697844694	0.384220543273496	0.224993400022801	-0.206406005970002	0.671200319751731	0.201186868769081	0.234066295196777	0.225737834733431	-0.381062095321302	0.517672429027092	0.191500631657023	0.783335975675634	0.610353613696135	0.201560829540312	0.544348296777523	0.632102525477408	0.816870887620918	0.896561263158974	0.656773117840661	0.671818922917845	0.434236194066434	0.859066580343611	0.989553654716725	0.769686036858417	0.91184149598904	0.304128795962132	0.443346657998462	-0.0527073448420639	0.550075063008613	0.28122185350827	0.329695598539731	0.374440900811007	0.530746806575516	-0.163613349107132
CD81	0.303557060813492	0.206896476668814	0.46354812157585	-0.179152976161015	0.229240341335933	-0.130888801708428	0.0459874208481847	-0.0588358672305036	0.215515868422292	0.344853225055934	0.502618932935424	0.239710443819921	-0.345338337734791	-0.0810557154785383	0.135733295198068	0.556982033184958	0.477622497070944	0.134424563801314	0.275245922970594	0.530738070512454	0.149040185710092	0.590976297867226	-0.11361451531706	0.563375715026462	0.222615648296455	0.16093184369811	0.492317320584607	0.677036697844694	1	0.261204839227554	0.0512994271967184	-0.216991419868316	0.733729799273107	0.210955528166581	0.037284676505632	0.226110657329383	-0.409558546113359	0.33803901265413	0.0141866405463944	0.585511742969282	0.70268311287434	0.153616056151113	0.297433258862897	0.356308146111322	0.562031749321106	0.748094268975847	0.277107568270432	0.518221628159871	0.195991753708417	0.604116358773139	0.683939959001479	0.748937844042567	0.724541491279193	0.315937750350385	0.38964761996818	0.0108177127552922	0.549177030018503	0.339966111652361	0.578764086799553	0.558135355790205	0.456017838689941	0.126993683133624
IL2RG	0.814750522152623	0.854526868135063	0.715444102034713	0.58925595582847	0.859513982364129	0.685773339123206	0.790588556547976	0.681425283459398	0.845517055520464	0.544953914293341	0.740252168782001	0.858925461458355	0.277110340133511	0.672303190571506	0.823260597013532	0.743394452702374	0.770038285976703	0.76980243346745	0.408223875231536	0.592931006442739	0.540141076425134	0.675255005315356	0.579027575959379	0.786146737462219	0.498913417318738	0.73164524362752	0.727697509924516	0.384220543273496	0.261204839227554	1	0.642479284860563	0.0387347397619059	0.0275413743657731	0.417491601668472	0.775943703499311	0.67195981347163	-0.28198491564348	0.782048243856042	-0.00948070713718833	0.629031186256756	0.62520590416729	0.404115059212255	0.663037559588242	0.812593237701111	0.65057532195713	0.546045106519085	0.463066257084454	0.565100043795114	0.26297060152706	0.476414978957172	0.39217554105424	0.306505454951109	0.556057321351565	0.351691102808252	0.451289357197624	-0.0950133588430587	-0.192409399844185	0.0872909405286718	-0.2523631026642	-0.277184805590307	0.193478122573956	-0.546712834798574
CD96	0.838511229320441	0.809985578072251	0.455091888016512	0.591126542300703	0.829163781482752	0.564899955322594	0.896669889641274	0.640319377291507	0.831641933107332	0.623095968652619	0.656003961843852	0.820316280289254	0.559550398416988	0.618459895480231	0.790011167424472	0.392793074888019	0.69931994402982	0.527953295885085	0.481729908068708	0.592072925151521	0.523025498641623	0.352674847831896	0.678950805610653	0.521065162437893	0.329635703052536	0.777554888327881	0.517752578443611	0.224993400022801	0.0512994271967184	0.642479284860563	1	0.201175922893286	-0.0614132357807523	0.107099651202224	0.576664013006382	0.540232219285836	-0.100417822290266	0.766396772956988	0.39112563813643	0.48256719279733	0.350397118826615	0.5605847047135	0.663109777656912	0.395825844314043	0.528498012977873	0.379173246012984	0.642542234041148	0.668096920853222	0.327340515600384	0.339527274005511	0.192833367273236	0.0834744930534406	0.409212824033999	0.23114138572439	0.419497122932396	-0.0217473087818441	-0.0830516279886897	0.268197724275969	-0.305048725446587	-0.217643451225868	0.277299250248765	-0.512009461809076
F2R	0.104795708857677	0.203217773210001	0.0354971107064559	0.524841639881057	0.221207597122225	0.313548059759459	0.230064101953101	0.401583692285678	0.120363392126051	-0.250470821278994	-0.196481921727937	0.08148399868917	0.637030814928412	0.259560826900699	0.159884536907444	-0.0535349237868354	-0.184474833786502	0.312357911165822	-0.0728383071983882	-0.151453443176908	0.46798662022499	-0.111254809573712	0.0543435489786763	-0.0972675202989783	0.295528816134694	0.116901994873664	-0.204103260852984	-0.206406005970002	-0.216991419868316	0.0387347397619059	0.201175922893286	1	-0.148824644122285	-0.0348809189639935	0.100534154365993	-0.0064867858709239	0.444704810600848	-0.0316188851959633	0.180619315837089	-0.282657752954132	-0.283009363634916	-0.0244524031867085	-0.0469845199449308	0.11627773900479	-0.10280275800787	-0.210891946048074	0.0905618346271835	-0.157328601206059	0.575777850284784	-0.356717246379568	-0.200701511085507	-0.178159369899087	-0.200768994527364	-0.205369150148321	0.11599416328796	0.180710220321852	-0.16148931289173	-0.0980421749115657	-0.150461620561641	-0.371451032587422	-0.114864276349687	-0.105052271137185
C1QBP	0.021128126503194	-0.0012525508003205	0.317006909091751	-0.427880678739223	-0.0103717908575491	-0.125730332514812	-0.113443508149945	-0.357388527210531	0.100054813065019	0.397055557706503	0.39567195851634	0.0747791472828912	-0.475219087497833	-0.172687299663672	-0.103142470606725	0.174597913361698	0.368843013657454	0.0641110943794282	0.35434564682895	0.481172639078007	-0.176160127957594	0.474739048763836	-0.0915626175167313	0.313440653284957	0.343219485672918	-0.160916746498286	0.350906156925653	0.671200319751731	0.733729799273107	0.0275413743657731	-0.0614132357807523	-0.148824644122285	1	0.29507733734107	0.00761531889014556	0.149083985594188	-0.512550637654896	0.18304207681219	-0.0498682815628425	0.512529714989709	0.475918941484446	-0.0116429807448864	0.334532580725165	0.288238653263348	0.434573674837144	0.692552826588411	0.366383071537086	0.434393203667083	0.177065598683798	0.588212735702303	0.656953218189062	0.88809027863558	0.694315422406501	0.240691725317255	0.530647471082916	0.25290289793524	0.651677016096128	0.389444246852391	0.783694524737582	0.591081590989959	0.722207950816398	0.240330323224991
CD82	0.124799009996039	0.191100469611508	0.382162702614227	0.0304010270498332	0.189836026155781	0.431097483088351	0.215073393371709	0.0554380609642637	0.370241190307489	0.481437823482961	0.361847716010869	0.345312367216013	-0.234584537447892	0.322785452195899	0.170581867761881	0.200284821860013	0.409881228007562	0.466307911940948	0.517674866415501	0.337520695122088	-0.16951462466095	0.411674675472572	0.450451009658425	0.318890248509987	0.553972752629992	0.0774528051735119	0.36506134270988	0.201186868769081	0.210955528166581	0.417491601668472	0.107099651202224	-0.0348809189639935	0.29507733734107	1	0.588970122884958	0.58095882580916	-0.282031754982975	0.377574966084325	-0.110584063489519	0.384462010828611	0.184168339254096	0.282766142841449	0.571145190988611	0.488158856862988	0.269071146589813	0.266700936065793	0.312280826069102	0.287484640961003	-0.0319019995325547	0.278798187280016	0.242040091628844	0.441036593537017	0.304128937936617	0.440874325334343	0.61280895428427	0.587891407385071	0.345586168305526	0.56251648936502	0.353421577996117	0.367731916568527	0.613896799219414	0.330785501865068
SIRPG	0.5724155508256	0.605537530759506	0.716967162853704	0.522363102744872	0.668001740057399	0.861512934629291	0.757532540868424	0.578087594213924	0.792828096909097	0.632819773304489	0.602406874198145	0.688020849180575	0.196007257351057	0.687314540662421	0.594395940480518	0.435981909713525	0.680162385154588	0.66772522022265	0.418439537957992	0.474632193888001	0.261196554279781	0.446017682340932	0.768435156748742	0.60531140902629	0.537621426736851	0.510541857867118	0.529954799417302	0.234066295196777	0.037284676505632	0.775943703499311	0.576664013006382	0.100534154365993	0.00761531889014556	0.588970122884958	1	0.778389063789414	-0.191292455653133	0.660461222122533	-0.101184979695204	0.545642945960307	0.345480629411541	0.492796189321946	0.761572133632998	0.751921219494062	0.493525124274044	0.334485179300178	0.492611557793724	0.474867947419036	0.120921284825424	0.299757675938562	0.249120615158108	0.233169422979085	0.373898503637584	0.508995316993677	0.48619364625083	0.247529552406133	-0.0913157396986141	0.282654452318345	-0.095733835140862	-0.0852908724744524	0.402655573115109	-0.359117460977292
