""	ITGA4	CD2	KLRD1	CD3G	CD3D	LAG3	CD8B	PTGDR	CD8A	CCR5	CD247	S1PR4	IFITM1	CD44	CD69	CD47	PTPRC	IL2RG	CXCR4	PTGER4	SIGIRR	CXCR3	ADGRE5	CXCR6	CD6	TSPAN5	F2R	ITGB1	CD46	C1QBP	ITGAL	SORL1	ICOS	NOTCH1	TNFRSF1B	TNFRSF14	CLEC2D	ITGAX	TFRC	CD81	SPN	ITGB2	IGF2R	HLA.DPB1	TRADD	SIRPG	SLC16A7	ADRB2	LAIR1	PDCD1	TNFRSF1A	ADCY7	SLC1A5	HAVCR2	ATP5F1B	PTGER2	PLXDC2	TSPAN14	KLRB1	RHBDF2	SMAP1	JMJD6	STX4	RACK1	VSIR	CRTAM	CD74	LPP	TMIGD3	RPSA	PTPRA	CD63	LRP10	CANX	LAMP1	APLP2
ITGA4	1	0.956011516311179	0.957004677009698	0.933297386127328	0.816918468679974	0.960335846268547	0.905221284772547	0.862373702807413	0.930097535481111	0.77719327081077	0.860157608436452	0.828568656568631	0.952894466932126	0.915727625601369	0.942912412457553	0.947171752585509	0.95104391937278	0.929734240339364	0.904059123931733	0.931104362487021	0.747318479869155	0.809742685519644	0.918082284255377	0.892733223572798	0.713012782537814	0.96041034639488	0.932950037889513	0.954662641605071	0.765617536206688	0.909168779432396	0.924986799819831	-0.782661210227469	0.776486374408013	0.388336136510446	0.772914150863599	0.941327420577638	0.906049627733669	-0.809885417742343	-0.470863531516699	0.48038990805507	0.836608165838949	0.774540417612043	0.659286590640067	0.821065815613812	0.671970374821924	0.872882048079846	0.81968334736775	-0.00147391394171705	0.130848376659567	0.689480639846295	0.874288997539504	-0.106049441357808	0.132761080367743	-0.209224809453427	0.891488243396842	0.855482728448165	-0.62363707482181	-0.18969565687888	0.893847228967552	-0.731103803956579	0.711360340064079	0.422331771488706	0.51835144308413	0.90972968151467	-0.0823844170636179	0.942758595670092	-0.251258977978513	-0.0961891295389319	-0.541999349292385	0.921366997837261	0.628815498738541	0.84256715659054	0.833347260818456	-0.157500110210809	0.505046332999525	-0.0729878071372221
CD2	0.956011516311179	1	0.902011763268954	0.97661968371932	0.936807331830309	0.913603479464699	0.94976160616468	0.944666510110409	0.963002545158109	0.745960806302663	0.945254086494775	0.923850989335576	0.968467033407703	0.941521524672375	0.985508722461783	0.887686488665799	0.908372729153777	0.977784372761364	0.978373356629717	0.900212100910018	0.846198830202209	0.916908464629716	0.978871467748933	0.87487160896268	0.768861557717109	0.959177808776577	0.915770629798163	0.900731779480625	0.837400780171266	0.935429070906557	0.961999443620834	-0.833869624051908	0.850397892851342	0.401642600212177	0.737950020210368	0.904574784443812	0.832096197632942	-0.88081350835914	-0.427061581945535	0.58209233148721	0.712640687356635	0.796790972135919	0.51039612325563	0.901205388607805	0.815777830859638	0.95585429051741	0.904073852293429	-0.165918771381639	0.0207099031335314	0.795283811403222	0.82300486886451	-0.24080195023835	0.18781819013589	-0.270130936401242	0.928036217568305	0.871721973727811	-0.694666543831153	-0.325164007070675	0.843718733108553	-0.802422835875546	0.85417174998666	0.504544340249587	0.440219686805212	0.980757781826613	-0.0669659226973718	0.974332142550658	-0.283292879559295	-0.21285052609867	-0.579312162715991	0.980349712037167	0.479540061571368	0.894695321505364	0.886862041159922	-0.244514870033995	0.547934430125005	-0.147428705502892
KLRD1	0.957004677009698	0.902011763268954	1	0.887562054603675	0.733016445885669	0.903860194516747	0.84730777269375	0.764979390216587	0.881590623605778	0.618741028939324	0.769751045065665	0.762666540042628	0.915893667930809	0.81057018984224	0.91901811664243	0.987208560497854	0.882333162818882	0.886107472692392	0.856148598972274	0.963047057770836	0.613206933473875	0.725910399756355	0.83255998804889	0.918047868138239	0.502810695134054	0.924047825457774	0.856320146880471	0.975393532224852	0.646359469195037	0.889840417004839	0.840277232950455	-0.692450955391703	0.687596126641636	0.283872096876395	0.737520265691332	0.917080834255314	0.941171710048772	-0.719415711819011	-0.469785477831813	0.421746327757014	0.829497634646882	0.775032182256093	0.622882648551925	0.756019152320847	0.553254742422921	0.785453424076445	0.717921060229653	-0.0621565204020221	0.249723768641063	0.609082230985506	0.833948952602351	-0.218198298889059	0.15847542968627	-0.120212098463868	0.851325137006154	0.82735302682457	-0.552039649105125	-0.0964512281732337	0.930547838678516	-0.645528619385877	0.610316482579967	0.474736163250432	0.54121014887488	0.856566911630959	-0.112093716025777	0.870929472015805	-0.254582550118568	0.0534315714479437	-0.505761337666636	0.868368075283868	0.660881117110246	0.812375148236746	0.741885044503453	-0.13054034236557	0.399617229226321	-0.00716345485635259
CD3G	0.933297386127328	0.97661968371932	0.887562054603675	1	0.954169783068044	0.909650109735996	0.985789526725506	0.904271059063695	0.991250904770877	0.657604563649414	0.919630493089558	0.886526938500469	0.987075615717862	0.950157893047394	0.987692623432544	0.868469774719814	0.868128345080696	0.932794319308889	0.96814187125803	0.899627475678287	0.868827979491714	0.940736241262348	0.929378523910844	0.831213385530482	0.723469131515008	0.949906910640998	0.864472482376298	0.902259097337998	0.872350082920671	0.945043513837915	0.921627743795603	-0.78205339620573	0.919364153816313	0.249248500228521	0.747122459611655	0.927118058077817	0.833948275157547	-0.830192033482379	-0.377146322907101	0.613715704669334	0.717317328921502	0.773956805556726	0.473878740480512	0.943536250403754	0.837944446610588	0.938418872711239	0.842896687100292	-0.152344560484128	0.0595294034921938	0.705987977042943	0.840047049317215	-0.215076255637226	0.246914325068125	-0.206980592650642	0.888612471416989	0.918226201718895	-0.653138547176031	-0.30339609484844	0.794492501006438	-0.743794568853787	0.8053421456952	0.530337941618474	0.44729963227566	0.987276602547655	0.0280762659438732	0.971208871528666	-0.245893318489095	-0.219759683507882	-0.531760399003844	0.992418847426314	0.420845405107742	0.913333232619016	0.868990434906703	-0.238742027523713	0.495437407407879	-0.143032436507638
CD3D	0.816918468679974	0.936807331830309	0.733016445885669	0.954169783068044	1	0.799968073921693	0.944922614572319	0.933365126082328	0.932236108772388	0.614904506535879	0.941684121980628	0.908752384995202	0.91730973697565	0.91153174239036	0.935837621380156	0.711204451662426	0.767650246571957	0.906535661460207	0.959788237046362	0.763471862415423	0.929917199686412	0.975090685048527	0.927159140016715	0.733405931450659	0.785747857589918	0.861824151702102	0.791293778743876	0.753118451432146	0.894422850816277	0.883144405802715	0.888177771775046	-0.785987937051763	0.922777764378997	0.271879186446939	0.647886026063563	0.810883274576355	0.669454957854368	-0.848314091554353	-0.300714790072112	0.679712792894623	0.529970879729503	0.724657305463482	0.311270215046218	0.947794441609909	0.934437564958402	0.959634834458018	0.880825616522007	-0.252560533574844	-0.092367502665102	0.759079025485761	0.728863582399406	-0.285410241569225	0.267271171935159	-0.27025498741118	0.850237093998874	0.837193062803863	-0.678873587060679	-0.450319928456478	0.661640767894511	-0.767349078056954	0.901866842525343	0.515541932213937	0.335003204180532	0.974890906068189	0.0496286445511602	0.930973112000156	-0.241736841211499	-0.370379595218616	-0.515619866918521	0.968503453222532	0.220045568063507	0.885919965384366	0.860765835357275	-0.310876553127685	0.519501594185327	-0.226531023442657
LAG3	0.960335846268547	0.913603479464699	0.903860194516747	0.909650109735996	0.799968073921693	1	0.877544370417993	0.829244525995046	0.918924196052895	0.777495412688958	0.779275774188065	0.739155041872262	0.908611666081885	0.876599020706318	0.910548800337722	0.902760056558282	0.912929283744032	0.867251024649725	0.853516954356882	0.887485716466487	0.71908397024646	0.795762741217232	0.863616468941392	0.889379259510903	0.71317613043118	0.93975514649383	0.945293799816824	0.928401459731003	0.759773702051894	0.881860486672715	0.853095631362878	-0.773193629140004	0.748952467479124	0.316680764976706	0.683505189830459	0.902479760685225	0.900096040032311	-0.779874602626582	-0.50038963097491	0.485534171722043	0.822352452755915	0.75199477424105	0.583493751035867	0.825409320848033	0.609082777627239	0.865126236922936	0.75262426726413	0.0971522693427818	0.142974322042774	0.681792622304849	0.834235566448063	-0.0424982482973011	0.17511829938136	-0.198049930803777	0.843351478197579	0.889711657253286	-0.599502629113482	-0.156864705312363	0.785689890890114	-0.707203164174229	0.647094442506213	0.334180198129426	0.535104546089498	0.877130452366541	-0.103299377424477	0.940272091200226	-0.228607799843203	-0.185680969406905	-0.507473871334313	0.892091583771589	0.578699615646711	0.802841817314133	0.837469463209899	-0.169827173927596	0.47192057056604	-0.114622633820273
CD8B	0.905221284772547	0.94976160616468	0.84730777269375	0.985789526725506	0.944922614572319	0.877544370417993	1	0.863943991912105	0.986532263409658	0.617157433402537	0.919339658925604	0.867713907787479	0.981920582764394	0.961995500986028	0.954346408134107	0.830921166378661	0.828774864550013	0.900306211425585	0.944977831210375	0.8522496552217	0.883904442270019	0.934637370120296	0.896772364440665	0.750574727383589	0.727340380502887	0.918033962992159	0.831324201485358	0.862704828069139	0.868648020541583	0.914019632449766	0.896708400046263	-0.758961740014945	0.959451655102067	0.210273967824893	0.741879007365301	0.929555386643679	0.776939810659368	-0.811329710171381	-0.321919763815506	0.602955338814954	0.690423849590069	0.709001443016553	0.482372347900407	0.932213556690523	0.849265074382514	0.899699636134243	0.794284418722137	-0.184907575285912	0.027171630137443	0.61639717739275	0.855354211937626	-0.198210887781904	0.237103245083356	-0.213397024522027	0.853634732605365	0.895774902747469	-0.647165101722927	-0.31275921655473	0.769525766384354	-0.721134243318879	0.775206588562318	0.528201539914496	0.414439301657603	0.969043303030327	0.072574562728645	0.948941825300767	-0.24194729144085	-0.211752233681633	-0.525987577678038	0.978008370458443	0.396525342636598	0.890265905499753	0.846060610594964	-0.236975991261437	0.498444830803957	-0.153359404134616
PTGDR	0.862373702807413	0.944666510110409	0.764979390216587	0.904271059063695	0.933365126082328	0.829244525995046	0.863943991912105	1	0.871940746583247	0.742475879804427	0.927295419084759	0.891245688281019	0.879537879132734	0.877331185258197	0.915993779297352	0.752474925556599	0.850151814498043	0.946753233852461	0.933404215578311	0.781516277112925	0.855634004505465	0.929629366263558	0.970613937830342	0.830596218997328	0.825672195751566	0.884745498455063	0.876206024949607	0.772015005068473	0.817469135798847	0.892633392604675	0.918627868962938	-0.837849835846991	0.784083214672823	0.473536773423978	0.605707320543572	0.755237379384113	0.735205844991343	-0.895119143596153	-0.383860155507943	0.627450607531151	0.587223305118627	0.784512266815527	0.408785667313751	0.871832428535064	0.859366222728284	0.968609325881487	0.967244877791237	-0.18084279504398	-0.0866124858708991	0.882990712785349	0.691581749033858	-0.252972962678822	0.162981205870455	-0.3278437437257	0.89714019474194	0.776538306887704	-0.702898243766912	-0.442652409209419	0.704762583426116	-0.80843381221595	0.930175766371197	0.392715965978603	0.31866961746914	0.934964010375434	-0.0917382681197568	0.918944368081797	-0.266310733041798	-0.371990635733629	-0.551189608076957	0.923403359696822	0.310416667865412	0.858262898317099	0.847670466530192	-0.28819876962641	0.600997074903829	-0.230845021509237
CD8A	0.930097535481111	0.963002545158109	0.881590623605778	0.991250904770877	0.932236108772388	0.918924196052895	0.986532263409658	0.871940746583247	1	0.670270356705756	0.890091283077825	0.850787436004342	0.977246528940169	0.953436533484835	0.970406542227011	0.867068890012632	0.869037032294093	0.898971231917882	0.939357177830235	0.898097310149565	0.843675484597137	0.92495483425557	0.901851589686789	0.802519620062979	0.710362800843524	0.95317680103686	0.870871955726196	0.906663931469431	0.865432507310932	0.933332973981136	0.91216215904865	-0.764134729226026	0.920200988095902	0.242550412189414	0.746331312107493	0.927943130384458	0.83908829511099	-0.807199763192983	-0.375436805007489	0.59021577087893	0.749966873010407	0.752080796912136	0.481214858774718	0.93506684674699	0.801694474486118	0.90701031090803	0.799805829108599	-0.122329153638074	0.0852850239628315	0.677855762912124	0.84618586330873	-0.151498669144879	0.243892727108003	-0.195126618101336	0.874160450323752	0.944989929685785	-0.63360164641428	-0.242071783914398	0.768787099502352	-0.722163969823472	0.755292641545477	0.524820651509343	0.439715813276722	0.966348567698379	0.0412436037209996	0.960318432149296	-0.235649206526605	-0.199078851661121	-0.52197404962245	0.974590043908829	0.455224065254586	0.89254583330299	0.870577047569408	-0.210022425080065	0.508581485215362	-0.124624846395139
CCR5	0.77719327081077	0.745960806302663	0.618741028939324	0.657604563649414	0.614904506535879	0.777495412688958	0.617157433402537	0.742475879804427	0.670270356705756	1	0.702350805941637	0.693346262907455	0.654721025193812	0.75668683520696	0.664879474998116	0.606269297057473	0.80905036747296	0.704701533912515	0.666469053838083	0.592991413390362	0.640769774992247	0.593068028098891	0.784822529805484	0.636453840570774	0.861894285912857	0.724660254851308	0.830539207091202	0.627282814482642	0.658305612567573	0.587485530708972	0.797853067644403	-0.741738906460555	0.529617095267698	0.638074019010437	0.609902704336725	0.634836404951114	0.585129491802109	-0.729355167666356	-0.46078826282831	0.267738131521899	0.629879655958914	0.522757522090074	0.500134785840388	0.561306134540795	0.530634446308253	0.729338491558567	0.756247368632743	0.167112713309365	-0.124747691379768	0.733769417303069	0.586263887036932	0.196114733696314	-0.0727125670755945	-0.389834469863647	0.669876886607725	0.606548645955111	-0.575075094754718	-0.213652472410177	0.606697201538689	-0.710324859276986	0.610578932755401	0.167671830469797	0.33074356345951	0.655012641888004	-0.19800796718585	0.751421325629566	-0.248128238711233	-0.290686128680283	-0.518354532875524	0.661037103459391	0.5216505746959	0.52965217867438	0.731544701054491	-0.119842030989932	0.511004749941368	-0.148935417658426
CD247	0.860157608436452	0.945254086494775	0.769751045065665	0.919630493089558	0.941684121980628	0.779275774188065	0.919339658925604	0.927295419084759	0.890091283077825	0.702350805941637	1	0.972960783303792	0.923869933856527	0.931475013252083	0.912216276655789	0.740653408550848	0.799428555443386	0.950424202868056	0.963158830753381	0.742627527817869	0.930512985068772	0.908938273239003	0.96225462804716	0.72360055138703	0.842563758645278	0.843753536697862	0.810261347539184	0.742350014044257	0.843612034871712	0.832773588549159	0.92701036714274	-0.827617688776469	0.885990732585935	0.411727520314048	0.724031947515178	0.838881101359938	0.633127797380078	-0.890387380131236	-0.318259578251996	0.568036837314362	0.538701681920893	0.670558522893936	0.451085523020785	0.851085244233403	0.915902086435548	0.931081058548372	0.912933677975979	-0.286918936569228	-0.163039444216117	0.719461760701664	0.767826423865436	-0.281404538730488	0.121587412903076	-0.36106909394654	0.851385602911691	0.723606003296353	-0.727752970668824	-0.496942362470672	0.801503549392938	-0.819204035733867	0.910621728078539	0.492595168589812	0.33659470254931	0.950102247887548	-0.0317804191040053	0.920922547743247	-0.308033761744888	-0.29124404618425	-0.596696934291578	0.947251203662841	0.329685641733409	0.834747068403423	0.822053512886502	-0.296515900021864	0.52749303024425	-0.222942521814794
S1PR4	0.828568656568631	0.923850989335576	0.762666540042628	0.886526938500469	0.908752384995202	0.739155041872262	0.867713907787479	0.891245688281019	0.850787436004342	0.693346262907455	0.972960783303792	1	0.886148390946082	0.864514917538619	0.900114810954145	0.712659500876029	0.752521442878956	0.931661195572079	0.953259393306166	0.731241261172906	0.905251077492359	0.844304783114613	0.938691512000237	0.727899259161975	0.789876860485276	0.792397172827848	0.752255225589485	0.720412995655673	0.810232374998028	0.773965587323468	0.900856156947554	-0.812668161274931	0.829813522313348	0.398693711403357	0.720960242906714	0.798532436953228	0.602199329768759	-0.870612387270839	-0.380966786491434	0.500927428997172	0.464272982975874	0.640798082955129	0.370899846306543	0.799405159280453	0.88315677283006	0.903260753440417	0.909351980509366	-0.301211486997722	-0.207001220753146	0.74263065113442	0.703428796456598	-0.303909764365649	0.0812934358689357	-0.383502336700865	0.809622359509123	0.67371944662251	-0.730484747841819	-0.510244616344808	0.81341667392274	-0.826391180052551	0.898165333187448	0.518488444947909	0.353672310506648	0.922086280652589	-0.0893945385684824	0.90162858007551	-0.353572841472195	-0.290876745214431	-0.614765766395634	0.915752568856042	0.29393102313646	0.787205266545398	0.774315018308388	-0.343983624846624	0.414749329045345	-0.247152388735741
IFITM1	0.952894466932126	0.968467033407703	0.915893667930809	0.987075615717862	0.91730973697565	0.908611666081885	0.981920582764394	0.879537879132734	0.977246528940169	0.654721025193812	0.923869933856527	0.886148390946082	1	0.950285348230447	0.975275841376497	0.894108132209448	0.873484153126958	0.936408890489448	0.959685497865581	0.902549926381334	0.856682897321387	0.904449582433428	0.920604708665144	0.830695160389641	0.71272238520395	0.941508929093782	0.858172555617935	0.913042967272697	0.843467424087066	0.931100276911438	0.915103728888034	-0.774638931309198	0.910834092705503	0.253920877137189	0.778285545413451	0.952095440767839	0.838745074246396	-0.822121296499947	-0.375983987362427	0.571683953728488	0.741187257814336	0.750035717711528	0.547699007416049	0.907222395083405	0.816022154901048	0.907252353107486	0.827635393765538	-0.150699376026399	0.063697657579041	0.641588308652414	0.871814560299719	-0.210861039805754	0.203049139720069	-0.208313159876853	0.880540342029825	0.877325359823317	-0.650560171192239	-0.302073640159146	0.854617090375449	-0.736258048202945	0.774750746657121	0.517823640022017	0.467686492775354	0.971033757420322	0.0178234256918254	0.959826529444876	-0.258702157696636	-0.161210054063933	-0.54216573983348	0.980718582923851	0.466105270896398	0.900396850807495	0.83512010397256	-0.223222206341495	0.480878462513455	-0.129603289109976
CD44	0.915727625601369	0.941521524672375	0.81057018984224	0.950157893047394	0.91153174239036	0.876599020706318	0.961995500986028	0.877331185258197	0.953436533484835	0.75668683520696	0.931475013252083	0.864514917538619	0.950285348230447	1	0.916645489953976	0.803031749493513	0.88357615356101	0.892896028617243	0.918339163609922	0.809438679970268	0.879844743367791	0.914694781123585	0.920803544020404	0.712643626032151	0.833756519024665	0.922028434710907	0.876428256102135	0.827765784974485	0.883855474314433	0.881246705769821	0.937235200522804	-0.777653439800473	0.92574227822492	0.367618503575505	0.78467497847518	0.917514241481389	0.738259827094145	-0.823194184229771	-0.299316172185116	0.576990203204085	0.736109377337534	0.692041813471891	0.567686150268948	0.891423572599823	0.839254120801201	0.900158292522382	0.819539080928411	-0.0958671341901416	0.0113451951488706	0.648867965244689	0.863567139371066	-0.0737698592724192	0.184922298181162	-0.24945122363922	0.856477559322735	0.861120476991978	-0.636377933938043	-0.288434077356108	0.761708665882357	-0.734717466233031	0.780975634165943	0.474827389686179	0.389414965772741	0.938940981724687	0.0778602000279799	0.932707475536806	-0.205963377544385	-0.213209796966269	-0.519224204705726	0.948382899261808	0.48992275316018	0.851945583592669	0.882151891920085	-0.148059539197408	0.602506485937992	-0.104457866642994
CD69	0.942912412457553	0.985508722461783	0.91901811664243	0.987692623432544	0.935837621380156	0.910548800337722	0.954346408134107	0.915993779297352	0.970406542227011	0.664879474998116	0.912216276655789	0.900114810954145	0.975275841376497	0.916645489953976	1	0.900540267596477	0.885214950161254	0.957568060996281	0.978820158484688	0.927654425127842	0.829625577361752	0.916359974075746	0.944531341452898	0.89105738072688	0.690715684887392	0.955287194886606	0.877431996955295	0.923591080475798	0.843179426383822	0.951039226318232	0.929009202675699	-0.779987679446533	0.858902372356242	0.299838550007795	0.748024762464459	0.916671847305187	0.861159008481104	-0.831369556763701	-0.410772889802765	0.613312825267804	0.719263909700127	0.821600278278763	0.482062716072958	0.923600469873302	0.804396152965811	0.944959204086269	0.866079528629762	-0.144091732206819	0.095381939737633	0.760565309494885	0.82917117287304	-0.25996252446668	0.256355016696379	-0.186728768010271	0.91465373541247	0.896703188886723	-0.643520557540816	-0.281785105793298	0.835718377795224	-0.746315057064409	0.824197253734289	0.54437186899783	0.482671838698659	0.985323079793983	-0.0117622204675689	0.967696139078646	-0.241089694551041	-0.179153338998182	-0.524773842439767	0.985711503176516	0.457720535871681	0.918155477484516	0.868095064086899	-0.229740369042628	0.493729342274611	-0.112568125337995
CD47	0.947171752585509	0.887686488665799	0.987208560497854	0.868469774719814	0.711204451662426	0.902760056558282	0.830921166378661	0.752474925556599	0.867068890012632	0.606269297057473	0.740653408550848	0.712659500876029	0.894108132209448	0.803031749493513	0.900540267596477	1	0.899454525362505	0.87238521342967	0.834047767808103	0.963963426313743	0.562263696972951	0.723989843083521	0.819942672868982	0.917152647706154	0.486319497282154	0.9342414780639	0.879649902738458	0.976382151135979	0.629915928300462	0.902262877649934	0.833470584930534	-0.653394125970766	0.654894056817282	0.320509120452095	0.718745798222878	0.908276806851367	0.949141863846324	-0.686708930672902	-0.41545914951549	0.464195571002725	0.8648726520086	0.813211086051258	0.666180244348964	0.755883395782318	0.512574222372452	0.77255411916291	0.690195169966193	-0.019303786208428	0.337365147653036	0.605990891865046	0.851713758941727	-0.215454002155277	0.228059876584475	-0.0480559270951036	0.873668382103628	0.834186805380453	-0.495041881454596	-0.0193227492568021	0.903382002881042	-0.591899777643243	0.596066583247095	0.460438923294393	0.547414187581664	0.839652292158933	-0.0653890038255933	0.848534250963368	-0.176512947031836	0.111957158357553	-0.443880577408562	0.84969744803378	0.708647939463672	0.822566983639247	0.762360472480393	-0.0560340689766618	0.47536607497712	0.0697917519034541
PTPRC	0.95104391937278	0.908372729153777	0.882333162818882	0.868128345080696	0.767650246571957	0.912929283744032	0.828774864550013	0.850151814498043	0.869037032294093	0.80905036747296	0.799428555443386	0.752521442878956	0.873484153126958	0.88357615356101	0.885214950161254	0.899454525362505	1	0.871928030267031	0.850240433223023	0.907943830020063	0.671708518364421	0.782787222447029	0.895020307246186	0.844711919543051	0.711598029987679	0.943525546482	0.929931003965149	0.924090817370046	0.792312676884397	0.903258269060443	0.935695180115255	-0.658242085665292	0.691608611375137	0.521946501251566	0.792335336865362	0.876954754865737	0.877157771749809	-0.699551818365814	-0.337407500011247	0.596998927494992	0.888127734297561	0.862736878584915	0.70464129735676	0.821940882547312	0.634871692433727	0.84293454212231	0.81881328095751	0.18237486181205	0.290746296915341	0.743993988687561	0.876160861005672	0.0181669187121614	0.293064346708645	-0.0298981804305855	0.931901066573979	0.84160361676612	-0.44338192970642	-0.0242168338592493	0.791956808537034	-0.598891023253547	0.714327300635854	0.455475233882308	0.551273627617985	0.858249831799822	0.0926036777980528	0.871364088556307	-0.0140721767822789	0.00300138504291492	-0.34071364580688	0.860158506010033	0.704307050727687	0.862541293323672	0.889303080751326	0.0397031643866321	0.676815396690402	0.133103491149502
IL2RG	0.929734240339364	0.977784372761364	0.886107472692392	0.932794319308889	0.906535661460207	0.867251024649725	0.900306211425585	0.946753233852461	0.898971231917882	0.704701533912515	0.950424202868056	0.931661195572079	0.936408890489448	0.892896028617243	0.957568060996281	0.87238521342967	0.871928030267031	1	0.970852111759318	0.854803322796322	0.825529487368481	0.885835294753538	0.980426453231919	0.889029411840235	0.75622008323524	0.913825053611392	0.896790088924592	0.856915456663833	0.770455605874217	0.904685544317428	0.928717429651701	-0.84464522422655	0.78894051829693	0.438144488636164	0.692928737231557	0.868592253331975	0.787659586681349	-0.895840640121221	-0.421080461090387	0.564295115972937	0.640776552501412	0.784650695291559	0.518656622178875	0.84631880917569	0.798269608931551	0.949034900990699	0.915171460449382	-0.225788574105137	-0.0214732399933266	0.786020734195476	0.79370952358584	-0.346428035214341	0.151930581085093	-0.307580169025477	0.91763518292115	0.769648706168715	-0.713848271100409	-0.403511507950689	0.879488413517839	-0.818448046233119	0.883680984479003	0.462421146558996	0.429110181866664	0.958422078475054	-0.137883134629318	0.94706331163671	-0.309593530172742	-0.210713548088977	-0.594730088666511	0.954725149827646	0.452864805841431	0.865251982407422	0.836845042000516	-0.275316815126187	0.528184461357855	-0.177687878102759
CXCR4	0.904059123931733	0.978373356629717	0.856148598972274	0.96814187125803	0.959788237046362	0.853516954356882	0.944977831210375	0.933404215578311	0.939357177830235	0.666469053838083	0.963158830753381	0.953259393306166	0.959685497865581	0.918339163609922	0.978820158484688	0.834047767808103	0.850240433223023	0.970852111759318	1	0.855177294366469	0.892298555674656	0.925712416759138	0.965758477030248	0.838204384934211	0.756887315193279	0.907005488725395	0.847126350884358	0.850874487440631	0.873020507767339	0.909128241033998	0.932811943142535	-0.78114818586926	0.875471586176772	0.36508297580326	0.760865592315379	0.89103091328151	0.756765544175391	-0.848615065524538	-0.331452399198859	0.650063031368261	0.62487292947167	0.795416138330191	0.47239281952606	0.91849961934808	0.873674097141883	0.962034739729295	0.904411393824427	-0.188085963769143	0.00779620129613166	0.761182088380195	0.81867813871711	-0.292675013520186	0.264268601230213	-0.217755372807267	0.910916828087457	0.818318174397395	-0.65224814617895	-0.37592739502482	0.826896424370803	-0.760857970779651	0.899369636879332	0.560659646584908	0.473975345857917	0.990162432487633	0.018786321750652	0.959132619918542	-0.222304155143765	-0.208802998951524	-0.522105613748748	0.986320721887626	0.394660545251932	0.914644337520936	0.868785299146699	-0.235374309868749	0.527325511644019	-0.125730193545815
PTGER4	0.931104362487021	0.900212100910018	0.963047057770836	0.899627475678287	0.763471862415423	0.887485716466487	0.8522496552217	0.781516277112925	0.898097310149565	0.592991413390362	0.742627527817869	0.731241261172906	0.902549926381334	0.809438679970268	0.927654425127842	0.963963426313743	0.907943830020063	0.854803322796322	0.855177294366469	1	0.599422881391262	0.765966515152877	0.827429907555271	0.898202016134288	0.475906400366766	0.944751787511455	0.83714751899865	0.985920219333501	0.709797405031135	0.936746654615013	0.866362512236107	-0.613519855736335	0.697783531108138	0.290072127263988	0.738598858405312	0.886091793849243	0.962610650308566	-0.654153078776925	-0.384184790501964	0.540063051141159	0.856495236446698	0.859390948769596	0.586946374370015	0.825456667325027	0.590034717336124	0.794951333388199	0.740079382176419	0.00461475304850618	0.348287730085708	0.675265542822141	0.824357639439856	-0.163278182934242	0.297675911187221	0.0152796085345958	0.892501457617476	0.896346385054792	-0.451696041146474	-0.00314586758445959	0.827822851926724	-0.56079788072887	0.636752762432282	0.544115461779181	0.543392567419765	0.866900162644592	0.0431268399293064	0.85373621621006	-0.120994893792158	0.0811915114795906	-0.389054096654627	0.870414821985777	0.637634329634874	0.880592117410856	0.798381350256045	-0.0441924771971543	0.486001014803683	0.0992855927245195
SIGIRR	0.747318479869155	0.846198830202209	0.613206933473875	0.868827979491714	0.929917199686412	0.71908397024646	0.883904442270019	0.855634004505465	0.843675484597137	0.640769774992247	0.930512985068772	0.905251077492359	0.856682897321387	0.879844743367791	0.829625577361752	0.562263696972951	0.671708518364421	0.825529487368481	0.892298555674656	0.599422881391262	1	0.880128073965481	0.859669439160653	0.581672694898809	0.867950151084305	0.721596710833183	0.686941239747578	0.615427422543802	0.892344010699254	0.725841459927803	0.814370666438891	-0.759459600067038	0.927260278820622	0.246562582247397	0.673073844809984	0.763636409964525	0.497103515846933	-0.814592689543493	-0.271292504417264	0.577572935749562	0.404922901148003	0.545806971339254	0.314712257443615	0.845341577574941	0.947579071044386	0.882631205064035	0.834595933734213	-0.188963475078377	-0.269155595448346	0.615120900445947	0.696380439216847	-0.142715268988846	0.14330173447214	-0.358659825225059	0.713130027465717	0.675913954826473	-0.678020117107807	-0.563566718943458	0.620430132430933	-0.757206245656898	0.855992736944613	0.421735492116822	0.329585929400172	0.891714083979994	0.0626446197353368	0.880766015491605	-0.260604545431876	-0.455423245223928	-0.517408891408961	0.894147592686369	0.118880651954949	0.764335504883051	0.745325240186353	-0.348466801528372	0.41073645661469	-0.311112647231604
CXCR3	0.809742685519644	0.916908464629716	0.725910399756355	0.940736241262348	0.975090685048527	0.795762741217232	0.934637370120296	0.929629366263558	0.92495483425557	0.593068028098891	0.908938273239003	0.844304783114613	0.904449582433428	0.914694781123585	0.916359974075746	0.723989843083521	0.782787222447029	0.885835294753538	0.925712416759138	0.765966515152877	0.880128073965481	1	0.904510659548375	0.729493417426388	0.760854021341287	0.879227805985673	0.808498902463325	0.756750702876305	0.867031827879034	0.913226026247111	0.867945431003104	-0.758766212311742	0.906734383577091	0.278610896882737	0.631710887559014	0.793991909364962	0.699634338342812	-0.821999801964061	-0.244309816376257	0.707080764133567	0.59143715484454	0.751329805864473	0.354614186156001	0.950388144983431	0.90006885704876	0.944785980056283	0.853833524080707	-0.232270281697757	-0.00914546403837254	0.736057803831958	0.734945041046942	-0.259704086104892	0.299792563496821	-0.23170619626408	0.860957542765691	0.852960598625313	-0.634722642055189	-0.390453167669955	0.625236821353348	-0.720223578747501	0.871066399201928	0.484905129097259	0.295316286662847	0.955050670804976	0.0783269914048313	0.907933353008952	-0.186448886336762	-0.341299741781311	-0.470481421886431	0.949240571621088	0.252016853259566	0.89029886570369	0.853077775156998	-0.244369951478026	0.601050808187439	-0.186893573568633
ADGRE5	0.918082284255377	0.978871467748933	0.83255998804889	0.929378523910844	0.927159140016715	0.863616468941392	0.896772364440665	0.970613937830342	0.901851589686789	0.784822529805484	0.96225462804716	0.938691512000237	0.920604708665144	0.920803544020404	0.944531341452898	0.819942672868982	0.895020307246186	0.980426453231919	0.965758477030248	0.827429907555271	0.859669439160653	0.904510659548375	1	0.842853412224588	0.836495744671324	0.915616833981267	0.901734847062029	0.826645238340319	0.828097119765852	0.893871175453422	0.963100761070833	-0.846537178315705	0.804742993324909	0.501665984846079	0.713232050765257	0.845424981569956	0.752182593303937	-0.89965814289641	-0.39950872018265	0.601784473718414	0.645419268229719	0.786067491668359	0.503724258392128	0.870448584348636	0.842845704463916	0.967273534248674	0.950327823045505	-0.167398432921664	-0.0542848630482136	0.839851865454212	0.779366846857171	-0.235601660915062	0.162920778932023	-0.31190478583705	0.925096457158385	0.786993348609696	-0.702378866298768	-0.392500122259903	0.813289773364035	-0.822132982082897	0.91283301072305	0.465087296972012	0.414656002222016	0.958154693109583	-0.077641081280111	0.945935176054352	-0.268096990113754	-0.261638777196447	-0.565192920061941	0.951563698047176	0.441051788801005	0.870907911757846	0.882832110775433	-0.247504733891238	0.593930087035918	-0.154867088986519
CXCR6	0.892733223572798	0.87487160896268	0.918047868138239	0.831213385530482	0.733405931450659	0.889379259510903	0.750574727383589	0.830596218997328	0.802519620062979	0.636453840570774	0.72360055138703	0.727899259161975	0.830695160389641	0.712643626032151	0.89105738072688	0.917152647706154	0.844711919543051	0.889029411840235	0.838204384934211	0.898202016134288	0.581672694898809	0.729493417426388	0.842853412224588	1	0.531797305603686	0.884607912688034	0.872456137090905	0.90149374890171	0.607396804855705	0.870416015610847	0.787229890121643	-0.728736730622521	0.562940182783146	0.355162405159271	0.579645333392008	0.783787580594411	0.911462878176582	-0.748151895892269	-0.509333154460166	0.473523622411216	0.721890809468804	0.829207604860666	0.50378402018952	0.738077096466335	0.531159017962438	0.841424568900878	0.782806649739336	-0.0342932454819216	0.197146105217486	0.768268867792571	0.698852531335184	-0.30070062933607	0.185048725377289	-0.160775995382176	0.850487902339328	0.764876913078542	-0.567975702720237	-0.192810361807734	0.822195772768145	-0.677141201069055	0.687022915266771	0.351399442110428	0.50945074511187	0.830856589429091	-0.226854346128129	0.855429176757538	-0.250904785680807	-0.102804517271993	-0.48877778626112	0.830037766582455	0.525169548754345	0.788427477095161	0.729542270106165	-0.194599247879387	0.414272081969425	-0.0935331545331814
CD6	0.713012782537814	0.768861557717109	0.502810695134054	0.723469131515008	0.785747857589918	0.71317613043118	0.727340380502887	0.825672195751566	0.710362800843524	0.861894285912857	0.842563758645278	0.789876860485276	0.71272238520395	0.833756519024665	0.690715684887392	0.486319497282154	0.711598029987679	0.75622008323524	0.756887315193279	0.475906400366766	0.867950151084305	0.760854021341287	0.836495744671324	0.531797305603686	1	0.676259414833975	0.765311332989993	0.513961595916012	0.786023799648416	0.61034862819233	0.789968108287656	-0.787131198969718	0.732861016212505	0.507251765999777	0.576206648581379	0.646085342291825	0.424990293543185	-0.811144342617198	-0.314048618237512	0.455971579728905	0.43583016283507	0.478089666559793	0.397841715789179	0.690668528827229	0.784718886718887	0.826972984758973	0.818525044853553	-0.0151984250702718	-0.31793369882441	0.675689761522787	0.611955766301074	0.0397526067284247	0.0178870053413008	-0.452444500205806	0.671907587319488	0.569297594284616	-0.662167578323323	-0.488597938504347	0.535396901831719	-0.766014662994019	0.78466701942111	0.196555658969577	0.264833371440555	0.755217185288259	-0.0692687913337562	0.802002925134507	-0.243967929006414	-0.490405159688788	-0.519869002810322	0.757507511136418	0.237930352617882	0.611145948485851	0.750892926141047	-0.261755995779846	0.536918446774984	-0.295657351011775
TSPAN5	0.96041034639488	0.959177808776577	0.924047825457774	0.949906910640998	0.861824151702102	0.93975514649383	0.918033962992159	0.884745498455063	0.95317680103686	0.724660254851308	0.843753536697862	0.792397172827848	0.941508929093782	0.922028434710907	0.955287194886606	0.9342414780639	0.943525546482	0.913825053611392	0.907005488725395	0.944751787511455	0.721596710833183	0.879227805985673	0.915616833981267	0.884607912688034	0.676259414833975	1	0.937551113748258	0.949128523900131	0.792751193099801	0.958721463837628	0.92848465720364	-0.746142517310569	0.790227580545655	0.397309092982521	0.732463814126496	0.907685187409002	0.917000468594928	-0.793683689107537	-0.374945572027546	0.584402310009713	0.849105112222804	0.832006507658918	0.603827798752942	0.885073359544333	0.698621145733443	0.897365382929643	0.814866017849704	-0.048285451857177	0.206762040729601	0.748397906320978	0.837852277172213	-0.136278218140365	0.234741536795285	-0.141747588631722	0.923828137139818	0.932590177801413	-0.582656622955979	-0.136492146321445	0.801960944904745	-0.688614565262877	0.743563866442658	0.477065961305479	0.471119738978567	0.929082759044361	-0.0114730432630391	0.925427131304203	-0.188442082895923	-0.0908701215367716	-0.492343492281847	0.933931064209029	0.610067212660444	0.895456560858518	0.885939304853165	-0.0874394304022397	0.617657943182352	-0.00764366079940878
F2R	0.932950037889513	0.915770629798163	0.856320146880471	0.864472482376298	0.791293778743876	0.945293799816824	0.831324201485358	0.876206024949607	0.870871955726196	0.830539207091202	0.810261347539184	0.752255225589485	0.858172555617935	0.876428256102135	0.877431996955295	0.879649902738458	0.929931003965149	0.896790088924592	0.847126350884358	0.83714751899865	0.686941239747578	0.808498902463325	0.901734847062029	0.872456137090905	0.765311332989993	0.937551113748258	1	0.868413254311037	0.728195213551088	0.869703203065762	0.887477711667972	-0.792978823306733	0.684217314128799	0.529068289564333	0.636373854192608	0.838590795286922	0.841716405684845	-0.817944932110602	-0.421888224565996	0.497978802920957	0.791978593410541	0.775772738371389	0.614296504067171	0.782677107518157	0.605793639820735	0.876223942471974	0.801716130773497	0.0319148512740165	0.131159634336768	0.769885160945418	0.798583695760426	-0.111743235965082	0.160683886373176	-0.237132770640876	0.887168463051579	0.829883417822171	-0.610287586119262	-0.168379008873854	0.775497449722152	-0.727512773665908	0.723239982581147	0.304966680924459	0.437493826699973	0.858410823805672	-0.14553185178394	0.906902688594571	-0.208121675238667	-0.160607157516233	-0.528032607702654	0.86382331311452	0.629370090369542	0.782694450233784	0.868154851107957	-0.100482675470115	0.633311444997757	-0.0805727991019556
ITGB1	0.954662641605071	0.900731779480625	0.975393532224852	0.902259097337998	0.753118451432146	0.928401459731003	0.862704828069139	0.772015005068473	0.906663931469431	0.627282814482642	0.742350014044257	0.720412995655673	0.913042967272697	0.827765784974485	0.923591080475798	0.976382151135979	0.924090817370046	0.856915456663833	0.850874487440631	0.985920219333501	0.615427422543802	0.756750702876305	0.826645238340319	0.90149374890171	0.513961595916012	0.949128523900131	0.868413254311037	1	0.716174399673541	0.928144633049597	0.855318411969414	-0.62904882567948	0.708793937880873	0.288072889946829	0.764690826539591	0.920850135127391	0.965288739372878	-0.664255462525344	-0.404125842648835	0.539053386489614	0.885655338292282	0.841092329190055	0.639838118690387	0.82542282707207	0.566797032593675	0.797416943871087	0.716984885755054	0.0689136650006457	0.348566875114796	0.633760069952758	0.869617170109693	-0.10499545931316	0.293207159598431	-0.000973439806593317	0.889705834456785	0.895632672199169	-0.455662076834345	-0.00160206255039767	0.849643930146174	-0.573258933715834	0.617231364124441	0.512091389070871	0.603909729877454	0.866722530776402	0.0285284393928037	0.875332281379787	-0.111844532750654	0.0707454977229843	-0.386220922067443	0.876389446716012	0.678737505252929	0.870864278430294	0.807560233627299	-0.0335190420872516	0.493113938284014	0.0946292270280588
