""	CD44	ITGA4	PTGDR	CXCR4	CLEC2D	CD3D	PTPRC	GPR171	CD69	CD2	CD3G	CD96	ITGA1	RPSA	TNFRSF14	ITGB1	JAML	CD8A	CD8B	EPHA1	CD247	NCL	S1PR4	CD47	CD6	CXCR3	CCR5	CD74	KLRB1	CD226	SIRPG	ERAP1	ITGAL	LRP10	TRADD	DIP2A	ACTR2	CD46	VSIR	KLRD1	PTPRA	TSPAN5	JMJD6	RACK1	TNFRSF25	LAMP1	PTPRZ1	STX4	PTGER4	SORL1	CD63	CXCR6	TSPAN14	ATP5F1B	SMAP1	TNFRSF1B	CD81	TNFRSF1A	CANX	C1QBP	CD4
CD44	1	0.717642159249806	0.648506688341436	0.474288914921322	0.477247413971935	0.657038631948092	0.712330458107946	0.235298197445807	0.51860513964758	0.686258154664844	0.603698625491334	0.54892928185315	0.771605701350473	0.171476135713566	0.849085505930391	0.720188859299744	0.36567484784315	0.636942555276164	0.77990635608406	0.858140278411516	0.492994124126906	0.119601399154746	0.289439804258555	0.241151439639266	0.406858628677119	0.240595969353025	0.890127556698247	0.10288106607964	-0.0262552496339724	0.145540580668609	0.748648769197389	0.329606187657621	0.867415354502324	0.114705628222254	0.0819429306114504	0.0435349551740554	0.234089513087333	0.212560039285705	0.13659780346669	0.239247465144058	0.00930512138436705	0.503437192422517	0.347209870531471	0.224185325661583	0.14988669049712	0.00271719824288554	-0.564288761751233	0.217384570648859	0.454013992516942	-0.316935723702825	-0.45632393437704	0.303918386899733	0.392452695928906	0.117554634303841	0.226778258208029	0.492933679811723	-0.0166370194444589	0.186011899215533	-0.375440168561646	0.1130347096106	0.090823477303066
ITGA4	0.717642159249806	1	0.563771767977131	0.694269039114815	0.746556620302211	0.674562218835581	0.776420810450715	0.549586482742873	0.762289570091262	0.733887387068771	0.63841733283595	0.754728502494869	0.46648827799558	0.622284184624923	0.594949448681698	0.793776088747695	0.548437358050364	0.26073595714785	0.480033097652451	0.528501619868871	0.740766943106264	0.488562212953314	0.727647552380909	0.641156740795294	0.714424195118609	0.606527655049792	0.69461288979441	0.383041232291748	0.475732945100994	0.56630131617828	0.236125017643846	0.590059705809427	0.513994287867278	0.610182799579242	0.586518335225832	0.313373882166954	0.588843438277362	0.625191836840826	0.494310873941456	0.179107430085616	0.150146937082956	0.604068466633867	0.73040068426677	0.662932822674159	0.498612095104756	0.51102123146218	-0.527050015743268	0.419427850532259	0.658009037976082	-0.0413861770776494	-0.141225612096426	0.511896579993	0.715175513953979	0.499079583595096	0.548799772572733	0.797156664783692	-0.0191990132344212	0.295564629281256	-0.0577935578032323	0.459999859183965	0.531719426181285
PTGDR	0.648506688341436	0.563771767977131	1	0.581209883839584	0.26787750016448	0.668290837845295	0.529622382808564	0.109364776801861	0.371568868505055	0.538698050294882	0.649996250867289	0.472614549640318	0.523107681684298	0.142384302508755	0.645297483352082	0.420981383189043	0.167722994223613	0.77308015029417	0.708832372874984	0.742250587504788	0.646764259749284	-0.144067558404237	0.245126296408599	0.109608250687709	0.209327130024266	0.401974585225977	0.627684095333824	-0.0699762967387465	-0.00132908256182669	-0.0629392484746665	0.41142938607073	0.157997526927434	0.685906795228938	0.150974536124159	0.0198726487877562	-0.248822176924951	-0.016177630366112	0.0942409043971274	0.191465328578888	0.42208878963951	-0.197552085923809	0.434538710507036	0.163558061022106	0.157666270399288	-0.022905830515308	-0.113574667184328	-0.599596836163729	0.192332954786103	0.081952183887279	-0.553858622189213	-0.459219657747963	0.447482154987273	-0.012019362644728	-0.0503346974101451	-0.0295037579387741	0.250006897510186	0.0958809063123996	0.223462051129288	-0.506999510846589	-0.00725628502726791	-0.0320556511903741
CXCR4	0.474288914921322	0.694269039114815	0.581209883839584	1	0.79451857743326	0.931368759735413	0.661586822869125	0.769831046265036	0.79863712887198	0.880850634173799	0.929006749729233	0.886827440437857	0.180650757316078	0.802267894515942	0.343539694786628	0.711016319026632	0.660540199460332	0.459962202387841	0.421351465714285	0.540396115543347	0.747438294974729	0.392966944256758	0.831905910368331	0.701995091653589	0.766094832403235	0.897638086043644	0.601255856039059	0.308557809053555	0.726440793304155	0.622575950976518	0.0879752104934611	0.646916181502233	0.364958176341025	0.623044453559518	0.701351980209329	0.0526762060097074	0.612521696931713	0.331910022889418	0.308917167401017	0.418933805150224	-0.188490125531976	0.591832944924623	0.74945219293839	0.800746501161544	0.663270214035743	0.494270241358697	-0.62906984966049	0.480598960515935	0.510629746482787	-0.190508698384735	-0.0535769558628141	0.907688111533388	0.57913680557129	0.432642662328254	0.457157830062349	0.732601814943123	0.379799129577646	0.520239831225722	0.0269770108870165	0.536471982971623	0.600583838645451
CLEC2D	0.477247413971935	0.746556620302211	0.26787750016448	0.79451857743326	1	0.777309737154184	0.818184382177642	0.910560153671856	0.926978724434171	0.865829288199712	0.729923086251103	0.86496117257482	0.259311760107262	0.787583359926198	0.18570165404823	0.856156651474945	0.865294099621748	0.181699585932013	0.368844393219759	0.398062720654268	0.64973428165599	0.747379957718201	0.893173028076449	0.880885221366505	0.955282376902475	0.766228916156478	0.600307822207459	0.22554574141367	0.748543684182496	0.858710024617779	-0.0579148427299817	0.704281321093326	0.270223904509229	0.564552531168353	0.808093656589196	0.545598332179987	0.883519825528847	0.573600935330236	0.257544501258381	0.399128901032389	0.183207949963394	0.687202497405216	0.939166284283929	0.838552751839893	0.854400419512874	0.717095564606217	-0.425790355758298	0.573243963664846	0.874460012393499	0.131314392341231	0.0515175084456483	0.764652000612638	0.840449553973429	0.690975826457558	0.798921923715009	0.920507846675399	0.100657011466049	0.204207828482963	0.212977957805308	0.664758180313302	0.718482361667416
CD3D	0.657038631948092	0.674562218835581	0.668290837845295	0.931368759735413	0.777309737154184	1	0.753658277284834	0.715967214700133	0.802573029797053	0.934079105650648	0.958789728403116	0.836860405724464	0.366144788497606	0.646698075856416	0.484336647227418	0.7877549419722	0.684231181237714	0.65113889062612	0.607011490217593	0.743172438491572	0.663222640731807	0.340983360262623	0.698083861701971	0.623897086812358	0.744728204223059	0.770752480330557	0.788016456550124	0.149219388465512	0.541468005825292	0.531624500354671	0.283759488075532	0.514208567979235	0.560205399111692	0.411335901883422	0.526893310565754	0.0480710889900653	0.568675080644098	0.245747271625772	0.136726248560427	0.49924235427623	-0.222508524333758	0.573916675457189	0.67586450222475	0.654297418293982	0.61375454046248	0.313501844985417	-0.68190185811455	0.479320064373174	0.561029228279306	-0.248552969076394	-0.23210432354341	0.866765316303465	0.536687789982418	0.360191644754503	0.459054420945623	0.706572731565782	0.320470498527455	0.367399733425626	-0.096633029257603	0.415784870565087	0.505231685733027
PTPRC	0.712330458107946	0.776420810450715	0.529622382808564	0.661586822869125	0.818184382177642	0.753658277284834	1	0.602872444928375	0.882452841286187	0.878184016250738	0.671432698922683	0.767156117693346	0.672724262573055	0.410710474985682	0.495714217301505	0.859678548182884	0.796715443603307	0.512462898538218	0.764946413730145	0.558602999864784	0.772889009587828	0.486639099046486	0.625732527557796	0.60111654949044	0.693690913004264	0.525302762715807	0.763491479721179	0.0461932045928744	0.302510299231585	0.502233435745965	0.244628833805851	0.577064936269006	0.633100115978774	0.346929840667065	0.414500436097921	0.471632444206177	0.665190944182863	0.586234244356524	0.243276726228652	0.651976960965537	0.23230924074767	0.668399079133871	0.726326868085554	0.487191558496598	0.465860146580992	0.37994603241465	-0.565071499526035	0.663942261863156	0.825368784929245	-0.0184756076831153	-0.325969626541088	0.635018935628112	0.616236648644364	0.420436669239561	0.606405299311025	0.779744703957448	-0.0893896480438579	0.00145595451705146	-0.205606520247262	0.346550981624395	0.333167105506502
GPR171	0.235298197445807	0.549586482742873	0.109364776801861	0.769831046265036	0.910560153671856	0.715967214700133	0.602872444928375	1	0.842498317419356	0.751008088487785	0.677678834494803	0.798998162610099	-0.0109539270064373	0.867012741015967	0.00113571419437991	0.728268711027431	0.842555070366561	0.0739498931235216	0.103355313128766	0.241859684564734	0.461394346583494	0.774586032320477	0.855605582177271	0.923603601663283	0.904193276074593	0.781116181038231	0.426216539912729	0.338253297642118	0.863143612330317	0.874380160505426	-0.251818080939148	0.590600502966827	0.00351401031240119	0.521208383716763	0.862424392803316	0.502939523969039	0.891644439666598	0.514829079990234	0.176646769959361	0.307985471966293	0.059846251212313	0.522685175309322	0.898904777078711	0.885717469238048	0.942327934529186	0.734794019999964	-0.290797405694853	0.525284235850682	0.764719631961774	0.261413023877075	0.23902703785376	0.756286527250298	0.80645249990411	0.738977379964967	0.828608847987215	0.859461267441277	0.294944937012541	0.228734669186428	0.457359072994319	0.699455584312514	0.818835393582211
CD69	0.51860513964758	0.762289570091262	0.371568868505055	0.79863712887198	0.926978724434171	0.802573029797053	0.882452841286187	0.842498317419356	1	0.915134262411233	0.707929675634377	0.841311866853083	0.358349338240291	0.706819337198832	0.28552467939991	0.837892474014522	0.885142981299058	0.283377998376498	0.497503678648496	0.423465988241724	0.745083868403984	0.70361259074375	0.830940194053228	0.821542239745904	0.85112856564307	0.713565069165761	0.640728348797268	0.22325468463041	0.63244905982168	0.758207151209604	-0.00199184564868512	0.601251894080804	0.363876403812973	0.546911582992306	0.671903108039022	0.473903921284766	0.866905886347558	0.66385332989168	0.242051064853473	0.56640636403379	0.211636495842752	0.609811630164747	0.891807063917149	0.755281375013086	0.729483118216144	0.565735018878189	-0.49853792662504	0.744104804561591	0.900798202673013	0.0616644465271017	-0.0887580862899668	0.797836294278436	0.793575934760342	0.665296944902302	0.796706700341855	0.89843205276161	0.0807459303421055	0.0783480632062092	0.105973591502481	0.605874097796535	0.631281000199971
CD2	0.686258154664844	0.733887387068771	0.538698050294882	0.880850634173799	0.865829288199712	0.934079105650648	0.878184016250738	0.751008088487785	0.915134262411233	1	0.85810843986786	0.873409238941877	0.448835195059733	0.636321964875377	0.476781914227184	0.861991849443105	0.807099651536097	0.542800333919581	0.661854637680561	0.642530730669734	0.759165335871836	0.485235117970857	0.745633110476564	0.681239732714108	0.77710826735166	0.736291422446952	0.792289387260023	0.179253412129602	0.526452997848523	0.603093633666451	0.270128853997055	0.600971513111586	0.552281825787015	0.447177708230979	0.554191172201458	0.237697001842496	0.698359274908588	0.422926108910807	0.182755006390628	0.567855059387328	-0.00619116516543313	0.640635887275967	0.77296775857155	0.674398777843584	0.626423358541507	0.383361589153075	-0.652285912048773	0.625304800245724	0.752329912943415	-0.161028009507878	-0.236682693325369	0.839451629299693	0.654863966424396	0.454578458945702	0.586692528403115	0.796101052773094	0.207409864028982	0.242746350933709	-0.0849269053773039	0.471426828259799	0.491710395715338
CD3G	0.603698625491334	0.63841733283595	0.649996250867289	0.929006749729233	0.729923086251103	0.958789728403116	0.671432698922683	0.677678834494803	0.707929675634377	0.85810843986786	1	0.853229637592382	0.345321549640894	0.660683599650052	0.444708848498482	0.728536395660755	0.609634440356587	0.648848511575034	0.5467266199816	0.699954639184536	0.626572689243074	0.261452000234599	0.677116440850169	0.575331107862829	0.717609004216724	0.780635052780052	0.707315291229626	0.155988736957042	0.560850115528999	0.479762683344394	0.253273545229752	0.580522729639193	0.537030134917501	0.413644874012656	0.548709721069595	-0.00881560280713774	0.504308097063537	0.146738519662022	0.1234688041675	0.437662308644381	-0.27751370256199	0.568788236247706	0.650404611470793	0.659170710368049	0.574869049037058	0.363220291860545	-0.654828142540516	0.352542754235602	0.429057074744217	-0.273954989157175	-0.157275933429322	0.836865969681401	0.476807890175914	0.287166141488469	0.347122309332571	0.629598018383697	0.330335703272411	0.52619757173591	-0.0994888613103402	0.39824114188145	0.467956084337469
CD96	0.54892928185315	0.754728502494869	0.472614549640318	0.886827440437857	0.86496117257482	0.836860405724464	0.767156117693346	0.798998162610099	0.841311866853083	0.873409238941877	0.853229637592382	1	0.361755868757562	0.757490008383913	0.336931439054886	0.797883800083787	0.764223248206555	0.397308598664241	0.482885313658111	0.472091407892897	0.756714797513098	0.529162824921718	0.800845498321021	0.768502158495407	0.815573907198702	0.808009367071085	0.598331455786744	0.278807223928132	0.659644413143217	0.644752013482643	0.059790839718473	0.761685905510574	0.428385544726669	0.542179850810236	0.726573482541542	0.335307214563806	0.698733753255811	0.466003762160529	0.271171569933162	0.421591571938533	0.0761279289400598	0.78784613850653	0.822824515804591	0.793388205003597	0.670058604362931	0.642451266301065	-0.545490029183307	0.520161974138468	0.662320283222531	-0.0830962691791443	0.00934868139278823	0.774652814344455	0.688595431779353	0.533369420974909	0.579055659382334	0.806682581260226	0.216572236936137	0.444659662049008	0.0473476777829537	0.584224723056883	0.522034142847262
ITGA1	0.771605701350473	0.46648827799558	0.523107681684298	0.180650757316078	0.259311760107262	0.366144788497606	0.672724262573055	-0.0109539270064373	0.358349338240291	0.448835195059733	0.345321549640894	0.361755868757562	1	-0.198973372184292	0.706916133206155	0.45642631794196	0.278350116362802	0.673312874336752	0.840213470024744	0.63259033460977	0.443717351107229	-0.0818305756535109	-0.0184825323897762	-0.0484300655701925	0.117007473728556	-0.103590767582672	0.686132147246014	-0.14318336643229	-0.347606925439898	-0.165183581091115	0.624937039252318	0.226091982777698	0.840986218922915	-0.188605027310466	-0.194402148026272	0.178454301818121	0.0246093101474694	0.19514476495217	0.0430344810784812	0.432993531270689	0.158543841283919	0.489004830905302	0.116852840985066	-0.11854034481761	-0.182371800004899	-0.138214781514203	-0.430199532407114	0.179850223831409	0.34290828375517	-0.260251491025388	-0.546719313725464	0.058727896559593	0.100869867667336	-0.08685071478468	0.0330198084251063	0.307074007239495	-0.269145883950931	-0.0735040397872231	-0.581320493893173	-0.161412945936258	-0.299737660312823
RPSA	0.171476135713566	0.622284184624923	0.142384302508755	0.802267894515942	0.787583359926198	0.646698075856416	0.410710474985682	0.867012741015967	0.706819337198832	0.636321964875377	0.660683599650052	0.757490008383913	-0.198973372184292	1	0.0311336122736925	0.626097505027499	0.605777809572727	-0.076236013373194	-0.0762137712590832	0.160697798709895	0.492150562299942	0.704606952442546	0.915807062497999	0.869532479580491	0.842180226923561	0.864639631275676	0.294871108151646	0.52104191626088	0.956287494914661	0.860348975173453	-0.258384242741495	0.64141288686847	-0.0985969445031193	0.760968544984704	0.94282002490506	0.250590045354494	0.798476092188872	0.452301422023225	0.347834520478606	0.0208034782439331	-0.0174285355576273	0.43075271132733	0.860019984680078	0.983541208023589	0.874302163589347	0.779598802095246	-0.308773868640127	0.371843516041857	0.550629006792576	0.140674437876363	0.398071248631354	0.714593945321834	0.787257058845615	0.735520045163027	0.688539732130124	0.774438113771364	0.387234000659449	0.53129464067633	0.490995122056859	0.788879344091919	0.884986923531831
TNFRSF14	0.849085505930391	0.594949448681698	0.645297483352082	0.343539694786628	0.18570165404823	0.484336647227418	0.495714217301505	0.00113571419437991	0.28552467939991	0.476781914227184	0.444708848498482	0.336931439054886	0.706916133206155	0.0311336122736925	1	0.493268596380579	0.119975929248473	0.669851117789676	0.645213337240566	0.768632588487528	0.40176264169123	-0.131064708656663	0.0626322611805805	-0.0139952946552373	0.0909322642541142	0.0683345805680058	0.775150701431844	0.277650835653185	-0.182042860785234	-0.151509697269967	0.79942872351076	0.119735683777619	0.7305114708135	0.0118604102681884	-0.0941323164623825	-0.17805537706241	-0.0237126745370851	0.119850948340375	0.250710169740245	0.0760239109298075	-0.222674633939403	0.22604104476072	0.107793122091356	0.0505940085289699	-0.091317853875811	-0.215708502818331	-0.544867223279245	-0.00183189613666064	0.164977784822239	-0.285870470607183	-0.500379102163859	0.0885509228822792	0.143170698833164	-0.099998673846053	-0.0285426881163266	0.306279202930976	0.0879003955731108	0.22620824427703	-0.438956965232488	-0.153886814775992	-0.0325480030907056
ITGB1	0.720188859299744	0.793776088747695	0.420981383189043	0.711016319026632	0.856156651474945	0.7877549419722	0.859678548182884	0.728268711027431	0.837892474014522	0.861991849443105	0.728536395660755	0.797883800083787	0.45642631794196	0.626097505027499	0.493268596380579	1	0.804524664458564	0.392412812054934	0.54703648433327	0.572982527496421	0.593327780648422	0.621676983946953	0.703161147547209	0.750025214927212	0.788741762147819	0.613785749118352	0.758502495119262	0.324360540702334	0.479332303739919	0.639357836052685	0.211389829530777	0.578818277199886	0.488216045628757	0.422982600537664	0.566114608970619	0.444785290266318	0.764398834768626	0.547389620701993	0.211052315657352	0.38172490637327	0.136705023654579	0.599936281558239	0.828448541422549	0.683569500848545	0.66018584535509	0.505107872895629	-0.463524391294022	0.55161668250293	0.787810143685722	0.0840766317247753	-0.0330079538780057	0.619874308701769	0.774108608688043	0.567341063649498	0.704241030235954	0.829451065750144	0.175442758415602	0.211703531882868	0.117669756215356	0.541999715381465	0.560995743489008
JAML	0.36567484784315	0.548437358050364	0.167722994223613	0.660540199460332	0.865294099621748	0.684231181237714	0.796715443603307	0.842555070366561	0.885142981299058	0.807099651536097	0.609634440356587	0.764223248206555	0.278350116362802	0.605777809572727	0.119975929248473	0.804524664458564	1	0.255898463260251	0.394616642918618	0.266415687764122	0.54990975279427	0.731615173001084	0.689554657537753	0.784952556105892	0.773454729596441	0.585966582392143	0.525580707938435	0.221637894273142	0.569672969909764	0.692569459500296	-0.12699315166341	0.500402867968543	0.214116636314033	0.361306566294961	0.601280525940673	0.607377565556327	0.856634468675458	0.545551357799577	0.0971884175711338	0.594296879321818	0.192360848518578	0.565240433591525	0.841403895460467	0.677117925247505	0.742088941462303	0.568889145377554	-0.371401910812654	0.723882676056603	0.869975272644183	0.21610796016142	0.0388134220835047	0.68557144941053	0.715058510978507	0.652620946167451	0.812457733729632	0.797166437559719	0.178520135069658	-0.0152350603886323	0.224382957747749	0.557520157873466	0.543112701572843
CD8A	0.636942555276164	0.26073595714785	0.77308015029417	0.459962202387841	0.181699585932013	0.65113889062612	0.512462898538218	0.0739498931235216	0.283377998376498	0.542800333919581	0.648848511575034	0.397308598664241	0.673312874336752	-0.076236013373194	0.669851117789676	0.392412812054934	0.255898463260251	1	0.80282390980762	0.775401476486084	0.402891157552316	-0.278860591919255	-0.0135178327926561	-0.0683824732608993	0.0670872589652911	0.178286818597138	0.691880942103384	-0.181926477106342	-0.206680540969257	-0.252447532671906	0.592680648513915	0.0773918736661438	0.749088162382312	-0.226300392844969	-0.196478996765447	-0.24198917825951	-0.0936691237499518	-0.158066837259774	-0.123527130465354	0.560837733366261	-0.356314009591025	0.320172192278127	0.0315778944953957	-0.0531816502406091	-0.103808932198019	-0.321164843755931	-0.593511205360214	0.140826169491232	0.0508562554928119	-0.472589897820872	-0.548654123719166	0.371957064274256	-0.150994681144074	-0.24900626201288	-0.141002832359625	0.13234219005534	0.192512063313077	0.138933682087634	-0.559160623458549	-0.218549114488608	-0.237693817522823
CD8B	0.77990635608406	0.480033097652451	0.708832372874984	0.421351465714285	0.368844393219759	0.607011490217593	0.764946413730145	0.103355313128766	0.497503678648496	0.661854637680561	0.5467266199816	0.482885313658111	0.840213470024744	-0.0762137712590832	0.645213337240566	0.54703648433327	0.394616642918618	0.80282390980762	1	0.715251441981532	0.605697095033841	-0.0370699294515545	0.133307273650011	0.064304756856341	0.222440904210006	0.197498572814074	0.717403185628832	-0.244649932780673	-0.230806084194665	-0.0685174192583603	0.572907742274669	0.231444869743624	0.883700249247541	-0.0583984077415367	-0.147256582013156	0.0476919382674736	0.114669781630002	0.163797818533014	-0.0234106858418199	0.702190799732902	0.104178633801726	0.536552121957586	0.212158036543119	-0.00430459885304944	-0.0751112105452518	-0.158072369835965	-0.559933917672719	0.412026739336752	0.376503709619909	-0.43724820768296	-0.584331293990414	0.399258193199487	0.0925787817114635	-0.0595221354492822	0.0740348374633112	0.299960395787182	-0.0896015375315725	-0.0453141327491245	-0.596433287923975	-0.0399347087087463	-0.237738134450071
EPHA1	0.858140278411516	0.528501619868871	0.742250587504788	0.540396115543347	0.398062720654268	0.743172438491572	0.558602999864784	0.241859684564734	0.423465988241724	0.642530730669734	0.699954639184536	0.472091407892897	0.63259033460977	0.160697798709895	0.768632588487528	0.572982527496421	0.266415687764122	0.775401476486084	0.715251441981532	1	0.364283532734056	-0.0488748999449415	0.20587317989906	0.136509909036886	0.365981520614388	0.277919621317735	0.858358035628658	0.0223395331324618	0.00355710597094846	0.0647278057989726	0.664927272403859	0.144063715204715	0.800938076148555	-0.0448990394660757	0.0310123876413503	-0.177246013511707	0.101484006001107	-0.0469808044635176	0.0220790915004633	0.267726540454535	-0.291680085307279	0.405041658418979	0.222890170430067	0.182243050042771	0.172169212119806	-0.139010619730123	-0.608922590347872	0.0560528640215789	0.264002886273077	-0.418490947356043	-0.496680675503916	0.400334556717251	0.193933660332352	-0.00485522494098895	0.078885667579879	0.393131238128142	0.147386046368997	0.189893945060691	-0.400626407396887	0.0240539937663509	0.102617396993996
CD247	0.492994124126906	0.740766943106264	0.646764259749284	0.747438294974729	0.64973428165599	0.663222640731807	0.772889009587828	0.461394346583494	0.745083868403984	0.759165335871836	0.626572689243074	0.756714797513098	0.443717351107229	0.492150562299942	0.40176264169123	0.593327780648422	0.54990975279427	0.402891157552316	0.605697095033841	0.364283532734056	1	0.317394609879372	0.692707191186917	0.499800192973834	0.521368249351322	0.67227238428507	0.497148653522192	0.100895193635333	0.400102813765028	0.3887391947457	0.114768520541626	0.649093307838368	0.440858615498875	0.584026958940196	0.481490653120801	0.171167417624181	0.467787178168077	0.54265263536504	0.436318949825287	0.53751762017685	0.185267226518633	0.665583695417204	0.611576062006438	0.537749918434573	0.292865813911138	0.398025554168112	-0.561916162059922	0.559979641981601	0.528528095397048	-0.299394280443222	-0.236709813425347	0.65867116764217	0.409167150197997	0.329933803925173	0.362681327500051	0.616984096617179	-0.0328361827373505	0.274289375390865	-0.267487630262662	0.354602520357388	0.246970595788911
NCL	0.119601399154746	0.488562212953314	-0.144067558404237	0.392966944256758	0.747379957718201	0.340983360262623	0.486639099046486	0.774586032320477	0.70361259074375	0.485235117970857	0.261452000234599	0.529162824921718	-0.0818305756535109	0.704606952442546	-0.131064708656663	0.621676983946953	0.731615173001084	-0.278860591919255	-0.0370699294515545	-0.0488748999449415	0.317394609879372	1	0.705891296157796	0.839741476027076	0.751830563145411	0.520582876339929	0.194647758582438	0.29250445244125	0.665444328360582	0.81521268186364	-0.370520228839102	0.389114964864954	-0.172701276402001	0.495648950157444	0.725410818701953	0.667177792689956	0.893034311875848	0.646981021645993	0.115189335170222	0.157754435303847	0.489471841503431	0.410810914142192	0.835878998089569	0.771006547061677	0.799218183733406	0.746028917990675	-0.0134922199411521	0.556704273565965	0.800288444224689	0.35434564655007	0.483081072152861	0.424726323923086	0.796489294898875	0.94109581845056	0.951013747168093	0.725322489531103	0.170821829055851	-0.0207155666056979	0.611141901184251	0.8302607337291	0.71656936390202
S1PR4	0.289439804258555	0.727647552380909	0.245126296408599	0.831905910368331	0.893173028076449	0.698083861701971	0.625732527557796	0.855605582177271	0.830940194053228	0.745633110476564	0.677116440850169	0.800845498321021	-0.0184825323897762	0.915807062497999	0.0626322611805805	0.703161147547209	0.689554657537753	-0.0135178327926561	0.133307273650011	0.20587317989906	0.692707191186917	0.705891296157796	1	0.892588119361137	0.897907768058738	0.886042917191996	0.385376975150425	0.328999811859033	0.895443447138532	0.89943180187695	-0.181135345167519	0.767176331644827	0.0678068756475081	0.825450645674787	0.920979115815975	0.348359129663548	0.836222070240014	0.57262033176404	0.402026129939082	0.225244558983349	0.120713843506454	0.551847939872528	0.908587931539807	0.923982585073881	0.829912276217543	0.787549791446202	-0.38977417924769	0.52395276727357	0.700258494492084	0.0811127945327712	0.184232724777606	0.791119343167091	0.810969994393954	0.691068294384385	0.715120014714127	0.839368916267915	0.137970116552214	0.399918814786196	0.29536036865555	0.731931456999264	0.81242666916865
CD47	0.241151439639266	0.641156740795294	0.109608250687709	0.701995091653589	0.880885221366505	0.623897086812358	0.60111654949044	0.923603601663283	0.821542239745904	0.681239732714108	0.575331107862829	0.768502158495407	-0.0484300655701925	0.869532479580491	-0.0139952946552373	0.750025214927212	0.784952556105892	-0.0683824732608993	0.064304756856341	0.136509909036886	0.499800192973834	0.839741476027076	0.892588119361137	1	0.899397227966749	0.795675173659813	0.33694115470016	0.359073901598674	0.842957589990487	0.915673056775458	-0.288324076942826	0.639327809428256	-0.000318564390620698	0.662512691175486	0.875125548560127	0.579597639460441	0.9130233157502	0.663671674323432	0.273373597456064	0.234298115469604	0.217368713723623	0.510046001053319	0.91528466588333	0.888469605327549	0.904697987796743	0.822355420656143	-0.226718101703553	0.611874576646799	0.777953624352373	0.316795081354633	0.312162491523041	0.693097544003315	0.869002573198088	0.797935614647677	0.877016346460836	0.844136174708565	0.18239494733036	0.213660639059371	0.500497491334442	0.760712100363597	0.838901755048497
CD6	0.406858628677119	0.714424195118609	0.209327130024266	0.766094832403235	0.955282376902475	0.744728204223059	0.693690913004264	0.904193276074593	0.85112856564307	0.77710826735166	0.717609004216724	0.815573907198702	0.117007473728556	0.842180226923561	0.0909322642541142	0.788741762147819	0.773454729596441	0.0670872589652911	0.222440904210006	0.365981520614388	0.521368249351322	0.751830563145411	0.897907768058738	0.899397227966749	1	0.786357278745177	0.522864114172624	0.233314287759625	0.816309739635467	0.919668186790587	-0.112353301134915	0.671092961476979	0.202206703466713	0.615604053697053	0.857622769905119	0.491836267151027	0.875729001072575	0.495187567767587	0.228214283903696	0.246409091940093	0.133171261494142	0.622652850192009	0.915994956977841	0.866476140004837	0.916614181497161	0.764669815259936	-0.373332644960697	0.492743124341662	0.809241507533275	0.156496311505735	0.1404836942239	0.756753778366034	0.871791988009478	0.715425255913908	0.797140637404796	0.883003590954864	0.111151907061837	0.275376371304911	0.298084016964033	0.707141835572168	0.813971210216503
CXCR3	0.240595969353025	0.606527655049792	0.401974585225977	0.897638086043644	0.766228916156478	0.770752480330557	0.525302762715807	0.781116181038231	0.713565069165761	0.736291422446952	0.780635052780052	0.808009367071085	-0.103590767582672	0.864639631275676	0.0683345805680058	0.613785749118352	0.585966582392143	0.178286818597138	0.197498572814074	0.277919621317735	0.67227238428507	0.520582876339929	0.886042917191996	0.795675173659813	0.786357278745177	1	0.335160543569985	0.247098154473726	0.824475642026416	0.724905541305477	-0.18051413998031	0.664276014949198	0.10283227863595	0.703625589057169	0.814825246333604	0.143981058085585	0.668332032335039	0.378942069796214	0.294753788717441	0.31230427039363	-0.0652260566121479	0.512867681876803	0.779677516748759	0.849104674129127	0.739953742464206	0.650293884039598	-0.446467618386792	0.477872010436674	0.474708007566217	-0.0771242083053345	0.147045665179794	0.874095038980615	0.590610369860314	0.517080058954036	0.528596311810157	0.652579383671184	0.311848101137445	0.488859736839444	0.20888413425712	0.635754103340744	0.691840453939956
CCR5	0.890127556698247	0.69461288979441	0.627684095333824	0.601255856039059	0.600307822207459	0.788016456550124	0.763491479721179	0.426216539912729	0.640728348797268	0.792289387260023	0.707315291229626	0.598331455786744	0.686132147246014	0.294871108151646	0.775150701431844	0.758502495119262	0.525580707938435	0.691880942103384	0.717403185628832	0.858358035628658	0.497148653522192	0.194647758582438	0.385376975150425	0.33694115470016	0.522864114172624	0.335160543569985	1	0.114088187576378	0.147873273687472	0.269785659059834	0.617136831396791	0.304643837433443	0.738454657914626	0.108945834689911	0.212122556496221	0.0769406962905443	0.350089330174516	0.210374076139007	0.112060744016664	0.323295805720063	-0.160989827015762	0.48500335063945	0.447242791078874	0.334023991407397	0.334478765466646	0.0344491055851242	-0.64427228499404	0.273672504305381	0.552197178875849	-0.232538036047042	-0.463783392256563	0.465295585956262	0.437765638707845	0.189395899973702	0.3405774025786	0.622268590459329	0.0909480258847159	0.125220436962923	-0.300972984428179	0.128298975360431	0.264483018426503
CD74	0.10288106607964	0.383041232291748	-0.0699762967387465	0.308557809053555	0.22554574141367	0.149219388465512	0.0461932045928744	0.338253297642118	0.22325468463041	0.179253412129602	0.155988736957042	0.278807223928132	-0.14318336643229	0.52104191626088	0.277650835653185	0.324360540702334	0.221637894273142	-0.181926477106342	-0.244649932780673	0.0223395331324618	0.100895193635333	0.29250445244125	0.328999811859033	0.359073901598674	0.233314287759625	0.247098154473726	0.114088187576378	1	0.420743044511201	0.31102178330992	-0.0552362105684553	0.200877199887061	-0.174682001667648	0.410098960653425	0.418446094233057	0.110028759588359	0.345108331480497	0.350488224378073	0.572503589186786	-0.336794372445123	-0.150350125722031	0.00619786373588051	0.364814916179892	0.50107250031542	0.342765149243398	0.331790165329632	-0.100765972210717	0.0394913325699849	0.162246006116747	0.400591738675459	0.316518869561688	0.0629661019961228	0.482537717838214	0.344674552536679	0.283458144567023	0.436156130882032	0.47989165166697	0.386894800238831	0.420244978232779	0.328221990375539	0.504128727660843
KLRB1	-0.0262552496339724	0.475732945100994	-0.00132908256182669	0.726440793304155	0.748543684182496	0.541468005825292	0.302510299231585	0.863143612330317	0.63244905982168	0.526452997848523	0.560850115528999	0.659644413143217	-0.347606925439898	0.956287494914661	-0.182042860785234	0.479332303739919	0.569672969909764	-0.206680540969257	-0.230806084194665	0.00355710597094846	0.400102813765028	0.665444328360582	0.895443447138532	0.842957589990487	0.816309739635467	0.824475642026416	0.147873273687472	0.420743044511201	1	0.887577169548608	-0.402294220088423	0.621291357642846	-0.25533273266511	0.743720287313129	0.957619314867685	0.28078246750543	0.765609437276598	0.395196505354966	0.31939795495512	0.00173129398245408	-0.0456931638228845	0.361527292318359	0.804521363014445	0.930048345903394	0.892875603400036	0.803321582341818	-0.210181306826358	0.331325214433701	0.510083937960116	0.223248304226466	0.410453305095897	0.696683787265441	0.729060956272571	0.677136775116157	0.647873900418469	0.705787389955172	0.30643902849367	0.454655046663186	0.528636114559309	0.720207917614214	0.892179600653617
CD226	0.145540580668609	0.56630131617828	-0.0629392484746665	0.622575950976518	0.858710024617779	0.531624500354671	0.502233435745965	0.874380160505426	0.758207151209604	0.603093633666451	0.479762683344394	0.644752013482643	-0.165183581091115	0.860348975173453	-0.151509697269967	0.639357836052685	0.692569459500296	-0.252447532671906	-0.0685174192583603	0.0647278057989726	0.3887391947457	0.81521268186364	0.89943180187695	0.915673056775458	0.919668186790587	0.724905541305477	0.269785659059834	0.31102178330992	0.887577169548608	1	-0.315784468875094	0.640650525111844	-0.0900976058581143	0.703820323298398	0.900582990790729	0.518054363350516	0.907884995764009	0.554952943177088	0.267950170091744	0.0966728328314799	0.202564015541792	0.436910700106347	0.879192773745814	0.865897246047079	0.930502443427418	0.817808049911039	-0.182033484444034	0.507186861755564	0.774945400850836	0.331506247901608	0.309141625630525	0.662892344434864	0.901395773336937	0.767438323259264	0.829858174313351	0.821628340377612	0.0847880342015888	0.204108792656928	0.497412809090966	0.75667609130545	0.892893673655473
SIRPG	0.748648769197389	0.236125017643846	0.41142938607073	0.0879752104934611	-0.0579148427299817	0.283759488075532	0.244628833805851	-0.251818080939148	-0.00199184564868512	0.270128853997055	0.253273545229752	0.059790839718473	0.624937039252318	-0.258384242741495	0.79942872351076	0.211389829530777	-0.12699315166341	0.592680648513915	0.572907742274669	0.664927272403859	0.114768520541626	-0.370520228839102	-0.181135345167519	-0.288324076942826	-0.112353301134915	-0.18051413998031	0.617136831396791	-0.0552362105684553	-0.402294220088423	-0.315784468875094	1	0.01947588479811	0.738113702461654	-0.144714813823819	-0.352035338850723	-0.361787202459745	-0.283780646942783	-0.233018137109664	-0.0472716180481507	-0.0178516001089102	-0.230800190885373	0.0763178399594652	-0.205349348624389	-0.250283129461988	-0.299978750397115	-0.447846562801327	-0.387673690785873	-0.159402194721515	-0.0404125220037727	-0.430341867171467	-0.552930694216698	-0.0535582976368688	-0.0782221377675781	-0.360517266536204	-0.294440047161243	-0.0183152511489251	-0.0148461017274649	0.199970442252809	-0.529036321352216	-0.327050022620079	-0.297824302189107
ERAP1	0.329606187657621	0.590059705809427	0.157997526927434	0.646916181502233	0.704281321093326	0.514208567979235	0.577064936269006	0.590600502966827	0.601251894080804	0.600971513111586	0.580522729639193	0.761685905510574	0.226091982777698	0.64141288686847	0.119735683777619	0.578818277199886	0.500402867968543	0.0773918736661438	0.231444869743624	0.144063715204715	0.649093307838368	0.389114964864954	0.767176331644827	0.639327809428256	0.671092961476979	0.664276014949198	0.304643837433443	0.200877199887061	0.621291357642846	0.640650525111844	0.01947588479811	1	0.248035328472454	0.641306206692259	0.731969947983621	0.334647778150987	0.583280673655785	0.43089452793607	0.392612060191789	0.175057087669783	0.15568317633449	0.630005599032108	0.691702978417176	0.654084228594242	0.513479489949942	0.725199651886575	-0.33239762778368	0.366874666275202	0.50815130783662	0.0742378942586276	0.101288361329558	0.565113008487796	0.638685188203145	0.351279658215516	0.383426649597519	0.650996125548673	-0.0669151297365727	0.533128482762153	0.0568697207943219	0.473255062725923	0.449985078396705
ITGAL	0.867415354502324	0.513994287867278	0.685906795228938	0.364958176341025	0.270223904509229	0.560205399111692	0.633100115978774	0.00351401031240119	0.363876403812973	0.552281825787015	0.537030134917501	0.428385544726669	0.840986218922915	-0.0985969445031193	0.7305114708135	0.488216045628757	0.214116636314033	0.749088162382312	0.883700249247541	0.800938076148555	0.440858615498875	-0.172701276402001	0.0678068756475081	-0.000318564390620698	0.202206703466713	0.10283227863595	0.738454657914626	-0.174682001667648	-0.25533273266511	-0.0900976058581143	0.738113702461654	0.248035328472454	1	-0.0346501661396151	-0.178725425296322	-0.0737234207714571	-0.00568490932287598	0.0617938127720483	0.00459351164819467	0.440944005811002	-0.000198011150488429	0.465196965583206	0.108279433808252	-0.0511065818933319	-0.118137308976605	-0.178531242676539	-0.544464635036982	0.252800623808311	0.259139617731888	-0.419583345755771	-0.597263179455511	0.293466953953189	0.122995078514983	-0.159867008309441	-0.0501220495239868	0.244961282503813	-0.132627499978411	0.0962466554771744	-0.603750264465979	-0.0946611409183693	-0.211560254937297
LRP10	0.114705628222254	0.610182799579242	0.150974536124159	0.623044453559518	0.564552531168353	0.411335901883422	0.346929840667065	0.521208383716763	0.546911582992306	0.447177708230979	0.413644874012656	0.542179850810236	-0.188605027310466	0.760968544984704	0.0118604102681884	0.422982600537664	0.361306566294961	-0.226300392844969	-0.0583984077415367	-0.0448990394660757	0.584026958940196	0.495648950157444	0.825450645674787	0.662512691175486	0.615604053697053	0.703625589057169	0.108945834689911	0.410098960653425	0.743720287313129	0.703820323298398	-0.144714813823819	0.641306206692259	-0.0346501661396151	1	0.735473984043085	0.161717217271298	0.591955490451859	0.554598298235876	0.544330484851486	-0.000400309920495458	0.184449974715477	0.33184412085766	0.652493897488695	0.747627286196965	0.544804981082352	0.677372004359557	-0.189939506883897	0.420448876354551	0.416629616069555	0.0798750692797502	0.286886881442946	0.585516235322488	0.658075112458912	0.534309628189558	0.466523119883843	0.57684296182044	0.151290366870569	0.53312559507292	0.327107920429213	0.620393839650475	0.657497191473582
TRADD	0.0819429306114504	0.586518335225832	0.0198726487877562	0.701351980209329	0.808093656589196	0.526893310565754	0.414500436097921	0.862424392803316	0.671903108039022	0.554191172201458	0.548709721069595	0.726573482541542	-0.194402148026272	0.94282002490506	-0.0941323164623825	0.566114608970619	0.601280525940673	-0.196478996765447	-0.147256582013156	0.0310123876413503	0.481490653120801	0.725410818701953	0.920979115815975	0.875125548560127	0.857622769905119	0.814825246333604	0.212122556496221	0.418446094233057	0.957619314867685	0.900582990790729	-0.352035338850723	0.731969947983621	-0.178725425296322	0.735473984043085	1	0.406719302286118	0.801156835158624	0.491411170301598	0.38146355362045	-0.0188843936362364	0.073987145828909	0.486765419611753	0.861822348967067	0.935646108192398	0.885015158729578	0.88228053797087	-0.226866463738023	0.314974691309663	0.597943820037337	0.248666254707827	0.382864863513677	0.626217199713775	0.791980960875181	0.711600847839787	0.700419576534327	0.790970434965459	0.179525260386635	0.448342496652629	0.472483309368174	0.72676669425736	0.868072825634484
DIP2A	0.0435349551740554	0.313373882166954	-0.248822176924951	0.0526762060097074	0.545598332179987	0.0480710889900653	0.471632444206177	0.502939523969039	0.473903921284766	0.237697001842496	-0.00881560280713774	0.335307214563806	0.178454301818121	0.250590045354494	-0.17805537706241	0.444785290266318	0.607377565556327	-0.24198917825951	0.0476919382674736	-0.177246013511707	0.171167417624181	0.667177792689956	0.348359129663548	0.579597639460441	0.491836267151027	0.143981058085585	0.0769406962905443	0.110028759588359	0.28078246750543	0.518054363350516	-0.361787202459745	0.334647778150987	-0.0737234207714571	0.161717217271298	0.406719302286118	1	0.61462786005577	0.679907475059386	0.185077430480166	0.214013432207366	0.594275478469584	0.417366067554677	0.560414034768249	0.339926430674835	0.484295038366017	0.603132378124149	0.235491398409766	0.451322235055159	0.698815014356613	0.631410270046024	0.28252787023757	0.0910416406439895	0.585676678080283	0.548989960586348	0.695009047002741	0.552200955789923	-0.174921760401531	-0.277762937941934	0.417170914502102	0.354108977083497	0.342206843175684
