""	CD44	PTGER4	CD3D	ITGA4	KLRD1	CD3G	CD69	CD2	CXCR4	IL2RG	PTPRC	KLRK1	CD8A	CD8B	CD247	CD28	CCR5	KLRC1	ICOS	CD27	ITGB1	CD47	CD226	ADGRE5	ITGB2	CD6	SIGIRR	ITGAL	TNFRSF1B	CD46	F2R	S1PR4	RIPK1	KLRF1	CD96	C1QBP	HAVCR2	CD4	CD81	TFRC	HLA.DPB1	LPP	KLRB1	SORL1	PILRB	TNFRSF14	TSPAN5	SPN	TIGIT	TRADD	IGF2R	DPP4	JMJD6	EGFR	PTGER2	CLEC2D	TSPAN14	ATP5F1B	CD9	RACK1	CD74	SMAP1	CANX	ITGB8	ERAP1	RPSA	PTPRA	CD63	APLP2	LAMP1	NCL	PTPRZ1
CD44	1	0.831775575027022	0.885601840845197	0.965535095817531	0.353180929763732	0.876040991432458	0.872535682215879	0.932393025628059	0.949199087694351	0.929374833873336	0.921588656987467	0.718944326333638	0.851987179852273	0.86559257781948	0.787892349564141	0.751430204231965	0.877106007026312	0.429443325524772	0.752806396210778	0.839139779373569	0.714205154452266	0.61952661089234	0.721849761808145	0.91656986678633	0.640991401779474	0.855363246509338	0.805226310912357	0.696357555385206	0.74322673495658	0.313886028583842	0.454513903599296	0.66440034702237	0.527982052945787	0.322843879783853	0.931429831878553	0.647110246486425	0.30233663692137	0.431757672360708	0.181508815394988	-0.0876029057746756	0.253366589838522	0.197340882690197	0.674575604564199	0.141600918630746	0.0291140798320029	0.802569021926086	0.417504098877842	0.773086175835414	0.783536586298136	0.769105585221099	0.467517817871807	0.72673544386445	0.935576143751498	-0.323547350727063	0.661757799226389	0.852108092968632	0.381523771675376	0.492163137489822	-0.180302861954207	0.665035268379748	0.0989798052835286	0.602373067711673	0.0586386046390035	-0.414092474946591	0.833509600270965	0.708255748974958	-0.0834977902874458	-0.135926976848901	-0.202536528395751	0.229067123332681	0.624852279127711	-0.417345381346247
PTGER4	0.831775575027022	1	0.924855182065254	0.780093844378211	0.294600068030856	0.876589480892035	0.912064517376763	0.918657764842066	0.940771527041679	0.910454836831875	0.948651414019141	0.453670259472459	0.732940927063717	0.851381527978727	0.879526946992229	0.867955756770403	0.728762843220383	0.344652588429795	0.93720255576635	0.814505317000373	0.660158070451053	0.744515639582709	0.865024859587244	0.94598551760947	0.771599848513433	0.875125109017907	0.916841627623696	0.827918894153708	0.867922245136412	0.542377795550379	0.336003192080638	0.868029409121601	0.246618980740366	0.144480285914296	0.944674507996158	0.741130612735923	0.481171131063238	0.684392741624324	0.275212796083785	0.082080422086784	0.356121203473726	0.281471007076343	0.886913553823631	0.263597650037684	0.0954512457007007	0.9156431581343	0.615066760283309	0.891000490791175	0.667554105636991	0.868531184803813	0.65141863996636	0.947952842181588	0.776342549095824	-0.255808539251807	0.868852766615636	0.908305794254977	0.726267024835587	0.632227567197223	-0.135762875238052	0.837507599826618	0.221245577814852	0.704593826694375	0.189998548126227	-0.362625292089939	0.775677876706239	0.894525835523724	0.00190760161471511	-0.0141084149610434	-0.0260251445054716	0.433682725490186	0.768270381890822	-0.341378151512316
CD3D	0.885601840845197	0.924855182065254	1	0.856865082921511	0.113218534910058	0.989519288546994	0.927676397300694	0.977499537400007	0.929520375907092	0.951066685843671	0.948228888194449	0.463785778328459	0.895470338290529	0.886345048505212	0.754732394368443	0.871586439531751	0.747586826860255	0.193801477242813	0.903500586432679	0.946178949312107	0.599239136518702	0.569551328279764	0.914612760864225	0.966055258792042	0.715137005910469	0.963172093654597	0.870880366716475	0.688327280646492	0.791463000100199	0.429954549765905	0.276242671097806	0.841366288046214	0.365052154347888	0.0107504347404153	0.95135966509504	0.647225540547188	0.299287871240165	0.627117877020233	0.204027048245995	-0.0489238516939565	0.302660424022139	0.138349613298763	0.830799308376213	0.150111845088531	-0.101400449592478	0.874853993255034	0.509887137003903	0.800442045716499	0.714544208360602	0.902555857397663	0.447485183509766	0.903239645821431	0.860677080804246	-0.315838374344175	0.800096064247832	0.907179392272928	0.529973373420162	0.564076706261554	-0.240278049263632	0.791238670996646	0.128654250881954	0.59508615453109	0.0542967380331954	-0.422597710016984	0.852899022708756	0.865567333552304	-0.100686432517711	-0.112802366671834	-0.176242362765286	0.31663824556668	0.647501686613246	-0.40549470660432
ITGA4	0.965535095817531	0.780093844378211	0.856865082921511	1	0.380391191995503	0.850750684043159	0.837714106364981	0.88551790674721	0.929899350647761	0.906689055526845	0.89902235962771	0.761469313868362	0.853520606905934	0.831235320330794	0.760429666020853	0.693937660868761	0.899213650040704	0.472454818748054	0.672448192804851	0.81733062904456	0.704635709896834	0.553328368763264	0.707744497740385	0.891635076858084	0.655636565934791	0.848452707750182	0.774996405896103	0.676897228895629	0.736390871054834	0.224137068961209	0.45854686408487	0.586754780107061	0.548781351927067	0.367702358014944	0.897217700664001	0.62699930173904	0.33024000539131	0.407718002803444	0.213495808730338	-0.121726610492321	0.299944338224758	0.157173701344541	0.60920482550646	0.184818423428858	0.0538476318221341	0.757102702568308	0.348874853848595	0.74357016047753	0.783837068325333	0.713991816397678	0.438858466206428	0.663758670905538	0.931366934112358	-0.364263334072451	0.550978197608002	0.805458463036724	0.308582366373173	0.495631414873506	-0.157202587455159	0.622275077684656	0.15150613904678	0.577748687666605	0.0490370292168357	-0.435670972492237	0.809469354340481	0.658596475136014	-0.0848148048441308	-0.151775341882529	-0.212739836763114	0.240310222928394	0.592358050589822	-0.445516061835714
KLRD1	0.353180929763732	0.294600068030856	0.113218534910058	0.380391191995503	1	0.0329552969785287	0.149073228613238	0.138950313565828	0.41258766327331	0.20840771847448	0.284996072119135	0.774778429566483	0.129555345347758	0.327515719877543	0.631894957235532	-0.0134519927953181	0.501700440396754	0.943072885578969	0.064700713386418	-0.0806228762129862	0.318563807804696	0.300201783279672	0.0228427693890713	0.238761381135193	0.205007504670542	0.156994357335071	0.321343680738953	0.650945904216543	0.350330184893884	0.0252317257696482	0.603906052273566	0.102543795711168	-0.0397360710875689	0.930740669755317	0.34577881620746	0.248984809003332	0.419923073770429	-0.195471162966529	-0.0072763062261215	-0.0188312053959223	-0.00747510404273349	0.216892776749199	0.0647489351854263	0.120266159577002	0.628154474051995	0.143660365568186	-0.0247342839279448	0.371834315338429	0.400639332504137	-0.0829949831619952	0.585882220289396	0.129223805214076	0.323556781568608	-0.17666733468756	0.0974103282194835	0.0835005653279013	0.142040870186862	0.149585788417554	0.103250470917796	0.0256022316369162	0.0137680163454249	0.260056516126816	0.0596722654872639	-0.16826253986441	0.0390619088551745	0.0077361788068777	0.0665511999871397	-0.000206266631721786	-0.0568598705051574	0.0311747640285685	0.325079019169687	-0.200495736333903
CD3G	0.876040991432458	0.876589480892035	0.989519288546994	0.850750684043159	0.0329552969785287	1	0.89501479358325	0.963233686968111	0.891598500985131	0.928023468070302	0.918358138178713	0.438226357669745	0.917798032928748	0.87714688819241	0.682076521463259	0.857593186393597	0.741529011505974	0.124491559696423	0.872680998155845	0.952168847349872	0.581761992031875	0.513026550808245	0.894613469351447	0.939356434273805	0.687567871572455	0.954505156829947	0.828746676672507	0.622496984716203	0.744807720451813	0.399387453511184	0.266946038521193	0.808300370952888	0.401882281201566	-0.061985325802057	0.923048331013423	0.610968075879027	0.256992038612377	0.60561488227828	0.199714949166031	-0.0759084523137214	0.299200138748442	0.117342155609279	0.782561582762101	0.128293612114945	-0.163912808969175	0.839339389115719	0.469277616992999	0.748018668284457	0.694877078046974	0.888519169360168	0.387905893240619	0.859860543506763	0.864322505400837	-0.312207791148776	0.757171688675552	0.882838407379166	0.4689839466727	0.538204003993385	-0.25264100058464	0.762218153582641	0.119718444848711	0.552733433335764	0.0269547446652702	-0.413930783996402	0.846989254370671	0.833009484678835	-0.110871912093677	-0.121018766091651	-0.191123980835308	0.281286335945368	0.606047699443943	-0.399417876674474
CD69	0.872535682215879	0.912064517376763	0.927676397300694	0.837714106364981	0.149073228613238	0.89501479358325	1	0.958286885134913	0.920269433799061	0.975248122951581	0.921460654454853	0.412756462243841	0.720410535617139	0.731606224323425	0.792164243015798	0.839851003267459	0.659001441556787	0.200537481795661	0.885759193766635	0.941417294071455	0.590347417792163	0.63717974477802	0.874575972273969	0.971342027748848	0.709595562185668	0.888054456367737	0.834482852385322	0.615810029154764	0.737076165991629	0.40200123077214	0.211188104014526	0.76686883689566	0.341743014331508	0.0899652254412392	0.932096013984497	0.686208340890738	0.255420985122075	0.685609205046877	0.185830005537768	-0.014160512666414	0.25378500071072	0.11861415541119	0.923706545050151	0.156503825982117	-0.136785469765755	0.930650987990599	0.582239686983096	0.827901828356289	0.616345682547671	0.943577906875799	0.4198614027862	0.878428287533009	0.762762832391422	-0.320644162707736	0.826944021265727	0.952834014896154	0.535147952011556	0.536246775385706	-0.257884636181642	0.8049175211403	0.101621260565524	0.688631266588435	0.0953562675413025	-0.431142696260747	0.849759205780748	0.902133962150461	-0.101696941064478	-0.123864346194116	-0.161469299875959	0.366236122344698	0.6131097134944	-0.400987040636494
CD2	0.932393025628059	0.918657764842066	0.977499537400007	0.88551790674721	0.138950313565828	0.963233686968111	0.958286885134913	1	0.946213126631408	0.979876256615021	0.956769665867394	0.494333816902263	0.86402037620054	0.864467261513461	0.76813403228382	0.877511223087758	0.753137034692052	0.219597421823909	0.902072370600147	0.951706591769176	0.641470878007609	0.629936846968145	0.869707017693212	0.976097407175718	0.693117959985678	0.924823382956075	0.850315196135174	0.661916035334518	0.777355447100122	0.396435868689894	0.270311871990776	0.815532383032346	0.439988948919074	0.0703280434312768	0.958478845906381	0.667497621710437	0.267506955670844	0.618130012683687	0.198799411971518	-0.0542104978782789	0.28628112001706	0.138559565484871	0.843432116671631	0.139654941350021	-0.123923387249585	0.889314127236922	0.533678944232585	0.820837380206014	0.730302172283522	0.91819759213944	0.411944632919696	0.878300107359562	0.87592839807655	-0.323285945008274	0.821494489621631	0.939518829625704	0.507074029415723	0.54387262773711	-0.240363500611836	0.7969112647168	0.114809783791637	0.63111992682068	0.0590937633320804	-0.43164524165112	0.887263656847731	0.867233930836873	-0.115976077480768	-0.117012402774994	-0.186008365216118	0.295113960499196	0.647055772075618	-0.417720720251972
CXCR4	0.949199087694351	0.940771527041679	0.929520375907092	0.929899350647761	0.41258766327331	0.891598500985131	0.920269433799061	0.946213126631408	1	0.954243497266701	0.979048560390143	0.67547649449839	0.824627919012635	0.891445131463404	0.89843634549491	0.80489550585656	0.858825732856862	0.469579996447623	0.839578187064808	0.839431472155263	0.704490723075138	0.686361060117377	0.817933747935088	0.96575094121995	0.751398886480784	0.907504261908786	0.906852681650911	0.818771845196309	0.852748372388931	0.392453452943659	0.421225580062218	0.764348588008991	0.39044077524668	0.334383105659475	0.974168779719114	0.719807829507968	0.445082852418464	0.551346600939125	0.244424030679441	-0.030480187534957	0.333503767631433	0.232147410690651	0.786116245185421	0.244869278807314	0.102046189859248	0.873875663431599	0.477508141303927	0.871932997775476	0.771288035506816	0.820573158153002	0.583539946567061	0.846783621914127	0.903145333409518	-0.345902630175265	0.756063215351591	0.89638501435237	0.556254272955368	0.583077837711498	-0.152427116190925	0.756633658122371	0.189800179150695	0.672125354837849	0.108348683907862	-0.442472759358265	0.833197383100348	0.806916176008554	-0.0559134953068255	-0.0980242618712473	-0.145716533173544	0.342304070169382	0.719698920368152	-0.434225942643312
IL2RG	0.929374833873336	0.910454836831875	0.951066685843671	0.906689055526845	0.20840771847448	0.928023468070302	0.975248122951581	0.979876256615021	0.954243497266701	1	0.954067863300889	0.527425784665356	0.822374764766873	0.823025040998631	0.79613519637719	0.85960556292963	0.742233575342975	0.276545748057537	0.867373486267389	0.938484789037418	0.651622553519571	0.654759277238786	0.872504415671683	0.982748687678614	0.726256795403694	0.91037170333536	0.849487080734271	0.653059931948023	0.78791439701752	0.376775735890338	0.285244629296403	0.763952825306457	0.433756106963368	0.15072742341997	0.955220689454297	0.713497681207651	0.314534197960325	0.641537918942953	0.232968347668297	-0.0539274694436598	0.320156517227949	0.139941942157731	0.861108534948163	0.193236896358223	-0.101807679039836	0.904588727986361	0.540520425223544	0.842738593499098	0.690116073311744	0.91810734887838	0.426378160274617	0.859622835515523	0.844964430857764	-0.338249345938422	0.807402696339059	0.941717851667023	0.508526271473218	0.568390062399958	-0.209831063503403	0.806017414956152	0.157688304800041	0.689102527666609	0.0979121181778626	-0.442438764571643	0.891746028765129	0.87832764040371	-0.0898435419165775	-0.108286119286318	-0.162531829279762	0.34192203104595	0.657266848650791	-0.424555558607416
PTPRC	0.921588656987467	0.948651414019141	0.948228888194449	0.89902235962771	0.284996072119135	0.918358138178713	0.921460654454853	0.956769665867394	0.979048560390143	0.954067863300889	1	0.567542886590178	0.838507409019831	0.883364284895004	0.85336159651967	0.864944935092799	0.81849960826447	0.356110409300486	0.871417552307984	0.867058900243022	0.749925302201328	0.730089166903917	0.864185372438889	0.958868884403905	0.827967790077978	0.921127402120172	0.914408800964078	0.782564343843808	0.90009802070961	0.469033294058434	0.396162205449165	0.800094072363256	0.456833538861164	0.205054846202259	0.947080978720001	0.771111503248564	0.491546763194844	0.671041794932652	0.366069390884097	0.0416593818689272	0.459117500571469	0.294029240205878	0.807771953626538	0.353530189306386	0.0713337318875691	0.896784660717102	0.556165735457998	0.901634027351832	0.735302097913907	0.862838181443487	0.570378261343713	0.865981667192745	0.898196366870647	-0.297105166483618	0.795453793755394	0.930518338697962	0.643740592155225	0.659133966116579	-0.0868254272896495	0.830698926042435	0.310097779708865	0.701638203615752	0.193734758277106	-0.390620212959781	0.869269223827326	0.861446923122589	-0.00187880069154993	-0.0255152498372622	-0.0409131581794831	0.446022168239965	0.768557464491465	-0.383277156876998
KLRK1	0.718944326333638	0.453670259472459	0.463785778328459	0.761469313868362	0.774778429566483	0.438226357669745	0.412756462243841	0.494333816902263	0.67547649449839	0.527425784665356	0.567542886590178	1	0.612524564478724	0.678420793232569	0.65450240429553	0.213444633291772	0.814363210918878	0.784692470369973	0.227027066122691	0.320060302459058	0.48039294895489	0.308908936519615	0.294062695548727	0.529909742343257	0.33470128222277	0.506635989983666	0.504795719660819	0.663912565580876	0.490415128414707	-0.0355740804419292	0.583859261343283	0.220938619240124	0.296935255355891	0.782344003164559	0.614631005405325	0.347799163702847	0.342025934545418	-0.124687557675549	0.0225060022099516	-0.218305236632894	0.0669989776254811	0.111141297191332	0.143065825277088	0.0661957401188588	0.358098638791561	0.336465345438922	-0.0553203899327658	0.463577130653738	0.69474567904242	0.211959449823191	0.42957254550968	0.289943317316846	0.729615490629752	-0.328746999713933	0.159432573699504	0.342245259530706	0.01559500871648	0.224518755246581	-0.0492259214464094	0.178729743088157	0.00362668419504395	0.285288273095092	-0.067595079915226	-0.348207930453018	0.443568665181396	0.174609792488046	-0.0620495215274778	-0.151444197351505	-0.275263773506346	-0.0465037760518347	0.3842508268056	-0.384443784807627
CD8A	0.851987179852273	0.732940927063717	0.895470338290529	0.853520606905934	0.129555345347758	0.917798032928748	0.720410535617139	0.86402037620054	0.824627919012635	0.822374764766873	0.838507409019831	0.612524564478724	1	0.923963883601125	0.57541178787925	0.708379256887763	0.777389516493912	0.240712403970687	0.686281255012541	0.815517128659567	0.584391851196132	0.415725441176628	0.761043718040033	0.819632160722952	0.597013785872356	0.869042558660698	0.730482160666364	0.596326015714608	0.714143879299515	0.284790399374746	0.337864118510245	0.683247179078808	0.505165311841487	0.0745901774244154	0.828796607300895	0.519752260772402	0.295224956579895	0.387807037335586	0.219392137566759	-0.131542944126487	0.322466502436169	0.125079697005691	0.520083556250189	0.14625309290434	-0.0579517776780915	0.648874181957202	0.292857113485864	0.647207898697414	0.782598921574223	0.701468904985318	0.313563556473122	0.70116926223929	0.913883433708804	-0.29883885289117	0.564865918689864	0.703680850839609	0.297517041513127	0.478192450645467	-0.149598717307812	0.611647158583479	0.15656171058618	0.423683284307305	-0.00342494643915453	-0.373595172043238	0.803978930128746	0.631821051580533	-0.0971727256281907	-0.105096428099589	-0.200135780322533	0.17314911529549	0.561186206217916	-0.387029259106029
CD8B	0.86559257781948	0.851381527978727	0.886345048505212	0.831235320330794	0.327515719877543	0.87714688819241	0.731606224323425	0.864467261513461	0.891445131463404	0.823025040998631	0.883364284895004	0.678420793232569	0.923963883601125	1	0.738169468893561	0.732637506834217	0.845086502102497	0.38896467949107	0.75624890702992	0.726367760470385	0.628890971903567	0.566898251722429	0.750812668314962	0.85320165513971	0.634694315608584	0.854975984178279	0.837472458087117	0.780218052272838	0.794075414782742	0.371758069123327	0.420524976627194	0.728254613286227	0.35323495471558	0.209580175332498	0.888249834673387	0.60359109417922	0.452538116538917	0.392312499929267	0.224576987208994	-0.0984190609424911	0.327210472577631	0.221216012788178	0.581426279236154	0.169402081801634	0.0847417164105731	0.719888458771981	0.327549538362146	0.723702017480102	0.772972778367515	0.698944181654645	0.528154958574842	0.777874130743767	0.900139547007356	-0.294631191463604	0.652972849963883	0.732811792597207	0.472940853490272	0.532154964945511	-0.123781458314874	0.65161208611838	0.180955908171633	0.49928324620608	0.0481125343292845	-0.379526008500656	0.77187080714818	0.669020265145476	-0.0508386933015229	-0.0712981483738233	-0.149628295843298	0.193302386229045	0.682573340579876	-0.389330714750747
CD247	0.787892349564141	0.879526946992229	0.754732394368443	0.760429666020853	0.631894957235532	0.682076521463259	0.792164243015798	0.76813403228382	0.89843634549491	0.79613519637719	0.85336159651967	0.65450240429553	0.57541178787925	0.738169468893561	1	0.666064245760639	0.762939158739378	0.641730240828714	0.739416734424427	0.621502246788489	0.588364279302414	0.671913040419336	0.687627768262062	0.82885302527036	0.657076742592637	0.775837663183564	0.842381020720508	0.899529463019463	0.764556637581974	0.393671548636591	0.50829019789469	0.675342890765366	0.133272484043894	0.536126473383966	0.856568541175672	0.650847669289853	0.462984444625135	0.434922753753179	0.13657528727124	0.0374748193511084	0.197489680314389	0.254754906895722	0.745495462141069	0.207077349592431	0.296940768126913	0.789375410138676	0.452994251899807	0.81631744458309	0.634305513746205	0.632712635395374	0.747989047337383	0.750992274917199	0.711513246613371	-0.295377311725213	0.688684929050647	0.77923728133776	0.611022230663297	0.517199695062445	-0.105016100209272	0.629715674564791	0.0943707380803161	0.621627371112624	0.12691476449864	-0.366992739606281	0.581477370794668	0.685757033628164	0.0142558388339027	-0.0588047765757383	-0.114000342945327	0.354429474021958	0.670487268338001	-0.36790153714698
CD28	0.751430204231965	0.867955756770403	0.871586439531751	0.693937660868761	-0.0134519927953181	0.857593186393597	0.839851003267459	0.877511223087758	0.80489550585656	0.85960556292963	0.864944935092799	0.213444633291772	0.708379256887763	0.732637506834217	0.666064245760639	1	0.594040663373632	0.100227140725919	0.922507280501698	0.844348523104338	0.627779974818333	0.723368126558904	0.805832741817782	0.844513482543284	0.681622822885651	0.78297212847747	0.76547939770743	0.616759688307933	0.772856462985036	0.519309960341216	0.17323500085892	0.881588936344435	0.438196805057965	-0.133024057144053	0.823358085941166	0.687811638340998	0.31114644042548	0.746019266631979	0.321406112622693	0.0982721972541652	0.441428548516072	0.259391050318745	0.852450166269154	0.270019982016781	-0.0701900541552804	0.812652309242481	0.665414423289013	0.778255354196201	0.614815208315809	0.858495155382159	0.435065760585677	0.876010376714669	0.694393544845555	-0.200891777610354	0.874122968140837	0.922415462835	0.684335007558851	0.598945489403042	-0.0902778411983433	0.867642414989124	0.268863213977911	0.666331764103138	0.186185276905067	-0.295040891971227	0.778721407904211	0.899489045186901	-0.0153296613460145	0.000959454887342817	-0.00930673025354626	0.440573740602097	0.682613019745791	-0.283975805665575
CCR5	0.877106007026312	0.728762843220383	0.747586826860255	0.899213650040704	0.501700440396754	0.741529011505974	0.659001441556787	0.753137034692052	0.858825732856862	0.742233575342975	0.81849960826447	0.814363210918878	0.777389516493912	0.845086502102497	0.762939158739378	0.594040663373632	1	0.588218085530587	0.593943180283207	0.618422497527466	0.655541075889247	0.498084104729681	0.533780454319613	0.754657592550307	0.564376176870434	0.747768524194905	0.720357789241442	0.801950125876288	0.695493194803579	0.141271016942628	0.528108949534921	0.535945324925642	0.425240499870471	0.451754191269364	0.812057706160712	0.540219184490461	0.390007734022332	0.241567002186299	0.160666499486519	-0.166324927798929	0.273151442835203	0.164405439964927	0.440944038671137	0.158549290807601	0.210368552964136	0.620754583910474	0.204167456243733	0.644186387197058	0.765751672040028	0.506988648127345	0.528680611439558	0.566418230710465	0.898380830379357	-0.344122910148717	0.417685423307043	0.672673940495385	0.305195892437537	0.43400677520741	-0.135368429793223	0.493377171871166	0.145127928630132	0.440437095903942	-0.000847135926433941	-0.40791925664082	0.618173715573211	0.495048845090381	-0.0508994227652145	-0.139404638707823	-0.219734170705027	0.146223803866003	0.582872667531508	-0.420559106347781
KLRC1	0.429443325524772	0.344652588429795	0.193801477242813	0.472454818748054	0.943072885578969	0.124491559696423	0.200537481795661	0.219597421823909	0.469579996447623	0.276545748057537	0.356110409300486	0.784692470369973	0.240712403970687	0.38896467949107	0.641730240828714	0.100227140725919	0.588218085530587	1	0.159810399962672	0.0137027238003216	0.403335721371121	0.341369051309227	0.0420109018607999	0.290881994161218	0.223809810053614	0.202118137124714	0.326630651723442	0.708601389384713	0.421883967150952	0.0282683367607003	0.578749358171702	0.2185492280254	0.125577540889657	0.896096237112374	0.392047443137994	0.253194216889494	0.393693469869873	-0.151416269644665	0.0141800879272519	-0.0136115489364053	0.0533917330724125	0.208693132229739	0.090993909314395	0.141668598397976	0.651873602023148	0.171382002884912	0.0545308344591854	0.415195471051692	0.553922676870973	-0.0511661300236309	0.574171574849901	0.177348541921971	0.425626277952609	-0.183202305874448	0.114108730467729	0.15834731180567	0.142189405403617	0.168252411037836	0.116913281269518	0.0823391896675863	0.0472492275985454	0.26611906576085	0.0562011428523111	-0.176202370740036	0.0698602408263515	0.0450728061941715	0.0516427419104295	-0.0191781447309438	-0.0675822207829367	0.0690676119005926	0.363446537095035	-0.215852606669153
ICOS	0.752806396210778	0.93720255576635	0.903500586432679	0.672448192804851	0.064700713386418	0.872680998155845	0.885759193766635	0.902072370600147	0.839578187064808	0.867373486267389	0.871417552307984	0.227027066122691	0.686281255012541	0.75624890702992	0.739416734424427	0.922507280501698	0.593943180283207	0.159810399962672	1	0.849190675379843	0.578930028299718	0.68033921928642	0.812022529302386	0.889265126947709	0.667650821421352	0.807369814297721	0.810145002539128	0.684645090557508	0.765507598698881	0.540113061045414	0.183858339511349	0.926276560878773	0.284124480818843	-0.0844418146314572	0.87455544913752	0.653445853703879	0.31094460358178	0.729306089941049	0.219770133275586	0.101435568814926	0.317019885256445	0.21433873325068	0.915147208682792	0.179173830577439	-0.0641938534193376	0.876419954943477	0.66261965905715	0.810722664559114	0.612826447088449	0.878015050866527	0.500174921789301	0.927466033630494	0.695072134613018	-0.216530556551971	0.916887505311352	0.900550335798215	0.694168052626266	0.566316535077206	-0.183419886537669	0.843606542903902	0.162153190122873	0.64778981266516	0.13811559090967	-0.332497840070483	0.722983022301074	0.904290725128864	-0.0506104571713053	-0.0263046752608688	-0.0365992694891441	0.391362390601764	0.681861795196784	-0.30201312339332
CD27	0.839139779373569	0.814505317000373	0.946178949312107	0.81733062904456	-0.0806228762129862	0.952168847349872	0.941417294071455	0.951706591769176	0.839431472155263	0.938484789037418	0.867058900243022	0.320060302459058	0.815517128659567	0.726367760470385	0.621502246788489	0.844348523104338	0.618422497527466	0.0137027238003216	0.849190675379843	1	0.511726411622357	0.476714350140376	0.876462087759099	0.923174863071228	0.626023490060863	0.90623782863199	0.752152248867999	0.470281090544413	0.643799222025652	0.335510643072929	0.124663025289822	0.750179366581172	0.415319808269611	-0.119294312755516	0.871965890723107	0.570118664026297	0.0995780063186994	0.641672480529385	0.137621352678408	-0.0795748506294774	0.22498447235344	0.0192090134906239	0.840981633030065	0.0676402161475214	-0.301408283457061	0.849683141849962	0.506771270076728	0.704613353447927	0.609463499736745	0.927655232590572	0.244233417173506	0.81888884856288	0.774616606088764	-0.317683980580204	0.750202883405929	0.911764368383197	0.398623770154357	0.46965680269034	-0.317778497584861	0.751265776900485	0.0439288813353457	0.55407180827036	-0.000647892856144872	-0.423212789809576	0.849201109232037	0.850067916196598	-0.15944025231087	-0.170824090182931	-0.238410837364553	0.280719321000186	0.499108507737212	-0.397349058933262
ITGB1	0.714205154452266	0.660158070451053	0.599239136518702	0.704635709896834	0.318563807804696	0.581761992031875	0.590347417792163	0.641470878007609	0.704490723075138	0.651622553519571	0.749925302201328	0.48039294895489	0.584391851196132	0.628890971903567	0.588364279302414	0.627779974818333	0.655541075889247	0.403335721371121	0.578930028299718	0.511726411622357	1	0.829387596577018	0.518122456053076	0.643727267096973	0.778168669736669	0.54086825879773	0.681075750795854	0.596780070054736	0.813777810101913	0.601402297640175	0.658909200619289	0.544615419431103	0.720351943840738	0.259853950295074	0.638380500187449	0.801810746809642	0.651795118140633	0.59741288791381	0.680211208498854	0.389274744539413	0.654628295864886	0.70711976857179	0.47632743165872	0.624310816456335	0.359843276351236	0.640428122166121	0.647192412238937	0.809587318673819	0.605828978229412	0.555352774505573	0.622439610890604	0.54790055850274	0.73373266141403	0.0194081841882035	0.569539977800012	0.651643465239811	0.62469340971583	0.730746750795791	0.308334013088876	0.70692698937044	0.587722291987764	0.730062008614664	0.557392774218542	-0.0156129247027613	0.674330272045007	0.612440476148473	0.346271870855027	0.305861257541973	0.422978141570647	0.644986191806382	0.814575429236395	-0.0375773553924951
CD47	0.61952661089234	0.744515639582709	0.569551328279764	0.553328368763264	0.300201783279672	0.513026550808245	0.63717974477802	0.629936846968145	0.686361060117377	0.654759277238786	0.730089166903917	0.308908936519615	0.415725441176628	0.566898251722429	0.671913040419336	0.723368126558904	0.498084104729681	0.341369051309227	0.68033921928642	0.476714350140376	0.829387596577018	1	0.555799297584928	0.65404223266325	0.732583940322683	0.485821647589922	0.687181719142572	0.62431488995975	0.804384712789564	0.660291413986102	0.468053111639065	0.629330011094621	0.482222568024693	0.201624936157517	0.639719009618798	0.858714607149138	0.635120154448936	0.691813470445948	0.638648011597533	0.351796163620116	0.593287474482075	0.665835526858433	0.644249956922509	0.557953149826862	0.355333219077597	0.680558004008549	0.792244678092615	0.822560519253596	0.504213998603763	0.62974431300405	0.670637182030192	0.672176901444967	0.56608845270264	0.182673381909065	0.736524613719051	0.716469581826828	0.782480926216765	0.774997506852079	0.384934742278568	0.832316432680408	0.533282937592864	0.847030599041052	0.65721658166277	0.109653388057596	0.662044968259481	0.752334263614865	0.44011129313315	0.408407512610602	0.47308294761329	0.706440237958908	0.890505807856075	0.107944184508976
CD226	0.721849761808145	0.865024859587244	0.914612760864225	0.707744497740385	0.0228427693890713	0.894613469351447	0.874575972273969	0.869707017693212	0.817933747935088	0.872504415671683	0.864185372438889	0.294062695548727	0.761043718040033	0.750812668314962	0.687627768262062	0.805832741817782	0.533780454319613	0.0420109018607999	0.812022529302386	0.876462087759099	0.518122456053076	0.555799297584928	1	0.895219376101733	0.771795008896826	0.92213432691084	0.84355601030206	0.57107486424841	0.762167924691308	0.542669721370532	0.215256477553764	0.754124681168744	0.217616180181616	-0.0984198252341603	0.842246545326801	0.665129286987607	0.367569332237112	0.737080487804137	0.28732466183147	0.0447176651397617	0.348880184235151	0.200275901960013	0.851128758489674	0.259865040179305	-0.118395990644973	0.862456225486905	0.542369091051553	0.775135763944642	0.501086813258921	0.908910531484216	0.465855421321131	0.887882235806341	0.671124096879944	-0.249576340011269	0.794277481612104	0.848843835892471	0.618393652766778	0.603652561036054	-0.161339513127996	0.791762234066925	0.209935997839706	0.604522587660659	0.167657968086936	-0.336641368455208	0.826619049455599	0.884344240969564	-0.0217539687101269	-0.0336208511551826	-0.0364032024888258	0.44591864601399	0.618354610572363	-0.316872715105778
ADGRE5	0.91656986678633	0.94598551760947	0.966055258792042	0.891635076858084	0.238761381135193	0.939356434273805	0.971342027748848	0.976097407175718	0.96575094121995	0.982748687678614	0.958868884403905	0.529909742343257	0.819632160722952	0.85320165513971	0.82885302527036	0.844513482543284	0.754657592550307	0.290881994161218	0.889265126947709	0.923174863071228	0.643727267096973	0.65404223266325	0.895219376101733	1	0.738691472144289	0.930981204659211	0.887872479360697	0.705230911420114	0.799722007782787	0.425455074893431	0.323714911819864	0.789482973193509	0.354906579397148	0.145725321069806	0.979653277247266	0.708422571023606	0.348484110239043	0.632922451828218	0.219316793251933	-0.0414783898053545	0.291029544969272	0.178130541805153	0.870095037411014	0.175802925130303	-0.0538780421301305	0.919180902287449	0.53642359027026	0.852834717356073	0.700760685371878	0.917073967926755	0.506627215252395	0.896070127060621	0.847113596107455	-0.316167844886514	0.819188236515628	0.930849901965028	0.54497727841326	0.583862100598122	-0.210740137410371	0.804976368507928	0.136319048359409	0.684608538419004	0.106851514296772	-0.421315097042795	0.87144970116409	0.884177370386933	-0.0707101575493905	-0.0962590653553026	-0.1491618281578	0.346279498962024	0.682128564501354	-0.402945039847931
ITGB2	0.640991401779474	0.771599848513433	0.715137005910469	0.655636565934791	0.205007504670542	0.687567871572455	0.709595562185668	0.693117959985678	0.751398886480784	0.726256795403694	0.827967790077978	0.33470128222277	0.597013785872356	0.634694315608584	0.657076742592637	0.681622822885651	0.564376176870434	0.223809810053614	0.667650821421352	0.626023490060863	0.778168669736669	0.732583940322683	0.771795008896826	0.738691472144289	1	0.717768967382145	0.782070744526456	0.604900359474735	0.895277622126759	0.589014484275873	0.442253498231892	0.615719410717115	0.454114699352624	0.102104969595062	0.694558103835847	0.866568493768373	0.771456209449534	0.836902294886143	0.728990713152664	0.274012392834394	0.769131335467398	0.536547081124842	0.659322787058549	0.740354612511089	0.162831306661158	0.772591310293795	0.588686523892173	0.873833943250485	0.435488639442992	0.727781120136344	0.597795758398803	0.692299020195089	0.669927690138314	-0.126527317877474	0.684710337715961	0.727855622435583	0.771951192793516	0.81579072338807	0.240051782979243	0.829104104514137	0.698855869439491	0.766122393781134	0.49524457046347	-0.179737788158774	0.732915543804251	0.793892977533058	0.235890758390721	0.267820038288742	0.375268623705876	0.721251032130371	0.826922315522002	-0.168106043623455
CD6	0.855363246509338	0.875125109017907	0.963172093654597	0.848452707750182	0.156994357335071	0.954505156829947	0.888054456367737	0.924823382956075	0.907504261908786	0.91037170333536	0.921127402120172	0.506635989983666	0.869042558660698	0.854975984178279	0.775837663183564	0.78297212847747	0.747768524194905	0.202118137124714	0.807369814297721	0.90623782863199	0.54086825879773	0.485821647589922	0.92213432691084	0.930981204659211	0.717768967382145	1	0.884717335770655	0.675046217295892	0.747522211504578	0.394958287022908	0.33115046084444	0.728695281658075	0.275308007532313	0.0796831018789571	0.909788063206179	0.61582694065131	0.309125943073913	0.567590188852781	0.170942172349017	-0.0717347696390015	0.259325077435812	0.111111912233325	0.779573222205956	0.14138710175858	-0.105227021640205	0.857319242787278	0.405353143701895	0.749527190932781	0.628005482466814	0.850661667211791	0.477951363948001	0.829696471721753	0.837234903237284	-0.352448823239689	0.703748682973341	0.868269254981528	0.494733602989174	0.547155456392459	-0.266447156223662	0.712117612694182	0.0952428695422206	0.541756468703287	0.0187191550138591	-0.442066810083622	0.802040458781298	0.801149284316291	-0.0957741637202621	-0.146252270290599	-0.22067791420461	0.315829961920386	0.591520700802898	-0.431044826998275
SIGIRR	0.805226310912357	0.916841627623696	0.870880366716475	0.774996405896103	0.321343680738953	0.828746676672507	0.834482852385322	0.850315196135174	0.906852681650911	0.849487080734271	0.914408800964078	0.504795719660819	0.730482160666364	0.837472458087117	0.842381020720508	0.76547939770743	0.720357789241442	0.326630651723442	0.810145002539128	0.752152248867999	0.681075750795854	0.687181719142572	0.84355601030206	0.887872479360697	0.782070744526456	0.884717335770655	1	0.765595353481692	0.838071677565089	0.574653042653818	0.446799939886524	0.710470448966694	0.240773202666006	0.193605414119128	0.87733620260905	0.740204786425625	0.544384325498653	0.631202717202117	0.330920548710222	0.157563430137629	0.383361587577793	0.343565898989712	0.781530596750173	0.304636275692789	0.0850098055661087	0.883132253758223	0.529709288801449	0.840359007378873	0.570818159317855	0.803451688578603	0.693227404134708	0.832159798362132	0.776585679941701	-0.250970653583346	0.744311140650643	0.848506585873069	0.709875029535433	0.659705819318873	-0.117580446304513	0.761093673395106	0.260381924180524	0.667079720468623	0.208810463663809	-0.350379031311474	0.750613708671059	0.804939289189267	0.0595170641142005	-0.0153284008366228	0.00620759685649612	0.46996179594123	0.737105926692761	-0.335229432162057
ITGAL	0.696357555385206	0.827918894153708	0.688327280646492	0.676897228895629	0.650945904216543	0.622496984716203	0.615810029154764	0.661916035334518	0.818771845196309	0.653059931948023	0.782564343843808	0.663912565580876	0.596326015714608	0.780218052272838	0.899529463019463	0.616759688307933	0.801950125876288	0.708601389384713	0.684645090557508	0.470281090544413	0.596780070054736	0.62431488995975	0.57107486424841	0.705230911420114	0.604900359474735	0.675046217295892	0.765595353481692	1	0.802862960371883	0.392623763502382	0.510662116856228	0.717788947514838	0.13834721643757	0.504567335809712	0.778953675081508	0.561215813039117	0.55590572932968	0.338595657157952	0.174490922457098	0.075449894332473	0.269210173734723	0.323460014806099	0.567114422644336	0.268123011269433	0.487222442018948	0.628596179434929	0.375006619637902	0.752415555031408	0.724543788645506	0.463995512129391	0.776909929974825	0.716730606740341	0.706455744875324	-0.243373321514531	0.589068024568585	0.626709426300661	0.604142196287698	0.48468468420328	-0.0303588351540482	0.552710506586088	0.181083093666677	0.504641739492664	0.132053249000192	-0.308252819408567	0.472571543541049	0.560306197512209	0.032569478523966	-0.0241264420667557	-0.0489800933482827	0.310635859560971	0.681899700007547	-0.313813477050566
TNFRSF1B	0.74322673495658	0.867922245136412	0.791463000100199	0.736390871054834	0.350330184893884	0.744807720451813	0.737076165991629	0.777355447100122	0.852748372388931	0.78791439701752	0.90009802070961	0.490415128414707	0.714143879299515	0.794075414782742	0.764556637581974	0.772856462985036	0.695493194803579	0.421883967150952	0.765507598698881	0.643799222025652	0.813777810101913	0.804384712789564	0.762167924691308	0.799722007782787	0.895277622126759	0.747522211504578	0.838071677565089	0.802862960371883	1	0.581224377050488	0.448852693661859	0.767698653908705	0.469900575134592	0.233997627605701	0.794314223892774	0.811942788088395	0.743580125526113	0.722988145246016	0.59688221499848	0.223263984463681	0.682327665483241	0.506205152520722	0.671963742646295	0.622361031198056	0.306278754476594	0.771402150909383	0.588741890490785	0.923518529368174	0.674675660406686	0.704743537558251	0.663568577670216	0.790764004601538	0.778073267588241	-0.157169686377312	0.744565776860662	0.762049652742357	0.768745073892591	0.741825523368491	0.158325888989229	0.819150992629952	0.587593032790096	0.716746321143171	0.402634689924617	-0.236089859952586	0.755932353733692	0.781913376149054	0.16006839679047	0.165750780289445	0.249002469430074	0.609926737545053	0.860056406025837	-0.230616822223513
CD46	0.313886028583842	0.542377795550379	0.429954549765905	0.224137068961209	0.0252317257696482	0.399387453511184	0.40200123077214	0.396435868689894	0.392453452943659	0.376775735890338	0.469033294058434	-0.0355740804419292	0.284790399374746	0.371758069123327	0.393671548636591	0.519309960341216	0.141271016942628	0.0282683367607003	0.540113061045414	0.335510643072929	0.601402297640175	0.660291413986102	0.542669721370532	0.425455074893431	0.589014484275873	0.394958287022908	0.574653042653818	0.392623763502382	0.581224377050488	1	0.393568038291345	0.525287145632417	0.17094995180063	-0.150890613283048	0.401079865856569	0.556705142439525	0.536674109511669	0.640792927816835	0.489935013563822	0.700635693566661	0.400650026611686	0.77226324105501	0.527347680609558	0.500491560605196	0.346376515375058	0.562088550226991	0.722608366752064	0.584703566820096	0.203423176570538	0.497171154025869	0.700936904182956	0.570056975272613	0.27901706603663	0.273633081852729	0.591256504408623	0.483851269200944	0.791517433176996	0.584769121063031	0.27862984926952	0.580769610495736	0.372950914827781	0.575751460821047	0.58310285699916	0.253213978938722	0.402799365056535	0.55801457721784	0.417460669099602	0.296449139891923	0.545238959238929	0.734710439844511	0.605788958250667	0.245392316080686
