""	SDC1	PARD3	EGFR	F2R	SDC4	TFRC	TNFRSF1A	PVR	CANX	ERBB2	THY1	CXADR	LRP6	ITGB8	PLXNB1	CD9	CD99L2	NOTCH1	KCND2	APLP2	CD47	PLXNB2	SMAP1	PTPRA	NRCAM	TNFRSF12A	KCNJ10	GRIN2B	TNFRSF11B	ADCYAP1R1	AR	TSPAN12	CHRM3	INSR	CNR1	ITGB1	ITGA3	NOTCH2	ADORA1	TNFRSF10B	EDNRB	HMMR	RIPK1	ACKR3	NOTCH3	IGF1R	SMAD3	TSPAN5	PILRB	CADM1	LRP5	VLDLR	PTPRS	LRP4	CD81	LPP	TSPAN17	MCAM	SLC16A1	PTPRZ1	RXRA	LRP1	LINGO1	TNFRSF19	TRAF2	GPR37L1	SDC3	MCFD2	ADGRE5	RACK1	SIRPA	ITGAV	SORT1	S1PR2	LRP8	ASGR1	ABCA1	CD44	NCL	ERAP1	CD63	C1QBP	TSPAN14	SORL1	CD74
SDC1	1	0.63126772599409	0.56977096339381	0.726095189133004	0.671264854305569	0.53635919957936	0.589753160887912	0.704269903033031	0.60030830622952	0.467876467361368	0.403163420526061	0.700503515923419	0.492043941400842	0.444583579727484	0.445460277669675	0.718944938077741	0.587792505721191	0.529556001323648	0.258477410242114	0.743936940923307	0.736856544703981	0.714492386876557	0.711151527943116	0.612195993129024	0.581592423445901	0.732532051644462	0.386535403456603	0.202884320914445	0.614355279250279	0.270221244226968	0.378771299912126	0.417690182456229	0.4061084961015	0.694567819724165	0.405754726693841	0.766402717361795	0.520567386211543	0.515935292729837	0.353782019092824	0.792989569580161	0.254507390597449	0.451681492022285	0.592101863628514	0.644874245055048	0.466944649463517	0.473340973033564	0.379969527900438	0.638037041219986	0.589933997011812	0.398927444636722	0.587070138502021	0.402848474653033	0.611662601373272	0.462440117283732	0.642836192671915	0.577571951645758	0.628449423033441	0.497509212128801	0.657456043485326	0.45373433885597	0.667058367637119	0.633980530746387	0.458969166439631	0.423089542458365	0.654035637149174	0.489471970109748	0.434744687682876	0.690962500293846	0.673080114596366	0.824369846315993	0.362732560524183	0.417086450163566	0.580936666044889	0.486907078912151	0.590012895713085	0.638623419577791	0.384460104284815	0.310150446735422	0.718843177219644	0.441288742043236	0.792904080629301	0.796456743653316	0.620928405492592	0.336384259242354	-0.00603536835452308
PARD3	0.63126772599409	1	0.906466905030841	0.751672916993363	0.487549359575871	0.650198739868815	0.586116790674291	0.678775645303654	0.700150890224372	0.509562864522284	0.508853842027624	0.69947901674343	0.784336827704358	0.699947361376248	0.590609328365263	0.82156850902367	0.598798286988492	0.846577565444555	0.576234938055113	0.685683483188627	0.820559895766658	0.550106100886055	0.859373612717117	0.810567230138138	0.597747981389242	0.646518733397708	0.626149319085726	0.594993370585654	0.718160030922538	0.270547211010139	0.393647067286749	0.801428405574324	0.593456967108586	0.701132039318263	0.47822167716393	0.634990199431869	0.368277286830582	0.745892044241664	0.405139554551548	0.65919925300824	0.480813532832497	0.754497442060433	0.758385398533719	0.79848930154811	0.631797039699361	0.726788809975581	0.393297899326532	0.805518454603086	0.846553891701845	0.453044208636132	0.846356727357685	0.391773531203052	0.858294911066822	0.754878455275574	0.642973325932484	0.641057322148967	0.69395535838331	0.709543735625213	0.887456439207976	0.745673610315563	0.807571289472525	0.746145561318402	0.647972517655796	0.73908577222355	0.827129557769034	0.563275907947528	0.591776189753727	0.707602216016411	0.549482654148526	0.75655088915251	0.339239823312679	0.544488593124686	0.757082056055621	0.75165025937733	0.831946638104645	0.682711366343319	0.368542750600228	0.193608019061387	0.91476913754361	0.5044498605999	0.623919011894185	0.795105653571189	0.788881513300849	0.279734184394499	-0.0143657965211021
EGFR	0.56977096339381	0.906466905030841	1	0.745045971612026	0.481361518592563	0.673475820639713	0.58227073866426	0.701967309561103	0.722682875066365	0.550111648969037	0.547199506766655	0.708805278386857	0.867219697809809	0.797642937773477	0.650329650556225	0.811201810659929	0.635781234429714	0.915100801248967	0.680374694821695	0.663227713389233	0.797077047672135	0.529649440796022	0.877684900838588	0.845568832853376	0.624094189717494	0.64587715905091	0.71041699340332	0.729968103229169	0.71144797092077	0.287214561995138	0.413240657615356	0.886574286002441	0.688742699615652	0.75248758343221	0.497509422368628	0.612241505218023	0.375817191398456	0.778999240051623	0.441967642034091	0.707382396622483	0.559001631618825	0.657591479508179	0.775053449955637	0.810497100677957	0.685725884987012	0.803659365198544	0.422160719926071	0.820782108695416	0.833272420444779	0.481051258230847	0.880683136621297	0.438433216446371	0.909501629132514	0.815206707128976	0.659948590097156	0.664936069276993	0.699307977464792	0.721718444931533	0.922732064815292	0.814166171281882	0.824279776371613	0.774536178468081	0.718695145835033	0.804885991976892	0.809159407811655	0.619041952278871	0.640974672332574	0.702429399118243	0.556776376142672	0.716359296709343	0.350581376288477	0.600299099304284	0.778172235730303	0.816771256765883	0.850107245916552	0.708066954030067	0.398868359580787	0.197826328394369	0.923387517496387	0.521971029749749	0.570838252440152	0.771757085600846	0.782949596988079	0.282866164294908	-0.0225857756042564
F2R	0.726095189133004	0.751672916993363	0.745045971612026	1	0.818402369190807	0.875087058943612	0.892202060124542	0.900712583245489	0.944463989642546	0.834421040987853	0.332394049469619	0.644148940864925	0.639288753066966	0.80036019752108	0.769791617668432	0.790941564980933	0.891872798328125	0.662738102975232	0.299597835124046	0.948625249905587	0.90456098092365	0.889652497878674	0.878368525745964	0.914433538516095	0.882557619620089	0.86736029743203	0.756582272036549	0.318467378153614	0.626226930872385	0.649132538248107	0.772743343522777	0.635712601040844	0.411849751382213	0.765495224789907	0.755339753863351	0.906075567787336	0.763963338514064	0.897632995060034	0.784374770819124	0.832718427615222	0.741898415398137	0.43398528473169	0.916192923672736	0.697933273882783	0.834933868040452	0.786014625944337	0.766091288519479	0.845830515904224	0.844621226703098	0.807911304928034	0.842423263761693	0.770970142902796	0.800919116108526	0.738707934011048	0.876885481202608	0.917828016686847	0.882438211602674	0.795393718286393	0.832746147815724	0.822227462069251	0.873207466880555	0.933137120342089	0.43787064063247	0.781390131503384	0.602418887926972	0.8548547133531	0.850285833138153	0.964565523628005	0.8784348897352	0.794499269658991	0.734005914647486	0.83991845414194	0.893170727546348	0.542186458895262	0.650229031413559	0.747804904558671	0.787709092767484	0.669600974561991	0.830315642769374	0.79209098820848	0.863126212166448	0.788948576796693	0.78634114674477	0.677206131430194	0.025102071470529
SDC4	0.671264854305569	0.487549359575871	0.481361518592563	0.818402369190807	1	0.66101690116858	0.82858724427858	0.78900929499257	0.838210034831563	0.842528035235357	0.227721728606623	0.389730255390239	0.428565103873891	0.653819185549387	0.688167846849948	0.542994562994391	0.85867757437011	0.425890012994933	0.0948850589799184	0.854637164214034	0.775121392771798	0.913828312480308	0.675364504877913	0.733574781561075	0.840905297348981	0.831094957907298	0.671960382281645	0.062627094705037	0.342993699479878	0.616413669634494	0.794088792714323	0.378154733614226	0.148460734971419	0.677284234470241	0.665298948657496	0.862014557375389	0.924482176228373	0.76221002073103	0.746817667282385	0.793476048603494	0.672448725025426	0.278155640183227	0.776674021218748	0.395002107732402	0.737253681273821	0.63839030692523	0.774479466407452	0.720445488980112	0.668450591623327	0.80651941239121	0.627023559901959	0.790631525772125	0.567658381880684	0.541996364365876	0.775568468374427	0.845951663550192	0.727066174004766	0.664104902600833	0.598668997633655	0.612580431835907	0.702277666710997	0.760868693493013	0.18639040759478	0.603450038032303	0.427535949764937	0.829749661627098	0.732975572063159	0.8374605635924	0.836412445810787	0.597955583379612	0.739637038577281	0.785037046252795	0.786826621147625	0.307008383886005	0.405986660174229	0.663173372934669	0.791312557794747	0.77749571774232	0.591174729043384	0.764871089991629	0.726027977372838	0.577124925516117	0.55813319747025	0.726369123070132	0.0545491387140373
TFRC	0.53635919957936	0.650198739868815	0.673475820639713	0.875087058943612	0.66101690116858	1	0.861938859141342	0.820137289566329	0.899858055733207	0.79886663649845	0.147508466768522	0.507113876479902	0.53784418502039	0.84502583628569	0.698044648649208	0.698923002166394	0.795107754321944	0.55076756664921	0.215109159115991	0.872700359600773	0.805928763306875	0.775415432047705	0.797242401248458	0.903191204723993	0.816245485629004	0.751303181103942	0.692561561975471	0.393846929184335	0.614227730874225	0.672090918175051	0.748475175602713	0.602969794394065	0.391178393860676	0.675035394223989	0.891170012148907	0.813807696987509	0.657498117826636	0.858284227192531	0.817702943082998	0.651371759496461	0.780659044137861	0.239800669400136	0.872643377940661	0.65961890211808	0.811183660359082	0.743708431892503	0.69396354919548	0.748886035062257	0.754175131990808	0.77682765346205	0.762285577685388	0.759170394071996	0.724966537985964	0.714701711086854	0.832523337755072	0.875835772308766	0.79238063092196	0.685079885750392	0.777741786733771	0.863168650785772	0.821919567854332	0.922253864454345	0.319892130889109	0.790925070845179	0.414007590101609	0.833267666892548	0.890889751233918	0.898972510128944	0.816295481448997	0.666370829439571	0.734498004402317	0.812278389591085	0.847386996931971	0.40219904146635	0.572372115050532	0.701129585072529	0.751541412517976	0.608503144548011	0.727230529082701	0.76895585504032	0.799750168525774	0.660693390165147	0.737920936250982	0.665207508341973	0.0678407225601575
TNFRSF1A	0.589753160887912	0.586116790674291	0.58227073866426	0.892202060124542	0.82858724427858	0.861938859141342	1	0.895927096406174	0.933401066152146	0.932011184230919	0.151858071376983	0.40027409995452	0.42735376888242	0.716208153108402	0.810685036470703	0.705219181128132	0.924628439916671	0.486308585301096	0.0868049058936993	0.896588955618811	0.87398943017521	0.904482167229231	0.811601472129652	0.879890916468405	0.81759043449549	0.854709529129777	0.746517153761382	0.199712969657225	0.50323143929102	0.803791886567239	0.879672253505335	0.562473674630163	0.165091835969693	0.636789168539793	0.829705037484381	0.849752177608294	0.812802589739951	0.875667549121145	0.906299695520094	0.718652821728381	0.842815097729901	0.291912137493867	0.859142181674277	0.559998168643824	0.893854237439455	0.704773320643166	0.864287694333488	0.82745677277509	0.763746835362526	0.917800853036391	0.757254105402267	0.859224917044697	0.641689116847663	0.677701090123883	0.93906602107775	0.878075647367498	0.859106814674875	0.766198346077904	0.712817510638857	0.740150126525085	0.813609888030345	0.904725897006598	0.21282040969802	0.783009403789395	0.448654037073799	0.93288309120823	0.922192490341551	0.933879007603878	0.858282414375275	0.701948337968984	0.869183252039737	0.882699686776256	0.882996850634273	0.312434860625939	0.483400678993459	0.723148065964871	0.879840749473124	0.81417936058413	0.660675057387723	0.808608110216192	0.844199106615782	0.687072077678321	0.699080487022992	0.817186807570266	0.0998066888650988
PVR	0.704269903033031	0.678775645303654	0.701967309561103	0.900712583245489	0.78900929499257	0.820137289566329	0.895927096406174	1	0.901628086760175	0.832902788177468	0.374720371403279	0.606396055907047	0.598397487908863	0.736241020878879	0.814834783357225	0.772301567370308	0.879330910827897	0.638724617810468	0.306961873628594	0.880576582970303	0.883781438454315	0.852118394602367	0.877465638352833	0.880835432282029	0.821933444855896	0.836666172301051	0.75602797384491	0.327078947654986	0.586876183275661	0.675248136603119	0.753447305976667	0.672830673040975	0.364990747457597	0.765970450338919	0.729835584778448	0.849314961305554	0.741322105830277	0.848406923479361	0.778509530826364	0.812398681011764	0.75208265331521	0.348444907420081	0.849819498057742	0.653942695554478	0.845800953767907	0.760324549661095	0.763133502087624	0.847704344894082	0.78241999103062	0.808011319863459	0.797162363949983	0.758044531638374	0.741899519477646	0.719896207262233	0.895402651756524	0.8575069986801	0.844921179322985	0.760813492354655	0.802386227313385	0.767477783205269	0.867545935460901	0.89648501133266	0.419895204524572	0.752409266479134	0.591707737551965	0.867772345588207	0.83231621261325	0.911989991339609	0.83620080940997	0.778729317644164	0.753726083074073	0.825240936008974	0.868076290748184	0.502328150630256	0.628765598425226	0.772047334084971	0.774406256073416	0.678586311720219	0.782155772351096	0.748041818476394	0.813133274480195	0.784412805050507	0.751988340591671	0.692953933156482	0.0532845025659584
CANX	0.60030830622952	0.700150890224372	0.722682875066365	0.944463989642546	0.838210034831563	0.899858055733207	0.933401066152146	0.901628086760175	1	0.922284559099078	0.273086845821306	0.509158077234869	0.635176385701394	0.869412696998223	0.848767375785283	0.699485136908492	0.94388177985308	0.645036277581087	0.297872099997031	0.936075963919016	0.896561138874954	0.900118918491412	0.862820169701203	0.95568884394276	0.920302184919617	0.826215555519753	0.845265339808767	0.339646437367569	0.509854676987097	0.758842701568283	0.849035080439982	0.65862052611624	0.340934089203819	0.767393765081259	0.841536786764584	0.883857047336107	0.809719284047594	0.962576263953587	0.884195577887848	0.786631331134392	0.877207184418451	0.377203225413974	0.953761415645612	0.608032058234043	0.91702794207473	0.841990778518818	0.86182007605083	0.863245397482822	0.864460306770771	0.910849884258041	0.846338422707509	0.872298704087211	0.77505325894085	0.793419907669693	0.896369272966766	0.96967464187758	0.859787138055798	0.814367109147705	0.827002485455801	0.884110778134901	0.884626056511671	0.964007901042057	0.344517735790439	0.843070726239793	0.536985511506027	0.945256951033205	0.94637057068815	0.958053632944699	0.861202332492392	0.675916083602959	0.848583264287189	0.940507862889698	0.954506314829592	0.472545199269178	0.63411428203831	0.740581052743193	0.882785939193422	0.766579234134635	0.78333572872759	0.868663625078657	0.780156797378873	0.683538024038137	0.771696838599974	0.790999962328138	0.10160028968568
ERBB2	0.467876467361368	0.509562864522284	0.550111648969037	0.834421040987853	0.842528035235357	0.79886663649845	0.932011184230919	0.832902788177468	0.922284559099078	1	0.170684403991944	0.301736202866767	0.439019021661224	0.747286220015367	0.840934504861396	0.565787342275854	0.929530681536116	0.473306434417108	0.133204014268819	0.82184092062693	0.795314374337174	0.85781234174067	0.74775505913697	0.843292725594695	0.843623845124782	0.787964984382952	0.813273735689763	0.190800997322425	0.332019855086607	0.835253816523427	0.908793039705239	0.556265604308556	0.130105721453684	0.634031859591815	0.794813046750096	0.770029214327995	0.860902734403113	0.88285636226178	0.919432302645715	0.689452949376134	0.908116357411339	0.213905977830353	0.840937816745462	0.420936868157872	0.904157541810231	0.743169687116512	0.916482470641037	0.793202738657012	0.733031681895342	0.960790814822195	0.731787817027917	0.914749680012092	0.59648636835812	0.694630819440673	0.870784224488336	0.886537589584578	0.802551684377279	0.766032994251317	0.647745283876228	0.745851840577348	0.77305578226173	0.855101611348178	0.179583908004638	0.76402940503932	0.387804627707875	0.95787752820254	0.922877467534803	0.876425701514717	0.805455620930566	0.544044339803549	0.897933747450549	0.930650396941369	0.865375384388548	0.298359657645412	0.447881191143731	0.695149870536364	0.92890357411753	0.876587449828245	0.591351549634377	0.833701431900634	0.686805655589911	0.546088728651858	0.597329392122318	0.843217084426517	0.0606089304593742
THY1	0.403163420526061	0.508853842027624	0.547199506766655	0.332394049469619	0.227721728606623	0.147508466768522	0.151858071376983	0.374720371403279	0.273086845821306	0.170684403991944	1	0.748782100298123	0.678385726233729	0.316522762217928	0.436866403255079	0.520413308696729	0.29218913313994	0.749192441520652	0.828961007042696	0.249622623017517	0.358826254798428	0.173638310376126	0.530203324533309	0.323351999406265	0.381080645246201	0.268127400710777	0.521634255831596	0.379171829829683	0.345842452957193	-0.0400631149808908	0.0488447226707613	0.584232652096569	0.546060558020394	0.546486181329111	-0.0105795161361246	0.265039258242174	0.169789616546085	0.295621523357866	0.021875991017762	0.544065965553874	0.11590158663334	0.418679715051114	0.291019535806142	0.473138239149867	0.209249282742116	0.462238306532425	0.118526878298785	0.337974458941588	0.429600558537484	0.121826350717517	0.548269336601046	0.156253939844464	0.5930785216685	0.514250314923798	0.335312883094759	0.258002618972525	0.448894283877443	0.406787359657463	0.449035324841049	0.362022304945829	0.408908677436242	0.339359961619958	0.866652096617143	0.207482075912677	0.648468793264132	0.240735179937711	0.121305451148452	0.291665367035333	0.29426256607464	0.470338895097335	0.0185568070818595	0.240745501165353	0.34722309014809	0.782575617784634	0.600341588701488	0.50117203536299	0.0802922281041802	-0.0140789038855161	0.575807728205244	0.132750340695145	0.15959389036718	0.536376657495194	0.406175306983889	-0.00595304373409875	-0.0270321815849183
CXADR	0.700503515923419	0.69947901674343	0.708805278386857	0.644148940864925	0.389730255390239	0.507113876479902	0.40027409995452	0.606396055907047	0.509158077234869	0.301736202866767	0.748782100298123	1	0.739786222676965	0.532381830513146	0.453368920210386	0.789632525875878	0.449646720308012	0.763356710073018	0.648686097187949	0.60160993756201	0.607258660733388	0.460969306254199	0.721158770040487	0.580345553830802	0.551605738855888	0.550364755219771	0.498862094373524	0.479557972389756	0.708674835428161	0.0742925900933367	0.211927466347574	0.604769528998246	0.711645359598813	0.716343061220653	0.288458889068089	0.612573183273024	0.286040390646522	0.468583735151327	0.209378743922027	0.737742462203197	0.186787177771705	0.44555030367089	0.544164354922026	0.783892328517674	0.354401277893898	0.56782730366658	0.194912716977197	0.52068239463609	0.583313584800103	0.228523200275218	0.675800839665177	0.276335689611081	0.767285166574951	0.58327730457146	0.556787885995669	0.499507273426798	0.639144369858956	0.476869657178716	0.696438079161162	0.549711905459241	0.626816597852962	0.604148781469861	0.845982402023967	0.392529124116845	0.698946881192441	0.381921527858579	0.333304246796015	0.596897202414293	0.598119567379512	0.788590657358152	0.134844712662908	0.346715452136782	0.533926419557581	0.799833818204507	0.703644331464389	0.615002385125709	0.204019763192739	0.0490537094301264	0.805639328246373	0.310222293215122	0.598822930819888	0.79993804437787	0.677004374201631	0.118554236473995	-0.0111121388474853
LRP6	0.492043941400842	0.784336827704358	0.867219697809809	0.639288753066966	0.428565103873891	0.53784418502039	0.42735376888242	0.598397487908863	0.635176385701394	0.439019021661224	0.678385726233729	0.739786222676965	1	0.752868648245353	0.627205210670401	0.646558112251762	0.5463345132584	0.929521778130225	0.809684248722434	0.591548936960551	0.667628420809041	0.46381566868182	0.761217063698234	0.73241539903455	0.664958417008144	0.474688339002148	0.718710613575036	0.62428804490757	0.53025044677806	0.211014277084327	0.290422286330322	0.772498943027507	0.707997532678622	0.790450141244603	0.369130870427957	0.553940436621261	0.320943822926952	0.68073113110817	0.333880084884848	0.703109510488181	0.468810367929011	0.593916036589701	0.711689692984236	0.699762463265553	0.552274334186169	0.809165266215673	0.365562809874437	0.649466617814765	0.758761271454067	0.395174022533522	0.792772778062102	0.398892357006743	0.878590864236814	0.767672880249325	0.510106606998229	0.63182626549766	0.590364998426986	0.599025231993909	0.820107107059829	0.78276760221585	0.70938217207097	0.684505915528348	0.779040224843329	0.616406277574029	0.7749328389704	0.505605781778526	0.509608025382044	0.593607051206311	0.493769507646119	0.559716099853127	0.286839060004589	0.557862438427091	0.716410495535655	0.833157599917589	0.805676298237224	0.584912802496387	0.348346607901142	0.150099871070619	0.857023909784205	0.490742696686862	0.389617735730489	0.622563511913497	0.698373874888576	0.238641274159197	0.000240742432582662
ITGB8	0.444583579727484	0.699947361376248	0.797642937773477	0.80036019752108	0.653819185549387	0.84502583628569	0.716208153108402	0.736241020878879	0.869412696998223	0.747286220015367	0.316522762217928	0.532381830513146	0.752868648245353	1	0.719733941781877	0.616903195069651	0.757912050891638	0.721894926594278	0.484407188204231	0.78842159978503	0.756368214551558	0.690185737097952	0.778506173559233	0.896102298969011	0.855631928286471	0.691039526480287	0.799027257099916	0.586468684024713	0.540526078618101	0.49009439046514	0.64961652284302	0.692142969052279	0.571592087804782	0.763224915175693	0.813224195473231	0.743691635846593	0.641278832197474	0.881570869205967	0.701822996813306	0.706372519745135	0.770525613681842	0.326384657344512	0.891398036617858	0.620997425583294	0.762175396171422	0.878425598893867	0.615302459270004	0.752163303944113	0.806570585206237	0.697693637721473	0.806565007577681	0.722415731726575	0.840954163160559	0.796156231139659	0.71218022505463	0.88316002907717	0.702350735272032	0.69505247626696	0.817983922777417	0.929138868214578	0.809364535161758	0.879669398412187	0.472998842392326	0.816163299212794	0.500550041576409	0.812734125857545	0.832710905833011	0.806619395809506	0.730414335038461	0.544739763914697	0.586220963395698	0.799106828294302	0.873830815651952	0.573404167797897	0.670280217166632	0.693681323938542	0.655815820254356	0.477225180931254	0.776390287802905	0.744979632908691	0.591413791575032	0.572601622590229	0.709878305583149	0.530988366417754	0.0146481841133526
PLXNB1	0.445460277669675	0.590609328365263	0.650329650556225	0.769791617668432	0.688167846849948	0.698044648649208	0.810685036470703	0.814834783357225	0.848767375785283	0.840934504861396	0.436866403255079	0.453368920210386	0.627205210670401	0.719733941781877	1	0.567244719788399	0.87933946444033	0.674866940427323	0.459199800120577	0.716751537518316	0.748601420252019	0.742813308631151	0.757382330482071	0.826729816029865	0.799085392494737	0.6094996732063	0.915248138087591	0.320899784384192	0.346219520428933	0.775788259043334	0.737293588154836	0.673011300591068	0.305121131568605	0.738688821982134	0.65142137324726	0.650932642307314	0.662020189476684	0.844994757595311	0.802360623753222	0.697090154400205	0.824124312688247	0.30586125722121	0.783237673577826	0.487913451363774	0.870801750211685	0.820349151263457	0.833476296847906	0.730820786427195	0.783971106493344	0.846550743963474	0.798524981706456	0.814401119814701	0.684259680000822	0.841425186905087	0.789618224499295	0.808227563035164	0.768896914290509	0.775101527707792	0.67743781918176	0.807585061784004	0.772839533245151	0.850993396581586	0.425262654447715	0.715430029310045	0.501380877929573	0.874104372090123	0.856319466126901	0.775848084014827	0.69705336661031	0.504315407720153	0.799822177562883	0.878713194977473	0.851964020436996	0.49746312787842	0.607875832258177	0.676661206932558	0.826688975885254	0.724166625183954	0.642731877124045	0.771243547736795	0.530079205387652	0.536798610679025	0.624576713527486	0.719248081667544	0.0542274818114633
CD9	0.718944938077741	0.82156850902367	0.811201810659929	0.790941564980933	0.542994562994391	0.698923002166394	0.705219181128132	0.772301567370308	0.699485136908492	0.565787342275854	0.520413308696729	0.789632525875878	0.646558112251762	0.616903195069651	0.567244719788399	1	0.639450220228874	0.751036581700515	0.409442436802783	0.741174835322609	0.856180570353988	0.610405131092141	0.903638641841468	0.775536067115922	0.569423445022443	0.798452962628913	0.572816553605252	0.503968674651458	0.855106280339667	0.3010582829242	0.452433875137503	0.757231438149757	0.525383174000651	0.647344518389292	0.503046400261292	0.726038272581271	0.441933390976679	0.684524338168755	0.465998464793603	0.747730620823738	0.459679979420739	0.581950681558635	0.706571287746253	0.885261502779044	0.624495964744356	0.608026671741982	0.414139495064788	0.802379180334999	0.727346964772291	0.482526919924538	0.808230782766936	0.430599136241805	0.822513499407363	0.652461119877692	0.814793515263214	0.615244172172125	0.811191084786266	0.682298329138866	0.849762833986478	0.621845914252042	0.801476496822183	0.758424922065792	0.680121817358735	0.696612025085824	0.777839756907222	0.610804717716096	0.593427520406074	0.786611816785779	0.70745787856286	0.958112065655243	0.36383772318757	0.526036090641502	0.725519658628337	0.726872000963828	0.700206876816351	0.756724965105107	0.395546806520418	0.255045427027949	0.882471894824287	0.452732927620616	0.833283635614846	0.963852311736011	0.809094975265345	0.326767816236891	0.0254000524312257
CD99L2	0.587792505721191	0.598798286988492	0.635781234429714	0.891872798328125	0.85867757437011	0.795107754321944	0.924628439916671	0.879330910827897	0.94388177985308	0.929530681536116	0.29218913313994	0.449646720308012	0.5463345132584	0.757912050891638	0.87933946444033	0.639450220228874	1	0.576413708418226	0.260489859234674	0.876361317705926	0.847987449477689	0.901415874063403	0.808318009218608	0.88041724000252	0.874045210772486	0.805467991791398	0.847048632714481	0.211972846078563	0.416173658723167	0.799407934122057	0.855312167308054	0.603243254697075	0.242924651716821	0.736955065015112	0.759449718015676	0.829919237858677	0.821691466624876	0.896205001471845	0.885334056652044	0.779070185333388	0.855507407858395	0.310253382163655	0.873303691675236	0.508034556931212	0.901912362305956	0.780781528890484	0.898200740383275	0.822709880813432	0.793421256114866	0.924309558379348	0.79214441913294	0.865733889526332	0.679378349763199	0.757025052927138	0.888086425210555	0.908159426235663	0.833225275354749	0.794710229864999	0.723039040759546	0.786995198910725	0.824664379315417	0.900132190591384	0.30401652654723	0.773908010136161	0.49867574877975	0.941397134975103	0.902132647174414	0.907893518980307	0.831114705546938	0.62923113904702	0.871434127423736	0.918546419379181	0.897464342428066	0.415978193939935	0.551373547643395	0.723256301851923	0.904678912446367	0.829043088023691	0.686794702722445	0.834774790143306	0.730607629257669	0.631977090580937	0.681313329733028	0.806266767804921	0.0851963305078981
NOTCH1	0.529556001323648	0.846577565444555	0.915100801248967	0.662738102975232	0.425890012994933	0.55076756664921	0.486308585301096	0.638724617810468	0.645036277581087	0.473306434417108	0.749192441520652	0.763356710073018	0.929521778130225	0.721894926594278	0.674866940427323	0.751036581700515	0.576413708418226	1	0.829702526765441	0.582381706896904	0.719032791213169	0.455912635437313	0.825139896389073	0.751817105470813	0.617414751224776	0.533540790358711	0.744753245163167	0.658223340692522	0.597019121228361	0.23413143825111	0.309545173580248	0.866468608578458	0.687982086431643	0.750702321383942	0.367209805625836	0.536409988597342	0.312764627437765	0.69949286236883	0.353214962626155	0.701561612700649	0.480399887673736	0.672523310138633	0.694058809136345	0.767503878400628	0.599583721193732	0.791325493985771	0.377067654862958	0.714012130877018	0.813157119071037	0.418452912503166	0.859098265030051	0.409309602922113	0.902381683277211	0.807380101392673	0.586088369336647	0.605205539654548	0.681897105400159	0.694689077376564	0.849399349879543	0.756453951715209	0.73702281688452	0.70331019928957	0.839547797727513	0.685481772772712	0.837887383922149	0.543408232907826	0.541597619797658	0.619023073630551	0.49814868078915	0.656832000536889	0.293692535392452	0.550747053865401	0.734608077533645	0.883702171064549	0.84856603404287	0.664879993085451	0.345041339368648	0.153165779804766	0.893308371780631	0.473283884299551	0.440785871700734	0.727401915666512	0.73312532753119	0.229937618304572	-0.00639193231639256
KCND2	0.258477410242114	0.576234938055113	0.680374694821695	0.299597835124046	0.0948850589799184	0.215109159115991	0.0868049058936993	0.306961873628594	0.297872099997031	0.133204014268819	0.828961007042696	0.648686097187949	0.809684248722434	0.484407188204231	0.459199800120577	0.409442436802783	0.260489859234674	0.829702526765441	1	0.205826382408552	0.333229452177804	0.0898930920649642	0.513077200916032	0.410224041475389	0.38805580191097	0.157291242449762	0.575074123590628	0.597001457024327	0.301160820719883	-0.0331256995661682	-0.00471394151491964	0.677249541176686	0.711437060410727	0.592579432110691	0.0605625253515031	0.180119867528605	0.0330465105148982	0.372139222735147	0.0345240438364415	0.451357912841984	0.203834839141252	0.458907919998494	0.365998991349085	0.472160064053384	0.255050091645084	0.615470381122783	0.086824065527423	0.339320170313682	0.497807678034839	0.103329957017025	0.58610962513719	0.14183208328858	0.665869798695219	0.6247053890595	0.228901823141687	0.293021828682089	0.344458441027331	0.40112006527953	0.531403672139756	0.555330227609441	0.429273894534092	0.376442790276212	0.811521736903689	0.330060583168058	0.614382267344207	0.231333671348245	0.198199016751443	0.235053447514201	0.183504302531775	0.29183514332389	0.0113167440431135	0.282711257843654	0.385640451382443	0.788292877904041	0.71370993659865	0.411527252954263	0.0666744117697832	-0.100998964332129	0.598384404900235	0.185991946479486	0.0265665420995851	0.379407316214198	0.41161341972926	-0.0443361844985339	-0.0399722609208846
APLP2	0.743936940923307	0.685683483188627	0.663227713389233	0.948625249905587	0.854637164214034	0.872700359600773	0.896588955618811	0.880576582970303	0.936075963919016	0.82184092062693	0.249622623017517	0.60160993756201	0.591548936960551	0.78842159978503	0.716751537518316	0.741174835322609	0.876361317705926	0.582381706896904	0.205826382408552	1	0.898603742617963	0.9468248050713	0.832596340593271	0.890645202631576	0.898998701754383	0.860547906653434	0.696733598638878	0.236283394432274	0.592153213224322	0.632086769989161	0.768260000934709	0.515190989336527	0.353856295896362	0.769940582326269	0.786642707583556	0.972055873905538	0.792848929321496	0.866331108479364	0.773310101620204	0.834944708567226	0.694270502959703	0.402199423334222	0.913253988364697	0.652589250437582	0.784403151324761	0.751315735074669	0.746610420566512	0.797771939770939	0.815333213914085	0.795112735106525	0.777272904374225	0.778604852402274	0.750982279122514	0.676754457469663	0.877991609880742	0.927283944055085	0.850070843657478	0.723319746580936	0.788622552818202	0.791133054277415	0.840752376693367	0.926804602022765	0.351897062174617	0.716120748090639	0.550078566409836	0.837458512339755	0.825193700803608	0.968346490064477	0.909401285724631	0.769508548538544	0.743583066580029	0.820529167065576	0.893139872417481	0.443023925843417	0.591710817747712	0.712150385426872	0.784838896327093	0.676182868018719	0.792663771425698	0.805594144906342	0.891884659513028	0.742233911801047	0.794947954057166	0.730421142584456	0.145219402906005
CD47	0.736856544703981	0.820559895766658	0.797077047672135	0.90456098092365	0.775121392771798	0.805928763306875	0.87398943017521	0.883781438454315	0.896561138874954	0.795314374337174	0.358826254798428	0.607258660733388	0.667628420809041	0.756368214551558	0.748601420252019	0.856180570353988	0.847987449477689	0.719032791213169	0.333229452177804	0.898603742617963	1	0.843284787984275	0.939091334379602	0.924747736314112	0.783471691791894	0.879646949221735	0.735327743119525	0.374474581321838	0.657253756200541	0.564131413411189	0.687943532222987	0.727915988246959	0.406291760454295	0.752796292816142	0.696174942020982	0.86038560780782	0.684762358203458	0.877779121754132	0.702408336256543	0.806556959535102	0.703397099761395	0.609878610958612	0.882446671405687	0.752865194649931	0.832401786907802	0.776268010357231	0.687311999659578	0.924555756131286	0.87761122098112	0.757905591909379	0.848650928469331	0.693758947756507	0.815960002810797	0.754418889549358	0.883181494492374	0.836198957369166	0.84821565025039	0.781087374484563	0.889072214000672	0.781042410293061	0.898051921709014	0.889715255158671	0.443892940295636	0.805870326865463	0.752064066864755	0.814975230175589	0.799550486707163	0.912748565299799	0.789481795462663	0.832600570949874	0.668176062280999	0.766217305332352	0.919003288922085	0.561096183035192	0.689199490216758	0.769029601116992	0.688030198342255	0.571546001714606	0.873589422057805	0.726485591209789	0.840517127784839	0.834206561364483	0.81429945488958	0.613618035191728	0.0586670517401747
PLXNB2	0.714492386876557	0.550106100886055	0.529649440796022	0.889652497878674	0.913828312480308	0.775415432047705	0.904482167229231	0.852118394602367	0.900118918491412	0.85781234174067	0.173638310376126	0.460969306254199	0.46381566868182	0.690185737097952	0.742813308631151	0.610405131092141	0.901415874063403	0.455912635437313	0.0898930920649642	0.9468248050713	0.843284787984275	1	0.738502615756284	0.819282655385884	0.875782806516042	0.83633967189244	0.682060683049925	0.0765367567511709	0.43697105302292	0.710503724747446	0.814691041039237	0.395235130790692	0.185843415826209	0.722919272290524	0.757458410069817	0.926816732054508	0.86495345384877	0.811959543894131	0.808853055519258	0.813990906658806	0.701639188650409	0.303036652265425	0.842325148247146	0.494687848465151	0.790064151498794	0.695062503221307	0.811286095302956	0.7492401937783	0.746485598958596	0.844217251948228	0.68534785683921	0.828488451857947	0.615146858412654	0.615274950692449	0.852527559907385	0.895755124463525	0.796701511753695	0.68033507627554	0.662548909663759	0.702367681453003	0.770987911910436	0.866969273207165	0.20598196539343	0.64219803406573	0.454866183181678	0.856200414980961	0.816603318617855	0.913582157423894	0.880685124125115	0.66076016480024	0.814105928883318	0.829132860325361	0.849196835917925	0.289527937710815	0.467458054791262	0.661632270889904	0.84628075118704	0.79104464107468	0.645930228651594	0.824382537589143	0.826189574109808	0.624607144558054	0.675645181067307	0.804604684778207	0.141506044881884
SMAP1	0.711151527943116	0.859373612717117	0.877684900838588	0.878368525745964	0.675364504877913	0.797242401248458	0.811601472129652	0.877465638352833	0.862820169701203	0.74775505913697	0.530203324533309	0.721158770040487	0.761217063698234	0.778506173559233	0.757382330482071	0.903638641841468	0.808318009218608	0.825139896389073	0.513077200916032	0.832596340593271	0.939091334379602	0.738502615756284	1	0.919805482799807	0.75808921915401	0.834262250409753	0.776899371948221	0.522470800120118	0.700871616235441	0.513618172734989	0.617743662873351	0.855221340324674	0.535776112348476	0.7876950257125	0.64267074420869	0.793757954955394	0.594661871556852	0.853984576925915	0.65218400105086	0.822936279368156	0.697026035818761	0.572304918358771	0.86364540585591	0.807094806214137	0.815517801893534	0.799092166434282	0.632238633528799	0.920637533321396	0.850380404734385	0.694358072636388	0.896353990181916	0.646562579475998	0.880599022377973	0.804546330017745	0.883866790817508	0.796496539645886	0.857988411183746	0.77890129363031	0.927338504280049	0.806283910911161	0.915372183195092	0.884497762077998	0.619617079637361	0.81574648235067	0.806182029845598	0.790932134325612	0.76926703688342	0.874930696091595	0.751998005611346	0.85957833110334	0.596786902276817	0.750515645442059	0.878031881217845	0.697954314010655	0.779096901847959	0.811809261524889	0.621558048521931	0.47310900152601	0.929204840346477	0.657101322885644	0.781580041150253	0.889138751434892	0.8316174147844	0.530516985891131	0.043440284077696
PTPRA	0.612195993129024	0.810567230138138	0.845568832853376	0.914433538516095	0.733574781561075	0.903191204723993	0.879890916468405	0.880835432282029	0.95568884394276	0.843292725594695	0.323351999406265	0.580345553830802	0.73241539903455	0.896102298969011	0.826729816029865	0.775536067115922	0.88041724000252	0.751817105470813	0.410224041475389	0.890645202631576	0.924747736314112	0.819282655385884	0.919805482799807	1	0.84798717078373	0.796743117031603	0.83202966101015	0.506309315020029	0.631693740565007	0.665829295246197	0.741591788898032	0.777709541875914	0.478364605031594	0.809490192527043	0.816264186524028	0.826753987044155	0.671820972197508	0.947779665473475	0.801865163426379	0.769594632252585	0.830368989793739	0.468537931780894	0.938254489638041	0.73709599978034	0.907298690533304	0.866765304800202	0.747604709380519	0.908530606444678	0.89573579638571	0.813580272185612	0.896642210881268	0.767826246060496	0.850846932448447	0.855248866425619	0.869125609085557	0.913018420206805	0.838651611129597	0.798030044127891	0.91727960481688	0.925822532981269	0.923668310251112	0.960824210073835	0.454969523233272	0.890804460951095	0.643820283432007	0.889625269271503	0.918455300282704	0.919058495341858	0.789800215735006	0.722220968810827	0.733819587182858	0.865435561861164	0.954421857605133	0.569663839116331	0.726361559201583	0.771360071761085	0.759216665611103	0.601210088675084	0.865806604446436	0.797176991371322	0.764048822195787	0.745000738242354	0.813915257593838	0.653943909684077	0.0372156643390472
NRCAM	0.581592423445901	0.597747981389242	0.624094189717494	0.882557619620089	0.840905297348981	0.816245485629004	0.81759043449549	0.821933444855896	0.920302184919617	0.843623845124782	0.381080645246201	0.551605738855888	0.664958417008144	0.855631928286471	0.799085392494737	0.569423445022443	0.874045210772486	0.617414751224776	0.38805580191097	0.898998701754383	0.783471691791894	0.875782806516042	0.75808921915401	0.84798717078373	1	0.753543102697743	0.83299782243786	0.230044341158836	0.398114017435191	0.646339231994542	0.782351963074552	0.515425763967499	0.380135946630857	0.795745698452902	0.776470750431227	0.861950451696166	0.849245617034652	0.8692164403535	0.787473661919342	0.816085719015334	0.764270267656465	0.284535660881365	0.893916135140257	0.497343717401135	0.76924186375338	0.847527052176394	0.789454124327863	0.702486301921619	0.792379987092008	0.830913813688877	0.765320210277772	0.857896574044099	0.749571791408042	0.736419465441413	0.778596743280987	0.949344666746819	0.791074647321976	0.715884704307953	0.70019833720456	0.861768964385579	0.778260843433388	0.895966559088954	0.391267856607932	0.666690095727397	0.462414908536839	0.866817482892759	0.822770846398427	0.88946282144367	0.870291298267063	0.561727069433106	0.763238121798496	0.883658686642404	0.875947751139092	0.462030078320794	0.574061480699247	0.685879539652797	0.839099825714091	0.736696544697329	0.704664144584883	0.839267158121703	0.67883804549377	0.561495456465515	0.653819201392804	0.720838110532451	0.0310433633267547
TNFRSF12A	0.732532051644462	0.646518733397708	0.64587715905091	0.86736029743203	0.831094957907298	0.751303181103942	0.854709529129777	0.836666172301051	0.826215555519753	0.787964984382952	0.268127400710777	0.550364755219771	0.474688339002148	0.691039526480287	0.6094996732063	0.798452962628913	0.805467991791398	0.533540790358711	0.157291242449762	0.860547906653434	0.879646949221735	0.83633967189244	0.834262250409753	0.796743117031603	0.753543102697743	1	0.613185816792391	0.283041318036571	0.612000882467516	0.496257716068706	0.723216234745726	0.564142686913136	0.344741614894745	0.647476667613497	0.687709530101142	0.865672304519302	0.791697433763869	0.761255783864122	0.694860024761044	0.805439602924442	0.633222307554971	0.369211244326239	0.799831176589184	0.615820231804866	0.732009810892887	0.649227959875116	0.651401957826228	0.843041839299037	0.688830212227532	0.712106325401774	0.71620680430059	0.692080888098819	0.69198674111343	0.550530862689012	0.87391331395137	0.790419048597242	0.813577562053263	0.689107050085251	0.748123236671233	0.620375537965083	0.782185812522142	0.791539381290197	0.339334945487311	0.711426755742562	0.579276689753846	0.799052617013461	0.7247668237025	0.878477211342234	0.846396284453602	0.829874538033794	0.613540816793346	0.698334866481575	0.775927129656226	0.437433600611907	0.513675362934085	0.754425398555642	0.655920743784637	0.597248018343511	0.74636302341104	0.641203210504336	0.883258540897366	0.812665405251965	0.681618424323029	0.581768130805897	0.0172436053956695
