""	TNFRSF1A	EGFR	ERBB2	CHRM3	ITGB8	AQP1	PARD3	CD63	PODXL	PTPRA	NRCAM	LRP6	DDR1	SDC2	SIRPA	INSR	CAV1	HMMR	LDLR	LPP	NECTIN2	PVR	SDC4	F2R	CADM1	SMAP1	NOTCH1	AR	CANX	APLP2	TSPAN5	EDNRB	ADGRE5	CNR1	MCFD2	ADORA1	IGF1R	TSPAN12	PILRB	IGF2R	ITGB1	CD99L2	ITGA3	PLXNB1	MET	IL13RA2	DDR2	PLXNB2	MTTP	SMAD3	RIPK1	TNFRSF10B	RXRA	NOTCH3	NOTCH2	ITGA2	PDGFRB	AMFR	NT5E	ITGA5	LRP1	TSPAN17	TNFRSF19	NGFR	GPR37	IL17RC	SORT1	GPR37L1	ITGA6	MRC2	MCAM	CELSR2	LRP4	ITGAV	SLC16A1	CD81	SDC3	GPC1	TNFRSF21	APLP1	SLC16A7	FGFR1	AXL	RACK1	FAS	TFRC	TREM1	NCSTN	CD44	SCARB1	C1QBP	ABCA1	LRP10	CD47	SORL1	TSPAN14	GPNMB	PTPRZ1	RPSA	CD46	CD74	TRADD	HLA.DPA1	CXCR4	PLAUR	NRP1	NCL	CD68	HLA.DPB1
TNFRSF1A	1	-0.0143891720055134	0.900097444391018	0.623350179916683	0.776400142547982	0.0459147612287423	0.731879311042776	0.955883739587351	0.911590145040809	0.924955114523029	0.952880200064082	0.656667109801201	0.506396407649925	0.764301252764436	0.878009391528583	0.773947909840398	0.634196543896828	0.138431522347655	0.915478297340425	0.933568688554607	0.907758110240449	0.886707327271825	0.696983876236244	0.668153778905495	0.72294889424287	0.862424715782512	0.600918000301987	0.756650474785793	0.955870835082467	0.904375847354573	0.762394646620671	0.380944511054127	0.838807522824156	0.879580289119211	0.929992731984909	0.949282053829088	0.785276523342602	0.102425258741876	0.525731332665383	0.846429004464441	0.592789179480443	0.897773066347393	0.948887193263586	0.58721833218951	0.800682595211296	0.552770740089852	0.558561482959962	0.92475113844383	0.582295323913569	0.88810949177459	0.854119924135045	0.860584726854548	0.812164753971447	0.317869405591498	0.671837663922383	0.801527560692847	0.322750672792638	0.931333602443011	0.634703771653598	0.519968952639306	0.847652929478184	0.648343558509596	0.706533416232082	0.0224280108799245	0.839053033615038	0.919032428000102	0.919828801164556	0.0358581308218701	0.404804743766632	0.938424482076754	0.428974060768353	0.711058243966038	0.270254395643459	0.955206382508428	0.753501656968994	0.880286069803405	0.601095700836109	0.953852737652879	0.875350830404608	0.911355509348399	0.951947709662498	0.89089655802683	0.856430387341121	0.85265132371359	0.814397451114061	0.727531346985341	0.366206579369019	0.90249080235452	0.953722848282228	0.777785168941797	0.907556927978062	0.915151081050822	0.968872542836651	0.895766919022272	0.813735645476215	0.772305310301283	0.431515219396495	0.822903301633099	0.792797397971117	0.892872280725405	0.454243071883822	0.884896271959645	0.444201974678464	0.526635662151459	0.599737493785565	0.646119664592884	0.850134072735209	0.510861117636523	0.382836616051779
EGFR	-0.0143891720055134	1	0.107298705107927	0.308405919664045	0.359669727763987	-0.102204540916277	0.266346702257898	-0.00803624344315047	-0.0200187275952565	0.248226982752804	-0.084868172522603	0.291381915874419	0.523998249497035	0.018929581406677	-0.0259480475213468	0.149153982442509	-0.182898795059404	0.589899542334936	-0.00250646827265746	-0.00150366758957366	0.0565153814704512	0.0602058633368403	-0.184461109920042	0.101993104072255	0.463341076403112	0.29971316655034	0.535909897752466	0.293548119923876	0.1335985489851	0.240336955395754	0.325183275508765	0.400577212544563	0.149523186229726	0.0187048122064751	0.0424288969610497	0.0212231410663834	0.172267265285448	0.663130729910314	0.570830302615953	-0.0791378355441958	-0.0308986592180519	0.200192850793542	-0.089032837388569	0.325040992092952	-0.140996097775966	0.349315678863328	-0.061294240441404	-0.0227525066365987	0.314426574427612	-0.0154920242555253	0.177058065133013	-0.00189000971827514	0.108348070716581	0.0889609217683328	0.263840065393441	-0.13644883749403	-0.0716837072079982	0.119500453806902	-0.165518386127175	-0.0636060262421577	0.0359298009258448	0.116712338229172	0.368260934478604	0.549315913404969	-0.0120970261396167	0.050851984137909	0.108787664567305	0.585738655656358	0.0840211540969812	-0.0159822674736441	0.254712181758456	0.167288719183865	0.488119143994776	0.0742671607282873	0.207866270650048	-0.0467520308844252	0.323048852507537	-0.0774991095886417	0.0948249603307524	0.207676952666519	0.0870456081453201	0.243901625030304	0.0185088097100057	-0.0247392703450994	-0.0681571515979027	0.017209910224321	-0.234439692651883	0.187843856330538	-0.152376097980124	-0.0565434257549303	0.0740772439543995	-0.0421375709569296	0.0253740553067091	0.0946549889493281	0.0212668914214166	0.0868785463381532	-0.147736382696998	0.285841056892073	0.0447611653099688	0.035012594709821	-0.161713963982317	-0.0415204236910901	-0.140631294548745	-0.031512342639158	-0.165137417766965	-0.127968515549299	0.254889767482566	-0.192817031229773	-0.153265644488561
ERBB2	0.900097444391018	0.107298705107927	1	0.606061343632535	0.795633412092652	0.164486664401588	0.680512921349371	0.872521446848087	0.905059259542015	0.913041763927889	0.900214692735514	0.712230493953664	0.519855018314312	0.741901874065937	0.885611138246927	0.796575222111492	0.558272359516729	0.169485377928545	0.884629130853562	0.896085742433778	0.842510021401986	0.861175595443003	0.602588605184521	0.676763665468032	0.712231389649668	0.821419228661691	0.619064848326727	0.770900398234398	0.883976014563055	0.843544436873315	0.755925566022783	0.420585906822518	0.775149710392309	0.874079323020283	0.862177939082449	0.876196608510029	0.774666132613569	0.115221032635208	0.608554736233173	0.845064379773828	0.554597400864806	0.906749779196353	0.839755272627259	0.696867783968715	0.792929716833161	0.481312282573024	0.561067710482182	0.868428225630353	0.539044013276881	0.871225905128504	0.838943457983787	0.760752453937879	0.83182686818573	0.321042461099321	0.679644619589925	0.727995559366227	0.350721404398091	0.909278630729774	0.534958080482556	0.49566809651194	0.885458459343069	0.534882524693235	0.711143485973965	0.101830363410897	0.85545881926528	0.87035274207935	0.894323011071982	0.166585559742805	0.440095851869015	0.904968791546622	0.407204194225661	0.762136705804763	0.345363050616339	0.924446979906915	0.722914136137832	0.888960940519629	0.617970289086186	0.849080155858369	0.81358735321916	0.848284312414286	0.889143983630345	0.903951933364812	0.819174078118422	0.737501413952583	0.750229009886277	0.658684620658537	0.289469200859315	0.891677991671671	0.826666227967678	0.740861410965485	0.796316720466928	0.88904922815854	0.912137174759754	0.80124118312141	0.844724455613113	0.742596746132861	0.338147627711297	0.865103746113523	0.690131553784827	0.881350894290471	0.410761573239154	0.811203918840669	0.394437193605687	0.481441477909057	0.52968966205466	0.603245420122834	0.808462013449013	0.436652084584806	0.330934112130239
CHRM3	0.623350179916683	0.308405919664045	0.606061343632535	1	0.58188191092913	-0.260704789601821	0.600971820784353	0.607618213307005	0.491476752794641	0.652525521433149	0.554093256714234	0.449161477527946	0.545941259263977	0.385872132095265	0.447958693251869	0.592502649841268	0.420348830840836	0.269764435872126	0.557369082127149	0.578456076086285	0.612160017592402	0.661600658996039	0.513057087962749	0.425176461223234	0.629878390210067	0.682645401943069	0.605825035526463	0.608818389675904	0.695238816228965	0.718483546999166	0.599050780377427	0.409262315341453	0.648859543366738	0.459561500242167	0.618945139809778	0.588701832691181	0.507748296526553	0.411444131473194	0.453647158055074	0.467523733761222	0.362319610605047	0.63963443832984	0.640598793222183	0.329272103427373	0.436629389191331	0.576519073917181	0.308715049077955	0.557083536642646	0.424988983467682	0.486368257858591	0.667184164055569	0.585710445504405	0.452179123069405	0.191295385745528	0.458894422100626	0.521831181461936	0.0560983634669439	0.610760404329447	0.5015804080323	0.296568694366178	0.408501351125843	0.558684220944933	0.670032419202764	0.227162180641465	0.446662084144194	0.616025944120631	0.579536342790054	0.10957580439323	0.140511374263658	0.538499797217929	0.36676397051688	0.474188660014772	0.319213767197382	0.578739739084523	0.732270087354548	0.394181469154459	0.569184684423582	0.582518808793532	0.583471951740009	0.713405093499677	0.613979508132722	0.666397809388977	0.467821816831028	0.622589129618031	0.513051629066197	0.557801540040727	0.251082566343422	0.586132855821085	0.580094776622583	0.480548585761132	0.626327646908167	0.519472651184048	0.610459642854617	0.668917125924865	0.408002366695285	0.5241572299412	0.20933058452445	0.52103708991256	0.59739738355967	0.527418611040847	0.237913965572351	0.600554845509878	0.273935479350168	0.36071968271705	0.323765927291505	0.367104881577411	0.727458024332821	0.249337764609825	0.203050397858096
ITGB8	0.776400142547982	0.359669727763987	0.795633412092652	0.58188191092913	1	0.184263995649733	0.678106197116588	0.727455845047883	0.737357607275391	0.911563353465936	0.723295386189584	0.770536493462533	0.810426428297394	0.553756795129702	0.780584612446582	0.658503751338325	0.231036080657262	0.43686290060243	0.670630738186003	0.660917676783822	0.678396137244268	0.666083567091235	0.354201665778201	0.452332632402201	0.916101093756651	0.822448331097702	0.763722878500034	0.860343171044778	0.828195119097103	0.875652514727842	0.805313525819046	0.709704247201291	0.633213332969801	0.735702828800406	0.752374679062978	0.835718144784407	0.623970815873242	0.480877887201842	0.733499437575761	0.56873088441953	0.264254624621031	0.828816299299554	0.671384999632078	0.729762421649571	0.525293932935716	0.654801694877282	0.243346043819402	0.69889452056882	0.771268012696276	0.673769809745633	0.750970364710695	0.62125986771729	0.749314168625769	0.147540791318281	0.528239936656562	0.48004554190297	0.0822355867947105	0.847437335148198	0.290489013126935	0.178185513766978	0.755445416653038	0.591629942997898	0.794721293332513	0.441673451632323	0.661315698222302	0.814587247923895	0.854186886603144	0.528397928116851	0.610626270508909	0.731187760400528	0.47707652777471	0.747460968713364	0.597217552739284	0.790446886411781	0.588576803060952	0.718030178385338	0.840926461673486	0.664756810751691	0.80445362522088	0.8342497259484	0.745907580802187	0.84623599733127	0.670508950748812	0.56648169460388	0.507553265670585	0.546127547240904	0.0198005611326502	0.830888279679418	0.617124308421538	0.535214566864259	0.703497921065588	0.667638083883258	0.760243669598431	0.696608346952756	0.7312233971997	0.665799658070433	0.305125962643269	0.8906852357785	0.568995180210913	0.752243523692034	0.300159381269193	0.622575849826501	0.314316734648696	0.380110879531391	0.29795589526828	0.285065597426187	0.766863834845363	0.226065938245525	0.2132783986448
AQP1	0.0459147612287423	-0.102204540916277	0.164486664401588	-0.260704789601821	0.184263995649733	1	-0.0777901314565917	-0.0644803523121942	0.136716095136608	0.074627177927854	0.0269938359766267	0.0490358179086314	0.196331069075736	0.133269667666553	0.284322434840645	-0.0112009552057036	-0.156234462862064	-0.1151777422705	-0.0518598923240674	0.0118920882817913	-0.0657639769034941	-0.121594984133589	-0.146974834022523	-0.0510109352498496	0.11762239479868	0.0925794997389251	0.104312027382743	0.0966697739206403	-0.0234680290228118	-0.0228610985551903	0.206089845182758	0.413488225875193	-0.221946318100945	0.050558370975016	0.0175867061331882	0.152183920862211	0.0608920152487185	0.00769197053758118	0.0420976460063709	0.0600932402508785	-0.12877904701262	0.0710674888200367	-0.101032421780074	0.412564635598001	-0.0914897500385003	-0.168456665067801	-0.0416959825625638	0.013011901469376	0.260767641609284	0.0881205293018614	-0.0438099302355285	-0.151654288916138	0.252559101162875	-0.0271483124349378	-0.015379039273153	-0.0544772386788297	0.0858824222754939	0.108378857855588	-0.123140375563297	-0.0955810316453531	0.332755814292649	-0.0866120535689123	-0.0120189177644332	0.124545338010745	0.0699735291636091	0.103681420833097	0.131642163652877	0.537589883215785	0.726861936927684	0.0480228103614543	-0.0602140261852346	0.390352592876692	0.492488178899271	0.114811178708941	-0.209000575530164	0.352624541650983	0.147962651724128	-0.0879480706789994	0.166698809618177	-0.0244038772098543	0.0198528213382359	0.0505161787452563	0.142260122536259	-0.141267626358153	-0.0864718807777089	0.026896966911954	-0.148488423356857	0.0163018247262733	-0.0553166337195336	-0.033530977226326	-0.0678873766909888	0.0372725677178247	0.0525714667046513	-0.0699466145435604	0.345548738024806	-0.011970600183769	0.114211443478491	0.23405826329492	-0.109486350223819	0.0684579303707297	0.140416824529999	0.0189805797164186	0.0639218300299084	-0.114280406139857	-0.0175501958503494	-0.129323052071717	-0.100294725584019	-0.0103843390242775	0.0707569446508237
PARD3	0.731879311042776	0.266346702257898	0.680512921349371	0.600971820784353	0.678106197116588	-0.0777901314565917	1	0.763237623861848	0.602831011822316	0.765155779686695	0.601188922994705	0.515438283149009	0.594909017579066	0.796293050730996	0.581736788647059	0.589410490651499	0.491021638385296	0.487606024232172	0.610806901981549	0.70648213784781	0.85799657601352	0.624906859635213	0.469542150652022	0.81272112463403	0.746512367056434	0.835302584745229	0.741589825404784	0.611163279758281	0.816816221849017	0.84769417840152	0.836831574910065	0.482312105367586	0.619575506175401	0.548810159432022	0.84330854984415	0.684704373962471	0.647840615897002	0.423947344952313	0.527696428851862	0.606088576872434	0.725936115606969	0.769761300758622	0.67412580033143	0.455693457240708	0.411193674485438	0.675968975098138	0.589032210839917	0.727202384979906	0.585536584732061	0.664090046968446	0.836431456354847	0.749005619137163	0.608820350557104	0.631401547441243	0.741987882718508	0.610756915401513	0.559210612760055	0.745874631951813	0.52948853761713	0.637162930602966	0.559694347275452	0.736525883369732	0.748651964447649	0.318421436671551	0.475789052785512	0.755534864638314	0.75491931432738	0.211203201546734	0.294988164782078	0.719709343435721	0.63355361735067	0.541937455232438	0.322103930267689	0.740523471165556	0.643929241625265	0.631782544103725	0.640688308219353	0.753631881883354	0.794314636235816	0.773759666827566	0.701981253932241	0.792710951801047	0.733911411336471	0.832029029507827	0.708294897457004	0.596222616397162	0.178917920447461	0.737564566696135	0.680933252846532	0.738881653466918	0.861207333045469	0.600018591268064	0.784221632734558	0.846387350402623	0.486660475993171	0.702758026738666	0.406808753849934	0.58010893431342	0.871487892884408	0.680300068913717	0.38910376863103	0.722174035221584	0.412499249246053	0.510966600258984	0.566286564856534	0.646417505721541	0.900337115699179	0.362332260583608	0.419848773462283
CD63	0.955883739587351	-0.00803624344315047	0.872521446848087	0.607618213307005	0.727455845047883	-0.0644803523121942	0.763237623861848	1	0.890956171968313	0.898868802396079	0.919974300064884	0.612360683356953	0.488342437625733	0.795823426883625	0.818514983759805	0.724891359390215	0.62912557603409	0.131771884507296	0.916157957346132	0.915550648782714	0.921718352515316	0.897341772904128	0.65075991562217	0.715704611744826	0.696619209802055	0.854141069321538	0.561567718159635	0.688076696219742	0.944946514079562	0.89441824765696	0.737790848510521	0.334830261862159	0.84615237420954	0.879747181028167	0.925299852906816	0.888124999394933	0.741440105380194	0.109300465278893	0.48748061106863	0.830961041162825	0.630392714417903	0.88335995581432	0.920007728443055	0.516385760861931	0.799558765048363	0.624269505935364	0.566068957374326	0.892111896339543	0.49515314344047	0.886859061943922	0.894608718921549	0.849986996164861	0.723940270328039	0.341240075417777	0.666093650207617	0.787495371732725	0.338212183537073	0.896672246829603	0.613087210874557	0.541260810768292	0.767797012851	0.633445075173028	0.694223484274388	0.0556720340878396	0.84167661645126	0.895069991737822	0.877091124120314	-0.0254405778693878	0.267332778504375	0.897289449296724	0.400858859799386	0.606140222965415	0.17541001185635	0.935077780032216	0.721423066601632	0.831410459553326	0.573611337150124	0.958676187206002	0.827215559075622	0.908921072683297	0.913955355374218	0.869866965723847	0.843696631783689	0.880541407367225	0.825531259847401	0.635686227966212	0.332704228927692	0.911071659720409	0.929428248903502	0.767970333769548	0.94722799560839	0.902142870134584	0.962956723383182	0.911104298634485	0.730033748482022	0.748513685913813	0.382914835005312	0.787156097528402	0.844870936277653	0.841295516922055	0.411065237075393	0.859407663283978	0.406948943308859	0.505627536231745	0.561430165644273	0.657450498020878	0.89324767844431	0.475045617516706	0.351413874955142
PODXL	0.911590145040809	-0.0200187275952565	0.905059259542015	0.491476752794641	0.737357607275391	0.136716095136608	0.602831011822316	0.890956171968313	1	0.88946748714036	0.936103789463008	0.712086034600623	0.403118322452354	0.712520242667093	0.887340956635091	0.796770908607293	0.534746993369621	0.0114789783977592	0.930709251156357	0.910859598489456	0.814432593287302	0.900929473518022	0.537980335912662	0.610427193340651	0.624136511004457	0.767873986290706	0.522304437593883	0.7099209070004	0.860071644814915	0.774534111370695	0.640808690454081	0.296292207685464	0.786441329503984	0.948232843444654	0.81969115772337	0.877684970885343	0.747320478263335	-0.0247366336555788	0.546983926570283	0.86160793733495	0.497636647275524	0.866332625853621	0.836767984957286	0.667755577763399	0.862786311771449	0.38082116497972	0.493389001446413	0.870967682975117	0.444092456462266	0.914264526591349	0.775173089030256	0.757444139720139	0.813845969615676	0.279866724800748	0.562438879781294	0.689221780875651	0.319527859393388	0.88278018794053	0.429038944367874	0.414934110487974	0.869423725662972	0.458897806077224	0.594547598015863	-0.0440352060447205	0.927986691158842	0.853004926951504	0.898219604960841	0.0417114496624826	0.419776515067469	0.89804539803686	0.458396670874361	0.707127600801438	0.255592624594888	0.911413458381649	0.638687197925376	0.894990294440731	0.536112822793323	0.871209490222759	0.794176873429654	0.809818926685373	0.889146948209937	0.847266393959806	0.832112580110159	0.683714680211793	0.679037300218866	0.640516381770825	0.206263939472339	0.890342778222426	0.852935321898974	0.718057424305066	0.765845371190414	0.901748498345664	0.902915127217852	0.735040379074544	0.88341712686825	0.778098012426125	0.334520209733662	0.882145737301633	0.615344988780067	0.88694369110938	0.444236962880087	0.786827685745515	0.422561261146017	0.439859957436783	0.487448924658891	0.593530635693391	0.717859338369166	0.447821670136085	0.340680842259516
PTPRA	0.924955114523029	0.248226982752804	0.913041763927889	0.652525521433149	0.911563353465936	0.074627177927854	0.765155779686695	0.898868802396079	0.88946748714036	1	0.88554038272892	0.768293813336177	0.692164604419819	0.71367658113841	0.865904341114311	0.768271175665889	0.435094829156407	0.332076347027041	0.861323276100907	0.852504929392451	0.844456078525479	0.854677434639941	0.51654096702922	0.631224178969641	0.86613120334118	0.897169622354738	0.74726478499432	0.845331766913236	0.950636182005699	0.935467321860881	0.825845616704796	0.548214216722602	0.795006837830215	0.877056167057054	0.884983738438752	0.919414768441985	0.750767964102515	0.337769025240497	0.714791595554777	0.763748013506954	0.473764471122419	0.940820484247452	0.834277711666794	0.722001141423469	0.719582217301602	0.633763212543057	0.433997784140026	0.857416039559699	0.682225265354709	0.833099197048907	0.857422226893082	0.769879701097792	0.833811325950109	0.273089260660268	0.662924846801022	0.640947268978624	0.244344461699278	0.944464096632147	0.438613480587897	0.377399953894557	0.839211523528949	0.615503708799239	0.821853209656666	0.253606706495649	0.825700816821693	0.918318510895973	0.947409989217004	0.29072035114784	0.484731298897089	0.879200460459349	0.499205866259031	0.781313250170623	0.453713695635053	0.928668679893658	0.725037720810668	0.835382789176155	0.753468871483472	0.864877044622356	0.886176167782724	0.927816842507588	0.898036243930496	0.933999389969061	0.808506771617773	0.738815300497821	0.676134985846488	0.64634339722757	0.143507495054806	0.940541270686327	0.814650076457047	0.69153899835903	0.85452863140185	0.839961484380231	0.916238121456193	0.843401812897529	0.824643151673645	0.78356915469096	0.351501467051061	0.931288993066969	0.715387959507085	0.865214955894217	0.381718942049513	0.779709346479251	0.383127774934407	0.452237872057376	0.453486321869784	0.502901504030828	0.872724810013365	0.372175727757597	0.298299887939681
NRCAM	0.952880200064082	-0.084868172522603	0.900214692735514	0.554093256714234	0.723295386189584	0.0269938359766267	0.601188922994705	0.919974300064884	0.936103789463008	0.88554038272892	1	0.692078900062304	0.380063130428553	0.699985336669617	0.891839033531417	0.815208324046891	0.633020545755329	0.0287042247639151	0.959566838135131	0.935756969522769	0.843176104421857	0.917533212174343	0.699454541195847	0.607913152065293	0.612134575592813	0.75089427366234	0.480744849333285	0.729558617401746	0.896939041196615	0.818938813894206	0.628836164313309	0.227308521922822	0.84643983520028	0.940202131890335	0.868760209113388	0.895070363503918	0.776047593229437	-0.0606725760370449	0.506514731136865	0.885734381727198	0.528073051746038	0.866375957684362	0.92038229420809	0.591056513395407	0.921490200068493	0.421774831142305	0.546487431210214	0.895778969228947	0.445888286751954	0.900759266762609	0.794473498613481	0.833851799132088	0.818820413216367	0.21714893793426	0.615984471341979	0.775585618673788	0.27793646288007	0.908669368814103	0.578083927203724	0.469467126162157	0.878681608974858	0.491892405076596	0.604447751532177	-0.083598421361842	0.936381635850287	0.864509526754375	0.886627226607519	-0.0764079889642706	0.327475165650357	0.935028140771635	0.349501822151044	0.677929771874518	0.16223163951375	0.929101639115296	0.744368826422361	0.87583749707898	0.529112285926869	0.93194086420311	0.785930741081141	0.838440164286828	0.931662656628838	0.870666222220406	0.793901575252917	0.759807896828394	0.770904216689799	0.678532361958495	0.373765016424099	0.902711854123699	0.925811483534056	0.757078418148835	0.80517036660083	0.948811033764906	0.933110331663976	0.793671768358209	0.852623429408275	0.731776046290535	0.354011971762634	0.829423714929111	0.672022610032738	0.902599074912027	0.422720529898213	0.849081725562866	0.418339074089357	0.494136793270466	0.554268691549727	0.64802668984785	0.754393463731204	0.503977444258976	0.346587204775125
LRP6	0.656667109801201	0.291381915874419	0.712230493953664	0.449161477527946	0.770536493462533	0.0490358179086314	0.515438283149009	0.612360683356953	0.712086034600623	0.768293813336177	0.692078900062304	1	0.477731240112956	0.516952461279713	0.713026820354319	0.655740352567241	0.256538695167276	0.205800708400612	0.670775044897463	0.635226497568858	0.588405811584353	0.716546934725918	0.341768747996311	0.484005760639754	0.618998680191936	0.587044980629346	0.576033145048934	0.748345967380135	0.682994047849416	0.669016150776022	0.514973639128547	0.329201177843711	0.699534145070959	0.739283865600418	0.604835983034971	0.691635336325856	0.631125859425519	0.194051448705691	0.623416663204806	0.622874097359912	0.320822270219631	0.713975830215652	0.608346551499671	0.610406462353961	0.661148917365548	0.393988793238969	0.340803038210468	0.655633944998194	0.43136858485484	0.687974056279128	0.64351852926804	0.61691301623142	0.702775712885842	0.187480077520896	0.481133438281469	0.43133416989555	0.203424252439824	0.734524635595547	0.205042886366211	0.255638578761853	0.728935988400548	0.46918842498729	0.547826926732646	0.262247060989563	0.719038294224495	0.638119522553899	0.723449107247479	0.221995820901566	0.384960183843377	0.712268849387183	0.441631896178914	0.601816757056603	0.3778553140842	0.697208815981006	0.529053276613989	0.646444723408608	0.634673384683099	0.626169018853784	0.639890599182056	0.598637285202485	0.662022847449076	0.733066897041374	0.577637067060297	0.436311430465706	0.459341640920417	0.505427702494361	0.0441689305873785	0.732279316548753	0.544886558318922	0.558631766351757	0.549177332429676	0.661033061790487	0.650940743842473	0.509980021359751	0.732667522545393	0.630815266190662	0.161940276055432	0.788590230292693	0.380444832670813	0.783535755241876	0.269182832927048	0.521013119009878	0.268795167223012	0.312552349277511	0.33096054267501	0.387573960851539	0.592041681607759	0.231608025900656	0.191755999971218
DDR1	0.506396407649925	0.523998249497035	0.519855018314312	0.545941259263977	0.810426428297394	0.196331069075736	0.594909017579066	0.488342437625733	0.403118322452354	0.692164604419819	0.380063130428553	0.477731240112956	1	0.359457500535045	0.454855629092107	0.33972110147253	-0.03571827665937	0.499007119240399	0.332663911897342	0.340726815355873	0.462022503349562	0.374842700557601	0.0938642463129357	0.253413781105193	0.88087428309439	0.733301962492914	0.769012242331055	0.648261837257317	0.612365412015851	0.732442200152729	0.766702639633499	0.889124701081217	0.380401032100737	0.39032006643319	0.532648053792948	0.604099776886797	0.395783659336378	0.75913985928254	0.54422886064606	0.209169238510296	0.0794575033575593	0.647450992588764	0.396561652537015	0.57330636113821	0.11445901552694	0.693925340181841	-0.0048107201067274	0.385586439460271	0.767820417173545	0.325671749495057	0.574137223075295	0.322895988807911	0.459635043072258	0.072513482472691	0.365872006546454	0.189117400667954	-0.0608254983183236	0.582954653810682	0.115661121972952	-0.0124353872798973	0.427999337357761	0.484932306691786	0.710577297057455	0.61579885166434	0.315310583938748	0.642677127797038	0.610618660970348	0.733302283399333	0.611159435029031	0.409665609658181	0.345930708888624	0.589172228181381	0.719123411491463	0.513069783807941	0.370613715805912	0.429159973095579	0.829599692537831	0.391196321297349	0.650278141704923	0.659499847246134	0.472400392107988	0.615829566410166	0.418992298353357	0.389227940436486	0.246498743399778	0.305249605690311	-0.174277413381954	0.563597372302904	0.320359806138609	0.234690072394589	0.559221334735598	0.314573289222034	0.510119197874861	0.536662677899551	0.388826952728254	0.42092986272271	0.201089599545158	0.679608137007946	0.466755664027859	0.398286760805371	0.125562165029374	0.376143432958035	0.141794298323778	0.131689551135045	0.043228378203265	-0.00143316081672348	0.653012399626273	-0.0112329556313865	0.0556488312996574
SDC2	0.764301252764436	0.018929581406677	0.741901874065937	0.385872132095265	0.553756795129702	0.133269667666553	0.796293050730996	0.795823426883625	0.712520242667093	0.71367658113841	0.699985336669617	0.516952461279713	0.359457500535045	1	0.73361643714619	0.655989325025933	0.67022619139417	0.183075889871108	0.71035270881646	0.821745967068206	0.872880412829807	0.693850053696083	0.599456968440105	0.912691676683001	0.505734286802941	0.768551196260495	0.512483174630485	0.567547155497591	0.775119634555041	0.721936375442284	0.761227468628148	0.323767064561584	0.636544160707533	0.654404411909879	0.874767347240862	0.680203089165342	0.729842725278401	0.044872161422006	0.39372731057493	0.7957502879047	0.875770230655814	0.758343624995762	0.677961934987555	0.477167211124955	0.603470077472537	0.412224128604985	0.827279420224014	0.794868911056745	0.384794013502756	0.786518025453234	0.814100070065107	0.790637496771639	0.671938435429925	0.702205139317748	0.850665825586938	0.755562506197308	0.767026393649055	0.750008126299749	0.611641121422051	0.820775961202907	0.752288907265064	0.5838898056776	0.578970688094518	0.0511935579861561	0.642830092497748	0.732429177542202	0.742083689826817	0.049146505700315	0.325255900941878	0.8365719306873	0.427537665727786	0.495948954547208	0.239722457246822	0.833801482756187	0.606470552184971	0.829516186782459	0.425453969880138	0.810835737923206	0.768272375437876	0.672609721692006	0.768225477811369	0.761130945833279	0.856702540060654	0.830795973438612	0.853532709251251	0.575361947266833	0.378926265756926	0.753356183497154	0.748589042753381	0.857091111790767	0.829762590341461	0.762199970233043	0.844667854378977	0.828119260386693	0.616478116156818	0.641242430532113	0.416209442345986	0.596504207139404	0.830012601290648	0.76070299977452	0.389547964844042	0.823863644969683	0.375141834489905	0.484308863556769	0.695860355201992	0.819170324993331	0.795452253396517	0.494194144915633	0.428996003858519
SIRPA	0.878009391528583	-0.0259480475213468	0.885611138246927	0.447958693251869	0.780584612446582	0.284322434840645	0.581736788647059	0.818514983759805	0.887340956635091	0.865904341114311	0.891839033531417	0.713026820354319	0.454855629092107	0.73361643714619	1	0.773647733924858	0.53615598049728	0.0849447714420604	0.846272794956515	0.861679070968873	0.774949392599488	0.80688915161576	0.61884840245511	0.592279857245308	0.634345759182822	0.74656385389761	0.543259963652856	0.781631184739829	0.842402454642336	0.775268466582433	0.670547387439651	0.401172683809288	0.721819329019827	0.855910310255123	0.831265083335322	0.859595118438964	0.750900632655679	0.010653648601106	0.555251206591148	0.838093234784692	0.504687373087802	0.830910818203789	0.784340795220486	0.690193630041429	0.791751036119515	0.365084527252662	0.554737214060457	0.866704973176489	0.550505872305149	0.848944918733349	0.755057055878203	0.756219303042608	0.861921177333773	0.273055535517221	0.650513305877598	0.712980618433514	0.343537289299372	0.88632105301442	0.504332179620276	0.45775010276241	0.939804006252927	0.514580948455124	0.649716720379578	0.0115206161596338	0.847815165570617	0.828907247436731	0.890752498686648	0.158992516977593	0.528263621883501	0.892716214439716	0.362176438730591	0.772912599308911	0.392126153859929	0.925736134106527	0.63649906019462	0.932545608145181	0.580329233449796	0.816774867409245	0.830297280950207	0.779093789066437	0.86036248864974	0.845591045516361	0.830440138278503	0.678502034428886	0.698403607530473	0.7100200653281	0.323224921712546	0.864703606637099	0.822109055798168	0.746469547937462	0.727548398938285	0.893660282955294	0.880182903871681	0.748471274328787	0.900458039266835	0.699298840579799	0.45610476025647	0.851048892291577	0.613354436474743	0.892138386580537	0.509217543329735	0.805217967661577	0.466758127810281	0.476551057014443	0.59998987159918	0.589240257139384	0.701614776421123	0.538130805813494	0.411195406322318
INSR	0.773947909840398	0.149153982442509	0.796575222111492	0.592502649841268	0.658503751338325	-0.0112009552057036	0.589410490651499	0.724891359390215	0.796770908607293	0.768271175665889	0.815208324046891	0.655740352567241	0.33972110147253	0.655989325025933	0.773647733924858	1	0.683516316894835	0.144079614847787	0.832034725585593	0.865527156840145	0.78837285152974	0.826417996001624	0.675416634725025	0.608629462911766	0.540068518851371	0.692804286455903	0.499796718748288	0.728151474729815	0.76897125935077	0.705865830428875	0.603690934246081	0.206476823379033	0.742716451398052	0.766658336497429	0.781880365455979	0.710518520809187	0.785533525424598	0.00209837437783199	0.5598895124225	0.831330209629411	0.581501359845222	0.74873465377425	0.733098333437161	0.561985036096311	0.798911567706552	0.317594108984952	0.632123079804381	0.774818584717429	0.336819372191943	0.782679646724135	0.720867095593493	0.788920741681716	0.773639414015334	0.412590571045764	0.663920927615212	0.709228387972391	0.406008264839115	0.806722502364499	0.557756388036687	0.507349193359913	0.795529492383994	0.439208231248827	0.584809379537691	-0.0569978752575481	0.786061637141539	0.741747166126831	0.787736148448052	-0.016604103646306	0.282241477049051	0.811347145666097	0.526992435880985	0.624341258849687	0.217807420347593	0.812644872167968	0.786070640030672	0.759248863580671	0.427714004417877	0.75444288400331	0.672299223409259	0.723665122240326	0.82031986629899	0.807408358981532	0.764824437137791	0.669876190379296	0.714202506342286	0.708342624733608	0.415587613461862	0.799927457938666	0.753443564285924	0.755339060352859	0.641756610221684	0.827448687581584	0.799226140868993	0.683643923720308	0.752839054446189	0.734932966869293	0.306591312126674	0.711510373152299	0.583738169620351	0.836011562941167	0.397431843177788	0.815054350112824	0.422660749111986	0.49636667792133	0.554619195063145	0.688077403935013	0.691915087342677	0.486755576343784	0.368324377357457
CAV1	0.634196543896828	-0.182898795059404	0.558272359516729	0.420348830840836	0.231036080657262	-0.156234462862064	0.491021638385296	0.62912557603409	0.534746993369621	0.435094829156407	0.633020545755329	0.256538695167276	-0.03571827665937	0.67022619139417	0.53615598049728	0.683516316894835	1	-0.00774733778176891	0.628224377802514	0.77010642782541	0.763635796991691	0.63346472928598	0.89704603697599	0.645527614217234	0.186725953102807	0.506195315723525	0.189639157830301	0.371341275347241	0.588802053384881	0.51006212674237	0.413879060267851	-0.121001298929739	0.646632698792115	0.457538247734728	0.71093420310776	0.48014943278393	0.649736478937756	-0.245872633541371	0.156618823878607	0.765979042968911	0.814558455066725	0.46653079156671	0.710815690285648	0.122650726716599	0.662403355954095	0.271802682305538	0.832997377324482	0.66649993378182	0.104254460906811	0.611539220642093	0.587660850491336	0.781946189942704	0.487351220882205	0.603028781432385	0.688458387420066	0.853388225707796	0.577787143153175	0.569895399113389	0.885806445703811	0.790605523521335	0.550369013579568	0.512740648515785	0.334820693894156	-0.223415160716118	0.505320621276414	0.482462854495095	0.498120290263522	-0.387721640449528	-0.0653495602434236	0.671894198538157	0.324693701005094	0.248909858471359	-0.170774463482099	0.64704265352914	0.756422833214495	0.595688152782589	0.114214976995589	0.705205366301934	0.44247206053152	0.506959784497008	0.650773820652844	0.549809303692788	0.695485893230699	0.800901526029504	0.84488893127638	0.634173787914453	0.853335740128354	0.52609061627812	0.746145598631077	0.775722635014396	0.632723229560768	0.718086044315985	0.674940463073926	0.677325697893599	0.399974917369722	0.525059742678069	0.327748660176364	0.239495145246471	0.710978558404145	0.644996964751941	0.346180875784601	0.82242790272134	0.36075484746839	0.53164899614773	0.725864431153199	0.858918233084363	0.580440732778038	0.60615983022558	0.396019283983465
HMMR	0.138431522347655	0.589899542334936	0.169485377928545	0.269764435872126	0.43686290060243	-0.1151777422705	0.487606024232172	0.131771884507296	0.0114789783977592	0.332076347027041	0.0287042247639151	0.205800708400612	0.499007119240399	0.183075889871108	0.0849447714420604	0.144079614847787	-0.00774733778176891	1	0.0134830470460135	0.0767155894167442	0.245252577285774	0.0273920420752894	0.052382479913998	0.265886431114008	0.554041274470778	0.356758849800826	0.558616086679839	0.334334704870129	0.321793909580642	0.43910251268495	0.498908131289883	0.376771511138538	0.12300610288404	0.0125671275690611	0.268257529396496	0.15968943850487	0.172033818167025	0.721197148116778	0.629377076146377	-0.00803011902752829	0.181910226130727	0.283659759075944	0.087067487789622	0.355100439066235	-0.106206246566794	0.592837573699122	0.0748211750899336	0.160891704215129	0.563690121318909	0.0315904717704772	0.310659037948348	0.202630461957859	0.248932369955302	0.252846217290321	0.431423365051562	0.0438357494821584	0.0846444026637873	0.293786841320129	0.0915413129444087	0.144576966654047	0.123598232723022	0.313228015046197	0.499544017210115	0.611807031348257	-0.0512284562245428	0.199621395868767	0.284462129542245	0.48858438791155	0.0437140520235124	0.155529266604407	0.324676284474871	0.262441931205092	0.281562514788392	0.201843596711153	0.369357641430341	0.0650444602735853	0.469832062271479	0.137621165746703	0.238862133802891	0.392883089607563	0.173227433533772	0.365102043894229	0.168077827183183	0.241738329671402	0.135336468558194	0.120683203291845	-0.0182526779027015	0.29198553682775	0.0387817013557634	0.134489577416037	0.271868350102407	0.0344022504486097	0.157741486546746	0.344127820386738	0.054457403961325	0.178594207989594	0.107892325963029	0.190554862920762	0.353797416349707	0.147927521734314	-0.021127586133903	0.0820688878853914	0.0305296295216014	0.281880540934059	0.103171781038943	0.0740332552691543	0.40905450953251	0.0416540938905616	0.0441958093402089
LDLR	0.915478297340425	-0.00250646827265746	0.884629130853562	0.557369082127149	0.670630738186003	-0.0518598923240674	0.610806901981549	0.916157957346132	0.930709251156357	0.861323276100907	0.959566838135131	0.670775044897463	0.332663911897342	0.71035270881646	0.846272794956515	0.832034725585593	0.628224377802514	0.0134830470460135	1	0.939902652992579	0.845162602921336	0.941233494557831	0.647219398778323	0.650393502276165	0.577683005823297	0.735778249535505	0.443909236180599	0.687572925817093	0.865172553451835	0.776763654127603	0.595745463194708	0.15871216311708	0.830822644166916	0.955894176851637	0.837694859319823	0.834532934703472	0.767320580595482	-0.0836380940103929	0.525358564600515	0.909407400978327	0.557587917896184	0.850457782962638	0.878497433264761	0.584089723079524	0.93164573104151	0.393149140106066	0.575822931039494	0.865630268745283	0.341092551198054	0.91872236013629	0.81319144373328	0.813907303395387	0.775573846131407	0.247971229708571	0.623678467700994	0.721661809251238	0.306420034742471	0.862950804762479	0.514010463849333	0.489895300230348	0.827577623374428	0.433062968998722	0.606401665339551	-0.116042905297483	0.94729866573682	0.836648585955242	0.853662604318109	-0.121068864533988	0.222613252784658	0.901106003544724	0.36836892499179	0.618113270294775	0.133775853056219	0.913187022302284	0.720539078464318	0.842591807603904	0.438518166450506	0.898213468447352	0.727703268546559	0.825353339752813	0.923316358161003	0.864569018365436	0.792176396862298	0.732712090864293	0.764778137720195	0.639003667828212	0.331791422563663	0.906651341580017	0.899136009221058	0.725401758834524	0.785974150173876	0.945013133675226	0.92147449786717	0.770947030440496	0.82947550818622	0.74124598122265	0.331477453327311	0.820914956246325	0.652346470453958	0.875590203361379	0.410372974927773	0.825608203427453	0.402809113640732	0.489101840812112	0.540156403114728	0.667726394813056	0.753782977635158	0.511468488608914	0.32629173588167
LPP	0.933568688554607	-0.00150366758957366	0.896085742433778	0.578456076086285	0.660917676783822	0.0118920882817913	0.70648213784781	0.915550648782714	0.910859598489456	0.852504929392451	0.935756969522769	0.635226497568858	0.340726815355873	0.821745967068206	0.861679070968873	0.865527156840145	0.77010642782541	0.0767155894167442	0.939902652992579	1	0.925837561215515	0.916735112497185	0.74982391581206	0.749051502726855	0.574376515907867	0.797088626361782	0.52446149347954	0.69330915702242	0.889460610058192	0.803998855078123	0.684282778226938	0.210930103009689	0.843150998973226	0.871811180424891	0.909896392559388	0.84695315172359	0.834531344601893	-0.0574578077981944	0.525177619063178	0.934118894314085	0.728165154274077	0.844403104947014	0.905094698296628	0.563839420628556	0.868779040643039	0.425696106059329	0.73200448900738	0.927473457732344	0.420464128626478	0.928768567503064	0.843834197164106	0.899446414742416	0.810060091495208	0.48241556703556	0.751149865154689	0.847399309403353	0.50166941771193	0.885541510082858	0.676890707262775	0.65766719832624	0.8650871358282	0.544161625078442	0.618796622589533	-0.0992820462927023	0.873398793578775	0.850924923184041	0.863961569622748	-0.0858565097191067	0.277008819306096	0.938804765839734	0.478518216769642	0.651683394876891	0.164231779782976	0.950227848170921	0.782583444463964	0.898176484244129	0.437384540730107	0.933947082999499	0.791411801755351	0.833045773886503	0.935417644545345	0.871606297436295	0.897790047990947	0.848198415390048	0.873527808796589	0.733366297211749	0.472654564360208	0.887433092701244	0.935172407043332	0.847221970089461	0.847583477792571	0.958343238182274	0.953732887673023	0.856563870942032	0.80546222512942	0.776715311723146	0.389534081725752	0.762333271767301	0.770525855047476	0.91277347552751	0.473220904384576	0.916213964589196	0.463128249586412	0.547951051774279	0.668919047044721	0.789947716573864	0.809920580907549	0.572012912614056	0.426943965824879
