""	PTPRZ1	SDC3	NCL	NRCAM	EGFR	THY1	APLP2	NRXN1	ITGB1	ACKR3	LRP1	NOTCH1	ROBO1	ITGAV	NCAM2	NLGN1	RPSA	CD63	PTPRA	SLC16A1	RXRA	NLGN3	CDH2	PDGFRA	FGFR1	LINGO1	LRP6	GPC1	NOTCH2	TNFRSF21	TSPAN12	APLP1	NLGN2	PLXNA3	CD99L2	CHL1	PTPRF	NRXN2	CNTN1	INSR	TYRO3	LIFR	LAMP1	CAV1	MCFD2	EPHB1	DDR1	CADM1	F3	EPHA4	NCSTN	MCAM	BMPR2	DAG1	ANTXR1	SORT1	AMFR	KLRC2	IGF1R	GPR37L1	ACTR2	ABCA1	TSPAN5	TFRC	STX4	CD81	LY96	CANX	CD74	SORL1	C1QBP	TNFRSF1A	TSPAN14	CD46
PTPRZ1	1	0.722422166070547	0.860391441233641	0.808677215257181	0.332157005687712	0.935046410139376	0.750930249492774	0.762143896790088	0.746683939902328	0.741194733722227	0.837151807346316	0.864773306165283	0.77641337134442	0.692873847328308	0.917606129411707	0.906680518620324	0.836474188197715	0.75130044534566	0.763764707264169	0.765085860797345	0.526991636160593	0.931618280544244	0.90714751826552	0.573433511230702	0.742149177377888	0.896348400199372	0.866748696636156	0.723058272244714	0.563031098954015	0.619938335516265	0.8048367705237	0.528291148786819	0.819909185851681	0.749619889187882	0.687310878635308	0.430314384018377	0.611443257193726	0.887508917173284	0.879903374093076	0.653333225351024	0.782696930220416	0.407517420579724	0.703585149743521	0.795730024826983	0.795595467049878	0.83468242542639	0.724900524802571	0.799386194073937	0.382968213801654	0.442877348207057	0.706069290296054	0.82212315876872	0.86679467915276	0.792016410189253	0.776773280679857	0.766668026971958	0.646723219146471	0.731952651472247	0.669781510776174	0.290451579660572	0.654353419247441	0.392336873001088	0.692270566575841	0.315562182018305	0.51433091945206	0.629704503323161	0.311189343435458	0.797515458850309	0.0579685279642833	0.0418877633460534	0.85895939090805	0.593102432907435	0.491004922033354	0.713574373419638
SDC3	0.722422166070547	1	0.755179128291782	0.726844871411634	0.339934051831954	0.616374629648381	0.819787146022094	0.774022558242106	0.82108309841206	0.841541000195104	0.811134388386947	0.800334943523418	0.860765981984847	0.772407209920281	0.779591675236945	0.811875159920414	0.692083890219791	0.84616695487937	0.809949475227951	0.773562013797118	0.733919221660234	0.82412641408245	0.809879359823764	0.00200154422692367	0.816026892493754	0.560357742634919	0.547135603593406	0.787389060170928	0.724116772385017	0.267299860834164	0.766382591177685	0.556562745509848	0.738176932938738	0.613644990867468	0.876860113435984	0.724843778518486	0.825522770159197	0.782518130031939	0.501013906154135	0.716852114170863	0.85740100044935	0.830290126363822	0.82853305468994	0.8300791098307	0.845786832495959	0.47975143385924	0.914136021053395	0.687833872529085	0.770538976562453	0.788633648188715	0.741362085378483	0.637271100078164	0.812805614369278	0.855540293669995	0.784947038292829	0.865831126805655	0.807688347781899	0.442819737338009	0.870587291984574	0.460968741297835	0.791919979656955	0.755488785029926	0.763923217830524	0.575279585068517	0.619370546488095	0.820431270921757	0.544785459941228	0.901059586387619	0.262873413271182	0.351882456280245	0.734501340843493	0.825483724458707	0.668281630557756	0.870528425964935
NCL	0.860391441233641	0.755179128291782	1	0.682770198630085	0.165210959687424	0.881144273883455	0.891535472242187	0.780592646141642	0.919424447311867	0.827448312176225	0.826504745916269	0.901737147131327	0.862745127350508	0.747772237355222	0.846906032103423	0.880894732921569	0.962921429559617	0.915957432993766	0.857816998410454	0.857629065317314	0.631125471872444	0.889292444071189	0.949229616303816	0.206975898695447	0.845094373746078	0.828282099186275	0.743467372630012	0.890745283366973	0.624674743390979	0.446306977483838	0.88157801689871	0.581778305543862	0.857130019484746	0.72705722811821	0.745595795561102	0.512189688919373	0.63675236561298	0.840602985094373	0.612180487750001	0.564129304063365	0.86717835088093	0.399698137034942	0.833853989082813	0.903225820229556	0.872071923667233	0.609308771297136	0.779851811020612	0.675325296611503	0.506462813509879	0.582490755319909	0.757518372423505	0.818696913315797	0.876031868156561	0.8440941299934	0.736644185325893	0.828189204246879	0.810641364899999	0.706115425320013	0.79503591961502	0.0931952267746738	0.821051424610982	0.554346270098269	0.777859070604641	0.561908417310935	0.684731802732249	0.725760758623725	0.573274076279145	0.899607527782526	0.305638571685608	0.261290777016559	0.968546394672226	0.77063594007472	0.658673469546281	0.796744793185222
NRCAM	0.808677215257181	0.726844871411634	0.682770198630085	1	0.451449971192099	0.712741041038617	0.752079902136875	0.716354472901532	0.646666595124992	0.765839208070145	0.863300631250904	0.799500384526936	0.756077609647682	0.852313522536048	0.726556045820168	0.733393174665117	0.626477916497821	0.681466146657097	0.80061689735658	0.77818230377481	0.674612429284402	0.797621231724058	0.730366011333836	0.52727487003037	0.726113615167606	0.680635324577643	0.751214212602136	0.627758897195096	0.825527774521433	0.501176577953826	0.757110646134453	0.492315409616975	0.752933237537114	0.651546948413312	0.775820494627031	0.674942762889743	0.781021935812097	0.662839829023615	0.757380290174659	0.62287209302487	0.749923491797213	0.569719826404526	0.797303226782742	0.635288707305283	0.71555059190611	0.810704088729535	0.775898644171565	0.741823362146302	0.691734074238029	0.685221716463791	0.6488264988604	0.522165072290785	0.731582113752799	0.747426804090222	0.700481470027552	0.753459540107609	0.727282183167175	0.411525664451183	0.679748808265179	0.529953304423559	0.670560296092854	0.621421494388227	0.583049598021172	0.410709694760039	0.549466907005683	0.76666236907908	0.470304855994193	0.777705517369705	0.213545361882111	0.281280679579188	0.628739609604069	0.680261076710003	0.548030276877037	0.746326913677863
EGFR	0.332157005687712	0.339934051831954	0.165210959687424	0.451449971192099	1	0.130077521086944	0.162117306838769	0.584528316694789	0.183227558314341	0.223619520904261	0.282580494376606	0.277013617341637	0.238809555416127	0.23079438132205	0.203327443216053	0.393304135899024	0.0500185893630043	0.0382190416491371	0.354260530423845	0.259996723751414	0.292860554274601	0.237908736526192	0.212205848081398	0.413329664203415	0.133608722314155	0.349590857242113	0.460460961071147	0.0347614748755301	0.290154018061082	0.0702667608879114	0.300469368437554	0.253482493690071	0.29545065994143	0.20177526377642	0.424442149154242	0.444642997240591	0.434658185409207	0.23342412315164	0.430015429282926	0.324814433052055	0.195623209663274	0.349417362135585	0.224875356512574	0.0122545092838691	0.152254715933491	0.413351105580767	0.257032152163336	0.386828551169417	0.256753200165174	0.301763161185681	0.0971376807395894	0.161936414514397	0.391283763780481	0.283659628216661	0.183673232090004	0.208952077963039	0.224591169886995	0.13874985485473	0.23709130375422	0.365133882727707	0.207120093739323	0.168266128669151	0.287890159843807	0.0280766679956793	0.024460114679962	0.225319491535885	-0.0742271515239439	0.214679050873371	-0.0543702126188372	0.0666241385548725	0.0746432706931699	0.0609501919361468	0.156625367395318	0.36792759974346
THY1	0.935046410139376	0.616374629648381	0.881144273883455	0.712741041038617	0.130077521086944	1	0.732367732827347	0.668903751706949	0.715054124718003	0.692423118298735	0.758193130003617	0.832264422097589	0.713676813484474	0.607234741359607	0.889867415019528	0.826119108727543	0.907503736908591	0.7445177309971	0.670003756715847	0.710362515109062	0.420063154099226	0.903223243754741	0.873214975502101	0.497620788424686	0.732391135906957	0.846809653186017	0.812884972235224	0.727971465936713	0.487354176900075	0.697660347087425	0.818376698732223	0.493472306842693	0.799586672522663	0.773940404315137	0.555749933273749	0.302165998910151	0.486977172316688	0.858196788701166	0.778058247220005	0.533541463528767	0.718386455048947	0.268732325814613	0.660760492233576	0.796019140229903	0.740698221728774	0.791427720967776	0.64250893459808	0.763036672294375	0.309258161851029	0.316254335571604	0.708980923230058	0.81421360755301	0.825977014910135	0.733219133738211	0.747587136566713	0.716018455250292	0.587499863979203	0.745464893081686	0.576313499810553	0.140108127199783	0.616887953308842	0.300131333125126	0.633299156349576	0.309691059135375	0.480917176309051	0.546473937901696	0.307632986585067	0.747106434654661	0.0391187183922198	-0.00538044402826602	0.909330908561681	0.550517498491697	0.427915814644515	0.617673138732856
APLP2	0.750930249492774	0.819787146022094	0.891535472242187	0.752079902136875	0.162117306838769	0.732367732827347	1	0.736506724663432	0.942458230909332	0.856398425817678	0.911143004075863	0.854310979897369	0.870300852810584	0.904852416878389	0.796517555829192	0.829551443983895	0.837260085081764	0.9437334211981	0.894859227702397	0.908651265974779	0.8448790505641	0.823391345779691	0.869367187965464	0.0973370172232785	0.803310858622489	0.668477358544865	0.683570648578008	0.952567804423493	0.838668274567175	0.333920623454097	0.884529597724678	0.588599026622687	0.860496272414617	0.705271279644735	0.863849791348052	0.716094929300422	0.809650282962994	0.767260560413102	0.476693069270293	0.602124492037838	0.891030986600106	0.531701377365448	0.95966109601878	0.87328380956091	0.896878233253185	0.555156498223777	0.901827689368159	0.667920253053573	0.72574665179952	0.803064583906803	0.842224384959573	0.61326929042765	0.810689187769529	0.900332334491256	0.683170109557419	0.875884993663147	0.900899581298514	0.513595617974725	0.896536163745692	0.228027870072488	0.89960542131317	0.7725510943372	0.719271651636514	0.698717718987505	0.801858051444851	0.881220258819304	0.733640692520625	0.96716804695601	0.498890963648637	0.493368255956712	0.825822017467664	0.895418147395571	0.736975417229331	0.841985556864877
NRXN1	0.762143896790088	0.774022558242106	0.780592646141642	0.716354472901532	0.584528316694789	0.668903751706949	0.736506724663432	1	0.768531384422567	0.669137392715426	0.718255653806573	0.773851767065461	0.806726988492001	0.624563092390835	0.705812962916352	0.8402574771064	0.668341932731843	0.682948737584646	0.809985060815099	0.766496894571387	0.670824023829508	0.789371111885892	0.815391355367439	0.273920602625829	0.697259959996181	0.806166169986907	0.719705299875226	0.661334260404267	0.608310406744052	0.255259953252782	0.78548027245394	0.586645448881115	0.798654350526794	0.713410428885298	0.806968089208609	0.601699801770189	0.726830743126422	0.778330677794979	0.588209413073885	0.524920012150407	0.685596627421696	0.549263485810107	0.711868969369517	0.664662382661732	0.717527576452374	0.611032113272632	0.775924434545398	0.714766529374704	0.539851968531709	0.651716233407038	0.573671810346019	0.558517014654073	0.845126153234496	0.815107080896887	0.582397309021979	0.696588944435591	0.654929152146863	0.639562772956423	0.748506773548558	0.288857214665356	0.688488166518877	0.52188447729291	0.737939759756613	0.406205137053398	0.44671991281672	0.615285461159257	0.344565714978854	0.76685407655337	0.145976078530742	0.19607910871546	0.739498251004552	0.593323187675612	0.524498240081797	0.742024052764597
ITGB1	0.746683939902328	0.82108309841206	0.919424447311867	0.646666595124992	0.183227558314341	0.715054124718003	0.942458230909332	0.768531384422567	1	0.793275171801548	0.851056145291476	0.852504642316791	0.871625726922885	0.803139518710526	0.780807187446855	0.855660249254153	0.858204917029329	0.95145519508659	0.867613760296099	0.860505190369656	0.771223496031917	0.829490812046425	0.906111488502539	0.040249350498704	0.803168249097751	0.704067405386339	0.628265488457709	0.930170257644982	0.717085246999645	0.266148502420042	0.847303792348902	0.617936210212958	0.805611028086102	0.669988790190565	0.826756586628784	0.660672676624822	0.770575389666332	0.795580444656152	0.474159281111071	0.613692843671427	0.876971989407269	0.49996142400031	0.898454391765907	0.891379533124623	0.89690120972122	0.488621941417985	0.859123628147179	0.641298516060242	0.633829997830025	0.744902273427431	0.769651091499271	0.685405662003269	0.848999597176078	0.910143166675613	0.662244768999326	0.855932078431561	0.874554382378111	0.562130556163467	0.889858013859705	0.128803998866818	0.914140497404895	0.741105214058233	0.784178902048042	0.719784376259566	0.802420859792673	0.824424373864087	0.708323563438197	0.942388917331675	0.493950397863826	0.472016170572986	0.868811627257139	0.870058223565603	0.789371583333146	0.862667142485173
ACKR3	0.741194733722227	0.841541000195104	0.827448312176225	0.765839208070145	0.223619520904261	0.692423118298735	0.856398425817678	0.669137392715426	0.793275171801548	1	0.809484097266349	0.825795597868668	0.871033522707052	0.862576705701834	0.792573506231338	0.787860224300228	0.772773784372256	0.875564960749132	0.84421924676929	0.807494312117053	0.705570391585658	0.772914551706613	0.816552751765861	0.0967471551343446	0.840043319460828	0.613343269782312	0.599678485175158	0.801557675468941	0.746423563021877	0.294269288454822	0.795900970689497	0.488263035693273	0.769375329577565	0.561765639692531	0.828441852068006	0.727058092110909	0.749930487722992	0.720933101629544	0.558012486544065	0.634894752751857	0.891374734320997	0.677279353045818	0.870102609860606	0.856411189230358	0.848778705953316	0.520526323459484	0.859530206852673	0.586300964253081	0.774110549663945	0.760237224784587	0.745831476736474	0.67415653121457	0.75499391029501	0.7895837247148	0.770631961590167	0.846834577170781	0.891092672678307	0.483287749519352	0.8511468607434	0.370901604384048	0.761236012070799	0.687361054665252	0.700607423119606	0.502414315341392	0.6063252006741	0.818341102162062	0.589992634630589	0.895748378735908	0.279918266506743	0.314882867403172	0.766391453214176	0.836517278415741	0.60231626524381	0.814501465497308
LRP1	0.837151807346316	0.811134388386947	0.826504745916269	0.863300631250904	0.282580494376606	0.758193130003617	0.911143004075863	0.718255653806573	0.851056145291476	0.809484097266349	1	0.84369216701806	0.8276237910562	0.922715877682496	0.802382634283252	0.850245679672208	0.780763365082979	0.851930447326425	0.877825983184042	0.867207820058475	0.777930280984895	0.852817133016711	0.828587085104655	0.355568889598453	0.758565950209281	0.720067032948491	0.758361483560669	0.841784913553106	0.827780185586603	0.442079629571246	0.828529571051114	0.561535790644787	0.794201862499554	0.632961721754938	0.858158611587567	0.684553671524613	0.805127741385244	0.759219576762638	0.701945790840944	0.699890240958952	0.877605678858283	0.566152350214823	0.905640278251563	0.797809792040195	0.856142746594153	0.69590583369489	0.843720065531264	0.706776540303862	0.684607954934168	0.721962815958666	0.81200950219354	0.645713889256904	0.828419277699301	0.844791402940307	0.735093359951669	0.879394122331257	0.853710674323555	0.464852518036707	0.838304240869439	0.38453469756812	0.878858430856133	0.739672701257173	0.676159422361392	0.660987988367521	0.791439087340314	0.910362891488894	0.671121785853072	0.921767457687674	0.477840115705928	0.49030509849265	0.753962963113434	0.826461483010641	0.759195324145248	0.865457175701402
NOTCH1	0.864773306165283	0.800334943523418	0.901737147131327	0.799500384526936	0.277013617341637	0.832264422097589	0.854310979897369	0.773851767065461	0.852504642316791	0.825795597868668	0.84369216701806	1	0.89187249857324	0.808996824164289	0.849583596291208	0.837221653005727	0.88209936054188	0.86293750348753	0.821843221448804	0.819190541885542	0.623350824359879	0.903977699598826	0.912319554369068	0.309236912200608	0.851261849257559	0.766190289161498	0.748475663169588	0.808073678034737	0.730501314437638	0.530944594219055	0.861687471032701	0.551364359300722	0.811953505799441	0.766076934014238	0.743949692349382	0.597079782745148	0.668121188546401	0.796150472701999	0.664445160917975	0.615597608951383	0.843023803097389	0.533853670606254	0.833332433393857	0.855433705095225	0.848644787434775	0.692997873769241	0.816788016221891	0.759883392664825	0.596191834879913	0.648345815642982	0.767011130918695	0.756215030997366	0.858367325670564	0.831409009474846	0.811963903651394	0.844295518863198	0.788416638310001	0.604079514378244	0.754460669205076	0.299476630630859	0.805331422260354	0.652586221482294	0.73760337249369	0.544182517867343	0.665094837276261	0.773409630352582	0.563640683015399	0.875921509809963	0.291760775856901	0.288964156376341	0.886487109536623	0.775626335206131	0.687058445463295	0.826703289724821
ROBO1	0.77641337134442	0.860765981984847	0.862745127350508	0.756077609647682	0.238809555416127	0.713676813484474	0.870300852810584	0.806726988492001	0.871625726922885	0.871033522707052	0.8276237910562	0.89187249857324	1	0.840776995784273	0.800319822715024	0.843332307864018	0.796690946770237	0.894432933257096	0.881802514134854	0.853461256357099	0.739583938469903	0.837895635451693	0.890492977203228	0.0997993186957888	0.822186102638228	0.713486627310313	0.601257926513931	0.831062558223325	0.750090272526727	0.337792901270436	0.844506658643904	0.536377902331651	0.796665714732834	0.644710605956277	0.839571419018409	0.70790261035396	0.772296643972129	0.781959537755166	0.554934897580471	0.585929329139619	0.858734041302265	0.665705488134709	0.857083668344258	0.900843335250377	0.886523888773619	0.520091260136891	0.911137753608279	0.662809422371541	0.70757453874101	0.799682921727757	0.719820173713857	0.61273211595518	0.831117742985322	0.847004335043743	0.766608774521748	0.84280202820175	0.846626110521064	0.590833627906016	0.883783963290334	0.333941366914035	0.793086287513043	0.736631674143762	0.730046927268066	0.536230021110245	0.650132136139889	0.788356645813627	0.577642135784718	0.911366172937466	0.282313992888484	0.292215123981847	0.832458898594949	0.832200492218512	0.634428020562848	0.823954115456822
ITGAV	0.692873847328308	0.772407209920281	0.747772237355222	0.852313522536048	0.23079438132205	0.607234741359607	0.904852416878389	0.624563092390835	0.803139518710526	0.862576705701834	0.922715877682496	0.808996824164289	0.840776995784273	1	0.697384565059726	0.736084176064272	0.683269667230965	0.842919374768954	0.887997569013891	0.847265862849785	0.816910934791744	0.721867953672572	0.740031655979322	0.209982345581297	0.754980719742965	0.562783263134927	0.634622501264795	0.816331319827422	0.910702619721296	0.32477706739727	0.768873059142331	0.493125959566264	0.728379077208671	0.549063880088585	0.86643233085781	0.799871593694971	0.816800668868637	0.614603321820252	0.537510350883322	0.624926297915064	0.87428983429935	0.613227643957275	0.933104714379765	0.762009987461375	0.834604806219978	0.575939882696483	0.855981634777226	0.588226275087266	0.823637446412058	0.841701628624654	0.769111946545155	0.501006816945819	0.705055963507222	0.77706339572801	0.68794689656543	0.836981410277003	0.91114238243219	0.347798785976045	0.855401364592879	0.408491238444543	0.842610568818594	0.846015295835453	0.623028869171918	0.654529007397866	0.793514470816124	0.928007967800159	0.753315954756526	0.893944105066813	0.529653409193571	0.557044286881362	0.650776438633584	0.88202845114145	0.745437341105212	0.83396262371909
NCAM2	0.917606129411707	0.779591675236945	0.846906032103423	0.726556045820168	0.203327443216053	0.889867415019528	0.796517555829192	0.705812962916352	0.780807187446855	0.792573506231338	0.802382634283252	0.849583596291208	0.800319822715024	0.697384565059726	1	0.890759691156415	0.84902414444919	0.806506100875718	0.73625246074033	0.733960000416955	0.558242749347397	0.905953733320681	0.899890937546824	0.328363171708183	0.763511297670653	0.76245572981376	0.78664400420682	0.802774367693022	0.585115464998451	0.596183571564142	0.81681262893513	0.566618469433863	0.814089743098565	0.79553977974946	0.694572522363223	0.492049257041966	0.641859163861623	0.913578921497669	0.707739346131913	0.663907575403066	0.810585009045866	0.509286607894448	0.740611158865092	0.855370784353881	0.84651158931844	0.719815127633304	0.811649384456401	0.844723173958764	0.481319664450167	0.510298121917947	0.790468569977954	0.782799760566398	0.869083284556282	0.835054686190724	0.828697613964228	0.822306128705544	0.674658601464698	0.726353437482344	0.738474384596322	0.326604310633391	0.6792592449606	0.480708486474639	0.733335878250984	0.367784113289733	0.531374380718277	0.662313170519619	0.351112696123293	0.843168623824253	0.0759697820505315	0.0664835446417628	0.86015809647752	0.65520261702611	0.480701846853353	0.720954993850132
NLGN1	0.906680518620324	0.811875159920414	0.880894732921569	0.733393174665117	0.393304135899024	0.826119108727543	0.829551443983895	0.8402574771064	0.855660249254153	0.787860224300228	0.850245679672208	0.837221653005727	0.843332307864018	0.736084176064272	0.890759691156415	1	0.809099819812791	0.819884142671767	0.821486628401004	0.781488481410762	0.657111139246631	0.883136882911854	0.92486393801934	0.320996387547076	0.726068284566204	0.828984051042362	0.816444005028756	0.808089337963411	0.59703505651727	0.402374199468278	0.841573303294067	0.624983174331212	0.815840908648418	0.698053739736081	0.802107391976817	0.598731024342405	0.722014229891934	0.917699312485526	0.724925025053112	0.71488669180922	0.849923613015951	0.524725916246198	0.774890410298903	0.839039625260095	0.84469290589678	0.704925709422663	0.821265177410726	0.755896050768685	0.510928201092371	0.572681943843777	0.723205274979712	0.75898462456447	0.914625724392002	0.880899600454118	0.741814327921322	0.804139577437446	0.756278938694108	0.715580510218294	0.816696645094961	0.227720808969536	0.781069191184956	0.533598063795261	0.754483688893887	0.445331275816536	0.583118827172671	0.687190766483822	0.391206097695076	0.87741880566389	0.171696997216864	0.182185442984866	0.83784432567582	0.700944086432709	0.572194440299033	0.811385354070926
RPSA	0.836474188197715	0.692083890219791	0.962921429559617	0.626477916497821	0.0500185893630043	0.907503736908591	0.837260085081764	0.668341932731843	0.858204917029329	0.772773784372256	0.780763365082979	0.88209936054188	0.796690946770237	0.683269667230965	0.84902414444919	0.809099819812791	1	0.879052733944605	0.758789434278113	0.782127101065246	0.514803758201446	0.867553047802781	0.907818658884035	0.213271354486881	0.806084571429301	0.762336545788571	0.713440663770883	0.845053746358424	0.554708731311398	0.572212965999731	0.844016143564428	0.503396629119313	0.808574395459344	0.717589810056732	0.629184407923181	0.404996705151452	0.520292629142254	0.815638848405474	0.598144292753192	0.538790373317148	0.799052929745838	0.331737205118071	0.765357248235901	0.889332875022858	0.835315921488489	0.595678805677744	0.697179249443895	0.682495509256328	0.417767737329149	0.47236250336064	0.77842778481159	0.831699512298504	0.846141010680092	0.762914779708304	0.781876936385889	0.789775663277913	0.745474999642899	0.690048395045445	0.685639870545793	0.0662381092070172	0.768567908247489	0.488163144698912	0.7255254524153	0.534638178703115	0.660516739291879	0.67950895733647	0.559783208859765	0.839536205458319	0.285708919518229	0.212991131640484	0.967056938416911	0.72276680605888	0.613140340830224	0.732148505154857
CD63	0.75130044534566	0.84616695487937	0.915957432993766	0.681466146657097	0.0382190416491371	0.7445177309971	0.9437334211981	0.682948737584646	0.95145519508659	0.875564960749132	0.851930447326425	0.86293750348753	0.894432933257096	0.842919374768954	0.806506100875718	0.819884142671767	0.879052733944605	1	0.854489319811406	0.848751061336962	0.738310572046051	0.842752884037838	0.907337920737542	-0.00323943167332732	0.872532455440336	0.650784916026355	0.562211624569346	0.931318457753004	0.734815561043395	0.295124408382937	0.820110978180887	0.554523717151395	0.791579062550268	0.661932257671402	0.808472080872074	0.633234399300984	0.734176371574391	0.789306788490866	0.473237434198032	0.618577060511527	0.919005463233118	0.546087664922175	0.908668691790556	0.959050743604109	0.931638703942518	0.489020721601592	0.882794135012114	0.599407400719359	0.690072477321925	0.74779846160522	0.795406719751974	0.713892526809656	0.801318962743796	0.872521126500456	0.735082448712146	0.883115139555399	0.8881318820092	0.558519565357861	0.880468436419559	0.164324483441636	0.892045529112615	0.757011699308497	0.763443039084785	0.683828719637127	0.793796529226857	0.844449223628918	0.744115879179891	0.9557160735503	0.453258886748185	0.43536653121779	0.887067128381993	0.936413529661084	0.751255073421758	0.858173415996015
PTPRA	0.763764707264169	0.809949475227951	0.857816998410454	0.80061689735658	0.354260530423845	0.670003756715847	0.894859227702397	0.809985060815099	0.867613760296099	0.84421924676929	0.877825983184042	0.821843221448804	0.881802514134854	0.887997569013891	0.73625246074033	0.821486628401004	0.758789434278113	0.854489319811406	1	0.917336892651813	0.785868512699616	0.768439447050977	0.830948320019649	0.188548744396765	0.80711577150147	0.727024551809135	0.709554956484823	0.838010301027696	0.801204232748263	0.329675851325571	0.800987614175308	0.613115709600595	0.840857151670772	0.622003776473987	0.898160978103903	0.704332879216623	0.81482055713602	0.718019050303219	0.566788150661468	0.604907449337445	0.888400473375469	0.565231390222816	0.911818472087035	0.800336520471879	0.875920483692174	0.576482358730798	0.84939858828106	0.64448833057335	0.707835235632614	0.801367123730467	0.733398270191453	0.623613089522819	0.817263578378709	0.799997407087558	0.689616541683987	0.854414828475494	0.89981182142548	0.543353049454478	0.882767761076026	0.300104896838469	0.832276692278995	0.745738383578531	0.79416034900601	0.60633224791029	0.73625567861039	0.846064651275281	0.660743110600252	0.909565553088266	0.41635864537029	0.437947539537934	0.766497392067446	0.81702426607665	0.727114592839554	0.846621326562783
SLC16A1	0.765085860797345	0.773562013797118	0.857629065317314	0.77818230377481	0.259996723751414	0.710362515109062	0.908651265974779	0.766496894571387	0.860505190369656	0.807494312117053	0.867207820058475	0.819190541885542	0.853461256357099	0.847265862849785	0.733960000416955	0.781488481410762	0.782127101065246	0.848751061336962	0.917336892651813	1	0.838420061271999	0.807066715787878	0.82798172211666	0.22921611248856	0.77232521527036	0.73792122083921	0.683297515177897	0.855623302679623	0.822384787254874	0.340577769215578	0.833467529372169	0.553279611690029	0.859809990510307	0.626320231102263	0.854860441394601	0.654804679951844	0.769761438900735	0.692134940100787	0.53515220986658	0.463410150394555	0.819355158631942	0.495550397536941	0.89793124289045	0.788797849019748	0.81801384304827	0.589585267321639	0.836010418511879	0.629716206374012	0.652822806441467	0.774096992004729	0.700134407759899	0.582367458440502	0.74220462660651	0.834737596492566	0.603947678834113	0.80780354764246	0.819850646368979	0.484692613732259	0.841157404881271	0.307094693590106	0.778061017362614	0.658664503062785	0.646359225648994	0.58412834737237	0.708284739125427	0.817843030677162	0.625102527025169	0.896021632334833	0.393784588554059	0.381348707442952	0.80288444451828	0.782849881670203	0.651845318481097	0.765011579751925
RXRA	0.526991636160593	0.733919221660234	0.631125471872444	0.674612429284402	0.292860554274601	0.420063154099226	0.8448790505641	0.670824023829508	0.771223496031917	0.705570391585658	0.777930280984895	0.623350824359879	0.739583938469903	0.816910934791744	0.558242749347397	0.657111139246631	0.514803758201446	0.738310572046051	0.785868512699616	0.838420061271999	1	0.63685951290939	0.651251064259877	0.0123820606037496	0.615627735302402	0.493607491598048	0.499655267230003	0.769632763362351	0.859858929821449	0.0535678587876906	0.708676622519229	0.504444310785542	0.751064476218323	0.494959633158307	0.872422578183568	0.735783794444508	0.849244996363832	0.546145645001443	0.298868027202541	0.459151645735548	0.687785522867516	0.532236035279652	0.844927234364183	0.637790010294477	0.679295996131385	0.412640898927645	0.831915858012664	0.488763986874299	0.737211612374637	0.888421965135327	0.643115830044084	0.264245084198454	0.568881130958984	0.805411336621595	0.414113505945019	0.717941819203333	0.756987820532716	0.228661144985411	0.850171411729636	0.342071429717183	0.744350198753009	0.74635875215381	0.524773146844297	0.593745214557363	0.643879750550578	0.790790351390182	0.645273841368312	0.831312908775841	0.479136328933465	0.513937185780684	0.541324122791353	0.764365409740754	0.589205194455031	0.727543198617532
NLGN3	0.931618280544244	0.82412641408245	0.889292444071189	0.797621231724058	0.237908736526192	0.903223243754741	0.823391345779691	0.789371111885892	0.829490812046425	0.772914551706613	0.852817133016711	0.903977699598826	0.837895635451693	0.721867953672572	0.905953733320681	0.883136882911854	0.867553047802781	0.842752884037838	0.768439447050977	0.807066715787878	0.63685951290939	1	0.939244910857468	0.369991196270881	0.816585863401769	0.833066911265669	0.760593677756683	0.804655004525488	0.668535174609839	0.542983029740522	0.861593032658501	0.606893240417333	0.84788214662866	0.775544453863048	0.742526018306361	0.475408961897377	0.686656854566016	0.893753313200303	0.741157992898885	0.652333235646168	0.809702227200977	0.514559202941927	0.779187784508526	0.85999670221324	0.817344613018465	0.769537028793067	0.816415461992122	0.791746500822472	0.501022547471559	0.565144950995975	0.745842524585512	0.758847106728146	0.853851932405865	0.89240021402481	0.779272014999485	0.834142401580992	0.690044929789176	0.634105543278935	0.742809039285837	0.324264387988026	0.74751716132776	0.515285384348081	0.710814104569303	0.44993321034027	0.585706010541584	0.703979227245905	0.433319539057575	0.868298848612181	0.145680297566533	0.154004494473978	0.908515416406711	0.708792099453141	0.574737378860658	0.777126371636607
CDH2	0.90714751826552	0.809879359823764	0.949229616303816	0.730366011333836	0.212205848081398	0.873214975502101	0.869367187965464	0.815391355367439	0.906111488502539	0.816552751765861	0.828587085104655	0.912319554369068	0.890492977203228	0.740031655979322	0.899890937546824	0.92486393801934	0.907818658884035	0.907337920737542	0.830948320019649	0.82798172211666	0.651251064259877	0.939244910857468	1	0.254820226206235	0.827019334129013	0.85510335061074	0.753703562185017	0.858210242351502	0.628055016013558	0.429499818967341	0.84607137267411	0.602849080427012	0.857612424164806	0.774909745217822	0.763640400501979	0.530893829371259	0.689535101500654	0.914704518716539	0.676303240045535	0.661840542655916	0.856574023189281	0.460402975708938	0.802759910087794	0.919534233047913	0.892430850477961	0.672364920598861	0.841423991389161	0.741364963257041	0.503116843088975	0.611887573847245	0.75017535919721	0.786921846781029	0.888677922113734	0.897066679745364	0.770496720187117	0.820271098908203	0.770810694409451	0.760118122863867	0.8052029291532	0.17019596234372	0.793173572550248	0.560639215875556	0.794369624133418	0.486200865893697	0.629592143807981	0.695988523931498	0.48433477254971	0.903394614083256	0.195262057603661	0.175244906872638	0.942164461958669	0.764995228065576	0.603610146175146	0.809525407808958
PDGFRA	0.573433511230702	0.00200154422692367	0.206975898695447	0.52727487003037	0.413329664203415	0.497620788424686	0.0973370172232785	0.273920602625829	0.040249350498704	0.0967471551343446	0.355568889598453	0.309236912200608	0.0997993186957888	0.209982345581297	0.328363171708183	0.320996387547076	0.213271354486881	-0.00323943167332732	0.188548744396765	0.22921611248856	0.0123820606037496	0.369991196270881	0.254820226206235	1	0.0827594754841791	0.573987823214849	0.627341436985554	-0.00274037198334421	0.164609800379081	0.520530583535942	0.23823381670818	0.0820077927665937	0.262125353729792	0.282800740333908	0.105960480808379	0.00623511613615986	0.100868851859182	0.280787677215455	0.784332461856846	0.186131759164766	0.108037916268218	-0.121279165630885	0.0941513432260872	0.0303943552545771	0.0873919085079525	0.74058763002518	0.0331528181015405	0.393739810367663	-0.12487411991477	-0.120045115105209	0.10883700022968	0.299975181768468	0.278605795928189	0.16563943231458	0.203748854983286	0.115514041002603	0.0296028030522878	0.288454153148711	-0.0285188345245454	0.224578559075111	0.0335867656409056	-0.167055186060364	0.0269397047939004	-0.147508707676857	0.0215910978732672	0.090500365676022	-0.169254575825251	0.088736649127453	-0.163507412477663	-0.186296972464286	0.201931010364211	-0.0938590377681521	0.0199532227472353	0.0957514815713769
FGFR1	0.742149177377888	0.816026892493754	0.845094373746078	0.726113615167606	0.133608722314155	0.732391135906957	0.803310858622489	0.697259959996181	0.803168249097751	0.840043319460828	0.758565950209281	0.851261849257559	0.822186102638228	0.754980719742965	0.763511297670653	0.726068284566204	0.806084571429301	0.872532455440336	0.80711577150147	0.77232521527036	0.615627735302402	0.816585863401769	0.827019334129013	0.0827594754841791	1	0.62758911775721	0.557762750899567	0.784029536436337	0.660323940245897	0.357957815027802	0.759421212804809	0.503761169671981	0.73130580934386	0.69491705006993	0.743635610034855	0.552579917132419	0.623001593551105	0.720703154444043	0.507826584416862	0.568164559397069	0.857238406551372	0.588347683089313	0.81740634340552	0.847675362032654	0.842702233158797	0.532139067245886	0.803019432911946	0.600312493737695	0.693763460411864	0.670709689193301	0.71909505373198	0.748875026639957	0.762637637038865	0.753875182295864	0.744144624533215	0.813960613071213	0.7851459118709	0.512935579565895	0.779136631380533	0.275424537899668	0.7659051357891	0.680937359768365	0.78137831495528	0.542115879252913	0.610187068188082	0.759992228564397	0.61053988817067	0.850959776065804	0.285034521593838	0.31472623867405	0.843422496743946	0.817240215402724	0.693732555539406	0.797288493787209
LINGO1	0.896348400199372	0.560357742634919	0.828282099186275	0.680635324577643	0.349590857242113	0.846809653186017	0.668477358544865	0.806166169986907	0.704067405386339	0.613343269782312	0.720067032948491	0.766190289161498	0.713486627310313	0.562783263134927	0.76245572981376	0.828984051042362	0.762336545788571	0.650784916026355	0.727024551809135	0.73792122083921	0.493607491598048	0.833066911265669	0.85510335061074	0.573987823214849	0.62758911775721	1	0.800722943291671	0.626535242126806	0.4580517776529	0.429718198010935	0.71713408790727	0.51996229469236	0.77265774325338	0.67269774448544	0.605784739808779	0.328250120938619	0.538263115406586	0.797918977306749	0.805456869792559	0.479443190684624	0.633674549919265	0.233689062999695	0.605314161112715	0.681165980001771	0.676773741313526	0.7429318611833	0.616702020924051	0.658199237088071	0.241002745579722	0.368540430124164	0.532594856640116	0.697819313281399	0.780031931333722	0.730159479605103	0.554661420713231	0.638293728597555	0.550962870117863	0.754864071664205	0.608832530615026	0.125359739861772	0.587216319494368	0.265039726597369	0.625057409643982	0.26726400378286	0.428436038784575	0.493946774310648	0.249905486392962	0.687173319577275	0.0708008083893745	0.0302739606572963	0.81181071840263	0.471410047411493	0.432137976463533	0.604155227016986
LRP6	0.866748696636156	0.547135603593406	0.743467372630012	0.751214212602136	0.460460961071147	0.812884972235224	0.683570648578008	0.719705299875226	0.628265488457709	0.599678485175158	0.758361483560669	0.748475663169588	0.601257926513931	0.634622501264795	0.78664400420682	0.816444005028756	0.713440663770883	0.562211624569346	0.709554956484823	0.683297515177897	0.499655267230003	0.760593677756683	0.753703562185017	0.627341436985554	0.557762750899567	0.800722943291671	1	0.623952562198284	0.548061327535773	0.629514282359994	0.751199853155341	0.541208686142183	0.791114632028418	0.738461571780874	0.626350599252317	0.417845145850489	0.557851023362397	0.756036045027633	0.760797252937463	0.591533058208874	0.647774758801972	0.24150938911517	0.638483586329561	0.567118378401638	0.64315546079622	0.841962485624493	0.575711146481337	0.788886034708361	0.304506787424627	0.366804910263424	0.663321708650872	0.65472541555584	0.801013964900643	0.682702804880984	0.661267966432519	0.650262398178978	0.574300669915111	0.633798821940997	0.543041009504094	0.210409420793069	0.590005706097779	0.318984750443193	0.603171027899988	0.291446063778845	0.434685303307038	0.53558865275783	0.249442059422396	0.680233866339125	0.0908111294764798	0.0872960590525998	0.690176836658369	0.431517016879021	0.418852631322832	0.608618069614647
GPC1	0.723058272244714	0.787389060170928	0.890745283366973	0.627758897195096	0.0347614748755301	0.727971465936713	0.952567804423493	0.661334260404267	0.930170257644982	0.801557675468941	0.841784913553106	0.808073678034737	0.831062558223325	0.816331319827422	0.802774367693022	0.808089337963411	0.845053746358424	0.931318457753004	0.838010301027696	0.855623302679623	0.769632763362351	0.804655004525488	0.858210242351502	-0.00274037198334421	0.784029536436337	0.626535242126806	0.623952562198284	1	0.73467563637414	0.341807557854661	0.850684907276063	0.566213370813002	0.829795867855476	0.683066264682869	0.795213928308076	0.612305324218417	0.720707770822443	0.765133797704671	0.402791362806087	0.554951528332809	0.871693141326556	0.467281350624048	0.890961576287357	0.882247033289166	0.871264625134066	0.464723920313918	0.855486747688451	0.637777241360427	0.625828160511599	0.715013340834987	0.811143292156628	0.649254913833409	0.783014198527881	0.868185720803033	0.651303810417381	0.828323632922908	0.834833114186031	0.53566055313557	0.877760682626128	0.150560904132827	0.84089752662903	0.695419215147283	0.720724870687039	0.657505290770139	0.74412171078946	0.795448788493237	0.662754906939594	0.933700157139195	0.42049081465225	0.397761149076421	0.842095714842276	0.836319490182601	0.681209176439979	0.795347939582735
NOTCH2	0.563031098954015	0.724116772385017	0.624674743390979	0.825527774521433	0.290154018061082	0.487354176900075	0.838668274567175	0.608310406744052	0.717085246999645	0.746423563021877	0.827780185586603	0.730501314437638	0.750090272526727	0.910702619721296	0.585115464998451	0.59703505651727	0.554708731311398	0.734815561043395	0.801204232748263	0.822384787254874	0.859858929821449	0.668535174609839	0.628055016013558	0.164609800379081	0.660323940245897	0.4580517776529	0.548061327535773	0.73467563637414	1	0.270132934894411	0.722827969461074	0.474781368134446	0.708732611161672	0.564356260030565	0.81972589370792	0.771123861607674	0.83792484226716	0.51194066113238	0.385828123358156	0.49495453969594	0.725012133154796	0.585104730573757	0.881859963774622	0.616360516324387	0.694989900763913	0.572755326305339	0.809785926365501	0.586159875558181	0.827162762666634	0.864744643688379	0.660204779515079	0.305203537498959	0.576716460398107	0.763295855870617	0.535317672673506	0.766267643753249	0.795488890650125	0.17233734728539	0.767650284531715	0.489574494770547	0.776335024791344	0.823529470130491	0.513679837779224	0.668392432626026	0.71056244379634	0.877325804359996	0.715168896343579	0.810070227054964	0.53523202946261	0.597944140600485	0.543116116367115	0.800782415570001	0.678620609132416	0.748252824878836
TNFRSF21	0.619938335516265	0.267299860834164	0.446306977483838	0.501176577953826	0.0702667608879114	0.697660347087425	0.333920623454097	0.255259953252782	0.266148502420042	0.294269288454822	0.442079629571246	0.530944594219055	0.337792901270436	0.32477706739727	0.596183571564142	0.402374199468278	0.572212965999731	0.295124408382937	0.329675851325571	0.340577769215578	0.0535678587876906	0.542983029740522	0.429499818967341	0.520530583535942	0.357957815027802	0.429718198010935	0.629514282359994	0.341807557854661	0.270132934894411	1	0.506834931482456	0.327628503587197	0.489222749076681	0.535071528847395	0.172794810238338	0.0230223825644108	0.172858437965654	0.478309716331983	0.576684811110846	0.356628152939805	0.360237765078518	0.0950869630316783	0.315308159614562	0.38632381910432	0.386112252638919	0.638663173470211	0.244944444098818	0.689116752499546	0.0353139087280227	0.00909684833208279	0.545561292661365	0.515244035641763	0.510332135223891	0.267238767606949	0.630737659434313	0.428870701857163	0.235116136725324	0.40916894767854	0.119418378835124	0.247228372991341	0.229608211172756	0.080356587296672	0.342543462991555	0.0501597588142772	0.264608581790988	0.271890603424184	0.053982120387579	0.34671084709156	-0.121652430740759	-0.157015523604496	0.499410206678023	0.152177893989229	0.15412132721048	0.255592415543898
