""	ITGB2	TREM2	PLAUR	CD93	LRP1	CD4	CD44	CD68	C5AR1	ITGB1	PTPRC	CCR1	ITGA4	ABCA1	APLP2	C1QBP	CD36	HLA.DPB1	CD33	SORL1	CD47	CD74	FPR1	PTGER4	HAVCR2	SDC3	C3AR1	SDC2	SCARB1	LAIR1	TLR1	MRC2	ITGA6	TLR4	TNFRSF1B	RXRA	CD163	TSPAN15	LILRB2	CD81	LILRB1	ITGAM	TNFRSF1A	TLR2	ENG	IL6R	NRP1	PLXDC2	GPNMB	AXL	ADCY7	SIGIRR	ACKR3	STAB1	ST14	ITGB5	C5AR2	TNFRSF14	TNFRSF21	TLR7	ASGR1	TREM1	KCNQ3	VSIR	THBD	CD46	CANX	ITGAX	TFRC	KCNN4	CD180	SIRPA	UNC5B	CXCR4	FPR3	ADGRE2	TMIGD3	RHBDF2	RACK1	PECAM1	ITGA5	ADORA3	LPP	MERTK	SLC1A5	CADM1	PTPRJ	TSPAN14	SMAP1	AMFR	ITGAV	ALOX5	PLXNB2	CD69	IGF2R	ATP5F1B	CD63	SORT1	CD9	PILRA	TRPM2	GPR84	EPHB2	NCSTN	TRADD	TNFRSF12A	CD82	NRP2	ADGRE5	IL2RG	MCFD2	NOTCH2	JMJD6	LAMP1	LRP10	PTPRA	ERAP1	RPSA	CLEC2D
ITGB2	1	0.865328214947132	0.934328577363815	0.762390215722997	0.672070637234033	0.828015117576977	0.85833229577645	0.612060051205115	0.434152572008988	0.90371830637351	0.936802774194018	0.7867922269582	0.907824760610744	0.260502663076387	0.874458381631687	0.786829498185074	0.508690854840215	0.535412675195425	0.915404788035241	0.857339392306408	0.897892862346303	0.641658081114479	0.842223666827373	0.777490552654731	0.949874910631451	0.320768311229306	0.895238914297075	0.446545023614265	0.797724548957504	0.890869369282196	0.791467999782639	0.764790374757776	0.778086685551855	0.694128173714034	0.798663270184914	0.839606367012748	0.718572692431625	0.872433804696131	0.743082931767443	0.856240734606946	0.829246376205611	0.881924798708731	0.913008451736996	0.851277577392531	0.856378312699718	0.748379777264823	0.726064401477997	0.864390216952411	0.385853038868803	0.62218541296436	0.839160210240264	0.894871266818458	0.626565220172938	0.57153047458369	0.840162941490705	0.601814769761976	0.549144893014071	0.649937925357551	0.73983572137936	0.733115496705204	0.820122200931713	0.743044372246246	0.735719963996666	0.863602790779017	0.775555508227792	0.858039027692083	0.903708725241093	0.38044396702839	0.686900607033348	0.807919315515193	0.825392331444134	0.88230671716441	0.673070449678287	0.794613413306969	0.727660040165126	0.782857449529848	0.571353244714288	0.790004437525689	0.89301738396751	0.523021422974954	0.734932282272164	0.665074123237153	0.814432978230441	0.538913698935361	0.823732619061435	0.591992834790693	0.78806874240365	0.785785001076461	0.874485122852557	0.752234504751768	0.749706133082931	0.916963327522265	0.829145907229451	0.79713720276204	0.527984043640518	0.84912797208069	0.923592376137693	0.775865015464094	0.823303800624711	0.319530059883554	0.794088513204234	0.862407671816131	0.699837343453136	0.861915325689246	0.887504988522128	0.815633528042965	0.650910474247358	0.64322938451127	0.80647040134948	0.771941734297028	0.863311111726205	0.685107681665279	0.803051155599959	0.692845209361246	0.878084127084875	0.848811807560447	0.774716666690802	0.832787984883388	0.696064450872623
TREM2	0.865328214947132	1	0.843735133212167	0.801538764091499	0.767211104407313	0.815909261581627	0.612386530782595	0.716936303333916	0.597313479178697	0.882844486235494	0.794873629248337	0.712863212876626	0.75917257944449	0.17055153871838	0.848329059360409	0.557615865337552	0.30855079148836	0.724729593292654	0.795433729669072	0.802302110330091	0.777485063196236	0.824382914852333	0.921916403368693	0.791691867418975	0.878270297932808	0.585380050507581	0.944433507755998	0.431808202909999	0.808007377778139	0.927721865885706	0.896443290508806	0.801977027162717	0.833811319475787	0.770704206914829	0.781033652146367	0.618309584399864	0.832949997941246	0.847431340269894	0.794433759646216	0.894382597368758	0.919553438896568	0.757252990431349	0.863324599660803	0.888174997645399	0.83655874770879	0.488401545156343	0.796351564117949	0.912260041471843	0.284788335489676	0.770518846108582	0.831262421510718	0.721707552809062	0.437210637276773	0.736252991176668	0.742521034148445	0.685155147909681	0.367382363698095	0.600882204502398	0.665973775681973	0.831277114330821	0.58250779644514	0.492270040984641	0.815253829312609	0.818281848078575	0.550242052750573	0.815246981232152	0.757368879616447	0.325749521947164	0.747289700277065	0.578057799043332	0.539173544729543	0.889487141836274	0.866164012885938	0.666182454627512	0.803312603956039	0.901449092729921	0.73788897925228	0.898964230576258	0.673019103301965	0.759325655083147	0.484787043813407	0.910600299718514	0.778431045853087	0.758687569578891	0.638620554893208	0.758234542667391	0.782200092149014	0.839143006353894	0.719956387080786	0.633822568439506	0.846904115944889	0.758271456339227	0.709634691037523	0.64027057219754	0.420035726750229	0.63236059436124	0.869422854380523	0.652511735632972	0.869956907960173	0.581029259567058	0.828991234315917	0.792767012997607	0.731457602387047	0.806946210947617	0.844830164797561	0.622021122064877	0.604512054528536	0.523666909707519	0.676543547972576	0.652973433910788	0.70615318679852	0.55307521824312	0.583012237539544	0.72078365422795	0.831833866275217	0.744553039414439	0.750907534826884	0.562569819559751	0.676734400583593
PLAUR	0.934328577363815	0.843735133212167	1	0.769889503951983	0.786377989755516	0.863090325558641	0.85677322908401	0.742016920765487	0.550417535536041	0.928884212996369	0.832843123803764	0.859713892295012	0.799224358663901	0.445417973625359	0.916856925592296	0.678089466634892	0.594300512544	0.465460712305495	0.863248224222102	0.752767056938973	0.835036476367696	0.572909825059649	0.750565052002351	0.709466890585573	0.887592816515796	0.457983595628686	0.846222392966505	0.618211890532085	0.805897464665001	0.854580471749641	0.734210609340691	0.72062789286611	0.696322164423887	0.764380408421124	0.813227470289947	0.842860518004344	0.798160199114548	0.858540065693549	0.704282915259375	0.889570997355952	0.782291575380016	0.897824087364214	0.869525734735939	0.850489346830957	0.860869693093368	0.72620168221609	0.806196550441637	0.809745559740254	0.559930410528104	0.542323773056148	0.802950981181635	0.831724451300982	0.67577402537716	0.649062410077446	0.848657435296329	0.725205788773629	0.615860711566252	0.738654685468233	0.811360585044645	0.675173121079004	0.73162645968169	0.814961886654528	0.743796017960205	0.735789078966361	0.740018293415696	0.834596195800316	0.884414595585657	0.556082962238107	0.721381024224193	0.726290923793855	0.768303180607941	0.886557845638147	0.676455632123611	0.695958263926828	0.797421162398276	0.774054937470206	0.695428423518911	0.786633063603186	0.813948485843359	0.551780187393954	0.753781184174184	0.679827928765749	0.844689793607433	0.638367596201294	0.718255860306928	0.625358855713195	0.809449011492654	0.819084723060999	0.865573237127139	0.793715295019148	0.730181001880467	0.829826899584893	0.839104827710045	0.649472361896121	0.656935205800513	0.747977775764217	0.938612419112558	0.704456037424147	0.838932288425069	0.397751666578411	0.775252577889108	0.794998244274843	0.734761067323433	0.835630984456754	0.847906194083459	0.812867191403866	0.768442810346911	0.754541785110292	0.803654072875661	0.726380414121477	0.864698061424793	0.714935804962439	0.777451664335804	0.805736306819229	0.843700040610271	0.802851743188519	0.745309482865203	0.729649288481517	0.686941763431246
CD93	0.762390215722997	0.801538764091499	0.769889503951983	1	0.758386552725207	0.891525603727278	0.621261623956582	0.491896267024359	0.40473329200578	0.83877124479327	0.69663987084705	0.708007814690936	0.781384254031413	0.128289786315333	0.834056416907934	0.592944307595727	0.438782094019727	0.430655724923448	0.758530842674732	0.733066337411957	0.755750579403834	0.54891518890741	0.709619599100393	0.671867504971255	0.752407363856668	0.581324457184502	0.769915478287808	0.24746776058377	0.763198371586743	0.852956190109449	0.677585033009793	0.836897463058027	0.80738874524767	0.694100846884221	0.622786733520936	0.733488909373555	0.825137230063442	0.881122501139818	0.728822713956304	0.905366769981523	0.805257273822901	0.789965177945913	0.82438192635707	0.846019785529767	0.900248541868909	0.560889491853189	0.833678680605214	0.82705046121937	0.152677297103931	0.466560391162175	0.818806905741031	0.673180978942734	0.612364234011882	0.863454915010635	0.842748228901981	0.72188960384922	0.487775145092301	0.464964565650902	0.71689766183355	0.776970473559129	0.662954695076564	0.508620901861035	0.731561604935512	0.623600636665356	0.687966630900119	0.72157881504055	0.75814055990814	0.234066907912707	0.642255107005814	0.630899676891659	0.574612791110968	0.878474345246648	0.78969987419088	0.455809109354289	0.848582720953584	0.787272129988697	0.648811672274715	0.780054173617894	0.662282205626086	0.579335748135883	0.641886691353104	0.761586630905814	0.797699187816566	0.780573845892802	0.649566449077142	0.596049945193105	0.882346988599071	0.786375146747106	0.668602596943099	0.631348622941576	0.775582713760881	0.75629751849563	0.807821729722697	0.576098187924248	0.485979705251544	0.641901401643274	0.771209822024605	0.574128467700567	0.61502351150314	0.230979219372899	0.868050123197199	0.733761020575534	0.77192615120268	0.806868854277047	0.706361272408556	0.669509181575756	0.612624792730468	0.574545815785367	0.742122223377567	0.602439964673302	0.725695166388273	0.515084982052838	0.515244392879973	0.582136496318928	0.687725127243227	0.773365703296006	0.815620186077257	0.606179278036707	0.6355160662586
LRP1	0.672070637234033	0.767211104407313	0.786377989755516	0.758386552725207	1	0.869917842936106	0.634049077417182	0.836723272631546	0.756968071970452	0.859314065512687	0.564643779881131	0.796429331312241	0.510844960053439	0.582867740963421	0.884176941132713	0.336015475488226	0.502016029650815	0.46040990066107	0.636904387441951	0.562634358324187	0.595766537041642	0.554923460676492	0.592023610717111	0.56307952084473	0.655787264042829	0.807832559682949	0.715079734115537	0.616299679430484	0.759807784205571	0.751966201618025	0.647831206872603	0.686750989110561	0.624092663392886	0.870389135814458	0.766026796546261	0.621966612258571	0.918417964346676	0.741612636367679	0.643856075338494	0.874765377966478	0.723407709917804	0.767226047320665	0.729077088751294	0.797175815045152	0.780541209179449	0.508049954009824	0.879272810109318	0.726692221829857	0.60814442136438	0.462114683683296	0.690732262516509	0.58975480569102	0.590420532467457	0.860073215582394	0.739380240044351	0.888098123452969	0.571277836116845	0.766057921582809	0.76802663332056	0.656578344960631	0.412170855201818	0.546962109536809	0.720576482959791	0.482080287668598	0.495236037405083	0.727110910468528	0.702442477850647	0.657108537004953	0.744629902017698	0.375440559561895	0.438644389523931	0.821654221153025	0.735380018620517	0.402192361787725	0.888566804535481	0.774925008108396	0.839156819716809	0.778878839902006	0.516965667327654	0.704008829991338	0.57430910006144	0.77626743526179	0.840871011359533	0.883902595488911	0.394069190881163	0.738147321653225	0.78784484681548	0.849896485273163	0.715361127512559	0.752539560942551	0.79462748705579	0.526300157721224	0.755083866559341	0.308971176923686	0.734812265160771	0.413198659328706	0.790721880709337	0.511567571433242	0.75256410254089	0.590441837720277	0.728473437711739	0.543692497546121	0.793710483870657	0.736850381165948	0.68497514724853	0.520428166306358	0.824691693412276	0.793891030776244	0.645705215486803	0.539228431494709	0.704463113153422	0.651424525830913	0.508903902203037	0.852255285038545	0.679943173731786	0.622001752947858	0.685577240403614	0.383284940771708	0.671379825074428
CD4	0.828015117576977	0.815909261581627	0.863090325558641	0.891525603727278	0.869917842936106	1	0.754633371099734	0.683274199574132	0.549124930382627	0.927775361430746	0.742128515989891	0.836785083153062	0.752092320396969	0.405989654950318	0.940614758612256	0.576181485910347	0.564913085660095	0.425926711969089	0.79015337810716	0.728909018824457	0.775939930131284	0.545020395530107	0.689775990162857	0.668574993409702	0.799100040806544	0.646552172986612	0.792042651554079	0.474765043868016	0.822917511681024	0.861063528503997	0.701142963859966	0.827652294417444	0.776121269710575	0.81814946710489	0.770822798400502	0.806681962232287	0.895245817858442	0.866952260221392	0.717828826326519	0.950766081362193	0.805516880456032	0.883436224616924	0.854953147010097	0.860990411786617	0.904275066310725	0.662529191086113	0.889047129782892	0.814221576577839	0.447129511814478	0.477481263993594	0.826012794043548	0.737005894970003	0.706162148110828	0.863584194454644	0.893851271934708	0.837034517577596	0.60204691904729	0.684851943297059	0.809278142764186	0.732869709677484	0.653131575261893	0.649091057605979	0.765225230671489	0.623205625203566	0.694525627502497	0.790995662009985	0.841696979553395	0.493745327970479	0.713771275421961	0.620486499881138	0.655778332362789	0.914369088998268	0.766886579485023	0.51666715563261	0.889635394213486	0.810706755178382	0.750153489362164	0.802382959355538	0.705699744979246	0.604877226693137	0.739566244217855	0.752149684493002	0.884091111555019	0.805393807993799	0.627877048263045	0.666054894767297	0.899622239790699	0.869154458074814	0.799555565353788	0.787229460455866	0.821302651371201	0.744965202799766	0.891332909065497	0.555490322384024	0.678661030629169	0.647690310942419	0.875017257070989	0.647926865197797	0.721297107561413	0.357955369118826	0.832997581716933	0.69796505695514	0.848739922392694	0.861815783489994	0.777738710629264	0.705695435171403	0.792771729855109	0.773618504000372	0.798759443971044	0.69412487963228	0.825879231005425	0.670401332997182	0.622407109531418	0.775557554557	0.754745108640609	0.800521423973584	0.813042492060744	0.622574132448252	0.710813117758131
CD44	0.85833229577645	0.612386530782595	0.85677322908401	0.621261623956582	0.634049077417182	0.754633371099734	1	0.580032515823496	0.431896470176839	0.826709711086456	0.856806080302261	0.785836355716057	0.809142730523233	0.463306359968155	0.821788593263938	0.785384200789957	0.671382631025212	0.353922283580155	0.853399055393275	0.763522834707602	0.838582946777094	0.435577467253438	0.599478741162768	0.638131571199711	0.798256948556647	0.231779729976385	0.700248464994599	0.502467649721574	0.717324279260505	0.728792909350368	0.57496002617792	0.609291955077998	0.596293855803772	0.68430931496228	0.764548222311973	0.890154441634106	0.612870570585172	0.749536349494088	0.653019589230916	0.744485970071615	0.638770136112531	0.871562632712003	0.826635593275853	0.737029861180285	0.756688327734552	0.896495710012339	0.603329619217645	0.704636589828267	0.517351457269124	0.401418590236446	0.736572245826284	0.901251960830493	0.678495104630423	0.447952562437139	0.801594522875438	0.532281748723857	0.663763357386189	0.730707449793514	0.768447187873494	0.576316482218644	0.815688454906818	0.767966381066446	0.585798171758344	0.70685307617519	0.819498962295923	0.804247940438324	0.915429209608883	0.51197535269682	0.660879196859479	0.767555657002875	0.849657894799543	0.770763166806069	0.463288841750195	0.727518151155719	0.65291714277338	0.608906879768653	0.41302358046421	0.608614400418197	0.924855617300542	0.364604971442858	0.864256420563912	0.398052470957188	0.818377333657164	0.422999606018727	0.770858161539444	0.456156331177616	0.717390240982848	0.707410824751794	0.918166101219348	0.833299160702907	0.656625904823439	0.830728852200839	0.837760683338268	0.712248990632062	0.65840574439421	0.827661230288719	0.835986188736446	0.746745151160674	0.69373665155747	0.233166639388617	0.660460278562756	0.747334035001878	0.660636394020141	0.782915965920258	0.807012659861939	0.776049625989357	0.679704766502654	0.797345536228071	0.844680591089793	0.740883103307635	0.907406950358622	0.827770930646528	0.841139043017486	0.688358884777798	0.81237361549064	0.827629402625407	0.697562845443825	0.873720296343806	0.70783639237687
CD68	0.612060051205115	0.716936303333916	0.742016920765487	0.491896267024359	0.836723272631546	0.683274199574132	0.580032515823496	1	0.826516202732854	0.744793085081704	0.496258123317871	0.764661363072128	0.358282840263922	0.652286853457309	0.781389773800647	0.232060544726817	0.478289824463551	0.539217108672576	0.569231792607054	0.438334743785177	0.500559163344956	0.59712291711176	0.570124071066028	0.504386130568494	0.612648139789525	0.718439011252096	0.668911872067239	0.797994687374877	0.660705328462519	0.654231440121464	0.655041439969677	0.460944524686973	0.464856381215187	0.804302791207222	0.752489768548872	0.479163773591844	0.802535822576726	0.597835058298257	0.57332901817192	0.719624934777641	0.656462042911912	0.635789833527096	0.621090801485416	0.659655137764402	0.598239362730389	0.445851699895764	0.723228681905366	0.587154267115576	0.754393620338066	0.511499711549461	0.559575676049079	0.5076824730922	0.41721528575674	0.619167299407397	0.588040076185041	0.767844321036232	0.406986289456904	0.833075050589165	0.67166174274823	0.536281745285198	0.305323301406601	0.524176368751733	0.6116680987457	0.477901604653196	0.343543448358592	0.670530517868895	0.612380998561942	0.730425522084256	0.691890037419763	0.249428634022435	0.35727156180164	0.672643346574811	0.593261605169205	0.447821004464596	0.752865831833252	0.647728885296982	0.826993312316481	0.674189955201829	0.444222240333952	0.654741904259299	0.464884163855355	0.722858185651357	0.663896990662837	0.72260702741097	0.284663599032595	0.673488915756153	0.577650849800329	0.764136557650762	0.690581171326185	0.627428142283815	0.65767267454835	0.406993328795844	0.564214536877331	0.228494562061572	0.675251595375648	0.310300942483843	0.767173949547813	0.385750659625076	0.7505007422888	0.782319034597337	0.52741257930071	0.458154226838957	0.662496158290023	0.598375915739107	0.689754943345224	0.397473486066473	0.764424293865624	0.740748265772984	0.504442189265313	0.455354176691236	0.61256605144541	0.607439184342051	0.467641606109168	0.929650668698733	0.641031224873136	0.44324524271374	0.488883719634739	0.288214836478953	0.528800040660135
C5AR1	0.434152572008988	0.597313479178697	0.550417535536041	0.40473329200578	0.756968071970452	0.549124930382627	0.431896470176839	0.826516202732854	1	0.605691087322419	0.387832637357022	0.51795020588266	0.216914977945261	0.605697996041768	0.610578707984194	0.0480525792904749	0.197889068182562	0.657549905442899	0.384588591254405	0.416793918832385	0.310264622806233	0.674592669807101	0.497600130866621	0.519391901789384	0.444060554429265	0.691949211603456	0.58131721153856	0.648074646326516	0.551669827871118	0.518218283500559	0.602272076810577	0.416565098846474	0.421516029707022	0.792646324620426	0.735417871264659	0.280765899859181	0.650156165083687	0.421613735458222	0.531031460838085	0.573612516878264	0.561689055578519	0.474356101522551	0.486073794580414	0.612880365343916	0.420739528355431	0.272921625570956	0.563626535300678	0.580150139945768	0.59757455651084	0.578095509909432	0.440420184127077	0.411548083549446	0.289549305106053	0.542400386484774	0.357420569544269	0.603314543036242	0.39796070446379	0.773733204404747	0.503515194413647	0.523599394819961	0.0931435597645144	0.240278430955771	0.612411880019944	0.430675501325748	0.136111325622959	0.597955058522166	0.412739031803229	0.655227199918012	0.744778694591988	0.012514392898756	0.147591405802098	0.550875866640226	0.597569216003526	0.425546532282394	0.649418454731685	0.655032648238824	0.677967125785297	0.667804488114521	0.295623318604237	0.777164757714511	0.22497545217722	0.671550100983955	0.60473657517218	0.715072099180494	0.124196690382068	0.774823255452378	0.479569427261918	0.70086945220827	0.547067867395059	0.568984327752738	0.669038114937904	0.260919282470632	0.442095335684058	0.166347257957875	0.55803077630461	0.123869234078652	0.510703704243725	0.321118121688442	0.706677991496728	0.875573321441289	0.443692653651035	0.341392663925093	0.556388055252545	0.45306341756207	0.538688092586845	0.142793466013629	0.539049970961028	0.636107722745745	0.407969177387678	0.403219228337606	0.428570505734359	0.574860078592966	0.308639090827661	0.70281094027981	0.581417966233861	0.349756497165884	0.381546301916698	0.110428631073443	0.58730130050818
ITGB1	0.90371830637351	0.882844486235494	0.928884212996369	0.83877124479327	0.859314065512687	0.927775361430746	0.826709711086456	0.744793085081704	0.605691087322419	1	0.832684870320086	0.859365185554737	0.800481711568084	0.426844935962746	0.961022241281621	0.651014317815401	0.55618376012298	0.523897950909382	0.848414708317137	0.800445613467886	0.841160665644848	0.638529991200682	0.775952962198974	0.726433895705359	0.870154539250081	0.584826377057951	0.866509470542323	0.547798451804973	0.861537633912693	0.906024749970756	0.772508662605477	0.819276590134819	0.794240447902722	0.835584266480305	0.847665528073355	0.815659422705563	0.87137743626705	0.880209628752154	0.7611277020557	0.950146694020501	0.843057849749792	0.905332609653013	0.904318454368657	0.899722503070137	0.897000421440584	0.71591351326964	0.864634446561002	0.874670984169954	0.49514473045682	0.577585754865082	0.847913323693968	0.832837943501923	0.674949568481464	0.774930135194138	0.872694043363434	0.795888490094075	0.5893699302632	0.744386871891163	0.802422515315754	0.765880110434739	0.687277131449894	0.689255789656274	0.79809273702223	0.732821572707139	0.702711559436113	0.862140979032209	0.896540615496727	0.526161287140415	0.763182613196856	0.670849502274545	0.715803043824611	0.935809589272289	0.767867601136901	0.64631726513058	0.859395076524202	0.847706739491687	0.740697319458768	0.852585181499771	0.788427179461686	0.652238588180963	0.729233219186794	0.765897371747923	0.91120104394031	0.75834330166686	0.698592129021426	0.719352640742553	0.877109515515098	0.886604161558285	0.867106337937508	0.828170093704756	0.85421986400401	0.797545008666094	0.885469564376667	0.639878167539077	0.669027449137839	0.723371199631948	0.93150920491149	0.721616066864298	0.842988752035714	0.454889505796591	0.829910788473112	0.777397837675265	0.804135031232054	0.878231749868524	0.860380624271312	0.753484486701056	0.798079379495846	0.784037397785167	0.835335945370251	0.746830222024878	0.867853870476829	0.741438949005812	0.725905814214764	0.822123830401847	0.851001052894331	0.843795155789157	0.8170888456114	0.693278767321978	0.770571625979883
PTPRC	0.936802774194018	0.794873629248337	0.832843123803764	0.69663987084705	0.564643779881131	0.742128515989891	0.856806080302261	0.496258123317871	0.387832637357022	0.832684870320086	1	0.679933813874635	0.93547319640493	0.128074847160473	0.788874966020719	0.84052841097979	0.429899051653097	0.619676137729153	0.907287115887969	0.918932466595023	0.910116626858544	0.699690252039484	0.854018925814287	0.818533555317849	0.917326412696512	0.222415812638118	0.873142750655857	0.279193496086035	0.752388962094774	0.860109726403337	0.785819710455179	0.732288871036462	0.779207108623416	0.659134813458029	0.780207956066725	0.785766400648364	0.616022156961292	0.820359953707226	0.785938733519019	0.778855432668002	0.814600605380852	0.825555424010674	0.910084947160698	0.820361804629037	0.794275720874978	0.775336193274845	0.585399304128197	0.87353696313136	0.223986975028262	0.682458702078375	0.844652621337322	0.925827447339807	0.507341616419194	0.467585888063381	0.774186811963071	0.432084516655138	0.462926525076721	0.58783206977709	0.665767607142909	0.767009988177034	0.836093581484573	0.581989397014832	0.689565879745652	0.919730232434573	0.7646075105913	0.851257418290227	0.883424705498402	0.257832599734134	0.695441597461312	0.800259669385239	0.81114137348221	0.82596660149242	0.636993812347399	0.873046707799211	0.652694647678448	0.754130318638721	0.413610492315583	0.742314883663394	0.937271943778508	0.517694888010223	0.690068326248369	0.591588514349341	0.789281642809896	0.440676970055839	0.857406887081429	0.538856344657967	0.72938528804765	0.725068361809375	0.865225945525052	0.716888866332877	0.758904946518199	0.92620969053475	0.775799757876369	0.894721951797417	0.413813484194706	0.88712936598209	0.840022076620371	0.805442951173347	0.768430699771715	0.303641069506219	0.757346185862212	0.889652245500906	0.649565130030826	0.820092908297462	0.891771308932556	0.736096730420919	0.510572595599951	0.55912809544655	0.810405574675066	0.809268218124434	0.834966190070801	0.692182506943536	0.805145603107804	0.58220901202531	0.891747547029875	0.874585816819488	0.750141737088449	0.885979338302823	0.729464484414331
CCR1	0.7867922269582	0.712863212876626	0.859713892295012	0.708007814690936	0.796429331312241	0.836785083153062	0.785836355716057	0.764661363072128	0.51795020588266	0.859365185554737	0.679933813874635	1	0.647422492236533	0.563396676929868	0.901769306786476	0.583832735184956	0.687907625417229	0.29857661986401	0.76390442034485	0.592402485690075	0.743292899512483	0.408487451542141	0.573845796783294	0.50906218114588	0.7548662820028	0.553143291471771	0.715555243115195	0.628743085510806	0.758242362584455	0.77231364692099	0.603481157276666	0.619026589019867	0.606674586216731	0.745470148364344	0.728888727678544	0.771805864708202	0.824802016274368	0.790334342945573	0.613962127699899	0.843770577868015	0.69427051289454	0.810588147272325	0.792087749211274	0.732707673483279	0.810945316609791	0.72629143596307	0.825281673782802	0.645543188040212	0.629212964363234	0.343106125350804	0.715868688654598	0.707305766697094	0.621494472418356	0.686967927530467	0.844701818480655	0.793803014557611	0.553615203699624	0.731559544764144	0.7855012783432	0.553608800198284	0.638636966578107	0.740161461002844	0.616026889982153	0.53966357299259	0.684428498800846	0.750058042105273	0.847791207549751	0.606206661349275	0.612963941885098	0.627654843706525	0.706047927537712	0.815503442808274	0.562917663539753	0.480429228994606	0.785759638689931	0.632822008245786	0.73892331476726	0.65398687743527	0.691079503378822	0.423438021750187	0.787474651536301	0.62565840375553	0.787564618907217	0.662691306503901	0.615058423627375	0.507104074098423	0.77463260131732	0.757332120301447	0.799626602640573	0.769222498965033	0.667113906726641	0.668474833367267	0.815547306917692	0.446689973169067	0.747902966677663	0.648477629175634	0.885479315401163	0.558791143939689	0.665403857909477	0.367569998167013	0.690697000696759	0.628239759981556	0.746468342065855	0.786414876564783	0.745257512620009	0.727938348240396	0.827902258615046	0.818486357462589	0.729024026050313	0.574119541107972	0.831925571732594	0.689376504990982	0.665863543046998	0.854393902117449	0.69404032048442	0.705926183329902	0.687082767662658	0.623529889367074	0.599045262031266
ITGA4	0.907824760610744	0.75917257944449	0.799224358663901	0.781384254031413	0.510844960053439	0.752092320396969	0.809142730523233	0.358282840263922	0.216914977945261	0.800481711568084	0.93547319640493	0.647422492236533	1	-0.00722808564776547	0.763944149861315	0.882755432209714	0.446084516200173	0.486536989858792	0.896295692079905	0.891551458160962	0.918467410751355	0.586372657642334	0.813133174835038	0.771806715653392	0.887028719080062	0.191187450302593	0.816930185282559	0.162829233424344	0.739640535506193	0.859506526107731	0.717300324019865	0.776191793023154	0.797440426715942	0.570823202574064	0.655555597033096	0.825910001450693	0.601712946817866	0.850522551585098	0.763203026326051	0.787796431879186	0.791736206384148	0.823242042981996	0.889888911148296	0.798595674226402	0.834541369366969	0.754550929790969	0.600408129682926	0.847668156656729	0.0788021364165719	0.560138861368726	0.855624198278852	0.885409043815759	0.542130498646606	0.51959707496944	0.8120105798382	0.42924831470092	0.437328525637242	0.439350651913527	0.658987455070246	0.745806656939393	0.887627239193729	0.586286483295949	0.642077793293765	0.859186187273089	0.820165461891181	0.78949411604363	0.873188633509246	0.122920025694215	0.601494134748224	0.869261228887513	0.818487531915826	0.824761336937661	0.632963633860606	0.77216250146571	0.650669382481518	0.707539035112844	0.350241833672114	0.689089143044315	0.916467743018908	0.416748796868689	0.717038055951052	0.549193834947391	0.749312122320598	0.432974661863279	0.900457565181795	0.440901060069991	0.75716082973538	0.669878256338994	0.789195191916947	0.649964871413222	0.708897083704296	0.952045865807708	0.791575700377059	0.884896359676964	0.353409158684175	0.917303692647513	0.8132391710663	0.763480379090442	0.653602047656277	0.104188568024068	0.802411829334536	0.890638234342296	0.644223685550905	0.826651515446083	0.834334066601112	0.78334679551777	0.470930974257018	0.482050189916999	0.798770995588778	0.741152013296764	0.812801404585895	0.602297159589736	0.742167395863076	0.491935672286932	0.818509024124177	0.886812346093621	0.79146933798105	0.903321865125025	0.659189428540305
ABCA1	0.260502663076387	0.17055153871838	0.445417973625359	0.128289786315333	0.582867740963421	0.405989654950318	0.463306359968155	0.652286853457309	0.605697996041768	0.426844935962746	0.128074847160473	0.563396676929868	-0.00722808564776547	1	0.478158959443124	-0.0480586707167057	0.457629521846137	-0.0322048171690688	0.179026431964624	0.0476050638039159	0.103171428314763	0.00595502396921613	-0.0253478104379963	0.0636911043299043	0.192622550896619	0.426054981806421	0.158267765965381	0.780500987737318	0.315060727905006	0.147131965690988	0.115559337263568	0.113389161647116	0.0474645394664861	0.516066696386937	0.500431283669301	0.339170841980289	0.410026935441211	0.173412670158381	0.0433448507802164	0.329915343620794	0.127285709505083	0.400023287537039	0.199631627206187	0.245095213361564	0.210017843755375	0.360499248157098	0.431106819845076	0.125636999734969	0.920328399831195	-0.0169250399769067	0.119289923572352	0.256280719590046	0.454858105036017	0.289350680710542	0.294732659520529	0.587721652322365	0.565867668419522	0.730924820291889	0.433902383731341	0.0102193308625823	0.031229738893733	0.529305262925792	0.291133473548953	-0.0176458578388609	0.125647138934337	0.340805445748933	0.325683413073397	0.870440581086181	0.359095904169319	-0.0045921673014014	0.23998541927936	0.292564064220613	0.129564652220712	0.100831812696929	0.364845396695977	0.216909419921487	0.515452532048151	0.275995221376226	0.164112383000899	0.241078304160041	0.417912865693521	0.174793794020291	0.432194173894249	0.387027462764595	-0.0278616657088334	0.379349072074617	0.303420075821944	0.438852576675475	0.426816251323338	0.583167616934528	0.255065196217142	0.0399165076436967	0.407356278465906	-0.10035898936641	0.773240581222903	0.0196203763416319	0.374540842910483	0.179794777105356	0.398791311374943	0.410722111147703	0.112522732060826	0.0144361479447529	0.356435552038334	0.279775044114345	0.23655399705637	0.217896983145073	0.655239318394075	0.759814815766172	0.325804626481106	0.257564690586768	0.392288122890612	0.547920626445573	0.317853847551756	0.632216507024912	0.253480892683326	0.176740177345175	0.15889597458985	0.0546210308911156	0.361756813903642
APLP2	0.874458381631687	0.848329059360409	0.916856925592296	0.834056416907934	0.884176941132713	0.940614758612256	0.821788593263938	0.781389773800647	0.610578707984194	0.961022241281621	0.788874966020719	0.901769306786476	0.763944149861315	0.478158959443124	1	0.646726760615927	0.642983757367305	0.468546678495513	0.850018135679059	0.755382574036904	0.840555863947244	0.58643817535486	0.727693532766488	0.654684556744168	0.838871803091173	0.630669253446227	0.842378146247271	0.577458635608575	0.846792911401385	0.901441453273151	0.744495227149588	0.779227756630635	0.759384101966277	0.852740306015178	0.820900192903336	0.810126940457763	0.916286620596335	0.884937767774592	0.758471896853764	0.956362190617208	0.829553286599274	0.8971457591555	0.900830626905435	0.870732825899472	0.908184905407277	0.740246943823542	0.894884454217275	0.825416769775106	0.540550805202725	0.501443377694529	0.831082191407947	0.798443530789009	0.671109476284968	0.804143104407425	0.907643758556527	0.838495737459807	0.592949425943753	0.762848321535664	0.83743243917396	0.745965000902327	0.695088735278566	0.68948602782288	0.759647141942041	0.679275591581231	0.721097568552729	0.854919528045202	0.91285880397822	0.550626085939949	0.740858854086008	0.669596455595282	0.716056917781453	0.92581717546307	0.73107883117857	0.571759148471552	0.88887544267468	0.803808940405487	0.772603044405829	0.802670737173913	0.768107857047078	0.607987001831727	0.770243432188917	0.755324922796007	0.895559931993816	0.779928279436286	0.687919646197449	0.66127738813213	0.874464796683714	0.868475866071881	0.868177875200768	0.818878362661197	0.839907695119987	0.766942877495826	0.899689125243141	0.558127741824288	0.729090484982856	0.716825645539889	0.945789719297599	0.67284097341548	0.779425134048304	0.447906378826694	0.823558109231738	0.742039021382381	0.842354337521012	0.882116236305418	0.838266853198795	0.7469373299186	0.835112893992205	0.824679510659055	0.81361840368372	0.677031193934769	0.894017451525965	0.748744415001622	0.693333429004245	0.869855109427587	0.804553639568904	0.815267441186842	0.820795994844972	0.681171334844752	0.719509049956181
C1QBP	0.786829498185074	0.557615865337552	0.678089466634892	0.592944307595727	0.336015475488226	0.576181485910347	0.785384200789957	0.232060544726817	0.0480525792904749	0.651014317815401	0.84052841097979	0.583832735184956	0.882755432209714	-0.0480586707167057	0.646726760615927	1	0.558597537304473	0.31610078074267	0.848009559518544	0.781738303273899	0.913318630799617	0.40064740131446	0.62557843543759	0.53824373010316	0.745146324285046	0.0168572639127618	0.665355434430524	0.086048468547959	0.611902422765185	0.738049840475671	0.50796144515179	0.564957225104734	0.602946157922647	0.412521900312924	0.486220380172077	0.760415468204667	0.46793718282578	0.751598711018604	0.685590441559129	0.642796926321581	0.624944294390333	0.70868621382899	0.806822741410833	0.638490554183703	0.759685576678151	0.832414440322532	0.467803554654784	0.652494817039913	0.0235931940972704	0.343303152036532	0.73453491502865	0.830827946753056	0.438285782226274	0.340979344520613	0.760271805080004	0.270403189604799	0.335446530209265	0.31091418304101	0.599675051314096	0.600322849957574	0.903193213376187	0.542395738111388	0.405410008072131	0.733785505414186	0.873316173331804	0.677767784660907	0.861282147952434	0.0358685979205276	0.463360687457411	0.946180163990551	0.850676964336743	0.692640113453643	0.364372046360532	0.633695586879439	0.501346701565454	0.491030758167763	0.170124554407904	0.44438557563824	0.920370637640759	0.167478591548703	0.734452616794511	0.304933443313905	0.623554997013772	0.234324317917903	0.95418134617939	0.167305331718568	0.619287017661417	0.468081011945191	0.711272996722603	0.574968815741547	0.540632126281241	0.880214384455638	0.701890975862041	0.770981962459736	0.307298908889221	0.982693035236775	0.715252534546944	0.641615144897492	0.455577237184373	-0.043265310003204	0.667542801849406	0.823735437169571	0.525556052994336	0.713181946825947	0.705330857351765	0.79473973276908	0.365030849355394	0.426852380122433	0.728604514517486	0.541430368831325	0.805272688842587	0.553888232686247	0.70814553474501	0.41008549431961	0.69221783839296	0.792665826420598	0.690408467864769	0.964895425900832	0.49628474399245
CD36	0.508690854840215	0.30855079148836	0.594300512544	0.438782094019727	0.502016029650815	0.564913085660095	0.671382631025212	0.478289824463551	0.197889068182562	0.55618376012298	0.429899051653097	0.687907625417229	0.446084516200173	0.457629521846137	0.642983757367305	0.558597537304473	1	-0.054106645590608	0.581435645843923	0.32042130839887	0.593395465229793	0.0138615393156393	0.191251480748223	0.135172052669285	0.451140977449873	0.215425004326427	0.347960107917035	0.481519581958577	0.454028323464616	0.473966515431381	0.180676661620749	0.275906106662187	0.247066646597144	0.42627924663945	0.373089812792031	0.673476713467117	0.572792058757831	0.573496267044453	0.374074638979927	0.557274681272072	0.29779662260049	0.575348260576991	0.525529268805092	0.415787329651133	0.600916058812117	0.679449749140426	0.5745953479343	0.264543958492199	0.509679292690828	-0.0791700112991064	0.43040268310781	0.512750024483113	0.613171489760979	0.392175115323762	0.722176164704333	0.5462228446995	0.505821176245488	0.483806721631347	0.669817653262245	0.283136504322514	0.623757463510599	0.701936813738171	0.198471823040137	0.246538583640669	0.722170477265432	0.431282932746999	0.687371253722207	0.439554183011954	0.317148413436462	0.569586813242143	0.621698825229891	0.498297869546896	0.142878860230619	0.207215182138496	0.518924929902054	0.245252914977642	0.409562638976866	0.224014079516174	0.593749401012585	0.000660331601915633	0.778113709307985	0.180040959910765	0.503213734448549	0.334420137077656	0.514743725255425	0.0827249144584254	0.506349599140699	0.396911411953133	0.612920669030877	0.54502308011715	0.289123568228254	0.489258624782745	0.6170581092224	0.198292597746182	0.645632828879727	0.558676864147212	0.646959834567391	0.319718833587267	0.284705343036011	-0.0011376349600902	0.421825866752676	0.381980239178096	0.514636172482555	0.529966460964453	0.482664334992445	0.624963509498901	0.668292492394593	0.698402038051066	0.551910858390401	0.315874801621917	0.714515482222086	0.562676939619415	0.521895176756167	0.609171568577566	0.400098800633433	0.458111596649945	0.481089841641138	0.598496697043381	0.262807391542712
HLA-DPB1	0.535412675195425	0.724729593292654	0.465460712305495	0.430655724923448	0.46040990066107	0.425926711969089	0.353922283580155	0.539217108672576	0.657549905442899	0.523897950909382	0.619676137729153	0.29857661986401	0.486536989858792	-0.0322048171690688	0.468546678495513	0.31610078074267	-0.054106645590608	1	0.525748906699673	0.666779032830543	0.491672447991897	0.981483924156781	0.820424837088916	0.768793654481392	0.598293199176753	0.412594745295624	0.746733423447114	0.215524718131693	0.539170030914928	0.656968662108065	0.810045191710739	0.508541907545972	0.614028460556211	0.604482034695557	0.626198049230449	0.209620645912071	0.488863449182421	0.497641957936382	0.706159714606899	0.520366579683422	0.730038448954687	0.406847504653457	0.602657648484303	0.644348681073794	0.437272277740251	0.250040552698269	0.360350716575385	0.749299382882581	0.0266854596980434	0.895155104828886	0.584816037975275	0.508603600277364	0.0216846995505181	0.383084532164737	0.331231715617376	0.251391257581986	0.0595051862304056	0.451418793284976	0.339622735825988	0.720277779903037	0.274062909771849	0.0026742301547975	0.606563980796213	0.775272320569674	0.202359285951012	0.624713774179573	0.419495194376762	0.135375074822709	0.6994326713378	0.213976687768431	0.197187501060541	0.547614438484165	0.696661668472342	0.716625316897021	0.514991097137575	0.718328092537091	0.412051135098605	0.690489749617525	0.459516367117167	0.788291216452935	0.0945451331356156	0.728237342110016	0.499796466398341	0.510386477652776	0.392544771199761	0.695725816675351	0.41546407508243	0.603690635350843	0.496244488969865	0.359052024760118	0.705870265889541	0.505613981832759	0.31166230428145	0.561135138038067	0.0924408868124687	0.359725628278724	0.483544395635357	0.449775558215203	0.698574316449881	0.753463005510526	0.555303148239174	0.596942371769755	0.442934979261254	0.479186222809133	0.650020954374795	0.160140669968289	0.193529381366681	0.221125020041525	0.381307755877512	0.500367340082844	0.365137500477147	0.38905617037631	0.331992357273067	0.430949890233043	0.701251874367195	0.461925160869303	0.450384453404872	0.322624465931845	0.560182965495904
