""	CD74	STAB1	CD163	PILRA	ITGB2	THBD	TREM2	HAVCR2	SORL1	ADCY7	NRP1	TLR2	SIRPA	ADRB2	KCNQ3	LY96	PLAUR	ENG	FPR1	TNFRSF1B	TLR1	C5AR1	ITGAM	VSIR	PTPRC	TLR4	NRP2	CXCR4	ACTR2	GPNMB	CD93	CD44	CD63	CMKLR1	LILRB3	LILRB1	TREM1	CD81	LRP10	CD69	TFRC	ADORA3	PLXNB2	RHBDF2	LAMP1	NCL	CD33	ITGA4	LRP1	RPSA	HLA.DPB1	NCSTN	AXL	PECAM1	CLEC2D	MERTK	TNFRSF14	APLP2	TSPAN14	ITGB5	ACVR1B	DIP2A	ITGAV	IGF2R	IL6R	JMJD6	ITGB1	ABCA1	UNC5B	CCR5	RXRA	CADM1	SORT1	SDC3	NOTCH1	STX4	TRADD	EDNRB	CD46	PTPRA	CD47	MCFD2	PDGFRA	CANX	PTPRZ1	RACK1	TNFRSF1A	S1PR4	RAMP1	CD4	CD2	TNFRSF12A	SMAP1	PTGER4
CD74	1	0.963202276297808	0.966865710704294	0.440728137169013	0.957217038308272	0.5000345623552	0.966054822519494	0.961151576198051	0.959013488122137	0.765151090056	0.955759554122305	0.648464025343196	0.969459914122202	0.799436488085758	0.883509887219291	0.942839122407252	0.967221594628944	0.917612959440327	0.980651385875675	0.801104747458318	0.97458307368639	0.609866404358913	0.954405858107211	0.97477627401083	0.823487487417191	0.469658881661797	0.279577438409889	0.631025962144507	0.949686294435719	0.401217805272201	0.982728712209772	-0.386479575425466	0.545786107593126	0.840180704123805	0.692812602386169	0.96437787307353	0.541710250494043	0.91503133848082	0.609259221513289	0.896285525978043	0.95535620303483	0.985974698920628	0.807531714409441	0.962622380224203	0.708091465333398	0.342228177672408	0.960997045568153	0.870731826677591	0.451562110584622	0.597619451482737	0.986406932530112	0.563176547234363	0.984880046998216	0.564061302594141	0.78397500257842	0.877742310582482	0.4189002972058	0.518128652894307	0.909388634222216	0.708900753236036	0.483751123935621	0.485939522432093	0.659401776153939	-0.0155198012266073	0.775875576768406	0.613391103981347	0.535938172359434	-0.294807532058965	0.888236676275722	0.905642017905776	-0.37226892663164	0.267727442579946	-0.238952294099158	-0.126822809665258	0.275984626739275	0.516713993932667	0.908893597036147	0.824052929086707	0.250382175402838	0.0654449565718522	-0.273738946688884	0.0987131225044307	-0.235362424593995	0.213746557290343	-0.277779180508283	0.282294784255263	0.849788816446823	0.480394220397834	-0.253351014892862	0.982368732154826	-0.00759649906687885	0.00789226011048184	0.359205444794156	0.971417633564496
STAB1	0.963202276297808	1	0.942094432028746	0.482020959238215	0.879804204962092	0.506595953171109	0.894402724667524	0.885431331347778	0.924906932764504	0.847793746108367	0.884687878744215	0.682815803880631	0.919427663894058	0.791079122335508	0.809126160076181	0.870577510216626	0.914562930930469	0.858422111325661	0.940842573106539	0.777713480313651	0.912119316935146	0.652568151966983	0.975599141188716	0.917609487243195	0.804727171294159	0.494545449150406	0.20210310002959	0.579118942760097	0.910384880656847	0.333534967943097	0.943047521768159	-0.324691431413691	0.417494514055745	0.769064182382388	0.701222626814405	0.926676152203311	0.512302304007341	0.859179737207976	0.540729655507196	0.802102260985098	0.911842086039526	0.934320026627982	0.694798904370502	0.938603684036134	0.592507395642521	0.243346152632139	0.898599831878023	0.872134037133962	0.370092451731872	0.503834870900551	0.962425663489532	0.52752319665444	0.925347635165716	0.569294134741775	0.694722952454003	0.77965005387237	0.345450499291488	0.408639576581966	0.824731291255184	0.62199983242441	0.505440525510877	0.430337711242117	0.594460902852593	0.042251232281145	0.715457170903223	0.491813913742913	0.422339862447947	-0.334204494493022	0.830602088969732	0.898459755284195	-0.39384841387659	0.158531521998545	-0.260801228948233	-0.180134250624968	0.187226093885212	0.439124101358095	0.841381140358025	0.773453983440115	0.142264273620257	-0.0387795130597619	-0.30830866097649	-0.00970053476320779	-0.290681817046495	0.104353725521461	-0.324381445478077	0.194087171460264	0.749707641433382	0.497128381326099	-0.315220646042008	0.944517179515538	0.0326494860954512	-0.0708489350425856	0.261073275374552	0.917299886830951
CD163	0.966865710704294	0.942094432028746	1	0.547230781569301	0.958466934253866	0.580219208920833	0.953613237499896	0.963667944232604	0.970753823712835	0.785190959397441	0.942747731222267	0.740260061766082	0.983604173859019	0.79847708414884	0.917210604306111	0.944515274790208	0.972336526491494	0.942831433489936	0.978568125237325	0.904817408731061	0.959722711974605	0.70615023291001	0.953770125446478	0.970836172749574	0.824689638133636	0.61299676187743	0.432422394224064	0.631827737739896	0.928052670536777	0.585105638481562	0.96029253451168	-0.377372185632082	0.564728651173858	0.916432685756565	0.727450388775261	0.987552304873175	0.677789344103131	0.908449073766717	0.699375375638497	0.880703716616499	0.965954057551053	0.980917162714879	0.829245367836846	0.986817736894401	0.746560680394502	0.328702993539098	0.928178889400072	0.807812247080107	0.486711303522656	0.563587014179746	0.944983484033671	0.614090325030763	0.963038035035466	0.592886604363148	0.734326518973521	0.93337797937562	0.460790219517906	0.58903628374813	0.92692767526168	0.696817438386687	0.608378750820106	0.485871865975645	0.610292107721092	-0.0354486398292383	0.885095721030356	0.68863534624369	0.555213499270074	-0.141185722445008	0.925868221684445	0.916797303635733	-0.288826805305281	0.254455739403674	-0.211794171790017	-0.136776227411555	0.219756272280317	0.580843021740787	0.885207811558891	0.843066557509681	0.325721717340976	0.0539605366058215	-0.323453727564372	0.106078835265342	-0.256981161199218	0.245406619434049	-0.300835857797968	0.256685795409038	0.819071740149668	0.401860508856752	-0.289450735630154	0.966514617604374	-0.0786235201750544	-0.0275444970270617	0.334980667581904	0.95638825714877
PILRA	0.440728137169013	0.482020959238215	0.547230781569301	1	0.393102788558577	0.853260405134163	0.336429753249029	0.37137018820342	0.525803752099689	0.682384084460017	0.352036826379828	0.567156060355416	0.443616878424691	0.317170849961736	0.59162114714687	0.538925700440769	0.537290248606293	0.319462909918107	0.47431255813358	0.741238294262097	0.433565795301644	0.758753306817404	0.511956544328794	0.540140615463487	0.397540545909287	0.862866825261809	0.522719538144599	0.312152454456687	0.424949019727713	0.622123745428928	0.391777110314669	0.0681729869794614	0.132481670559152	0.485298939423652	0.760754214649682	0.510088660500229	0.706997127222889	0.39544519685256	0.338009061485108	0.206020591532637	0.468365313743502	0.411250206760606	0.302802329367862	0.447596936175587	0.393059359458254	-0.0774126254464845	0.438290192753389	0.282945401937288	0.188222088578851	0.181522185481661	0.452336317063604	0.171650463035428	0.419853020693668	0.272575395065062	0.231573941843708	0.50370810668578	0.469522775167157	0.274647172515115	0.435098220880595	0.197599629063625	0.604047400573395	0.0797393428364965	0.0375684462273188	0.292167216660038	0.663569633064822	0.336563088393757	0.124937682784537	0.266067810083062	0.318109698354568	0.63196258323511	-0.113003358315269	-0.0913081251839919	-0.0642331343073029	-0.258945025321107	-0.16796785917567	0.308188642301644	0.422561817431355	0.330803616955199	0.172957121651047	-0.20277204272346	-0.444841396830544	-0.0797402172333847	-0.365218779742547	-0.0205872425907229	-0.393769095395658	-0.0150987127935285	0.191710559444163	0.152824186807583	-0.483436323158588	0.438099961174654	-0.168439422812633	-0.340890676150539	-0.050720417408033	0.462738940980233
ITGB2	0.957217038308272	0.879804204962092	0.958466934253866	0.393102788558577	1	0.516539044662609	0.987546357121653	0.994349874501004	0.917936483993379	0.66465941770728	0.977764805920021	0.62522367129311	0.981846033167595	0.844300729910517	0.884108660142151	0.948187131812839	0.96123878449675	0.973969260234178	0.982189922053983	0.798766182113325	0.970049610074886	0.521362722691519	0.890347019695808	0.970331385277263	0.842752401005821	0.447749366591093	0.372947477642203	0.686170430295968	0.949224600437721	0.543390466147379	0.968104525326342	-0.38261675842762	0.64308624486734	0.910854731843549	0.593408567269288	0.956088664354008	0.561676389935862	0.903236604188968	0.699963115938066	0.96285543475446	0.924456215296653	0.979857730579804	0.883734063478893	0.956462053927986	0.775715467845756	0.418107165018726	0.954831938628267	0.818528631476036	0.512896576763481	0.634103575789513	0.913662511668426	0.578388143304717	0.961676113070421	0.528645762709528	0.797911765050621	0.928387976050877	0.396319252011702	0.624360913966465	0.968351364076476	0.755695668067635	0.486205827152483	0.528197649762225	0.651467519657485	-0.0880482922017747	0.837719289298427	0.693133300817233	0.628296304346071	-0.220763033402457	0.91711044211037	0.820444794998629	-0.295380414161199	0.33195334546221	-0.229693420572237	-0.0944378764686467	0.329575284407111	0.56066074805177	0.91888389221529	0.848701732502761	0.338601278699414	0.128846974670803	-0.243419596626774	0.162873136767096	-0.179556273121075	0.296956270870542	-0.233981684642386	0.317077224956768	0.896720617903585	0.473846402501523	-0.207332404777541	0.95880987003324	0.0122266110086276	0.0412320905206547	0.419108231781153	0.96243518453036
THBD	0.5000345623552	0.506595953171109	0.580219208920833	0.853260405134163	0.516539044662609	1	0.435801243884227	0.482713915987768	0.489670908255991	0.663018423965521	0.478582385024914	0.440277871284099	0.52871606716116	0.471404382570164	0.650409994540009	0.587968926462423	0.641518036386168	0.44170863566133	0.570317314151928	0.647627839945035	0.514737753697869	0.520726456608006	0.516181870544789	0.620838988773906	0.443896480370178	0.708172119703384	0.477167827612112	0.344591940963908	0.548157989283825	0.651338131252361	0.455262951922782	0.017149168521309	0.281006469968675	0.570962075475005	0.58043374992359	0.527293656335739	0.5523622560811	0.477477990220165	0.381849221856083	0.349923056213273	0.479626710585851	0.480038591482737	0.463953603968791	0.481222543888783	0.490369006617081	0.0729309699993264	0.57701316786298	0.383691237098127	0.280208267701334	0.344657317831088	0.461740787958042	0.0858723461701157	0.485940712387111	0.0775646402923977	0.33712514163782	0.563604970851333	0.364779867481166	0.374952125945203	0.564789350220604	0.3231814063083	0.547556992058177	0.212278883590722	0.153719435658825	0.250700959879651	0.659921084718524	0.310730761868629	0.262744447826852	0.123974377780937	0.317788000464007	0.555184313145301	-0.15629932738437	0.0381092734951232	-0.100137481222301	-0.20857398470463	0.0225544637684477	0.325512245499234	0.604664205988716	0.513011146387362	0.188814473114476	-0.0949133780764204	-0.319667252203342	0.0103431133961616	-0.254922294085587	0.0824579666094947	-0.314437003981892	0.0804245575916185	0.384724738111773	0.230502568261275	-0.39709706326712	0.529824977425716	-0.0960527609053866	-0.255121684441672	0.109845716929433	0.52983949385046
TREM2	0.966054822519494	0.894402724667524	0.953613237499896	0.336429753249029	0.987546357121653	0.435801243884227	1	0.993656638910491	0.91900526247097	0.643443629300729	0.985733182010227	0.620526072519596	0.976731087701289	0.822864339045061	0.861852405082957	0.949950765902194	0.946844232845121	0.967829319356337	0.979349998728486	0.782539409053554	0.980985198779929	0.512758300642456	0.889800271622887	0.955097387071888	0.798145473664812	0.393047592042391	0.332125928572956	0.621602420747673	0.925780840125887	0.490746493013192	0.980051752662137	-0.473417692517333	0.61267352926407	0.886977676327181	0.559039752718719	0.95286829214444	0.525842754257674	0.89814795970668	0.670675355658506	0.947532800847754	0.926991348107002	0.984920543067239	0.85621460450305	0.960778704333605	0.748177327734638	0.38181385978104	0.958023657716748	0.799391753329507	0.47451337553957	0.588637261881872	0.922570396975606	0.588575418510894	0.978215511999725	0.522464198659175	0.766219982354016	0.911814894750018	0.348600918945122	0.579394607729213	0.933266885418246	0.733326080682661	0.448767953698286	0.509522289426095	0.652535729695836	-0.142106468581074	0.797172186943033	0.669056311318633	0.59829155616157	-0.259617080875554	0.92490731039778	0.82489913449803	-0.325247355387472	0.306304239836067	-0.260696054589436	-0.110281848734462	0.297264806762921	0.527354512131379	0.889036813068135	0.82968018958391	0.279599692911567	0.0999272945437162	-0.256510375237348	0.137278422630931	-0.201646827406636	0.269017651239431	-0.24877931964308	0.282649204074576	0.885147556341739	0.417148508448048	-0.212535516604421	0.961166888870944	-0.0462414923660515	0.0378949673835964	0.395114523853759	0.946453712210391
HAVCR2	0.961151576198051	0.885431331347778	0.963667944232604	0.37137018820342	0.994349874501004	0.482713915987768	0.993656638910491	1	0.928196812333922	0.658783903023647	0.984646126421802	0.626463344987861	0.986163862459413	0.824275520003566	0.889382698156938	0.949256287539121	0.959548823944851	0.978140787470571	0.980403597943255	0.808938433026014	0.976810735199149	0.534097832905853	0.894360978783706	0.96496084681413	0.8158967617493	0.440181242115689	0.380423851574058	0.645392843399026	0.936231447551729	0.545568717632271	0.971720057171589	-0.437943800966462	0.641564591188209	0.910751281044741	0.584630365969822	0.959840586134183	0.569534049773167	0.910223118223217	0.699680358778025	0.954550549312568	0.938804432337731	0.986852855722109	0.883395354879542	0.968252084304494	0.775014184309339	0.40966588067906	0.952366953581699	0.804556474749427	0.50864227326759	0.617466266403084	0.917222369595697	0.602121719187726	0.975632687474862	0.531705778838414	0.783164661172214	0.935650873641589	0.396030413086937	0.622004362868522	0.956495610236613	0.749492915546496	0.495090159490815	0.52400872404031	0.659441078135923	-0.11925411404897	0.834980525474015	0.701546890139854	0.623801354055157	-0.212657060140255	0.933809675359332	0.829336581126045	-0.298378556828616	0.333262995198286	-0.227682060260446	-0.0882386828935981	0.318289824083214	0.569051070614846	0.906165973266313	0.85470558781083	0.335203183568622	0.12819162833835	-0.248375069895851	0.168220266447681	-0.182126090667707	0.302237674027239	-0.232579200540746	0.309299702705656	0.896070572350322	0.419164525598754	-0.20166727008282	0.964047837606027	-0.0445088916421821	0.0512983551102165	0.412584401593781	0.954207426567611
SORL1	0.959013488122137	0.924906932764504	0.970753823712835	0.525803752099689	0.917936483993379	0.489670908255991	0.91900526247097	0.928196812333922	1	0.783697780675614	0.896944143786769	0.721301779077061	0.952505171202063	0.71648149911844	0.907370369497634	0.909931058303328	0.944159026357444	0.894848838931804	0.938612047167033	0.898604611493332	0.925221280157785	0.759470897328005	0.955294717332346	0.948284876200154	0.833561381370035	0.627642360020248	0.40749647760437	0.657929484613183	0.899668901593774	0.495267123036197	0.939702123598926	-0.323458486621651	0.528403883266107	0.85633675660319	0.814276861990327	0.979417143605214	0.709226907669673	0.899281546081543	0.659966098197274	0.861127723905426	0.982302116279184	0.963443041034046	0.801023044090396	0.967222987975465	0.713855141151492	0.322424774344619	0.880199146878157	0.832851935778351	0.472907467629452	0.55371723159067	0.965669999472494	0.646233441612191	0.951827612444424	0.69859803249166	0.771382173901843	0.916058555135736	0.533197161673245	0.557626045472166	0.894600819386041	0.663604469901447	0.603137777251419	0.463977858145336	0.625970987462414	-0.0150075533160614	0.859578818426169	0.708933290167751	0.523142892536649	-0.1097614987898	0.934123731833795	0.942874292356391	-0.264428808613513	0.257879277034998	-0.169698682761135	-0.115014903153246	0.215615247311596	0.601035622558342	0.851669457339974	0.793812747953476	0.370454239802458	0.0902073165470161	-0.31259718938368	0.130174378761359	-0.253395202373198	0.244447145593453	-0.280651249564578	0.278550323088102	0.782740961324843	0.431031050444826	-0.263186077835738	0.93647485480876	-0.0421023793517641	-0.00126332063560141	0.324524364498814	0.953606365650021
ADCY7	0.765151090056	0.847793746108367	0.785190959397441	0.682384084460017	0.66465941770728	0.663018423965521	0.643443629300729	0.658783903023647	0.783697780675614	1	0.662189958061809	0.52724076398526	0.744075741811693	0.638446215499472	0.696905447734916	0.688891011159704	0.758289528590883	0.647227591341402	0.75619125469601	0.735201048767479	0.680573826289975	0.691453939406775	0.857735783095933	0.766587875251268	0.709356451362735	0.638272015815737	0.17064087195894	0.442732050747498	0.750569297422901	0.374830883197438	0.721774663332377	-0.0748835046927975	0.255737874672767	0.558220475027676	0.77623008579086	0.741861867496325	0.614260645094944	0.705764005068107	0.2864885646923	0.553570184409165	0.740574222798761	0.711366083355393	0.474495130991006	0.75360318606596	0.425883425177228	0.124391846954331	0.713310536209513	0.753645563502861	0.290274091996322	0.387104944064675	0.776381139639261	0.319834940598759	0.720231950846502	0.478266071185507	0.500935499574378	0.615853259186762	0.299221961726842	0.302964627945503	0.68837075307696	0.466881753445001	0.630325701026675	0.250645392388487	0.388463736437183	0.252947020099992	0.68113640923722	0.325097783008165	0.230405638725674	-0.158792901492863	0.622464737097046	0.760344151747302	-0.305878735976758	0.0612689010698864	-0.150653845645781	-0.209721722281843	0.0702890602105737	0.33839362612582	0.650082711717065	0.61850361213122	0.116311009102901	-0.137922425168614	-0.365613166397938	-0.0695945683889013	-0.307484830940927	-0.0171429267120457	-0.331042188807687	0.0991305249501176	0.525699234026247	0.446424959744914	-0.385667948806618	0.74150292217472	0.0401901410448243	-0.196776191614662	0.134050685824116	0.726240316191583
NRP1	0.955759554122305	0.884687878744215	0.942747731222267	0.352036826379828	0.977764805920021	0.478582385024914	0.985733182010227	0.984646126421802	0.896944143786769	0.662189958061809	1	0.543489535164261	0.96757011417849	0.806277708239967	0.866278958711324	0.949977671769132	0.948976528518083	0.958454027178201	0.972144723036182	0.768302574863598	0.976575118124211	0.460133281149844	0.867020517323341	0.955060287323309	0.75352083303673	0.387807222385682	0.342792754644481	0.568632206637998	0.927725114975447	0.517250497374837	0.961749955731986	-0.503289911925412	0.634645769712935	0.872309724142731	0.523188224194545	0.92953364836754	0.526448622487994	0.904786626850299	0.640051428063808	0.924382293430195	0.910230404638525	0.968638852379955	0.862694139290366	0.948172535835105	0.756238554193997	0.406182199718855	0.971592278129694	0.767889413478074	0.49775049270713	0.611547990564652	0.900410563835503	0.56771300392561	0.973672224032697	0.421434449764164	0.762186474402291	0.900435589789885	0.340189434532091	0.598406923021119	0.939929822402394	0.750518097727618	0.490582814031841	0.540158768202837	0.666869310459487	-0.0788888608502813	0.797523070249043	0.657093443269883	0.618322668028217	-0.22935458972581	0.896597700285572	0.802480523789441	-0.29659962926627	0.345821595073774	-0.241363954858166	-0.0848193880100263	0.321591716865694	0.529408296428112	0.902409976074583	0.836192961387922	0.288383311865518	0.113700807151458	-0.232817803934822	0.167265328986118	-0.174216146603086	0.299338460114383	-0.223615432070447	0.312151526376192	0.902387733006791	0.363349608660682	-0.205172169364984	0.963852569360662	-0.107898458501679	0.0430819491911471	0.420856523403229	0.930310726672618
TLR2	0.648464025343196	0.682815803880631	0.740260061766082	0.567156060355416	0.62522367129311	0.440277871284099	0.620526072519596	0.626463344987861	0.721301779077061	0.52724076398526	0.543489535164261	1	0.677508388772472	0.53406729624635	0.65447356487696	0.637640399462002	0.654683890384523	0.618248403972109	0.651925706778638	0.776140894610354	0.635851826733073	0.815439798367198	0.714788826749532	0.644559568940969	0.635457725905934	0.69136078585273	0.478515454827488	0.532360829228526	0.600597645360664	0.491143318124896	0.644297245286452	-0.0737010521656835	0.34210832702129	0.749260182723692	0.701532216634587	0.756033323600495	0.603079700384418	0.599048210200712	0.703136701517672	0.542617808211597	0.703208217025718	0.683049684474643	0.543306871685193	0.702162126846917	0.535375602614987	0.154614697143445	0.547095687263753	0.544717255201405	0.356422919720289	0.338215799376303	0.685429162226098	0.551810386950739	0.605738289072761	0.674038930841118	0.44975211591418	0.676416790732511	0.500000210380668	0.430191732182415	0.574608772963346	0.431779598425991	0.41656085586241	0.288449777935792	0.360336091984704	-0.0530725817706833	0.685967183205146	0.564142614951222	0.352699872654624	0.0130523633961982	0.661742610443605	0.767049096968343	-0.158166075484028	0.0815591095329367	-0.064597116954862	-0.103929922343748	0.0496061909287005	0.502024201507603	0.555348789551911	0.577148953541076	0.310898325557419	0.0193159095558166	-0.269576653990387	0.0330103657399899	-0.223356987636606	0.149197238578961	-0.262344052664617	0.137312264870754	0.441873365377213	0.298521693743991	-0.241072320316887	0.638756410849258	-0.0180468884637399	-0.046105644907374	0.155907121501167	0.667044692222803
SIRPA	0.969459914122202	0.919427663894058	0.983604173859019	0.443616878424691	0.981846033167595	0.52871606716116	0.976731087701289	0.986163862459413	0.952505171202063	0.744075741811693	0.96757011417849	0.677508388772472	1	0.829368795452264	0.899441580959422	0.944484031980653	0.96813984850936	0.971283569783188	0.9827375110435	0.844371399288529	0.964536514923422	0.610376290269779	0.935846118545864	0.969558802216852	0.830996346789299	0.512823935592436	0.375526944322721	0.632108969844384	0.946916061524428	0.550911885461395	0.971890820613853	-0.388923566696804	0.621445912924953	0.90892565164841	0.656851555964948	0.976122686165875	0.619624930152411	0.926710541883087	0.674830427638155	0.926488364950064	0.9553923315095	0.988886245082125	0.859607954201325	0.98066286824156	0.762440388653963	0.400210437783972	0.945191445002783	0.828714132820203	0.51902710108136	0.617337463081292	0.937735305240427	0.610240287222763	0.972374239781074	0.557017901563455	0.766126692911825	0.93069924347338	0.411135395794101	0.618563135192574	0.952921701620966	0.747572134649419	0.561684683578959	0.516666326632141	0.657818073655499	-0.0555183974050328	0.857306104865099	0.687986924593928	0.596213257187599	-0.191651092566781	0.936096150796466	0.864056248037671	-0.288686431351929	0.319182518549597	-0.197792614153678	-0.0890554900924542	0.299533963955715	0.578077738204777	0.90360963101922	0.866567182325858	0.340135423191804	0.113791651186277	-0.261823369196666	0.156911416606084	-0.191868861200483	0.284060726219047	-0.2398824837514	0.306559449538161	0.874972587252636	0.426883635808249	-0.221744409314246	0.97163338386023	-0.0561539568908394	0.0359197727081504	0.403707659849579	0.957600213073877
ADRB2	0.799436488085758	0.791079122335508	0.79847708414884	0.317170849961736	0.844300729910517	0.471404382570164	0.822864339045061	0.824275520003566	0.71648149911844	0.638446215499472	0.806277708239967	0.53406729624635	0.829368795452264	1	0.628192310687344	0.774603250141899	0.767343567077284	0.809894387622954	0.85047540856688	0.582909604375079	0.796824867752437	0.39305185589037	0.806653807646954	0.803497625141795	0.823172310482026	0.246325681781653	0.105173669066913	0.646346990502123	0.809654693298593	0.365399347354117	0.841185265738795	-0.141771890485118	0.350670448569456	0.721545865188184	0.396507002741438	0.757640262328349	0.293216292931424	0.66753991819943	0.428473308021378	0.821048027604291	0.694644294041933	0.812000247219604	0.605237278405396	0.783610148730169	0.451446951116099	0.180633698121033	0.795392157344801	0.781436400797805	0.258815223847926	0.405108523394012	0.748007756139394	0.304058461677358	0.775454562577976	0.443581542231507	0.566147940456745	0.676600428361378	0.0951230079933083	0.333192453865499	0.793105218624121	0.564025114587917	0.248843986812008	0.307585432373117	0.387031306882342	-0.048422500132593	0.584490480505596	0.357951800487639	0.325742976743445	-0.427828118169824	0.696659858137445	0.62976985372343	-0.452887346333188	0.0642190233178175	-0.39469499920113	-0.285915234542831	0.144276372022899	0.22958748228339	0.7340457794155	0.650411718181435	0.0326713552350686	-0.149376845939978	-0.367926597304732	-0.0943392741512734	-0.327139301713934	-0.00967444603889063	-0.385653449672088	0.0628826407040681	0.669733108821504	0.659387142617851	-0.392098815750044	0.793289601981376	0.277134451309095	-0.206939636314972	0.159115063182664	0.787481375261123
KCNQ3	0.883509887219291	0.809126160076181	0.917210604306111	0.59162114714687	0.884108660142151	0.650409994540009	0.861852405082957	0.889382698156938	0.907370369497634	0.696905447734916	0.866278958711324	0.65447356487696	0.899441580959422	0.628192310687344	1	0.878438088295972	0.952902379513978	0.844577906167322	0.884075985950468	0.900531010952922	0.907207407468782	0.699426220989594	0.829863826509891	0.937754706312671	0.690953016227375	0.711164510288148	0.629131143589229	0.542694731371566	0.864255961973066	0.654550633687138	0.832810795201483	-0.382218233747306	0.694238699411977	0.886915606356922	0.737220733028912	0.905620113164201	0.73351392278121	0.912211645891686	0.739900783445971	0.782508270978615	0.945622569774437	0.899020085287908	0.898416526600986	0.890105662991836	0.86719046306516	0.455567406689795	0.882861326600913	0.68090222874702	0.634893620665915	0.675027360949405	0.864398406757042	0.638042087998896	0.90099791302418	0.499028033753293	0.782453796511528	0.960091889451093	0.65957861808492	0.727000427018203	0.899712080749969	0.739081014612338	0.636030688756941	0.56078078221437	0.677519636495523	0.0943261481377842	0.900039557368015	0.817106388434397	0.683684791547151	0.076425736801041	0.835038123017242	0.90325483117682	-0.112776650490673	0.437292177881726	0.0234702956061039	0.0495216533769999	0.349877364469233	0.744715122547444	0.903468665766965	0.882365216461026	0.521499445369132	0.260927777581276	-0.155918010597821	0.348938881683841	-0.0780027218803332	0.466445595916333	-0.130155083834357	0.438558574675984	0.839747493154319	0.254092101460594	-0.127705972791195	0.893090089473042	-0.226826672056068	0.140577294744936	0.485546011776791	0.910093079147167
LY96	0.942839122407252	0.870577510216626	0.944515274790208	0.538925700440769	0.948187131812839	0.587968926462423	0.949950765902194	0.949256287539121	0.909931058303328	0.688891011159704	0.949977671769132	0.637640399462002	0.944484031980653	0.774603250141899	0.878438088295972	1	0.940509290441785	0.89939007905733	0.956140705997609	0.837260804536613	0.958927551973053	0.598921803147008	0.865211064785821	0.956488362236631	0.760725900660589	0.506481377718225	0.41741540847808	0.599072393333325	0.900571825637603	0.589213092373628	0.944094305547843	-0.395845079229434	0.57134651369543	0.877577465174585	0.648866470060294	0.935596942373285	0.623603610398285	0.864503747790228	0.631971822895923	0.860022398768224	0.892338674476992	0.943655813789622	0.795422966605823	0.917687052791064	0.749781070199251	0.310157011678535	0.956913065998551	0.743995415728214	0.439394454797952	0.567890938868056	0.904563080819414	0.528286034156211	0.955341093525369	0.474171056939642	0.702411603409001	0.898038439417088	0.426990475361872	0.562675947918988	0.907214471251933	0.692538437388599	0.512533035861532	0.444736311973964	0.560232834581021	-0.0387357984123082	0.830217470418575	0.646287827068904	0.54964748581282	-0.15476915825427	0.850092766727093	0.860071173682333	-0.336983297693422	0.243778905925667	-0.253331726772313	-0.165628149208058	0.222001517657629	0.515100685172571	0.870110006403727	0.768639515303676	0.274957144941159	0.0260170185357874	-0.344892740083875	0.115198441017526	-0.267617949850732	0.217114777178198	-0.321031956043924	0.252204233635243	0.81049090282261	0.363659910504275	-0.319563534301711	0.940785115070692	-0.114325176968897	-0.0637894154384203	0.324760780375786	0.910672409066996
PLAUR	0.967221594628944	0.914562930930469	0.972336526491494	0.537290248606293	0.96123878449675	0.641518036386168	0.946844232845121	0.959548823944851	0.944159026357444	0.758289528590883	0.948976528518083	0.654683890384523	0.96813984850936	0.767343567077284	0.952902379513978	0.940509290441785	1	0.921694506947788	0.975891362367257	0.862542510614	0.965851234582872	0.63036268773904	0.916950313456252	0.986465065409566	0.783995813448239	0.596355506274289	0.449898389257633	0.609611329269316	0.942688885796976	0.557200782606763	0.944528192125716	-0.394248415338598	0.616324024305012	0.906455774831946	0.705615042701621	0.963023796166945	0.633753842414366	0.926111138419614	0.691774349298058	0.879301498111363	0.959754512430148	0.97136324706937	0.881120775565279	0.954194053222346	0.794350167465481	0.387779050810225	0.959047826518745	0.79942795488331	0.527925440151104	0.63591805329532	0.938318114191453	0.566427080481829	0.966111331005484	0.495911641082599	0.794768397043234	0.940829712687041	0.493620819372272	0.622457415231989	0.940605092849784	0.723174815392663	0.585121605624312	0.529183312081852	0.656927414169984	0.00753685545424094	0.865043624994808	0.697492922213349	0.607225074659033	-0.139866874682381	0.882280353888086	0.901735625003299	-0.272413111346466	0.324268007027722	-0.173905710993991	-0.0875710117360705	0.297342262433507	0.612582307035934	0.951049935361144	0.871903227749816	0.36049954235716	0.135447732902527	-0.247601708828668	0.178292371750532	-0.193328016140005	0.316595264308824	-0.245385305466959	0.333097710730235	0.869086874343626	0.404807884989193	-0.234761966425152	0.973206599481935	-0.0978596713904651	0.0311769830860981	0.414354434066328	0.973694358286314
ENG	0.917612959440327	0.858422111325661	0.942831433489936	0.319462909918107	0.973969260234178	0.44170863566133	0.967829319356337	0.978140787470571	0.894848838931804	0.647227591341402	0.958454027178201	0.618248403972109	0.971283569783188	0.809894387622954	0.844577906167322	0.89939007905733	0.921694506947788	1	0.951585191541465	0.780261921817815	0.930162974540901	0.485064333797079	0.868921507361191	0.921258591381462	0.817007912213748	0.426197633055387	0.38213241084164	0.645337140274821	0.931186079937071	0.564334137493204	0.944203896446664	-0.413387923749417	0.686484507378988	0.904764421577694	0.538730617109619	0.943191999469399	0.579975528979488	0.908253812642909	0.728789907215528	0.952400771777528	0.911272750856444	0.956699031291337	0.885997571709454	0.96206449863376	0.785902615596037	0.479438388849965	0.907865807343091	0.791493151339755	0.561208097565025	0.641244877953922	0.869824129461093	0.665744754674572	0.93031861625852	0.535970415058891	0.78248622801257	0.907388688943963	0.355193479725612	0.67463548663625	0.955218231035012	0.773586527520709	0.55158917994449	0.579620176761844	0.689396263207687	-0.109879570036066	0.842791527473721	0.712608388077612	0.670379718293915	-0.170140254251315	0.948698474961238	0.770035911920576	-0.196989564474414	0.386094895015639	-0.154629212495353	-0.0072128365472763	0.377352718624359	0.606496323866895	0.879038939090717	0.866733649829741	0.39134026599478	0.19993955418158	-0.162894708522166	0.21002311648382	-0.0927477707470935	0.358696801316388	-0.141035427796837	0.352929504084596	0.903449437096151	0.408141384596637	-0.110156820060971	0.932163415887064	-0.0221397157186131	0.127235756572996	0.470841906537125	0.918225446386177
FPR1	0.980651385875675	0.940842573106539	0.978568125237325	0.47431255813358	0.982189922053983	0.570317314151928	0.979349998728486	0.980403597943255	0.938612047167033	0.75619125469601	0.972144723036182	0.651925706778638	0.9827375110435	0.85047540856688	0.884075985950468	0.956140705997609	0.975891362367257	0.951585191541465	1	0.826680814311973	0.977799883698992	0.5867216077834	0.939352604154621	0.980333106584282	0.832774991277595	0.494575236205981	0.333705457569189	0.642406682407454	0.948050452565793	0.509840936385736	0.985363708098227	-0.393052678196552	0.551188370333785	0.887039087890613	0.647935872446208	0.967249562431626	0.570539308725045	0.895884022902903	0.645508091874292	0.916709576530982	0.935615196055129	0.985133023719682	0.828981968563765	0.970843691052596	0.720873662569907	0.320025111203281	0.96547069664072	0.835477363188439	0.441402383243869	0.568342549322447	0.943349493539461	0.533806053577286	0.977000038921652	0.527038864775401	0.752052618036211	0.904393558527023	0.360643737314755	0.54145385585574	0.937508915170228	0.69744178374325	0.511061712443179	0.471942891622953	0.603406545834749	-0.0698518017608149	0.82482409447827	0.618644959877109	0.539636490405751	-0.264884798048791	0.899127029512193	0.864926363890037	-0.365691965712482	0.234444177861494	-0.288539741559959	-0.175383790775816	0.240011933805042	0.504381214596322	0.910364534568887	0.827162798569555	0.241212193109994	0.0252103236233765	-0.323786293528428	0.0629773356464374	-0.270397192466553	0.200333138112225	-0.32010824729358	0.233412662084469	0.848571564878733	0.47674226222188	-0.303152238907118	0.976640973356477	-0.00717471307408633	-0.0505379016218834	0.334837169279983	0.96638779056424
TNFRSF1B	0.801104747458318	0.777713480313651	0.904817408731061	0.741238294262097	0.798766182113325	0.647627839945035	0.782539409053554	0.808938433026014	0.898604611493332	0.735201048767479	0.768302574863598	0.776140894610354	0.844371399288529	0.582909604375079	0.900531010952922	0.837260804536613	0.862542510614	0.780261921817815	0.826680814311973	1	0.814443513592676	0.870169123857197	0.824414837262665	0.850311363241021	0.677900459618819	0.842183609349665	0.660338924707301	0.530838293849922	0.737267550285568	0.761475981928689	0.782650478039068	-0.323759772098646	0.471159209447154	0.871413317554447	0.816664178098626	0.891487587929288	0.863481060685276	0.772402992344992	0.710771501125698	0.679729115449578	0.884511955099817	0.831966271763821	0.729999579775152	0.870780961007662	0.710284744353157	0.202761739672742	0.753860701377628	0.580871910872385	0.443305911017258	0.412833966267586	0.79322517463895	0.590384527182435	0.819075579074647	0.604531919351196	0.577224933408831	0.911036609212199	0.593299697394649	0.579301550364641	0.793830838944105	0.531887938171657	0.71913031861428	0.361427343217289	0.429902455410621	-0.0337807885720655	0.943896390726223	0.743533408440669	0.465940087153458	0.168373514757111	0.832871669429993	0.887645078289116	-0.141955459898585	0.171253190605786	-0.123168531682738	-0.16266840268901	0.0470104150243552	0.62104327670603	0.720802118590674	0.714547445396739	0.409926290221993	0.0149255211522031	-0.410067552370199	0.106718611330239	-0.308861503711741	0.246473500430602	-0.341584799539042	0.175047733465203	0.616134577720804	0.18646089137293	-0.353987587205709	0.801972505684379	-0.242596818272282	-0.114500493074876	0.213858804919523	0.81868292235433
TLR1	0.97458307368639	0.912119316935146	0.959722711974605	0.433565795301644	0.970049610074886	0.514737753697869	0.980985198779929	0.976810735199149	0.925221280157785	0.680573826289975	0.976575118124211	0.635851826733073	0.964536514923422	0.796824867752437	0.907207407468782	0.958927551973053	0.965851234582872	0.930162974540901	0.977799883698992	0.814443513592676	1	0.568622596319702	0.898121590338572	0.975645882918064	0.768689846051167	0.464064086168636	0.382864775426712	0.591370279858448	0.924188156896174	0.506488899187001	0.963798912639153	-0.464237250446075	0.601482922816863	0.875134483367002	0.608256764439135	0.948436426932306	0.550461853664529	0.903630490178766	0.662487832355737	0.897466319645789	0.93957143407798	0.978863912305215	0.851589662485607	0.951068595365185	0.761683209599597	0.353489785287156	0.973752132022923	0.779827575083216	0.481517421132211	0.59319475275676	0.936537956348635	0.573838567276159	0.983869855973983	0.488295274819817	0.761529290077378	0.916660624126247	0.417104058180728	0.572585134513465	0.920525172896429	0.723259174670545	0.45715776571039	0.503249450081996	0.648103194862093	-0.0458214136060765	0.802600023164982	0.673904714608587	0.59178322730722	-0.219436212522643	0.883993052916195	0.878159556448066	-0.334025204689999	0.301211000811875	-0.233429491492208	-0.116884873003685	0.276798676588768	0.539882945313041	0.908730943047492	0.837955857212647	0.270888935265875	0.081666111617909	-0.269476212952666	0.152776793006675	-0.221644608954162	0.2743331429893	-0.270951873634517	0.291348684755831	0.872137525511157	0.390781550442578	-0.247695727955474	0.966664895783559	-0.0971185782469624	0.0133030193711574	0.382632730580633	0.952661583529545
C5AR1	0.609866404358913	0.652568151966983	0.70615023291001	0.758753306817404	0.521362722691519	0.520726456608006	0.512758300642456	0.534097832905853	0.759470897328005	0.691453939406775	0.460133281149844	0.815439798367198	0.610376290269779	0.39305185589037	0.699426220989594	0.598921803147008	0.63036268773904	0.485064333797079	0.5867216077834	0.870169123857197	0.568622596319702	1	0.726049580352755	0.628426693676012	0.566209536385371	0.857960131013621	0.510389672531883	0.427629067726549	0.505140575201623	0.51666128403421	0.564058710209495	-0.0522792191214424	0.17865601313863	0.613386905466189	0.889346642826821	0.704043484816411	0.782059500394027	0.545985942125264	0.490198660823583	0.396644361529119	0.716070858917487	0.614549678170956	0.41765241856133	0.656601425140214	0.434854066829452	-0.0162396392950194	0.486203811920147	0.498409982483827	0.242399072664177	0.196568608841109	0.667516887819946	0.45175776856473	0.591600380099614	0.708476770367335	0.354197836471005	0.665061088231013	0.586573715502506	0.314263302885531	0.503677253867074	0.285488510069925	0.56976066911438	0.123551554905836	0.225509228232212	0.0632268385484475	0.714858259239753	0.533645058401636	0.18138939648417	0.166719438475142	0.607697720931144	0.828485127222279	-0.178656651810312	-0.0421786906365565	-0.0749741789216747	-0.224505509092992	-0.140077215624709	0.461606596112364	0.463253896001969	0.477923688818691	0.26977584255293	-0.126118174567689	-0.453107725742318	-0.0262312170249577	-0.381798917766216	0.0363358496691063	-0.391855181911454	0.0243093022107182	0.295841681555904	0.208120118765918	-0.406136153727564	0.573766964828566	-0.134014913392679	-0.206893638751207	-0.0120858194345285	0.616957728022793
ITGAM	0.954405858107211	0.975599141188716	0.953770125446478	0.511956544328794	0.890347019695808	0.516181870544789	0.889800271622887	0.894360978783706	0.955294717332346	0.857735783095933	0.867020517323341	0.714788826749532	0.935846118545864	0.806653807646954	0.829863826509891	0.865211064785821	0.916950313456252	0.868921507361191	0.939352604154621	0.824414837262665	0.898121590338572	0.726049580352755	1	0.923215384508371	0.861037678036497	0.557333478263728	0.234571331138102	0.642582625921603	0.901073551724982	0.384830082803785	0.942166950662487	-0.245605166279746	0.405232678915202	0.790323630324424	0.77307037422363	0.943196010759136	0.593883512497936	0.850439587054483	0.549602107420194	0.826238636493553	0.933436347289545	0.941418384173783	0.704287183689223	0.949160394855375	0.585191989385569	0.22930505164379	0.86661300349072	0.897649701036482	0.36015759873562	0.489178944291804	0.961139752840235	0.524626603930152	0.921900496240167	0.674584961534981	0.691811584896186	0.817566255903931	0.391746494890244	0.421128450157798	0.844194161935799	0.609959509809134	0.527865046554953	0.372727104473905	0.555977173922986	-0.00204196649296381	0.760966728200822	0.532121260362547	0.397101080464109	-0.296803527562281	0.869536647618233	0.902785974527342	-0.407205414218762	0.132570553875197	-0.270179032321965	-0.210668294653682	0.156020794603179	0.46052592641496	0.825299367799793	0.769424425470917	0.189605149013564	-0.0524795916449542	-0.371366697192144	-0.0207842337880196	-0.327887940024195	0.0846600689500413	-0.359616068166938	0.170451066717543	0.726656094588241	0.546922104100981	-0.349774374644308	0.930309869609023	0.0828972925289946	-0.103362078927903	0.225659477391803	0.930362958646378
