""	CD74	TLR2	TLR1	ITGB1	SIGLEC10	SORL1	ACTR2	APLP2	PLXNB2	LRP1	TNFRSF1B	KCNQ1	KCNQ3	VSIR	ITGB2	LRP10	NCL	TLR4	HAVCR2	CXCR4	ENG	LAMP1	CX3CR1	PTPRA	CSF2RA	PLAUR	ABCA1	ADRB2	C5AR1	TREM1	ADCY7	NCSTN	TREM2	NOTCH2	CSF3R	TNFRSF14	RHBDF2	ITGB5	ADORA3	ITGAM	STAB1	TNFRSF21	RPSA	SIRPA	AXL	P2RY12	BMPR2	PLXND1	FPR1	SORT1	PTPRJ	IL6R	PECAM1	TFRC	CD33	TLR7	UNC5B	TMED5	LRRC4	RYR1	ITGAV	GPNMB	RXRA	PILRA	STX4	NRP2	JMJD6	MCFD2	TSPAN14	RACK1	SCARB1	CD81	LILRB1	APP	TNFRSF1A	PTPRC	ATP5F1B	CD9	CD69	SMAP1	CANX	CD47	CD4	CCR1	PTGER4	C1QBP
CD74	1	0.792118006023893	0.650246328278936	0.794543326050912	0.726613743646704	0.704924526799477	0.897772824337431	0.777845802238663	0.690982166083913	0.748717539534737	0.802443115318386	0.755261406804571	0.627148674402502	0.859744769383886	0.844031741171298	0.765734210074978	0.833367952769213	0.537040020305337	0.839888167372715	0.572031565587365	0.799656988873349	0.760827599889556	0.782861015094992	0.619330083873098	0.876397402854516	0.738316809736697	0.728297236563745	0.212110778020277	0.622257291486916	0.543336903849984	0.606137021790237	0.637367203713084	0.765116123440583	0.547070949772015	0.673962238188435	0.858281610914062	0.692918063394901	0.611823090784262	0.853011706960279	0.644458333065005	0.757663921247197	0.512870233574711	0.920182620008921	0.729678923162492	0.898941130271434	0.678834508212063	0.691449836704585	0.511917427413161	0.821459334669889	0.704493999433323	0.721587233296068	0.595488507249002	0.739859883254665	0.530008073285866	0.890148650730849	0.688694973271347	0.78284417918274	0.785742799284233	0.507793096550406	0.651495232509559	0.695854796581121	0.297325485454853	0.741943885441812	0.847073645064322	0.744726040917056	0.455140363549604	0.656644838219826	0.787940973327764	0.674175993379939	0.9047649345387	0.690426445422735	0.858693829813947	0.815824920735744	0.306232101703657	0.844675796654402	0.787661193403418	0.872740595256651	0.409509575884964	0.513128022583531	0.858534241121278	0.803003683509255	0.839029074858553	0.871363038970679	0.828595738591236	0.611708261607058	0.872963357537816
TLR2	0.792118006023893	1	0.678248447471427	0.744436559431033	0.782737676737752	0.768835730970368	0.865698255256579	0.835521079754362	0.589329315681589	0.782768646813452	0.912832540684254	0.652182938461664	0.762821477069619	0.707956656180383	0.757745917713568	0.71875477808678	0.872977337514159	0.650815769394051	0.856099479695116	0.68768207801838	0.716540351698285	0.676429147654143	0.770422406904662	0.661898525206227	0.867973528698981	0.85826166047559	0.817544985894617	0.273926540980059	0.834264048121464	0.770209096635568	0.688744393433234	0.684615278430394	0.658087348052842	0.6105454078342	0.823604390006798	0.706575163369896	0.860219248768795	0.656233907270601	0.776593835652524	0.620902064089096	0.572345134686473	0.530997888681763	0.690609927788887	0.726206999576032	0.732473566025336	0.642378230005417	0.683069540475112	0.515621263679067	0.848293009039221	0.784344435506526	0.822279980338616	0.792076115022765	0.742394889965263	0.774900219317013	0.639027562075166	0.717981835183479	0.865164419460553	0.833008782407152	0.632521932905149	0.756788107592069	0.795468088458403	0.29526212466777	0.739568511115811	0.668334125771049	0.833967782409514	0.66638462405535	0.775567445859327	0.661883057079679	0.813476451398903	0.668158677333266	0.68181054973479	0.702817942476705	0.872956210854779	0.40632988752959	0.721176132253619	0.880206534781615	0.689269971489792	0.421399718568556	0.730482387139831	0.785215335492621	0.804428332614274	0.733464716672344	0.822327544119053	0.788994780132027	0.787143215318031	0.661196607942653
TLR1	0.650246328278936	0.678248447471427	1	0.63487052308115	0.667469414774409	0.734828798767208	0.730981217344166	0.6752607546328	0.631782922384555	0.673976800938386	0.705228087615356	0.627797348755199	0.627816625662981	0.60410350242662	0.625607838020256	0.607401187781271	0.693596357775373	0.636707904798774	0.692295323449275	0.425455888816682	0.574917719257665	0.615685009791405	0.731663832231021	0.51001933280672	0.740350556088007	0.531838269989559	0.629517307295913	0.274027000765537	0.516025494145271	0.448548865145181	0.648718171600275	0.605040158074852	0.567784193109428	0.411372762002732	0.68288491161672	0.596893906125783	0.696605975453034	0.544204404761398	0.697971962122115	0.69542794330443	0.450165523854578	0.400260005311859	0.612546859205515	0.617408002703278	0.626758973446565	0.730250219555373	0.539524109496494	0.473732255260673	0.649779047449248	0.670474454427635	0.753073121083304	0.589092858056249	0.534065983098732	0.461705875825015	0.643778883309592	0.615711202048214	0.637667385107788	0.666216420835784	0.619888929359439	0.676091511226721	0.61361956133903	0.244364181084207	0.574086434013495	0.640312403167979	0.587678816512907	0.450210327311515	0.611069474021122	0.574686367560706	0.681166527390851	0.609257512874504	0.521060793895738	0.603589169342693	0.662347196328069	0.205120746979345	0.664739555192896	0.786182029045884	0.579942840191212	0.305732498543426	0.500096031381217	0.611815327745942	0.624561149499991	0.585988397276674	0.685428232671198	0.663642286476894	0.517833292669069	0.612524920563588
ITGB1	0.794543326050912	0.744436559431033	0.63487052308115	1	0.651743460476779	0.748832776952168	0.90690203897434	0.933672908957311	0.69590697615504	0.83986823907868	0.792581864321467	0.627472815651013	0.652810713628938	0.666440161350056	0.941449319385145	0.926263391543158	0.877314007635319	0.549084353836491	0.882195221504671	0.578131127550296	0.794553976780525	0.888675843215888	0.696383993954511	0.777424920034372	0.823564676751319	0.742048013368157	0.776106921766004	0.257151760166734	0.689310896788534	0.557529659458869	0.549567566761486	0.760370321999507	0.921407028375055	0.656452056325165	0.651227664539814	0.844106903735014	0.743328462817629	0.667022937681713	0.811420261704227	0.59775394494405	0.553289489892844	0.471177734065956	0.823988737547112	0.923592191288271	0.85511747039791	0.59419131900608	0.801298785445095	0.655569696932684	0.836373047515765	0.855126315543296	0.817716856702087	0.731740328264096	0.842170236148478	0.670157336602588	0.78396422687142	0.667712733727141	0.762653638127935	0.86786365429746	0.569671345703761	0.614391343983046	0.854750756127568	0.652136617092841	0.759009533954666	0.770895089979966	0.848387691360062	0.638924275357173	0.609626006315295	0.873844178720521	0.756883643951669	0.808636619372016	0.741959910603384	0.91394836143288	0.778222340223268	0.478427398298634	0.727534993165023	0.816672601461545	0.882145060290389	0.807894737204261	0.517192638650592	0.879851660635428	0.952829973444864	0.778681990097198	0.750239311142741	0.807941562098437	0.655352847075632	0.845447168856229
SIGLEC10	0.726613743646704	0.782737676737752	0.667469414774409	0.651743460476779	1	0.824580182512421	0.800665780834563	0.716938964603452	0.67846203104495	0.770971797049417	0.832826305209007	0.707550332250017	0.759469253666983	0.745129934226405	0.67690859615938	0.652333663532484	0.788713523862212	0.658946362069147	0.774185209016069	0.594963702708682	0.639254878450966	0.658177624619562	0.833319030798351	0.59003073064975	0.82728833426823	0.709287549638535	0.723056975474757	0.337477340985693	0.71247683514822	0.634314263421573	0.697300037900159	0.60908139957736	0.573448730003619	0.546343181648694	0.762594579453911	0.632352709177543	0.841525172630789	0.594644627822751	0.773997524321914	0.689187846872691	0.52040026939708	0.489222574200119	0.654354877090134	0.647298580665994	0.6844032894725	0.776853245297089	0.657164847615428	0.516652578086256	0.779907739357762	0.728948574283058	0.769050680248091	0.725670067731513	0.607409340311191	0.648016507919546	0.626286658023379	0.699592612432114	0.79905376583178	0.720812855775577	0.677254980598232	0.753088734444093	0.68006081015034	0.134571879882761	0.706806905386696	0.688465377420001	0.704879526166365	0.596212084741651	0.700153088706446	0.606430202744437	0.804981213709923	0.647071815143517	0.637866972908247	0.641145964466669	0.778653653033941	0.357474235333568	0.730854123295758	0.837374333825245	0.622570239054996	0.239363777503049	0.663969827797583	0.705944089320987	0.684217145330249	0.641799250681835	0.83726989635687	0.771514365113574	0.657881618097442	0.641721016018667
SORL1	0.704924526799477	0.768835730970368	0.734828798767208	0.748832776952168	0.824580182512421	1	0.860415097450286	0.818083711750379	0.758624833855185	0.885480897559633	0.829489198046876	0.705245303796066	0.840704805489636	0.703196687679246	0.741068903835287	0.74916448358124	0.806330921898863	0.767614291431053	0.825882810713008	0.457558114905611	0.702123964974496	0.737456325898551	0.88848607218803	0.689325109503941	0.85541948570716	0.656356127235368	0.716106728935654	0.340787779846506	0.640906808701663	0.5080478641498	0.770131071762757	0.69666345277445	0.658691953225336	0.598101895748266	0.83869845457229	0.668704549286056	0.850751480153084	0.662914890676514	0.841597223798481	0.784386025574696	0.454143058844939	0.475789854293869	0.68866745628491	0.74582832487534	0.669571172919116	0.880542685853101	0.744711053863595	0.578770347427793	0.774611945530271	0.837824565109849	0.850888045961772	0.752639193103834	0.659436850925522	0.600622931883601	0.676342760491447	0.758296301080061	0.790802629066982	0.762518181653279	0.742476984914695	0.766494423308568	0.759617108369463	0.228717711211505	0.760754595616777	0.70473143172382	0.692977364900913	0.577776812010197	0.618981707528916	0.676573976361644	0.830934643086802	0.676102142336162	0.722442859326911	0.695998879656572	0.76766601518337	0.401670934187173	0.751046176442305	0.911121208133376	0.680707747224554	0.349475798036754	0.55599361015874	0.747757995023354	0.768960003638885	0.669937474713233	0.852109796836391	0.752910717213638	0.571798206647756	0.68630383191843
ACTR2	0.897772824337431	0.865698255256579	0.730981217344166	0.90690203897434	0.800665780834563	0.860415097450286	1	0.932237780091959	0.738198778199139	0.887253913967142	0.907145364926198	0.783797879136625	0.774252481933522	0.815970837113809	0.904161018060816	0.891574285359684	0.939841633573504	0.658478898052751	0.942764509398792	0.641333739383018	0.818559645308953	0.85764468195129	0.866839693141135	0.749443885597137	0.944757821119174	0.833638035803703	0.826257073250886	0.308321247199457	0.770745379147089	0.651021419159989	0.702904711175281	0.749600985259164	0.851468701091267	0.632355110512979	0.811172731497918	0.845558792729639	0.858802923958205	0.69520927257319	0.905891532388597	0.714435257811237	0.594273898289857	0.517491839416305	0.882950018961016	0.864198930036888	0.855209102631589	0.771974334688952	0.80444566079918	0.603383871432165	0.916881213265595	0.877883967807062	0.876104050821228	0.786418656089595	0.801409104228653	0.716847765501909	0.83979051894255	0.743383506459143	0.878075361519392	0.908643035450649	0.673974991804633	0.755661303282115	0.831003508380563	0.414067983002715	0.82957897724609	0.851997858390631	0.877583063657124	0.642096766155609	0.753741382360444	0.838174364783418	0.842927522261332	0.865159149673451	0.77807382678239	0.895617795029405	0.875771827509825	0.43887986475694	0.840399783589055	0.91256912784708	0.880333718222027	0.561251001991854	0.644338593445839	0.917049576975122	0.914146791082633	0.841601273050371	0.901343966128256	0.878157229571463	0.731221462042863	0.869382245753672
APLP2	0.777845802238663	0.835521079754362	0.6752607546328	0.933672908957311	0.716938964603452	0.818083711750379	0.932237780091959	1	0.699361411431991	0.888290838331537	0.87603414369415	0.663073615143867	0.733051471370075	0.665410716737889	0.902874790397919	0.894231690236385	0.91857288026489	0.614008164107775	0.908551758737487	0.647535378777173	0.795992325908402	0.854585769741188	0.760243349124769	0.78540835335286	0.870332318565141	0.823433562161515	0.845860792314346	0.248340907547909	0.79416761511298	0.666669148557335	0.645907555383992	0.763561539775982	0.85839627114849	0.68074120552166	0.748816126007321	0.79146973532642	0.847197311521727	0.693205049565261	0.812857879060839	0.621541558217254	0.55388596029712	0.539890716248257	0.781888131975385	0.914293751613046	0.813476006934531	0.651046672981568	0.823225735872465	0.656624955370922	0.873900699655988	0.901034729002411	0.867564588100165	0.831314689034593	0.80354985902601	0.775966107897406	0.724424574574124	0.71764823138368	0.831581231887459	0.915694709838276	0.665321555724577	0.711527115340484	0.894045227097901	0.543495131963092	0.793772793215466	0.74508265909146	0.894471328860324	0.719341681584677	0.71146733043784	0.823218746907037	0.849866169807943	0.759539283630822	0.765441504203105	0.858119081711333	0.828450449445758	0.507378227793188	0.749241405274619	0.878380310466126	0.828029566191111	0.71395097376053	0.650900299609519	0.879682065392226	0.949124860969912	0.784777914501866	0.800275832850191	0.831144084116158	0.742554252414433	0.788505477240878
PLXNB2	0.690982166083913	0.589329315681589	0.631782922384555	0.69590697615504	0.67846203104495	0.758624833855185	0.738198778199139	0.699361411431991	1	0.757562545011567	0.703668080963703	0.719695710948284	0.596914344140341	0.71269423569088	0.744457770044847	0.737520831199957	0.708538447191618	0.530974753913498	0.725850537786747	0.51774569750831	0.652638780966083	0.783982971090738	0.751887803351432	0.576871826047206	0.748641149892303	0.546631799837255	0.626289107440738	0.250470545860186	0.561329947304474	0.463161202723638	0.54656828098915	0.603741657252007	0.706921027964787	0.515759405401151	0.592026257692275	0.687021069640225	0.684302260856296	0.584735347348956	0.780004958723191	0.639759975556066	0.442223307586633	0.444562243943289	0.723583031906518	0.709000547001849	0.695847112853378	0.723032928616913	0.665048757201986	0.607216268352544	0.731216891660931	0.706631040847232	0.70923737391354	0.649137604665655	0.581296174600039	0.511323326184148	0.722433759608188	0.611298264048676	0.645417551449888	0.703950218414966	0.606851219092123	0.575382850202897	0.616939069975253	0.289698282087085	0.663944945476275	0.734386545922203	0.644556216213206	0.49738083546609	0.598114741772838	0.729305757768723	0.68501124096641	0.739707814770222	0.638808362046141	0.735831115073912	0.638713314755735	0.297032641679848	0.739584726246184	0.704568670720515	0.710858202280641	0.414930700266455	0.507078782013812	0.70341180178417	0.704642455771181	0.627006571846027	0.729727947633134	0.744388235423013	0.515408088121201	0.739468700501478
LRP1	0.748717539534737	0.782768646813452	0.673976800938386	0.83986823907868	0.770971797049417	0.885480897559633	0.887253913967142	0.888290838331537	0.757562545011567	1	0.856990148912079	0.727522082222812	0.768112326357502	0.720020650305642	0.841397036973634	0.839035235818037	0.877184632518617	0.674127242117014	0.884067496648269	0.619287803452484	0.75582559648626	0.858061412088985	0.805584658430695	0.783918685494656	0.872330670191754	0.726933108643075	0.848289297127188	0.281032424530259	0.737855201515267	0.58751522621414	0.64700133418423	0.75162649876422	0.781927983232841	0.716779840661569	0.744894319448972	0.78721172591572	0.82350751361607	0.68574016678602	0.846279424856563	0.719573282412541	0.537366508712886	0.596305727580591	0.789749495267748	0.837690168478639	0.784443682898762	0.740205284400013	0.812897589048722	0.712490668180007	0.827058895437157	0.881502008466193	0.871718661107155	0.797100825343201	0.791697523184857	0.713483079389428	0.729775084695926	0.736491461226238	0.831573862389954	0.846949342260849	0.750686990151647	0.73692425442086	0.811709540649016	0.418982519636358	0.808147918234179	0.775131325306106	0.811270742351502	0.694115988227098	0.688439174750651	0.807682355847746	0.853862524827971	0.785185969614499	0.753593275300748	0.808159165837355	0.752709479000628	0.528915386736221	0.791186636433006	0.866318523059752	0.805432660164074	0.529572686451117	0.616657159941879	0.851129658014828	0.867196957212073	0.751172413707036	0.834754041835087	0.843265674546973	0.677237356093984	0.796588864066628
TNFRSF1B	0.802443115318386	0.912832540684254	0.705228087615356	0.792581864321467	0.832826305209007	0.829489198046876	0.907145364926198	0.87603414369415	0.703668080963703	0.856990148912079	1	0.740149193536273	0.782827505500077	0.768389631756842	0.819542930198292	0.791900424964228	0.898077652977444	0.661235730405128	0.909952258572747	0.765770664532752	0.772552466830028	0.765257955610903	0.835727135837804	0.659834830776654	0.919561825526128	0.887272163877254	0.85825636473285	0.255428426147475	0.886450626286766	0.807580964447929	0.659403043086538	0.712092396304384	0.739643325866163	0.604463900328858	0.824636922974544	0.746441341184189	0.902860388248637	0.682839968846313	0.83808666979978	0.679876586381192	0.546807079678887	0.499223794586287	0.741931212340455	0.790670457057686	0.772835137111553	0.716779730839335	0.711684897840008	0.620521051455627	0.923967303394833	0.822880581135282	0.863507114676846	0.861714200678935	0.757227038140263	0.827967179141338	0.70044450600032	0.713861972778233	0.873818779624525	0.881112985153628	0.71423481707413	0.754122149968809	0.784634438987794	0.316379337242218	0.790522372560549	0.757293201223972	0.884728479915278	0.735005021036009	0.839761222791107	0.727546094182248	0.863131998239128	0.737354140207914	0.730836803193346	0.775756871413718	0.878456092224093	0.367206105916586	0.806378220745689	0.906559023102466	0.737024571954522	0.45585221698425	0.799464787445726	0.819544720074255	0.833907260968568	0.748873163798326	0.860322635421617	0.867589135788963	0.830163863828681	0.735409662160877
KCNQ1	0.755261406804571	0.652182938461664	0.627797348755199	0.627472815651013	0.707550332250017	0.705245303796066	0.783797879136625	0.663073615143867	0.719695710948284	0.727522082222812	0.740149193536273	1	0.600138928633109	0.827786056692098	0.666786267952585	0.659761224266889	0.744466469978794	0.555982516914423	0.755619352379411	0.603961632326799	0.61072000270016	0.739312432445161	0.765982095758768	0.554934689928262	0.813647243991762	0.613857953592233	0.670511934643945	0.301260172235209	0.612252323700668	0.505670978503318	0.534277119608582	0.547716700476822	0.656894730321059	0.4532736661519	0.671571852182625	0.694922916315693	0.701072215333629	0.546397558739069	0.816768506914827	0.666978521342377	0.449343524272104	0.405874368882958	0.777098455913385	0.620327086237768	0.694362348915601	0.749518538587441	0.609951994984609	0.521870784173298	0.776291726523327	0.65649638881473	0.710328522290697	0.611010248416068	0.578432660448962	0.52885791978861	0.785595952770282	0.593124865405461	0.711660989594096	0.694557009993943	0.609633480851423	0.65333519463725	0.541621886548066	0.150674959176076	0.706324541787218	0.841619298415626	0.683808527755456	0.484103760876503	0.70055567001472	0.652908219347917	0.680066551026486	0.801760563438774	0.575296776088354	0.725050323501564	0.665610538736254	0.255036540527601	0.798068951599953	0.70585377050056	0.722761191316694	0.237506784880163	0.571692111626519	0.742049749131361	0.627954796564139	0.683394608792094	0.807473345652271	0.76436547459604	0.57184242275126	0.760164966455639
KCNQ3	0.627148674402502	0.762821477069619	0.627816625662981	0.652810713628938	0.759469253666983	0.840704805489636	0.774252481933522	0.733051471370075	0.596914344140341	0.768112326357502	0.782827505500077	0.600138928633109	1	0.587398647341935	0.660162482066232	0.635445241575911	0.743758867015662	0.711555437515855	0.765093503000831	0.477168042670681	0.596959957248333	0.585726310145015	0.766297829549043	0.628222663719858	0.80059218613101	0.689637262520681	0.672136049340575	0.35217128054591	0.650233098683961	0.579594238925788	0.708831263756299	0.592535220541115	0.546156836500437	0.490411695095247	0.805851544910609	0.581701520821334	0.832776247476349	0.577305950557191	0.739355126525462	0.69006598805093	0.411821482546173	0.411053993068717	0.556021341961095	0.628362553899212	0.571720308766491	0.734770304798993	0.63021381341022	0.472166121899485	0.722294315522258	0.759546971504464	0.788665642389014	0.754473157829216	0.597393531134937	0.631098550401451	0.540113276350431	0.652678632979825	0.747917203788272	0.705856406512482	0.633976308961022	0.758195154783673	0.700919612957997	0.196009610836232	0.633908906205117	0.551390033130705	0.661590882385737	0.562165240363631	0.626542190119217	0.541252313289238	0.763757353795703	0.53294266772224	0.680304958307621	0.567091288518097	0.735165313282225	0.335990984712717	0.59673798748342	0.846662880299127	0.548969268853259	0.306074673077784	0.580335621952723	0.635882337218489	0.692243150931328	0.591765673951584	0.764332166283186	0.66599305837532	0.67050950950576	0.533819908009625
VSIR	0.859744769383886	0.707956656180383	0.60410350242662	0.666440161350056	0.745129934226405	0.703196687679246	0.815970837113809	0.665410716737889	0.71269423569088	0.720020650305642	0.768389631756842	0.827786056692098	0.587398647341935	1	0.756690801794791	0.715799343929239	0.753124560317647	0.52681429405243	0.801810286578631	0.628675612674485	0.696508793604415	0.770226961905969	0.836409366391781	0.543881149475916	0.866907778114688	0.676227170814068	0.640527631969001	0.352785261393908	0.618153561220415	0.526144616748002	0.540206949218486	0.597336266525988	0.724181014408294	0.434082844894532	0.662897281423598	0.782065841138719	0.664200122063978	0.565169237027355	0.862667024532357	0.663747997755503	0.526493907500812	0.417924774974606	0.863242625560936	0.648495985061255	0.768125733410305	0.765628072062963	0.618430716858875	0.493191601082336	0.811491810702587	0.637202451963534	0.696010333103239	0.562610758757144	0.649954838167623	0.510341971871434	0.865922379135113	0.657868977143947	0.734049514092859	0.708931367863509	0.580690449542846	0.596714629527019	0.538078977562618	0.200049842829183	0.716288608812207	0.888153175393363	0.687131527689551	0.442980933502125	0.683116847027481	0.73079474858426	0.642479982647654	0.881275142243452	0.625214661187078	0.827957044616052	0.706548477345835	0.243956395685083	0.878962463285712	0.708651490901315	0.804590491442016	0.262311525076045	0.557469470295423	0.783754405538717	0.662571437768146	0.736705513783478	0.865618740303093	0.791631012838926	0.556232067062092	0.839935520994932
ITGB2	0.844031741171298	0.757745917713568	0.625607838020256	0.941449319385145	0.67690859615938	0.741068903835287	0.904161018060816	0.902874790397919	0.744457770044847	0.841397036973634	0.819542930198292	0.666786267952585	0.660162482066232	0.756690801794791	1	0.92678975805893	0.840003673947571	0.531178520324219	0.906375323895015	0.623320043186911	0.832098456383824	0.906918445387967	0.754918412976988	0.689618724633339	0.865187126656453	0.759504915795596	0.78036841521552	0.248088540540189	0.707614949821244	0.59231328748943	0.561010126642268	0.76761677575936	0.943544443852811	0.568351654857247	0.643421678582006	0.884536099822892	0.747940109145642	0.673222704346093	0.851503818250764	0.606580990447584	0.609939411313387	0.436257759750937	0.847443341493366	0.920085814133597	0.891253820155645	0.628385927202657	0.763614688223067	0.698835808891177	0.858136937231831	0.814595131910228	0.822910029890966	0.736020705632785	0.843362491206416	0.674052021742454	0.838944193117617	0.700021194729853	0.773314620834552	0.8641799974435	0.573455152873466	0.595805154418782	0.788121446403532	0.599939612379358	0.737694142797311	0.82096691976245	0.836995122185946	0.627348575629192	0.62820956984606	0.876401078635154	0.764572832056122	0.84177928870291	0.738490583674387	0.950455280351134	0.788572942471802	0.343683704437112	0.793311322338289	0.806938408163332	0.878853618969019	0.735556424070604	0.544384196007945	0.855132413733724	0.928008372947426	0.778194689778546	0.808711511182736	0.846372243128398	0.667362715235252	0.861740176206345
LRP10	0.765734210074978	0.71875477808678	0.607401187781271	0.926263391543158	0.652333663532484	0.74916448358124	0.891574285359684	0.894231690236385	0.737520831199957	0.839035235818037	0.791900424964228	0.659761224266889	0.635445241575911	0.715799343929239	0.92678975805893	1	0.85377852243547	0.526639753794257	0.891959481608522	0.600370864003316	0.760890545165303	0.904647869007148	0.751295019192613	0.74467367923588	0.832844005124408	0.747118961442234	0.769031369662949	0.279039899236739	0.707425857006747	0.58433984251935	0.557896092794473	0.750617060479564	0.926951026122615	0.603044471369459	0.653351134098373	0.824051174804348	0.742277277335697	0.617814532937841	0.823106912055926	0.560706201896064	0.479992654285957	0.444882365516546	0.833953884888905	0.910916295637642	0.804735148112042	0.63366404873344	0.785367205845225	0.65860397441081	0.851249473408039	0.842250334775902	0.806780631839425	0.744474063835378	0.79003848305873	0.687290718240613	0.782632271901966	0.670152535727332	0.76339413021191	0.875032224922765	0.600968843837986	0.614532757136031	0.802078788526544	0.596894337633037	0.744167381758034	0.803349207360175	0.844393367224919	0.655054079315853	0.648397762931252	0.874128887092953	0.763490232239755	0.819779572193824	0.736183838218498	0.923674675542942	0.755617238705714	0.453890910410914	0.761629044671884	0.784396761466759	0.865867164119254	0.735541996028983	0.557599996086773	0.863615783530308	0.9145092060522	0.7533177579702	0.775660028954402	0.81033113485376	0.663196726738634	0.850766252677996
NCL	0.833367952769213	0.872977337514159	0.693596357775373	0.877314007635319	0.788713523862212	0.806330921898863	0.939841633573504	0.91857288026489	0.708538447191618	0.877184632518617	0.898077652977444	0.744466469978794	0.743758867015662	0.753124560317647	0.840003673947571	0.85377852243547	1	0.639370440257065	0.906294602290197	0.701720907412376	0.765647684260728	0.8190128620161	0.787098227096512	0.845038988730969	0.906019772254391	0.848750860255024	0.846324528824864	0.286726003484668	0.814973998500783	0.71954201978461	0.648345043230285	0.743407055269392	0.791625268686018	0.747393372826126	0.787573525917809	0.795995341914879	0.856149718010456	0.655442452075848	0.843305509849632	0.646338571664477	0.546973482011609	0.625518693464335	0.852159870583427	0.827944716402759	0.802769037274166	0.690027748927647	0.839152837283861	0.567518694776648	0.909628926374299	0.893499284450789	0.85121993731258	0.796673892054294	0.754672512339336	0.76859211738665	0.75272788846589	0.713267519490841	0.880554697210394	0.913383166737163	0.689353406210808	0.76443844416369	0.878094922526071	0.375405063449081	0.82135802025344	0.776703448168707	0.90588541220809	0.679810436391253	0.794831698394125	0.821978857327555	0.854211934943174	0.824177293234589	0.767117155176259	0.833102294746263	0.860245668698817	0.606986300164175	0.786290752298465	0.880094032919978	0.853598999745972	0.572195691476869	0.710777960773289	0.916919268274242	0.915970744937706	0.843139421542079	0.839025450594018	0.836681759693619	0.79734147741666	0.840895140125364
TLR4	0.537040020305337	0.650815769394051	0.636707904798774	0.549084353836491	0.658946362069147	0.767614291431053	0.658478898052751	0.614008164107775	0.530974753913498	0.674127242117014	0.661235730405128	0.555982516914423	0.711555437515855	0.52681429405243	0.531178520324219	0.526639753794257	0.639370440257065	1	0.637165925471216	0.296454649633955	0.527517951238931	0.519691740988263	0.680903080414238	0.537521018570173	0.664441408670437	0.477818435876442	0.53441060991593	0.428023613422876	0.463572431237369	0.379996929793562	0.598537794567281	0.56067847789819	0.438010913456156	0.446291861086381	0.728429194271011	0.500636346436232	0.677691154815201	0.531032734973191	0.639917369674437	0.695541309349788	0.389907370405958	0.360280547422046	0.490244798347388	0.532117395588491	0.501589845970303	0.690354080819111	0.555558625277365	0.404189299644159	0.564893066929985	0.653729402554276	0.699207514582702	0.599937701263853	0.498864762971582	0.411722737354837	0.505890054621936	0.567279209254204	0.605678744875768	0.582650316196854	0.562985729464076	0.705717759821735	0.534640190463929	0.109866351208088	0.603019786455072	0.512298000213063	0.532035172358731	0.382156102623386	0.45957545941514	0.49384805118554	0.64890136339148	0.478144295944034	0.549758552649747	0.47063674650119	0.600795972713428	0.289727921138585	0.531774665783399	0.761089802319374	0.4824634877301	0.202605096169683	0.393238969475996	0.545338222974019	0.569780165601778	0.52913495289022	0.675090608114338	0.554984872391771	0.455142739844198	0.48147673510342
HAVCR2	0.839888167372715	0.856099479695116	0.692295323449275	0.882195221504671	0.774185209016069	0.825882810713008	0.942764509398792	0.908551758737487	0.725850537786747	0.884067496648269	0.909952258572747	0.755619352379411	0.765093503000831	0.801810286578631	0.906375323895015	0.891959481608522	0.906294602290197	0.637165925471216	1	0.685931738566519	0.805442972533077	0.864253865405642	0.847117503474739	0.703152242665099	0.944017820378778	0.851631708906925	0.839385924632171	0.311143659760286	0.80589808292218	0.692724239701745	0.632809744106461	0.740298355003901	0.881409539258435	0.567949658385263	0.795348322642099	0.840110213390898	0.868443888685413	0.655807011910872	0.902069531052801	0.656909435538581	0.518806042938055	0.457495719707679	0.840787083053125	0.876489997004303	0.806937013824969	0.725188366390195	0.785445022363152	0.622563287781641	0.934390562759777	0.8600591828583	0.879217948858302	0.841905233596124	0.801960482010604	0.775379426502091	0.810632406951321	0.758861417835911	0.879795742895924	0.918185437882146	0.67335247960421	0.748560622832383	0.821983359343437	0.46202225697587	0.782239813638181	0.831919556654651	0.889565682690546	0.707568841477717	0.77541089711993	0.813131558680209	0.845051328814056	0.831739573376128	0.776830025611309	0.898967628884534	0.841858251820163	0.388434736454451	0.858078609457881	0.895468117220944	0.84340572983081	0.578149046808145	0.698809936721127	0.871578901053396	0.885686138368244	0.821380685967098	0.882553240944598	0.886034522879056	0.777803860814318	0.828349125783055
CXCR4	0.572031565587365	0.68768207801838	0.425455888816682	0.578131127550296	0.594963702708682	0.457558114905611	0.641333739383018	0.647535378777173	0.51774569750831	0.619287803452484	0.765770664532752	0.603961632326799	0.477168042670681	0.628675612674485	0.623320043186911	0.600370864003316	0.701720907412376	0.296454649633955	0.685931738566519	1	0.543318930741633	0.60274463483362	0.494263016789739	0.448975855874902	0.688493122052949	0.775451479968264	0.753797955677546	0.139711777153646	0.871626012502521	0.835487435557723	0.34408595342836	0.51318292223945	0.613597682765003	0.450109700050371	0.48493363123865	0.577919316686315	0.681717262861723	0.542518380703497	0.610329353287288	0.370142165372074	0.360535722852364	0.408031733959489	0.550166777133709	0.633566481717352	0.63922520277271	0.348393611551488	0.467883029291723	0.601876449012982	0.804531586661513	0.542750617521507	0.588842546643461	0.711682250984841	0.593882126507434	0.819208957737571	0.505795737440239	0.505382550964437	0.661209317203462	0.71688598168761	0.508738900692933	0.509630660530943	0.548124481253067	0.34461811556054	0.60528201346229	0.614620204541897	0.785803316462651	0.691415880492196	0.813148537692008	0.571590873469253	0.674008024142122	0.573645607925959	0.529617847417176	0.622470410846151	0.623100906406436	0.249036646829542	0.623929393544453	0.582974756662635	0.578423122757363	0.432944481226821	0.87138978634107	0.629122205991974	0.606524311873492	0.515990983230361	0.561028332847944	0.693496307698108	0.827025582321718	0.561780386566029
ENG	0.799656988873349	0.716540351698285	0.574917719257665	0.794553976780525	0.639254878450966	0.702123964974496	0.818559645308953	0.795992325908402	0.652638780966083	0.75582559648626	0.772552466830028	0.61072000270016	0.596959957248333	0.696508793604415	0.832098456383824	0.760890545165303	0.765647684260728	0.527517951238931	0.805442972533077	0.543318930741633	1	0.765264243646191	0.698020801767614	0.584815167527723	0.773066725314547	0.695045299612302	0.714694322580424	0.202119169181716	0.632138503231945	0.510039613527878	0.545690806856199	0.648781347770751	0.765339686896963	0.537503913504092	0.616128154418416	0.779131412931947	0.687099383936728	0.623056366018043	0.771575134593138	0.564055953295233	0.64209844856375	0.424286724008937	0.774185217542667	0.782420458632649	0.793962046438684	0.585535765924726	0.711162200057121	0.599574774848668	0.76745475981906	0.73001839047926	0.691954806871128	0.67369034261568	0.742735405091311	0.586600789629956	0.756159610369023	0.589545361184715	0.723853688646739	0.795229889078692	0.555382509510492	0.586531173674544	0.694430714606482	0.37513102486227	0.676055734796805	0.697136123796713	0.723879623301924	0.510609867986175	0.581514625654194	0.771679470659277	0.684854802401112	0.758949565483582	0.718069732256067	0.802802379448103	0.757261380339514	0.326802337181906	0.753054790628979	0.731763408620135	0.770859082524062	0.534951547141553	0.5016533327672	0.772524659795363	0.816644088421462	0.718525979579071	0.742836003917327	0.763316767981684	0.592097785773803	0.772492706967086
LAMP1	0.760827599889556	0.676429147654143	0.615685009791405	0.888675843215888	0.658177624619562	0.737456325898551	0.85764468195129	0.854585769741188	0.783982971090738	0.858061412088985	0.765257955610903	0.739312432445161	0.585726310145015	0.770226961905969	0.906918445387967	0.904647869007148	0.8190128620161	0.519691740988263	0.864253865405642	0.60274463483362	0.765264243646191	1	0.744991656252256	0.71144024156546	0.822119730563495	0.668081754928923	0.759025049103008	0.308617058168411	0.652988590675392	0.513686791954666	0.506307746243925	0.742186120975544	0.927276146116969	0.598534216647889	0.611375731305642	0.838586289029224	0.698528263181697	0.59937666093589	0.840442969699693	0.590079487584097	0.489953929290041	0.454192376820416	0.851141726524055	0.883294013854845	0.824286343955552	0.65433645576439	0.791859710771739	0.702433655808681	0.822978732157671	0.809257279441746	0.799027531708816	0.70044202131219	0.817678877508062	0.630332000564662	0.825812448385117	0.648298276916472	0.730863458515997	0.824914178769029	0.62066276577672	0.582196025766428	0.737690274065486	0.580352102097936	0.737760535493591	0.837930592412862	0.801907933224761	0.625565849488423	0.621697057253799	0.888766405864872	0.735278154784144	0.861241798933578	0.705624721439782	0.931855168082548	0.686059888143632	0.439001422817657	0.806622588228455	0.739991714998016	0.885810283121398	0.684144019075905	0.502804369764726	0.863688645729138	0.865893199661146	0.744517677424544	0.772960578320596	0.844938684473915	0.582401462163256	0.883226690968952
CX3CR1	0.782861015094992	0.770422406904662	0.731663832231021	0.696383993954511	0.833319030798351	0.88848607218803	0.866839693141135	0.760243349124769	0.751887803351432	0.805584658430695	0.835727135837804	0.765982095758768	0.766297829549043	0.836409366391781	0.754918412976988	0.751295019192613	0.787098227096512	0.680903080414238	0.847117503474739	0.494263016789739	0.698020801767614	0.744991656252256	1	0.610401025563214	0.891516221473829	0.70622385528291	0.67969261029701	0.369452030979468	0.64956261539332	0.549455475332235	0.740169653642052	0.671241548363077	0.684178468635893	0.468769176944476	0.81634805483131	0.683811902832044	0.818834378800882	0.605122615930921	0.866253540827805	0.746901919211876	0.471971146514163	0.421669960323426	0.763150665915808	0.693971793603629	0.668326477201946	0.918349768125899	0.691035365345108	0.505826960379152	0.8158353846071	0.76293256704988	0.823815797858171	0.702660846271613	0.616484235692109	0.581315279763756	0.750402233637268	0.734845079288167	0.787507653673675	0.774903284802848	0.712110075015892	0.734451670681985	0.684669822693207	0.158603113702364	0.75014553070738	0.77770955537261	0.698617297036838	0.56047004257171	0.688048162844289	0.688533757140062	0.784162684346472	0.755093520629404	0.69002841615143	0.751991060127682	0.788587473701087	0.29711479548818	0.835903630565774	0.858090690947597	0.712216658338727	0.246796541340657	0.588094995492145	0.748849041171279	0.71964422988118	0.721588260196838	0.904039036694916	0.794154541669893	0.580838213592163	0.744777794143098
PTPRA	0.619330083873098	0.661898525206227	0.51001933280672	0.777424920034372	0.59003073064975	0.689325109503941	0.749443885597137	0.78540835335286	0.576871826047206	0.783918685494656	0.659834830776654	0.554934689928262	0.628222663719858	0.543881149475916	0.689618724633339	0.74467367923588	0.845038988730969	0.537521018570173	0.703152242665099	0.448975855874902	0.584815167527723	0.71144024156546	0.610401025563214	1	0.696545701814244	0.619009295860377	0.641650524928271	0.259488510006376	0.581569750533373	0.499342585347458	0.520972949531617	0.674751299741603	0.639425554728252	0.797722444156043	0.613961936291356	0.647231414582478	0.652500370509186	0.557622500977713	0.674521779507413	0.546682489554862	0.397722231991421	0.6516247242706	0.717444632623563	0.678500685771892	0.616186880417721	0.555585892064607	0.837425779009623	0.4573207903089	0.685346271845358	0.816743348163282	0.710679834713954	0.589012753334032	0.641553758860433	0.562772251068387	0.574718238325251	0.576529595831951	0.729328218601762	0.716771299286184	0.595157294310107	0.601391074131311	0.8254942690135	0.34527960882925	0.73143003385934	0.575097330130949	0.714100074737761	0.537952455078754	0.540427372376545	0.736588595142289	0.677855406144366	0.673344589786922	0.648182086702725	0.680392647131317	0.6596554089517	0.802521773335788	0.577235681434776	0.699880183170468	0.759726943013175	0.563834218461739	0.459850439431714	0.803101026906655	0.827379565300533	0.728822266256072	0.645911939660584	0.608127106084442	0.576093844274006	0.728066092374012
CSF2RA	0.876397402854516	0.867973528698981	0.740350556088007	0.823564676751319	0.82728833426823	0.85541948570716	0.944757821119174	0.870332318565141	0.748641149892303	0.872330670191754	0.919561825526128	0.813647243991762	0.80059218613101	0.866907778114688	0.865187126656453	0.832844005124408	0.906019772254391	0.664441408670437	0.944017820378778	0.688493122052949	0.773066725314547	0.822119730563495	0.891516221473829	0.696545701814244	1	0.842463735905575	0.822381983419245	0.342459060605503	0.791994689110269	0.685897931416736	0.68497972654715	0.72569179955414	0.807062708091759	0.567463591586821	0.829204564655935	0.822346714083917	0.877392588915886	0.683364379674491	0.904611364052963	0.73458126161409	0.560040578890894	0.505586722332445	0.852106765296132	0.808135263086985	0.815938000735207	0.808603667831159	0.748585631336805	0.595595441842059	0.92670842702351	0.839135230556639	0.884517531945999	0.800383566618218	0.754496986986883	0.732915531429293	0.82393439627375	0.78379981535853	0.882257948972449	0.875035192821611	0.709684911136365	0.766649868457861	0.774624151052073	0.325172009886771	0.793178204682468	0.850615789555707	0.85248123864867	0.650378283018813	0.806749658139476	0.782062975214979	0.83993108017819	0.845376723011157	0.76013679533334	0.856800399739628	0.862369175783539	0.363044091141092	0.874467517162715	0.907117870013098	0.827249583939123	0.442248941452509	0.700058268181681	0.857226433161222	0.841532073959341	0.797866939979881	0.922931617207421	0.873608979398271	0.756427877505025	0.826998836063672
