""	EGFR	CHRM3	ERBB3	ITGB8	ADGRV1	CD9	KLRC2	F2R	NRCAM	THY1	NOTCH4	CANX	LRP6	SDC2	TNFRSF1A	CD99L2	SMAP1	ITGB1	TSPAN5	INSR	NECTIN2	PODXL	APLP2	TFRC	TNFRSF12A	LDLR	PLXNB2	CD81	PTPRA	LPP	IGF2R	ITGA5	KCNJ10	CADM1	NOTCH1	RACK1	AR	KCND2	PLXNB1	ADCY1	ITGA3	ADORA1	NOTCH2	CNR1	EDNRB	MCAM	IGF1R	LRP1	TNFRSF19	LINGO1	NGFR	ITGAV	AMFR	SLC16A1	RIPK1	LIFR	TSPAN17	LRP8	SIRPA	PILRB	MCFD2	S1PR2	GPR37L1	LRP4	ERAP1	GPR37	SORT1	TNFRSF10B	ADGRE5	TLR4	SLC16A7	GPNMB	RXRA	SCARB1	ABCA1	CD63	CD44	C1QBP	NRP1	LAMP1	AXL	SORL1	CD74
EGFR	1	0.930301715699919	0.703246256804862	0.934394755914657	0.567306643186274	0.871319003599034	0.788556973868614	0.8341164892402	0.882606458061721	0.915776341840856	0.741781868010247	0.940130094089268	0.915331898958385	0.819051774445642	0.834194366252031	0.904555751765539	0.895399485931436	0.921239079264181	0.919550106504124	0.656503341889691	0.87764261388095	0.624428023332524	0.930198746247056	0.929152525952619	0.676707806788265	0.917045462475608	0.894021514263143	0.861388445037439	0.894135535127575	0.923243157106615	0.856510041711208	0.797359044094963	0.738695732072619	0.928854850854528	0.866793366375991	0.866438553144991	0.824972656704612	0.857105572017153	0.705478594313321	0.892710708369128	0.862425613942526	0.774399695158357	0.906836372686389	0.72626862074504	0.714321465158758	0.69476604562884	0.782155873423398	0.868256336403361	0.910555242690601	0.850024767671036	0.684086953212176	0.871521390110297	0.891510487545805	0.830277773094911	0.896265590114466	0.868025494368087	0.847114292687773	0.887995742388115	0.702611245223893	0.852985375153166	0.915315847803092	0.778283611928301	0.744006403128773	0.892841952580594	0.834509335993142	0.841481205250013	0.89944582480815	0.866954818895762	0.865325431439398	0.818339269303112	0.803497317698725	0.502135442958581	0.848387485780767	0.800866247967734	0.684506790748191	0.913228351932826	0.468926192323961	0.902703823403836	0.775971321667489	0.900317578617496	0.773081137862539	0.597890594727883	0.329303593793052
CHRM3	0.930301715699919	1	0.77986145994587	0.972880384679901	0.65052635854562	0.871785563357815	0.854126835906228	0.856412797253383	0.932735105567913	0.923481780649461	0.734656290618272	0.946623252359892	0.964915454441134	0.818151523581338	0.863892961476895	0.914549080503646	0.903219586231698	0.900268117662886	0.885323816684497	0.733244603655596	0.907930492708963	0.666673095927218	0.936377358820837	0.930522747003503	0.661142717327567	0.913206267757307	0.891642928290007	0.881221698532946	0.943217758684152	0.947003965558541	0.90362772516794	0.780537284627513	0.84246757280496	0.898013508456593	0.908477426210509	0.810351736164917	0.896050911201165	0.902797723477407	0.786553950019555	0.911527377714233	0.889869832529157	0.840840397624269	0.937060858038656	0.791252509002763	0.766189138583176	0.732139221832563	0.857794253368899	0.939387309429126	0.899786489574154	0.888029698141348	0.710186968590337	0.916732068701897	0.905697626817398	0.785821228675845	0.913015781842643	0.921423597905019	0.800719471109982	0.898421964636633	0.755738399211439	0.879100838208163	0.947040879112527	0.832921533941116	0.819466651724105	0.947004419370437	0.910455426633049	0.906300714620305	0.905231912159196	0.862515028709735	0.88741580129763	0.845827629571973	0.874836105204238	0.508370463935768	0.904550423063446	0.777152878116981	0.745738058582859	0.883754866485588	0.438703850639641	0.871882471275914	0.717606490060525	0.927785362780512	0.788551474314545	0.646536880016487	0.374447639366645
ERBB3	0.703246256804862	0.77986145994587	1	0.818146182164494	0.764340179341066	0.718766856601616	0.732062014345654	0.755607126262611	0.844456926895712	0.762595709829085	0.770560870604931	0.767192659450772	0.816524666667366	0.70026841334723	0.746740671936328	0.780260862078365	0.757909805734176	0.678744902214339	0.678291167199769	0.772957670083726	0.776067611422963	0.724432342132908	0.752036149733049	0.71728714303772	0.3256792225844	0.688623875433868	0.67536571863337	0.832541136099796	0.87009993510344	0.808650967378221	0.782654626813752	0.568227731660782	0.924405923160063	0.682225266491719	0.877928931443386	0.527220687292802	0.811244679470442	0.854196245810789	0.865484335065813	0.857975083292467	0.78058348095813	0.869191947540409	0.796677588339236	0.763928138347532	0.82299900340277	0.761915184356642	0.680109042985097	0.882475089568154	0.741974859174891	0.827386453992679	0.786918900211123	0.862124211171499	0.788436026800414	0.447651327821239	0.693899623367239	0.872847716917915	0.671893590235503	0.715727573981826	0.846573581442665	0.77890455241614	0.776047157434317	0.876427419895877	0.935394861470783	0.850040967614372	0.793488037999814	0.846256216016815	0.783537299178438	0.641636732588342	0.673995621814795	0.745626126047183	0.721008383791709	0.300227004270178	0.782252273310979	0.557226768732576	0.661171987520165	0.657042942642527	0.115288427927172	0.643274892621215	0.382660114459748	0.816123835294462	0.661925142733873	0.566097798469687	0.302289127298875
ITGB8	0.934394755914657	0.972880384679901	0.818146182164494	1	0.678643664289212	0.858514472987087	0.849301014493799	0.88165016640834	0.948280288371769	0.927150585346262	0.795922764420764	0.953861678053991	0.976961332747456	0.814183634345404	0.858687860798671	0.937256543457031	0.896598049212904	0.917645833115417	0.888356898838129	0.783084348612082	0.908099298919139	0.724907488440079	0.946644894258632	0.935172072084533	0.593626603414822	0.905707341424472	0.887778478179381	0.90044039715121	0.963764940422941	0.969164812565383	0.922719440267191	0.783008907428507	0.870540727139824	0.908944187889574	0.944564406078992	0.797089921883752	0.923231506742538	0.929372149027042	0.836900573110272	0.940248837054693	0.906693130026614	0.87746016936002	0.947748959601812	0.812654458214939	0.789579192605941	0.78555201336905	0.860836836523475	0.958242557366214	0.905508072853789	0.910515847140059	0.74688998102654	0.935166126101295	0.915324049383239	0.749867050624969	0.914304214848571	0.947865334091305	0.836212850829049	0.910777173161704	0.792556333908779	0.902736254305491	0.947545307717816	0.845936181675565	0.853490888279792	0.960100509173884	0.898667022292241	0.920642946249895	0.93582811092618	0.872907108807224	0.870603300187769	0.888508954275301	0.895048649388539	0.486754198068656	0.912796411811915	0.75932484845188	0.756596359858372	0.879299179918248	0.383626331020001	0.86895759561629	0.701539310022707	0.93957045673006	0.778797365598654	0.677365838037647	0.398924947830085
ADGRV1	0.567306643186274	0.65052635854562	0.764340179341066	0.678643664289212	1	0.68402940949022	0.431474983714033	0.785929974337444	0.826886658717533	0.611225088446684	0.717253094387992	0.736483814071896	0.669450831798423	0.83915768981713	0.735672664765847	0.747063288358448	0.639979129038448	0.620210658085198	0.657899669074878	0.608795761473021	0.661933700619832	0.626339731094702	0.722923413138821	0.649174924975435	0.327678024833948	0.648949560542004	0.669491731268016	0.773963823804797	0.774083073886892	0.692828462307145	0.742618207253012	0.475916034766956	0.848775810934589	0.655707922865326	0.790723369258776	0.527710063695139	0.738720617338437	0.727213816977159	0.822629360290394	0.612570438997284	0.695294156394672	0.867153537832101	0.725492637006744	0.822869685424999	0.954868009048069	0.58013035761575	0.604710514750136	0.684965687197543	0.654970303732807	0.519932385072081	0.893649924761859	0.869380256724526	0.745940223014054	0.484566350811946	0.661277111443523	0.846708153824831	0.496654033675991	0.61706596235879	0.922495574758437	0.631075641632457	0.71153075925158	0.640963818626058	0.782502125377731	0.659684048854702	0.632639084442571	0.778639492235275	0.758223409589232	0.634370296506085	0.416195820742833	0.680136543922662	0.480169079639357	0.24639667124227	0.761548219149846	0.617723086494721	0.722324208189694	0.621511471073969	0.18584745448492	0.608075503267538	0.414772639164849	0.77326567901166	0.78481480958643	0.690199345725874	0.337145326423587
CD9	0.871319003599034	0.871785563357815	0.718766856601616	0.858514472987087	0.68402940949022	1	0.737477980756282	0.875202857017831	0.907818672367292	0.91221356407674	0.755183282315378	0.935794526753908	0.823223647841666	0.904760476942079	0.939002672534991	0.881599017485227	0.943247474619109	0.874181783881311	0.919046337048488	0.639318449553279	0.91772424606626	0.640210458215721	0.92801367404601	0.891307389908522	0.704054865322923	0.828400033985247	0.859482829012237	0.95216291379017	0.899313651615768	0.864585845687086	0.816802448355546	0.785801666917612	0.758059510780325	0.917869441540853	0.838696784482374	0.902142850954843	0.835851351374869	0.809459363313463	0.675748392640791	0.812926582744271	0.89639094261412	0.84459103317894	0.912102746234955	0.813324968010259	0.832367765525738	0.645320556800287	0.74793355171975	0.845968118733162	0.880670364202692	0.804986198030989	0.763807229500145	0.88930469634498	0.931693042541439	0.867161948078939	0.850571168616186	0.871680695674684	0.821453451176953	0.769313874559274	0.795415329338182	0.767025763473906	0.935298192094669	0.796857908172415	0.780130050197007	0.833541223590745	0.813578868265647	0.864617139143027	0.880856742041216	0.815446392112925	0.796061992798513	0.769720034922077	0.7220670062834	0.538098828808402	0.80352519755439	0.857596232201394	0.777263851160303	0.949076849393926	0.511290646440395	0.912371711711095	0.734257269777119	0.923873549878035	0.839523378477564	0.546243086167244	0.212374421439667
KLRC2	0.788556973868614	0.854126835906228	0.732062014345654	0.849301014493799	0.431474983714033	0.737477980756282	1	0.624932395965684	0.753765379958407	0.867921253708197	0.629067093120324	0.758114030927416	0.841299634885577	0.552271538427088	0.658403233957074	0.73187505855821	0.826707159725484	0.717433160255319	0.727150480721967	0.66594764801758	0.791418805058581	0.571589931241106	0.747395805340306	0.75632970243892	0.43429495025643	0.72201100627886	0.633989475899744	0.776463498171644	0.834968330778309	0.787902468042848	0.691291785717314	0.586440712468319	0.777835302991412	0.68254955265785	0.770116412092146	0.614405892091647	0.736522062163249	0.852015395571456	0.665507478063551	0.879555871508398	0.739169883904905	0.736856819835717	0.777697286445052	0.566436027624687	0.564185655076561	0.646144774544493	0.674288533391741	0.896076098498379	0.697411216432222	0.914009636938483	0.541316716278427	0.728541194332973	0.733757536822369	0.51495534808116	0.719080788814609	0.768753924450417	0.759140582320556	0.759392548025709	0.557826289830426	0.767505299203623	0.784874210585166	0.858402486409684	0.813919056997443	0.914671061827771	0.781211476420401	0.785024166362624	0.712422471347987	0.67019091833651	0.856908350102908	0.69152594245243	0.885397344109399	0.349124097298364	0.700982705415226	0.485417167628202	0.490206343093692	0.736020492462419	0.147304896805265	0.73693128075314	0.423966170289306	0.772269402146587	0.510779880386373	0.416764133963035	0.24436215445154
F2R	0.8341164892402	0.856412797253383	0.755607126262611	0.88165016640834	0.785929974337444	0.875202857017831	0.624932395965684	1	0.934964502661602	0.822820834372289	0.846535612816445	0.936208332797033	0.868930433439244	0.892287810712693	0.904539204123743	0.900342832885213	0.842516156718705	0.921060616651924	0.876262329032812	0.797124745423628	0.884639209741618	0.816453675014264	0.936504690737712	0.888919735418754	0.63205631322017	0.865967038058044	0.915295397153759	0.887433682380864	0.888823526692615	0.901031966333344	0.905082959483785	0.829475501913097	0.797850016203341	0.92506865143815	0.903558927197389	0.825889463909188	0.894087295335318	0.81738072145959	0.807486363829253	0.790559072006476	0.893918907626186	0.855925471927175	0.916939292284417	0.881992434276641	0.869246956368349	0.802860907442672	0.822501855512281	0.837039406957293	0.90249551473631	0.744588272163493	0.818230137267004	0.926287679259276	0.927702471036028	0.816656472382897	0.869010872313661	0.913330552862396	0.776511572779025	0.831855894312795	0.870574915681431	0.835044518546283	0.91186655481075	0.745891988485616	0.772240446316127	0.820639828971904	0.836799706220846	0.893444241658522	0.947414945371119	0.881145871083404	0.730706916808755	0.831803366613402	0.69315044498472	0.513322173833859	0.885175140631447	0.857474167338424	0.839263317290035	0.861365496813624	0.515062499283961	0.832140958974952	0.775083644106704	0.922563197822528	0.883850307567762	0.714526661888477	0.380466876187595
NRCAM	0.882606458061721	0.932735105567913	0.844456926895712	0.948280288371769	0.826886658717533	0.907818672367292	0.753765379958407	0.934964502661602	1	0.894942724407702	0.831627267318737	0.963573134769856	0.926351190935374	0.911420369414041	0.937809468282058	0.942702463383329	0.896548504578294	0.894317650642262	0.883013494318217	0.779006003127271	0.918054785858799	0.743375835606004	0.955889561156997	0.91648089042749	0.611386979055892	0.878040722150632	0.907451520659509	0.942661409899107	0.961728615713596	0.943925330259228	0.934758543135687	0.776968292549466	0.899351270004428	0.910920558926477	0.945688691245458	0.808990414134648	0.926518864587882	0.906140065399509	0.868505525824813	0.879722496884211	0.916728838595949	0.93044914604205	0.957387833384867	0.90470048359918	0.91305691103428	0.766254849079221	0.85744943985892	0.927360601655895	0.90404559930818	0.835406725474942	0.851256233756528	0.978263156175673	0.949728371060041	0.776153654867505	0.917218531338081	0.977838426939426	0.776485679585874	0.854218127595491	0.902230024589894	0.855712784044093	0.959214054782631	0.842176848366419	0.877080944286697	0.919948783118086	0.889307192909493	0.948008897107032	0.948217413380312	0.879089440941634	0.798057754129373	0.857304040519801	0.800098818144314	0.501282479401331	0.931689138428144	0.820764039356089	0.85897977807726	0.883751863021433	0.448098272051148	0.85992188222393	0.699006252777808	0.960786490539714	0.868293595950869	0.701892163547474	0.35609890340522
THY1	0.915776341840856	0.923481780649461	0.762595709829085	0.927150585346262	0.611225088446684	0.91221356407674	0.867921253708197	0.822820834372289	0.894942724407702	1	0.803100019515823	0.931400448216608	0.885344005511425	0.81251423137315	0.843257900402266	0.900941428164416	0.959682585286844	0.898097284429602	0.932618489924017	0.702810631611904	0.931553442462208	0.676054828780994	0.928656695324729	0.899874351828637	0.620985988039511	0.856103292146811	0.827642314110248	0.935852052719012	0.925080746056072	0.87831819034148	0.825842356486004	0.76009761945207	0.803864784732654	0.883371876481652	0.870991165571857	0.858468277552627	0.82880119380111	0.905479413528445	0.70927989144535	0.921823057210594	0.864508197155045	0.84051100434087	0.887703479162994	0.725989367748624	0.755106173585386	0.739688553144363	0.712143582469567	0.906792156821353	0.869084760887249	0.916281841559389	0.749965330464152	0.87550212120364	0.897811338155898	0.746314000728192	0.858698565605956	0.887476419607543	0.875362619076406	0.853790959602821	0.729575885318959	0.80795205033776	0.925801292709368	0.85080745682704	0.843150656243828	0.923906744240956	0.84191992776635	0.882251336996606	0.879068485162397	0.825935343580343	0.8589293054293	0.777790930050433	0.841365777088337	0.445357843159303	0.809204907398433	0.727601267482508	0.639472262863395	0.942730402666489	0.335818979788308	0.945391720491551	0.666838032967065	0.926975532402883	0.724274943156855	0.512680816249506	0.236675873571482
NOTCH4	0.741781868010247	0.734656290618272	0.770560870604931	0.795922764420764	0.717253094387992	0.755183282315378	0.629067093120324	0.846535612816445	0.831627267318737	0.803100019515823	1	0.819701598496926	0.768966794292752	0.770901663140134	0.783300460140447	0.79658308557887	0.78207832402277	0.831150792086366	0.782128618095629	0.834688470657258	0.824193337635848	0.83796575339625	0.828985057375098	0.783731164086522	0.470462553019462	0.700246394261142	0.747289767552685	0.845312053295111	0.816209197494763	0.787561150441118	0.80333625182289	0.721879882410495	0.774567009048635	0.760272534334496	0.838156609256596	0.709709215722302	0.783168385511878	0.815590990502438	0.758703186273197	0.781800021179709	0.772191331671169	0.823445913665689	0.780766669420711	0.752653740444665	0.789754660984305	0.844320962324233	0.648196016312525	0.77636590939764	0.751426741143933	0.749361456882157	0.820947262171938	0.829385726186188	0.816424811723468	0.586521489806713	0.766333220063387	0.832033682409968	0.752704134200916	0.728538693111274	0.808896744132026	0.743303193984149	0.808384439432383	0.742722782070319	0.804466507379982	0.775146738491172	0.747281671264436	0.828302006538924	0.853677005887081	0.764003037648183	0.66000895546281	0.713085202745386	0.676034059681103	0.375823474533564	0.783016716619564	0.664419035981453	0.663016609206879	0.78397171967616	0.280443224901564	0.784097638557722	0.606525428287293	0.841451641774471	0.71280062326724	0.598953018369674	0.346453236277625
CANX	0.940130094089268	0.946623252359892	0.767192659450772	0.953861678053991	0.736483814071896	0.935794526753908	0.758114030927416	0.936208332797033	0.963573134769856	0.931400448216608	0.819701598496926	1	0.927548971779201	0.922637118716133	0.92500656105889	0.954237052596995	0.935950078500523	0.958906016266051	0.946970373323479	0.735920309319072	0.93326103701972	0.727816248427051	0.988460237167739	0.958428784735001	0.698608486525369	0.926853701275025	0.940374068954131	0.945212106637934	0.95221995951443	0.952289644825987	0.925139041749759	0.846465781656346	0.825956985585375	0.962356920848055	0.927615065425448	0.904685707027227	0.899116034668524	0.889678343122045	0.782913003454325	0.881461998807138	0.925991036726777	0.874167619530406	0.956389112341641	0.839257597006122	0.848212110439621	0.755293407300813	0.840441314809045	0.901502334588918	0.93994585505651	0.839733395211578	0.813861001666596	0.953313564274388	0.956326341268879	0.860745614543207	0.935587761762172	0.942867260334635	0.850540370833461	0.889063005966917	0.836745725405659	0.869272235046862	0.974263960579266	0.807439741323176	0.810524773585236	0.905659817023217	0.881964930672593	0.920834275948688	0.96305523163342	0.916991156606812	0.832219296085824	0.864382776384695	0.801117165876719	0.557655779636254	0.912417175170583	0.874350027737646	0.810031306151815	0.953010167364747	0.51836855235627	0.93397028370754	0.796225123626378	0.975526636123813	0.878723591007502	0.689816306349003	0.376454620505693
LRP6	0.915331898958385	0.964915454441134	0.816524666667366	0.976961332747456	0.669450831798423	0.823223647841666	0.841299634885577	0.868930433439244	0.926351190935374	0.885344005511425	0.768966794292752	0.927548971779201	1	0.7796397421764	0.84155617501349	0.903812703508732	0.866688448224786	0.891418103995231	0.848480245660767	0.78145098799465	0.891672400002318	0.712236155713324	0.916749719072438	0.920077275668496	0.592423714210011	0.907050230338037	0.877382102365076	0.862271201975245	0.940458614842885	0.964551620555186	0.913583325310004	0.771971241655458	0.864453166767979	0.887877952588367	0.939181996304775	0.754227566231616	0.924536347723104	0.910091889812445	0.844710055769368	0.916769838846927	0.891617346758573	0.861858118444277	0.940459063123223	0.803102480935068	0.769521695450771	0.774340918301857	0.869718501672913	0.946191897859387	0.892771688795027	0.882651726353746	0.704333916497243	0.921544334613111	0.891184505981309	0.730806419475565	0.899873188563801	0.932537814392146	0.809897486306528	0.910586115229774	0.780860177977945	0.927490450259021	0.923241547425728	0.839520304306293	0.83683452900332	0.946546207390681	0.902270495522388	0.900778248291171	0.916836864094972	0.857652483474047	0.879360887311832	0.888631918601043	0.882094292327652	0.482253794762336	0.915675080865359	0.748901041697385	0.743978681670858	0.835182936002859	0.391390771491727	0.81626816731279	0.694999478620833	0.915435770253999	0.786870549591568	0.706097877535712	0.444399020315835
SDC2	0.819051774445642	0.818151523581338	0.70026841334723	0.814183634345404	0.83915768981713	0.904760476942079	0.552271538427088	0.892287810712693	0.911420369414041	0.81251423137315	0.770901663140134	0.922637118716133	0.7796397421764	1	0.912075105881795	0.878721053986961	0.847741245887614	0.851424848980097	0.892126672408806	0.602726914163998	0.835250050775126	0.632494244633434	0.915212425111762	0.858650178974335	0.686165648219648	0.830781031145765	0.873908399628343	0.90712377802324	0.861687345805292	0.838659760356143	0.832546780602741	0.742312871841743	0.76359438401327	0.893338019448377	0.838370384588946	0.869001133247842	0.810876198395694	0.778657638164552	0.715699323402344	0.726087044138267	0.852243228605594	0.84679078931426	0.85804569716668	0.844761883902718	0.912845709734571	0.617418895117524	0.724189669244758	0.753449844804281	0.852874996651995	0.655300020873069	0.869910366087946	0.919208894871501	0.908135809903749	0.823256531723962	0.848845483694907	0.884123978712283	0.728451256813812	0.758251390644682	0.868846951719807	0.729308080408897	0.896508299758969	0.7010832075332	0.732792406494268	0.754713425969533	0.74595610511318	0.845792012593233	0.896304051729305	0.819654720157353	0.650387181570527	0.764600362785515	0.601347565115904	0.504152067418597	0.837756847768499	0.875453939561807	0.819870241146522	0.898251313485623	0.524555901879713	0.879504418608011	0.742719554716836	0.911708271627259	0.912233204604021	0.669830374057543	0.305664202502675
TNFRSF1A	0.834194366252031	0.863892961476895	0.746740671936328	0.858687860798671	0.735672664765847	0.939002672534991	0.658403233957074	0.904539204123743	0.937809468282058	0.843257900402266	0.783300460140447	0.92500656105889	0.84155617501349	0.912075105881795	1	0.880865116845432	0.8839963818496	0.863686298693882	0.851346244810304	0.700263749271334	0.902117954110686	0.66637751132675	0.919546428976845	0.89350672106379	0.734545141665116	0.802033028836271	0.891803687804194	0.922573492717791	0.884825711834806	0.893572695009766	0.88175731111696	0.80930294739156	0.765841549413914	0.906025176607634	0.857946566524104	0.859275374851166	0.872761683786283	0.77991076319585	0.750050873577838	0.784870027919162	0.907831963512285	0.84996700982066	0.923126583027772	0.886576155267831	0.85252087000209	0.679368581586347	0.819582635033935	0.833885735807303	0.881161339179705	0.751961920510264	0.765532124596613	0.904593347415106	0.935367519120985	0.858380982547519	0.895914272758583	0.887348949578593	0.759239542230703	0.753980700812352	0.840759352229988	0.784565804517141	0.940188965815119	0.781593655060369	0.766787214438319	0.815708586251376	0.836361894486578	0.868472779747158	0.892219570422859	0.833634853960169	0.79684802794882	0.805261898551747	0.709720473330421	0.60779359400722	0.865925762934913	0.890701218269863	0.89194982457628	0.892429601334925	0.615147962616868	0.845971612509028	0.7733435615393	0.912978318165946	0.897137832605952	0.646583221231827	0.31324013915042
CD99L2	0.904555751765539	0.914549080503646	0.780260862078365	0.937256543457031	0.747063288358448	0.881599017485227	0.73187505855821	0.900342832885213	0.942702463383329	0.900941428164416	0.79658308557887	0.954237052596995	0.903812703508732	0.878721053986961	0.880865116845432	1	0.886952785592925	0.906175428915854	0.897975787875325	0.739041100264434	0.901240822644428	0.701907240860251	0.947369302472761	0.899218302761545	0.609252514351548	0.886437026322831	0.910146715812329	0.910041531863213	0.92821261033826	0.917385935908021	0.910040339975277	0.786774108399662	0.836768882423711	0.916771075179063	0.920769446857322	0.82917777250936	0.877636572811747	0.868336797760335	0.804310333831479	0.875606139137923	0.894311889526613	0.867897176883328	0.930073976805039	0.830148192346487	0.84131224904742	0.747747362769042	0.809966627921656	0.891189324954933	0.905303487912589	0.837610757778341	0.812836875272126	0.936306671865811	0.917014935138434	0.789062979902083	0.892065562940785	0.936118788842169	0.789014448871449	0.871440387563757	0.844916118924826	0.854721723763037	0.930953771574607	0.796541239714808	0.826323836756162	0.889672768157492	0.86086059474879	0.895427551527558	0.930225738962533	0.852842744725352	0.794529821512036	0.848724929182411	0.778970218738226	0.493449848199224	0.89737448890292	0.816139912460646	0.776485050756305	0.893217760564379	0.434899495457919	0.874677887001324	0.736715211857319	0.937508731210958	0.842995898684295	0.67660696151826	0.36635852272905
SMAP1	0.895399485931436	0.903219586231698	0.757909805734176	0.896598049212904	0.639979129038448	0.943247474619109	0.826707159725484	0.842516156718705	0.896548504578294	0.959682585286844	0.78207832402277	0.935950078500523	0.866688448224786	0.847741245887614	0.8839963818496	0.886952785592925	1	0.897438663810196	0.936255763373525	0.703855187921728	0.932377761572397	0.679652488859104	0.928417986684629	0.897957502060447	0.662442621144169	0.852310121670268	0.834736009735981	0.945590298548001	0.92072925650531	0.885393440936547	0.818388933837125	0.769721306770884	0.789873543937818	0.901095913880192	0.862040612886878	0.880897386944842	0.832102349952591	0.872961825687231	0.693467065406937	0.88297439985279	0.888131507407361	0.840926787576943	0.895129040678227	0.73300973763221	0.779010400417136	0.719461963391619	0.730295401759992	0.885688663758842	0.867676780670092	0.877941781403501	0.756680175807253	0.877671883866093	0.906966903082497	0.791057361326667	0.868126827945714	0.882345853911243	0.870126753598365	0.832856204329195	0.753682225767188	0.813859276323104	0.931720704078907	0.827606814699685	0.823392645905947	0.888520771971325	0.846622013499101	0.890086607704196	0.887182780073738	0.810843742436372	0.839136466782206	0.782219921755686	0.820518364497533	0.502694764361988	0.802291080616296	0.783004500772299	0.689607373436149	0.946072552669503	0.420401454670934	0.933121176446222	0.700116186627878	0.928208367202605	0.779069752947947	0.536783127269596	0.247359820895394
ITGB1	0.921239079264181	0.900268117662886	0.678744902214339	0.917645833115417	0.620210658085198	0.874181783881311	0.717433160255319	0.921060616651924	0.894317650642262	0.898097284429602	0.831150792086366	0.958906016266051	0.891418103995231	0.851424848980097	0.863686298693882	0.906175428915854	0.897438663810196	1	0.928736124963071	0.769927464055282	0.913387213326872	0.775762775758391	0.963961711442722	0.94296257639865	0.710874168200267	0.906445760230933	0.932414356059369	0.877329246747173	0.884005483412455	0.91872564716174	0.896317764114708	0.897060926921544	0.723224241492758	0.948576471559381	0.877878079532724	0.908881729453262	0.846911174853261	0.837872903740379	0.716292010168813	0.840967370267111	0.884928176026908	0.780811244019671	0.903045773308413	0.761323486092953	0.738022664586963	0.806393213373115	0.811142565091182	0.840087114160174	0.918696445132107	0.806932751015301	0.734290684202627	0.872579064219522	0.920504247541277	0.860354923042384	0.906010342536673	0.870232251406046	0.866480609765498	0.881373852623704	0.750750658301401	0.858163728440143	0.931992928440969	0.738278018313377	0.712926122616436	0.852110722790715	0.854143395068421	0.867647724288922	0.943754519907786	0.923034686935558	0.829056181522717	0.849830554461821	0.7684246052017	0.605465829424292	0.868439678125648	0.856720775780724	0.74514154459361	0.932706677677045	0.557588025443261	0.918184098833735	0.860106172284698	0.930783888063265	0.828759087549231	0.68481619846915	0.433149441757123
TSPAN5	0.919550106504124	0.885323816684497	0.678291167199769	0.888356898838129	0.657899669074878	0.919046337048488	0.727150480721967	0.876262329032812	0.883013494318217	0.932618489924017	0.782128618095629	0.946970373323479	0.848480245660767	0.892126672408806	0.851346244810304	0.897975787875325	0.936255763373525	0.928736124963071	1	0.632721120979226	0.874997897380714	0.653284684839141	0.949898255064023	0.904839002127385	0.666776712277826	0.914673485598807	0.877105940732487	0.914548008769066	0.889084182061286	0.877228428478646	0.813433180421752	0.763154638191309	0.741236579846802	0.944963530667084	0.856172157932272	0.918428103966876	0.809734912595455	0.851598100135381	0.674930784263973	0.84562876829519	0.891182776633202	0.820209339046476	0.875889662643562	0.729434753775027	0.789284498160258	0.687822455021187	0.69374568548715	0.827948196403557	0.897352405838723	0.806620271507676	0.792912786986563	0.886471109710167	0.898731144706919	0.834571236203368	0.858723344818683	0.876675784261691	0.871201073097854	0.881920653833586	0.752537978854509	0.809229366485872	0.916156966856662	0.742851222878844	0.75554159683855	0.849950486914099	0.799790533599013	0.858262557024275	0.913327663450942	0.844518347630393	0.76894529655204	0.789850847824552	0.74856456958503	0.446862679722052	0.809260980873216	0.81627109749244	0.663513369758457	0.962607941232721	0.429604829466686	0.966206036536949	0.762258657032101	0.926930600106173	0.818043002034871	0.599762103352395	0.282238044629181
INSR	0.656503341889691	0.733244603655596	0.772957670083726	0.783084348612082	0.608795761473021	0.639318449553279	0.66594764801758	0.797124745423628	0.779006003127271	0.702810631611904	0.834688470657258	0.735920309319072	0.78145098799465	0.602726914163998	0.700263749271334	0.739041100264434	0.703855187921728	0.769927464055282	0.632721120979226	1	0.777036022786068	0.898025813067899	0.733451032593779	0.718692752853546	0.355528701069329	0.628436986253801	0.687112637468172	0.719206408748662	0.76946218415014	0.769173886539693	0.804981368157792	0.726658140726916	0.756450444377382	0.67447736550483	0.823091226023846	0.541646525030051	0.798195591945668	0.766633482751213	0.811001825180077	0.765935837673318	0.740257793571614	0.743970205898066	0.747418433560585	0.717279280848328	0.666902448678277	0.90266757910897	0.751504830789512	0.799405388309832	0.708700791502195	0.767959421112546	0.672237822429831	0.746002422541048	0.743457577452929	0.500038752966233	0.706221868499136	0.784862233317107	0.656933819199376	0.717176996875839	0.725970524106598	0.778360394740738	0.736518576567814	0.744569904950727	0.766753984912326	0.778881534286155	0.776553913740684	0.804489040696696	0.789755041548845	0.717789113374456	0.676598296908628	0.724403586518531	0.731211698299855	0.41343764474246	0.747324284765477	0.581463633526361	0.688116421715214	0.61668274689166	0.265512247948748	0.607853847102413	0.562870969267915	0.759567628259741	0.60277044147587	0.591921626883174	0.386415844286084
NECTIN2	0.87764261388095	0.907930492708963	0.776067611422963	0.908099298919139	0.661933700619832	0.91772424606626	0.791418805058581	0.884639209741618	0.918054785858799	0.931553442462208	0.824193337635848	0.93326103701972	0.891672400002318	0.835250050775126	0.902117954110686	0.901240822644428	0.932377761572397	0.913387213326872	0.874997897380714	0.777036022786068	1	0.765204524891547	0.940084707206345	0.904459897156317	0.691710360212111	0.831067536163403	0.885713479352993	0.926515338578099	0.912276590492248	0.890719373371739	0.878802221893493	0.85712460533695	0.796399180565235	0.893286936970561	0.87976189362677	0.859890088768876	0.870468182430401	0.857059512759366	0.739305509360476	0.869288947906203	0.868487395124222	0.834408520257574	0.927338400661915	0.805933547472825	0.781813504041289	0.790047317124648	0.78604528545517	0.890342540330234	0.893478193581677	0.866418629312305	0.735176875766873	0.887753833485394	0.934947294482461	0.799887050953796	0.872683266693607	0.88506191243278	0.836178319994698	0.800243007034229	0.781332912315675	0.828347690043803	0.939802208926388	0.829993456413327	0.809766365267338	0.879218724741825	0.883664988543669	0.889260850302311	0.902057514665006	0.859162054710743	0.860347504991321	0.795461000781342	0.793796281520622	0.546812839566037	0.849670716248106	0.796317330130938	0.745327075286613	0.919441176467465	0.483180953591581	0.889597821750843	0.747247840739511	0.928767955994261	0.789935125659154	0.569845024280316	0.301519011234747
PODXL	0.624428023332524	0.666673095927218	0.724432342132908	0.724907488440079	0.626339731094702	0.640210458215721	0.571589931241106	0.816453675014264	0.743375835606004	0.676054828780994	0.83796575339625	0.727816248427051	0.712236155713324	0.632494244633434	0.66637751132675	0.701907240860251	0.679652488859104	0.775762775758391	0.653284684839141	0.898025813067899	0.765204524891547	1	0.729312841110954	0.67089216130682	0.397512471198451	0.634397092376002	0.686815577808919	0.718605355060241	0.730566914246539	0.714426482648247	0.740466078543901	0.727970784338911	0.703847722654445	0.674269894246692	0.77591435660483	0.588015069521942	0.733901795313778	0.730371935073272	0.729155586259956	0.709233121461829	0.705845889149601	0.707736054706455	0.698780528732248	0.681076935817931	0.674029811793984	0.919174701072958	0.62022614553668	0.717377642811822	0.708961914133638	0.677716617056359	0.709949085447652	0.730679760474188	0.75470828713726	0.509054174708964	0.656769405372272	0.736775988895975	0.698794772671357	0.670698187580542	0.720615421376977	0.719674558317008	0.70853041915664	0.694291719856753	0.706143659286565	0.702990491458367	0.72901735564711	0.772220318042253	0.786216180508048	0.705278258148856	0.607576550174766	0.663834509085032	0.588050147799334	0.343883076568307	0.677944405828783	0.571509389980386	0.619165014704073	0.650956124986827	0.269621763379005	0.642201657709343	0.558374033036179	0.75608650681513	0.604781318381101	0.546700804049717	0.337477709640589
APLP2	0.930198746247056	0.936377358820837	0.752036149733049	0.946644894258632	0.722923413138821	0.92801367404601	0.747395805340306	0.936504690737712	0.955889561156997	0.928656695324729	0.828985057375098	0.988460237167739	0.916749719072438	0.915212425111762	0.919546428976845	0.947369302472761	0.928417986684629	0.963961711442722	0.949898255064023	0.733451032593779	0.940084707206345	0.729312841110954	1	0.957826381672639	0.693148847406275	0.920207931376428	0.941320027845693	0.94262676643677	0.940187807813908	0.942642221905887	0.917089920836563	0.851894565285583	0.812870130757619	0.961993522466948	0.920157068699432	0.90957207831316	0.890360147736519	0.882938762542252	0.773643699112054	0.869541461622709	0.916800537763683	0.862995633068686	0.951874452683647	0.828471130854931	0.838889168885918	0.756886346084732	0.827187731884978	0.890409261869546	0.937295701596008	0.837695854691031	0.800511479896646	0.942461361130725	0.950788068703921	0.860205919519736	0.930460777266252	0.933323007247258	0.843354341184789	0.870915760265923	0.82349462263845	0.855881068853747	0.972848381692106	0.789096462057015	0.794652409716921	0.895403053558167	0.875246814897924	0.917352544602821	0.959844636458742	0.913254644689293	0.829852326245576	0.8594505382672	0.793652680860499	0.576719192934825	0.910583937284329	0.865813039417258	0.800456303828408	0.955483262241195	0.526171471461726	0.93669388095779	0.806283395166956	0.970340615498884	0.875157167189163	0.690394544094927	0.388137497890149
TFRC	0.929152525952619	0.930522747003503	0.71728714303772	0.935172072084533	0.649174924975435	0.891307389908522	0.75632970243892	0.888919735418754	0.91648089042749	0.899874351828637	0.783731164086522	0.958428784735001	0.920077275668496	0.858650178974335	0.89350672106379	0.899218302761545	0.897957502060447	0.94296257639865	0.904839002127385	0.718692752853546	0.904459897156317	0.67089216130682	0.957826381672639	1	0.709605379957412	0.899030812396771	0.921047613819186	0.888199397620552	0.907001695138734	0.93961810807075	0.911255871635721	0.851191761711053	0.768992037714482	0.939849797549388	0.888499113620599	0.878979679146466	0.873111073239208	0.84654388854337	0.757670837748758	0.853000322471269	0.896114369974558	0.822045396415932	0.930443343573413	0.794157681960009	0.771499791607597	0.706065891312804	0.84844089450224	0.867411458180588	0.910376089290767	0.812328675298402	0.717515309119777	0.899504759931337	0.916916266558158	0.859666770619853	0.934807125575825	0.8983012317298	0.829133166808602	0.869159411727563	0.766308954039453	0.854802522974596	0.950293768570145	0.759704687969399	0.743724383236521	0.878937554564841	0.849398057751281	0.871377394869234	0.92252870713449	0.897929643475722	0.842374909951068	0.861097594634924	0.796596053844312	0.583673797181045	0.885513850040512	0.865172165141946	0.774634433911401	0.916986597575676	0.545378770911584	0.896339497110033	0.821678898447733	0.923587588057682	0.844889095050149	0.688014629326546	0.419108955337146
TNFRSF12A	0.676707806788265	0.661142717327567	0.3256792225844	0.593626603414822	0.327678024833948	0.704054865322923	0.43429495025643	0.63205631322017	0.611386979055892	0.620985988039511	0.470462553019462	0.698608486525369	0.592423714210011	0.686165648219648	0.734545141665116	0.609252514351548	0.662442621144169	0.710874168200267	0.666776712277826	0.355528701069329	0.691710360212111	0.397512471198451	0.693148847406275	0.709605379957412	1	0.659455650104936	0.760958887579516	0.602370934018114	0.561373905183695	0.639640905917145	0.599378145728566	0.74998143242735	0.346328102034933	0.724714246698666	0.51367439249698	0.838079767064221	0.576936539156983	0.458235978225511	0.328733364030456	0.498401764174449	0.649672904535037	0.434254560127705	0.648815014089682	0.53200605128467	0.430817677821872	0.418660728604862	0.596547583269003	0.488407701709344	0.660778994543724	0.453431842277228	0.37915405033835	0.559357169006059	0.724716707117107	0.844124771760068	0.73791937776625	0.518360213209708	0.617876268307012	0.539511562715411	0.406261694868042	0.536282240657637	0.722958250070455	0.467334572811578	0.327245855780453	0.504001149594272	0.622510582620822	0.536313180422152	0.635953273103537	0.654087475501436	0.709322385903891	0.50192384835022	0.438628939859588	0.584570520273149	0.594585386363914	0.797804178361149	0.590114424229591	0.77064128986076	0.802719547218596	0.730445663326898	0.786630712015495	0.638884843799326	0.684236351468616	0.361943587542783	0.195404645038962
LDLR	0.917045462475608	0.913206267757307	0.688623875433868	0.905707341424472	0.648949560542004	0.828400033985247	0.72201100627886	0.865967038058044	0.878040722150632	0.856103292146811	0.700246394261142	0.926853701275025	0.907050230338037	0.830781031145765	0.802033028836271	0.886437026322831	0.852310121670268	0.906445760230933	0.914673485598807	0.628436986253801	0.831067536163403	0.634397092376002	0.920207931376428	0.899030812396771	0.659455650104936	1	0.900781407546	0.825483804329549	0.872110566437755	0.90955826972377	0.842475677399491	0.765406567355821	0.755721015577422	0.93430364863656	0.868940922713769	0.832537921645487	0.824637383751129	0.836106537885236	0.716829967091483	0.818811349595234	0.85750468846564	0.77595394783789	0.887923615978927	0.729241691717997	0.745754496665146	0.683451822545682	0.783074604515192	0.835512123102007	0.90540501559357	0.761175518969326	0.70349014092123	0.882408411432187	0.867584412089951	0.814641361580887	0.875795593608025	0.884123267255234	0.800651417526261	0.928635337922758	0.725640689096466	0.882591457156575	0.886923611848061	0.712706386900965	0.708764417558646	0.855282080358416	0.824377745370408	0.840725037964302	0.913794591972442	0.861159167959997	0.805066149057972	0.830945286005613	0.752603756468054	0.450747107853557	0.877655653447113	0.805302058343467	0.681103185348883	0.875437824911993	0.469020915740025	0.866622248696551	0.764524894812073	0.900547748160433	0.828152675361379	0.69322618402724	0.415187403696612
