""	PARD3	TNFRSF1A	TFRC	EGFR	SDC4	CD9	NRCAM	ERBB2	NOTCH4	TNFRSF11B	CAV1	ITGB8	MET	TNFRSF10B	NECTIN1	PVR	SDC2	RIPK1	LRP6	IGF2R	PLXNB1	AQP1	PTPRA	ADCYAP1R1	MYLK	TSPAN5	F2R	APLP2	LDLR	CANX	CADM1	INSR	SMAP1	LPP	TSPAN12	SIRPA	PLXNB2	KCNJ10	CXADR	ADCY8	NECTIN2	LTBR	NOTCH3	ADORA1	EDNRA	CNR1	CD99L2	LIFR	MTTP	THY1	SLC16A1	IGF1R	SORT1	SMAD3	LRP1	NOTCH2	TNFRSF19	PTPRS	CD81	TGFBR3	NOTCH1	PTPRZ1	MCFD2	EDNRB	TRAF2	GPR37	GPR37L1	MCAM	TNFRSF14	ITGB1	CD44	ADCY9	PILRB	UNC5B	GPC1	RXRA	SDC3	CD63	ITGB5	GPNMB	ADGRE5	TSPAN17	SLC16A7	ITGAV	NCL	ITGA2	NRP2	LAMP1	IL6R	ERAP1	SORL1	NRP1	TSPAN14	TLR4	IL17RC	ITGA6	CD74
PARD3	1	0.929092011867296	0.678188068346695	0.863289611885167	0.752801753604994	0.818782161394764	0.905357477839953	0.906913775749569	0.796137934292968	0.853416947569085	0.401209127153386	0.902637987196397	0.446926148081945	0.929964325143287	0.896974643386708	0.781241801620348	0.91409220779966	0.93714697373064	0.925445494508833	0.902864120927027	0.866236056817756	0.862018588994943	0.934769635037194	0.801326608898238	0.825176713194393	0.871995940979705	0.713478170519614	0.936034658475898	0.870792013023865	0.934126101545954	0.872498089924383	0.553797390911082	0.906666828231132	0.936700899494352	0.848153069304251	0.898953502296047	0.922787377001078	0.782740350225376	0.70112417665516	0.690500099561584	0.892056746449973	0.934064047262065	0.514433285837756	0.866547644776713	0.736462977604355	0.89985322358045	0.883877681256336	0.89133041146941	0.87719463838532	0.78416859418384	0.836161525374652	0.890147572731793	0.936170090832258	0.884234256117303	0.884086810282813	0.933735650238756	0.857169966681207	0.815913143439674	0.905504444400849	0.611725866824952	0.864154419114461	0.872448769335503	0.943636852401	0.857719727061526	0.814321511565837	0.904135547747901	0.68301456115934	0.770623508087275	0.860276970723559	0.930301618576035	0.900424315364281	0.901728122138237	0.864163425236047	0.27989938133671	0.89713771920148	0.833337374276119	0.855228720559692	0.908247138846238	0.881307871845835	0.57926441364747	0.865116158389876	0.790376792832644	0.898919159758304	0.890941943315059	0.933709350356216	0.906349228264205	0.869317201098306	0.940439993960658	0.830376792183414	0.885056215768583	0.865888834507461	0.839941701089099	0.838921338259041	0.813138948226407	0.904421648307961	0.8025273497443	0.087465627880363
TNFRSF1A	0.929092011867296	1	0.621061970016123	0.780959674893531	0.732833147416154	0.858937807960156	0.932598352930867	0.906946598548495	0.773724040801533	0.827407944269329	0.354479966943592	0.890174261291994	0.406604040466115	0.950068218143422	0.930649360598379	0.757529552304747	0.887975575885405	0.935507429902687	0.907300989890871	0.867771831366674	0.881351499922267	0.892540889213214	0.955936716838524	0.832864369939496	0.803948395975518	0.86507372428411	0.681224748955751	0.933749442221266	0.835048182918517	0.914839818559271	0.877150577734382	0.491000335602656	0.898347956921728	0.932880296672343	0.835376749248791	0.897319572937744	0.935797175459036	0.80019865559835	0.654545418900348	0.668797388210985	0.909467425592707	0.967170642673328	0.464263511923412	0.908127650592128	0.726614639264094	0.932756537352401	0.931757086938936	0.89825906877042	0.904736552867145	0.796300756337224	0.807484420981063	0.903844532818259	0.955912787314932	0.894086413571836	0.891064623948977	0.940694116246542	0.883414642593895	0.801580043960763	0.951181282160765	0.557473042439039	0.846001967065105	0.891976973521193	0.941731095382652	0.868816803893592	0.792000149165435	0.953976136775914	0.651589322520259	0.704436390591737	0.913853877436499	0.916251863727395	0.957072938409734	0.90862694561779	0.821210802794081	0.212156987048281	0.894270239413154	0.810217123687555	0.869983684957837	0.945676258540342	0.857127776402145	0.511997402699876	0.827648144912598	0.815735901157223	0.879278378499287	0.918819762909176	0.903896231745545	0.905573791347972	0.918595603180359	0.946202605241423	0.889340360981384	0.900051495338602	0.904122872692617	0.809105504209422	0.810604438602763	0.837932090414142	0.904315365370037	0.802949835255754	0.0502200596840841
TFRC	0.678188068346695	0.621061970016123	1	0.829080072919058	0.91175910441231	0.789286596131778	0.489343514001769	0.624749439561578	0.535667745725462	0.80445642356899	0.836089967828989	0.506477968633579	0.854690196478489	0.738625868877754	0.53955405691266	0.872864682777311	0.822646518638818	0.721426911304898	0.618327240798954	0.708954499556547	0.472966022832394	0.483767064741183	0.666063163651838	0.628600903139145	0.501270435445227	0.50527923237772	0.572836297881181	0.594691853795099	0.724600678636048	0.783868073317609	0.486886141055084	0.525927879358392	0.753527541060009	0.68784161455662	0.475854356968335	0.834064127819321	0.643156054299269	0.357437306655835	0.88336606177667	0.795263899316509	0.670898188431291	0.716553149016109	0.874672533714266	0.536808028325897	0.696421253511663	0.514107349371833	0.453001626714628	0.574886378298964	0.46892418298618	0.295117073200513	0.912145920811897	0.648258828344752	0.581940779560984	0.553198166940468	0.848639252962162	0.624094323281435	0.504852280996405	0.576164746424142	0.509453028853626	0.836297110994325	0.484846973850587	0.445041199772055	0.779590048440734	0.38860342137701	0.610022191460988	0.482239176126016	0.318617713267962	0.493556678098114	0.429244614855555	0.635581876072126	0.603277820052972	0.586222610539505	0.628003237119271	0.811484837851558	0.6488084286903	0.777540184095006	0.397246189605011	0.629747132750159	0.578611371460686	0.851131187164115	0.670554379625286	0.694206918720744	0.612480954468157	0.442336285164884	0.764428516871414	0.49986142315181	0.395140689319857	0.623948157720681	0.414104705490345	0.500346748017751	0.477739523077627	0.740099937187422	0.543144234574369	0.507422538283608	0.552996851758797	0.380142805644431	0.077650698850283
EGFR	0.863289611885167	0.780959674893531	0.829080072919058	1	0.813037414804101	0.84060809227726	0.749739110520964	0.824718297113475	0.784578871290388	0.896365073597815	0.600210686208037	0.806343172324781	0.580248065129648	0.88373448171277	0.756431531231813	0.861108817517648	0.931229310976941	0.868730660078888	0.839547981432626	0.855768355128768	0.776825891050625	0.726455910613537	0.862423686755005	0.808931201476675	0.745563166265213	0.832544287860653	0.731175280041361	0.852427171668542	0.911621820921781	0.919032717165339	0.787919632695797	0.617002876720872	0.884441709842124	0.853205363075898	0.805196363114804	0.906858667576822	0.833149787260281	0.69808107101974	0.794734105576723	0.728316390537989	0.811047961792817	0.830999621773023	0.721258373150422	0.778972056295781	0.723031145281754	0.701855740882898	0.710517217352692	0.818946533184595	0.763763507606928	0.668561802074417	0.903081638369092	0.761219678381055	0.809730373120394	0.787449309379456	0.900456793129002	0.845904786274369	0.763500420825793	0.776941038882647	0.773114725681452	0.726603121434552	0.815941924644843	0.753401543065423	0.904376510794184	0.732877063339007	0.793889361678198	0.733034763794965	0.70384493417459	0.766878575137412	0.688543252504475	0.878076851485111	0.719822651153114	0.804376287991597	0.856897758272705	0.528149374878478	0.83895462461327	0.826909072341419	0.730832262389104	0.828968143790143	0.817726306502281	0.71519493238532	0.885569188174765	0.735698242517528	0.839893487592791	0.734341401772019	0.9254367860831	0.800653070991519	0.662682387800496	0.838814834076372	0.60023535742378	0.744824435804903	0.724327225250096	0.867360098857181	0.798636385280093	0.733028031355872	0.805846978722741	0.716309943558165	0.136066334159809
SDC4	0.752801753604994	0.732833147416154	0.91175910441231	0.813037414804101	1	0.837222860284817	0.618539988194151	0.699726784270512	0.602042415671992	0.787315100228549	0.770258598734681	0.584930719517626	0.790141982750279	0.813889011496781	0.659220928163032	0.871097175641649	0.867959845138028	0.808463591655514	0.682765437452171	0.784952372937599	0.555418097064482	0.634864828237734	0.728459773849472	0.653004244411635	0.604032892851906	0.569465259411498	0.622228877440443	0.701912143760696	0.778520546012601	0.839376790825645	0.558191034973944	0.572697202664477	0.791341801999879	0.797513771177719	0.528758287842676	0.882959832041001	0.757355873808743	0.426301650748912	0.835386629457013	0.806409552096391	0.763839902544152	0.807210135829036	0.817070733249377	0.609715690314042	0.78339411513145	0.662865584690602	0.591752558674676	0.620218831903626	0.571857445129297	0.373818975477555	0.941755031415187	0.771056737366662	0.708262750165598	0.606887220158176	0.902116011392989	0.706061649886982	0.582146796126856	0.624248845946644	0.61375851586896	0.799741933438024	0.543146819635702	0.519428141498782	0.828163874137757	0.478439869178948	0.620670744018699	0.606625596731392	0.336481921161746	0.557482028826174	0.565784155540189	0.713962675468627	0.742815717417332	0.708409129837216	0.694640832645411	0.736260175468932	0.728787300101655	0.823795916635191	0.483963074927184	0.712795406439086	0.682057781069471	0.875513866244057	0.736842266718276	0.7766895724791	0.720593044854619	0.559998512263979	0.807608450446272	0.589373909407269	0.524558049355453	0.718691899820006	0.555594132115143	0.60327827179668	0.622752476149484	0.800603158634166	0.639509667825366	0.624354026886169	0.650193972414681	0.43716975888611	0.120147143021587
CD9	0.818782161394764	0.858937807960156	0.789286596131778	0.84060809227726	0.837222860284817	1	0.743446565536549	0.795875754303244	0.666135029712986	0.869900284611887	0.65589214550106	0.71190475908617	0.603947588114379	0.878153795856678	0.741680506482154	0.844068253844411	0.91625489464597	0.854729744069353	0.773077419800794	0.762184066312422	0.703918417068172	0.714945895200334	0.836476934341718	0.771993959114336	0.663114499576491	0.735711964605137	0.609241613021169	0.79713471117068	0.797282288631168	0.861455340039483	0.713161392463748	0.466848259744627	0.850317947589042	0.814263786489091	0.704673618437561	0.898180452952039	0.814385451872891	0.597684420760144	0.77538900663897	0.749649634967812	0.796788009864134	0.850866921745964	0.720736052955158	0.806380864373199	0.726286894383392	0.744772464309934	0.721802107744105	0.763190501232645	0.719042486221526	0.592885657290162	0.900169457305088	0.775913828499945	0.80367728897523	0.726408932640837	0.933449858576179	0.793634697042656	0.715157328290131	0.682931893745558	0.786296787526492	0.622875320758333	0.675749985069072	0.696483398433113	0.891926557934862	0.657004327652336	0.725934859926191	0.761473839729201	0.546867948514485	0.564748840453984	0.718830522515536	0.793921262535451	0.79677384012484	0.759059012483163	0.70766294612879	0.533429989338156	0.787231286086127	0.780827617355491	0.648396352467451	0.864495829267445	0.725427138070673	0.650454136357172	0.784372878777543	0.801485525631689	0.790465156137582	0.694281338501256	0.864058420802464	0.727939504516219	0.65719882904308	0.798343608599513	0.622550091005766	0.70120515341977	0.713754807600052	0.784476648764973	0.655071312252769	0.680022501853209	0.810030396691986	0.59220084154862	0.00591878495962759
NRCAM	0.905357477839953	0.932598352930867	0.489343514001769	0.749739110520964	0.618539988194151	0.743446565536549	1	0.889012115077282	0.813576836380899	0.746865566973806	0.179740921425204	0.953621472795532	0.262844050754521	0.88958047365047	0.927963119783525	0.64980023201242	0.842481959272587	0.915550575948034	0.94892767835949	0.876241754303669	0.863537259158287	0.92437468852054	0.91617608442031	0.773547358587278	0.832807675833598	0.892163287305985	0.734385155449893	0.959917506564129	0.838414174364149	0.880677002661426	0.902556015527411	0.550168258951904	0.811720387997677	0.925070190996525	0.875444643484376	0.817963078330666	0.898210040451808	0.85430158871553	0.521845687977494	0.634061779461884	0.837885230479814	0.893379237152475	0.316286098348539	0.87603852978378	0.675973823409873	0.951788587734753	0.944999395836026	0.91100796521769	0.937348167656933	0.823610684253927	0.712113868907322	0.853698000993415	0.950973923436855	0.915729822067434	0.806535491418162	0.947440227873178	0.896778260508019	0.841599577392452	0.923893943233003	0.449027164757098	0.894616966726038	0.943555306737467	0.877843202141185	0.905898751672851	0.756346356874385	0.96560312729741	0.684493121741338	0.785868202138891	0.914658236089947	0.931843814232547	0.9264364287451	0.933676670710765	0.872453897554643	0.0687030315574195	0.858430121423254	0.742931119699655	0.913526477438484	0.889610381665928	0.883325530004609	0.427391220152182	0.822291592111868	0.697228000145525	0.880057214916088	0.961948257362494	0.8836219543276	0.930701750540356	0.953523248076907	0.938643104619175	0.883449663131765	0.904600254893824	0.924980414980079	0.81969385841159	0.885254448861659	0.845011686385089	0.891445201722917	0.861074251763216	0.0652863523336414
ERBB2	0.906913775749569	0.906946598548495	0.624749439561578	0.824718297113475	0.699726784270512	0.795875754303244	0.889012115077282	1	0.791617541354078	0.807682274899558	0.345359525392202	0.870506022988166	0.391988938176642	0.907580061225041	0.856953673055484	0.737851310207251	0.857699453953314	0.902440839392759	0.896246268260299	0.86895674114508	0.840090011247162	0.860466541741036	0.899106458639662	0.806680695691085	0.792868459048054	0.86410311512944	0.69359062543702	0.916392308829776	0.850230867426638	0.883960012862699	0.855312684879549	0.56288054550537	0.841863873177567	0.900075367497171	0.84133823884417	0.876792379074705	0.91342667938182	0.771853787563433	0.647747527043231	0.703972678978231	0.863746538089867	0.89263475071292	0.479260724309592	0.87321133626678	0.704119711242412	0.876044179449582	0.872229607535104	0.878452004705702	0.88106306103271	0.753416400917718	0.79902168419819	0.869594605120199	0.902743265327292	0.83805577645482	0.864140120827948	0.915432774629494	0.83716447900597	0.811028722365297	0.8794564989545	0.567557857627724	0.861262012595971	0.864937949375075	0.900019236406659	0.834109732343354	0.768214682931683	0.908721358519827	0.678112562626757	0.752004720663074	0.835660545858804	0.905998595479085	0.870049903553639	0.888753498141083	0.848642669092133	0.259964006420285	0.867903195891129	0.778746030344891	0.844222996362745	0.864634209550265	0.842606304220517	0.536269151212024	0.828662802163431	0.728076899643515	0.85830149864883	0.878083334580083	0.877301732352315	0.893726273702629	0.847880179930966	0.912491091229155	0.814058525848549	0.883592952425311	0.866949129687761	0.820367702146381	0.822126961381123	0.800213986169407	0.851675432031529	0.798399575930019	0.096765493102293
NOTCH4	0.796137934292968	0.773724040801533	0.535667745725462	0.784578871290388	0.602042415671992	0.666135029712986	0.813576836380899	0.791617541354078	1	0.697113278339734	0.280007180568073	0.842913968467905	0.318535665394005	0.806950302155785	0.796426376786528	0.693490368395583	0.777992209595961	0.774509352410401	0.857462610470075	0.853599868386221	0.77652491979516	0.856552273624752	0.819884953282211	0.705270830007878	0.742819259271797	0.847396763809791	0.836649141363246	0.852025510547924	0.822318626609972	0.822951805631514	0.827157900571229	0.801031289036963	0.766161354020963	0.822184674906753	0.813230006291736	0.755588309892373	0.787128811138721	0.764373372171311	0.521985752406846	0.576778650669509	0.786592593421697	0.789884601960521	0.416156390919283	0.799088152339135	0.584006319330703	0.739195147835709	0.773789102822268	0.82459003086724	0.807740857452003	0.733799631724665	0.672536296327407	0.6909815235958	0.821370000438678	0.81192070256247	0.733516036577081	0.826295787575068	0.802655631505958	0.769436487932989	0.798110305874655	0.539277452716049	0.876167463535118	0.808094298127436	0.795211272457752	0.808351676246856	0.729677720766856	0.791186625361738	0.709067395000356	0.892637506259549	0.791069920746006	0.90283002271578	0.732343558325461	0.793712561589457	0.834293765573254	0.202308599023912	0.792924487852891	0.693099647425758	0.799640158907841	0.789816110980053	0.87625300212282	0.465028480229673	0.79417084324384	0.691088554143989	0.785873595548201	0.794297865385111	0.809864922820104	0.846900469971158	0.766371687533877	0.861261090767916	0.701741133681538	0.779003431721195	0.784003499079972	0.881337007339735	0.873757325013011	0.757183145155354	0.818219250879914	0.83586878182063	0.187536678529245
TNFRSF11B	0.853416947569085	0.827407944269329	0.80445642356899	0.896365073597815	0.787315100228549	0.869900284611887	0.746865566973806	0.807682274899558	0.697113278339734	1	0.530775101031433	0.776415664738195	0.523864760854476	0.881255669369668	0.747218385360941	0.79641155939508	0.889801639204718	0.864411161719303	0.83620448387693	0.823342593504361	0.764022126389663	0.703251776993037	0.867501026333367	0.852128740345499	0.67789728546573	0.789353481774152	0.635924948896224	0.822725720954728	0.835346340831486	0.88056930381491	0.770225223602639	0.483236410322803	0.841760014020558	0.822629126560399	0.773295091455518	0.910200271885093	0.839453651376664	0.689412449231395	0.767681724424955	0.735143162158845	0.770314320506977	0.842051966681488	0.674660301486183	0.812383962980586	0.727715522063804	0.719050574129635	0.732594114506031	0.829676691093405	0.761681467657758	0.63996867512639	0.881425809420411	0.794173269344904	0.821622236957953	0.795031772904559	0.914688836561399	0.852540218431165	0.758950962608954	0.739714340894619	0.786127304013051	0.65903314103997	0.769040230765761	0.770305866801787	0.889032811716005	0.728404518257429	0.735083252278468	0.773055397749184	0.632096902907882	0.633929871439656	0.708159934240721	0.825047330918056	0.75218090862294	0.799739929711853	0.763584702998122	0.461040832110524	0.806764425464361	0.792565273503475	0.726452861445606	0.812183558058535	0.741146497571859	0.648815392615338	0.783260915527623	0.753685132731997	0.827686128867099	0.751274551080535	0.881708972737315	0.780187110165631	0.688561297208077	0.816453693459377	0.663871843745792	0.751939707563414	0.730246934748996	0.792955282666988	0.72898070925906	0.714251247188414	0.78915133397745	0.69601536031217	0.0886573826576423
CAV1	0.401209127153386	0.354479966943592	0.836089967828989	0.600210686208037	0.770258598734681	0.65589214550106	0.179740921425204	0.345359525392202	0.280007180568073	0.530775101031433	1	0.17109739964884	0.908029750590592	0.470957650811908	0.250939737349667	0.745171079858452	0.622908444147934	0.464447635146695	0.287544540374635	0.375545994465225	0.165877394788457	0.207251364057267	0.37092834935893	0.342836828066504	0.308985963494198	0.209620125807793	0.316973301373102	0.283978203151925	0.446514563008192	0.515632975942643	0.184739877669904	0.36300402253274	0.549467297103161	0.444766688910189	0.154609520955113	0.579510552912667	0.356059276073251	0.0213755387056225	0.748329889106599	0.582087598877674	0.446547887401163	0.452010663881999	0.89444677603851	0.232832244632681	0.589625351048164	0.234983223637566	0.155325280705648	0.218862415556315	0.150403510662212	0.0326588703846392	0.704909804678812	0.383332883749649	0.282639017669015	0.220232039927618	0.610939329362096	0.290049507328877	0.152815918567613	0.267038104536648	0.239344932601134	0.719568450101837	0.140029503232504	0.0748005477806516	0.535168138626941	0.064503687007855	0.392566414134406	0.167958368709314	0.0309717029470287	0.226742332500392	0.158145088105619	0.341401672395056	0.374780526463519	0.285797684251524	0.322060710298277	0.863122271173588	0.395853772062089	0.557681067887226	0.0604578053232787	0.425419969323313	0.322858419480497	0.775102086575621	0.444133139102957	0.56447011564592	0.347521491815163	0.10260073695573	0.510034633709597	0.193026383414955	0.0775281839676475	0.330982624448842	0.0997711832744652	0.177847507126966	0.157096742984976	0.488075844104709	0.206544099440305	0.232695478035226	0.289313857335661	0.0360841262950159	-0.0190769471916273
ITGB8	0.902637987196397	0.890174261291994	0.506477968633579	0.806343172324781	0.584930719517626	0.71190475908617	0.953621472795532	0.870506022988166	0.842913968467905	0.776415664738195	0.17109739964884	1	0.216030636262472	0.886059839176006	0.908778244218361	0.66460750426945	0.84628499044487	0.874798139510993	0.942855253267387	0.870173343159261	0.909973141618207	0.898694918261768	0.940365899267023	0.826312767028472	0.855550316003624	0.954703359345837	0.740598560115381	0.962401383086456	0.884641522643553	0.896788577773634	0.965741131210139	0.537870577385312	0.834898313671093	0.886421430469388	0.942781558354148	0.80382086012904	0.870517650972784	0.938746654452276	0.488781859266288	0.564951272739415	0.810840987257643	0.875192257502996	0.328106868036517	0.903558273592075	0.602084793648342	0.872258744362234	0.927203131975611	0.954227392256153	0.962772972729116	0.884725066852692	0.683653039051906	0.795615212202055	0.933536492681528	0.961759679087652	0.781263280691969	0.940030335319014	0.936475725584326	0.815734893273874	0.930252943849107	0.499752439953541	0.956260339237232	0.97403552149046	0.876894964096008	0.949381586244584	0.829646889918343	0.941076543593879	0.811433994965714	0.831354350315324	0.896814140930839	0.949004583814704	0.838874968891532	0.927497299713424	0.899272769697265	0.0352158665454462	0.888440404973467	0.714074362500109	0.967162885031929	0.895322500061297	0.906022145285572	0.372108771127635	0.867864515145469	0.674274979211138	0.91109742489724	0.966940847360285	0.895351608288958	0.952883573011293	0.940308119754464	0.934695476003678	0.801195543112506	0.92147985412987	0.90735681168854	0.816723200746736	0.888799346554462	0.848648124151773	0.89643206447754	0.938958015049024	0.0758659351558625
MET	0.446926148081945	0.406604040466115	0.854690196478489	0.580248065129648	0.790141982750279	0.603947588114379	0.262844050754521	0.391988938176642	0.318535665394005	0.523864760854476	0.908029750590592	0.216030636262472	1	0.490032079659508	0.304895347797576	0.736470531305041	0.606807577201947	0.517585806166288	0.369926463488176	0.453591759187424	0.166124052685427	0.249340095491461	0.3943140356821	0.307151059338126	0.260676673803461	0.1844688528022	0.393167914076403	0.316830216045908	0.455287456944335	0.547381994913064	0.18231832260298	0.456465509282722	0.556671272969723	0.509876150688878	0.125100584565788	0.610600003931362	0.390755334286534	0.0125121044054911	0.797590357574972	0.666246761863121	0.507912665427281	0.518156032625099	0.830416050295417	0.212911809540624	0.609360261081616	0.325488150073715	0.198024498381256	0.258873017302917	0.178185474645041	-0.000803413655700647	0.72423704328555	0.457421932157194	0.345051150034563	0.264641040839836	0.625109858894676	0.361838046243678	0.178964349524532	0.339342477517565	0.247162024620843	0.759955512126066	0.156244490716432	0.117850273533752	0.556627456810268	0.0769062780050204	0.359285486274648	0.225061229727299	-0.0384067113446028	0.241015771768192	0.190262257582066	0.366407177314567	0.479666635504709	0.336259394859735	0.389209912033955	0.829829290965328	0.389150059045277	0.646507289829355	0.0801236979620221	0.416525452644026	0.349983247372604	0.8058584094691	0.442963603952868	0.570652383387803	0.335942589849463	0.15293149761504	0.520606207941443	0.222919112552561	0.148972653724181	0.382031721911943	0.245554801375003	0.230699217026034	0.205458950962571	0.533867411954665	0.294621392858664	0.239397117939492	0.317927141132839	0.0510783748112935	-0.00789815042272316
TNFRSF10B	0.929964325143287	0.950068218143422	0.738625868877754	0.88373448171277	0.813889011496781	0.878153795856678	0.88958047365047	0.907580061225041	0.806950302155785	0.881255669369668	0.470957650811908	0.886059839176006	0.490032079659508	1	0.907530682224875	0.837423689969574	0.94435009730487	0.938958193131575	0.905285798061967	0.904060047267035	0.892069300100193	0.890140287841168	0.962919625272509	0.877509548796528	0.838571794839731	0.897462761093188	0.726608478177609	0.950132482621104	0.918669019477768	0.967063497390459	0.892310913620372	0.554325529589091	0.940132236806286	0.933215395116748	0.864204870368716	0.940342242870186	0.941934345925172	0.810719400291945	0.704173888674688	0.717163102815981	0.909539722568165	0.953357000680427	0.573578281468984	0.903129111733363	0.766046021775032	0.871950788208053	0.900087505535767	0.905056304047037	0.903166192364781	0.773489724935587	0.887533161150382	0.893945335447303	0.935562258654854	0.886303073864266	0.930067818607507	0.934928487398569	0.879393427919895	0.810309925929489	0.925453046347972	0.675920158343806	0.878127597794232	0.869752372713333	0.972192311200584	0.850076469885046	0.851179630193346	0.91205302359817	0.698434014685322	0.773024853149003	0.866902199084876	0.946723911008037	0.897999604929503	0.912874960778829	0.869113413581969	0.356156922659499	0.93416765185067	0.829959083322677	0.856537508531776	0.939787190263387	0.884766625570195	0.629124663346916	0.899391896294164	0.833826232349852	0.913887752406014	0.887736263400513	0.951806416065371	0.909044912920329	0.858712547050765	0.937767659001778	0.804276436071506	0.895754370225393	0.887735450915575	0.872546115930588	0.832317992482598	0.847497163282331	0.890877246546934	0.810704949029134	0.0871957907944324
NECTIN1	0.896974643386708	0.930649360598379	0.53955405691266	0.756431531231813	0.659220928163032	0.741680506482154	0.927963119783525	0.856953673055484	0.796426376786528	0.747218385360941	0.250939737349667	0.908778244218361	0.304895347797576	0.907530682224875	1	0.712790253487665	0.840021243928334	0.892098194776225	0.884200374496493	0.845673909359876	0.887202522429883	0.905129621654542	0.923047907734314	0.782506487475748	0.841267715148114	0.875845730848189	0.701000747593788	0.938865977526301	0.854032821548324	0.899564308331714	0.891036327982315	0.514068957610723	0.860803984038429	0.914584939577501	0.860819886866945	0.840292123511039	0.895735931982984	0.841578243928621	0.527901801639236	0.58623719027313	0.852805384070713	0.911137834320227	0.36772439208622	0.87212099057272	0.685232022201667	0.922238304747636	0.940083447255195	0.870610280363245	0.910517348350922	0.824643969517341	0.732099415065124	0.861034855449355	0.926877100230646	0.902472030040511	0.817756382610504	0.919721821978788	0.889664156496652	0.792916481653849	0.928829418917259	0.545067458304191	0.869198022721961	0.892246069527002	0.888386556884277	0.892421046378297	0.805239623767116	0.922730454411222	0.69196434705196	0.778347699538502	0.90800825241524	0.919988153987182	0.901040554038364	0.91015509750731	0.855372244920669	0.115004001851845	0.895058179335383	0.767771603483346	0.892519998882581	0.907015632344778	0.885013607492341	0.457251452677542	0.848659356773975	0.751190963614804	0.884504435383723	0.917357202055505	0.89153850787162	0.909749304192296	0.925642417146485	0.929193041938	0.863843674779191	0.887490997078016	0.90712565275927	0.804686405868545	0.831768760209306	0.856660305142735	0.878065947358829	0.821824539069171	0.0774562464749848
PVR	0.781241801620348	0.757529552304747	0.872864682777311	0.861108817517648	0.871097175641649	0.844068253844411	0.64980023201242	0.737851310207251	0.693490368395583	0.79641155939508	0.745171079858452	0.66460750426945	0.736470531305041	0.837423689969574	0.712790253487665	1	0.878598038222025	0.807222447811492	0.716568441331488	0.766868749395251	0.656120425845517	0.660369313859526	0.798893100074607	0.737210320284913	0.676792328197774	0.684091316595459	0.616018234318152	0.735804014034248	0.811063659627504	0.863644210481253	0.666626973696941	0.57661119095718	0.865355864345832	0.796892176235089	0.653650267282465	0.860434219321501	0.744122867787843	0.555226960190314	0.797439277873451	0.729092071359471	0.78299338272148	0.813842796844274	0.760722858644488	0.703436994847408	0.728985512927933	0.655856439201994	0.634306365461095	0.69999326918628	0.644476133558512	0.525951247455507	0.880645897866554	0.723801414659873	0.706038819826612	0.699413854006059	0.865277481434075	0.729000780457089	0.654619355155334	0.664280586691337	0.693893023106179	0.799948710635188	0.645276615193121	0.614955345257503	0.871889470734037	0.593145252395098	0.748628707734756	0.651439980189506	0.511103348969413	0.639242546170066	0.632691852809241	0.774944025401869	0.725808311151233	0.72316590914173	0.713968775389301	0.619683966272362	0.782825713024232	0.785495510158948	0.593065638828553	0.797279785745299	0.743588864874411	0.739968652169348	0.776548187034233	0.813400905989274	0.74994783157016	0.622081938718945	0.851206819048255	0.671555993665559	0.584940230450415	0.775193188959993	0.553862626224572	0.656210641409239	0.661377248685407	0.794729253589842	0.651584742053727	0.661749029207463	0.700099080231493	0.569501788322654	0.0918378965083827
SDC2	0.91409220779966	0.887975575885405	0.822646518638818	0.931229310976941	0.867959845138028	0.91625489464597	0.842481959272587	0.857699453953314	0.777992209595961	0.889801639204718	0.622908444147934	0.84628499044487	0.606807577201947	0.94435009730487	0.840021243928334	0.878598038222025	1	0.928333809037254	0.883030825245182	0.886277822645755	0.792465809801581	0.824250505966614	0.919678908130129	0.826863063271917	0.81629306989822	0.84554338739998	0.741120893096736	0.909849817306292	0.911517039325519	0.967020696620555	0.828678624115581	0.596361798831723	0.92725062834352	0.919216433687602	0.808488796704709	0.940284535249903	0.88625227402202	0.72319222045801	0.774070797172283	0.776804461818259	0.878293353804063	0.912478920126415	0.692013906488942	0.833812961737822	0.784758935700478	0.825531574570179	0.810775331551886	0.847250117214833	0.827695539948591	0.693329332545639	0.928918787551551	0.836012417597046	0.876275535869337	0.840122691073164	0.942299301460751	0.892348768046012	0.803266840692776	0.801709706713345	0.853809709230151	0.719725311268631	0.802404559146416	0.795506943283536	0.96296136852159	0.763650025809433	0.835213756195054	0.831398729532938	0.626013934007495	0.75501650630589	0.792025442366256	0.916467334971958	0.853132398217231	0.862147896357479	0.860471271413062	0.50072875171454	0.896180003797228	0.854816684942491	0.773602233583512	0.916915045885595	0.86453714476962	0.724643806169041	0.909267997758704	0.814199042944493	0.884177623030814	0.8044411499117	0.960581546231755	0.827831375789029	0.76359360280666	0.899385958076768	0.695863389521725	0.806756205522032	0.799206024249642	0.88999037050559	0.810519194708842	0.787671481732085	0.859062182787899	0.728991228634434	0.0703822122773408
RIPK1	0.93714697373064	0.935507429902687	0.721426911304898	0.868730660078888	0.808463591655514	0.854729744069353	0.915550575948034	0.902440839392759	0.774509352410401	0.864411161719303	0.464447635146695	0.874798139510993	0.517585806166288	0.938958193131575	0.892098194776225	0.807222447811492	0.928333809037254	1	0.921795194133379	0.903715103856376	0.827102540315755	0.849479595812708	0.929983274258727	0.808306520801248	0.817636174019017	0.841196374383507	0.727799688161445	0.927339542731072	0.86796000330501	0.938285072981927	0.83069049107472	0.5608923565218	0.898528945962385	0.96857457941124	0.817057429473675	0.932417823241332	0.923164052082401	0.739301216674434	0.744822756437926	0.743090025960059	0.89755902387415	0.934977691945033	0.583000558846207	0.831008737169256	0.820276301564865	0.908133988702415	0.87117912425709	0.854102535102569	0.854068636324968	0.726041644757186	0.881717039628088	0.917334260024984	0.930992081397567	0.86725448524505	0.925414224342554	0.938088226368194	0.832262482820411	0.837856343056694	0.886658921329932	0.622253272886175	0.82643649602261	0.842603732198503	0.952458419938368	0.820541775533919	0.772711485142725	0.889138402402005	0.613970065144966	0.750087651282988	0.837365620839563	0.918314079606648	0.931771121194584	0.923950636651678	0.869787615742586	0.361845125593433	0.882631128672447	0.862165131555123	0.814188959095924	0.901797462679177	0.853947748088146	0.65565948028108	0.851389103301188	0.795202088337616	0.894819539644784	0.875972178877986	0.952384845977748	0.869119039271422	0.853111889067165	0.93018101615574	0.839799959524712	0.8623723270771	0.871553313761926	0.853350387321521	0.851229310301559	0.819997732413989	0.877795109639332	0.751581283718146	0.092067165849848
LRP6	0.925445494508833	0.907300989890871	0.618327240798954	0.839547981432626	0.682765437452171	0.773077419800794	0.94892767835949	0.896246268260299	0.857462610470075	0.83620448387693	0.287544540374635	0.942855253267387	0.369926463488176	0.905285798061967	0.884200374496493	0.716568441331488	0.883030825245182	0.921795194133379	1	0.914829857501877	0.856426072709878	0.891372381634294	0.924319329511668	0.812193437062636	0.809510886228433	0.89163177723509	0.787851283490467	0.944610226121636	0.859629886597861	0.908894128359577	0.895164548259626	0.631545010292019	0.841293071278552	0.922750567670393	0.864814142452969	0.869493194258917	0.901504955234793	0.823251894536291	0.63206942179143	0.70439495877368	0.863503324900697	0.901807463294933	0.445846835004534	0.87159100765914	0.678490051431853	0.893276878800497	0.876839697263697	0.929000893297643	0.908374658455066	0.778477564883318	0.786202071103933	0.850563398815699	0.934186511661423	0.913291290586807	0.859254555219011	0.96495954172281	0.875243975748525	0.878246475964597	0.897515754045256	0.555044835201322	0.910327049516425	0.923908502929353	0.907706352570987	0.878475968530893	0.76188383088757	0.9198142847689	0.686358988430215	0.804735875450101	0.859446490924006	0.940657852056689	0.885360081590923	0.903192946844116	0.904582695096597	0.20638618960052	0.861183689529198	0.80402179571205	0.880947596271839	0.8768478315301	0.874200421030738	0.527448854990094	0.841361830292244	0.702743097458922	0.868196570519556	0.918966382080497	0.91357013850568	0.913070483289597	0.887719112300113	0.935474674117245	0.85134769726086	0.889461847726255	0.872344796435263	0.873770928148055	0.907430506243026	0.798373270963361	0.889576592930797	0.859873507478005	0.0864360297950733
IGF2R	0.902864120927027	0.867771831366674	0.708954499556547	0.855768355128768	0.784952372937599	0.762184066312422	0.876241754303669	0.86895674114508	0.853599868386221	0.823342593504361	0.375545994465225	0.870173343159261	0.453591759187424	0.904060047267035	0.845673909359876	0.766868749395251	0.886277822645755	0.903715103856376	0.914829857501877	1	0.817832925919603	0.88020764942169	0.897410407182812	0.789268598168339	0.77942483059206	0.842830556764626	0.821438455633751	0.919707731597183	0.875266523484907	0.921327586392878	0.835393993530784	0.701122728402425	0.836041649990979	0.918243060863448	0.80087158916043	0.902329754733995	0.920723945871797	0.748247475969251	0.697302930500617	0.730642628484927	0.885462128636782	0.903605073375879	0.526031636098128	0.830808903459042	0.708738562030402	0.848627497419121	0.831160978817549	0.870428569600866	0.837307027098684	0.689004618324331	0.84866123424582	0.865454277170363	0.896163550244426	0.853361317268641	0.884593416569424	0.915928007177647	0.836955118963648	0.865699339231539	0.83756217381807	0.634045634809184	0.861524481126602	0.839339825643225	0.908067897437373	0.803666161838002	0.747910564831043	0.856372945681062	0.622620644879984	0.832941670770049	0.833130657479203	0.929905882921788	0.84735681507747	0.890728514685064	0.891452199417879	0.356054818082639	0.881591971238622	0.840781776443092	0.813017202910467	0.824041771927676	0.899930776927742	0.662066955833192	0.838903093942458	0.77177306643129	0.87542690763242	0.852927179666725	0.891868784470158	0.871086882116247	0.819508068430817	0.932931066133223	0.815510081544143	0.851190635011299	0.870038437591306	0.926868621799691	0.919402126868716	0.832198787993439	0.849056685829383	0.801904694812599	0.254064210283707
PLXNB1	0.866236056817756	0.881351499922267	0.472966022832394	0.776825891050625	0.555418097064482	0.703918417068172	0.863537259158287	0.840090011247162	0.77652491979516	0.764022126389663	0.165877394788457	0.909973141618207	0.166124052685427	0.892069300100193	0.887202522429883	0.656120425845517	0.792465809801581	0.827102540315755	0.856426072709878	0.817832925919603	1	0.857023139421611	0.934216209220894	0.848828010728986	0.838439298686152	0.945340307224644	0.658195989741026	0.916657625544864	0.834653234419481	0.856869194481437	0.938534890883582	0.412665140695787	0.857132673552474	0.838866197795089	0.919936803397004	0.79593875694637	0.875719158469083	0.914183072714505	0.490478654848424	0.459426085144382	0.848168092843825	0.863073910372444	0.311312663310573	0.908385675866872	0.573944620733569	0.80704835271277	0.906634912588261	0.903602300968787	0.92182719587723	0.91235759492156	0.671869508155418	0.807539104069388	0.892789501067392	0.899904107714346	0.759605927247568	0.896569348508949	0.89263302184661	0.768925347154963	0.950338946279545	0.46947780063748	0.927510747132754	0.919758553184991	0.869667474706136	0.946109111153269	0.836300111010782	0.906479854688437	0.849230796289125	0.774887095285319	0.883568509729501	0.906471947757329	0.782625943950528	0.867822023996302	0.817821637336287	0.0114605812299436	0.896997624575738	0.695124656861069	0.942162457824288	0.897083150251962	0.862153235791345	0.341948086433438	0.83924548586081	0.691293316818413	0.885256281043028	0.924212637992993	0.848566927029137	0.939209223120509	0.898058863145097	0.902809045493462	0.795829106116302	0.907669707888475	0.886102701338911	0.737380136281721	0.820557958744092	0.831016332185546	0.880760470707055	0.90512793248094	0.108570555935576
AQP1	0.862018588994943	0.892540889213214	0.483767064741183	0.726455910613537	0.634864828237734	0.714945895200334	0.92437468852054	0.860466541741036	0.856552273624752	0.703251776993037	0.207251364057267	0.898694918261768	0.249340095491461	0.890140287841168	0.905129621654542	0.660369313859526	0.824250505966614	0.849479595812708	0.891372381634294	0.88020764942169	0.857023139421611	1	0.887295926423907	0.783075767497706	0.835376659884888	0.880319572945204	0.769774272073269	0.940288388165977	0.840129332500392	0.861855197137637	0.890755267232303	0.654500265761955	0.798921320583196	0.885214273668378	0.845605276312269	0.809850354059222	0.898051939628657	0.836167163439561	0.459139800986515	0.60716540502098	0.849517657170115	0.866739745247576	0.318271368556856	0.866795322753414	0.659885946523171	0.886910235919522	0.91572010700135	0.870178022295494	0.915811420309125	0.780153161855999	0.707641816135816	0.829288791019411	0.916215177790011	0.857691023221527	0.784479838588676	0.901199429323175	0.858610687422299	0.828097473809863	0.899928402530505	0.481061265782659	0.885084957541909	0.883484823956056	0.851371072433662	0.869853127822933	0.763759640049879	0.92376757527626	0.666334764296827	0.83364589140216	0.891641637806162	0.92778024713366	0.864236073527873	0.881682938571321	0.847347645915767	0.119140225709192	0.878681318301796	0.69233354714312	0.887529158493687	0.855462597263427	0.895659403469313	0.466524719656939	0.825607883363264	0.726830443418322	0.871570477160761	0.912493364849673	0.837033854042591	0.910434899775371	0.893264679417805	0.915012636761371	0.828384680548281	0.876756134896906	0.911445251913976	0.85411608922878	0.877513467671949	0.835494892428307	0.847565397058675	0.854302976021076	0.126018708646055
