""	THY1	EGFR	LRP1	ITGAV	CD47	ITGB8	LRP4	LRP6	LDLR	SDC2	LRP8	SDC3	GPR37	GPR37L1	C1QBP	EDNRB	ADORA1	CD81	ADCY1	SCARB1	F2R	IGF1R	AR	NRP1	KLRC2	CD46	CD82	ABCA1	CD9	NRCAM	TSPAN5	CADM1	LPP	CNR1	SORT1	NOTCH2	PTPRK	NOTCH1	TNFRSF1A	RIPK1	ITGB1	TFRC	TNFRSF21	CHL1	NOTCH4	CELSR2	ATP5F1B	ADGRV1	CD44	RXRA	TNFRSF12A	TYRO3	PTPRS	CANX	FGFR1	TRAF2	ITGA6	KCNJ10	CD99L2	RAMP2	ITGA3	FZD3	INSR	ERBB3	TLR4	KCND2	SMAP1	CHRM3	TSPAN12	MRC2	APLP2	PLXNB1	PDGFRA	TSPAN17	GPC1	IGF2R	PILRB	VANGL2	PTK7	TNFRSF19	NGFR	LINGO1	ANTXR1	PLXNB2	PLSCR4	ITGA5	S1PR2	DCC	RYK	SEMA4C	NCSTN	MCFD2	LIFR	ACKR3	SLC16A1	ROBO2	MERTK	EPHB3	AMFR	TRADD	PTPRA	RACK1	GPNMB	STX4	SLC16A7	AXL	CD63	ADGRE5	APLP1	JMJD6	SIRPA	LAMP1	SORL1	ERAP1	CDH10	LRP10	PTPRZ1	RPSA	NCL
THY1	1	0.791684722459792	0.824398429611999	0.619924692797029	0.82812344738962	0.896351928331299	0.820439705303459	0.798203851347112	0.836646360150249	0.574123368364615	0.829469152623	0.608551591188027	0.647917665653667	0.681744031918323	0.881573151901646	0.370267305132621	0.501738623482441	0.715694442053648	0.84731424663696	0.56789199139762	0.464522925143798	0.646697476059814	0.660402163331098	0.672555244484567	0.774124502294451	0.796231350650482	0.912603046518958	0.324637755517354	0.748320975275558	0.680080975795516	0.845449916589048	0.79236250325373	0.811426272052093	0.423908510316204	0.785207503630343	0.742447224906541	0.740032669811503	0.732843040853938	0.770370418410329	0.868457435432018	0.866472813604916	0.860463568266962	0.850571666353221	0.632646438077273	0.652452136658396	0.846099942331088	0.866168153861877	0.199388047666401	0.231495122779977	0.723329560246195	0.739482196782028	0.875318141360954	0.785994551727443	0.844569962431047	0.887902736181494	0.839162935710527	0.396507082936123	0.522029294513233	0.794841665602328	0.953207212307841	0.735376873485269	0.760098808532503	0.755182435689496	0.65978721122407	0.560669451174128	0.79228301875329	0.86614242156529	0.905484869675393	0.857840884816313	0.464245755925896	0.800034049084533	0.5116691701676	0.68549471928654	0.835334822293117	0.697690101114881	0.713521519048253	0.769348478342865	0.762957856409736	0.793472804076728	0.824529124234579	0.486745730479878	0.877602364967776	0.807525163127077	0.763605069392609	0.296042386664492	0.81707844546692	0.825395427261658	0.790517632810957	0.906068564531312	0.625088766267219	0.817055127778624	0.839854118374851	0.633731730359956	0.830505594152238	0.702654437826052	0.736014090413614	0.583277065530201	0.820978890126567	0.76158154831868	0.692677956357148	0.772460732408513	0.870531368548557	0.53590775023663	0.851697448337565	0.841594481586447	0.477183899593138	0.871499013273248	0.858793922313724	0.910517114044951	0.810245069134458	0.301536283458198	0.786382881997476	0.231280841653593	0.824232842011814	0.783754071715224	0.588174216412761	0.780364053746524	0.850640315648782	0.907988567472531
EGFR	0.791684722459792	1	0.786284576360789	0.616211967477568	0.778618768282162	0.874146277560376	0.784706670466452	0.811100100215262	0.849666637333984	0.531861972909037	0.82072433402462	0.610450185489643	0.653890151252824	0.609820278444651	0.75036731224994	0.380609072122763	0.431427079152185	0.621712347865229	0.838573799174762	0.625042500207386	0.483955654362604	0.689720395482241	0.686006320337835	0.750142061818352	0.555190514502798	0.8053915950897	0.812599107817808	0.35489996120644	0.658693777370078	0.681715724987332	0.798436178500267	0.836599610100519	0.895259417276678	0.427013596155812	0.787792478700233	0.730345109999175	0.810390489768917	0.753726774188666	0.715510333663729	0.821176615023028	0.856338482798259	0.876280987911259	0.796845273184664	0.639088384318912	0.641820826465131	0.827994533213865	0.751573015247134	0.218892736508834	0.303931303432519	0.750360452558974	0.63649421126713	0.831081830691754	0.792536896497397	0.830228020445603	0.865702341653876	0.759477364584408	0.446994773868322	0.516403844516204	0.825864584814408	0.744105535114222	0.707799465699556	0.785120511538482	0.77799342205071	0.598758803923599	0.567108901816544	0.658513671339037	0.800240204955221	0.856843047603513	0.691819124485289	0.509786447988593	0.794363315995782	0.570457300494621	0.617274442191061	0.694144541444009	0.639742343981524	0.777028551554882	0.795605509304821	0.763162103140625	0.807001876147493	0.800416896550111	0.425059693289691	0.729627762649444	0.783235197920072	0.748780784444262	0.324647317651941	0.827254337701661	0.786496638484509	0.747097243050633	0.848987665233189	0.645530799582313	0.788161122520543	0.801050102885049	0.617943901113891	0.751589203062092	0.713214773424916	0.73812437042371	0.616543319026831	0.73952608088371	0.702038350270909	0.63727773386053	0.741546897671982	0.774565750626103	0.468283568098498	0.764298379593838	0.757163436605567	0.485687840789945	0.757183010377784	0.834769996570429	0.786717653063725	0.802187998666915	0.32007983551436	0.711750350007222	0.313434058015797	0.867361915604936	0.828086431193086	0.568524949682117	0.728107487450508	0.770230684519477	0.887210088893318
LRP1	0.824398429611999	0.786284576360789	1	0.83416468563978	0.871817668304817	0.942765919135209	0.976421969098988	0.940742083191178	0.84102926595188	0.672481798542314	0.91257631846927	0.869318175562897	0.865231796348683	0.920825890022123	0.781152700683931	0.665084834118287	0.714769772645474	0.835381361016794	0.837929204232243	0.646065879287948	0.689694539783259	0.709338938665633	0.856023427382932	0.504333160720326	0.71106470326902	0.930098517599649	0.820007107249898	0.634638490338108	0.696535085698497	0.88342245659151	0.805130008139082	0.868415380407266	0.898824519893365	0.667290446661677	0.836176302337783	0.892658663990619	0.90486747919283	0.919034607566728	0.813389253947132	0.875769488775205	0.800142633535323	0.847868260173069	0.878765122831516	0.808411367375071	0.732375082741455	0.956479134876278	0.773891509780058	0.541891420836942	0.372815643302559	0.862302935331675	0.514487160179721	0.915997594681607	0.905591252878767	0.891032827167838	0.894473142894614	0.714972135644245	0.695583759752425	0.83780026161488	0.868068052364725	0.774804626024744	0.801389510700718	0.909706838614012	0.889730965818063	0.884533138562141	0.740345006542204	0.925834192451153	0.916408824657364	0.876299744667304	0.790800159706551	0.692602639004797	0.861297717177839	0.829405233060456	0.76266554151798	0.773450463963093	0.719187505112119	0.869181114865554	0.838631941381245	0.943985795026275	0.78293723365771	0.812166239222942	0.68391854091813	0.80293231483699	0.931078802018955	0.78563520647497	0.663233745243122	0.775414956215137	0.871270490607957	0.788453097008145	0.881604633892234	0.766303316878881	0.835374912825458	0.891077419022309	0.87901127539591	0.806984655825415	0.585465464386661	0.933219568096897	0.77583833476734	0.842255040517553	0.849963102480523	0.579209042815832	0.927963243797331	0.710280717951316	0.650346205591321	0.817467798682789	0.841046464697539	0.671266117431389	0.785681950802822	0.832276373416014	0.857267273099217	0.78634093564891	0.617927941008138	0.852546002045333	0.533387196009952	0.862507766926191	0.898100301066732	0.806692256849793	0.960086688779594	0.684975841651292	0.855981545748469
ITGAV	0.619924692797029	0.616211967477568	0.83416468563978	1	0.891619952307953	0.807372795383223	0.800762664848199	0.85001161259082	0.734462788255863	0.932565200064404	0.789250431934664	0.95563848980192	0.937155171623675	0.880065084689118	0.804704948759962	0.92512817361686	0.932100193162221	0.937405889811016	0.546595255926386	0.766231650024778	0.952671267754617	0.611590035658418	0.92835538702271	0.502981442922765	0.308237264907981	0.801391043202096	0.479926265692987	0.896798108428387	0.744864761586274	0.980446016039891	0.825001856293669	0.890491779638182	0.818666840500006	0.913161445428818	0.859497131713225	0.928910353083863	0.714945609616071	0.911603826419123	0.901280304911373	0.829922017541088	0.743409437130519	0.735022910699677	0.894918309269261	0.986056730244689	0.857920432837742	0.864009483795657	0.812942890462008	0.854213661237225	0.689030924541419	0.857980336650812	0.584815304406829	0.705686906829437	0.70651558049352	0.903480916852	0.782386842427101	0.658169372403886	0.943430124255696	0.914422797421315	0.86546820283257	0.612437415867238	0.844310845402746	0.909682900492768	0.717710881032996	0.859196829391155	0.897168299016986	0.827588669258127	0.887508454499362	0.72202430275237	0.67888799231424	0.92133147829853	0.907464880849873	0.879551538235383	0.366614404732637	0.647045347227029	0.850163034484757	0.888855330817724	0.781137502089946	0.746030048209359	0.805730705305679	0.769107798886899	0.924293197057405	0.428533476342826	0.888351594853964	0.871967119029681	0.852795182294726	0.546263766186136	0.760079135828442	0.461142968755375	0.767328541908187	0.865741997599123	0.851042858035274	0.89235567514358	0.961272437230109	0.687426454577473	0.631576498173244	0.94048564698566	0.912186686552411	0.877716377703182	0.915278874678491	0.64778695807332	0.953684426004038	0.726428924647759	0.696558224617709	0.794105484385257	0.562708102572833	0.901450077392293	0.828663941240591	0.541901456623076	0.810727626143921	0.725750570096961	0.890992243979879	0.932858586612561	0.76402383204513	0.781994329326892	0.736074111447782	0.966284162748687	0.9313948965635	0.68947256422161	0.755687257883021
CD47	0.82812344738962	0.778618768282162	0.871817668304817	0.891619952307953	1	0.918264618447654	0.855452601635773	0.898980181652204	0.890001647398836	0.859251407511266	0.880666430732718	0.85761696398658	0.852466486582529	0.809180853050872	0.921798129698833	0.738981734616428	0.774047563791734	0.908451636001663	0.721452662422717	0.750382942644423	0.822091806135765	0.685191622668171	0.913018407023328	0.675040553580382	0.481658480480273	0.866859567693925	0.708958417094906	0.703097288581523	0.806426010088143	0.921682183709222	0.951473422147646	0.963859453495013	0.915927575487453	0.732428613248722	0.956177355858027	0.945556130887472	0.771172883016439	0.919066801153455	0.937416072442812	0.933742246098018	0.90670586209837	0.881948687294587	0.945176616704224	0.897105274726058	0.885814413990137	0.918703744603567	0.941145832720063	0.602612227504653	0.565979253668237	0.882219492693857	0.743302494716905	0.841838274491456	0.822002037522325	0.968160682001674	0.917990919587609	0.868993202269377	0.756997881893643	0.758614395207804	0.929251992702588	0.816397234545303	0.875740804041107	0.917528412308785	0.800516560035674	0.786728138595085	0.836109222673451	0.847934181060736	0.959023083463718	0.866567339013726	0.829723532962321	0.793887295846342	0.960835191628076	0.774231218155455	0.552713703924527	0.813295742015932	0.882503472607125	0.913146641959804	0.913679862935461	0.807110463315715	0.912335041730874	0.863928034933986	0.782223784460138	0.630903363231831	0.914894237007327	0.932224044749492	0.637245289075744	0.727937216228841	0.819654044900823	0.652915661379143	0.896491704041642	0.854663157012069	0.9364492828225	0.955670789015402	0.877853560434949	0.842236094756681	0.751395002799979	0.915694668921145	0.873074563219658	0.940877749747186	0.933562904682459	0.745084717501239	0.940809787645155	0.895294839414113	0.659063765790987	0.902094965220583	0.737547057486174	0.785720652314118	0.9351723871817	0.718896117835439	0.951355088369602	0.877350959812622	0.680186076205597	0.950342503903056	0.590939249678237	0.891728191841303	0.803561416667853	0.869851833790514	0.915000838494251	0.868817835606975	0.920825139650133
ITGB8	0.896351928331299	0.874146277560376	0.942765919135209	0.807372795383223	0.918264618447654	1	0.932978107766383	0.961516181415381	0.924597504498616	0.692961720217769	0.92787402095197	0.793263092230079	0.809599612633648	0.802869930449339	0.855602484411514	0.581348624349488	0.640001043742837	0.79831160481201	0.871116966070604	0.722468504458591	0.666299480132467	0.77840629625392	0.846220766293433	0.699339069416063	0.654513147525475	0.942223108038741	0.851968422347397	0.561932709950362	0.750387301775736	0.856448049971509	0.900491684113388	0.923191792707829	0.958446257917812	0.636569495095018	0.908933468475847	0.895154525711028	0.878375533805263	0.90195567275488	0.855044617070616	0.934116684975433	0.920973473429694	0.939454789017417	0.92584654609469	0.803298220550302	0.764798026693772	0.962006470616854	0.858261946466834	0.436957832357205	0.429300017971572	0.898774834292501	0.684620862299773	0.944562429379098	0.914507803850112	0.951942065924061	0.972083328509305	0.831755048869605	0.626450441268392	0.714669377754558	0.906594748310599	0.849001680864025	0.856246878445218	0.92308740031012	0.90088226449942	0.799261133641953	0.75087411408734	0.879113456834254	0.932793768974648	0.959407188449481	0.830071119175042	0.661746107714394	0.928086265219624	0.732315339534197	0.711133641287885	0.836595964249331	0.77171767238298	0.894712707119813	0.908367699045251	0.910629817222183	0.881265940188532	0.91257649968053	0.626749803196889	0.800131431140163	0.947003490552726	0.871905371479767	0.540511095428171	0.868477306102224	0.890899150970372	0.815265958193208	0.953174162688807	0.78356708179235	0.902108214202926	0.940146562199602	0.831016083973984	0.836417335329527	0.750782769898532	0.918788487870412	0.779923831806627	0.895619279528324	0.87469750956135	0.706266351520834	0.909841949787698	0.842362984143397	0.659960221382424	0.877844081978852	0.87093048707699	0.660041669867405	0.86592312745617	0.860653200008784	0.916370316848384	0.876656764607229	0.521309561330159	0.870943875149024	0.480580286592998	0.93295704877145	0.904343110486931	0.769446566799469	0.915841894431361	0.815620426917451	0.953530890207483
LRP4	0.820439705303459	0.784706670466452	0.976421969098988	0.800762664848199	0.855452601635773	0.932978107766383	1	0.925629580102586	0.852015397161789	0.64013338529848	0.9111476411693	0.831251783567691	0.841214299675713	0.887245148576213	0.759350031998574	0.609138807062714	0.670871874532885	0.789099892161208	0.850061181077471	0.616510667979972	0.655853527650964	0.712782151504327	0.828204981022737	0.495320858670847	0.731373136825512	0.921069835406668	0.834888601093477	0.588979725848447	0.656165288314764	0.854343669349168	0.798411547340993	0.860137595727686	0.888625331379667	0.636762494746691	0.826223662058215	0.878026258727116	0.898898735940085	0.901294340383612	0.785830181296355	0.860499816264438	0.795517144714792	0.843568950686136	0.864813743739493	0.771741314760508	0.711128163334364	0.938946569861784	0.758838121915263	0.490951246754359	0.334087989933086	0.847434296587711	0.506445251639941	0.902474087705246	0.906438135504939	0.876660001074682	0.888459799048854	0.712752146766657	0.647876853465503	0.807104736708212	0.856877236616424	0.768347448703675	0.77783669527376	0.89244946197901	0.89088289003106	0.872065825022959	0.702697236351058	0.916596928180681	0.898656450681757	0.875472528891796	0.760430242629259	0.638305567899327	0.846064445321991	0.810750307559045	0.790354317511892	0.745844135492266	0.689670532513632	0.840644383165169	0.84076562685251	0.945954615464024	0.776414455912106	0.798641142876844	0.645601526586203	0.817741148267091	0.916572153037691	0.761709820851162	0.615249111020237	0.778256501636719	0.867328281757701	0.820929769260582	0.876929958331783	0.734628949828769	0.829716516808292	0.872262397690899	0.842813343167453	0.782728939012654	0.568396470054769	0.904316108488686	0.752837142817623	0.818147112092261	0.822519742148842	0.542933911897889	0.895288736356875	0.695942091945182	0.613084105439047	0.791624276887282	0.846180336561958	0.629630492561382	0.763191566536213	0.836884400584591	0.853916792217389	0.777578812956325	0.560603872065659	0.820477945398626	0.484625176130068	0.846611633240151	0.880535924288246	0.764824024163274	0.93922392905708	0.673581821128551	0.853377308889896
LRP6	0.798203851347112	0.811100100215262	0.940742083191178	0.85001161259082	0.898980181652204	0.961516181415381	0.925629580102586	1	0.895441750161536	0.711590865608059	0.916789961285444	0.837953482412393	0.842621872761911	0.828263336645939	0.797727983163694	0.653603717620022	0.680520922774158	0.80075999211208	0.820901526099403	0.719471430001729	0.724819675392306	0.763184177261726	0.883178473165802	0.608324739951316	0.579453192242754	0.932182365705259	0.770570186705026	0.641540156390393	0.699456712446906	0.879013871543429	0.86448207304151	0.914296995304724	0.941421299407635	0.695379308050418	0.902020763163506	0.899311442074915	0.874804439999696	0.922135124032532	0.843226864060818	0.904910681647931	0.868495436515167	0.89966303860067	0.900681946222873	0.830909432321827	0.757726271460235	0.950118252328647	0.806317746475994	0.536375425648934	0.473130454819393	0.907127984139115	0.596689314644643	0.909058824594703	0.911212939475737	0.934367470863771	0.935818715207773	0.771264147554741	0.699704547165722	0.775002473560693	0.888782774950169	0.757970719388103	0.831562225548136	0.936863075501503	0.903898882821122	0.834893727133497	0.771214232537524	0.89369754205837	0.907122977004406	0.900643583555963	0.765043248176411	0.708134430123116	0.923291993256777	0.79848399399947	0.693990133015723	0.78780450312511	0.752753618536512	0.914913390720457	0.90819142075454	0.919034582229097	0.843183191160077	0.86693011161268	0.67888165611699	0.723002489692436	0.951182041977301	0.845979941639477	0.640425630165589	0.794271291755647	0.867070955113253	0.764513180809833	0.914227320659946	0.794920675684394	0.87777633449701	0.927796325721289	0.870961865480244	0.769298383757853	0.68935036019002	0.93831762794426	0.828470529471017	0.873970632202982	0.861653440904714	0.644681225796244	0.916644476083345	0.771627650225597	0.672212614775464	0.838629691179423	0.816673582693218	0.709048525377276	0.809812422213875	0.791091770469526	0.865139692025764	0.8532709056515	0.607883058642295	0.854171332217741	0.569499585497895	0.895589891110954	0.872121735650484	0.80647942647894	0.924678596867642	0.747453109241461	0.904355608736729
LDLR	0.836646360150249	0.849666637333984	0.84102926595188	0.734462788255863	0.890001647398836	0.924597504498616	0.852015397161789	0.895441750161536	1	0.658046449923324	0.889883645220472	0.707772207738898	0.744756837008122	0.679936463743419	0.844390886229149	0.488286484597157	0.536322976815939	0.71048785453326	0.828828135732199	0.622264467288578	0.619938374125791	0.692141554203742	0.791280360689941	0.717485580545574	0.570572364141832	0.845788739738413	0.821873208900658	0.460996278241065	0.649743948380102	0.777486970733291	0.932429321600447	0.905924817287942	0.910686830028402	0.547891619073337	0.883568702698573	0.829967075921444	0.771472046909195	0.862743604052385	0.811244183335655	0.911431853893692	0.923040711851707	0.900480175258906	0.88329574555829	0.729364826825143	0.765970644355572	0.888016488627149	0.867487534999347	0.34194997530246	0.388107458760156	0.831916459645146	0.693431023132164	0.868231492610702	0.861442937679903	0.905215283666763	0.950358514636111	0.842177094350986	0.548342398477563	0.60088814297472	0.858743423159442	0.817652172175735	0.818215190697339	0.838982816590884	0.83739054874122	0.693414156869239	0.676037241321889	0.785692849932677	0.866932322173336	0.903836573351485	0.74744476996761	0.579795066892941	0.894859482640409	0.676804452157113	0.662783223217824	0.768435809946116	0.729894168845347	0.856105874366686	0.90378354931904	0.831862135253257	0.881888920888428	0.840012094932294	0.57088795901833	0.743690763216935	0.895248207946023	0.842464824803772	0.431380525223552	0.799705861452082	0.811222157992867	0.799222754290896	0.914742236512565	0.739708254150384	0.868865364954277	0.897943720385043	0.722006868020909	0.798833762320767	0.707118890404296	0.824239839189438	0.771069430893377	0.861839223000026	0.796557409763834	0.677260062577572	0.813766925481325	0.856200222125512	0.520161118334791	0.844918057085229	0.80566480388574	0.601766199433418	0.85002213020206	0.811244328849294	0.888115895127613	0.872183144042553	0.437518558570843	0.801604356419205	0.420909147800875	0.874122056970458	0.825475634625168	0.684830381884081	0.808852897842611	0.862256447140111	0.946911059433015
SDC2	0.574123368364615	0.531861972909037	0.672481798542314	0.932565200064404	0.859251407511266	0.692961720217769	0.64013338529848	0.711590865608059	0.658046449923324	1	0.663129206279918	0.86193002043814	0.846629275532854	0.750383399236851	0.830864474545382	0.890308010809208	0.911406163422944	0.922869072703771	0.392386187210993	0.7608364959131	0.927411875596511	0.521562984209672	0.853503240772326	0.551906814382198	0.154466527179314	0.670496206598988	0.349504840080892	0.860251044856627	0.795334978352111	0.903648659222877	0.822293863315251	0.852150281942347	0.716547706387484	0.878423430795551	0.816788720156125	0.860430431591441	0.536863640488341	0.810995467193883	0.901940678245149	0.76580231169281	0.716576308144038	0.66155839164062	0.850700032895277	0.946906975503148	0.863597363698959	0.742163638919214	0.848961216774471	0.81649248940342	0.734517589574298	0.760213782204252	0.691554408833952	0.577352434012137	0.546563303222792	0.852257630161562	0.70714760164695	0.665657291043036	0.8916227543261	0.790008863061284	0.81328512016182	0.592772638186843	0.805459394963913	0.807566881355218	0.572603392794275	0.732902216607438	0.852207033285423	0.688620667151033	0.832894576306222	0.625730025727543	0.642431613082988	0.911723695633401	0.860589887271702	0.752378516705291	0.156921653697465	0.607177915577034	0.881253608679728	0.796858968785177	0.703360600136996	0.553718761628613	0.805194482978994	0.710626926964219	0.921893444563914	0.282017862196398	0.771514546987924	0.871074015059316	0.748729310078155	0.446383448865004	0.665030999858909	0.304140025338358	0.694926869381593	0.836283616048486	0.823372117479529	0.834624740328013	0.857744599201634	0.631497504981595	0.683149422994545	0.823396611809765	0.846727145861001	0.844953675122382	0.879748659982313	0.708820310368039	0.869960321064074	0.77868617861181	0.651577522495595	0.776745047560273	0.424727413271128	0.885316546043942	0.863916495726331	0.402668493413189	0.787782432908563	0.69035965820838	0.849842123591217	0.912422342479409	0.694049486657498	0.686454916877341	0.588240218612928	0.917512902267178	0.810893275081682	0.734900608741481	0.699147332033533
LRP8	0.829469152623	0.82072433402462	0.91257631846927	0.789250431934664	0.880666430732718	0.92787402095197	0.9111476411693	0.916789961285444	0.889883645220472	0.663129206279918	1	0.781835747035958	0.795266801409667	0.810755014981096	0.827194844510886	0.579287994115666	0.634231612480998	0.767964889030331	0.855130924690333	0.610959734878998	0.659001040120847	0.662289499251222	0.81885189711685	0.599879557853108	0.637960680812771	0.891397514660985	0.828840555325706	0.534458719880336	0.633464430477251	0.823550663286219	0.861116239882217	0.875958719740827	0.905128047018057	0.5816188414513	0.849133094535057	0.859103293428216	0.834406454587838	0.878720281394162	0.802500230934645	0.883133294151896	0.848766478294336	0.869748464330724	0.886784092751768	0.780322405701817	0.759639156172877	0.925292492615372	0.824437719192177	0.446242657218152	0.34137861603009	0.84474867951565	0.596771508783894	0.899076814112344	0.88813329458754	0.896550502751769	0.900223771598927	0.791130603988998	0.629641226048939	0.712294494462588	0.870234219870245	0.788728998007706	0.78231102677551	0.866260980265024	0.866982451667625	0.775973382168669	0.69586996086626	0.852072015343958	0.887220983794925	0.891102721678425	0.764192439975101	0.641691616399274	0.865659125642694	0.730991839494261	0.702869247702528	0.758019107270526	0.725831114118228	0.856409032529755	0.875880828991095	0.892745102159597	0.812361824987953	0.822023501614624	0.641574422735383	0.756838083260862	0.912373736457529	0.795368323076183	0.541884127163186	0.791120493484901	0.834120204202385	0.792422188887221	0.897929942272976	0.74658362563265	0.829934409830151	0.878697286796531	0.801423816290274	0.76924933031593	0.619126378968462	0.880377759029376	0.759935306000573	0.846799474314915	0.809021823888255	0.596069699286196	0.867193035041452	0.775675750482017	0.532034913973975	0.803850070910063	0.840133365551312	0.618156650901623	0.817619065135257	0.794976111433542	0.873582717137779	0.811336274934708	0.5171030094281	0.828554152894605	0.475554116049792	0.860542524543082	0.870877500445306	0.733307550633169	0.894928512787345	0.780234205173781	0.901929280732714
SDC3	0.608551591188027	0.610450185489643	0.869318175562897	0.95563848980192	0.85761696398658	0.793263092230079	0.831251783567691	0.837953482412393	0.707772207738898	0.86193002043814	0.781835747035958	1	0.940462818857957	0.926740115618933	0.753649299336064	0.924296691843567	0.911319077863716	0.93102393340031	0.554457298942906	0.7021128603464	0.91066103271945	0.570898378634842	0.90873397333884	0.404270088250146	0.383864604576758	0.796889961041272	0.5132858434995	0.891582708299057	0.696311971264733	0.960273897940242	0.774124003553077	0.855948926734867	0.792342654826665	0.860384364921688	0.813794395369074	0.918231315636823	0.754066503966405	0.926161377939691	0.863656412877034	0.785795777739447	0.688226672544674	0.700215836234243	0.848008016875605	0.939351747468838	0.822911677722012	0.868176254623015	0.756710835643092	0.847259397210608	0.616274591409862	0.816761435329828	0.477641589402726	0.729883656716441	0.722393476838057	0.856739072031909	0.753626193418033	0.612599471681504	0.924906163278896	0.944311439762749	0.842886854448457	0.601728749201861	0.806199991910153	0.87620318997645	0.729531344889938	0.887016563796203	0.859266408752479	0.852495620133874	0.881111989197288	0.681051836532473	0.691031262633081	0.896028139502188	0.854827564458781	0.932943918385807	0.441445288310801	0.653789029576429	0.823429821717556	0.864126977321828	0.753121871025794	0.774881275183517	0.76031050120177	0.708087877175228	0.887500109891352	0.47506526090068	0.872924287085066	0.810807575651932	0.877270131602676	0.523866609005495	0.753137299170169	0.48347848276992	0.746794737867037	0.844091774740976	0.808735892086146	0.845676934766977	0.968149750309554	0.717019798449367	0.52888003401126	0.935933045384276	0.866683563858108	0.84738212350507	0.888332722491629	0.574041793462502	0.943115652780957	0.654701643250271	0.658435040838905	0.753553221291199	0.596194344955021	0.833644751008819	0.772270097482577	0.558489778323679	0.773660706522318	0.677459728638089	0.901760364484636	0.899145513287174	0.726564066122457	0.758033879225785	0.735358893210647	0.952334178076076	0.929810867533029	0.627436450710114	0.714857863437995
GPR37	0.647917665653667	0.653890151252824	0.865231796348683	0.937155171623675	0.852466486582529	0.809599612633648	0.841214299675713	0.842621872761911	0.744756837008122	0.846629275532854	0.795266801409667	0.940462818857957	1	0.89814059112404	0.785105449997783	0.842997876220878	0.873414402356835	0.907454008020009	0.609216353534746	0.719499741042204	0.866711194359746	0.622629827556656	0.884300379796079	0.466746355128615	0.441587891662046	0.802476432810291	0.571125184299491	0.822765154110643	0.721734184727908	0.932330914496723	0.785852280678045	0.86566215399255	0.802527515155898	0.839875703244676	0.801017190922825	0.890975247216293	0.751566400598454	0.901984478317604	0.86321458700983	0.807821825789526	0.723505067775046	0.732094251659524	0.875253784561956	0.90905384379825	0.77408251344279	0.877211170343984	0.785520743378197	0.750485942817904	0.59071031499255	0.826778635722905	0.519575195307812	0.737226117062826	0.725933863620898	0.876461866016356	0.77868337104884	0.623455275948106	0.869883900492676	0.895165141904587	0.84847356159433	0.64053118956583	0.837428919902924	0.893849590376451	0.752277851678819	0.883390040969107	0.806246962866096	0.849628507277621	0.878379195645093	0.725799811229076	0.680644465049459	0.837664256923963	0.879022627270446	0.896585881234902	0.449003422023723	0.655590981394986	0.802175380421478	0.86952948783392	0.746799509544001	0.769376366651422	0.77535363939108	0.732439725080538	0.866841703164255	0.538276370185372	0.890942969650874	0.8256314293181	0.781788859338578	0.588085871975231	0.783164608065358	0.545523701692649	0.789142617550623	0.807261342156044	0.841247346350708	0.872133467113906	0.914884560947525	0.726062149297591	0.585940789264425	0.910405862248726	0.845329683485955	0.844028249427024	0.856746117927288	0.611007955617803	0.92454900174858	0.698555812746163	0.664162017738961	0.783659016972435	0.621878255680739	0.824191483273302	0.799732363580244	0.629434562668615	0.803680606332708	0.71837339248057	0.812647075021032	0.88779002406808	0.67241973689153	0.775773612416891	0.764084374530099	0.909139336727749	0.910119830999926	0.674330411665775	0.751656699767946
GPR37L1	0.681744031918323	0.609820278444651	0.920825890022123	0.880065084689118	0.809180853050872	0.802869930449339	0.887245148576213	0.828263336645939	0.679936463743419	0.750383399236851	0.810755014981096	0.926740115618933	0.89814059112404	1	0.736996187327205	0.807229740903927	0.861631334710311	0.889672806438816	0.646438450041276	0.55686167242992	0.773734572998714	0.51291195925351	0.845739796070106	0.291910617824169	0.576764779001145	0.805047804902373	0.64284437778675	0.741650659060123	0.639997944274834	0.898228523366629	0.703734742631528	0.784759929047737	0.752067465860372	0.747294372229812	0.742149402785345	0.857081897631581	0.790169078640399	0.871372794892217	0.770943820735542	0.772299346325938	0.635466894689114	0.67396027293243	0.820519007690999	0.851339496080502	0.711482589672179	0.866677641112403	0.724051638992169	0.724802920155808	0.388254588721833	0.755543096795043	0.399572076905645	0.776118541997523	0.764009144153213	0.805294290938455	0.735754386722571	0.596216060095724	0.816354310352431	0.93782002335236	0.794042550500497	0.656261552580388	0.714229546227262	0.836037041270787	0.727872700647263	0.90362484649234	0.734037350180734	0.892910223054369	0.863744292913373	0.69997120403719	0.733222647480265	0.764761165332249	0.775459699195383	0.87528735811997	0.601020232710659	0.67883937406666	0.697398974566507	0.778761571852553	0.704210812685843	0.823668119043406	0.678094814912438	0.647947846768344	0.816339042730562	0.623950957427822	0.851819328625218	0.707805840711329	0.78398115492973	0.560640749467599	0.761368566559487	0.602849536928606	0.732381165504475	0.741351863559775	0.730554747942681	0.801286226286548	0.905309116568814	0.725475873995933	0.415396894414659	0.906596128672389	0.749945468830385	0.779482568186646	0.816735409791722	0.470200029549617	0.915566375880024	0.599561538242882	0.587887289292193	0.720946007631113	0.661817335747128	0.708887287576162	0.738892632228434	0.656340173891099	0.771710286293437	0.630514461137534	0.757727305505803	0.852011473133942	0.583294184578128	0.714071588326179	0.775593193150461	0.853903669682039	0.947354943528807	0.579640304033197	0.697099542362407
C1QBP	0.881573151901646	0.75036731224994	0.781152700683931	0.804704948759962	0.921798129698833	0.855602484411514	0.759350031998574	0.797727983163694	0.844390886229149	0.830864474545382	0.827194844510886	0.753649299336064	0.785105449997783	0.736996187327205	1	0.625282946864295	0.723839969074861	0.874857412723081	0.701350022616568	0.680154950750375	0.718768249508753	0.586309874478531	0.7949471116593	0.695937735667506	0.50254452572762	0.754165650407833	0.731748692305839	0.560174064901467	0.816613051689826	0.816005035949467	0.939423349545816	0.891788904147624	0.82410554838295	0.627140254078671	0.858506556246897	0.83890551083625	0.672667110873358	0.809227439945735	0.902464242427747	0.909629896990629	0.891601229903819	0.83791857451776	0.936810640054166	0.830894645736913	0.834342832923114	0.854548066113926	0.986415860080582	0.473592948010262	0.471880372884055	0.769428167608465	0.826191718484803	0.790898180068456	0.700273392376063	0.922500786805811	0.865303094471534	0.882994877948578	0.648039178425401	0.641981603979761	0.873132623469798	0.899124362958115	0.813184683005319	0.818784503905064	0.698769075591596	0.693800894922938	0.709868573230597	0.773852788931833	0.927411619752938	0.835503636972326	0.848711565860276	0.709463754626782	0.90316756553464	0.636596748310521	0.440406754394777	0.801499829709001	0.85118787069816	0.815294417185579	0.793547232390465	0.682014335608363	0.875033624063571	0.813008687660792	0.739569968088338	0.647573911601877	0.85004131548586	0.889930257938502	0.480995570108868	0.680942924262951	0.795287226949968	0.605219223064526	0.884429273422501	0.760504692284994	0.887422035399002	0.910724236772071	0.752358054868117	0.804782545524536	0.747390309436512	0.81120776529821	0.74180738699564	0.909620503018501	0.861180928031655	0.795424328288864	0.866660778045237	0.962578513508969	0.573884811095204	0.914506600443659	0.699617523842779	0.698081063511107	0.988393734117088	0.701413485241404	0.938190859395419	0.850445938950495	0.556922041432246	0.920876368540142	0.441412762025016	0.817159616202922	0.732640536384244	0.772672891584952	0.825486955785018	0.956514921324363	0.916494979059327
EDNRB	0.370267305132621	0.380609072122763	0.665084834118287	0.92512817361686	0.738981734616428	0.581348624349488	0.609138807062714	0.653603717620022	0.488286484597157	0.890308010809208	0.579287994115666	0.924296691843567	0.842997876220878	0.807229740903927	0.625282946864295	1	0.943681920828641	0.882987333708709	0.273299685233543	0.664050698510137	0.949039955024008	0.41031020653941	0.83082128873284	0.28537531816171	0.088487071183925	0.613630036194229	0.204833821857099	0.963844775879526	0.627294424830018	0.898906703073606	0.632873966536866	0.721888022974675	0.613646963086424	0.893243309580372	0.691154304577462	0.816094125657605	0.541452860591579	0.788710824552442	0.778088274681883	0.614153666024329	0.503782716803302	0.502442785368503	0.708884214327919	0.921079783426642	0.780432431215185	0.678191615241191	0.634058105865583	0.9657242472673	0.715593528146561	0.685815975748844	0.399365771057193	0.489683957397766	0.494102730474181	0.714245579393635	0.548439592616888	0.447169070718386	0.968837892737215	0.895730817003387	0.703396933510053	0.374994105561252	0.694929165700149	0.744864650143947	0.505755926190566	0.759925709104816	0.848824666377298	0.678700135883149	0.733899427365124	0.463005612013719	0.522424222744225	0.931755170381055	0.728722210365802	0.849243893539822	0.151079320714119	0.471520880585827	0.769446817768799	0.73871363551496	0.588330058410244	0.551663893043256	0.622233032972684	0.555206604741586	0.913505963181815	0.16439431064267	0.70542696917179	0.713053896531664	0.921760155933847	0.287136378786411	0.560924851585027	0.199536741913195	0.533527960985717	0.788005499794839	0.667734673551636	0.703426507308445	0.910798851373781	0.536020103732976	0.435980467830147	0.818532875847595	0.815667315002217	0.724095120715715	0.806277542722748	0.50426674955404	0.837761259254226	0.517047038012537	0.60827272468383	0.603718729626532	0.325303815443728	0.853465828514991	0.653656169065973	0.277434534731515	0.608954346180092	0.511388408290693	0.977518836387582	0.81785271023908	0.78295725860454	0.579075916644467	0.532087809263954	0.934463047921539	0.802275952362921	0.476753004730066	0.509712722504757
ADORA1	0.501738623482441	0.431427079152185	0.714769772645474	0.932100193162221	0.774047563791734	0.640001043742837	0.670871874532885	0.680520922774158	0.536322976815939	0.911406163422944	0.634231612480998	0.911319077863716	0.873414402356835	0.861631334710311	0.723839969074861	0.943681920828641	1	0.918654938104657	0.359594483550619	0.661873887397536	0.912251709752216	0.422333390329843	0.822954954126412	0.332354336181529	0.223727449158484	0.66011319305319	0.32462471069797	0.898540802456844	0.69627005592238	0.906615670645447	0.679232394333531	0.744099335816153	0.636110874050493	0.889186015208502	0.708636382682096	0.828550381098934	0.578255216799992	0.789868989246871	0.811253882324022	0.679570298446329	0.563086417380625	0.559460742497425	0.775589835446043	0.930027678867947	0.779688827762767	0.720488286108273	0.721550727442469	0.899704371960605	0.63533307361367	0.706264037454051	0.482414286585959	0.555759072180751	0.529486637873817	0.761818112401611	0.607017427208235	0.518453673331443	0.935633992087934	0.901014709412418	0.738639222180171	0.510955457060577	0.730178197314916	0.776930714291197	0.543263713076949	0.804485987939072	0.824999797731322	0.732646551165287	0.779389629192988	0.541438953729012	0.61628608725926	0.898410633233569	0.759901270370671	0.818655522779152	0.214254231115453	0.544142687436695	0.767628997997395	0.742439138480883	0.606490486959804	0.588261241334361	0.658931102459461	0.603243779173326	0.933425030811014	0.292437206225899	0.7382651880534	0.745253513197976	0.845936776518211	0.368761669871946	0.631585100229148	0.285827701958512	0.603327867482468	0.785421939062815	0.710850369863203	0.747716085869699	0.896099246555037	0.587489043116026	0.482531521054445	0.833316677582941	0.790787225085578	0.770326872862956	0.832708592108129	0.554382272097404	0.864385693250916	0.605532190560376	0.62580839417147	0.678317611691785	0.388817082700823	0.842241813839454	0.743387237427802	0.3738243554346	0.700106436936015	0.557441506435366	0.912697857148546	0.869273400812568	0.727203213490046	0.608009864692742	0.599629760459592	0.919133906825364	0.846451146300212	0.559916246242909	0.576169485050048
CD81	0.715694442053648	0.621712347865229	0.835381361016794	0.937405889811016	0.908451636001663	0.79831160481201	0.789099892161208	0.80075999211208	0.71048785453326	0.922869072703771	0.767964889030331	0.93102393340031	0.907454008020009	0.889672806438816	0.874857412723081	0.882987333708709	0.918654938104657	1	0.551085642626912	0.73840037871352	0.889488079529977	0.569580507158043	0.885079133211093	0.517487642462604	0.414081888228067	0.786141990846905	0.551926724170084	0.838934310576232	0.838081684433015	0.942777054305796	0.832088840593159	0.878151838773516	0.79002446708043	0.817146429529009	0.837339233120863	0.915684035018222	0.696622686869135	0.882462155576622	0.93337571245857	0.837856482409265	0.760335476512418	0.741342494869714	0.889073309746528	0.945966739976952	0.863234994507683	0.852375925412754	0.872657211444246	0.77338530055974	0.625083374872153	0.805739439888331	0.646340488257179	0.730691066622629	0.676200252787983	0.890968419967468	0.777767803450326	0.71113482866994	0.873799216261352	0.866114003503646	0.870597679598647	0.713076323183602	0.827417467205246	0.869103374895616	0.681043052313812	0.842061893629927	0.862064597243076	0.822989969477727	0.926794223624885	0.722110472200706	0.776877329309391	0.89943688334724	0.884012664408652	0.828414159017146	0.384520080595538	0.716821634152545	0.885287998604236	0.840127121233086	0.745355231137501	0.703471621885404	0.813758132749647	0.750027205128105	0.883848376531018	0.509628014997477	0.845913044043114	0.864704198367363	0.764351255754562	0.567805972304855	0.771682857495574	0.478993519375059	0.781203636930039	0.866429514150743	0.861370328801256	0.881623229188154	0.919864570077303	0.760556621593886	0.643845012777422	0.898150928830438	0.844603758200334	0.887469078369781	0.918336787865843	0.713612515901565	0.946239280076636	0.790120473764396	0.707127362522292	0.851981022769964	0.587267817039966	0.858774689194026	0.894759749180701	0.593678899308744	0.860004112457793	0.753984692419736	0.839494851310921	0.961203126452072	0.684819126884426	0.769345108228785	0.713403257759754	0.942854605069637	0.914612398846709	0.747888790645938	0.768644890538554
