""	NCL	CXCR4	CD2	CLEC2D	PTPRC	BTN3A2	CD69	GPR171	ITGA4	CD44	BTN3A3	SELL	CD3D	LAG3	CD3G	RPSA	DIP2A	PTPRA	ITGB1	IL2RG	SLC16A7	CD4	SIRPG	S1PR4	CCR5	CD47	TFRC	CD8A	TNFRSF14	CD8B	CCR4	PILRB	CD96	ERAP1	RACK1	JAML	TIGIT	PLSCR1	LRP10	SORL1	TRADD	FAS	CD247	IFITM1	KLRD1	ACTR2	ITGB2	CD226	KLRK1	SPN	TNFRSF25	CD74	CD46	PTPRJ	LAMP1	ITGAL	CXCR6	IGF2R	PTGER4	CD81	CD63	CD163	TSPAN5	HAVCR2	SMAP1	TNFRSF1B	KLRB1	TSPAN14	JMJD6	ATP5F1B	APLP2	CANX	LPP	C1QBP
NCL	1	0.482213310995114	0.38172272197242	0.494388109950765	0.634857858498072	0.345716526827094	0.441880327774377	0.357112463700653	0.800474930081751	0.76100283653597	0.259704052753719	0.531828227875424	0.428621109768417	-0.111126374418315	0.467257080077442	0.788689528382986	0.484142738183119	0.599016968190961	0.847798295152213	0.532247711354374	0.487069444262039	0.767286380207536	0.488692413507069	0.64136681628181	-0.0414231712822253	0.712540286271171	0.608461574512587	-0.195707745017458	0.622486679303509	-0.142448427744639	0.490586150121866	0.0908050145965717	0.315604453982208	0.470925715457546	0.894441725931772	0.647664428613426	0.547040029524945	0.62611639992339	0.748813079971725	0.565265255456281	0.542639910395495	0.515609368707973	0.48006877762319	0.295672087231456	-0.168047440792759	0.83696464185793	0.741749439523105	0.61812802398206	-0.192896953744536	0.52622456315558	0.420814875964452	0.711249853786974	0.64798064065869	0.421424514640246	0.654117336217715	0.529872350142113	0.138350849536461	0.366552226224668	0.503518804671873	0.802005086940879	0.731439616394277	0.440980032243121	0.581701971046567	0.532048133500765	0.850659767197854	0.668975478738387	0.419124695503185	0.675513458514666	0.631056214629388	0.847737288306532	0.703656588573053	0.755443263619953	0.512360484562637	0.831383802595589
CXCR4	0.482213310995114	1	0.146496110229858	0.293712563656926	0.259899569994288	0.264317884883313	0.962338143842272	0.717931653400544	0.300752742206928	0.540469967945105	0.0512175699970814	0.800329106224052	0.202835640218864	-0.393126052356811	0.263432787117845	0.507575491624482	0.156660639175468	0.0528229803447687	0.439755993610288	0.198385122166056	0.369951194387049	0.397938773171522	0.245441921949391	0.394002276326057	-0.375434320587041	0.165729414002923	0.222425055936235	-0.361011283259253	0.334684023720981	-0.275024150470462	0.481184665898166	-0.284016946528955	0.118206076547573	-0.0370842381032873	0.529310737366036	0.338331762854252	0.398894508741414	-0.125944704469838	0.425841724622101	0.359864714720635	0.498251182369148	0.259706710786933	0.442140358304024	-0.0884370104598768	-0.290370831884523	0.155254036313665	-0.0115905617890691	0.428368228884439	-0.245798505294353	0.12304217372435	0.401502291218223	-0.000677989586038699	0.172452676972513	-0.148490825395394	0.0828104104320648	0.210919431984538	0.00185638704522803	-0.129075267107031	0.886147370281032	0.0951207580709178	0.0178687319232308	-0.0521001961139992	0.460132699172832	-0.124926715216363	0.558390093025642	0.3618089416862	0.582975969146548	0.518622766237012	0.421331768434091	0.155219830239784	0.0898029451677846	0.14725622550406	0.0909805000203676	0.26516026364503
CD2	0.38172272197242	0.146496110229858	1	0.680932740588667	0.887370975345693	0.527161559516547	0.066609763083371	0.360141088291769	0.619111269489296	0.221228019854279	0.496757552313751	0.19476462752809	0.932285523611966	0.461070352370734	0.914605951275677	0.360968132581625	0.183028149881749	0.639954470091215	0.519510171689151	0.881627941554067	0.352672097770856	0.2933048803039	0.768773339446753	0.524891913386271	0.409629914914179	0.476762521314313	0.170200768059514	0.388902061273051	0.507385002415307	0.417707803781795	0.52481462761041	0.125583147279428	0.856067952290279	0.389221367811346	0.363735356331393	0.344848108343147	0.541052250872342	0.130072915029472	0.307646365517512	-0.0964560510671116	0.330493278437559	0.495643774943713	0.806579751061756	0.719013739297401	0.433386571011227	0.254448099931715	0.21959607095167	0.378306792988051	0.427152908937833	0.530276746924452	0.365468953247625	0.0649495902579951	0.596391928910728	0.230055449273062	0.110446635274885	0.496090441119787	0.731530419513922	0.366247425521167	0.224822161597483	0.144120186531088	0.0662961578036705	-0.241036554775741	0.621243431455366	0.268280099921136	0.38966018885178	0.461836118662393	0.305284314608329	0.208490795613313	0.202843440321451	0.200931595788126	-0.0271540147668394	0.0445954052040436	0.153059927260407	0.136902871190366
CLEC2D	0.494388109950765	0.293712563656926	0.680932740588667	1	0.735416220250752	0.613820991653872	0.219250754831762	0.245697355488354	0.659605685922949	0.478837765526038	0.55640720136919	0.28448206824088	0.655973922663541	0.352668289655317	0.64711059593024	0.303029973777669	0.53841225994172	0.643758382216706	0.536098263529747	0.726728261590959	0.459830763218893	0.45212592297335	0.761809290229587	0.366247786536481	0.270410835524797	0.532080128482141	0.470732094881077	0.286884189211023	0.606262412053011	0.281078259335364	0.659389555939045	0.31641096051218	0.662254065164376	0.512133061637766	0.405786936557551	0.332476685667324	0.722668460241036	0.271457660688538	0.587664465578224	0.146662319073013	0.190960855802732	0.733020845305214	0.597657615939498	0.367771281913444	0.105775813699442	0.426230248834797	0.281102431739219	0.374413878199747	0.22250975231584	0.603266344491553	0.31021544143428	0.266911842456508	0.578918044688304	0.406998680982645	0.340921182266737	0.672947896617944	0.520167217390147	0.578408023353088	0.321165487996966	0.322277522129702	0.210355016266997	0.0192077809571377	0.660439670154641	0.412951078150804	0.521904792856174	0.684092505687686	0.161212194272458	0.48144247736318	0.379871674452317	0.339867820340712	0.252918496120175	0.319687916788034	0.481011702992188	0.166414234671776
PTPRC	0.634857858498072	0.259899569994288	0.887370975345693	0.735416220250752	1	0.614919686860011	0.165562023596748	0.400471822722137	0.794969661577251	0.413669396444101	0.553396665393639	0.280035914503612	0.885566945956599	0.382528987843529	0.876317791778545	0.531009157872286	0.346781630094337	0.752869883486435	0.707619094795299	0.882957162747924	0.470668486568634	0.489139278817688	0.798057405327833	0.637963404018873	0.401667702326215	0.635562220342457	0.37402325478444	0.325151751778272	0.616006814225374	0.36715217242377	0.611209361446613	0.183470905663005	0.802736982247569	0.51068242506541	0.580332875451739	0.502352862111694	0.623988974608315	0.380174781435844	0.507272199725766	0.09536051546182	0.417414308385492	0.604566566563172	0.777678723549739	0.676163028565759	0.345454870086854	0.534654123242146	0.488798986217983	0.498390554632658	0.338837372543263	0.552599740635233	0.425450173014358	0.356526134680478	0.667232160255357	0.355781889787065	0.32185004765817	0.650580860865269	0.635404932621489	0.444799378411551	0.319509704409871	0.432219950860299	0.323713412018197	0.00795729336311566	0.671794328066711	0.466432298896033	0.570274700043611	0.631936317365417	0.314923484486456	0.36459886803901	0.39868554852974	0.487787758217074	0.258267707007299	0.315298700964225	0.279316290075149	0.412615374962827
BTN3A2	0.345716526827094	0.264317884883313	0.527161559516547	0.613820991653872	0.614919686860011	1	0.157237531639443	0.319234879465322	0.427764403532552	0.278617880468972	0.488984057365745	0.0420482559316553	0.524872201346334	0.465267059158921	0.538818490094763	0.0580814157631851	0.267034026001208	0.475525461510844	0.353085377320677	0.474912281170456	0.286279496471074	0.147353484359001	0.579453865658095	0.16383586991187	0.423178694933785	0.244691162603663	0.226455789684181	0.478400923246846	0.423209742915914	0.506458615736252	0.499955357257365	0.176092697038496	0.524310909779815	0.334809149007595	0.146551404518585	0.330368255573892	0.501396635843707	0.218558868095538	0.335997801929736	-0.100573282452601	-0.0311992378945683	0.549007027601562	0.46142143936398	0.394911957753457	0.367171143485017	0.257752212806148	0.222608072127667	0.062945694265251	0.552413130147219	0.376466511481596	-0.0304226139916345	0.142861081202406	0.279071530642521	0.142834986106783	0.105512445710174	0.632967814721572	0.459080811328268	0.327712444016524	0.228068739606602	0.204599876403715	0.100678122313787	-0.0912177026539374	0.496234693801974	0.331740320068352	0.296052504522501	0.387653993192548	-0.0813183915698156	0.173198567533927	0.394459452178307	0.167750882278608	0.0956402407256445	0.144080384733543	0.150705224938865	0.0982034869354969
CD69	0.441880327774377	0.962338143842272	0.066609763083371	0.219250754831762	0.165562023596748	0.157237531639443	1	0.696112602771858	0.217002304263085	0.537652797208461	-0.0395091270380263	0.830749712158036	0.114541686935489	-0.436700479410967	0.169653163108403	0.535577789956426	0.125972887566649	-0.0192121777087035	0.412983452624621	0.118822237481547	0.343542600070655	0.387727253860006	0.138351367983847	0.341859972426615	-0.434165976198986	0.127647722559831	0.196484883351331	-0.430884622073162	0.258903544476293	-0.347799244281547	0.381170404954144	-0.275991629436709	0.0125179588061532	-0.0706927170466427	0.53284176173658	0.280345776857123	0.300993586904286	-0.147469807702063	0.385933980250835	0.406262385152757	0.509648704762541	0.19439113490808	0.371167303945334	-0.135743004907858	-0.330673237677989	0.13090123027185	-0.0380917818068331	0.415841187611781	-0.315080792317561	0.0820985397546085	0.435167540549787	-0.0193674251301542	0.151956357691317	-0.172731415314188	0.0873043655517637	0.116477816343642	-0.0851055961872237	-0.163288469698881	0.897864690185148	0.0787034305769419	0.0328677025238336	-0.0277441776994204	0.393530752201723	-0.162083356893286	0.517809356342453	0.305637948924907	0.640403003923845	0.508005082877784	0.367794619322621	0.156900429916915	0.0814824246095911	0.157189522569343	0.0772222279842729	0.280948716823855
GPR171	0.357112463700653	0.717931653400544	0.360141088291769	0.245697355488354	0.400471822722137	0.319234879465322	0.696112602771858	1	0.266958980217816	0.252951715967225	0.136709258534384	0.607104822406183	0.364443253185453	-0.115554744177083	0.484625896369101	0.438418222323188	-0.0221668453851126	0.0935907752468579	0.404034689635167	0.307538140436387	0.397538785696867	0.199858143374785	0.216590149735366	0.464850228384258	-0.102286626503239	0.130510339101626	-0.0247440177252024	-0.0609031160601575	0.242182753757571	0.0447145198986058	0.327369072975168	-0.296689756325837	0.341040267328201	0.0551627041793804	0.403379145698959	0.316904352371921	0.17337886296753	-0.172927691174692	0.152910453641287	0.112029950497235	0.491738159674097	0.136767513017776	0.548686300419089	0.278194270115792	0.0253153630710119	0.0253567096455228	-0.0660969461886444	0.39237863208454	0.0556309824766652	0.092716637139019	0.40206146861866	-0.146005473483921	0.137267386644592	-0.298814163561137	-0.113245091287253	0.192556527022082	0.0977616442271504	-0.156174070031712	0.757841783439798	-0.0381465036666174	-0.136364321710592	-0.2623339375662	0.357972957772546	-0.153010438964345	0.361386123588682	0.189271626771999	0.630881485554692	0.25968672233627	0.415776420483152	0.0454333866414461	-0.136523146013143	-0.0918601990651699	-0.160778313478405	0.17856972941009
ITGA4	0.800474930081751	0.300752742206928	0.619111269489296	0.659605685922949	0.794969661577251	0.427764403532552	0.217002304263085	0.266958980217816	1	0.583983906068201	0.47299401231027	0.349060335652567	0.644466545789393	0.154375073578702	0.644660004366742	0.612580568259913	0.566723493581289	0.74248374748349	0.756584252365135	0.750555060492009	0.501869289789094	0.740682701170301	0.695132656871675	0.602872572730722	0.200635481969082	0.695726556417504	0.616821491457626	0.0905782015144528	0.675276303389716	0.0859233194150571	0.628726018543526	0.234351161854902	0.561380881460471	0.6088351641242	0.719252533948362	0.601639583979531	0.644475266492162	0.606009008978058	0.716987850093138	0.397224068954409	0.427109742149914	0.597979095502454	0.645837351756136	0.391154483860535	0.00717305441006866	0.775360785260376	0.689347013435324	0.548422329221602	-0.00170876671988575	0.660809340928345	0.36242532924536	0.63952352753763	0.695476269717506	0.552031339500515	0.589214747709399	0.626057010178459	0.382984754137673	0.532033428741521	0.321566777734932	0.691045180058796	0.570039895702255	0.356506739756053	0.658089278864	0.623593547266914	0.754754463363809	0.775210702148902	0.291913069494625	0.578992703541091	0.547528960841384	0.700750197619825	0.570809401574878	0.603948944959849	0.545339623999459	0.612824046723007
CD44	0.76100283653597	0.540469967945105	0.221228019854279	0.478837765526038	0.413669396444101	0.278617880468972	0.537652797208461	0.252951715967225	0.583983906068201	1	0.223652736023894	0.525513421725768	0.27189793126824	-0.212131983697287	0.288422502573612	0.607588554523917	0.58600500357994	0.491965693197524	0.730791129206937	0.385812447561547	0.29295603330046	0.723384012803976	0.36703192062541	0.430325668099033	-0.184368095210972	0.603574165018181	0.765023642155247	-0.336500853169405	0.646706060210996	-0.339604548322121	0.51658226673632	0.201929681640474	0.12275767344912	0.324775094514917	0.731029235961728	0.434949224331756	0.614996379629538	0.468735264695188	0.781218551509012	0.678489548944891	0.414501439217792	0.52603987599831	0.361106295767968	0.0384719142421993	-0.30335997908108	0.681241157266126	0.500572186280042	0.544390852553233	-0.324626409423919	0.427413216767859	0.424457061545341	0.544707486644613	0.528540198241288	0.427284650675505	0.728573709258149	0.430229837298716	0.00617289754634955	0.444933591795004	0.552117451414325	0.6344682064837	0.674738946025127	0.480432656570352	0.521921978273195	0.430069191704431	0.764884814870886	0.707858422588484	0.345193885744849	0.766489237265341	0.549497053747575	0.623386391548352	0.711516427951211	0.781989960483736	0.697805601161902	0.556987523550084
BTN3A3	0.259704052753719	0.0512175699970814	0.496757552313751	0.55640720136919	0.553396665393639	0.488984057365745	-0.0395091270380263	0.136709258534384	0.47299401231027	0.223652736023894	1	0.00898011681857012	0.450448310700241	0.413739983489618	0.466849146112143	0.0322183187451588	0.322083351349585	0.476621313893108	0.245781794584541	0.450230218325681	0.183510838523138	0.138497363920214	0.456762342546147	0.182464399658623	0.471225214953666	0.256495626885576	0.324906150901788	0.458191294250532	0.457058266192895	0.400859020862348	0.395992433165466	0.282130510514571	0.441973386351096	0.355198865292602	0.10688502666081	0.248474062212379	0.376576237792828	0.235206075106222	0.328512001965315	-0.0218641309448788	0.0223200526905887	0.413240997758122	0.451383407635202	0.265515994958473	0.26461823233281	0.245410067041175	0.205562554566627	0.117893931467825	0.388908453829868	0.359577654529064	0.0366784214888158	0.160309134969702	0.38342775006885	0.255176741294347	0.184985029801855	0.397772224174277	0.395822251650846	0.473893719040833	0.111570538892711	0.221624365864225	0.145339592152426	0.0122485114512611	0.312053457532117	0.390695407071381	0.227167900390802	0.378961437089793	-0.0547152592296057	0.179706155719905	0.296875234716427	0.146622346333539	0.132182505613511	0.17654263635744	0.256439503527847	0.0671892597494226
SELL	0.531828227875424	0.800329106224052	0.19476462752809	0.28448206824088	0.280035914503612	0.0420482559316553	0.830749712158036	0.607104822406183	0.349060335652567	0.525513421725768	0.00898011681857012	1	0.215157710457029	-0.453350781353229	0.276971694533462	0.729096779461176	0.179251139825246	0.0514011379272868	0.515681467524647	0.287329281345472	0.342180687925686	0.530122026375849	0.233357770613093	0.533603575410052	-0.512296631962071	0.332910520684206	0.239362979114797	-0.53770975346261	0.333967933064672	-0.464679293661258	0.403110047531674	-0.297073528190779	0.141249994040496	0.0607450675453497	0.694063952523174	0.264054530026428	0.353639411255382	-0.0634012237613657	0.412004460801437	0.4725612077912	0.700188089408499	0.183355395465227	0.476966429765697	0.0357215796444796	-0.369776802907394	0.216102844883223	0.0432501330494168	0.572225650886395	-0.467930723487334	0.183925450331037	0.617184091987828	0.0652221267993776	0.310898475048675	-0.0893070753090971	0.197584701482421	0.0691950934369989	-0.0501008936780212	-0.0983858435362204	0.758357633739986	0.145646208265769	0.0975921080369061	-0.00432670194516461	0.418976051088763	-0.151107404289061	0.594538078343603	0.354705170554265	0.803738616187577	0.54318409696885	0.318675867078576	0.280305306391446	0.146276111561795	0.207203246837828	0.13864126671856	0.385432949394584
CD3D	0.428621109768417	0.202835640218864	0.932285523611966	0.655973922663541	0.885566945956599	0.524872201346334	0.114541686935489	0.364443253185453	0.644466545789393	0.27189793126824	0.450448310700241	0.215157710457029	1	0.412975081048225	0.911553661760103	0.431206454133181	0.127701160817729	0.641326664855105	0.574900584457271	0.902344976605461	0.363952743288939	0.351449855619993	0.762097284957365	0.628810961833636	0.381281443072076	0.468289378766687	0.221727272971309	0.343633931245144	0.536007637899697	0.417995657990205	0.515303162947556	0.0730583463118714	0.822711493781378	0.375823562031151	0.442274182375054	0.380792353261497	0.548898275757465	0.177456721280363	0.339588446748294	-0.05329901483855	0.387764615633732	0.478946767671603	0.764581668702061	0.747992263211838	0.409819626730532	0.31295511678936	0.271814597034221	0.36559907446875	0.396141796656769	0.50031801041274	0.37839597622979	0.138595634142281	0.590289013295361	0.223210226172473	0.145923908957529	0.544456650408423	0.65368865907823	0.343585335001406	0.224854870633872	0.200017282599312	0.143071932375629	-0.191501381492127	0.649731401236234	0.296875803812396	0.468751124562031	0.511450790768013	0.308093169153529	0.214790901970068	0.223632066007447	0.294283452762393	0.0303670239967121	0.0973725036014905	0.139132625784822	0.207969211504421
LAG3	-0.111126374418315	-0.393126052356811	0.461070352370734	0.352668289655317	0.382528987843529	0.465267059158921	-0.436700479410967	-0.115554744177083	0.154375073578702	-0.212131983697287	0.413739983489618	-0.453350781353229	0.412975081048225	1	0.30902963223403	-0.318752085584437	-0.0124767671509795	0.345267562807272	-0.0231337869634506	0.335611007945387	-0.0584179927332235	-0.246863502569733	0.273598600073194	-0.126540964166675	0.69606416316714	0.00341506669822956	-0.05950308754686	0.813359709515802	-0.0387487402628122	0.753327861583393	0.0899482240321062	0.304885866484485	0.378772506704034	0.329036707211692	-0.276475922905513	-0.0623527444204707	0.0670236081849432	0.154305050504592	-0.0998242302092841	-0.3908945059617	-0.355698971388412	0.264442099716575	0.173616082942279	0.430028380985921	0.59624831630331	0.00337601102901836	0.116482096753678	-0.31261801980648	0.769224827518424	0.213096370775716	-0.316663254857282	0.0319158912971903	0.137886912803285	0.254362020459429	-0.0683105047208647	0.366339374923228	0.522685987367748	0.354885725225378	-0.264351722635038	0.0230639105906939	-0.0668661622014208	-0.163557026913541	0.110395255173532	0.450238254770686	-0.199189458841372	0.00494326433260459	-0.392275105701394	-0.240082775948214	-0.0560221249710533	-0.0549479495469683	-0.113019872319218	-0.11942451472164	-0.0616520211822469	-0.159339629697582
CD3G	0.467257080077442	0.263432787117845	0.914605951275677	0.64711059593024	0.876317791778545	0.538818490094763	0.169653163108403	0.484625896369101	0.644660004366742	0.288422502573612	0.466849146112143	0.276971694533462	0.911553661760103	0.30902963223403	1	0.455031009551519	0.185110413558204	0.623576027689646	0.58082659325688	0.87644920614502	0.438897489061758	0.370225966301748	0.770951320724453	0.616317484609866	0.31861321465364	0.504473077546499	0.205865875738527	0.280274795292666	0.544960589422617	0.342109037380427	0.563417874389041	0.0814016719075624	0.832372100862029	0.366471916175123	0.460060659197692	0.417622275505926	0.564619655521617	0.115670261992626	0.371319834252955	-0.0315737782215509	0.422522188260822	0.495051655357027	0.822534875066641	0.717244279060746	0.332462388898339	0.292291509877194	0.219118131437951	0.468563608712387	0.32033498632501	0.552213102847083	0.415044951914551	0.0759113697087997	0.57604137147092	0.156271188829807	0.138758020653407	0.560205993814997	0.590065552528907	0.299690748081159	0.310741143983758	0.173118904705284	0.103611334819129	-0.228730607140871	0.626172137657132	0.216430016747634	0.489498695106533	0.510921196646028	0.405154070381915	0.294734072343955	0.339052356482382	0.248424429833592	0.00460963801170479	0.0681193876799072	0.162563863505051	0.18677826215671
RPSA	0.788689528382986	0.507575491624482	0.360968132581625	0.303029973777669	0.531009157872286	0.0580814157631851	0.535577789956426	0.438418222323188	0.612580568259913	0.607588554523917	0.0322183187451588	0.729096779461176	0.431206454133181	-0.318752085584437	0.455031009551519	1	0.188264959813465	0.334636575894072	0.752147760168998	0.503026697866123	0.433597292620062	0.704290785374776	0.319068591825288	0.767551082220153	-0.291039534004378	0.634357416640007	0.365306070858027	-0.450299420553601	0.453198595366079	-0.347518078942472	0.285733326203487	-0.135946532084943	0.292103862773961	0.283608048800373	0.957300848379068	0.484705638629289	0.340637891719251	0.348313400152078	0.546135915182334	0.562636457176326	0.780209464842761	0.23135031660664	0.529753125211061	0.344704009095608	-0.167525670060282	0.58696959204617	0.491664653580349	0.675038531279416	-0.389939241099019	0.323583583978335	0.699298635842272	0.45188078126069	0.588567025027531	0.143866290765595	0.452856290007166	0.25439700109382	0.00383054843689751	0.0677207159912305	0.517255921956262	0.523551783161407	0.497493068049945	0.237791450018208	0.474604770551936	0.172159001885703	0.778948289250545	0.470155860909411	0.793406524465409	0.544049837177768	0.374716971614574	0.699159016062228	0.43624859512372	0.497496053151155	0.25841324137522	0.750406036424637
DIP2A	0.484142738183119	0.156660639175468	0.183028149881749	0.53841225994172	0.346781630094337	0.267034026001208	0.125972887566649	-0.0221668453851126	0.566723493581289	0.58600500357994	0.322083351349585	0.179251139825246	0.127701160817729	-0.0124767671509795	0.185110413558204	0.188264959813465	1	0.558600365926839	0.468155552770004	0.310729307197169	0.26437405877495	0.627303193666653	0.438886945597395	0.120935742327207	-0.00450180813581446	0.520993170511343	0.729487496263933	-0.0641081067859529	0.621791695107507	-0.142282801214369	0.571079456226046	0.500358061396155	0.160569879204025	0.421403043241686	0.337045093378555	0.223848459894061	0.59125458811702	0.525773302684042	0.655465511352976	0.518311341770641	0.0612045948979462	0.575182928314649	0.188928684323765	-0.0762328594610947	-0.317107873590945	0.589219232109786	0.442193556457756	0.377808126982193	-0.200869013736426	0.50028527048293	0.158902707794692	0.496976894870382	0.476281202687324	0.625440536721111	0.697638542358946	0.424009938360014	0.110965903831812	0.701758109117242	0.193642249303108	0.521186029832922	0.483706457628218	0.569114473698497	0.391948866848794	0.54057718079075	0.507888434575095	0.704183822791131	-0.00405881813304909	0.651463371639942	0.453214651783177	0.410107078418136	0.6097417787703	0.642601210242853	0.794539146919264	0.258750034122349
PTPRA	0.599016968190961	0.0528229803447687	0.639954470091215	0.643758382216706	0.752869883486435	0.475525461510844	-0.0192121777087035	0.0935907752468579	0.74248374748349	0.491965693197524	0.476621313893108	0.0514011379272868	0.641326664855105	0.345267562807272	0.623576027689646	0.334636575894072	0.558600365926839	1	0.688331556870445	0.694746354481192	0.32997169759805	0.491784629830509	0.707234203375126	0.360253803384146	0.450607880645219	0.594554031063543	0.606431506173123	0.360185794249284	0.579490572196369	0.313874474366774	0.573087343046666	0.43026667070446	0.584409463014229	0.52178135461596	0.45803432592785	0.38817228972393	0.622547785037866	0.536554028958665	0.585358729868407	0.152169578506957	0.170603663585161	0.642903100525346	0.488596480232666	0.452948684342925	0.147451338295773	0.638660202333334	0.572558971043329	0.330815375434974	0.269846869684356	0.585447625894994	0.195554825183469	0.528514380701045	0.596987178710397	0.510007838558504	0.545029345546382	0.632419741615878	0.491483907901602	0.678047610806888	0.10916531577978	0.572468229071023	0.573056874185927	0.239065135737849	0.644006033403311	0.64085909890161	0.534805337350709	0.66214942879617	0.0150237232677895	0.403576872246056	0.442609039035348	0.527831317299921	0.479080291252403	0.535825572754013	0.55268179927027	0.392794676902152
ITGB1	0.847798295152213	0.439755993610288	0.519510171689151	0.536098263529747	0.707619094795299	0.353085377320677	0.412983452624621	0.404034689635167	0.756584252365135	0.730791129206937	0.245781794584541	0.515681467524647	0.574900584457271	-0.0231337869634506	0.58082659325688	0.752147760168998	0.468155552770004	0.688331556870445	1	0.660678149569065	0.454617896203581	0.771207897654015	0.577968529879542	0.664664275334629	0.0425220204710492	0.708913457923816	0.621376844374529	-0.107131067508658	0.624187657320098	-0.0561354842529358	0.532695882052047	0.0938448459776759	0.436488615281997	0.474110109541686	0.825930480840743	0.550346655869468	0.573659969685408	0.555445219503172	0.740246235438346	0.502979683197453	0.562358951248006	0.583266112337715	0.547556053699262	0.395636482648042	-0.0752543600199998	0.759469881474267	0.625727708564281	0.639769618837373	-0.0872736154735337	0.508653867006339	0.476211689121416	0.61792135792364	0.693794805339202	0.427653289265241	0.64782981481551	0.509418027321105	0.299270327351759	0.480459363291762	0.506192751797655	0.672853513527928	0.660455548688606	0.375320941127959	0.683031040102553	0.509206555324533	0.787418219187036	0.71816902521331	0.448018438057558	0.607580834194538	0.54448692591616	0.710010707966252	0.624269370569767	0.683422925815398	0.493165304697841	0.658796109935208
IL2RG	0.532247711354374	0.198385122166056	0.881627941554067	0.726728261590959	0.882957162747924	0.474912281170456	0.118822237481547	0.307538140436387	0.750555060492009	0.385812447561547	0.450230218325681	0.287329281345472	0.902344976605461	0.335611007945387	0.87644920614502	0.503026697866123	0.310729307197169	0.694746354481192	0.660678149569065	1	0.405940644371018	0.531498052809941	0.815711956790658	0.630269797524124	0.260962111483524	0.60978992952551	0.394463782874814	0.211078981917399	0.605850591222553	0.262213692723799	0.592619383497571	0.182999557236164	0.787446113329048	0.484427381297008	0.538656403789376	0.403518825840419	0.674603716031533	0.282125402968336	0.486284392709636	0.0961268047875507	0.413035776225821	0.589876440241957	0.797924380570112	0.686373422872654	0.264385153947778	0.44686619105215	0.35778746804356	0.466594070861092	0.211562311091509	0.607144399243676	0.414492103423613	0.264356076607595	0.665684615634686	0.386757917479575	0.333383293237637	0.603447614367092	0.600897900868067	0.440049925253555	0.23496572331462	0.324966347157421	0.261784358360071	-0.0485548503892859	0.687293553178966	0.381285300177869	0.572780908544497	0.666066443860162	0.334979184315583	0.356268698720196	0.315464881019949	0.391455209150758	0.198072919868735	0.258449043183075	0.316455811079309	0.268640114380775
SLC16A7	0.487069444262039	0.369951194387049	0.352672097770856	0.459830763218893	0.470668486568634	0.286279496471074	0.343542600070655	0.397538785696867	0.501869289789094	0.29295603330046	0.183510838523138	0.342180687925686	0.363952743288939	-0.0584179927332235	0.438897489061758	0.433597292620062	0.26437405877495	0.32997169759805	0.454617896203581	0.405940644371018	1	0.359658837161189	0.412439254705456	0.481522500611155	0.0112750650859991	0.423441213840429	0.166489776018131	0.00292191865970607	0.381951834020407	0.0790636600022446	0.369763032736693	0.0310090535869807	0.421886202161716	0.451381995951896	0.466031359355003	0.422367326094511	0.336334935289204	0.0896420198137538	0.35330781746279	0.165473543899885	0.423277228594353	0.380677018376743	0.442718742579264	0.207361597374043	-0.0346599493573622	0.320686136654096	0.175553113088856	0.506496181094295	-0.0663030695747986	0.47052633103588	0.492683760212192	0.147219442078305	0.419662421479558	0.0336402676025654	0.156859169286788	0.36993672254606	0.230744864475866	0.190938629639063	0.390893111159078	0.210368130242131	0.109733593018718	-0.050885767637948	0.464673164521562	0.0716939033238471	0.419647964979673	0.358534341027297	0.405138754305773	0.380987244095142	0.356110054098246	0.313517773683571	0.116520956168481	0.189879956329057	0.221654564758175	0.299796248779762
CD4	0.767286380207536	0.397938773171522	0.2933048803039	0.45212592297335	0.489139278817688	0.147353484359001	0.387727253860006	0.199858143374785	0.740682701170301	0.723384012803976	0.138497363920214	0.530122026375849	0.351449855619993	-0.246863502569733	0.370225966301748	0.704290785374776	0.627303193666653	0.491784629830509	0.771207897654015	0.531498052809941	0.359658837161189	1	0.48988340101533	0.553334365379991	-0.218899351117527	0.68485034198226	0.73969036643577	-0.396745181894743	0.680419172350711	-0.372950901332148	0.536414437046641	0.163699110422302	0.232958292568936	0.430547733488976	0.799999167882168	0.492509913386415	0.621099310183932	0.6004629841495	0.776785239393147	0.732053736970027	0.485506942779362	0.498826725463181	0.393924689509186	0.13713783163621	-0.348587994774896	0.804759685030086	0.65709203346487	0.643052482001122	-0.413745121154432	0.501457160679584	0.465810631436945	0.694305683961742	0.644791947312292	0.578601663384442	0.755688915229814	0.421722244293119	0.0513475159947972	0.438188987908984	0.405562570635683	0.714669485487998	0.661594999837574	0.611234000017786	0.519061747644529	0.49707066800787	0.814996349605247	0.836988098821941	0.405895593448401	0.729567177292367	0.517788125615849	0.721080862471779	0.739390163709903	0.750292267867662	0.658016819097885	0.629891184563744
SIRPG	0.488692413507069	0.245441921949391	0.768773339446753	0.761809290229587	0.798057405327833	0.579453865658095	0.138351367983847	0.216590149735366	0.695132656871675	0.36703192062541	0.456762342546147	0.233357770613093	0.762097284957365	0.273598600073194	0.770951320724453	0.319068591825288	0.438886945597395	0.707234203375126	0.577968529879542	0.815711956790658	0.412439254705456	0.48988340101533	1	0.410156363834743	0.279268412512305	0.527788252675956	0.401139189084992	0.27224560913815	0.60069297477664	0.264495169486714	0.712443388310549	0.224302199256817	0.727188032630537	0.385623479470349	0.406394086556138	0.419827596262711	0.751935694945402	0.252939618333237	0.538180497022193	0.0330795743726158	0.237962931461797	0.671190846554842	0.683361084327076	0.469981417930825	0.19391782420733	0.415411163070585	0.308403478419392	0.420175536214254	0.237941250821321	0.571812222289424	0.282738049897306	0.248078620361044	0.553058304277947	0.39307872847509	0.294642058561819	0.60492459026873	0.632051226323504	0.438959903093766	0.231370052358106	0.287051886218398	0.213961562648778	-0.0350420607024794	0.727786165075256	0.364803578753917	0.498516484482193	0.652594011769993	0.14911079548809	0.369784304804893	0.362890358926996	0.314047348959355	0.202857530364149	0.251719787291749	0.392881416699398	0.173811959637249
S1PR4	0.64136681628181	0.394002276326057	0.524891913386271	0.366247786536481	0.637963404018873	0.16383586991187	0.341859972426615	0.464850228384258	0.602872572730722	0.430325668099033	0.182464399658623	0.533603575410052	0.628810961833636	-0.126540964166675	0.616317484609866	0.767551082220153	0.120935742327207	0.360253803384146	0.664664275334629	0.630269797524124	0.481522500611155	0.553334365379991	0.410156363834743	1	-0.128959639994297	0.563542551827174	0.245514838495335	-0.243742433493448	0.515322304603444	-0.0843116142758661	0.311117770548227	-0.171106066025255	0.495572038057598	0.275147664658635	0.745358720670279	0.416137410006178	0.367309217610578	0.228486075930402	0.415130054033837	0.333356294588727	0.765574076242669	0.25518054277685	0.574214793518748	0.519895163277081	0.0109120679426953	0.428995956117162	0.34575198488007	0.635009849160727	-0.183022374709076	0.334764569450941	0.631311436271508	0.287184546192953	0.544159970328509	0.0824739174163089	0.277933039140592	0.297491617153233	0.174560529435141	0.126422948917741	0.389814147944323	0.34220231961767	0.309657483255253	0.0366388649870048	0.467787636360341	0.109681134176193	0.646907958264557	0.448916783135831	0.61453041713591	0.429776588562952	0.311054912766479	0.504196913331025	0.24357522453219	0.2951907038393	0.13337150528613	0.476816690117962
CCR5	-0.0414231712822253	-0.375434320587041	0.409629914914179	0.270410835524797	0.401667702326215	0.423178694933785	-0.434165976198986	-0.102286626503239	0.200635481969082	-0.184368095210972	0.471225214953666	-0.512296631962071	0.381281443072076	0.69606416316714	0.31861321465364	-0.291039534004378	-0.00450180813581446	0.450607880645219	0.0425220204710492	0.260962111483524	0.0112750650859991	-0.218899351117527	0.279268412512305	-0.128959639994297	1	-0.010370417175571	-0.0130651657341063	0.835384058896683	0.0498910290171729	0.743297596167509	0.108255245624282	0.322910419216234	0.338888863294714	0.331385321592101	-0.220454818754929	0.0884777949208289	0.0346778496328314	0.219098463944053	-0.0447511202998224	-0.407733373231828	-0.338304428560525	0.227284056647185	0.118470983086946	0.284864587983359	0.515053351548869	0.120204665547037	0.244822454567627	-0.305755108668608	0.743750294259684	0.202461569749065	-0.33206073004167	0.128498195850597	0.132968299801366	0.264451842875295	-0.0645864775671577	0.398080026028491	0.525113277489059	0.347143695686742	-0.263967358950421	0.123698014303479	0.0470940110216751	-0.0808267983749544	0.125721722327177	0.424728438097506	-0.176385945186731	0.0433343735130004	-0.446915663994096	-0.231479712060706	0.00248669608097754	0.0457242496657173	-0.0406435688406083	-0.0510922259181138	-0.0291056647792044	-0.0439906936713973
CD47	0.712540286271171	0.165729414002923	0.476762521314313	0.532080128482141	0.635562220342457	0.244691162603663	0.127647722559831	0.130510339101626	0.695726556417504	0.603574165018181	0.256495626885576	0.332910520684206	0.468289378766687	0.00341506669822956	0.504473077546499	0.634357416640007	0.520993170511343	0.594554031063543	0.708913457923816	0.60978992952551	0.423441213840429	0.68485034198226	0.527788252675956	0.563542551827174	-0.010370417175571	1	0.578593300920201	-0.164148125076428	0.649280452636129	-0.15764870331187	0.484288032206797	0.218487213562975	0.396804094912554	0.504609853621611	0.695434898634916	0.342370452244327	0.593048395484462	0.483465901954303	0.645241410011066	0.453196366360577	0.438999390143394	0.5178897016777	0.464942849452806	0.35190517882331	-0.133003257385475	0.674005361766375	0.553116827445153	0.626408959920682	-0.197813603274948	0.509938507813263	0.515755905473103	0.542003185074633	0.709222415794239	0.420513523361134	0.629298279140516	0.482473955650175	0.225492535865289	0.485272620863645	0.191340902243268	0.596725661013253	0.579957644660029	0.321234830788005	0.512518105687919	0.443608536747048	0.683477148126129	0.640303315093717	0.341783384391004	0.526456967681399	0.368006698399562	0.641925938744867	0.553459901933047	0.606334500323526	0.542709748033919	0.534213541949484
TFRC	0.608461574512587	0.222425055936235	0.170200768059514	0.470732094881077	0.37402325478444	0.226455789684181	0.196484883351331	-0.0247440177252024	0.616821491457626	0.765023642155247	0.324906150901788	0.239362979114797	0.221727272971309	-0.05950308754686	0.205865875738527	0.365306070858027	0.729487496263933	0.606431506173123	0.621376844374529	0.394463782874814	0.166489776018131	0.73969036643577	0.401139189084992	0.245514838495335	-0.0130651657341063	0.578593300920201	1	-0.153774099679745	0.661295613165522	-0.233268688530909	0.534399401914162	0.446475170243938	0.107216014962153	0.396571027213373	0.52777638183476	0.318570940001951	0.63744168128564	0.621409435042422	0.768080265605223	0.645143511904597	0.168533689299872	0.547954336129672	0.218978476635449	-0.00122895925648958	-0.30634010388925	0.752394450561314	0.606677847133701	0.375385100610626	-0.243084817200995	0.466642601281956	0.199104744354831	0.689778927976876	0.520307641869309	0.654588408397587	0.829125927166798	0.488876416960889	0.0486240920143884	0.684392946058221	0.243114063902944	0.707031021931273	0.721759310491479	0.645838550787048	0.436201182456912	0.646937235354279	0.669043340549806	0.809871565154722	0.0463327824669377	0.663847043574693	0.510148602250161	0.614306206746959	0.793482895127826	0.827628977085836	0.80109838796872	0.466496678101528
CD8A	-0.195707745017458	-0.361011283259253	0.388902061273051	0.286884189211023	0.325151751778272	0.478400923246846	-0.430884622073162	-0.0609031160601575	0.0905782015144528	-0.336500853169405	0.458191294250532	-0.53770975346261	0.343633931245144	0.813359709515802	0.280274795292666	-0.450299420553601	-0.0641081067859529	0.360185794249284	-0.107131067508658	0.211078981917399	0.00292191865970607	-0.396745181894743	0.27224560913815	-0.243742433493448	0.835384058896683	-0.164148125076428	-0.153774099679745	1	-0.0642949370453511	0.899193003690367	0.0529351488641335	0.288640231286039	0.404648010548435	0.27897359930243	-0.400019722598051	0.0221157534264586	-0.0229534558269005	0.0688247793605329	-0.171733753639816	-0.548692980752062	-0.464121565730931	0.185334343846591	0.119359907025543	0.298574493601073	0.624029027626022	-0.0784363770163574	0.0348864083543081	-0.380459419912288	0.879060243267132	0.164480578878097	-0.426611162571954	-0.0622940516184213	0.0438553877139105	0.121908229743127	-0.215825566732278	0.327355377587903	0.557927751137189	0.289419838489875	-0.276353836561968	-0.0778864456281479	-0.160007734563199	-0.250092267252041	0.110216761181863	0.330690149793169	-0.314539186617634	-0.0816785858882942	-0.494053952306783	-0.32689172811666	-0.0581695967935268	-0.163317050901088	-0.233443306763523	-0.231171123121638	-0.123369653609117	-0.236456231429293
TNFRSF14	0.622486679303509	0.334684023720981	0.507385002415307	0.606262412053011	0.616006814225374	0.423209742915914	0.258903544476293	0.242182753757571	0.675276303389716	0.646706060210996	0.457058266192895	0.333967933064672	0.536007637899697	-0.0387487402628122	0.544960589422617	0.453198595366079	0.621791695107507	0.579490572196369	0.624187657320098	0.605850591222553	0.381951834020407	0.680419172350711	0.60069297477664	0.515322304603444	0.0498910290171729	0.649280452636129	0.661295613165522	-0.0642949370453511	1	-0.0311355837726629	0.578889818988228	0.259164652744401	0.433911289668642	0.394060226973942	0.561802246597937	0.467616307975407	0.658278037650902	0.453855031283256	0.673061299605926	0.446440422803023	0.356399791027094	0.526512713518165	0.496964356771248	0.285086603614507	-0.102574437944777	0.607992841505474	0.461096857653383	0.509743114289501	-0.0856934651213783	0.570600652065993	0.364797708838638	0.440949026191835	0.66300713970598	0.466118275714051	0.581078552211566	0.520042159076888	0.271386686269145	0.564595747925024	0.329528264454233	0.503689211125953	0.466140799765199	0.33897782931598	0.562654603135264	0.442051538530527	0.703042486017987	0.745400840710856	0.244869263504683	0.633886326272974	0.515038464652666	0.487456423627454	0.497646373303226	0.564822041912304	0.601072315825675	0.364239750386373
