""	DPP4	CD2	CD3D	CD3G	KLRD1	KLRB1	CCR5	CD8A	CD8B	KLRK1	CD247	CD69	KLRC1	ITGA4	CXCR4	KLRF1	ADGRE5	F2R	CD44	ITGB1	IGF2R	CD53	ITGAL	ITGB2	PILRB	PTGER4	PTPRC	CD226	S1PR4	RIPK1	TNFRSF14	PTGER2	ERAP1	CD9	SMAP1	EGFR	CLEC2D	CD4	CANX	TFRC	TSPAN5	SIGIRR	TSPAN14	PTPRA	HAVCR2	NCL	CD81	LPP	CD74	RPSA	PTPRZ1	SORL1	CD46	APLP2	CD63	C1QBP	ITGB8	LAMP1
DPP4	1	0.878300107359562	0.903239645821431	0.859860543506763	0.129223805214076	0.90201865697532	0.566418230710465	0.70116926223929	0.777874130743767	0.289943317316846	0.750992274917199	0.878428287533009	0.177348541921971	0.663758670905538	0.846783621914127	-0.0481227970931739	0.896070127060621	0.180254097306885	0.72673544386445	0.54790055850274	0.527105666748399	0.775588344474853	0.716730606740341	0.692299020195089	0.0424677466577757	0.947952842181588	0.865981667192745	0.887882235806341	0.921386777376052	0.184771189321304	0.839118648147655	0.899299318166749	0.772879644786616	-0.159456633165082	0.658383494906036	-0.213875437922219	0.858896338293074	0.693247139819225	0.162812084910849	0.0820279478337142	0.637399919395646	0.832159798362132	0.689522217084445	-0.0310430666904364	0.359614658499404	0.68844996950659	0.219593157237188	0.248290199158342	0.152966704486138	0.909992676255215	-0.291727951155479	0.194153361917765	0.570056975272613	-0.0458691141046564	-0.0235768176950563	0.656918301804467	-0.325284081197728	0.405001546045878
CD2	0.878300107359562	1	0.977499537400007	0.963233686968111	0.138950313565828	0.843432116671631	0.753137034692052	0.86402037620054	0.864467261513461	0.494333816902263	0.76813403228382	0.958286885134913	0.219597421823909	0.88551790674721	0.946213126631408	0.0703280434312768	0.976097407175718	0.270311871990776	0.932393025628059	0.641470878007609	0.411944632919696	0.831348996367685	0.661916035334518	0.693117959985678	-0.123923387249585	0.918657764842066	0.956769665867394	0.869707017693212	0.815532383032346	0.439988948919074	0.889314127236922	0.821494489621631	0.887263656847731	-0.240363500611836	0.63111992682068	-0.323285945008274	0.939518829625704	0.618130012683687	0.0590937633320804	-0.0542104978782789	0.533678944232585	0.850315196135174	0.507074029415723	-0.115976077480768	0.267506955670844	0.647055772075618	0.198799411971518	0.138559565484871	0.114809783791637	0.867233930836873	-0.417720720251972	0.139654941350021	0.396435868689894	-0.186008365216118	-0.117012402774994	0.667497621710437	-0.43164524165112	0.295113960499196
CD3D	0.903239645821431	0.977499537400007	1	0.989519288546994	0.113218534910058	0.830799308376213	0.747586826860255	0.895470338290529	0.886345048505212	0.463785778328459	0.754732394368443	0.927676397300694	0.193801477242813	0.856865082921511	0.929520375907092	0.0107504347404153	0.966055258792042	0.276242671097806	0.885601840845197	0.599239136518702	0.447485183509766	0.822357266105697	0.688327280646492	0.715137005910469	-0.101400449592478	0.924855182065254	0.948228888194449	0.914612760864225	0.841366288046214	0.365052154347888	0.874853993255034	0.800096064247832	0.852899022708756	-0.240278049263632	0.59508615453109	-0.315838374344175	0.907179392272928	0.627117877020233	0.0542967380331954	-0.0489238516939565	0.509887137003903	0.870880366716475	0.529973373420162	-0.100686432517711	0.299287871240165	0.647501686613246	0.204027048245995	0.138349613298763	0.128654250881954	0.865567333552304	-0.40549470660432	0.150111845088531	0.429954549765905	-0.176242362765286	-0.112802366671834	0.647225540547188	-0.422597710016984	0.31663824556668
CD3G	0.859860543506763	0.963233686968111	0.989519288546994	1	0.0329552969785287	0.782561582762101	0.741529011505974	0.917798032928748	0.87714688819241	0.438226357669745	0.682076521463259	0.89501479358325	0.124491559696423	0.850750684043159	0.891598500985131	-0.061985325802057	0.939356434273805	0.266946038521193	0.876040991432458	0.581761992031875	0.387905893240619	0.782923969887267	0.622496984716203	0.687567871572455	-0.163912808969175	0.876589480892035	0.918358138178713	0.894613469351447	0.808300370952888	0.401882281201566	0.839339389115719	0.757171688675552	0.846989254370671	-0.25264100058464	0.552733433335764	-0.312207791148776	0.882838407379166	0.60561488227828	0.0269547446652702	-0.0759084523137214	0.469277616992999	0.828746676672507	0.4689839466727	-0.110871912093677	0.256992038612377	0.606047699443943	0.199714949166031	0.117342155609279	0.119718444848711	0.833009484678835	-0.399417876674474	0.128293612114945	0.399387453511184	-0.191123980835308	-0.121018766091651	0.610968075879027	-0.413930783996402	0.281286335945368
KLRD1	0.129223805214076	0.138950313565828	0.113218534910058	0.0329552969785287	1	0.0647489351854263	0.501700440396754	0.129555345347758	0.327515719877543	0.774778429566483	0.631894957235532	0.149073228613238	0.943072885578969	0.380391191995503	0.41258766327331	0.930740669755317	0.238761381135193	0.603906052273566	0.353180929763732	0.318563807804696	0.585882220289396	0.408044840175696	0.650945904216543	0.205007504670542	0.628154474051995	0.294600068030856	0.284996072119135	0.0228427693890713	0.102543795711168	-0.0397360710875689	0.143660365568186	0.0974103282194835	0.0390619088551745	0.103250470917796	0.260056516126816	-0.17666733468756	0.0835005653279013	-0.195471162966529	0.0596722654872639	-0.0188312053959223	-0.0247342839279448	0.321343680738953	0.142040870186862	0.0665511999871397	0.419923073770429	0.325079019169687	-0.0072763062261215	0.216892776749199	0.0137680163454249	0.0077361788068777	-0.200495736333903	0.120266159577002	0.0252317257696482	-0.0568598705051574	-0.000206266631721786	0.248984809003332	-0.16826253986441	0.0311747640285685
KLRB1	0.90201865697532	0.843432116671631	0.830799308376213	0.782561582762101	0.0647489351854263	1	0.440944038671137	0.520083556250189	0.581426279236154	0.143065825277088	0.745495462141069	0.923706545050151	0.090993909314395	0.60920482550646	0.786116245185421	-0.0644555884035069	0.870095037411014	0.11341625340235	0.674575604564199	0.47632743165872	0.463142526115717	0.751707350522029	0.567114422644336	0.659322787058549	-0.136831830639407	0.886913553823631	0.807771953626538	0.851128758489674	0.806584957744498	0.137002709338347	0.904640754589146	0.906978592507205	0.700940509189899	-0.244096452610113	0.686914714202571	-0.23700563687895	0.907246334895133	0.771901378230615	0.147693348524799	0.122368160403391	0.679119995131449	0.781530596750173	0.683052382055745	-0.049219616948933	0.24528600050095	0.586098115748301	0.164352575319051	0.154387288482045	0.0887256876381887	0.927530423548669	-0.301699366835821	0.15628032475111	0.527347680609558	-0.0583794420563165	-0.0563450847567132	0.651987772448407	-0.345699513669406	0.442153657754242
CCR5	0.566418230710465	0.753137034692052	0.747586826860255	0.741529011505974	0.501700440396754	0.440944038671137	1	0.777389516493912	0.845086502102497	0.814363210918878	0.762939158739378	0.659001441556787	0.588218085530587	0.899213650040704	0.858825732856862	0.451754191269364	0.754657592550307	0.528108949534921	0.877106007026312	0.655541075889247	0.528680611439558	0.763658466282976	0.801950125876288	0.564376176870434	0.210368552964136	0.728762843220383	0.81849960826447	0.533780454319613	0.535945324925642	0.425240499870471	0.620754583910474	0.417685423307043	0.618173715573211	-0.135368429793223	0.440437095903942	-0.344122910148717	0.672673940495385	0.241567002186299	-0.000847135926433941	-0.166324927798929	0.204167456243733	0.720357789241442	0.305195892437537	-0.0508994227652145	0.390007734022332	0.582872667531508	0.160666499486519	0.164405439964927	0.145127928630132	0.495048845090381	-0.420559106347781	0.158549290807601	0.141271016942628	-0.219734170705027	-0.139404638707823	0.540219184490461	-0.40791925664082	0.146223803866003
CD8A	0.70116926223929	0.86402037620054	0.895470338290529	0.917798032928748	0.129555345347758	0.520083556250189	0.777389516493912	1	0.923963883601125	0.612524564478724	0.57541178787925	0.720410535617139	0.240712403970687	0.853520606905934	0.824627919012635	0.0745901774244154	0.819632160722952	0.337864118510245	0.851987179852273	0.584391851196132	0.313563556473122	0.687960814169381	0.596326015714608	0.597013785872356	-0.0579517776780915	0.732940927063717	0.838507409019831	0.761043718040033	0.683247179078808	0.505165311841487	0.648874181957202	0.564865918689864	0.803978930128746	-0.149598717307812	0.423683284307305	-0.29883885289117	0.703680850839609	0.387807037335586	-0.00342494643915453	-0.131542944126487	0.292857113485864	0.730482160666364	0.297517041513127	-0.0971727256281907	0.295224956579895	0.561186206217916	0.219392137566759	0.125079697005691	0.15656171058618	0.631821051580533	-0.387029259106029	0.14625309290434	0.284790399374746	-0.200135780322533	-0.105096428099589	0.519752260772402	-0.373595172043238	0.17314911529549
CD8B	0.777874130743767	0.864467261513461	0.886345048505212	0.87714688819241	0.327515719877543	0.581426279236154	0.845086502102497	0.923963883601125	1	0.678420793232569	0.738169468893561	0.731606224323425	0.38896467949107	0.831235320330794	0.891445131463404	0.209580175332498	0.85320165513971	0.420524976627194	0.86559257781948	0.628890971903567	0.528154958574842	0.801494085128745	0.780218052272838	0.634694315608584	0.0847417164105731	0.851381527978727	0.883364284895004	0.750812668314962	0.728254613286227	0.35323495471558	0.719888458771981	0.652972849963883	0.77187080714818	-0.123781458314874	0.49928324620608	-0.294631191463604	0.732811792597207	0.392312499929267	0.0481125343292845	-0.0984190609424911	0.327549538362146	0.837472458087117	0.472940853490272	-0.0508386933015229	0.452538116538917	0.682573340579876	0.224576987208994	0.221216012788178	0.180955908171633	0.669020265145476	-0.389330714750747	0.169402081801634	0.371758069123327	-0.149628295843298	-0.0712981483738233	0.60359109417922	-0.379526008500656	0.193302386229045
KLRK1	0.289943317316846	0.494333816902263	0.463785778328459	0.438226357669745	0.774778429566483	0.143065825277088	0.814363210918878	0.612524564478724	0.678420793232569	1	0.65450240429553	0.412756462243841	0.784692470369973	0.761469313868362	0.67547649449839	0.782344003164559	0.529909742343257	0.583859261343283	0.718944326333638	0.48039294895489	0.42957254550968	0.538904521241142	0.663912565580876	0.33470128222277	0.358098638791561	0.453670259472459	0.567542886590178	0.294062695548727	0.220938619240124	0.296935255355891	0.336465345438922	0.159432573699504	0.443568665181396	-0.0492259214464094	0.285288273095092	-0.328746999713933	0.342245259530706	-0.124687557675549	-0.067595079915226	-0.218305236632894	-0.0553203899327658	0.504795719660819	0.01559500871648	-0.0620495215274778	0.342025934545418	0.3842508268056	0.0225060022099516	0.111141297191332	0.00362668419504395	0.174609792488046	-0.384443784807627	0.0661957401188588	-0.0355740804419292	-0.275263773506346	-0.151444197351505	0.347799163702847	-0.348207930453018	-0.0465037760518347
CD247	0.750992274917199	0.76813403228382	0.754732394368443	0.682076521463259	0.631894957235532	0.745495462141069	0.762939158739378	0.57541178787925	0.738169468893561	0.65450240429553	1	0.792164243015798	0.641730240828714	0.760429666020853	0.89843634549491	0.536126473383966	0.82885302527036	0.50829019789469	0.787892349564141	0.588364279302414	0.747989047337383	0.863176532816218	0.899529463019463	0.657076742592637	0.296940768126913	0.879526946992229	0.85336159651967	0.687627768262062	0.675342890765366	0.133272484043894	0.789375410138676	0.688684929050647	0.581477370794668	-0.105016100209272	0.621627371112624	-0.295377311725213	0.77923728133776	0.434922753753179	0.12691476449864	0.0374748193511084	0.452994251899807	0.842381020720508	0.611022230663297	0.0142558388339027	0.462984444625135	0.670487268338001	0.13657528727124	0.254754906895722	0.0943707380803161	0.685757033628164	-0.36790153714698	0.207077349592431	0.393671548636591	-0.114000342945327	-0.0588047765757383	0.650847669289853	-0.366992739606281	0.354429474021958
CD69	0.878428287533009	0.958286885134913	0.927676397300694	0.89501479358325	0.149073228613238	0.923706545050151	0.659001441556787	0.720410535617139	0.731606224323425	0.412756462243841	0.792164243015798	1	0.200537481795661	0.837714106364981	0.920269433799061	0.0899652254412392	0.971342027748848	0.211188104014526	0.872535682215879	0.590347417792163	0.4198614027862	0.815386743789575	0.615810029154764	0.709595562185668	-0.136785469765755	0.912064517376763	0.921460654454853	0.874575972273969	0.76686883689566	0.341743014331508	0.930650987990599	0.826944021265727	0.849759205780748	-0.257884636181642	0.688631266588435	-0.320644162707736	0.952834014896154	0.685609205046877	0.0953562675413025	-0.014160512666414	0.582239686983096	0.834482852385322	0.535147952011556	-0.101696941064478	0.255420985122075	0.6131097134944	0.185830005537768	0.11861415541119	0.101621260565524	0.902133962150461	-0.400987040636494	0.156503825982117	0.40200123077214	-0.161469299875959	-0.123864346194116	0.686208340890738	-0.431142696260747	0.366236122344698
KLRC1	0.177348541921971	0.219597421823909	0.193801477242813	0.124491559696423	0.943072885578969	0.090993909314395	0.588218085530587	0.240712403970687	0.38896467949107	0.784692470369973	0.641730240828714	0.200537481795661	1	0.472454818748054	0.469579996447623	0.896096237112374	0.290881994161218	0.578749358171702	0.429443325524772	0.403335721371121	0.574171574849901	0.424193231115546	0.708601389384713	0.223809810053614	0.651873602023148	0.344652588429795	0.356110409300486	0.0420109018607999	0.2185492280254	0.125577540889657	0.171382002884912	0.114108730467729	0.0698602408263515	0.116913281269518	0.26611906576085	-0.183202305874448	0.15834731180567	-0.151416269644665	0.0562011428523111	-0.0136115489364053	0.0545308344591854	0.326630651723442	0.142189405403617	0.0516427419104295	0.393693469869873	0.363446537095035	0.0141800879272519	0.208693132229739	0.0472492275985454	0.0450728061941715	-0.215852606669153	0.141668598397976	0.0282683367607003	-0.0675822207829367	-0.0191781447309438	0.253194216889494	-0.176202370740036	0.0690676119005926
ITGA4	0.663758670905538	0.88551790674721	0.856865082921511	0.850750684043159	0.380391191995503	0.60920482550646	0.899213650040704	0.853520606905934	0.831235320330794	0.761469313868362	0.760429666020853	0.837714106364981	0.472454818748054	1	0.929899350647761	0.367702358014944	0.891635076858084	0.45854686408487	0.965535095817531	0.704635709896834	0.438858466206428	0.793448641159631	0.676897228895629	0.655636565934791	0.0538476318221341	0.780093844378211	0.89902235962771	0.707744497740385	0.586754780107061	0.548781351927067	0.757102702568308	0.550978197608002	0.809469354340481	-0.157202587455159	0.577748687666605	-0.364263334072451	0.805458463036724	0.407718002803444	0.0490370292168357	-0.121726610492321	0.348874853848595	0.774996405896103	0.308582366373173	-0.0848148048441308	0.33024000539131	0.592358050589822	0.213495808730338	0.157173701344541	0.15150613904678	0.658596475136014	-0.445516061835714	0.184818423428858	0.224137068961209	-0.212739836763114	-0.151775341882529	0.62699930173904	-0.435670972492237	0.240310222928394
CXCR4	0.846783621914127	0.946213126631408	0.929520375907092	0.891598500985131	0.41258766327331	0.786116245185421	0.858825732856862	0.824627919012635	0.891445131463404	0.67547649449839	0.89843634549491	0.920269433799061	0.469579996447623	0.929899350647761	1	0.334383105659475	0.96575094121995	0.421225580062218	0.949199087694351	0.704490723075138	0.583539946567061	0.90979390191875	0.818771845196309	0.751398886480784	0.102046189859248	0.940771527041679	0.979048560390143	0.817933747935088	0.764348588008991	0.39044077524668	0.873875663431599	0.756063215351591	0.833197383100348	-0.152427116190925	0.672125354837849	-0.345902630175265	0.89638501435237	0.551346600939125	0.108348683907862	-0.030480187534957	0.477508141303927	0.906852681650911	0.556254272955368	-0.0559134953068255	0.445082852418464	0.719698920368152	0.244424030679441	0.232147410690651	0.189800179150695	0.806916176008554	-0.434225942643312	0.244869278807314	0.392453452943659	-0.145716533173544	-0.0980242618712473	0.719807829507968	-0.442472759358265	0.342304070169382
KLRF1	-0.0481227970931739	0.0703280434312768	0.0107504347404153	-0.061985325802057	0.930740669755317	-0.0644555884035069	0.451754191269364	0.0745901774244154	0.209580175332498	0.782344003164559	0.536126473383966	0.0899652254412392	0.896096237112374	0.367702358014944	0.334383105659475	1	0.145725321069806	0.524885886494441	0.322843879783853	0.259853950295074	0.402076944527475	0.291087477527062	0.504567335809712	0.102104969595062	0.547482975464352	0.144480285914296	0.205054846202259	-0.0984198252341603	-0.0709638954319513	0.059000552978145	0.0569356287847037	-0.0757027348143152	-0.00157120596166707	0.0990465407258952	0.152486735423159	-0.189078108393569	0.0208230926062145	-0.303048317822606	-0.000419966070018758	-0.0905256771517723	-0.126271499051552	0.193605414119128	-0.0302653130114938	0.0314737176744017	0.29567699361459	0.192634444879499	-0.0492147309422373	0.105079351153989	-0.021895391974508	-0.124526631869025	-0.208468785681125	0.0857398949017518	-0.150890613283048	-0.123178725330812	-0.0515445410947488	0.160324928056435	-0.16943163092649	-0.0323151742848232
ADGRE5	0.896070127060621	0.976097407175718	0.966055258792042	0.939356434273805	0.238761381135193	0.870095037411014	0.754657592550307	0.819632160722952	0.85320165513971	0.529909742343257	0.82885302527036	0.971342027748848	0.290881994161218	0.891635076858084	0.96575094121995	0.145725321069806	1	0.323714911819864	0.91656986678633	0.643727267096973	0.506627215252395	0.862105250604362	0.705230911420114	0.738691472144289	-0.0538780421301305	0.94598551760947	0.958868884403905	0.895219376101733	0.789482973193509	0.354906579397148	0.919180902287449	0.819188236515628	0.87144970116409	-0.210740137410371	0.684608538419004	-0.316167844886514	0.930849901965028	0.632922451828218	0.106851514296772	-0.0414783898053545	0.53642359027026	0.887872479360697	0.54497727841326	-0.0707101575493905	0.348484110239043	0.682128564501354	0.219316793251933	0.178130541805153	0.136319048359409	0.884177370386933	-0.402945039847931	0.175802925130303	0.425455074893431	-0.1491618281578	-0.0962590653553026	0.708422571023606	-0.421315097042795	0.346279498962024
F2R	0.180254097306885	0.270311871990776	0.276242671097806	0.266946038521193	0.603906052273566	0.11341625340235	0.528108949534921	0.337864118510245	0.420524976627194	0.583859261343283	0.50829019789469	0.211188104014526	0.578749358171702	0.45854686408487	0.421225580062218	0.524885886494441	0.323714911819864	1	0.454513903599296	0.658909200619289	0.693406764868709	0.531152892751608	0.510662116856228	0.442253498231892	0.504659645706017	0.336003192080638	0.396162205449165	0.215256477553764	0.187219633779637	0.333403555481304	0.286191155012164	0.210582597085656	0.221105118480447	0.328240086590546	0.46206037998019	0.16995845785859	0.225767224153776	0.0960630878705093	0.445916353605819	0.217660698359039	0.307714081095824	0.446799939886524	0.288416854591565	0.455252381230174	0.483526732335021	0.563838897700376	0.378530308399883	0.608026022597746	0.239251090754921	0.196217286131344	0.133794990244895	0.299875322440411	0.393568038291345	0.328697390184322	0.358123084410903	0.512559676376928	0.172724234956021	0.378305496955068
CD44	0.72673544386445	0.932393025628059	0.885601840845197	0.876040991432458	0.353180929763732	0.674575604564199	0.877106007026312	0.851987179852273	0.86559257781948	0.718944326333638	0.787892349564141	0.872535682215879	0.429443325524772	0.965535095817531	0.949199087694351	0.322843879783853	0.91656986678633	0.454513903599296	1	0.714205154452266	0.467517817871807	0.824838224447453	0.696357555385206	0.640991401779474	0.0291140798320029	0.831775575027022	0.921588656987467	0.721849761808145	0.66440034702237	0.527982052945787	0.802569021926086	0.661757799226389	0.833509600270965	-0.180302861954207	0.602373067711673	-0.323547350727063	0.852108092968632	0.431757672360708	0.0586386046390035	-0.0876029057746756	0.417504098877842	0.805226310912357	0.381523771675376	-0.0834977902874458	0.30233663692137	0.624852279127711	0.181508815394988	0.197340882690197	0.0989798052835286	0.708255748974958	-0.417345381346247	0.141600918630746	0.313886028583842	-0.202536528395751	-0.135926976848901	0.647110246486425	-0.414092474946591	0.229067123332681
ITGB1	0.54790055850274	0.641470878007609	0.599239136518702	0.581761992031875	0.318563807804696	0.47632743165872	0.655541075889247	0.584391851196132	0.628890971903567	0.48039294895489	0.588364279302414	0.590347417792163	0.403335721371121	0.704635709896834	0.704490723075138	0.259853950295074	0.643727267096973	0.658909200619289	0.714205154452266	1	0.622439610890604	0.790316909961256	0.596780070054736	0.778168669736669	0.359843276351236	0.660158070451053	0.749925302201328	0.518122456053076	0.544615419431103	0.720351943840738	0.640428122166121	0.569539977800012	0.674330272045007	0.308334013088876	0.730062008614664	0.0194081841882035	0.651643465239811	0.59741288791381	0.557392774218542	0.389274744539413	0.647192412238937	0.681075750795854	0.62469340971583	0.346271870855027	0.651795118140633	0.814575429236395	0.680211208498854	0.70711976857179	0.587722291987764	0.612440476148473	-0.0375773553924951	0.624310816456335	0.601402297640175	0.422978141570647	0.305861257541973	0.801810746809642	-0.0156129247027613	0.644986191806382
IGF2R	0.527105666748399	0.411944632919696	0.447485183509766	0.387905893240619	0.585882220289396	0.463142526115717	0.528680611439558	0.313563556473122	0.528154958574842	0.42957254550968	0.747989047337383	0.4198614027862	0.574171574849901	0.438858466206428	0.583539946567061	0.402076944527475	0.506627215252395	0.693406764868709	0.467517817871807	0.622439610890604	1	0.697045835662029	0.776909929974825	0.597795758398803	0.573772341807607	0.65141863996636	0.570378261343713	0.465855421321131	0.471768682682597	0.0328844765212956	0.571836638685906	0.469675394933206	0.289285473877207	0.203944098478013	0.55438135997004	0.086773004727959	0.474615215246527	0.385636812653684	0.436224971887278	0.426147257157643	0.48785038313752	0.693227404134708	0.705348749624583	0.35785692634565	0.667523408714673	0.672458555482264	0.327430159622943	0.656619075730408	0.265002704920443	0.450434073295774	0.0418629244504108	0.397725795347287	0.700936904182956	0.320610633824324	0.196919723220941	0.569672191346757	0.0682310069806794	0.569806055528805
CD53	0.775588344474853	0.831348996367685	0.822357266105697	0.782923969887267	0.408044840175696	0.751707350522029	0.763658466282976	0.687960814169381	0.801494085128745	0.538904521241142	0.863176532816218	0.815386743789575	0.424193231115546	0.793448641159631	0.90979390191875	0.291087477527062	0.862105250604362	0.531152892751608	0.824838224447453	0.790316909961256	0.697045835662029	1	0.796267331043886	0.900842350691826	0.162875733831415	0.904032762323549	0.936006533295319	0.776767403889559	0.712816599247751	0.399664190071608	0.861024064092672	0.783447920394495	0.75391956004229	0.0434870139971141	0.757128985220353	-0.251303367893498	0.841784678104553	0.707725999490614	0.318657639567829	0.156774259711669	0.55542443640705	0.902106200064534	0.761015375252923	0.103409555573323	0.681656271447968	0.835285090281164	0.504905641626381	0.428129124472581	0.469627029657265	0.815789805929846	-0.325862669078731	0.51438385387343	0.528756076996455	0.144485317043992	0.114597657382732	0.848337842162493	-0.330264497245352	0.535288419717974
ITGAL	0.716730606740341	0.661916035334518	0.688327280646492	0.622496984716203	0.650945904216543	0.567114422644336	0.801950125876288	0.596326015714608	0.780218052272838	0.663912565580876	0.899529463019463	0.615810029154764	0.708601389384713	0.676897228895629	0.818771845196309	0.504567335809712	0.705230911420114	0.510662116856228	0.696357555385206	0.596780070054736	0.776909929974825	0.796267331043886	1	0.604900359474735	0.487222442018948	0.827918894153708	0.782564343843808	0.57107486424841	0.717788947514838	0.13834721643757	0.628596179434929	0.589068024568585	0.472571543541049	-0.0303588351540482	0.504641739492664	-0.243373321514531	0.626709426300661	0.338595657157952	0.132053249000192	0.075449894332473	0.375006619637902	0.765595353481692	0.604142196287698	0.032569478523966	0.55590572932968	0.681899700007547	0.174490922457098	0.323460014806099	0.181083093666677	0.560306197512209	-0.313813477050566	0.268123011269433	0.392623763502382	-0.0489800933482827	-0.0241264420667557	0.561215813039117	-0.308252819408567	0.310635859560971
ITGB2	0.692299020195089	0.693117959985678	0.715137005910469	0.687567871572455	0.205007504670542	0.659322787058549	0.564376176870434	0.597013785872356	0.634694315608584	0.33470128222277	0.657076742592637	0.709595562185668	0.223809810053614	0.655636565934791	0.751398886480784	0.102104969595062	0.738691472144289	0.442253498231892	0.640991401779474	0.778168669736669	0.597795758398803	0.900842350691826	0.604900359474735	1	0.162831306661158	0.771599848513433	0.827967790077978	0.771795008896826	0.615719410717115	0.454114699352624	0.772591310293795	0.684710337715961	0.732915543804251	0.240051782979243	0.766122393781134	-0.126527317877474	0.727855622435583	0.836902294886143	0.49524457046347	0.274012392834394	0.588686523892173	0.782070744526456	0.771951192793516	0.235890758390721	0.771456209449534	0.826922315522002	0.728990713152664	0.536547081124842	0.698855869439491	0.793892977533058	-0.168106043623455	0.740354612511089	0.589014484275873	0.375268623705876	0.267820038288742	0.866568493768373	-0.179737788158774	0.721251032130371
PILRB	0.0424677466577757	-0.123923387249585	-0.101400449592478	-0.163912808969175	0.628154474051995	-0.136831830639407	0.210368552964136	-0.0579517776780915	0.0847417164105731	0.358098638791561	0.296940768126913	-0.136785469765755	0.651873602023148	0.0538476318221341	0.102046189859248	0.547482975464352	-0.0538780421301305	0.504659645706017	0.0291140798320029	0.359843276351236	0.573772341807607	0.162875733831415	0.487222442018948	0.162831306661158	1	0.0954512457007007	0.0713337318875691	-0.118395990644973	0.094229305711596	0.075536354538271	-0.0970399019403017	-0.0477630445706068	-0.100507647586245	0.504076490492383	0.205966153842805	0.321292623781344	-0.101853175957735	-0.0916988776010437	0.457835191706847	0.352823894153425	0.229739467013605	0.0850098055661087	0.281339373811352	0.444772619960966	0.461309068344209	0.354690047777435	0.268127540201047	0.60243981187995	0.250942894491602	-0.0979778320091779	0.322997018372488	0.384684105004978	0.346376515375058	0.414564180592762	0.286068861145359	0.176108312678927	0.352854232587465	0.366782110346955
PTGER4	0.947952842181588	0.918657764842066	0.924855182065254	0.876589480892035	0.294600068030856	0.886913553823631	0.728762843220383	0.732940927063717	0.851381527978727	0.453670259472459	0.879526946992229	0.912064517376763	0.344652588429795	0.780093844378211	0.940771527041679	0.144480285914296	0.94598551760947	0.336003192080638	0.831775575027022	0.660158070451053	0.65141863996636	0.904032762323549	0.827918894153708	0.771599848513433	0.0954512457007007	1	0.948651414019141	0.865024859587244	0.868029409121601	0.246618980740366	0.9156431581343	0.868852766615636	0.775677876706239	-0.135762875238052	0.704593826694375	-0.255808539251807	0.908305794254977	0.684392741624324	0.189998548126227	0.082080422086784	0.615066760283309	0.916841627623696	0.726267024835587	0.00190760161471511	0.481171131063238	0.768270381890822	0.275212796083785	0.281471007076343	0.221245577814852	0.894525835523724	-0.341378151512316	0.263597650037684	0.542377795550379	-0.0260251445054716	-0.0141084149610434	0.741130612735923	-0.362625292089939	0.433682725490186
PTPRC	0.865981667192745	0.956769665867394	0.948228888194449	0.918358138178713	0.284996072119135	0.807771953626538	0.81849960826447	0.838507409019831	0.883364284895004	0.567542886590178	0.85336159651967	0.921460654454853	0.356110409300486	0.89902235962771	0.979048560390143	0.205054846202259	0.958868884403905	0.396162205449165	0.921588656987467	0.749925302201328	0.570378261343713	0.936006533295319	0.782564343843808	0.827967790077978	0.0713337318875691	0.948651414019141	1	0.864185372438889	0.800094072363256	0.456833538861164	0.896784660717102	0.795453793755394	0.869269223827326	-0.0868254272896495	0.701638203615752	-0.297105166483618	0.930518338697962	0.671041794932652	0.193734758277106	0.0416593818689272	0.556165735457998	0.914408800964078	0.643740592155225	-0.00187880069154993	0.491546763194844	0.768557464491465	0.366069390884097	0.294029240205878	0.310097779708865	0.861446923122589	-0.383277156876998	0.353530189306386	0.469033294058434	-0.0409131581794831	-0.0255152498372622	0.771111503248564	-0.390620212959781	0.446022168239965
CD226	0.887882235806341	0.869707017693212	0.914612760864225	0.894613469351447	0.0228427693890713	0.851128758489674	0.533780454319613	0.761043718040033	0.750812668314962	0.294062695548727	0.687627768262062	0.874575972273969	0.0420109018607999	0.707744497740385	0.817933747935088	-0.0984198252341603	0.895219376101733	0.215256477553764	0.721849761808145	0.518122456053076	0.465855421321131	0.776767403889559	0.57107486424841	0.771795008896826	-0.118395990644973	0.865024859587244	0.864185372438889	1	0.754124681168744	0.217616180181616	0.862456225486905	0.794277481612104	0.826619049455599	-0.161339513127996	0.604522587660659	-0.249576340011269	0.848843835892471	0.737080487804137	0.167657968086936	0.0447176651397617	0.542369091051553	0.84355601030206	0.618393652766778	-0.0217539687101269	0.367569332237112	0.618354610572363	0.28732466183147	0.200275901960013	0.209935997839706	0.884344240969564	-0.316872715105778	0.259865040179305	0.542669721370532	-0.0364032024888258	-0.0336208511551826	0.665129286987607	-0.336641368455208	0.44591864601399
S1PR4	0.921386777376052	0.815532383032346	0.841366288046214	0.808300370952888	0.102543795711168	0.806584957744498	0.535945324925642	0.683247179078808	0.728254613286227	0.220938619240124	0.675342890765366	0.76686883689566	0.2185492280254	0.586754780107061	0.764348588008991	-0.0709638954319513	0.789482973193509	0.187219633779637	0.66440034702237	0.544615419431103	0.471768682682597	0.712816599247751	0.717788947514838	0.615719410717115	0.094229305711596	0.868029409121601	0.800094072363256	0.754124681168744	1	0.295006544905221	0.705858894261942	0.884653027066962	0.661162920008965	-0.104564243393585	0.570873681300725	-0.178578451237145	0.775638196910789	0.637476554590611	0.133995550927126	0.0974460679362746	0.625651121578682	0.710470448966694	0.653766638715074	-0.0607324994611505	0.297472262011738	0.658001909473477	0.213360207006568	0.258281055381054	0.171538420051292	0.825529717823997	-0.261552309803195	0.20287646463434	0.525287145632417	-0.0174370226315787	0.0135067699934133	0.562503285630702	-0.283085013520087	0.355973875904186
RIPK1	0.184771189321304	0.439988948919074	0.365052154347888	0.401882281201566	-0.0397360710875689	0.137002709338347	0.425240499870471	0.505165311841487	0.35323495471558	0.296935255355891	0.133272484043894	0.341743014331508	0.125577540889657	0.548781351927067	0.39044077524668	0.059000552978145	0.354906579397148	0.333403555481304	0.527982052945787	0.720351943840738	0.0328844765212956	0.399664190071608	0.13834721643757	0.454114699352624	0.075536354538271	0.246618980740366	0.456833538861164	0.217616180181616	0.295006544905221	1	0.256804342610789	0.263905265345792	0.553942453045164	0.34907229621922	0.449065875308756	0.0553143899410443	0.399040006334733	0.363110839973633	0.370965631776408	0.112317412561822	0.394307000468527	0.240773202666006	0.146295663416407	0.192179194084003	0.243441992398609	0.479702111086538	0.583927494014035	0.385296269552598	0.503841837743794	0.342165237492903	-0.00219723710544909	0.443733984748324	0.17094995180063	0.287548326185258	0.266769937862826	0.506751496461844	0.0410182892291776	0.358970012523143
TNFRSF14	0.839118648147655	0.889314127236922	0.874853993255034	0.839339389115719	0.143660365568186	0.904640754589146	0.620754583910474	0.648874181957202	0.719888458771981	0.336465345438922	0.789375410138676	0.930650987990599	0.171382002884912	0.757102702568308	0.873875663431599	0.0569356287847037	0.919180902287449	0.286191155012164	0.802569021926086	0.640428122166121	0.571836638685906	0.861024064092672	0.628596179434929	0.772591310293795	-0.0970399019403017	0.9156431581343	0.896784660717102	0.862456225486905	0.705858894261942	0.256804342610789	1	0.806037326642532	0.766556927327014	-0.217819557201422	0.684699689594865	-0.275413609868677	0.929014078988018	0.751299315913165	0.185248912002176	0.175719465949266	0.609956291648178	0.883132253758223	0.69568261797954	-0.0132065049037489	0.42071160950081	0.654160333055464	0.275751177438974	0.24770958625266	0.214162834348049	0.874756270986484	-0.343643046479801	0.277733880506508	0.562088550226991	-0.016328159647402	-0.0746222162932826	0.729573897660872	-0.37224117615681	0.482698753560253
PTGER2	0.899299318166749	0.821494489621631	0.800096064247832	0.757171688675552	0.0974103282194835	0.906978592507205	0.417685423307043	0.564865918689864	0.652972849963883	0.159432573699504	0.688684929050647	0.826944021265727	0.114108730467729	0.550978197608002	0.756063215351591	-0.0757027348143152	0.819188236515628	0.210582597085656	0.661757799226389	0.569539977800012	0.469675394933206	0.783447920394495	0.589068024568585	0.684710337715961	-0.0477630445706068	0.868852766615636	0.795453793755394	0.794277481612104	0.884653027066962	0.263905265345792	0.806037326642532	1	0.73823364935128	-0.0683207483136732	0.719397509892439	-0.155817321367582	0.829050715575565	0.759068760204915	0.243838331495572	0.146487971708846	0.692458224426127	0.744311140650643	0.735072206511705	0.00218782172146579	0.352578607911324	0.702445123454703	0.308404289689039	0.305980951352592	0.230207157349675	0.915928306400063	-0.23163725438243	0.259975425547687	0.591256504408623	0.0858034935567151	0.102149934908792	0.701372913666731	-0.261107925395381	0.420559058472182
ERAP1	0.772879644786616	0.887263656847731	0.852899022708756	0.846989254370671	0.0390619088551745	0.700940509189899	0.618173715573211	0.803978930128746	0.77187080714818	0.443568665181396	0.581477370794668	0.849759205780748	0.0698602408263515	0.809469354340481	0.833197383100348	-0.00157120596166707	0.87144970116409	0.221105118480447	0.833509600270965	0.674330272045007	0.289285473877207	0.75391956004229	0.472571543541049	0.732915543804251	-0.100507647586245	0.775677876706239	0.869269223827326	0.826619049455599	0.661162920008965	0.553942453045164	0.766556927327014	0.73823364935128	1	-0.0165169836903285	0.675921605384856	-0.187584519422255	0.830492038421799	0.648731626081334	0.237115347778388	-0.0352102334662157	0.499485509197642	0.750613708671059	0.468212606631919	0.00529618432231993	0.358628844393907	0.666845130301893	0.416272111064817	0.27086165750985	0.319963925100679	0.826468156455938	-0.262867822805452	0.328994675315682	0.402799365056535	0.0038458457898169	0.0186643315446796	0.711582782361314	-0.275604413045331	0.377071804006414
CD9	-0.159456633165082	-0.240363500611836	-0.240278049263632	-0.25264100058464	0.103250470917796	-0.244096452610113	-0.135368429793223	-0.149598717307812	-0.123781458314874	-0.0492259214464094	-0.105016100209272	-0.257884636181642	0.116913281269518	-0.157202587455159	-0.152427116190925	0.0990465407258952	-0.210740137410371	0.328240086590546	-0.180302861954207	0.308334013088876	0.203944098478013	0.0434870139971141	-0.0303588351540482	0.240051782979243	0.504076490492383	-0.135762875238052	-0.0868254272896495	-0.161339513127996	-0.104564243393585	0.34907229621922	-0.217819557201422	-0.0683207483136732	-0.0165169836903285	1	0.392277591567449	0.66177068942749	-0.189538037170839	0.15253605789912	0.803279458490308	0.325315712400912	0.334561986119663	-0.117580446304513	0.228689279936539	0.74767646395658	0.449295014650241	0.465200114077618	0.714217145595955	0.60527067548161	0.612749153648808	0.00927574548500303	0.67550244623038	0.577585812760154	0.27862984926952	0.810472256218682	0.817994148451225	0.390036848872389	0.709914751252909	0.568719142607534
SMAP1	0.658383494906036	0.63111992682068	0.59508615453109	0.552733433335764	0.260056516126816	0.686914714202571	0.440437095903942	0.423683284307305	0.49928324620608	0.285288273095092	0.621627371112624	0.688631266588435	0.26611906576085	0.577748687666605	0.672125354837849	0.152486735423159	0.684608538419004	0.46206037998019	0.602373067711673	0.730062008614664	0.55438135997004	0.757128985220353	0.504641739492664	0.766122393781134	0.205966153842805	0.704593826694375	0.701638203615752	0.604522587660659	0.570873681300725	0.449065875308756	0.684699689594865	0.719397509892439	0.675921605384856	0.392277591567449	1	0.189755560879366	0.697266717560559	0.713972659463647	0.659681920963238	0.302428971476764	0.791720346193315	0.667079720468623	0.660309874446693	0.482745594149071	0.558195854204976	0.882877118529517	0.65266186970984	0.542913418006104	0.483148044791013	0.825170839710728	0.140332582351689	0.498358534026289	0.575751460821047	0.44492781519619	0.521000617793426	0.911948843138372	0.110583395210404	0.725826388066629
EGFR	-0.213875437922219	-0.323285945008274	-0.315838374344175	-0.312207791148776	-0.17666733468756	-0.23700563687895	-0.344122910148717	-0.29883885289117	-0.294631191463604	-0.328746999713933	-0.295377311725213	-0.320644162707736	-0.183202305874448	-0.364263334072451	-0.345902630175265	-0.189078108393569	-0.316167844886514	0.16995845785859	-0.323547350727063	0.0194081841882035	0.086773004727959	-0.251303367893498	-0.243373321514531	-0.126527317877474	0.321292623781344	-0.255808539251807	-0.297105166483618	-0.249576340011269	-0.178578451237145	0.0553143899410443	-0.275413609868677	-0.155817321367582	-0.187584519422255	0.66177068942749	0.189755560879366	1	-0.260973939796526	-0.0196835292841205	0.736957705248361	0.318714537418732	0.365352335806751	-0.250970653583346	0.0331206742521383	0.830543524192436	0.0162875780714265	0.218914804987734	0.335506295278009	0.426923059293859	0.128959284867214	-0.0841359559492215	0.981462678442629	0.108281229385578	0.273633081852729	0.691229673826741	0.731104952684374	0.0901014348006678	0.968068788691119	0.415592864211242
CLEC2D	0.858896338293074	0.939518829625704	0.907179392272928	0.882838407379166	0.0835005653279013	0.907246334895133	0.672673940495385	0.703680850839609	0.732811792597207	0.342245259530706	0.77923728133776	0.952834014896154	0.15834731180567	0.805458463036724	0.89638501435237	0.0208230926062145	0.930849901965028	0.225767224153776	0.852108092968632	0.651643465239811	0.474615215246527	0.841784678104553	0.626709426300661	0.727855622435583	-0.101853175957735	0.908305794254977	0.930518338697962	0.848843835892471	0.775638196910789	0.399040006334733	0.929014078988018	0.829050715575565	0.830492038421799	-0.189538037170839	0.697266717560559	-0.260973939796526	1	0.730350668430477	0.159490396916474	0.08717824357218	0.641049229906136	0.848506585873069	0.643533311167126	-0.0239518051545141	0.302649312436849	0.659673890243822	0.263801127483031	0.213401123331321	0.184740930119512	0.904599717218301	-0.342132414430125	0.235462787039668	0.483851269200944	-0.0853206040397221	-0.0756941136308834	0.713778680323629	-0.357593832979813	0.457663920786653
CD4	0.693247139819225	0.618130012683687	0.627117877020233	0.60561488227828	-0.195471162966529	0.771901378230615	0.241567002186299	0.387807037335586	0.392312499929267	-0.124687557675549	0.434922753753179	0.685609205046877	-0.151416269644665	0.407718002803444	0.551346600939125	-0.303048317822606	0.632922451828218	0.0960630878705093	0.431757672360708	0.59741288791381	0.385636812653684	0.707725999490614	0.338595657157952	0.836902294886143	-0.0916988776010437	0.684392741624324	0.671041794932652	0.737080487804137	0.637476554590611	0.363110839973633	0.751299315913165	0.759068760204915	0.648731626081334	0.15253605789912	0.713972659463647	-0.0196835292841205	0.730350668430477	1	0.493906055411839	0.360657896901689	0.737952077500533	0.631202717202117	0.800943857446095	0.203009365124503	0.544330323738786	0.675202029395099	0.658863059950645	0.421541675154436	0.625489142971138	0.849957821014503	-0.0576362723347667	0.632722677409408	0.640792927816835	0.427124279933411	0.253426589001118	0.759217209980056	-0.0938191366565461	0.734858337135482
