""	CD69	LAG3	CXCR6	ITGAL	SIGIRR	ITGA4	PTPRC	IL2RG	CD2	CTLA4	CD6	CD3D	CD47	IL2RA	RIPK1	ITGB2	ADRB2	CCR4	CD28	CD4	TNFRSF1B	ITGB1	CCR5	ITGA6	SELL	SPN	CD82	PTGER4	CD96	CD3G	MCAM	CD27	S1PR4	TSPAN5	F2R	CD44	CXCR3	CD8A	CD7	CXCR4	IFITM1	SORL1	SLC1A5	RPSA	C1QBP	CCR6	NOTCH1	CD226	CD46	DPP4	TIGIT	PTPRJ	ADGRE5	ICOS	CLEC2D	PDCD1	CD63	TGFBR3	TNFRSF14	TSPAN14	RACK1	TNFRSF25	SDC4	HAVCR2	JMJD6	CD247	IL6R	IGF2R	SMAD3	SIRPG	TFRC	NCR3	PTGDR	SLC16A1	CD5	SMAP1	LRP10	NOTCH2	SLC16A7	TRADD	TNFRSF1A	ADCY7	CRTAM	LPP	PTGER2	KLRD1	CD8B	RYK	CAP1	CD81	ACTR2	FAS	PILRB	HLA.DPB1	VSIR	STX4	CD74	PTPRA	CANX	IFNAR1	ERAP1	ATP5F1B	KLRB1	LAMP1	MCFD2	APLP2	NCL
CD69	1	0.302371203782394	0.480995959245297	0.49079668968593	0.705578670371389	0.553904524001471	0.601684981809849	0.569628074500505	0.60293812472187	0.550387334996975	0.685434619441675	0.703473053754058	0.751763572437517	0.501391537615415	0.485006198769292	0.462429284971977	0.0798562381433607	0.71332026323561	0.663519186671825	0.642973651211125	0.567976190902365	0.780607133536047	-0.298890423834618	0.584749078924519	0.812141842717537	0.592700120123402	0.541324241353604	0.853501746127056	0.566547049970067	0.831437526188496	0.623626675304035	0.416960716164235	0.802228336913568	0.477368612815617	-0.310273321865645	0.699587889489585	0.433870329630037	-0.376249089997093	0.595375670991143	0.887241016576234	0.788761408613523	0.800943709191369	0.56732468257792	0.920826900357612	0.759748624234631	0.753371641413057	0.28847312934616	0.563167724443945	0.706706561366571	0.722974462189892	0.506421337909009	0.423012780650867	0.486015572928228	0.761982083816795	0.7427875776659	0.503096224761685	0.255381900355254	0.00609222346665464	0.799650931119426	0.713444521526268	0.876606235609143	0.847182045779887	0.45719450674491	0.318455303383842	0.535864342241014	0.65629048743957	0.68106951944043	0.205641601778019	0.685294260016744	0.610571949096877	0.539357552521452	0.716442960081262	-0.489599008266073	0.540920631718829	0.755486360870663	0.753090856856005	0.727125818070466	0.458404825580043	0.532265092711432	0.831654935261647	0.22556627735946	0.461112301005923	-0.227459028262709	0.434606273540439	0.778453394044609	0.055647470726295	-0.224667631627737	0.401158027450032	0.602895004127928	0.205959850327568	0.648111010977146	0.624172902732138	-0.402588373752917	0.223145284368439	0.850662975792643	0.567755376203564	0.311593129560347	0.652887918527928	0.545572473868174	0.587591531403786	0.216304361498012	0.643986579521478	0.738861604762842	0.572579944458418	0.521143198100642	0.137732260483143	0.70659922289445
LAG3	0.302371203782394	1	0.900271210980796	0.625961029548905	0.742868704834828	0.632096770383871	0.698643289838868	0.892917631859654	0.85722893080407	0.855727323208925	0.766969872375608	0.800226845736429	0.412646145978966	0.850351534192249	0.411794101288479	0.857962635965892	-0.120805866433023	0.316279689594759	0.756779892550281	0.737963325137457	0.679768957832102	0.424946673257261	0.38606779405198	-0.176385861435037	-0.0850067677790891	0.794330264000249	0.852320062974186	0.405296339390197	0.822461481131526	0.646578234393841	0.626102066672402	0.352558429165181	0.674817487392037	0.748649908448442	0.177532791634367	0.519104998047088	0.82955419988788	-0.0900851715178054	0.865963982108181	0.155933932119255	0.229288905118159	0.236069754571486	0.692747551988264	0.267547887198782	0.347920826485863	0.337293465868357	0.611605104513293	0.786337387380839	0.567411801112248	0.445070087712724	0.515852916501541	0.695154192617041	0.81899758592711	0.561724559930803	0.447673363005724	0.848489633215127	0.352939961743664	-0.057021699104303	0.55388247700769	0.605635358489395	0.277350868988662	0.566437507962098	0.774594359154756	0.877387400152464	0.593113911058637	0.843316800986459	0.507772132131547	0.373560433880163	0.278534527747134	0.783775757361067	0.776750601644931	0.646562002721725	-0.208181802795053	0.574840665661427	0.542638424363569	0.566311793568628	0.574783455412941	0.641439821478195	0.450135209989018	0.628416413066663	0.407128351153483	0.333332241377003	-0.0716383492143463	0.429642017137177	-0.0532361560022235	0.532652133439513	-0.211647064874648	0.0987434000475074	0.769067838531487	0.303951391125024	0.629041990367812	0.584959785073251	-0.277662836639956	0.152892862507415	0.276757671403802	0.475071278367275	0.269784555456454	0.374022633877874	0.516077236971113	0.470299248369366	0.38249974175354	0.581107442501621	0.58626832968252	0.622737505956132	0.536709779583487	0.124051095788459	0.479683645325812
CXCR6	0.480995959245297	0.900271210980796	1	0.677839623830263	0.859087024507111	0.763232322519612	0.74065501628924	0.963699266083652	0.944547359200151	0.947353927814448	0.920426093840208	0.901544881494276	0.502868668552363	0.878993557770731	0.443765583980419	0.867557743343742	-0.17749185783062	0.44754969289046	0.844314999509392	0.826023764484948	0.748969904166023	0.562412748092934	0.262153634743219	-0.0762052776351004	0.0280107095211413	0.877844060593622	0.929592814807997	0.509690304839304	0.921877973749103	0.784351278387618	0.827462736189009	0.352307507680266	0.767954941649647	0.797977781276285	-0.0177854666298984	0.597001478990035	0.919632411222612	-0.285698564477926	0.944405328648583	0.284014053984147	0.323331065420985	0.336749309081056	0.805526543278063	0.438612311376964	0.467704162594864	0.479223575649662	0.572321821669923	0.908852037019999	0.688334497608043	0.583840708062226	0.560704906865586	0.708220401473387	0.86980357108366	0.716124022796836	0.514403599602579	0.938860590152769	0.381855278046867	-0.0650411321079677	0.62494652284055	0.696081761653662	0.428920613379018	0.7619674156496	0.810256369859825	0.864986382690865	0.579712821703831	0.93377570246328	0.615049553979401	0.360420432434026	0.392944900011676	0.931646814580829	0.844643599474883	0.785704553610359	-0.337529287030782	0.61731599007437	0.7494619120195	0.708632250552209	0.693426241247403	0.696726974771636	0.514202518699653	0.783902326578201	0.470703195161278	0.447774304390634	-0.228472452401983	0.497921481408509	0.0746728963732164	0.500992967878759	-0.358249856359249	0.157756730225045	0.854794896702318	0.253631274424767	0.733914088715775	0.62770154183435	-0.402709891327031	0.147610473493299	0.449490271778755	0.535513148109557	0.274560107611071	0.47903452306728	0.585534909004986	0.560314117603618	0.295559336159598	0.663272130439533	0.799015348091977	0.695379134978997	0.593347152099824	0.130535077996773	0.558188324575192
ITGAL	0.49079668968593	0.625961029548905	0.677839623830263	1	0.71405769384099	0.793824933947155	0.890521226934757	0.716364804736207	0.805726186756371	0.641867693892463	0.632845723162777	0.802757485841832	0.579810658346967	0.691756746556727	0.616259821429812	0.750907402680526	0.269727966484964	0.567349932105925	0.716589121460939	0.645448537468628	0.699264195881436	0.554535538007296	0.399232575364375	0.0533190206382736	0.197417057918857	0.613585754735757	0.646854587019846	0.472919442305239	0.684774858271254	0.820106453931926	0.499816218166737	0.681895894520959	0.69718858302642	0.600440818835485	0.279414235404168	0.719175208036027	0.736689388149964	0.156036071639144	0.744244478418317	0.438030013102045	0.448381955077701	0.396381586644123	0.702152208563097	0.472229733918868	0.597343661718681	0.521033430411796	0.52061163075748	0.600514135120687	0.639579684690591	0.302258928000907	0.637262322089836	0.727810344043261	0.77312891703224	0.642166557805493	0.759828170436256	0.659660197993736	0.338885012940343	0.0158843493357105	0.662380898323638	0.639341138783348	0.484402246780894	0.571800024611683	0.604014229430535	0.643384270993382	0.779699545154425	0.793763029850531	0.511504044588677	0.506470479847928	0.370564990123597	0.722927015124796	0.686336339062708	0.59471585571773	-0.0763248992910509	0.616059162049032	0.696397491739727	0.571346883882554	0.637795050635608	0.628406534146299	0.755185781693351	0.576730355848388	0.371618416127059	0.527899329161208	0.229166979696643	0.515174693817176	0.149678236978876	0.513568519676474	0.182538097261099	0.235776659892048	0.769987545748767	0.401607571441896	0.734502053302127	0.638073932452652	0.0900003808223781	0.289860249231662	0.433073160314983	0.621361794134642	0.387376772661514	0.59744634015179	0.55496786452167	0.600388220487162	0.41892644948406	0.628939143934064	0.443382678317968	0.645836743605908	0.474557371582976	0.194784350090744	0.6870715944636
SIGIRR	0.705578670371389	0.742868704834828	0.859087024507111	0.71405769384099	1	0.748328994923415	0.823775844328601	0.919478305240497	0.923660014282971	0.83272283942487	0.895961767732191	0.946493111269693	0.702397093477416	0.787538588751872	0.586340368574769	0.85520287202147	0.0207625154185339	0.545092924681461	0.852088539235929	0.813319019700431	0.732272415205601	0.717037184158788	0.212863653216122	0.194729102341734	0.30662898763962	0.845076580593604	0.865046877470107	0.752494453646262	0.917020111575047	0.897493677174848	0.780682596388694	0.484741767863771	0.883906663897789	0.78320009322995	0.052199087355715	0.720965764849148	0.842684159072098	-0.176514032664405	0.877377592429503	0.580759693368307	0.645621442713303	0.547518636007257	0.812409887488924	0.706906217409348	0.705595835789051	0.598589407789789	0.519281612665298	0.857222490312622	0.783899085618157	0.700975469680353	0.57141374765917	0.685530962254871	0.836415819702375	0.753147879295924	0.705618943372092	0.841826058357597	0.435354201976163	-0.011831918367225	0.771674577986655	0.765265590854397	0.695125990859243	0.813536087172695	0.780944607574718	0.743835578961414	0.689670323283039	0.920926785221946	0.649522489468879	0.356946837450682	0.543242534247008	0.850056724962561	0.773803026556447	0.836170433437808	-0.385827075607814	0.651615512422123	0.833604692683952	0.812669541921672	0.775428180861459	0.645924590409853	0.597772696633494	0.862654503695812	0.4936177414241	0.618838351433612	-0.140648511652539	0.546136419679328	0.39541822335669	0.473545606503714	-0.156252633438604	0.309595818031672	0.868322821232176	0.400934357604982	0.810004876350813	0.66270188671906	-0.346289179425129	0.290126607997503	0.665027363089958	0.645406796567024	0.396961874042401	0.68482988917216	0.686945464669588	0.647300030756791	0.390155521649372	0.780447216842021	0.820168927281516	0.71944134326747	0.647430948101649	0.180653081038217	0.732062737965249
ITGA4	0.553904524001471	0.632096770383871	0.763232322519612	0.793824933947155	0.748328994923415	1	0.887749508171151	0.76689106139821	0.847960572487169	0.809863798578858	0.725827365532383	0.801011104972175	0.670462394550713	0.80413832783417	0.655367239492871	0.717088017132207	-0.0344600952831554	0.719077607832409	0.838805513805385	0.80998488974458	0.856423777407068	0.701602407829223	0.269303708453461	0.206319174445053	0.322447828683973	0.711889727501618	0.764846039934041	0.533961201255241	0.712579461667078	0.842416313837454	0.64812167790569	0.587780918819756	0.776762439180329	0.646497075211666	-0.00574652972130985	0.801753723480998	0.751586523816195	-0.224174635852741	0.827907324437876	0.389985004376163	0.37627400758989	0.538234050753343	0.785152674699653	0.56540876857937	0.664211077090886	0.708084929270646	0.549265407320408	0.704634776018404	0.77660030202184	0.479364500565998	0.785506113395802	0.829720630464534	0.779115039093737	0.815302574863021	0.780085814631834	0.685568692556924	0.408637254187724	0.0549674097138228	0.749945820371173	0.800830173704366	0.580423333424674	0.729266013862884	0.724812121032626	0.667585186255467	0.656312127655054	0.824347314852798	0.740909255093365	0.542287327984288	0.512191090290504	0.82219983540836	0.811042576673204	0.626782510028337	-0.170000606627115	0.748847158597072	0.761898347856642	0.691924127703319	0.782397657931863	0.729712482451857	0.770353885029721	0.701767521928016	0.478809054378249	0.620422282405985	-0.0299717164294549	0.686246143197206	0.286549115900601	0.24568722544384	-0.215054003220556	0.335594373186499	0.820380174806283	0.324161602603649	0.825857828184272	0.781385720741506	-0.106802078579107	0.347202963868152	0.598494130621829	0.628531820362103	0.454082501522503	0.717514759563792	0.657307130140839	0.678192726167255	0.501532561276719	0.696286507698371	0.587629256252843	0.764647031406627	0.684021038756083	0.282133477728801	0.772292799257134
PTPRC	0.601684981809849	0.698643289838868	0.74065501628924	0.890521226934757	0.823775844328601	0.887749508171151	1	0.799663684413323	0.882710858557819	0.76040459303297	0.714287660394377	0.875543655364871	0.735289784636398	0.79868360488826	0.765306232593735	0.813690913946473	0.151837800187127	0.697811298048531	0.849958470914474	0.794781783551194	0.846988739094437	0.707345990784563	0.359524448472236	0.224872672752148	0.335176302441678	0.747816861164512	0.757055428511103	0.654242287308161	0.757470187038219	0.888594562993797	0.584070463575109	0.721096410680008	0.843292875848693	0.70552648862901	0.216676559797833	0.863952187237091	0.740781811228688	0.0281865321745892	0.828397657572313	0.523204833756258	0.525048643371889	0.575234544166732	0.797536945433514	0.611128049274943	0.73873370267604	0.687889730819928	0.629438060394043	0.69212861353289	0.772385656664906	0.47072219933691	0.781789560583721	0.841029392643851	0.831551314942339	0.776431511477686	0.869385470173411	0.691678382332802	0.420100033864351	0.0433064556091891	0.824650217212773	0.832849989943176	0.632536506455506	0.693375286072999	0.749160277686439	0.692846950204014	0.840225298903682	0.852738283955325	0.694475171269369	0.561475813098614	0.505085536704289	0.762031614845545	0.806387314652611	0.659841441271019	-0.146595100057687	0.759122833233664	0.751914737027131	0.699934190661223	0.779392778649391	0.725838990639935	0.819175914852958	0.696107251178997	0.464823744821735	0.6306901058102	0.131225144751244	0.648694951274676	0.290538755227865	0.379459603109643	0.0290500973270126	0.360911277198595	0.861389251644	0.456388931239966	0.857492496836127	0.799846601121278	-0.031797462508258	0.422523481772246	0.608814856034294	0.697914853778369	0.526856374975663	0.758356158253616	0.702246610303642	0.696336704085719	0.614334737703775	0.753375272215392	0.538065487455918	0.768714614054932	0.666467437765705	0.272441599736245	0.839086224408984
IL2RG	0.569628074500505	0.892917631859654	0.963699266083652	0.716364804736207	0.919478305240497	0.76689106139821	0.799663684413323	1	0.967489004397711	0.93601730252538	0.934238561906441	0.927148716527857	0.621100451115016	0.917973868853734	0.545064166343336	0.94027064286421	-0.107500660554462	0.515029988304887	0.911793674132716	0.893150211748687	0.786464522030768	0.674398371089943	0.224112262808553	0.0426006679273709	0.151783104204582	0.930317716984473	0.96544391816454	0.621848026644008	0.92965954049548	0.83303130143052	0.815654900193686	0.388940864668766	0.839402687454902	0.831026212488672	-0.00395784211920159	0.697669359731588	0.929888343541478	-0.282038357704579	0.961897948089458	0.369043600943813	0.415889601625682	0.464605654393399	0.867166134617112	0.570315683635144	0.615943993313689	0.564111898877087	0.611706228410512	0.948156818234664	0.783628481997749	0.643379002360814	0.564102870821942	0.770121714348714	0.936149288021694	0.728414889781758	0.595442774101098	0.916461468976253	0.474685717487448	-0.00872996693186472	0.710846321143833	0.77924894227955	0.562983194823197	0.806701725271083	0.87917444367984	0.894395855348119	0.659724126995848	0.959534827325779	0.666673780098204	0.398307627689243	0.486684922647046	0.924522842318936	0.879977964076609	0.824689597471158	-0.341140018344476	0.690735084973322	0.784093557702624	0.791364815953545	0.778145254560902	0.760528177128341	0.56797666165759	0.860256995299725	0.54327917969536	0.557648532805106	-0.234631453935952	0.569802628842602	0.178788746167705	0.48703751020568	-0.321644406136218	0.276816082038236	0.924975637733021	0.369407677718195	0.827382762415022	0.68379197641161	-0.384210306449038	0.286128025200486	0.531534943113969	0.66610972055074	0.414094407073645	0.572321507872749	0.701403998578177	0.669933496817646	0.36732978786956	0.772295124466198	0.819862694670464	0.773576688846314	0.684163421774666	0.210953947257357	0.681546134329135
CD2	0.60293812472187	0.85722893080407	0.944547359200151	0.805726186756371	0.923660014282971	0.847960572487169	0.882710858557819	0.967489004397711	1	0.927424539506811	0.897978151296039	0.96184761753133	0.661105258872795	0.916765500408193	0.588878563364073	0.914565902137234	-0.0579556534125043	0.608809853931089	0.931960230699111	0.889938534887395	0.855814551596159	0.687557190085135	0.289378555256214	0.0814463543450307	0.211327517032217	0.882444982852258	0.92919682911795	0.623325290272302	0.913760927049969	0.895453665883074	0.766448736655168	0.549893777170658	0.871386046085264	0.809621009055626	0.0298304491454143	0.761727786727902	0.930268670386623	-0.192448205962633	0.97154963317884	0.436662913530682	0.471571184354661	0.464587768372631	0.87655577594946	0.58806122029906	0.648181971537051	0.627212000340875	0.653970415262103	0.891092026393141	0.79002474394266	0.591934302992134	0.697529778012739	0.806631956730161	0.923391055779808	0.80735833577655	0.70061758003731	0.883188173161984	0.428095687815186	-0.030306977646449	0.772216300956558	0.797202868436386	0.588067656176975	0.799129047628043	0.859294744319448	0.827357763459588	0.716317399792341	0.963061794173	0.693398580992513	0.432695469882738	0.459993498918638	0.937784284078813	0.879719853805178	0.815222334934593	-0.319571860976224	0.736908609870696	0.823329674760826	0.766443680544883	0.798027335228972	0.749337393083572	0.657051009592691	0.836223150090616	0.521252910982144	0.585273633745289	-0.12769522416931	0.599047092057954	0.196398207266061	0.46050531265496	-0.227469294975113	0.271523179692542	0.929616325247601	0.355314067803359	0.850879744160468	0.765176931318582	-0.287066390232045	0.291569497497246	0.572495605452621	0.674884859811425	0.419510093405241	0.64348800358167	0.68279057499348	0.671835190556603	0.425466456994167	0.769388152766414	0.76462749135034	0.77417636938561	0.665977488350917	0.195873338786665	0.724590613793858
CTLA4	0.550387334996975	0.855727323208925	0.947353927814448	0.641867693892463	0.83272283942487	0.809863798578858	0.76040459303297	0.93601730252538	0.927424539506811	1	0.875925986018082	0.870066067393713	0.610993853016726	0.939429403027454	0.508553355828115	0.839178414195096	-0.203096659671217	0.61938214579178	0.917370756831424	0.916121829643146	0.86896001265277	0.67162491787584	0.18221128988096	0.0872384086730316	0.193990369847577	0.886663715364014	0.936701648127977	0.534924714219964	0.858849652921133	0.798127026947711	0.822115447717784	0.423367592275571	0.831257092110034	0.779017009942825	-0.149680263038456	0.716038112513004	0.86201171881212	-0.430868938778814	0.963781751438071	0.322880250178269	0.308548227584598	0.477927840806566	0.865804866306075	0.538127082722469	0.583193775401526	0.652154675438151	0.612822174069233	0.8894960836724	0.777006988064304	0.617915760233503	0.703400588370328	0.798978077190966	0.858278827389835	0.818113484608787	0.600593673936103	0.851548165155878	0.446326456094766	-0.00684185414250444	0.709555322903279	0.790974806014846	0.542260745891077	0.82167078923446	0.860347531573222	0.847957423696335	0.552847223211914	0.917260783589232	0.7888677901828	0.427355121126366	0.474149679914504	0.936746103835922	0.906404298139991	0.787944678114213	-0.343954395028754	0.741998343662087	0.779264132551788	0.763518137395393	0.806345025326318	0.780234543330715	0.549751227218763	0.834111146583922	0.51633673351219	0.530384431597522	-0.314963436281312	0.613153122157688	0.155690478645467	0.303884211979979	-0.476101804325527	0.291236876395544	0.893355079765176	0.273978671229746	0.819031141507933	0.778150216867166	-0.405504853397272	0.279856927004114	0.573287915999155	0.625781034166935	0.412968194065982	0.600765821116974	0.677157156750873	0.663855788939732	0.367935142830788	0.732372735490767	0.769007366830476	0.778857743659999	0.713684949963848	0.229507684583907	0.668206360611687
CD6	0.685434619441675	0.766969872375608	0.920426093840208	0.632845723162777	0.895961767732191	0.725827365532383	0.714287660394377	0.934238561906441	0.897978151296039	0.875925986018082	1	0.909725562320698	0.569539277933952	0.797378137116591	0.465870833658459	0.823928880043881	-0.145125463005273	0.495499642640083	0.828358049846692	0.81886553960525	0.6795539198202	0.684407721271184	0.0416537975348831	0.0935767976579249	0.256078740192776	0.899617931490625	0.901907457378964	0.694635875912551	0.902261487746452	0.846381172036972	0.875388093353562	0.287484278614099	0.825811272609159	0.768298229577922	-0.135367461385181	0.63077952653931	0.851950070627339	-0.385024133064078	0.889111154636371	0.474015193325157	0.490778862967456	0.496039313719139	0.770811151146403	0.6368350456879	0.582229406683439	0.545242658721651	0.493913246980321	0.927572559262865	0.739803063589687	0.719195402080234	0.463083395259875	0.626141848103581	0.829698201857712	0.729743972695352	0.568960559309822	0.930360007955635	0.376661785177504	-0.0514396830634066	0.674946324578424	0.735519172155453	0.602040449193884	0.870694245998585	0.776558465655057	0.778467189357663	0.584893119444226	0.913977833910659	0.629786662045847	0.315122314241887	0.535202012870546	0.884890285305546	0.8025035086101	0.849385075291957	-0.443236357635997	0.583710833724031	0.784651601704369	0.819397701637883	0.733509684885235	0.644038483586378	0.546525485942384	0.879437873824857	0.415002058646977	0.481122521112024	-0.308582191974425	0.471017515978695	0.325386686973074	0.454684945699654	-0.37412993647188	0.23062017842337	0.828383947227752	0.248706162500937	0.742803883023735	0.590911146668448	-0.504367684968185	0.153367644162941	0.590825846147418	0.588824244669871	0.272340915369456	0.511713483892899	0.614853491629259	0.589755737365829	0.233049163514182	0.705290286141547	0.915254246352873	0.703901671233858	0.617923166279712	0.123663498334166	0.621163613220402
CD3D	0.703473053754058	0.800226845736429	0.901544881494276	0.802757485841832	0.946493111269693	0.801011104972175	0.875543655364871	0.927148716527857	0.96184761753133	0.870066067393713	0.909725562320698	1	0.669974434354489	0.82170046132372	0.59765041283438	0.849413022431464	0.0522979744016772	0.586119070354148	0.870616807295601	0.817523829162156	0.786697503518588	0.693634751064325	0.217233170792275	0.141837479305824	0.299350842654727	0.845105151967441	0.859312408539489	0.708018050307116	0.912119905197954	0.944207356699856	0.782656191233627	0.599295967479907	0.88655066965337	0.789047844633872	0.0750273128475203	0.744305540025253	0.858284411405514	-0.125410131394844	0.920206667539008	0.594673606949207	0.628921613147234	0.516428115730108	0.814131691496212	0.659086543538586	0.665240950950813	0.608146306915312	0.568672887045745	0.829827808698748	0.760780368238958	0.643039057903721	0.678004010602426	0.715101210852429	0.840191233672631	0.813572033678413	0.748792125504866	0.885442632853476	0.37755398231327	-0.0465955011008565	0.795040256540951	0.782816571528333	0.653278625201415	0.819291201986991	0.767863987701744	0.740236610111394	0.740487365313512	0.951302594804664	0.664422127131181	0.395236292966362	0.493824866036253	0.88321130830011	0.806521032818439	0.851793904278566	-0.377609507481367	0.684798536994002	0.832399794002483	0.778592072633147	0.773705193022502	0.653938181166846	0.65314331205183	0.834954343845838	0.429468081337552	0.557503578157768	-0.0729060789417736	0.540116418181409	0.30965024097452	0.490415729697359	-0.12190869070002	0.2597150789278	0.874992841416331	0.3602833883055	0.807253730044512	0.727595780504856	-0.322325614970281	0.235294547944923	0.642088639412397	0.649796023193001	0.353881377760309	0.652085447166462	0.643085587881414	0.637054570958556	0.379814948433497	0.758548539245781	0.789825008487618	0.721609589111089	0.618272329272903	0.147527593968269	0.722824905541184
CD47	0.751763572437517	0.412646145978966	0.502868668552363	0.579810658346967	0.702397093477416	0.670462394550713	0.735289784636398	0.621100451115016	0.661105258872795	0.610993853016726	0.569539277933952	0.669974434354489	1	0.654204888453743	0.750345526871658	0.629942431640359	0.120230779514171	0.781165735715835	0.762468104373594	0.788273561951583	0.760029921931707	0.910846915169247	0.013767668258402	0.548396201296966	0.64254531707372	0.645285242270655	0.605091463878405	0.742292392307915	0.541284872260704	0.765705411020261	0.604476948127457	0.554951474738308	0.791737325181786	0.70674970888505	-0.146537536906648	0.884063765787131	0.500722991266745	-0.278239350923275	0.656729788347098	0.649487840321482	0.608072002593326	0.77209881705531	0.752841551707242	0.849232787179091	0.914011720916453	0.835571001210086	0.518982632909317	0.588332252866167	0.901892118991072	0.603366016564241	0.660481447086056	0.708229717656997	0.634032111202049	0.736686325891944	0.753469417600219	0.444632989648392	0.719658291652026	0.456625243467112	0.86635595014386	0.855746568618364	0.896706330279934	0.741250277832963	0.66321142841949	0.471633647029004	0.653617278083274	0.675940655841115	0.798263539067555	0.549418497424482	0.777851395928547	0.617187563230331	0.686595813269544	0.620720865558501	-0.026107568925677	0.849421065035961	0.715902656648314	0.807883203149862	0.899937864256739	0.773145857202962	0.638211610349033	0.781384677591673	0.693126393766783	0.670700482249933	-0.15175904154611	0.836888214086954	0.544059906535694	0.0319275441030703	-0.199096956298171	0.758761409401141	0.778575051467652	0.671727116118954	0.869625612441166	0.794924272848892	-0.0579204929533834	0.599616304736967	0.827194662235755	0.796499155527482	0.696314866630576	0.90996810954253	0.883072510464577	0.886181040788662	0.593094141260155	0.886784790855654	0.572968061646309	0.860253419396931	0.848387373068278	0.63706333712268	0.909879047767691
IL2RA	0.501391537615415	0.850351534192249	0.878993557770731	0.691756746556727	0.787538588751872	0.80413832783417	0.79868360488826	0.917973868853734	0.916765500408193	0.939429403027454	0.797378137116591	0.82170046132372	0.654204888453743	1	0.57238467926163	0.892030732666104	-0.175064641861141	0.663129055079885	0.951195006372974	0.943313433559561	0.90402242077465	0.710199949671016	0.244307198747749	0.138971749842936	0.223151357413932	0.873036582663734	0.928212677899058	0.503320773819719	0.798816110929663	0.765647306563683	0.717473151358214	0.455553004277801	0.819494497951151	0.781404732856756	-0.114305342907553	0.773011829791721	0.86370699074703	-0.377170232541121	0.960379321495187	0.25334321861633	0.241711970337663	0.48687589563936	0.878838120078589	0.527004524254342	0.628632967614898	0.691213048171296	0.674133472310721	0.878534947875268	0.804001877324481	0.547077976816274	0.7221666848351	0.886291475121256	0.927604961812373	0.785533123363073	0.614104417490299	0.762628962913715	0.505788802036573	0.0516016435414824	0.724647380902062	0.81959921030168	0.536889246230758	0.775452310143395	0.905479448958419	0.870691580624572	0.591097939688291	0.889216663979443	0.78474565827648	0.475001310241073	0.50165152182672	0.889807316132811	0.942463743537485	0.721407383767432	-0.246762567369361	0.801610836949297	0.726898773397626	0.740321842144271	0.827602364634478	0.82503907724618	0.601959509544126	0.807182693819609	0.583142143379291	0.571219243916112	-0.268414158447485	0.681806632802246	0.122998597595411	0.284280734117473	-0.419942659264931	0.3501643081517	0.923605130858236	0.345902155614764	0.864203504298852	0.82191379833337	-0.286650821611001	0.379168868249729	0.525271430608439	0.713203298213155	0.516555666636184	0.631107018223375	0.740326567878807	0.72690768995368	0.488559248514497	0.759939716769962	0.662735435247629	0.825742829358716	0.74447119514028	0.311159229411384	0.726374712828935
RIPK1	0.485006198769292	0.411794101288479	0.443765583980419	0.616259821429812	0.586340368574769	0.655367239492871	0.765306232593735	0.545064166343336	0.588878563364073	0.508553355828115	0.465870833658459	0.59765041283438	0.750345526871658	0.57238467926163	1	0.595689690416796	0.353196336843719	0.579781661844103	0.656002245119028	0.627424331801042	0.671047009791973	0.710202003768728	0.188205536874249	0.322437753681002	0.364170956882791	0.578639596466987	0.53568609356999	0.600516859006028	0.498277150477977	0.647415021093597	0.47503324372101	0.597799806411873	0.591514093960719	0.661542140872936	0.173734682379749	0.787992325133014	0.413749115097309	-0.00938603322016735	0.548465604339435	0.463750440654615	0.393896389436048	0.596963645718891	0.674345020495179	0.547752811683861	0.754063980808967	0.617601012237574	0.509070355323145	0.478831969752817	0.713504590419424	0.310231278451039	0.619699829941534	0.69256545912378	0.617824163534471	0.540876993291698	0.719108845568053	0.420500700915663	0.624929590776228	0.392678078390482	0.672130642536211	0.79564040400851	0.62215668795305	0.52581069563736	0.63491171216079	0.495914327285299	0.737952439772891	0.550091983963482	0.59332364032056	0.661356066114836	0.643298658538692	0.462824706785899	0.675134676876641	0.447071474949539	0.114905862482971	0.777643724083389	0.549309779394841	0.612837242700492	0.730217475235332	0.699410585896133	0.661638632178387	0.518052676783834	0.582338970240977	0.567834507997846	0.0921928146390866	0.77100244614211	0.294204720448615	0.118878557631449	-0.0042859706080674	0.625779021914787	0.676474597176255	0.665936662897114	0.759038161971525	0.692393418472614	0.098215474739123	0.575872526378892	0.577541275378399	0.752991687689118	0.653169116721611	0.761236969316474	0.776964698569303	0.772685953566655	0.643531533680131	0.729265632143355	0.351105323280744	0.742856210086236	0.740121549393349	0.579813707331769	0.832058051882713
ITGB2	0.462429284971977	0.857962635965892	0.867557743343742	0.750907402680526	0.85520287202147	0.717088017132207	0.813690913946473	0.94027064286421	0.914565902137234	0.839178414195096	0.823928880043881	0.849413022431464	0.629942431640359	0.892030732666104	0.595689690416796	1	-0.0242244403126364	0.461514672353619	0.871287565969908	0.865778688850028	0.77974029303056	0.659169310315098	0.324713866441985	0.0203878245943456	0.0943516266105308	0.881667325504959	0.919656441401228	0.600418878723673	0.838834226699033	0.762113725761538	0.695907636201345	0.419929929885523	0.770853769389258	0.80031801548061	0.115924207251053	0.725293025965834	0.892122083343216	-0.145800936616632	0.899278329933067	0.294519903565029	0.351356614383167	0.436523512493543	0.870151533444838	0.51320733638563	0.6411724646395	0.5283147773342	0.671062768350901	0.90644011174294	0.757117314684796	0.528764480818315	0.530967324998063	0.811384961338186	0.96619680552907	0.629034873375342	0.57675847628246	0.838597262443054	0.532533434174708	0.0435039832059309	0.662412962883756	0.749076636480426	0.526473189691844	0.676400968809093	0.916918695951965	0.907740463917048	0.716984971442862	0.895039482220952	0.61098441292722	0.457811198578616	0.457610527068498	0.830735248237379	0.868910990992183	0.750159179785356	-0.199252268016474	0.702821258248438	0.695352955848467	0.740114112544548	0.750213543203627	0.777425731013541	0.600303720117275	0.766757816840433	0.612946408776408	0.59355452617675	-0.113877532741309	0.610259370783036	0.0914299721824593	0.539693908698862	-0.184984737675304	0.301251299761472	0.933864105777065	0.471475402447667	0.848851355487937	0.659178234229422	-0.218932678884494	0.469328091206573	0.475939694975509	0.715722983616437	0.572116960648295	0.578471775564244	0.746814805599702	0.705504252735514	0.472822586323754	0.793607479007081	0.672342717257242	0.797535785886122	0.685184651897628	0.285388742955947	0.724066632670207
ADRB2	0.0798562381433607	-0.120805866433023	-0.17749185783062	0.269727966484964	0.0207625154185339	-0.0344600952831554	0.151837800187127	-0.107500660554462	-0.0579556534125043	-0.203096659671217	-0.145125463005273	0.0522979744016772	0.120230779514171	-0.175064641861141	0.353196336843719	-0.0242244403126364	1	-0.0608842990116064	-0.084151724689389	-0.142343948676463	-0.0589942098814905	-0.00324489703354585	0.0553131134059554	0.0179198812120857	0.0278291519558741	-0.13253345681981	-0.137007441712875	0.0724202467854221	-0.00620013221023056	0.0972463980084871	-0.0858646019137528	0.397491225905588	-0.0589660617101815	0.067990075849523	0.458922422563887	0.133156235190404	-0.153376704771109	0.497194426316796	-0.132784034611422	0.315434824383887	0.253747141120997	0.134113616204187	0.0037674375375641	0.0421980759172006	0.187775669168459	-0.0748723530941919	-0.0393725733599509	-0.204597539144433	0.0375444327317712	-0.276873662412068	0.0576372154550746	0.00699725484437003	-0.0555367953351666	-0.101795492943952	0.288449796191871	-0.113002658488496	0.117074238621169	0.197751770988903	0.0163796084463462	-0.0262127281587929	0.0964858345051965	-0.126850057785785	-0.101387269849118	-0.0970865975368057	0.355265695600259	-0.0594000571694618	-0.141692180550117	0.32273147290131	0.0538012004069064	-0.149808764709482	-0.096143452827261	0.0490837449961259	0.278024590810165	0.0723755719785126	0.0515438424751019	0.00692337822596701	0.0200773073959344	0.00129226310945502	0.105252625371629	-0.140233248987196	-0.00594161463144032	0.116085797963876	0.508241930309623	0.0994373585597225	0.0517738036811968	0.209794091911006	0.553931158154371	0.217872394149666	-0.0227273558133154	0.364532427039322	0.0390083199175173	0.0214385341218896	0.422427585605588	0.140809977657961	0.0376067287462929	0.225971929941009	0.134593400999161	0.16972976758437	0.0997390939002607	0.141202039353113	0.151478994210817	0.0596682129077885	-0.224515434388348	-0.0134878773109209	-0.0181955031139666	0.159604860262288	0.220354187524384
CCR4	0.71332026323561	0.316279689594759	0.44754969289046	0.567349932105925	0.545092924681461	0.719077607832409	0.697811298048531	0.515029988304887	0.608809853931089	0.61938214579178	0.495499642640083	0.586119070354148	0.781165735715835	0.663129055079885	0.579781661844103	0.461514672353619	-0.0608842990116064	1	0.761670900041954	0.75686145054613	0.795747677716932	0.780492229047694	-0.054728009365352	0.586822735547707	0.704933473024669	0.546048303222102	0.528557695091098	0.526769131266435	0.435008363633523	0.722689939524412	0.492054592662193	0.590234598873917	0.768475761919029	0.45284118752726	-0.331551772300407	0.836117484728006	0.42585244126101	-0.395583404685214	0.651877116617938	0.53871485429042	0.428145238302271	0.68873816502113	0.657140217683589	0.75842151318988	0.779700189296237	0.926234257749807	0.430846939897565	0.489447874214716	0.759206884287121	0.510098365710676	0.772996966423112	0.681604845894081	0.5510306436796	0.825212560592021	0.772830115156151	0.32853313904894	0.366546492660823	0.114534165551419	0.822034166956137	0.779220828698818	0.759809138217972	0.765038616987626	0.547764150350256	0.351386752909802	0.469101753302315	0.604947927198893	0.83943886413742	0.354085981194532	0.568316430432924	0.62139234891739	0.652307705465686	0.519886347646649	-0.242109386552207	0.741335479354554	0.692594621608926	0.657865022412287	0.783943682542649	0.657507337853439	0.628221909388079	0.702154734179212	0.375328262736862	0.595077631359427	-0.251078654556828	0.618570764070505	0.476552144042965	-0.182793916353588	-0.302512510499262	0.522536898827384	0.677809571896081	0.246860693165101	0.776347953077612	0.84690155409459	-0.17767806039856	0.42187555505451	0.719628315836599	0.642600967176214	0.524629347513758	0.762717265828602	0.656100370501735	0.712078729958723	0.414450877371569	0.651303150953165	0.486106059216824	0.681770216517788	0.653473509323199	0.322241998929637	0.761799323085248
CD28	0.663519186671825	0.756779892550281	0.844314999509392	0.716589121460939	0.852088539235929	0.838805513805385	0.849958470914474	0.911793674132716	0.931960230699111	0.917370756831424	0.828358049846692	0.870616807295601	0.762468104373594	0.951195006372974	0.656002245119028	0.871287565969908	-0.084151724689389	0.761670900041954	1	0.969966852382546	0.928689396980371	0.801402074474225	0.118547456403791	0.278544430333446	0.385658421693512	0.88221928435217	0.922179214110316	0.648905795067103	0.819761600718952	0.860499237400243	0.743407663645009	0.535527808884922	0.887051345117773	0.772473863236083	-0.157182692628647	0.856130220672464	0.828002789159491	-0.379166985721413	0.953979781528742	0.44938603748756	0.421524496239567	0.612762897606305	0.912586777906013	0.694765217343681	0.776231420691164	0.798103887421684	0.670072486600166	0.87467356773657	0.876007470992604	0.608243718967246	0.760121929954041	0.86944076022563	0.91223411655534	0.855050734320889	0.735842403506483	0.751252781702784	0.50002226212921	0.0453382999540972	0.828640025389485	0.88444592960131	0.700105334641661	0.853420779844663	0.903775203760003	0.777874073192978	0.67413264333973	0.90063121544125	0.821268644986953	0.471583835591104	0.567636851770046	0.899931483359387	0.915993215070538	0.797030392235213	-0.320204619860589	0.831363660738065	0.830119621193199	0.813259161391066	0.896213458510905	0.836557167429925	0.672157550629946	0.886026820072177	0.578125897728484	0.66251921026779	-0.259822366783484	0.701260175740924	0.281261166868902	0.225839592106777	-0.392270460211981	0.421184939442103	0.946814481774958	0.369081240897877	0.923447311361749	0.873179246384738	-0.323030547500692	0.443432473789336	0.659586282471378	0.764054152707343	0.573708637923373	0.730983968289658	0.787762235808346	0.789315434356633	0.485735265102916	0.823033738269376	0.742605093118249	0.836141201731256	0.778181656073501	0.304611891509373	0.834668646843933
CD4	0.642973651211125	0.737963325137457	0.826023764484948	0.645448537468628	0.813319019700431	0.80998488974458	0.794781783551194	0.893150211748687	0.889938534887395	0.916121829643146	0.81886553960525	0.817523829162156	0.788273561951583	0.943313433559561	0.627424331801042	0.865778688850028	-0.142343948676463	0.75686145054613	0.969966852382546	1	0.913608209840911	0.84088022548356	0.0995955549603461	0.298471774874673	0.396321834325835	0.900192684908786	0.911438541498263	0.639398523771036	0.780738327248737	0.806450602172215	0.778985237916547	0.455768861246575	0.872331386249384	0.762731301157516	-0.244090891703559	0.854779922512596	0.798489319466011	-0.484927263994476	0.926064386085461	0.397165287505739	0.367224418490431	0.646325037183375	0.922147254503193	0.707567146677165	0.782493906261879	0.817329939701769	0.674147161238231	0.890081851313317	0.90254257809209	0.655972024197195	0.710446472133321	0.857094075396234	0.891048481951735	0.816705581610325	0.670832305798246	0.726325288976446	0.58578397956045	0.12332887497398	0.801998025352015	0.892796949742852	0.721629689575774	0.862154654689391	0.917274176732407	0.790447536851039	0.602804724193059	0.874103405046375	0.858128174602084	0.462009056010993	0.613552255002721	0.876071894802052	0.916114107655316	0.787977489064062	-0.289763482264822	0.850982819345316	0.790763070711326	0.844283609708596	0.914258652597486	0.864089317228443	0.614329168105609	0.89236951455384	0.645828126579881	0.688694426921851	-0.373561225263076	0.742533607077091	0.277542160132586	0.181237592978102	-0.474680403175444	0.493747240903189	0.948966997057595	0.409631603310564	0.937744209389099	0.860711261015423	-0.322525739571873	0.521565289217193	0.680120617061729	0.796334909791841	0.649839664859633	0.722877723006934	0.839138769847749	0.832892793897925	0.482702296876972	0.85982301103908	0.756435177855705	0.885353896505022	0.843865273308202	0.389532509905353	0.827157555804412
