""	IFITM1	CD3D	CD44	KLRD1	ITGA4	CD247	CD69	CD8A	CD8B	CD3G	PTPRC	CD2	S1PR4	SIGIRR	ITGAL	PTGER4	CXCR4	CD47	CD27	KLRC1	IL2RG	CD46	CD226	ITGB2	C1QBP	ITGB1	TGFBR3	TNFRSF1B	SELL	KLRF1	CXCR3	F2R	ADGRE5	SPN	TSPAN14	PILRB	CD81	HLA.DPB1	CLEC2D	CD6	TRADD	LAIR1	KLRB1	VSIR	IGF2R	CD96	SORL1	TIGIT	NCR3	PTGDR	TNFRSF14	JMJD6	SLC16A7	ATP5F1B	TSPAN5	TNFRSF1A	RACK1	LPP	PTGER2	SMAP1	STX4	CD74	MCFD2	CANX	EGFR	PTPRA	LAMP1	CD63	RPSA	LRP10
IFITM1	1	0.855681541442799	0.558217158194883	0.895530690661527	0.880283877009979	0.920310158075549	0.839099425810154	0.903636335251174	0.811138714594992	0.772993213837443	0.834590115543705	0.836200963713046	0.690693942020475	0.92502125440168	0.948018469614379	0.79674353812381	0.82946114732843	0.802155547711042	0.629269952250735	0.925346494926338	0.896617070433024	0.559006307701399	0.716494138894619	0.814894796540408	0.48376535801363	0.667335646946622	0.871843341307231	0.740159319361331	0.254679983788065	0.921891355550422	0.566448952811563	0.823886862616418	0.911306337331022	0.950903318360614	0.761124789873809	0.898676226124085	0.343662252353429	0.200886718241765	0.741230072270256	0.624209207029595	0.590488909002048	0.511093065380984	0.884069960239857	0.487215161591888	0.763996461948118	0.947083588947611	0.23052039923277	0.87000336431479	0.923523044368011	0.858467469069415	0.795597059924867	0.524684939459755	0.607471199903168	0.0120459651958429	0.353402686321585	0.477297567497711	0.323435554832018	0.568364691159907	0.86826270803992	0.658170898957739	0.32730798698089	0.0615190576239982	-0.111541019200156	0.175851698814387	-0.579692792772355	0.60003279782813	0.318020556394489	-0.0378106654090363	0.489873351131889	0.678352185984962
CD3D	0.855681541442799	1	0.67087458696117	0.737057974918786	0.899840364911228	0.767458405181771	0.814421280772722	0.876479911132165	0.876144651976023	0.923652438998366	0.928521235307209	0.939346755858996	0.784885553614977	0.787839442816433	0.741464340990985	0.726558314261905	0.899121718029163	0.831787449759956	0.737366552632251	0.796962514736411	0.947026966488779	0.667574010237884	0.834247730538587	0.653968022531817	0.469652691836259	0.762238649249243	0.647482585758803	0.723747908214871	0.564322241378837	0.69010054573377	0.614448851843492	0.655120812205548	0.902436152442652	0.918016965279816	0.760250407255627	0.632320415366888	0.271219452978879	0.277700275881265	0.919916059275696	0.830595304867839	0.759990263821413	0.41678313386945	0.906001157889283	0.404194294520964	0.582878452285131	0.89764295691894	0.249204662149979	0.918824892716018	0.835691668294541	0.687403065888351	0.836672844703412	0.346484161966476	0.787570035122822	0.0134241023748512	0.504298477210739	0.306634935014118	0.506259942083294	0.539808895729954	0.899202761609051	0.655174593864066	0.170758515045243	0.192731723369708	-0.200252326502512	0.0767321227785312	-0.653508845635507	0.657546890741775	0.346571342355476	-0.140782873197366	0.71025067946495	0.727642508956542
CD44	0.558217158194883	0.67087458696117	1	0.479213649868092	0.67123897180564	0.461800878601794	0.642300712469065	0.55624891771782	0.580559964265946	0.670643202843442	0.704954457256779	0.621570628539067	0.624236199595261	0.629011223004467	0.470945498341976	0.562369157222093	0.717305106340063	0.676788238375026	0.555655562943422	0.477412320908988	0.637103381652583	0.619696604804213	0.613856736365636	0.64939074164525	0.525952068866129	0.793643883656413	0.454005189029972	0.749979454761898	0.538899232725249	0.444682727779242	0.34971473424901	0.434496033165843	0.601224406468884	0.631506034288651	0.708590269748959	0.45283638661498	0.587948717396587	0.563698236132047	0.693516080830994	0.507441666073938	0.737449391262505	0.631793271811057	0.655792710721567	0.573376866748584	0.54486831834785	0.574656143228232	0.451013128826244	0.58811194954523	0.503047085578934	0.471322750767439	0.821433380886016	0.520349501285543	0.557470622517122	0.270275100520339	0.280966726448335	0.436223209678221	0.778976275272233	0.493529875342642	0.607261410579416	0.762357511385872	0.527130646666393	0.48283585909057	0.408838003310924	0.44864472525229	-0.497469169740558	0.534640919195251	0.672586452899615	0.452166678879652	0.736962671707538	0.734749192801397
KLRD1	0.895530690661527	0.737057974918786	0.479213649868092	1	0.883511296595244	0.924426661191718	0.777227844010519	0.883868804311723	0.856556400674187	0.750083104599779	0.830955054233334	0.730032061138644	0.399127569906349	0.778817988986292	0.927093865361197	0.91844860026242	0.776868714603039	0.834835547172707	0.296604554510537	0.760826512807615	0.847032002452569	0.70959856825363	0.711854742246554	0.789183924440019	0.297624225481493	0.640278118908014	0.950671390839889	0.830453111632743	0.110716584250557	0.963292549508775	0.4591101877238	0.892766877916293	0.882451498042391	0.894825637040276	0.758446375490592	0.914398301522112	0.401264309250712	0.153877539674049	0.651175709763922	0.484578978474917	0.348913530056969	0.535369729401226	0.747419363521558	0.491273362972163	0.912540883199901	0.875362906389319	0.35639434861937	0.793171945539904	0.852809825107048	0.929054912335834	0.712077531610226	0.605534476970433	0.515993725513666	0.0324534664919467	0.393279232356356	0.539109997435098	0.149414707882016	0.747423859333996	0.711478507401329	0.664869937955411	0.31087410857144	0.0272797487200742	-0.074825341131268	0.375229498472611	-0.401278982868756	0.767544343958913	0.422709570292229	0.0391531511679279	0.308583406328086	0.704718698009678
ITGA4	0.880283877009979	0.899840364911228	0.67123897180564	0.883511296595244	1	0.839887361795652	0.844808482981985	0.93179695995042	0.908318916058997	0.908966588045068	0.939881100673852	0.885870151295149	0.663085572116485	0.842792206490927	0.834916108021731	0.841926211271159	0.908272312286532	0.894563814427833	0.585921134475722	0.750267069592265	0.944350782503743	0.785208939170612	0.854286467933724	0.759277336986193	0.37621477627898	0.766653391994653	0.839172561668964	0.809921321250844	0.428529448998277	0.845338846201173	0.594682192944611	0.809717940469274	0.903264946903283	0.921599454538867	0.846007622553348	0.792409978346863	0.376029616903099	0.268407624351481	0.843235771893601	0.595709222691641	0.599467984034609	0.499974678440788	0.852084365503047	0.460375920354651	0.765818649315368	0.912827484764835	0.338272640529781	0.928173774560338	0.83802576083154	0.844473376038439	0.836316884608244	0.454765630343116	0.699206218928807	0.00125254592671867	0.439709063262847	0.402750839776293	0.381843159500699	0.68313758167332	0.81076522196424	0.696198172949249	0.23996947494865	0.167038537972572	-0.146010831750037	0.228477690443547	-0.546881343838033	0.743858529552747	0.397682289774977	-0.0535663575034859	0.575329684275035	0.770830394019037
CD247	0.920310158075549	0.767458405181771	0.461800878601794	0.924426661191718	0.839887361795652	1	0.696882495268558	0.896021200724162	0.808813891300914	0.717213811578399	0.808542034603853	0.824847149919319	0.463439578721986	0.812561810094423	0.955076914040742	0.800405090809019	0.708693484512818	0.754770996074883	0.475404411213528	0.868656745185635	0.883965828698322	0.585357568328796	0.754656601751522	0.826124726429757	0.296444293889595	0.579399062836803	0.840200415855973	0.734330449908931	0.0689410069303237	0.942588046544481	0.641477952434675	0.851382871479649	0.929307233212868	0.913861748281355	0.703196498937429	0.865020713705921	0.383807315561509	0.163325129981225	0.620708295658895	0.589545499054032	0.413497784582217	0.571845574819925	0.777159478518935	0.41507622206977	0.78578726668277	0.938278071394172	0.303039288021974	0.860634427414362	0.925325320797111	0.919534568133203	0.714736776497353	0.540161394604762	0.573508008844543	0.0358972823621937	0.457548816360512	0.489063147954502	0.160111945330159	0.699776413718586	0.710644684899951	0.617862222758793	0.38625008123869	0.0232741835581459	-0.142099878271952	0.200845322264558	-0.487407693043144	0.704989765731924	0.417274445472866	-0.0136948982977527	0.290659907966338	0.638513583462823
CD69	0.839099425810154	0.814421280772722	0.642300712469065	0.777227844010519	0.844808482981985	0.696882495268558	1	0.714442279794739	0.704395910425553	0.858456002807296	0.877655954345726	0.703398967952305	0.715773858698112	0.812434716184297	0.755711329032602	0.835416188686181	0.949871146384224	0.906711754234973	0.571687746127825	0.701142272652969	0.794097355202865	0.698685381036494	0.769435602573528	0.679768255322081	0.590531683322834	0.823178120638649	0.77254375882775	0.796473955024128	0.603542123675901	0.745715812520536	0.315918605957177	0.687751418220507	0.805815722729659	0.868290252728773	0.878793994913731	0.735556247998161	0.337924889577573	0.348706753485668	0.850629680747965	0.501666840410667	0.731019708459862	0.454014838059697	0.907266646317363	0.593730640566829	0.760050365180122	0.778300706385623	0.325172906425206	0.72110922579008	0.73218804718489	0.699041527888183	0.877057925945952	0.401804007590229	0.686563219016865	0.0951810817655311	0.386358432173112	0.422978564670916	0.542684379063582	0.519000861551921	0.856412568991585	0.814484008054839	0.235827175639025	0.280771039928963	-0.092664917112623	0.284970127217443	-0.490866022323329	0.700141081095008	0.306815492051664	-0.019060578322201	0.759118374020241	0.857754665982635
CD8A	0.903636335251174	0.876479911132165	0.55624891771782	0.883868804311723	0.93179695995042	0.896021200724162	0.714442279794739	1	0.937787017108526	0.830562854613201	0.842514643862272	0.914400678385814	0.568864815785864	0.862900798666251	0.872763869929828	0.751535132128175	0.777346745341977	0.759269055940012	0.590387949878924	0.816664601687459	0.920740990538913	0.63971660891789	0.752322845487949	0.775395655453181	0.285727208137952	0.597017405788165	0.813971799941416	0.717388435388508	0.190012658784168	0.881846519133652	0.742073552741163	0.818088811228325	0.894069258328254	0.906528417509619	0.71267524644771	0.818915644335285	0.346886433945278	0.164577785509568	0.719605157417531	0.640032372325778	0.489011548497639	0.488364889604648	0.788534438776459	0.388810774979133	0.70049956370308	0.956673217964041	0.256795903073995	0.937407169574897	0.891289469563028	0.888211061303174	0.709127910286417	0.489947738222606	0.659530615063984	-0.0512606672969325	0.362616164055417	0.414936551910037	0.203962314424268	0.614256126411525	0.772678721239384	0.55163849576557	0.269150351917564	0.0161468434538316	-0.202226580160734	0.128182290377439	-0.555812795789317	0.640575263002133	0.343243631698071	-0.0847930945773452	0.38044087177635	0.62274759594233
CD8B	0.811138714594992	0.876144651976023	0.580559964265946	0.856556400674187	0.908318916058997	0.808813891300914	0.704395910425553	0.937787017108526	1	0.851701889227976	0.863174408742015	0.867899234687971	0.53375718614675	0.756518384258825	0.752728632633357	0.75599405940741	0.782805982888887	0.802971842718115	0.444727023549913	0.716885558898933	0.888771723685719	0.743712482292089	0.749339782355083	0.687844633302199	0.290628127691181	0.640092048527322	0.782223297503627	0.768738655577917	0.251038145484234	0.808785207079281	0.667880515558806	0.754389220618411	0.860811552585593	0.874788335276095	0.701856606744165	0.726251335264933	0.350621081241358	0.196003842454787	0.774785270949724	0.64738813800669	0.458167634884319	0.470231926377481	0.732868248046791	0.39867153812422	0.695925971841513	0.862783941500724	0.326076760334526	0.865384562089222	0.801110714091449	0.844052427875807	0.71141409031358	0.4669369163425	0.601168225785097	-0.00839638379443606	0.366250211418907	0.398294943008315	0.261324356210994	0.637493935976553	0.787587736942173	0.561240492006278	0.175567934150459	0.0734443078322222	-0.140276406034339	0.217932401941511	-0.507630926212472	0.717854479207391	0.395500185645202	-0.038254377323097	0.422665418532169	0.650245040657128
CD3G	0.772993213837443	0.923652438998366	0.670643202843442	0.750083104599779	0.908966588045068	0.717213811578399	0.858456002807296	0.830562854613201	0.851701889227976	1	0.949588362277859	0.89014147536869	0.663787276310959	0.721896065591009	0.66839112359909	0.800060062708657	0.924100173138615	0.903175918999727	0.608204340588641	0.685943942318178	0.879067879335068	0.797553535000312	0.905025510382749	0.609600570772614	0.418820976876109	0.774445353913856	0.658620483944341	0.756041124270135	0.641879756372656	0.689214106430593	0.544370925174122	0.641724956717073	0.84498896510029	0.877322236128258	0.843368807181679	0.600680056443058	0.271455291243305	0.278148490505852	0.874462102910735	0.652419712607342	0.658855472251469	0.386703750891566	0.872145276511253	0.414273626544609	0.647441138648613	0.853930474261171	0.288360026525231	0.848053876102383	0.728947591307962	0.711039318821575	0.8362415838454	0.310529606732727	0.855136939597917	0.0450496806528796	0.500166943797696	0.248774884957345	0.4863729179878	0.582962174359866	0.780211558547261	0.704723960527538	0.136904356696878	0.196821547778995	-0.266375186005249	0.126802455397571	-0.554907742465596	0.765885700246885	0.332787553601969	-0.137422071037963	0.720783588598938	0.825635571409647
PTPRC	0.834590115543705	0.928521235307209	0.704954457256779	0.830955054233334	0.939881100673852	0.808542034603853	0.877655954345726	0.842514643862272	0.863174408742015	0.949588362277859	1	0.886244610001197	0.684051689193508	0.754437776537594	0.774025397472922	0.877802783204368	0.946881338572269	0.956787928232907	0.578416901239607	0.739903502997471	0.949437978160426	0.836502381179691	0.92752417468115	0.726178232644934	0.437277453499349	0.852797302607357	0.752987583291766	0.845895712218209	0.580721416909944	0.759371278839564	0.50289496719465	0.72646524513032	0.917424928520344	0.927750607749703	0.880005487797694	0.701119732445771	0.398978434246248	0.386958945987275	0.912219620674247	0.712198894510778	0.682544911132455	0.528407896745171	0.896185755273858	0.525744357685079	0.74877387691081	0.878286223879758	0.444969382631658	0.878388254209815	0.787631601518488	0.764472539999304	0.911923249821445	0.41718916379547	0.774355942457867	0.0689210756677808	0.575031242603056	0.393478429666353	0.521800650529337	0.732577646884384	0.814765135980135	0.770323906356465	0.232312215160944	0.318437379492963	-0.132451016357504	0.250860163913003	-0.551150528345768	0.8413396449219	0.482000959782851	-0.0461351689152259	0.705966475045811	0.863082822241777
CD2	0.836200963713046	0.939346755858996	0.621570628539067	0.730032061138644	0.885870151295149	0.824847149919319	0.703398967952305	0.914400678385814	0.867899234687971	0.89014147536869	0.886244610001197	1	0.710186120932507	0.806619879140458	0.749121862515107	0.650748338717674	0.803057669323606	0.776729251909524	0.75642234195679	0.818535941268511	0.939919535728522	0.641476023763616	0.856086999870221	0.687095696496762	0.34208603538713	0.646036537427949	0.640577758279511	0.633494963655436	0.415127247630952	0.735085351520785	0.801060377855653	0.681312778781666	0.874694840694074	0.881419526123875	0.718644958144407	0.651693899962562	0.274466057452393	0.230631680169598	0.813188651473933	0.758187952736588	0.643042341702507	0.425394741751106	0.824561418291122	0.317326977824983	0.533580774645601	0.938453596786989	0.226527661972579	0.941657331215322	0.80892851698567	0.773172427881396	0.796461349735562	0.31985232719663	0.76935692963867	-0.0382239353964583	0.49150508151984	0.241645609345838	0.378212807052354	0.559890397138048	0.781760746461465	0.556784089492362	0.202598637275698	0.11053107031079	-0.258239993978349	-0.0441998870396116	-0.628691707024962	0.636328464725724	0.326246899605376	-0.179096027268288	0.556969016975386	0.645044288426934
S1PR4	0.690693942020475	0.784885553614977	0.624236199595261	0.399127569906349	0.663085572116485	0.463439578721986	0.715773858698112	0.568864815785864	0.53375718614675	0.663787276310959	0.684051689193508	0.710186120932507	1	0.736563959907528	0.495182396053947	0.390612839607863	0.766482362161456	0.651650783959636	0.849165146942766	0.689622796375065	0.707380967746383	0.394449012714875	0.603175979470747	0.454318866572806	0.605905525866815	0.630973869216392	0.458163482480994	0.409900705450234	0.680080381811152	0.432926057925224	0.441301339038052	0.356967142255748	0.600045297145595	0.667791163285092	0.595964930529839	0.457607027145135	0.119066382814404	0.323770935682199	0.824466596722646	0.624699513817051	0.823333723112705	0.228302714982373	0.775197910838661	0.315621214429686	0.25887460480356	0.627857877956198	0.0798565200483751	0.685574599904496	0.547893864224074	0.409387662806019	0.764591008278923	0.137508961406126	0.56420185193708	-0.0692517791608922	0.224793646847985	0.0919367685592666	0.662396875218156	0.193290914688231	0.814803861858188	0.459136458870401	0.0507520030904722	0.272414367891782	-0.065042453418378	-0.127893180286993	-0.641362314862561	0.288828910075803	0.096811920997175	-0.192647282580849	0.798269152141591	0.503604299027492
SIGIRR	0.92502125440168	0.787839442816433	0.629011223004467	0.778817988986292	0.842792206490927	0.812561810094423	0.812434716184297	0.862900798666251	0.756518384258825	0.721896065591009	0.754437776537594	0.806619879140458	0.736563959907528	1	0.857598449824034	0.642021962159561	0.779424689584969	0.733724416581524	0.719254908276637	0.860445006555683	0.820469418917525	0.513765121895316	0.667670293863062	0.822507868348895	0.494400257184315	0.645912328932226	0.808520003130743	0.673343006489253	0.243909448760149	0.855617709865532	0.669769807857899	0.775233805864275	0.795487336315039	0.865443949366387	0.762899576973381	0.851580957583246	0.405089146580778	0.286722264567715	0.710149172571378	0.4898857498052	0.658646394348401	0.537780555168671	0.819264950294589	0.521283430443519	0.666090003568648	0.881091716512817	0.23769055322085	0.821746961068031	0.819722125415954	0.840157653647033	0.793688575170984	0.487017730063436	0.553816399029855	0.00791817879880937	0.198391384048085	0.466694293399385	0.374827465093912	0.447392868248603	0.836355987110857	0.61753821738736	0.385328362790876	0.12935619536134	-0.0301802865654785	0.137433902055508	-0.570437722207021	0.500103269744189	0.298469316392278	0.0288050829908817	0.502943259987145	0.637514674885454
ITGAL	0.948018469614379	0.741464340990985	0.470945498341976	0.927093865361197	0.834916108021731	0.955076914040742	0.755711329032602	0.872763869929828	0.752728632633357	0.66839112359909	0.774025397472922	0.749121862515107	0.495182396053947	0.857598449824034	1	0.818085187672038	0.737399981235749	0.735376684353959	0.492720769872743	0.84003070799601	0.854361771778957	0.526657671617185	0.665160715484386	0.850746624672454	0.324971392132474	0.60826516610039	0.879741673973497	0.745247228742978	0.0791414043648729	0.940065309700681	0.528208141083834	0.875400182248877	0.902116815131874	0.893199127630328	0.710724149960687	0.919546053951715	0.399327248974333	0.175650683068818	0.625500607304745	0.527791793605242	0.477225514614894	0.575038860086612	0.796057334853457	0.481138908296919	0.819320118273478	0.910394132295516	0.288717006500277	0.834901348289586	0.92484757189113	0.871958809052898	0.713085215928124	0.568313436052265	0.519539072909452	0.0152148909980135	0.402983744946341	0.551671845562079	0.168623059006027	0.658341774966631	0.734627366801545	0.660868529523045	0.433930915679094	0.0471124497810005	-0.0909925899242872	0.261589197235095	-0.476467232181529	0.63494283486512	0.3952951539179	0.0298346530881975	0.314941913623827	0.644828219172269
PTGER4	0.79674353812381	0.726558314261905	0.562369157222093	0.91844860026242	0.841926211271159	0.800405090809019	0.835416188686181	0.751535132128175	0.75599405940741	0.800060062708657	0.877802783204368	0.650748338717674	0.390612839607863	0.642021962159561	0.818085187672038	1	0.847422225677396	0.892809970688247	0.255419563548096	0.633329374844332	0.801395621625979	0.791384870306284	0.757595273821111	0.738006756236078	0.354543798836546	0.781197614260682	0.84516681935434	0.903972710218379	0.35869885982674	0.819130226489009	0.223723090467621	0.787475979555085	0.848786610391844	0.855944087379512	0.832709979387542	0.786179790290066	0.465114664557685	0.318328416006609	0.702523261844886	0.507023581329277	0.439108133509273	0.568216879831532	0.78081633180899	0.604896023832708	0.926015588303469	0.779384115464849	0.492239904437741	0.708891636209169	0.755785118738473	0.764759521416591	0.766110739559799	0.551888670161404	0.621557605193431	0.13512604207736	0.506380695564826	0.553164653256169	0.333746935042113	0.796733168485582	0.66099028166941	0.791259393241265	0.31741773590265	0.250055033838779	-0.0457775914332362	0.489227480793169	-0.371369760159671	0.849444795284312	0.533002971229089	0.119618910637889	0.495525370620588	0.856480331492169
CXCR4	0.82946114732843	0.899121718029163	0.717305106340063	0.776868714603039	0.908272312286532	0.708693484512818	0.949871146384224	0.777346745341977	0.782805982888887	0.924100173138615	0.946881338572269	0.803057669323606	0.766482362161456	0.779424689584969	0.737399981235749	0.847422225677396	1	0.929132181672681	0.630652769343787	0.683285671786378	0.881647902864233	0.761938798680441	0.821423693754906	0.64972396433106	0.540195175448117	0.857822820784448	0.742524136190664	0.797447823548807	0.683005420417206	0.707900091302978	0.385710386575097	0.666001475432449	0.844191417649855	0.876250426263621	0.855634151845718	0.695023102052573	0.316567966436264	0.359050457495443	0.918545339985011	0.650313870677861	0.764693435146059	0.416194023342848	0.913422813595869	0.519921190949416	0.707264712071562	0.816697188359236	0.319927674199766	0.819674933706743	0.737648548382758	0.687235054261167	0.91555717518964	0.386905182685792	0.777083732992771	0.0496777795050337	0.466567596397335	0.338665084043565	0.58410430070692	0.58283000899633	0.849181950646883	0.785841422816387	0.196683484005187	0.291857493450786	-0.107060352576756	0.226641606673684	-0.579463120182355	0.728692256396968	0.367744194584408	-0.0592465655665902	0.802267616860416	0.84877708709312
CD47	0.802155547711042	0.831787449759956	0.676788238375026	0.834835547172707	0.894563814427833	0.754770996074883	0.906711754234973	0.759269055940012	0.802971842718115	0.903175918999727	0.956787928232907	0.776729251909524	0.651650783959636	0.733724416581524	0.735376684353959	0.892809970688247	0.929132181672681	1	0.451994404263402	0.701744376493378	0.868148243611815	0.87225450816812	0.883466910241299	0.691517725941751	0.471584492345079	0.851086292610553	0.815484413747813	0.84235293584709	0.566014195021878	0.772280515127208	0.383741113987549	0.729329060484329	0.84156368310546	0.885199470880231	0.909769088623732	0.732049665996541	0.396901149870699	0.3736864261245	0.88332209643847	0.55957877620035	0.60620716073329	0.504883409513116	0.842956438265432	0.556536896786618	0.799997977398709	0.796133535806632	0.45400415421375	0.76683784822525	0.69255327800904	0.770316196174807	0.897982612831395	0.447145510695408	0.668382786676308	0.0842913911979241	0.519791913011317	0.400119073844575	0.521641883984941	0.732667510263939	0.785363095329535	0.769257547945699	0.218326897099226	0.312309260043063	-0.0430920768154477	0.347625646579357	-0.450517984532275	0.849758168422096	0.452954409309544	-0.00979436820864505	0.690715257421492	0.876247169945996
CD27	0.629269952250735	0.737366552632251	0.555655562943422	0.296604554510537	0.585921134475722	0.475404411213528	0.571687746127825	0.590387949878924	0.444727023549913	0.608204340588641	0.578416901239607	0.75642234195679	0.849165146942766	0.719254908276637	0.492720769872743	0.255419563548096	0.630652769343787	0.451994404263402	1	0.63224307790927	0.661639899902366	0.219821062469142	0.557979075034656	0.488935600874765	0.468301776931835	0.4955685430391	0.277839124276967	0.289088674674634	0.53658490071073	0.372935134174982	0.636495548229723	0.334391838390165	0.571351987380871	0.598540101999969	0.494835748251654	0.375544895398883	0.156843395877549	0.312368247357278	0.65963418327712	0.622138774125492	0.821515369615398	0.268936474704124	0.711059923192284	0.246652579117693	0.133783531754713	0.663743513541732	0.0250414000754779	0.714109186689738	0.589056505418986	0.370756800001035	0.657390795318231	0.0665764404525727	0.66788473520454	-0.0383469580211812	0.285780367862636	0.0902158147606842	0.533784933745912	0.116410226643105	0.678619939569062	0.408658188794055	0.200576217062561	0.230028145352838	-0.195179646294193	-0.267066928871678	-0.641810004477914	0.191247009836644	0.0987188842544271	-0.189723070654194	0.669803428726034	0.426213755735333
KLRC1	0.925346494926338	0.796962514736411	0.477412320908988	0.760826512807615	0.750267069592265	0.868656745185635	0.701142272652969	0.816664601687459	0.716885558898933	0.685943942318178	0.739903502997471	0.818535941268511	0.689622796375065	0.860445006555683	0.84003070799601	0.633329374844332	0.683285671786378	0.701744376493378	0.63224307790927	1	0.824378975389342	0.444201600076558	0.709260019837395	0.726439704134684	0.467482894173687	0.536880237970217	0.728693191773995	0.603080376357654	0.201913561730813	0.823834401543271	0.61940172470571	0.689417519616371	0.823303203541624	0.892797674366801	0.666267967206928	0.777715567460372	0.262230721972289	0.156112596980494	0.660889279321208	0.648862845964946	0.531473660797002	0.44703103850643	0.830687175448269	0.380610750510365	0.607616931424779	0.893759755912696	0.166249290356169	0.805922103907063	0.844132805967725	0.786585691473517	0.699999924072167	0.454978646915015	0.555374809265578	-0.00794894478837571	0.270474248834371	0.364835407471905	0.310491191371661	0.463489329983698	0.793106644746738	0.503542491215184	0.267631701055511	0.0117776058623671	-0.130706052237283	0.0282203074100881	-0.568309320073477	0.500512334002497	0.247597774966735	-0.0953354376778241	0.421828899364153	0.538144724585654
IL2RG	0.896617070433024	0.947026966488779	0.637103381652583	0.847032002452569	0.944350782503743	0.883965828698322	0.794097355202865	0.920740990538913	0.888771723685719	0.879067879335068	0.949437978160426	0.939919535728522	0.707380967746383	0.820469418917525	0.854361771778957	0.801395621625979	0.881647902864233	0.868148243611815	0.661639899902366	0.824378975389342	1	0.713801108436033	0.870919830161259	0.75011451683393	0.373539246906065	0.754252386642807	0.771910750750245	0.764979547394544	0.420329183616536	0.80558544700004	0.644640828884736	0.77308128882414	0.946582915081494	0.940805825164267	0.780268896379608	0.751907455353689	0.345923716776728	0.284391619978143	0.876253530962085	0.779033845032362	0.664868996933758	0.501935488663875	0.882865751975393	0.424511589291061	0.693026874072083	0.939763372152805	0.33447232853987	0.957772299198744	0.872639443799507	0.807984834721897	0.849263752825606	0.435294749010255	0.719636989993406	-0.0225577498389314	0.546998806652386	0.376726730111244	0.402961767684661	0.692309388136785	0.83436379999017	0.661122296681192	0.2554297726821	0.191105498611976	-0.156277555886627	0.13811015002629	-0.610085035795897	0.740506749957977	0.428226326784428	-0.111202618474358	0.580663522941807	0.721222830367835
CD46	0.559006307701399	0.667574010237884	0.619696604804213	0.70959856825363	0.785208939170612	0.585357568328796	0.698685381036494	0.63971660891789	0.743712482292089	0.797553535000312	0.836502381179691	0.641476023763616	0.394449012714875	0.513765121895316	0.526657671617185	0.791384870306284	0.761938798680441	0.87225450816812	0.219821062469142	0.444201600076558	0.713801108436033	1	0.796356036643538	0.566583160442581	0.242397032465429	0.792013262954375	0.667079195074158	0.793936780978044	0.458179074157685	0.607612368693733	0.334046541509068	0.676863857175019	0.690819440893465	0.701161159995228	0.839802812246965	0.593233686579694	0.435464080599339	0.344532212195897	0.73131882890695	0.433474345309905	0.403677044448185	0.48433305136737	0.59749943260722	0.507266299132531	0.746527366734276	0.617059341484088	0.580099742400492	0.620477386063874	0.502483471348083	0.666602935075518	0.739102486499621	0.450823606797163	0.585899957616624	0.0733688511968018	0.54241550869878	0.440186258122441	0.380444426852428	0.827283067377553	0.578577752900455	0.631140701196211	0.188306059733638	0.328342605579931	0.0405857688294096	0.47312686266864	-0.158319772241428	0.874983582158748	0.544429388532889	0.0517710492326964	0.511204451458453	0.811208532781132
CD226	0.716494138894619	0.834247730538587	0.613856736365636	0.711854742246554	0.854286467933724	0.754656601751522	0.769435602573528	0.752322845487949	0.749339782355083	0.905025510382749	0.92752417468115	0.856086999870221	0.603175979470747	0.667670293863062	0.665160715484386	0.757595273821111	0.821423693754906	0.883466910241299	0.557979075034656	0.709260019837395	0.870919830161259	0.796356036643538	1	0.642826594013399	0.347967670285076	0.745617804097183	0.611390010686215	0.727931975073608	0.561332805080576	0.67157346719324	0.553898613839223	0.624008251986658	0.833404036121207	0.855236743558002	0.844008194525794	0.568254486146331	0.3258314900897	0.330804694628652	0.80932442993438	0.612920516645406	0.604616260641515	0.475347746990865	0.834094893802583	0.398364246796733	0.636956407007157	0.819726321637527	0.40432978797853	0.822331775305722	0.698904553574343	0.708280591046323	0.816977910971154	0.291452752489716	0.779914958565591	0.0663634567861741	0.571746232168613	0.286181296113421	0.462051806789547	0.691429444973905	0.671242617693426	0.682431743845608	0.215219045894793	0.277838392321824	-0.230848083550048	0.134637606262081	-0.455296885796513	0.829133572806873	0.407473827689471	-0.12022628473894	0.632093082039827	0.795560586805459
ITGB2	0.814894796540408	0.653968022531817	0.64939074164525	0.789183924440019	0.759277336986193	0.826124726429757	0.679768255322081	0.775395655453181	0.687844633302199	0.609600570772614	0.726178232644934	0.687095696496762	0.454318866572806	0.822507868348895	0.850746624672454	0.738006756236078	0.64972396433106	0.691517725941751	0.488935600874765	0.726439704134684	0.75011451683393	0.566583160442581	0.642826594013399	1	0.350907507267872	0.694312552507342	0.761478010923851	0.815453458377358	0.0777492781786926	0.828897307629854	0.52402246338221	0.794252289499197	0.800636051414383	0.816369726754459	0.790979479008672	0.820271428897237	0.765657029639355	0.576334512797416	0.573458146485682	0.427319706471328	0.513985808036586	0.890411780754019	0.682046960059312	0.779951645020407	0.791748410992896	0.794040209400606	0.634123144341103	0.713795157820965	0.800410010817193	0.790027668026792	0.74997028446472	0.576735031186131	0.445498837207127	0.191657562719434	0.330656581578219	0.757244238617433	0.364802485605489	0.692339357882014	0.654281720084576	0.719781458696803	0.617310216941575	0.444791070084882	0.112356338963555	0.442321691054741	-0.418030076692678	0.622805276337946	0.662230465359639	0.356999821891651	0.367851516175931	0.745891256617141
C1QBP	0.48376535801363	0.469652691836259	0.525952068866129	0.297624225481493	0.37621477627898	0.296444293889595	0.590531683322834	0.285727208137952	0.290628127691181	0.418820976876109	0.437277453499349	0.34208603538713	0.605905525866815	0.494400257184315	0.324971392132474	0.354543798836546	0.540195175448117	0.471584492345079	0.468301776931835	0.467482894173687	0.373539246906065	0.242397032465429	0.347967670285076	0.350907507267872	1	0.536022813952229	0.336805155476569	0.418338550906857	0.461138162844612	0.323343348029369	0.0807345161577532	0.249639239431966	0.381458350677684	0.483075249593023	0.460509792977268	0.32467296109705	0.354117781717116	0.367888090467333	0.484962849834797	0.397308198296558	0.60608493923349	0.271189532357467	0.573466813468786	0.437645704109848	0.307932142022164	0.365196767054115	0.135757891531182	0.325013293508797	0.381946142523841	0.273411133999186	0.563542797650583	0.335174708649025	0.358259455715387	0.638707871452998	0.176024413859125	0.35802668836203	0.786632084201783	0.0992053519958674	0.603966488926667	0.5823115261507	0.207348134647369	0.294778893632537	0.320950646107331	0.283702641670368	-0.322762301380009	0.294634779359594	0.171849306705535	0.285290614037096	0.73290185848168	0.506691987032393
ITGB1	0.667335646946622	0.762238649249243	0.793643883656413	0.640278118908014	0.766653391994653	0.579399062836803	0.823178120638649	0.597017405788165	0.640092048527322	0.774445353913856	0.852797302607357	0.646036537427949	0.630973869216392	0.645912328932226	0.60826516610039	0.781197614260682	0.857822820784448	0.851086292610553	0.4955685430391	0.536880237970217	0.754252386642807	0.792013262954375	0.745617804097183	0.694312552507342	0.536022813952229	1	0.607345937946467	0.865589547555757	0.617719639691845	0.557015976357858	0.254220775033806	0.676404622408912	0.749742361421881	0.765595451664395	0.894253946615131	0.565650078299266	0.599577527863873	0.580728283793531	0.838198144423574	0.57206559391013	0.766944497222213	0.632344757214033	0.763562082143117	0.700195472476716	0.723766817421814	0.643023343905056	0.567308558651774	0.65535458453187	0.606745587996814	0.545636599567524	0.891963747808811	0.456246286054134	0.617153753909994	0.282588402279603	0.555528619624898	0.548339935271009	0.70093330967687	0.680947286784488	0.746830766237391	0.854993526806051	0.389233864882117	0.555492716494154	0.188976222731104	0.509832448081383	-0.438735115379026	0.762327963111941	0.676909900363532	0.268729031418908	0.781613456710004	0.926306571838486
TGFBR3	0.871843341307231	0.647482585758803	0.454005189029972	0.950671390839889	0.839172561668964	0.840200415855973	0.77254375882775	0.813971799941416	0.782223297503627	0.658620483944341	0.752987583291766	0.640577758279511	0.458163482480994	0.808520003130743	0.879741673973497	0.84516681935434	0.742524136190664	0.815484413747813	0.277839124276967	0.728693191773995	0.771910750750245	0.667079195074158	0.611390010686215	0.761478010923851	0.336805155476569	0.607345937946467	1	0.754823192592226	0.0833547178942394	0.948839101036872	0.402748248239624	0.878301062632984	0.774385297438694	0.819772624236915	0.739849719786007	0.945265961381485	0.385988223968592	0.153718330524668	0.625532677452632	0.346105515943121	0.31824831845782	0.49081376884826	0.674678095578454	0.504818080371768	0.878176792919763	0.790137790110059	0.33329446192274	0.709119251057311	0.745930240463201	0.907777802619527	0.693870961393846	0.576895244984653	0.371517839413921	-0.00925449599240355	0.28105054720464	0.52392461024484	0.154532860499535	0.677805867559274	0.70198015821151	0.589405463697079	0.251526895056087	0.0336887843057031	0.0152261725646961	0.36725530774866	-0.34456418772908	0.663667765915544	0.336715110645327	0.0392719052170037	0.290212369002259	0.639176612752204
TNFRSF1B	0.740159319361331	0.723747908214871	0.749979454761898	0.830453111632743	0.809921321250844	0.734330449908931	0.796473955024128	0.717388435388508	0.768738655577917	0.756041124270135	0.845895712218209	0.633494963655436	0.409900705450234	0.673343006489253	0.745247228742978	0.903972710218379	0.797447823548807	0.84235293584709	0.289088674674634	0.603080376357654	0.764979547394544	0.793936780978044	0.727931975073608	0.815453458377358	0.418338550906857	0.865589547555757	0.754823192592226	1	0.333339894313111	0.746709443901607	0.280842248344861	0.753224473916552	0.824260987349233	0.843082120397226	0.855677637661679	0.710756783554733	0.66339719508007	0.493804279201104	0.710981947790643	0.510886186794762	0.551810099924018	0.761988936182485	0.751418346421707	0.737930654801925	0.913050523329587	0.725057555348862	0.628196667105734	0.667152151771282	0.734559339286807	0.728025609328765	0.811985758937125	0.634811455606301	0.552475735779869	0.268639281637988	0.435561496551159	0.69045570945727	0.489948323572218	0.775757731341309	0.705499819189928	0.868913973932668	0.500666357293804	0.419527934344707	0.19056792772312	0.636313812909738	-0.395679021755397	0.827509719909447	0.740763769975108	0.388954018737506	0.548371779597629	0.890194090077759
SELL	0.254679983788065	0.564322241378837	0.538899232725249	0.110716584250557	0.428529448998277	0.0689410069303237	0.603542123675901	0.190012658784168	0.251038145484234	0.641879756372656	0.580721416909944	0.415127247630952	0.680080381811152	0.243909448760149	0.0791414043648729	0.35869885982674	0.683005420417206	0.566014195021878	0.53658490071073	0.201913561730813	0.420329183616536	0.458179074157685	0.561332805080576	0.0777492781786926	0.461138162844612	0.617719639691845	0.0833547178942394	0.333339894313111	1	0.0138649897913409	-0.0125457438120951	0.00663466256306709	0.338344171279909	0.372296947714368	0.509557789289919	0.00597125727691546	-0.00894775552798442	0.347186004322447	0.693810960133345	0.450786154248967	0.710351190995892	0.0146622108366737	0.596046740623285	0.221091523363353	0.116419483917601	0.280905331612651	0.11215498131387	0.36008644991904	0.173125996854402	0.0076684048279303	0.603936816346733	-0.103495588969631	0.661751360359023	0.0469448607305304	0.347153298620869	-0.133065641574879	0.721429837523915	0.13105589363963	0.467545097038836	0.486930737581644	-0.105391693969475	0.405052113355258	-0.158722688625792	-0.0499498284120478	-0.413714720710258	0.354050424252054	0.0880176265760975	-0.186659085366918	0.903403447564403	0.570455683741622
KLRF1	0.921891355550422	0.69010054573377	0.444682727779242	0.963292549508775	0.845338846201173	0.942588046544481	0.745715812520536	0.881846519133652	0.808785207079281	0.689214106430593	0.759371278839564	0.735085351520785	0.432926057925224	0.855617709865532	0.940065309700681	0.819130226489009	0.707900091302978	0.772280515127208	0.372935134174982	0.823834401543271	0.80558544700004	0.607612368693733	0.67157346719324	0.828897307629854	0.323343348029369	0.557015976357858	0.948839101036872	0.746709443901607	0.0138649897913409	1	0.563402380222204	0.89087559028596	0.846700330648747	0.88133650122734	0.733843872922242	0.946949878226187	0.399483044082474	0.135904322782816	0.578340521040338	0.398145728365821	0.329120278561366	0.549920058044621	0.72138514531912	0.474942948209682	0.857558149436438	0.88846812217046	0.293686258025742	0.77714326927466	0.856825791545139	0.963884325632691	0.689136591160037	0.580729728827822	0.461043757430903	0.0256878205068856	0.30023980673957	0.530253356683571	0.113653756670434	0.656818178652026	0.708734067197556	0.607594167357995	0.350006002062246	-0.0213456986518288	-0.0842278002990576	0.286618972641733	-0.405524340983671	0.665471406361927	0.343846593038148	0.0323440118782531	0.24948446875112	0.638570696020733
CXCR3	0.566448952811563	0.614448851843492	0.34971473424901	0.4591101877238	0.594682192944611	0.641477952434675	0.315918605957177	0.742073552741163	0.667880515558806	0.544370925174122	0.50289496719465	0.801060377855653	0.441301339038052	0.669769807857899	0.528208141083834	0.223723090467621	0.385710386575097	0.383741113987549	0.636495548229723	0.61940172470571	0.644640828884736	0.334046541509068	0.553898613839223	0.52402246338221	0.0807345161577532	0.254220775033806	0.402748248239624	0.280842248344861	-0.0125457438120951	0.563402380222204	1	0.52764684513576	0.56950183015731	0.571621389323152	0.402977026019848	0.471064998348242	0.192773826554473	0.0577977552487088	0.458066406991918	0.451167766549644	0.360019750797049	0.306486172114296	0.436156374787039	0.0701217705737388	0.22358654499867	0.703026106949618	0.0558743511925622	0.740163915617183	0.583098996844304	0.673937514967939	0.449948348000533	0.167050409637192	0.443450798344989	-0.10206617078952	0.238603104971078	0.114916946102109	0.0603428709872681	0.301220726049077	0.50184845446996	0.193506209695277	0.170572175589089	-0.0897452650603098	-0.250293616002418	-0.23762851878908	-0.434084336497011	0.329424849284544	0.164081989399939	-0.173230608759384	0.141982620725262	0.255864010003194
