""	CCR1	SIGLEC10	LILRB1	FPR1	ITGB2	TLR2	SIRPA	CD4	ITGB1	TNFRSF1A	KCNQ3	KCNQ1	C5AR1	HAVCR2	ITGAM	CD9	CD163	TLR4	APLP2	PILRA	CD74	PDE1B	VSIR	ITGAL	SMAP1	PLXNB2	CD40	TLR7	CD81	TNFRSF1B	CANX	CXCR4	TRPM2	LTBR	TNFRSF10B	ITGA5	PECAM1	SIGLEC1	TNFRSF10D	IGF2R	CD300LF	TLR6	ENG	TREM1	TREM2	CD47	P2RY12	AXL	IL6R	GPNMB	ADRB2	TNFRSF14	SEMA4C	SELL	P2RY6	PLAUR	LILRA4	CD226	TSPAN14	ADORA3	UNC5B	RIPK1	RXRA	ITGB5	TMIGD3	RHBDF2	ADCY7	TRADD	C3AR1	TLR1	SMAD3	SLC1A5	TFRC	LRP1	NOTCH2	NOTCH1	LPP	SORL1	ITGAX	SCARB1	NCSTN	RYR1	SORT1	RACK1	CADM1	INSR	PLD2	PTGER4	ITGAV	ERAP1	CD33	PTPRC	ADGRE5	PTPRA	CD46	ABCA1	MRC2	MCFD2	AMFR	CD69	PILRB	SIGIRR	C1QBP	SLC16A1
CCR1	1	0.629966427435799	0.887499191666077	0.569871449770486	0.954478114775954	0.743443834202364	0.89675855510136	0.935622656582878	0.93787259852738	0.853003992360223	0.520847501885029	0.817722606941033	0.906675155853181	0.833755309508115	0.877261007190772	0.786101365378345	0.839502017211829	0.929371833019629	0.875304518251922	0.872031978025794	0.851964418236072	0.653574040295877	0.527216360009907	0.755362837748212	0.907343672804594	0.865542590783469	0.774065034576343	0.681027442676124	0.841671499653096	0.892845849812712	0.88782129972727	0.684688150807434	0.854175415056608	0.9281645867545	0.462305218344526	0.758811970607375	0.885294488989222	0.91508722617925	0.459565907358447	0.843169863395075	0.772950421826699	0.715710987415115	0.940932308430211	0.85722402814161	0.740296045627362	0.850660989363256	0.364275389089539	0.639750276489921	0.799353257458618	0.79291271943786	0.514921432416505	0.895014853928484	0.513987252917618	0.515656243057329	0.312226076318981	0.827514316437225	0.612225321068901	0.574540915949298	0.888981656940729	0.827668642658941	0.642384812808177	0.77608987933293	0.929246304152108	0.935721807647939	0.890836912642429	0.584652093692226	0.773394570578936	0.851495391444176	0.80762680279768	0.593877640897421	0.583823089986	0.658684654516331	0.90719418344738	0.9254652584142	0.849163253041871	0.714709478471304	0.88587029339002	0.654252185748478	0.797987864003209	0.892423934307441	0.884010165322105	0.433428541659309	0.828852867732917	0.754471331614987	0.823222963667164	0.775182987966368	0.548631354453747	0.802839946838764	0.688856392410419	0.886249187625943	0.752592991032588	0.816339286940325	0.832613401227062	0.90211252208225	0.917294684049897	0.859726603698404	0.407379464837618	0.900455938015094	0.835036107568147	0.447776752594075	0.688143510066396	0.829244973611985	0.714947214499556	0.573041774906708
SIGLEC10	0.629966427435799	1	0.843174127637992	0.821490177201216	0.564376377925588	0.885165308365508	0.749398734645678	0.793741990921487	0.691656753506698	0.832695779984964	0.878064522153419	0.807380700563868	0.353477242545876	0.888995050407977	0.763861847459863	0.644870887625133	0.444818147823567	0.670705645086977	0.301445794947338	0.715087556441821	0.881146852052208	0.70841721176598	0.791796358895857	0.818441470364747	0.75645322237222	0.777432569560768	0.541430244779173	0.90496546821084	0.790745784885822	0.798387921542588	0.822679512342577	0.870834215116372	0.800807279092239	0.744793278170463	0.829300449223207	0.85059113015503	0.474347323558125	0.417476156009398	0.761730427797489	0.269711421492659	0.541243341989514	0.855088843220236	0.654597233123857	0.581152485692058	0.870492892735723	0.79090555222507	0.712064530750171	0.920033729630522	0.856702662120482	0.321227095387497	0.854947361608529	0.462426224923741	0.703817608524389	0.825181198134055	0.509515056698662	0.212193751483181	0.823116463013326	0.841624801770134	0.851604606122083	0.905512318369713	0.861437179549751	0.847879339392094	0.505507784537124	0.600779134009338	0.756835002709534	0.892706522740205	0.879590049832548	0.738781374749113	0.876684627799379	0.752004214141977	0.881176975907814	0.916259509193764	0.628295799237201	0.621577178035731	0.464489257013899	0.805712538653322	0.742486340036709	0.938813273561526	0.866246924059882	0.541755071722597	0.70875743690723	0.732877562878303	0.85459838745316	0.763097384438975	0.582599319539101	0.658075645972351	0.782017007594659	0.81583996638077	0.912000516345057	0.727875882433979	0.872121109549791	0.880025883606741	0.723983186903881	0.7383858144675	0.725152452654342	0.311802089447666	0.707803420419115	0.788609668504363	0.487104903798171	0.815398948312735	0.626917069518218	0.798727141790142	0.817852975073905	0.821222477337995
LILRB1	0.887499191666077	0.843174127637992	1	0.766566089015331	0.824226977281174	0.919288304996614	0.874217302961744	0.935933552441059	0.879936181011783	0.904732175056875	0.791760454798228	0.862851065090628	0.72993179970752	0.905234463707937	0.919062873365189	0.731589183463123	0.695105020029131	0.879430139099167	0.662534071476721	0.8300393803835	0.931356671103324	0.793764642308896	0.716078688044596	0.874970650911581	0.912880696249958	0.907790544525329	0.683702360402427	0.820323072847893	0.832914620272969	0.941848713163165	0.909292358658724	0.800783381514609	0.909650638093283	0.89516424183135	0.691619576005408	0.86396520914621	0.754332106790299	0.740756775966653	0.699145446294938	0.622709086857233	0.685001805369663	0.900775683208652	0.892708192309558	0.799456358686422	0.812981551580222	0.855870353772293	0.594997285735527	0.800118240269574	0.931915480609544	0.597512230471599	0.744280314616522	0.749290525994157	0.73242589458981	0.722396335720375	0.466209353840885	0.601079478108319	0.703379228226239	0.775862005524555	0.958796780262544	0.925351582838197	0.80614690375557	0.861441566160925	0.818807407039441	0.869278448503545	0.865121402508179	0.829154080953077	0.92667550792001	0.837947745650947	0.885563188844807	0.776234586796609	0.796667131071297	0.835701697153227	0.858164476545706	0.840797040978469	0.710288340852271	0.818264283850127	0.920272561481312	0.860901030060908	0.919486889106358	0.779032409827665	0.883139009339304	0.708279363106086	0.911883416781895	0.758779711356655	0.769017771898312	0.82113509429017	0.712980840532732	0.909434198495503	0.855647337548164	0.904332128977464	0.858549939435693	0.934571845466294	0.868734748382141	0.894425652905249	0.904375677060437	0.655249899756303	0.644379890992758	0.900378038610552	0.729039378900006	0.660677222088222	0.772000682568839	0.85270287222882	0.76269253020585	0.758043893354838
FPR1	0.569871449770486	0.821490177201216	0.766566089015331	1	0.431977454415167	0.816819535131542	0.559023854021269	0.748434224707044	0.520376302067304	0.749661400392018	0.801869989287001	0.684425333360653	0.300205788642749	0.733438014658557	0.755170839233747	0.365694888079973	0.185138090626996	0.483099864655911	0.181026149437762	0.526228503894416	0.762803306486426	0.791644804798595	0.897829591290451	0.733627442240867	0.615772477278988	0.654180093240382	0.478044340580291	0.70973541094786	0.600349448880028	0.673894785704894	0.668897002516608	0.622330855907105	0.605003811755866	0.615556715998633	0.78040912830203	0.667935404302438	0.287864047570989	0.296589603530141	0.753691650575704	0.111704060520007	0.256315233091122	0.762450792854922	0.565578290029027	0.430000872020245	0.713256250065081	0.618314275865943	0.871287296453172	0.765368050043962	0.801356362655694	0.0728801812145537	0.868915101266385	0.278409866770584	0.766459175930025	0.860233819204045	0.78205324778265	0.112959762599505	0.582620349234078	0.835521421725393	0.740487128357441	0.776335785196231	0.704492270802542	0.690217111202748	0.42230278966224	0.595940658744701	0.746575988468499	0.900038264701359	0.809711036507662	0.65426250200306	0.783091972251508	0.838677327183562	0.817268002990051	0.898630919410015	0.515828472055321	0.414131724200283	0.213019482704056	0.687341016797151	0.584615938909332	0.808230074262207	0.746169734900101	0.333993930138101	0.50050031087021	0.663749738385371	0.724908159554347	0.527245436363506	0.322186095331582	0.488949559671484	0.66158045720944	0.741259914388822	0.763178279104886	0.589106904322321	0.771981337848759	0.819378162898189	0.609842728630107	0.568877674369187	0.559629480490796	0.135719345868246	0.838530535753149	0.616747910294197	0.31476348390824	0.660562527134838	0.531814120071581	0.65895954419621	0.746966340215648	0.687519001731312
ITGB2	0.954478114775954	0.564376377925588	0.824226977281174	0.431977454415167	1	0.659597895800767	0.925776471194658	0.894923427708822	0.974117657996647	0.822214787773316	0.417510720836441	0.803746202105184	0.918331615222288	0.819802719716081	0.826051880983377	0.877987169410526	0.934308589725177	0.955575597673544	0.940765483111478	0.913514066240501	0.828751454974553	0.563579496961619	0.393287762547361	0.692725158323854	0.906412823922386	0.844485475674998	0.803986039074482	0.657707966092897	0.880009212687707	0.869882374247384	0.879156145561769	0.696208100637235	0.843770764888759	0.929309110403379	0.336060359950431	0.743117370597807	0.955185315006928	0.932379319227339	0.323027584507809	0.924532424747215	0.872449621885869	0.615550779487761	0.946367819354263	0.890786916767153	0.751316847257203	0.86054662309227	0.167824059179219	0.616250453972748	0.719751461050076	0.906045941361006	0.385771052043144	0.964474290429373	0.402734428954425	0.399121141114832	0.151812009168766	0.90040606976856	0.648499920408045	0.489283396941873	0.85083244648568	0.785828190420986	0.622638787302682	0.766445684002189	0.928976505557425	0.902283850560854	0.852579844266792	0.441037877278085	0.698852106459086	0.858382706864208	0.79171554286413	0.465178574738576	0.484311413296211	0.574048842675521	0.893790702204464	0.971373182447656	0.937495304346127	0.650889998308999	0.872020543722168	0.587077691218882	0.753693276059305	0.948091020333745	0.900932663449712	0.324320012665217	0.795449422275828	0.805919711860622	0.897896689722143	0.763632170975342	0.492226232465156	0.749350674609944	0.638949834063072	0.867064900367396	0.725337623427156	0.737811737703829	0.822951978984067	0.898798754878477	0.917951816700515	0.934679035661964	0.224134815334788	0.909033874186906	0.896869802552283	0.407775948372793	0.625590617581934	0.843501421510117	0.694996592392286	0.510348328654188
TLR2	0.743443834202364	0.885165308365508	0.919288304996614	0.816819535131542	0.659597895800767	1	0.783781324834892	0.83472537460445	0.755665764089531	0.855523460672766	0.86750964888367	0.811419764066579	0.565625968463547	0.877678003730339	0.847914981132764	0.632300665221326	0.538675560641641	0.758843679581443	0.466517623040758	0.721749951805382	0.88119777586933	0.783439275784107	0.752179293905579	0.871553285236612	0.818068750640282	0.82968052481694	0.532467980001969	0.82690244082084	0.74367203159127	0.883929111265915	0.841628964172922	0.789971190881521	0.85339682493629	0.791630420945237	0.775743005571773	0.849385068268616	0.602620390360674	0.573963851191704	0.780718132475053	0.429579640819222	0.574927810683791	0.920545062067471	0.76804373600697	0.705048722217511	0.789571833926567	0.786391495388043	0.662963659647934	0.816885100799195	0.932710082461062	0.417355274673095	0.819284178438197	0.586853849950913	0.808928415103823	0.796771148737944	0.496395339340478	0.403459616457423	0.684963740892506	0.813206746945528	0.898001772861851	0.89266865685007	0.824400985540072	0.847020400925895	0.672323201294228	0.728478043726391	0.750910895103896	0.890537908095015	0.914579577195038	0.731602687532152	0.855040169402926	0.815563384207638	0.883536829674299	0.858797721647925	0.775581017376675	0.705380771082455	0.559198150739532	0.835578642478795	0.859796964973346	0.898322282724764	0.92122115084	0.647366192425162	0.795254990662818	0.784654373434424	0.883253871590376	0.667031775196464	0.657340863788776	0.745587114074008	0.76910159108475	0.89915546467714	0.881678561452346	0.814731823917492	0.830611052680055	0.927721631403442	0.797253742400706	0.811597971426552	0.824176444100575	0.468099707377606	0.736440421644292	0.806306996595673	0.585280729152486	0.725271711183189	0.755664542982346	0.773299805900026	0.702346725694209	0.804135361187477
SIRPA	0.89675855510136	0.749398734645678	0.874217302961744	0.559023854021269	0.925776471194658	0.783781324834892	1	0.911568704836782	0.951934794393975	0.87476488530004	0.637773368563927	0.884402451641966	0.779257729160881	0.936617329564757	0.869582285818172	0.938384608588908	0.860360761324258	0.938287028086044	0.783539940399722	0.923396882861304	0.917644302301418	0.638590263147211	0.482390966360946	0.817644406880204	0.929646665989396	0.909653269122116	0.774589891524993	0.822341603059122	0.955432485731273	0.907479926618201	0.958693531973906	0.869836546908441	0.917711035116602	0.948306054769972	0.511658057257872	0.859941496564039	0.88868964083658	0.821673806148945	0.48075056372123	0.778608425475543	0.87011520421918	0.726710885985476	0.923752155554057	0.848779375886788	0.899143276377361	0.895162062815417	0.288125046711877	0.807734245885512	0.842490947866277	0.815744834421108	0.560035200039154	0.888237677121994	0.568314718151625	0.554471745726897	0.196873463094703	0.710610395939175	0.84100979092884	0.627612370493029	0.919783705412765	0.900797177422846	0.814061496738424	0.867417509629083	0.845312372133758	0.823395446346545	0.858775692212595	0.613407390904104	0.810927078659802	0.862484706976262	0.886874173688065	0.524161625658703	0.673493898263862	0.73071702645146	0.907579684861336	0.951381470420737	0.893380183074362	0.792989177885703	0.915728927783976	0.784365051549828	0.880447405620245	0.928836112627395	0.922398035636119	0.531648438750558	0.927374133218346	0.87996936589356	0.939810719684611	0.816765408330407	0.678569206327109	0.840566809437027	0.828578807600198	0.910805789060842	0.825065560683512	0.80572890148859	0.863576882229511	0.943665002938683	0.909542413783886	0.805354715719732	0.38767343977122	0.953580006254312	0.841980123245229	0.592764899462844	0.740576482134505	0.900003613846597	0.780393977624443	0.714854938628476
CD4	0.935622656582878	0.793741990921487	0.935933552441059	0.748434224707044	0.894923427708822	0.83472537460445	0.911568704836782	1	0.920296140793026	0.917863193122546	0.677536194694991	0.896644172055819	0.770167937489346	0.916005869335662	0.920541964875322	0.785944521671981	0.743172877364632	0.902787703768069	0.737312170164827	0.889711892516116	0.941112442952783	0.755312613661676	0.691384854062456	0.829860669932573	0.92485414972933	0.914341713809931	0.791677877572662	0.812144630054166	0.901726806356548	0.928867464445037	0.937598842808114	0.793345142642947	0.886897774443968	0.933066152519719	0.599923282772002	0.843308771510487	0.80265627034028	0.78775742625588	0.585348527438511	0.698535886800275	0.728279317525345	0.8028285475632	0.926887534264554	0.827092390290296	0.858154954617151	0.888226890183103	0.538072677595851	0.801939729063484	0.879862856718542	0.667161666439033	0.675334351579239	0.803805467870802	0.62106190606111	0.67287952986854	0.448053542873579	0.668470272445137	0.732773165980711	0.726015730725254	0.942751375937495	0.914022070348233	0.778389385634726	0.850367382511008	0.845010940909059	0.906293671056478	0.939989013763194	0.741597510057134	0.876694825540379	0.899441545969774	0.922908307865759	0.693226705068441	0.733032977496638	0.820839403634889	0.870769600448963	0.880190280545207	0.758153296816355	0.788030317314157	0.884105105400004	0.805245195910133	0.873344864413406	0.823892803302682	0.866453527388566	0.555732505773206	0.904135410940706	0.830137721350913	0.783443549243754	0.790891977726563	0.661152708955543	0.867194811195685	0.814235675086528	0.897202361325665	0.869518987447961	0.897437108035539	0.850119112280586	0.896558067615623	0.903602054524224	0.716504177308315	0.538882346846679	0.933359106095366	0.780270671529824	0.611581837659776	0.6855687858318	0.895086232775751	0.846974388471464	0.68890206231445
ITGB1	0.93787259852738	0.691656753506698	0.879936181011783	0.520376302067304	0.974117657996647	0.755665764089531	0.951934794393975	0.920296140793026	1	0.878595399683696	0.545291273363939	0.85684693743822	0.855347692259331	0.892564617047046	0.856206607792104	0.898978503834731	0.917020768588143	0.966306962993926	0.87141559610478	0.939793863954863	0.900937166191792	0.627815841367728	0.488334119937407	0.773621052751552	0.937191171411255	0.882336134524208	0.786479083766962	0.756829413690559	0.928438629771311	0.918020675995651	0.931915086252129	0.793413801258664	0.899757837790378	0.947319827961481	0.450294839249342	0.827115910087849	0.927288485413599	0.888888731017846	0.42874812806107	0.853847100034705	0.881527744904144	0.705709907511358	0.947368686759528	0.890223877201041	0.829770325051011	0.924238430574009	0.268417225812718	0.730100723043513	0.794141815879036	0.856958512424736	0.487639647739986	0.936424601754951	0.478651285500413	0.523645979300174	0.194721801618642	0.818708243290711	0.735565170500933	0.597601973657667	0.905739960873123	0.863563351234913	0.727038322205812	0.855772514733796	0.898484987959117	0.879273209645117	0.878603194160392	0.550138270560016	0.776536714724914	0.900954592758193	0.858060415227823	0.553634373259668	0.598657580310086	0.67230985815712	0.896910926796991	0.973048620043352	0.917334545722017	0.727270963018085	0.915300302712876	0.698210343126531	0.825146009574685	0.926945290232499	0.936221909326365	0.433348658096853	0.86393388532025	0.874108453689708	0.908480522998097	0.79415500416257	0.584946965376863	0.821842210054068	0.751093444158459	0.905864116500519	0.813586734184267	0.826155765376747	0.878487211731588	0.940728395559546	0.948914796201254	0.872198067306503	0.321416423029983	0.949002364533886	0.884719936997217	0.544670014144444	0.673206032921593	0.904393407465802	0.775079585799977	0.626313022923449
TNFRSF1A	0.853003992360223	0.832695779984964	0.904732175056875	0.749661400392018	0.822214787773316	0.855523460672766	0.87476488530004	0.917863193122546	0.878595399683696	1	0.699628989145824	0.886111108735273	0.683605143781121	0.925154203900686	0.879311803289479	0.764093752459763	0.697342277624739	0.852715227186894	0.645993876414307	0.891012217987056	0.93037000693802	0.722197159769524	0.761842515503805	0.805576957349924	0.904284830760196	0.860664597371135	0.789048901552687	0.838619357836584	0.894190218765444	0.901444479420775	0.889357162948141	0.845447938394793	0.850294604794784	0.899362621963089	0.702582408912573	0.838028788473136	0.745376572809535	0.704467339796819	0.636679732078743	0.601080607669455	0.730424742622689	0.800061929087909	0.855618425173913	0.805725122173466	0.879908998897269	0.89189740319872	0.531992786818163	0.833199946894193	0.845131392709758	0.607843926289717	0.749808730172614	0.740330076628364	0.628643963186859	0.700437538776437	0.44860397170835	0.58412850139071	0.760324975786645	0.742575539086285	0.921744176165353	0.940753479771874	0.797072449912804	0.890280281799913	0.756457872069626	0.796102596277957	0.911029119811102	0.758420357294044	0.884388240626225	0.892536098170466	0.936821794856371	0.748999207015513	0.763789429866891	0.861257281909911	0.791611169737396	0.821301842480368	0.712404002271298	0.788634077076198	0.857921051209609	0.819436445479913	0.869628936199868	0.759471879603367	0.865992496752165	0.54287395844186	0.875569768766859	0.835121894182839	0.746260568820106	0.739468541457912	0.710155468179785	0.852614313715681	0.8226526468375	0.833505140203238	0.886130968216422	0.898967102915394	0.837588599304526	0.867798693082797	0.894203316399143	0.637020613228972	0.549469791778278	0.888533106435574	0.711469781038714	0.681206311851108	0.664446038893153	0.895227596715498	0.825321314052665	0.700964932512209
KCNQ3	0.520847501885029	0.878064522153419	0.791760454798228	0.801869989287001	0.417510720836441	0.86750964888367	0.637773368563927	0.677536194694991	0.545291273363939	0.699628989145824	1	0.701122315533702	0.275356432114058	0.774793921365127	0.729825084066978	0.489758174823111	0.285421747858973	0.542180204533661	0.16924721319404	0.532405851353158	0.767695881303369	0.722443022957668	0.718121573997778	0.825154302099887	0.660040480343154	0.730403552254274	0.312423903765615	0.785698633257395	0.608042844513683	0.717407962757626	0.708868368806636	0.75214158792722	0.730472302477759	0.608326866973602	0.781235348683591	0.787764043741137	0.354265235301632	0.302791275351968	0.792395895125737	0.142776014633021	0.365910450681558	0.877948408393066	0.592630105289079	0.489943082949551	0.7264282018388	0.623042683641919	0.727323698103241	0.818569492159023	0.878006948685617	0.158941980626806	0.824815443152815	0.347170203591561	0.832629710312606	0.803780142741017	0.512648668597424	0.0862798787526589	0.68262207558624	0.826727875960498	0.787418334002444	0.798467295469232	0.845526248364428	0.745976806846438	0.426714320485434	0.521919494137146	0.590155532496889	0.923077177812069	0.846791209467566	0.601005023356582	0.73084432686782	0.725897168003531	0.893283348167052	0.817317493519588	0.590981042237018	0.498606934591686	0.332639322222798	0.818438525422918	0.705455263667772	0.927573251035138	0.846487741057056	0.444379558584394	0.623991503889941	0.890743555155448	0.812354320771212	0.57279581815363	0.508929423748954	0.657990389772939	0.751692864563992	0.807803425574344	0.900572678942337	0.662744055185239	0.731394203127512	0.822524540269133	0.701968592638246	0.661038781591515	0.592322686457107	0.193439553526748	0.839423682685517	0.65904947878273	0.383512402677693	0.789682485660364	0.722621759796288	0.650330391255733	0.652157678189972	0.84426589035813
KCNQ1	0.817722606941033	0.807380700563868	0.862851065090628	0.684425333360653	0.803746202105184	0.811419764066579	0.884402451641966	0.896644172055819	0.85684693743822	0.886111108735273	0.701122315533702	1	0.667014256512299	0.89947115454649	0.844563748104143	0.773090720242045	0.699477521145157	0.84770376706331	0.622214262798537	0.884247244615406	0.924410292036424	0.636969175509525	0.685534250371068	0.799383609780534	0.873695811579311	0.884561982508266	0.726181101544057	0.860730240608566	0.887324078559738	0.88583370815219	0.874006723444415	0.864045282188257	0.864079130263723	0.871943272973727	0.642317644731049	0.852972318251315	0.741227301548554	0.680547767600576	0.533361109862121	0.590338625833166	0.724209656185205	0.776090040371268	0.832100165073727	0.792786737438295	0.862577382685937	0.863683199694736	0.480590079610751	0.857214850928859	0.837173296368068	0.606177550397741	0.659514885346964	0.740643271010279	0.606793867684244	0.665283901016547	0.318043648391469	0.547946970342153	0.774120429091148	0.67213588709989	0.891550341491307	0.905728715370887	0.840098007249538	0.828282820890121	0.757796606364644	0.784640159958137	0.83310651545086	0.722650989486812	0.865852410405724	0.830088985264862	0.919174880014384	0.627205933055649	0.756284402745548	0.800686309020788	0.787989803222656	0.828618689438112	0.717046978874187	0.753103647429372	0.847906990885098	0.852635566781762	0.826087421635534	0.783923607739688	0.840946939141941	0.57515355529391	0.885228845374897	0.873664894943603	0.771037371506734	0.752535312206458	0.704025332445511	0.842379842413678	0.82790351687091	0.858834485927136	0.823522834906366	0.865650904184356	0.80924666960302	0.850857953493862	0.842539252665828	0.633643700578124	0.509639280340515	0.894326109540796	0.729113887725875	0.723063343427114	0.690405061782474	0.866405333010123	0.812428565491971	0.715302174274791
C5AR1	0.906675155853181	0.353477242545876	0.72993179970752	0.300205788642749	0.918331615222288	0.565625968463547	0.779257729160881	0.770167937489346	0.855347692259331	0.683605143781121	0.275356432114058	0.667014256512299	1	0.629340006271955	0.730597900869119	0.686290550577814	0.864470675940991	0.869391085664618	0.959814348214626	0.770736383661495	0.645857670560391	0.459729082195578	0.279768054981644	0.56463890021326	0.805593682203537	0.713522329526643	0.677338392547896	0.430560329041479	0.668007155213905	0.782657460161881	0.711114249844323	0.471158206058801	0.707303403690404	0.799823668448241	0.254164821008163	0.580515202699321	0.902910894426712	0.930638104554232	0.271716887555761	0.936549475655806	0.734503919288909	0.523897038667068	0.876670481736092	0.843819023756745	0.49769984906796	0.685284447191165	0.0840113682133815	0.362942418263759	0.615688235380949	0.854841277313015	0.254615263337912	0.92053911533313	0.341798938834549	0.26000974926357	0.0688598824129027	0.953448011560551	0.362473546897387	0.342209220606908	0.721558604744674	0.605203019302998	0.411677920773384	0.592350957195408	0.938951661213806	0.869925255454295	0.707321901352575	0.326533292656709	0.578464301428166	0.686863242051366	0.608554695117559	0.407332300999153	0.349672954369501	0.390750151948216	0.852377538359859	0.873434932222323	0.86098166925928	0.509666731145582	0.798772815128809	0.400502829915821	0.610595213205899	0.874969942936869	0.807665582264697	0.26920301843024	0.634630846234472	0.578958781376848	0.785958933686219	0.702530297703657	0.365537389047385	0.659157866882263	0.437742009702341	0.776114320035974	0.523664289613789	0.625694190948672	0.725387195452727	0.7964869156241	0.842924791012849	0.9429664303711	0.156344106320712	0.765608830157062	0.808838113782532	0.218309676033336	0.603244779310631	0.658076466884452	0.450833431552702	0.351100305293844
HAVCR2	0.833755309508115	0.888995050407977	0.905234463707937	0.733438014658557	0.819802719716081	0.877678003730339	0.936617329564757	0.916005869335662	0.892564617047046	0.925154203900686	0.774793921365127	0.89947115454649	0.629340006271955	1	0.860837365018817	0.861880239498726	0.715483625201192	0.865080494098477	0.608194826200878	0.895887297033847	0.955301744284878	0.719802576273695	0.672056946659118	0.859155646277365	0.896099491183742	0.89193681976761	0.743014429974358	0.907032019450094	0.940447459524439	0.903811377321622	0.947777590432447	0.913629501954219	0.908290610767255	0.911688464975287	0.686932292671967	0.904407002293975	0.744065960455575	0.681630677740294	0.635201585892724	0.58681411076786	0.777332013211856	0.819199716454792	0.858691784325921	0.796996457788312	0.956661582739398	0.916421784907414	0.505567650106971	0.910498448689375	0.892720407161256	0.62531532133271	0.740881190819594	0.742290896123429	0.663899349966765	0.716719764337952	0.386596985155695	0.528080940677872	0.875012128753746	0.767946983448416	0.938751666362436	0.960768482443325	0.882509426513818	0.930255970206603	0.726179418173571	0.773816272261761	0.878868077783255	0.768509115667367	0.878254376670845	0.878063367087883	0.951857301072212	0.697980175851695	0.813926970142862	0.86426396532672	0.829927165153967	0.851756030614	0.74061999254419	0.850220295500115	0.885981037331655	0.894679203779485	0.940452491240303	0.799798453905916	0.876130042512036	0.616366542324684	0.94161295028439	0.884538618288705	0.810135632625796	0.76261250671369	0.764648764035409	0.887568568956039	0.921801669151013	0.863921170794919	0.905209577870868	0.899570470528149	0.85343585084933	0.895689099892729	0.883327618840187	0.625509401072229	0.566203287483915	0.928506167695465	0.727666331618864	0.747349360175141	0.7016641468332	0.91358917171667	0.856933529348593	0.80235798338335
ITGAM	0.877261007190772	0.763861847459863	0.919062873365189	0.755170839233747	0.826051880983377	0.847914981132764	0.869582285818172	0.920541964875322	0.856206607792104	0.879311803289479	0.729825084066978	0.844563748104143	0.730597900869119	0.860837365018817	1	0.706955687888619	0.664442510649565	0.843691519789697	0.671566047961701	0.816809219859649	0.902443550785973	0.79422336466576	0.677956539371992	0.856987105448252	0.901975975918984	0.893479389313005	0.706847175674409	0.764074581488904	0.829499266241703	0.913735307104816	0.885594389800876	0.762316417700255	0.846982139881603	0.892203058170791	0.614455671681462	0.800133603703605	0.752712179638432	0.713497123790779	0.628336933030246	0.630526264678567	0.643886987491847	0.801591565394064	0.896808994802161	0.759852459236121	0.797428125067007	0.809942354595002	0.521692515609189	0.765430799503147	0.89146887750852	0.601919096306165	0.693710847973407	0.751729672925372	0.713150739959618	0.691699069334324	0.466965784934529	0.608064121186805	0.692256871359296	0.752210810770381	0.934420547998746	0.888731134007935	0.777350014782337	0.798352511110365	0.820144150636284	0.846317282359277	0.865890428928394	0.777029977228978	0.889561302761488	0.830222437467845	0.869199372087269	0.662725532819056	0.711191516907517	0.813235368456841	0.85460375845803	0.818715583866692	0.709395584847138	0.766362095257841	0.868494035417286	0.81104726663276	0.860265539679844	0.780965399396871	0.827548436735445	0.656322575049839	0.899755571179237	0.742010815187887	0.768002479284386	0.789702366832638	0.640639024526022	0.871803223845122	0.79865039136138	0.872159932951356	0.823356353528812	0.863352290305906	0.847777320084055	0.874580767715335	0.840262996410696	0.654080749528784	0.610425960990358	0.892694823201396	0.693667646973237	0.59989866249992	0.771036264328882	0.85819280428657	0.756761216911708	0.690769519434826
CD9	0.786101365378345	0.644870887625133	0.731589183463123	0.365694888079973	0.877987169410526	0.632300665221326	0.938384608588908	0.785944521671981	0.898978503834731	0.764093752459763	0.489758174823111	0.773090720242045	0.686290550577814	0.861880239498726	0.706955687888619	1	0.875257463437295	0.875032044220173	0.753131510705699	0.877307636784059	0.805441505880739	0.475808224663014	0.290515006669648	0.679394775922987	0.834602049731161	0.791885839126484	0.737096903723303	0.74539770967411	0.923539838886929	0.780203369100173	0.880968458358626	0.818134346312882	0.829864825357831	0.861460705578672	0.346616992349122	0.773416383061854	0.857354711448839	0.758683732869688	0.312146029941074	0.771554661720509	0.919840305987339	0.575597445596345	0.82425889222185	0.780149828063073	0.859944557681936	0.847282792328998	0.0871478998445773	0.724695000235401	0.675499651188432	0.852727894302699	0.406948309096923	0.855906894646385	0.377112746041602	0.366871370002253	0.0296932488200938	0.687554018635704	0.850305047024629	0.488018502014366	0.790059463031159	0.792064349731274	0.73477272663383	0.803605700252443	0.734820302851368	0.701624591712269	0.750711975624818	0.421643360113703	0.657059764519032	0.806681635326026	0.79059928245528	0.353191856856756	0.546132185270081	0.587756111288952	0.791365987570078	0.905686372473606	0.895954041953464	0.692576933197599	0.812001833442608	0.65589763718658	0.783326821207712	0.887778914211955	0.85376527748721	0.353331253081183	0.815179925335266	0.858407659923119	0.932709419033293	0.723280045669775	0.553969628802215	0.698664686834148	0.730214685970746	0.792633531671792	0.744964145115043	0.650280589356635	0.754691143695494	0.854807807815548	0.836030883285438	0.788616873047807	0.181498694723144	0.872658836821923	0.827542155998841	0.498755801406297	0.603840358176432	0.823513332550509	0.719891001533906	0.61285483313487
CD163	0.839502017211829	0.444818147823567	0.695105020029131	0.185138090626996	0.934308589725177	0.538675560641641	0.860360761324258	0.743172877364632	0.917020768588143	0.697342277624739	0.285421747858973	0.699477521145157	0.864470675940991	0.715483625201192	0.664442510649565	0.875257463437295	1	0.91972859001079	0.930095770690784	0.857349824760165	0.723962450608229	0.397395343077349	0.188469934193438	0.559649946242931	0.809749362084352	0.742297490768966	0.719510642556196	0.587137287237623	0.808079668624479	0.783221504544977	0.786467756466945	0.662878333904969	0.796685851047394	0.830817062742201	0.195375456665505	0.685946200597112	0.963505776603451	0.916989023004508	0.180313804033757	0.940523435600282	0.921637002565988	0.499373502803697	0.843401500630744	0.857271224122415	0.641164997369462	0.79339605577156	-0.0731465923380322	0.515367668535837	0.58191073683383	0.968465226788067	0.202517544271332	0.962749841573366	0.247978899120414	0.224970237774963	-0.104037523561944	0.895888039798243	0.592572310992153	0.328033180121189	0.733028586418943	0.676289871280821	0.532092147753401	0.687971845803083	0.862808798456512	0.760030848494933	0.673242240617486	0.257928904911541	0.566913541580756	0.736006746103366	0.661315832023894	0.290374804273618	0.360018075987243	0.388805234512092	0.828452384646074	0.952108782755182	0.975361036843623	0.564379978099669	0.818120121358419	0.469759774450887	0.641015231206696	0.938229838433427	0.879102412678637	0.233131604929405	0.68744127742978	0.761609522209167	0.91376671461166	0.729469250321699	0.433729931179381	0.631357077349399	0.535839485533303	0.80447069780466	0.60759865861077	0.595453790595009	0.718835943339304	0.839546640925905	0.862957070999472	0.953112456968012	0.0105677377058613	0.819054045771282	0.884516212504412	0.333591508813296	0.56709610210737	0.735146210418201	0.538305818304989	0.416521987971175
TLR4	0.929371833019629	0.670705645086977	0.879430139099167	0.483099864655911	0.955575597673544	0.758843679581443	0.938287028086044	0.902787703768069	0.966306962993926	0.852715227186894	0.542180204533661	0.84770376706331	0.869391085664618	0.865080494098477	0.843691519789697	0.875032044220173	0.91972859001079	1	0.877756587839189	0.924327833785784	0.873172312581094	0.613798064217107	0.45805386352143	0.740421329674875	0.932127282445889	0.883124626580212	0.778996109942487	0.752983815160017	0.887540578166901	0.921218434331135	0.901070852811206	0.781924975899919	0.897050660509211	0.934805677327019	0.467524426471601	0.825188165974557	0.94046761893604	0.887114333648677	0.449602347868827	0.865065343942549	0.879378943357693	0.72810739918291	0.937664611731974	0.912065423021622	0.779413006721625	0.874499015240665	0.250056765387282	0.688978412394344	0.785199665046137	0.867244485380098	0.492817457783268	0.936077919033024	0.484180036382182	0.466289146415515	0.18068159929057	0.823921426742374	0.70127849532662	0.562824555555372	0.897614535756158	0.841864854465247	0.694632095198443	0.811588286842597	0.916269516817847	0.87701018539276	0.827110715932964	0.558823645640614	0.787855881507437	0.83324627013645	0.834039985918806	0.53745696109991	0.604598907659389	0.640307660529961	0.923745886151808	0.971348146724347	0.923009961433915	0.722560558545545	0.925573899493114	0.695162134782926	0.823898848729505	0.944989532698167	0.930428435979896	0.485062058703594	0.847601839584937	0.823468212548229	0.907440580816741	0.834349526877084	0.599268206682016	0.803943961377641	0.720913278574278	0.92055088274107	0.770867896890163	0.804199529421475	0.842215215790239	0.930914889801887	0.945163016380608	0.886168825684884	0.308883081418829	0.929806655074006	0.876369095058524	0.506914029470342	0.711103475289967	0.855060204333876	0.693720593358594	0.594494404151498
APLP2	0.875304518251922	0.301445794947338	0.662534071476721	0.181026149437762	0.940765483111478	0.466517623040758	0.783539940399722	0.737312170164827	0.87141559610478	0.645993876414307	0.16924721319404	0.622214262798537	0.959814348214626	0.608194826200878	0.671566047961701	0.753131510705699	0.930095770690784	0.877756587839189	1	0.790780779822914	0.622095995448523	0.396755191511299	0.162725432342828	0.487157718045233	0.782176956164433	0.688636862735605	0.712567356404092	0.420392298948453	0.700225243772257	0.736682039360716	0.706099700272438	0.470485520722451	0.68785193163229	0.793266621059678	0.119110059368828	0.557648991110778	0.94454925317884	0.934400270226263	0.140319518853633	0.990145981457306	0.816037600422475	0.431899427722557	0.855874177328227	0.838214013690526	0.505113417324245	0.689187696347689	-0.0530341267515601	0.341763137801785	0.526598475895919	0.942677700554977	0.146226369363331	0.953653851810055	0.209199619955665	0.146000377032057	-0.0258520187917698	0.987551209142829	0.409475624264295	0.264139607967036	0.678232249039376	0.569128472539067	0.37932300809612	0.575195744171077	0.910091434596351	0.829044068390744	0.687013058855213	0.201683473530042	0.497465931387474	0.693254229464732	0.578398084322731	0.284950202236453	0.249971582481077	0.317405053849692	0.820419749544667	0.902824889566419	0.925147618812094	0.469723926187916	0.764532049566229	0.334056110706619	0.55918309739114	0.904337932300744	0.797313008135198	0.148770820748992	0.59257064532911	0.620907070129989	0.825464194364271	0.679388131512366	0.298948737469004	0.572691344744303	0.388385032959955	0.752378628855339	0.514045842576294	0.544697819206128	0.680422109727065	0.78096788099034	0.823878690250212	0.986712211072068	0.00363310098600837	0.761261007080624	0.856274280436576	0.159490301750701	0.512058646221497	0.657076892366632	0.453239158270666	0.282526423398557
PILRA	0.872031978025794	0.715087556441821	0.8300393803835	0.526228503894416	0.913514066240501	0.721749951805382	0.923396882861304	0.889711892516116	0.939793863954863	0.891012217987056	0.532405851353158	0.884247244615406	0.770736383661495	0.895887297033847	0.816809219859649	0.877307636784059	0.857349824760165	0.924327833785784	0.790780779822914	1	0.891451321283681	0.575290905756094	0.555891928969546	0.71127107388296	0.918140125158571	0.852546592404702	0.843684955855083	0.81571642059328	0.941437733514203	0.885247524642168	0.874698834576743	0.847111566724361	0.85222339651081	0.899758101575362	0.520714479693027	0.82801199133607	0.867147057232994	0.786732019783742	0.442915870239893	0.7670997976846	0.87679318627197	0.669399001803975	0.883374928661676	0.882645911519914	0.855414644554977	0.89084522129046	0.272941004439325	0.776891373582476	0.733312802068265	0.797455904830254	0.546009750620229	0.873648737631145	0.43532612128795	0.49439420346286	0.18435747331322	0.730840118153355	0.770687270104197	0.564290402141753	0.871925954010249	0.868178879121853	0.738954076901334	0.842084341575836	0.829898256009293	0.805002642432316	0.860819253817202	0.552044088484873	0.780288812745037	0.875570733999311	0.90588873138785	0.545323737756546	0.607717431972234	0.714410331023084	0.817335143537226	0.919480014213387	0.86672351601369	0.68781244208729	0.860117638541855	0.731208015492893	0.790717226421647	0.876276524667457	0.894311849034621	0.40926395831373	0.83024068474842	0.926997626184797	0.855064816275432	0.753683731586632	0.593501319760946	0.788671256810784	0.733627173426621	0.854169342117236	0.826415031713083	0.799181115495916	0.806910692440709	0.879011819342182	0.900112740956969	0.801960270072432	0.272068278200602	0.931664270426222	0.815392557533495	0.618727782986975	0.612111883558583	0.907143220523603	0.790784703533284	0.58761012475396
CD74	0.851964418236072	0.881146852052208	0.931356671103324	0.762803306486426	0.828751454974553	0.88119777586933	0.917644302301418	0.941112442952783	0.900937166191792	0.93037000693802	0.767695881303369	0.924410292036424	0.645857670560391	0.955301744284878	0.902443550785973	0.805441505880739	0.723962450608229	0.873172312581094	0.622095995448523	0.891451321283681	1	0.745301797216748	0.739285111164951	0.871271850790112	0.900058097234221	0.929626831348123	0.747672583358237	0.915486254295262	0.933667728543872	0.934175251448297	0.948442157566551	0.909968927912363	0.922328926571451	0.915618421055245	0.663298599127118	0.910535430383708	0.760321633748068	0.708088176041671	0.612888149712907	0.592363199419279	0.742498113334807	0.833028743428632	0.868896075780772	0.791479025518079	0.924741022713408	0.912303610953197	0.527586771240659	0.922096674359131	0.9036570900961	0.615484669178223	0.725482844496898	0.754099473981323	0.693879972101691	0.755308989538005	0.411257869690215	0.541483899305837	0.835919520009632	0.764043259317359	0.952038457287478	0.96982118357692	0.88294305158251	0.903699521065351	0.768918278677268	0.806937486122368	0.882472166531451	0.78675347442306	0.917618431887899	0.886241356038064	0.955187695353953	0.709330575008003	0.797374715404621	0.874325007976957	0.819577801385436	0.859675306832563	0.736855537982162	0.820860207964096	0.890531153919125	0.900795980940276	0.899754144938334	0.790668801540781	0.884034410161089	0.634239963132518	0.946085337534777	0.892799093628383	0.798791677599361	0.785739762879784	0.752189906350359	0.888660300179549	0.899950476150623	0.899280435130844	0.908594864109748	0.917121838174735	0.860664445597817	0.899191752028003	0.875845947930066	0.626003787377448	0.578197195108255	0.929232332481588	0.757256838000661	0.752208344238851	0.72444171621015	0.921121773307019	0.868254063265308	0.78356242126436
