""	EGFR	ITGB8	SDC4	DPP4	CD9	ERBB3	ADGRV1	F2R	CANX	CHRM3	TNFRSF1A	KLRC2	THY1	PVR	TFRC	NRCAM	TNFRSF21	NOTCH4	PTPRZ1	CD99L2	LRP6	SDC2	LPP	CELSR2	PLXNB2	NOTCH1	SMAP1	ITGAV	KCNJ10	CD47	RACK1	INSR	KCND2	LDLR	NOTCH2	TNFRSF12A	APLP2	TSPAN5	EDNRB	NECTIN2	PTPRS	FGFR1	CD81	PTPRA	SMAD3	AR	IGF1R	ROBO1	ADORA1	ITGA3	LRP1	PILRB	PLXNB1	IGF2R	RIPK1	ADCY1	CNR1	ITGA5	TRAF3	SEMA4C	MYLK	S1PR3	TNFRSF10B	TSPAN12	SLC16A1	ITGB1	TNFRSF19	LINGO1	CNTNAP1	ACKR3	NGFR	TGFBR3	ADCY9	CADM1	RXRA	LRP8	MCAM	TSPAN17	VLDLR	SIRPA	ABCA1	SORT1	ADGRE5	GPR37L1	GPR37	S1PR2	ERAP1	LIFR	MCFD2	SLC16A7	LRP4	STX4	AMFR	TLR4	DCC	GPC1	APLP1	STX3	SCARB1	CD44	GPNMB	NCSTN	CD63	LRP10	AXL	SORL1	LAMP1	NRP1	C1QBP	RPSA	TSPAN14	CD74
EGFR	1	0.947928961064482	0.557830835567497	0.729040121792226	0.859718706947001	0.806669027365405	0.631190731153971	0.850649475235174	0.962657053329845	0.970056217785307	0.823181388201262	0.863543095908394	0.906972086068331	0.902402813812436	0.918971837577074	0.916024023871736	0.941708971803012	0.619954624313554	0.879688835041565	0.915235320547143	0.909641310216104	0.886276895335989	0.934818431165899	0.936582328488383	0.890992923301953	0.869212977244268	0.938952911346275	0.930802342822863	0.722118822113439	0.934427412856654	0.838990476766474	0.607081438321516	0.854445446308871	0.930784179680891	0.916281965576182	0.648960925899301	0.944884779219455	0.956208486199489	0.803108233991948	0.866893374102546	0.852552079714999	0.974880674243396	0.906715258736068	0.942120939175824	0.712359449420005	0.922991610007359	0.598665413440801	0.962216412359582	0.889312959713873	0.914207095031694	0.902638476025981	0.922537227702457	0.78811376317611	0.86042794451908	0.923881433912746	0.903494661919195	0.680128143895937	0.767386467062251	0.854560565845725	0.821519089626511	0.209559410425994	0.4216127590887	0.661150617988789	0.88988791452373	0.651782797601115	0.89415782289135	0.934500253272381	0.84065031764246	0.767463682174272	0.820894491715658	0.620146679059686	0.809596368591522	0.924946391463475	0.919457967787897	0.855433682341012	0.925912170589112	0.779281800385561	0.890419713299421	0.621542006842092	0.756774026142223	0.60246527241412	0.893973633010466	0.877456751351169	0.768487269873785	0.865799414094638	0.882687049044848	0.847875874283763	0.8777586718131	0.92196607974693	0.890304951887647	0.852433378700519	0.815838887744252	0.920549782296247	0.876200986947638	0.830287212895956	0.78261935502023	0.879240145525271	0.386993328702559	0.713371458722998	0.390115372219228	0.517030162146478	0.913092297862497	0.915128049691354	0.900002619286212	0.766918600523643	0.683727877076764	0.909805508447681	0.716897502746759	0.926326720580609	0.871092172391431	0.731255544682112	0.46342161674745
ITGB8	0.947928961064482	1	0.443232831202159	0.638260261418642	0.83489515381995	0.91251804194666	0.683171029581577	0.885285471696831	0.935454627828225	0.952203905981488	0.81806050467892	0.917682316760845	0.938805799768671	0.944701564642606	0.82959404845314	0.973313061403767	0.967920682180597	0.649002558179066	0.95554234346831	0.915650226831922	0.951278245190481	0.834667904576512	0.953233387036021	0.979383840098257	0.855227536572374	0.939584586420464	0.949738903511384	0.970604583863268	0.808949476496278	0.930727002070074	0.752385306348644	0.731347335428786	0.897086610667523	0.908356165640916	0.944326860782529	0.549173811961539	0.950755133297832	0.921528598912975	0.857221393743808	0.857495834285233	0.908217690570179	0.941557834235851	0.94765754442947	0.972342072422692	0.765422979210185	0.965072759932494	0.613391954193823	0.977992118994447	0.926102655749496	0.885995682619742	0.966402257363009	0.942131116136501	0.877195753408348	0.921585976216415	0.939086020730638	0.914690322769596	0.790230371477111	0.750964610253868	0.843088070028487	0.845145881093922	0.0761265054629303	0.296909249697724	0.539644372872484	0.936240738112684	0.553426807628457	0.876919905939288	0.926439216635714	0.892795465649581	0.853852396397979	0.849414151774247	0.673596086657938	0.783350956485757	0.929639451061198	0.971272049627738	0.824098721713713	0.938572710157237	0.864154566320749	0.894233170191758	0.531636983615775	0.815654492688102	0.635467048379934	0.949590560453123	0.916548317515408	0.853412568105764	0.930115011529466	0.896590511302266	0.919736290838677	0.944637772436382	0.909371608155088	0.943329247541887	0.931680529461332	0.758279000728925	0.925623033774744	0.86590516822904	0.888881148469801	0.726062783765674	0.919655904196385	0.426959348006832	0.636724557333833	0.34550235105178	0.471798717212523	0.938350154562587	0.867403271960111	0.916952976823037	0.841158066754674	0.770026667117366	0.963904057225179	0.672523336543722	0.885356315857335	0.774886377837331	0.803770000671856	0.506310012127513
SDC4	0.557830835567497	0.443232831202159	1	0.864719298047505	0.721916444594644	0.214900446530771	0.159015194604151	0.636148949916838	0.664381821631444	0.517844699587867	0.783638191376075	0.214167165397206	0.320423541170687	0.445760446389427	0.705593592756938	0.520438036579724	0.409495810142948	0.218659144539817	0.227511374382775	0.465616263375913	0.412812855512531	0.690485266109934	0.630052183184525	0.396892899908657	0.740967752887737	0.243289297559598	0.555451083984691	0.400435369545944	0.016931320015003	0.657832863647814	0.811968427327172	0.23774663184489	0.157799699104032	0.541716476557934	0.496631092837843	0.921681214686169	0.602571742878325	0.535465378235559	0.253906837012535	0.678612424581102	0.344456529918735	0.639159295572173	0.429316159834251	0.468671266059771	0.49157248456888	0.447896830860266	0.764120153471534	0.546321239729492	0.352082742556043	0.740378674014735	0.302108340030012	0.393937621681706	0.278519525587271	0.476106133342498	0.568834970670038	0.311512421664102	0.450565369974092	0.766932829993512	0.545474983580219	0.604479509842638	0.794445720718512	0.937139167437446	0.831464114586583	0.388461422517231	0.941505514053917	0.71323771980922	0.613486072945234	0.140725668386546	0.448448999329418	0.284799361146863	0.0778068392266838	0.61984109989089	0.454819766122021	0.502562287059205	0.743466617339685	0.34263275732279	0.307425542768055	0.48641001402311	0.854566193173064	0.244091413100772	0.761967304550401	0.477068219051275	0.411580085779527	0.0543804478894484	0.313268073801626	0.499076508938752	0.455982701364752	0.297164729269378	0.70501828599634	0.358344659377918	0.192658578564654	0.799619982983322	0.56767027830479	0.570677666031347	0.179178657489389	0.869751611996394	0.304990000068191	0.355191221707389	0.880926472776376	0.876496446423707	0.743276981775846	0.625877299660466	0.716575629780634	0.651977504282261	0.465486937374965	0.420178196432319	0.435956781754349	0.803741168235116	0.581541078000777	0.672055374012759	0.284175148534797	0.0991589455427637
DPP4	0.729040121792226	0.638260261418642	0.864719298047505	1	0.797848000919106	0.436024712832684	0.359782113495598	0.761328653683419	0.79772744812923	0.689145892673632	0.848200097134787	0.433626273344447	0.545759288618203	0.671715350475338	0.79791477216997	0.671146348840518	0.653046750183316	0.368693630419724	0.447227127244916	0.672630793973602	0.55559465454072	0.823545873272275	0.736859185935618	0.602516423926014	0.834290448277716	0.459185923207508	0.718190828968202	0.602730134605619	0.255082971691962	0.804481480032264	0.877767724034734	0.338309956893725	0.419694017523208	0.686625047037973	0.677665864146533	0.829512737934522	0.75600677210728	0.718590804637752	0.479099786836969	0.750224679069821	0.462307251988047	0.787452417387511	0.631339919019022	0.666326290390577	0.535902084142956	0.633589893240718	0.727486407996578	0.703618691189147	0.566670754273948	0.827207577045027	0.530667281506587	0.576703185220761	0.497725364746924	0.640264520064208	0.732302715400373	0.563671230640154	0.562863248917058	0.823454886274919	0.640673236529281	0.696430598446141	0.589270879552069	0.821854629420487	0.835410949577644	0.533674538342626	0.909978671763598	0.785745171535055	0.753165577938962	0.404657116756371	0.560917343596436	0.510350349427753	0.332433782560218	0.758838447573252	0.654751483634535	0.660572345220536	0.808389346403792	0.573068046952953	0.500305102460584	0.66446173453804	0.72153408630424	0.481929380132511	0.777872898407816	0.638095015079804	0.601649168545916	0.315556433232811	0.537216351613329	0.651048280602495	0.588419087564017	0.520373844102693	0.817253384686741	0.58074814277194	0.404102241083588	0.823267894881506	0.76552298620003	0.66568353550299	0.417805636579365	0.904231618072501	0.509526958398414	0.372801766760155	0.894600475941966	0.730663998009335	0.741979913074165	0.772505917240508	0.813616394594158	0.765296635019123	0.650992366936557	0.609174821470326	0.621855160123038	0.84118623866106	0.738483173466995	0.798777457245535	0.473248326712113	0.251006001411205
CD9	0.859718706947001	0.83489515381995	0.721916444594644	0.797848000919106	1	0.740916914231608	0.544595326973114	0.858145733565731	0.916102074583467	0.854428126308848	0.919171778786543	0.728667596314879	0.800907163987889	0.791249332034154	0.852075746077112	0.868650035626438	0.831633648286177	0.483692330349957	0.745619206487558	0.791331644276614	0.794617082771158	0.8843362046708	0.890215986622565	0.829226476085835	0.911927845725333	0.713827162817423	0.922411118985257	0.816871674859231	0.585654806646861	0.928997146538094	0.914249242950373	0.586844118450735	0.671646490034559	0.870957460882179	0.878402729012784	0.812019298318528	0.908199142989434	0.843218698861821	0.713983282072461	0.923291299087731	0.7698534135725	0.911624989594251	0.882249862619038	0.885927526725939	0.723640450447017	0.811973020680585	0.762433440381992	0.875206564002329	0.803819684764609	0.919971927447125	0.806291974800426	0.756295947841119	0.711731050350351	0.825123002383792	0.831100224992754	0.786721689810466	0.735996333606838	0.82236239391213	0.799987742882157	0.859882670867473	0.454694029581812	0.599311512210102	0.719219207720227	0.76018433478878	0.801664604851581	0.874889533477832	0.891165427087225	0.715992567759916	0.771930745624447	0.752970143798344	0.550300829325285	0.859531142973318	0.799172028186384	0.887198431270578	0.915429309027008	0.777303400695156	0.662660588505968	0.774105961210241	0.714609938135273	0.715804802502328	0.765410812938211	0.832518909665159	0.824133944704474	0.651709050264803	0.76879683449334	0.878244453365205	0.829481583652154	0.779051202338687	0.92854423229586	0.775461151701384	0.721155176491853	0.881051982597974	0.872107985798698	0.82078308910831	0.71071157551435	0.848334297698145	0.793939314912949	0.485715713874203	0.875562464726045	0.598218780160473	0.638783416010909	0.906004497371179	0.939503668970397	0.891053280837319	0.822266084458592	0.670791363071905	0.844514366607015	0.763260183278124	0.89634299039225	0.835141355248209	0.660924947017152	0.232578395744374
ERBB3	0.806669027365405	0.91251804194666	0.214900446530771	0.436024712832684	0.740916914231608	1	0.646341738047739	0.750270163988552	0.781974693796547	0.823374046750809	0.664498532835772	0.905113993183633	0.900199842203184	0.85817968209616	0.648741241005649	0.880679126046512	0.901572854458803	0.579536276450904	0.940522188013659	0.813816310753055	0.875327529015045	0.67022859211982	0.822525743589139	0.918205778894261	0.719740049771564	0.906684962864798	0.847603440399928	0.901039850169485	0.842107236659925	0.801711299398596	0.551902271992364	0.762016807868025	0.872653013716138	0.774329375079537	0.866154844887676	0.366572658250366	0.835868202140905	0.775696152205918	0.816882134608825	0.754893504302848	0.863737924971457	0.786315788724904	0.896457951865482	0.899799361674789	0.694314805480597	0.852296390423953	0.487810150136277	0.869539387620306	0.886735968559925	0.747814652519724	0.95395838446422	0.862125680208757	0.867971286938708	0.852287412703715	0.795285297014578	0.887036309649134	0.775276460667242	0.602231007593461	0.742138120115542	0.771751062475794	-0.115270320787448	0.0579783495718002	0.294666326100156	0.842940064913461	0.321817053608418	0.734185133333898	0.8230445128234	0.916942324789286	0.813141066385739	0.861077499646883	0.719627729004148	0.657631760655394	0.813765564924179	0.895456264315772	0.667988658188885	0.8568182787627	0.819610981624086	0.790424100892619	0.342707317123553	0.803720350627981	0.485912049548096	0.890381403609008	0.89262970421776	0.907633801565053	0.920081995373192	0.849921748883959	0.85110216469188	0.90833665875487	0.762439027657026	0.889550066236551	0.93611123061516	0.567655155155393	0.810804097706223	0.753546233443303	0.893442200553192	0.539467510359324	0.9118717851249	0.430866051520724	0.454285236203046	0.14689298082912	0.286237841504331	0.832972962687179	0.726816573189446	0.789261141898144	0.785519719079062	0.748616967453319	0.916714308852124	0.485186444171136	0.755056969945157	0.582192997422511	0.786187861741172	0.453006820543648
ADGRV1	0.631190731153971	0.683171029581577	0.159015194604151	0.359782113495598	0.544595326973114	0.646341738047739	1	0.717339742706872	0.672841375915343	0.628079354706305	0.468670987681494	0.611167316161929	0.631773627673464	0.682526368762051	0.507383129279583	0.71650070263722	0.683840998391382	0.578777724046887	0.765841901026929	0.682294349742742	0.651768842215236	0.712770717795185	0.630236910161052	0.734759975415598	0.603642298116153	0.788533307669312	0.679681256238418	0.809776881726055	0.869694758738857	0.641948004218519	0.471908310352894	0.54297371791873	0.76566816720823	0.713405265420553	0.741393823778654	0.175341042165773	0.707364551055496	0.680377837734819	0.941363708034228	0.555141682087247	0.575785201106049	0.61237022922666	0.77640250507307	0.74034241921361	0.500932108506446	0.749599286985413	0.20956063159933	0.673636165164785	0.831309296386224	0.511110716829105	0.691712113947387	0.691335306634712	0.814187676905982	0.654508641101727	0.578985323296101	0.556164316845175	0.545037958573792	0.416722132559169	0.502765778271275	0.675044787160897	-0.00550819558610514	0.0370670454675811	0.27113057464019	0.626842821219275	0.233559515311801	0.562640837499278	0.62635492478041	0.59462586115402	0.459718757619081	0.575427177025035	0.911895201449277	0.708865887323455	0.674620892102371	0.716029655051511	0.592427328469347	0.658713447818035	0.705509628540167	0.603229571166215	0.220307241054441	0.926332294202238	0.334856214328332	0.725520162939796	0.524956608802445	0.784470735813823	0.743465769272238	0.550580944326557	0.68136796603239	0.826605677857049	0.620018688612031	0.574413104184004	0.703400557525793	0.433418744715777	0.666599457165503	0.724073375349472	0.668113778955614	0.362951047343607	0.751113982462518	0.245214663042703	0.407676773906322	0.020304247286639	0.170254083414352	0.620599715275005	0.557594612565572	0.669470657140597	0.703983483673637	0.69122599456048	0.708330210701984	0.350736435995652	0.603294346126678	0.541370306191266	0.71067945807088	0.49328384102305
F2R	0.850649475235174	0.885285471696831	0.636148949916838	0.761328653683419	0.858145733565731	0.750270163988552	0.717339742706872	1	0.925564212921837	0.850303524975192	0.881269450791253	0.707234358603607	0.778935654148376	0.873121910316113	0.819736571774254	0.929588189432695	0.85403285661715	0.615651617164091	0.796493495298427	0.862488510438755	0.820438695181954	0.908604869162128	0.921543132659614	0.875409605041171	0.929142045749776	0.819135215663353	0.89068762743938	0.893338878920948	0.667056669030581	0.918507882971747	0.835267033261466	0.727066287720734	0.743019309132773	0.860685748461069	0.907909458963221	0.678523831238848	0.945498232742674	0.866311674681289	0.826581623002383	0.889805280913719	0.749712073768402	0.892764415629326	0.892141979505281	0.897918121031178	0.765222035733178	0.897753145848491	0.709216372574144	0.908477188608668	0.855631960492305	0.899165881887473	0.812199051872707	0.8454580942409	0.848369428950446	0.862087471676795	0.851688583590343	0.727726526753397	0.797377605322669	0.849658217080971	0.762506788018021	0.913268672714864	0.359096447873926	0.52179413384279	0.649126067296145	0.824677396671677	0.723423655003023	0.917945001098926	0.89445487426415	0.67013721922847	0.767458591385515	0.700772029437609	0.674165620753653	0.87910939916426	0.845870028968687	0.921004649204039	0.89259872393687	0.801546633969816	0.839410480891976	0.849330749787034	0.654391631707795	0.811163708274181	0.766157922595414	0.918550061640357	0.773051593095742	0.694852768864972	0.835014212297573	0.807620996875009	0.880875561270017	0.852651787601168	0.933387556286031	0.783647923397178	0.763132268184018	0.824259295632388	0.89505124494329	0.883351848956123	0.704306929724987	0.823397487072105	0.82306276046029	0.443809417993093	0.791205888052628	0.561175858253826	0.56695668711352	0.932897119656801	0.882391850111437	0.940418760711022	0.884409738107494	0.831047785043278	0.885068426169012	0.831995133197544	0.838251934245024	0.807669577553562	0.808717371416086	0.47957282490958
CANX	0.962657053329845	0.935454627828225	0.664381821631444	0.79772744812923	0.916102074583467	0.781974693796547	0.672841375915343	0.925564212921837	1	0.953711724949497	0.894712409538544	0.806412690147911	0.869907128650448	0.907414082024631	0.935052634512085	0.941691901561464	0.912273003271978	0.62955584740773	0.849201253014672	0.909685593759984	0.899782355362883	0.937219796815451	0.959543961387834	0.923296005389873	0.943351068312901	0.850646074966234	0.961687329175972	0.925047710287949	0.700893822854658	0.978441035563845	0.907542076354968	0.657999627215048	0.80609878529655	0.950959520081685	0.941830559958445	0.741216233514717	0.979855001534921	0.955607670374893	0.820582257194972	0.915948258620885	0.827390125347407	0.982260680762174	0.924940004194583	0.949499093327942	0.768931549847189	0.931663049563917	0.688574648925456	0.967030318048599	0.885175682387518	0.939965928327373	0.873857768960147	0.900515382731872	0.810958579804199	0.886124175373624	0.925236274982679	0.841195101641112	0.735495583787046	0.852894059978584	0.862980184480396	0.881851070806802	0.354585090904942	0.534782380303455	0.751748239345488	0.872058644610505	0.749038714820128	0.950318930440786	0.94387246584258	0.7718092508158	0.766423184608268	0.781960762508902	0.642167246013677	0.886143792959051	0.903314951581039	0.94208814041603	0.934180324887683	0.890523281806678	0.796181331381254	0.881243121632393	0.702933896073326	0.794422328412118	0.713614742137572	0.921501335627722	0.856997592948433	0.731237383031531	0.855124252878136	0.881399823553015	0.895924625197893	0.876498275175969	0.976278182744001	0.859050649248763	0.813628956066824	0.893561807254431	0.939428744070589	0.909032218479289	0.795027666602233	0.852870692432734	0.879072426317358	0.425071763542657	0.808473066052739	0.524856585903469	0.618272572871942	0.948561588363005	0.954266797014997	0.948873291762052	0.825479052889122	0.744597665435654	0.924201480246121	0.784423693010654	0.935665639039861	0.904815177449759	0.763002086487057	0.461829793799252
CHRM3	0.970056217785307	0.952203905981488	0.517844699587867	0.689145892673632	0.854428126308848	0.823374046750809	0.628079354706305	0.850303524975192	0.953711724949497	1	0.808853824117036	0.87621654446718	0.910477282092645	0.92558318908466	0.909396812248226	0.91757875118904	0.923424716214644	0.628721857905853	0.896883949409158	0.895500700394068	0.920464825606545	0.856385775526944	0.940384717307206	0.941239305580723	0.882119787199336	0.879841062568587	0.948986217944785	0.925128676530064	0.735394667787995	0.937605830742482	0.826330252522328	0.658132759054649	0.868004688956224	0.937336493564138	0.915024981642379	0.645148769878283	0.94694287453812	0.951479519664201	0.800997435064745	0.8860431150987	0.887535075390314	0.971503235515551	0.918050244969036	0.947186998708842	0.736960595215213	0.932240663873579	0.605070526079303	0.954795402556096	0.893444239167643	0.907741563895059	0.912119416703426	0.915090812986194	0.795998214537756	0.872160594185849	0.908372147049681	0.911518554242022	0.689386727636729	0.772216789516076	0.898909693006089	0.829221411593801	0.200497036404266	0.381358387734133	0.642890454008143	0.896729649651329	0.628205334713147	0.910549866758459	0.931409521362327	0.85085402842021	0.760004451688631	0.827608567259403	0.625097497150236	0.792455448817906	0.917736194279786	0.92304431903515	0.869239645153336	0.948738120825261	0.804545760645747	0.875577404570958	0.60279635490471	0.762043698898508	0.593894114465769	0.908479005786885	0.89471485936051	0.789557674841928	0.872341036525298	0.894451119505036	0.865747832020054	0.886817044994538	0.911855048269776	0.889183228655739	0.872227366950003	0.821983134528361	0.8960369853069	0.879943209157099	0.868004915893092	0.774918708308943	0.896439890548711	0.380776279287199	0.674575252233557	0.373146682397349	0.509232519743454	0.899234811744558	0.915905654630886	0.88999225602813	0.783826397297995	0.683793208382772	0.92664306517687	0.704951741030095	0.921401364839227	0.850938729919187	0.753946524504648	0.469755597666176
TNFRSF1A	0.823181388201262	0.81806050467892	0.783638191376075	0.848200097134787	0.919171778786543	0.664498532835772	0.468670987681494	0.881269450791253	0.894712409538544	0.808853824117036	1	0.636494451000975	0.730533125331916	0.777264237860931	0.828913817928524	0.877880415911308	0.800577651250789	0.49052435597178	0.66809744030071	0.808811466279885	0.777371893778023	0.87151027444664	0.899429313265833	0.787138086607868	0.904737559489992	0.67388808421287	0.866020132846531	0.77598685366757	0.46881984645883	0.91386229513107	0.894694235523414	0.582385051960327	0.565144400188721	0.812043561756947	0.851359096749285	0.823684173582191	0.888976758714132	0.817853654574214	0.639161945722374	0.897766387771435	0.714411076443562	0.893986818395691	0.80777568983932	0.829395467374088	0.803504398625422	0.804022908467788	0.856425301407767	0.87196966945579	0.715201188716369	0.912779494532784	0.734658225197801	0.741676072488554	0.678553644170734	0.826367923349127	0.851052819108312	0.707361264603192	0.792109207482073	0.87819657691588	0.782748815208257	0.869983898713141	0.492118572259121	0.683888897480933	0.785488730674981	0.748455709733036	0.853322115298384	0.886926972534941	0.886477456925653	0.594927555361533	0.826261929048866	0.667915594088912	0.415310986470597	0.837344249692311	0.770080206646323	0.867578494650351	0.90739124399842	0.704231809076072	0.655551001285723	0.764828452372543	0.793401188417434	0.622115642495475	0.903261417413749	0.807264234313198	0.753686876155074	0.50968454708831	0.730322476361184	0.808739448106407	0.827088141488894	0.72158826462333	0.915070978552427	0.761557168861113	0.638067291735111	0.90746017159126	0.874985828267309	0.796388043336274	0.606189375280934	0.896648565191034	0.696036311555166	0.470436512826597	0.875991536727563	0.76431150345539	0.731182696778053	0.917546015321583	0.909100129323434	0.933544259214094	0.780447811424412	0.722490965253993	0.819153700907247	0.853875284224132	0.835805657159798	0.819964991735485	0.644007143439203	0.302545394451091
KLRC2	0.863543095908394	0.917682316760845	0.214167165397206	0.433626273344447	0.728667596314879	0.905113993183633	0.611167316161929	0.707234358603607	0.806412690147911	0.87621654446718	0.636494451000975	1	0.911140162238903	0.842377347311534	0.711861484001065	0.853235458561405	0.889090110475515	0.598270248745377	0.952487756544271	0.787602737435507	0.89299105375141	0.652419157629599	0.82280572844996	0.909104440570192	0.67913328297895	0.890288325185843	0.876033782474632	0.879547974709288	0.852973871337782	0.804494673008529	0.586171159081434	0.665890525101363	0.89700598290428	0.84251244348202	0.841562491513777	0.386976384750144	0.81438359510467	0.810979363271546	0.792517861854628	0.730497163294806	0.919769117916076	0.823764816465893	0.884291707044502	0.900796104692408	0.646816801166659	0.85915285795163	0.425294113011481	0.866962279232639	0.863668688397396	0.72411516341313	0.95126652404534	0.857957466643488	0.801522287455261	0.807958109111093	0.842280589935809	0.905600907541015	0.600873216029243	0.57312061004206	0.739934973258017	0.720300516377022	-0.111341713834312	0.0972150804878591	0.372977204535785	0.911128424624901	0.33507929419046	0.724836139760785	0.792505443722863	0.948261003064276	0.741263724443303	0.845616954671327	0.646676915041726	0.612294914392429	0.848672890555111	0.865690543655047	0.666841125061589	0.910400282388151	0.761744170613219	0.74766259071157	0.358826153003143	0.750364340518597	0.396449925212288	0.829601829912421	0.89503164397561	0.910120147220051	0.879879782218288	0.856448476359012	0.821778642870629	0.890279856466005	0.762505135472462	0.914229780398315	0.951894329962147	0.62219612241109	0.782297184725971	0.733259471192932	0.900591860855256	0.528737407028736	0.896453447264651	0.34890741249667	0.428989888161568	0.0991296247930583	0.306428866770178	0.786146429560635	0.743714674019965	0.753242329317263	0.715783530988477	0.594547415320526	0.881207274828408	0.458265406708517	0.793731929803554	0.63087760125928	0.712184300157484	0.416423242110154
THY1	0.906972086068331	0.938805799768671	0.320423541170687	0.545759288618203	0.800907163987889	0.900199842203184	0.631773627673464	0.778935654148376	0.869907128650448	0.910477282092645	0.730533125331916	0.911140162238903	1	0.887440201473563	0.785725557001697	0.892300523262268	0.965144399631497	0.563788894060775	0.928398184096109	0.90209363327573	0.871392787046206	0.793005652212043	0.846691315365061	0.93202623177146	0.771970471428685	0.891535810614523	0.925586960643869	0.92271715042156	0.795368829953333	0.863259766781381	0.724929450941461	0.637362242816452	0.901132116759166	0.8693549428119	0.894294585953634	0.473766975844096	0.888748021578738	0.915635727531507	0.824716481067482	0.808180732818355	0.847874510471448	0.89083431344207	0.942942407436619	0.945643341822685	0.682682462971876	0.902115136292589	0.437814838043097	0.922656707710322	0.91081850752929	0.805787938983025	0.946650129383975	0.868478441041453	0.814291289604104	0.832836726865217	0.861442327700838	0.958299653875925	0.729331633611942	0.624706082745463	0.807603143652331	0.743967904445797	-0.062770207298788	0.150879772443123	0.446495360659592	0.880265253819861	0.424757900574318	0.786786926929675	0.869999293201318	0.945848650874739	0.77326533025719	0.92071107312657	0.692470589037039	0.720229624841653	0.865337611770364	0.909579600707965	0.73574333974677	0.944646294850338	0.814134810794613	0.846748732000363	0.410671008470949	0.791171213107847	0.47294119097125	0.872234053743668	0.911108539829634	0.870704347338979	0.915453186400106	0.887981990501429	0.841341103493998	0.899954931359307	0.845680473067191	0.888428277845513	0.898617164702861	0.655103509907421	0.883590089203044	0.779056719352466	0.892653308344917	0.643047199915378	0.918933845638139	0.310213425148463	0.535655231183605	0.173185991374783	0.311181508728413	0.849293650232042	0.848020405090464	0.831325435571149	0.773957029457271	0.650368365533818	0.921526039741277	0.537582806016602	0.918902992207606	0.802038882275401	0.730536997389609	0.435514162703045
PVR	0.902402813812436	0.944701564642606	0.445760446389427	0.671715350475338	0.791249332034154	0.85817968209616	0.682526368762051	0.873121910316113	0.907414082024631	0.92558318908466	0.777264237860931	0.842377347311534	0.887440201473563	1	0.821584016836868	0.926826952895215	0.927135860184576	0.650498133577194	0.896149926726149	0.896207738582007	0.887137277454726	0.832118008026711	0.907115970835512	0.934112330421838	0.843574454129376	0.881693538146382	0.907610381206359	0.923490583896053	0.756065379452015	0.903108375737632	0.736866523317753	0.715923965417883	0.84961899140515	0.874115676490208	0.891977899011789	0.546172934760573	0.922030143577361	0.912829095401854	0.829278842722577	0.841544583485666	0.845076313957169	0.91198568032526	0.909174570396537	0.934293711330841	0.726747715223395	0.923937030022501	0.562481463739622	0.940350036582607	0.908698280917853	0.860742747681836	0.902069884092123	0.890782818878932	0.852077070479808	0.862801165492292	0.884931765164772	0.890408597052549	0.767866228106794	0.745005331161372	0.86124746970586	0.829556423968637	0.0975839359151443	0.314274781557962	0.550470160292159	0.869190857208387	0.557065083053543	0.883318980408748	0.90438088453911	0.834686680783922	0.744423412299863	0.833972726140964	0.685923796052249	0.751266572848143	0.888586458333101	0.919081947224302	0.826591092301998	0.916856596991524	0.853354918745157	0.873004704113258	0.510786382991519	0.800143919769628	0.609273340944773	0.916646985578023	0.888523692123252	0.795309164809674	0.903272443033994	0.862683975424407	0.848488316097633	0.891179586776361	0.878373567465633	0.859994923597693	0.861264873029305	0.730986247423323	0.877157894729653	0.847618953362404	0.848286544278382	0.745495994588359	0.877588954449881	0.344704594433433	0.602887295930347	0.3304380563204	0.453685768059228	0.884367192653182	0.849560068827052	0.891416551219563	0.810388877589569	0.774957111532375	0.927453142101591	0.68121276499334	0.849095793508964	0.76543742890303	0.777619263266393	0.521512635375222
TFRC	0.918971837577074	0.82959404845314	0.705593592756938	0.79791477216997	0.852075746077112	0.648741241005649	0.507383129279583	0.819736571774254	0.935052634512085	0.909396812248226	0.828913817928524	0.711861484001065	0.785725557001697	0.821584016836868	1	0.813506288865243	0.815691952738392	0.584076303716685	0.717636122260145	0.840585335563531	0.811259450646979	0.876269445545765	0.873097494582716	0.808160214497691	0.889438040530515	0.726733396396243	0.8753999330948	0.80780262760784	0.526385067711286	0.91163964307243	0.904473946473703	0.560447948456664	0.710752372834092	0.871174058510188	0.829522845849848	0.79633494222522	0.896915169983907	0.890559202535243	0.664224195259451	0.869948392093229	0.733866548792315	0.940234924082304	0.813915762064404	0.849802330649647	0.683463363422033	0.830713072364571	0.645453557018409	0.883513442445491	0.77913141690076	0.899237713035741	0.75627999822592	0.822615278095663	0.66690503711289	0.797466981322462	0.864903062606066	0.792105971310898	0.589110933965359	0.830428664831306	0.81954687769012	0.793393111695638	0.424995528086278	0.596631738657975	0.794059627627135	0.768410572545819	0.762099154077872	0.921542256284316	0.887709087117727	0.685691763088311	0.664004216750072	0.717502867761909	0.503091938743857	0.785080902917912	0.847933948757083	0.825421093682344	0.877592101465635	0.836147595431623	0.708006981104465	0.845628471824595	0.725532870305159	0.641271170520063	0.640729348165535	0.807963860035945	0.805378280726949	0.586545686919989	0.753377839964729	0.822613152918839	0.755442101467549	0.731431377668893	0.911308015917192	0.766540204979448	0.685178795779306	0.89056224107262	0.854982864891557	0.83982595755783	0.679955073169517	0.854240937327073	0.769437204536299	0.39040827782913	0.771480149753672	0.536823927548007	0.639818211824746	0.842590432761225	0.922884383516706	0.855427272408497	0.692734001070868	0.61393083111286	0.824891469353869	0.778260782430781	0.892074841082971	0.905191334118314	0.650360311741695	0.425898994349033
NRCAM	0.916024023871736	0.973313061403767	0.520438036579724	0.671146348840518	0.868650035626438	0.880679126046512	0.71650070263722	0.929588189432695	0.941691901561464	0.91757875118904	0.877880415911308	0.853235458561405	0.892300523262268	0.926826952895215	0.813506288865243	1	0.938550778245119	0.633516108171822	0.921250530514296	0.908752860232394	0.934474065332075	0.875909958493764	0.968981121609509	0.965783518377898	0.897615766513036	0.918021096511096	0.945070592640273	0.962980913293919	0.789938927383157	0.942559650835419	0.780712465421142	0.754909869977101	0.84074083401485	0.912700955960522	0.960757144409249	0.608106738733307	0.967211526454958	0.907621239714004	0.873511382111816	0.903599986353841	0.888382061120532	0.932641767921244	0.950253868594657	0.966151547597027	0.833343838598782	0.951432252328827	0.69194078708291	0.977051869613462	0.919784046570434	0.901805916866889	0.930750587335719	0.91431492348172	0.881979161214015	0.922162847131652	0.912019381286089	0.848634382387944	0.856979921576336	0.794276256583315	0.853344884341828	0.912384008547241	0.181873930177539	0.372146844503599	0.573713592366338	0.909337624146816	0.614174633258949	0.90128854276708	0.941417836750644	0.819280260894328	0.862157519028281	0.813532832043933	0.688393131829539	0.834739531122554	0.890487264142674	0.984426215854631	0.879538279617165	0.88011563521519	0.838721684827243	0.873174665303383	0.615704898602057	0.84129749190152	0.734992610925156	0.958347391181066	0.880648192074269	0.812849690178824	0.913839405323858	0.887709641558379	0.947648917106248	0.93646943476573	0.927329670492701	0.898766640038663	0.89329045346765	0.802323061871614	0.917208283441025	0.906269822937969	0.845795554598376	0.764365979566248	0.904308432936591	0.445996653557505	0.695514846961981	0.464205956599817	0.51991215305184	0.956310628984241	0.888520837924486	0.965973775661918	0.868522225146717	0.813225824937313	0.961575755770047	0.714500721396831	0.872263209448203	0.78207792254723	0.817711151090757	0.472497949457977
TNFRSF21	0.941708971803012	0.967920682180597	0.409495810142948	0.653046750183316	0.831633648286177	0.901572854458803	0.683840998391382	0.85403285661715	0.912273003271978	0.923424716214644	0.800577651250789	0.889090110475515	0.965144399631497	0.927135860184576	0.815691952738392	0.938550778245119	1	0.592176424212832	0.926105702706428	0.934310788741111	0.889450858522187	0.861707695809478	0.895827086194838	0.960199272615433	0.84052345936484	0.908441365072512	0.938093823061246	0.958692173997283	0.784147567869541	0.909738839678582	0.763043569955188	0.648111221474008	0.889619620450084	0.883615915609665	0.934308640433995	0.519342878845246	0.933061601439885	0.934711969605865	0.862894627437351	0.841095671428899	0.839648861957721	0.926391340966644	0.956768755528713	0.968330799236789	0.714859180295749	0.938295177729433	0.529954646093942	0.956604514389516	0.928306677781526	0.859187348634446	0.945917120939538	0.903152531850749	0.856998530528776	0.881103726876762	0.908411217923423	0.943052362364944	0.792438674029427	0.695722226237815	0.809649692852983	0.80734200645183	0.0151653105491111	0.253446506236604	0.504258664987967	0.878937059589929	0.520006409464545	0.830835297614324	0.913258395711372	0.908575009752465	0.825626779788951	0.908841332246805	0.719666985301853	0.794869497921398	0.907750740191163	0.94880026725796	0.781583006334522	0.931884152580283	0.841264225087762	0.893990446044092	0.460787648678564	0.831428568714049	0.587910900085669	0.914095425486338	0.903411177293209	0.853442875730488	0.938860462143592	0.905217696072518	0.869928216797818	0.92509277055771	0.890510487062913	0.904841621618139	0.891553175272043	0.706524960269204	0.940301793397489	0.833395661981633	0.870930129009442	0.711692347441324	0.915141937078222	0.365522693632191	0.614230485797228	0.280647718532808	0.396873101662651	0.913265887605494	0.874885250571908	0.8945046638979	0.82188298614769	0.747532714948521	0.943913024134453	0.630491508211815	0.915168961051892	0.81497699760528	0.764876436751775	0.459503411457866
NOTCH4	0.619954624313554	0.649002558179066	0.218659144539817	0.368693630419724	0.483692330349957	0.579536276450904	0.578777724046887	0.615651617164091	0.62955584740773	0.628721857905853	0.49052435597178	0.598270248745377	0.563788894060775	0.650498133577194	0.584076303716685	0.633516108171822	0.592176424212832	1	0.653035993770951	0.590836395321923	0.721351033094758	0.519975699505366	0.645602340981326	0.668448832124696	0.570385369577868	0.727528780769922	0.59992713053724	0.66059756538491	0.633707287603782	0.626150854866178	0.43785372706661	0.717986852049615	0.609829019473534	0.602221242358418	0.617638338903883	0.276462684217157	0.641805994597166	0.598604416908582	0.631651677056517	0.53539846428804	0.578412090352246	0.613718252938038	0.602524797984906	0.630716212863871	0.47549146917384	0.661391017315517	0.409488308466315	0.641031216177016	0.620712778339695	0.543089318781327	0.635696874844469	0.714834849000722	0.698075253921911	0.630462561415941	0.612210418429057	0.548143493160691	0.4409615184638	0.648742931862574	0.488703880861223	0.627697031146605	0.116136051551364	0.150810983002018	0.457957191546715	0.62146426541348	0.317022523503525	0.652022577049297	0.561655286264363	0.528724570903961	0.478797510528734	0.44735789717387	0.521123771902813	0.559809106608553	0.63024655935022	0.622419225847355	0.547574638543942	0.611502605858203	0.679713401505125	0.654505865433225	0.385379202490169	0.609439298862842	0.406432906907136	0.651645310392005	0.520464608597443	0.586280876041255	0.627995335511	0.481258681012216	0.647132816137702	0.674611734892151	0.560227151432296	0.657718014246198	0.61921056735137	0.544157403693466	0.609856287592802	0.627570445190392	0.683189894501692	0.394353635748269	0.622920383415857	0.470135911397691	0.406967720168008	0.194453428992492	0.476009320051759	0.612505972338968	0.508783356548026	0.610908226634041	0.550606337958053	0.62950829251972	0.673408624859532	0.560830009487631	0.518644183489388	0.469695733777761	0.714700357011266	0.559063405709422
PTPRZ1	0.879688835041565	0.95554234346831	0.227511374382775	0.447227127244916	0.745619206487558	0.940522188013659	0.765841901026929	0.796493495298427	0.849201253014672	0.896883949409158	0.66809744030071	0.952487756544271	0.928398184096109	0.896149926726149	0.717636122260145	0.921250530514296	0.926105702706428	0.653035993770951	1	0.855274485023034	0.932206497908096	0.737593426219919	0.874019412126837	0.966788956778415	0.745423072775123	0.972387208687024	0.900372728697932	0.960300634456211	0.927305065611409	0.843082075184259	0.606457843617763	0.746978799653556	0.950990060246927	0.873663367157878	0.913780048399725	0.367726866836826	0.881558841115475	0.853641390974223	0.910546778872131	0.773343929773761	0.917107294760993	0.848108049961998	0.942176068095333	0.94687618991656	0.705487543971036	0.922783749266454	0.44829517849744	0.912868077309825	0.946140066592567	0.760925328880733	0.980943665801325	0.918002650514707	0.900536304649226	0.870775582688688	0.852662733682391	0.894341589763591	0.721277612360467	0.610066619507321	0.778230230395326	0.793847782122455	-0.0915874881423286	0.077096159566443	0.360793383945565	0.913625522533355	0.342924872415762	0.770394658122457	0.850622549073675	0.934287542681749	0.778211280271304	0.858921722201594	0.776779656452785	0.705937080646202	0.885644683129027	0.928124929111876	0.723740701981957	0.92494980900407	0.847443233368764	0.822958692482508	0.378417494010266	0.874922958337231	0.461517197906804	0.918311270251477	0.884863352654304	0.953728934075869	0.938665421219952	0.855532202323145	0.885553776324082	0.971276314027945	0.806970093878924	0.909505489412625	0.98314222836286	0.622103891439472	0.83457680048528	0.825109262704778	0.93786631517512	0.544192551789577	0.944310082234508	0.393988473742036	0.47143569074274	0.124476678298592	0.307734119912162	0.842531348377133	0.764550167840628	0.827048339356079	0.799282903530184	0.718981810571921	0.941838409906842	0.491894398135909	0.810566489685732	0.659258675008972	0.805763309243105	0.495485309193369
