""	PTPRZ1	NRCAM	APLP2	TSPAN12	SDC3	NOTCH1	NCL	RPSA	PDGFRA	ACKR3	CDH2	NLGN3	NCAM2	NRXN1	ROBO1	SLC16A1	PTPRA	FGFR1	ITGB1	CD63	NLGN1	GPC1	NRXN2	LRP6	GPC2	CAV1	LINGO1	TNFRSF21	TNFRSF12A	APLP1	ITGA3	CNTN1	LRP1	EPHB1	PLXNA3	AR	INSR	NLGN2	NOTCH2	CHL1	LAMP1	CD47	LIFR	MCFD2	THY1	DAG1	CD99L2	NCSTN	BMPR2	RXRA	CADM1	SORT1	EPHB3	EPHB2	FLRT3	ITGAV	TYRO3	MCAM	LRP8	DDR1	PTPRF	ANTXR1	TMEM67	ITGA7	GRIN2B	TSPAN5	CD46	KLRC2	AMFR	TSPAN17	ACTR2	JMJD6	CANX	STX4	SMAP1	RACK1	CD81	ABCA1	TFRC	TSPAN14	TNFRSF1A	CD74	C1QBP
PTPRZ1	1	0.945013518180215	0.965803263342743	0.931941266566561	0.96689152026146	0.941732211782698	0.902537882840964	0.874547002082631	0.945124903424965	0.863014174926001	0.971820986889324	0.96032440809521	0.943674108091608	0.95602547825103	0.945520512925705	0.905445222978123	0.953654877078339	0.917814446098836	0.960230634495967	0.946844893640013	0.970099394466948	0.946516954042769	0.963714231599894	0.945633824247471	0.874701029902846	0.898027775831168	0.936327305254149	0.907718247726014	0.846296478384572	0.942908791733029	0.886086848800254	0.91833687291717	0.967287717568989	0.920380769877403	0.933027101537763	0.912242702681307	0.862548838975428	0.932737328390558	0.925007398323133	0.92276195022969	0.954901378830967	0.942638830122391	0.852789295018672	0.945710370958655	0.913566470277228	0.961600505109644	0.915281977638138	0.893186911016451	0.959201467442424	0.893878156906794	0.903882354529468	0.956207545191451	0.905311888356096	0.924530962812384	0.868726435307379	0.954642470059049	0.957909990471189	0.858293492137351	0.894882152777145	0.954305072828876	0.913963767417929	0.932032314786876	0.896507972594416	0.916345837842463	0.910810665955891	0.913542678014411	0.885252875369922	0.899118475866484	0.920673684881609	0.847118170339372	0.942287098887317	0.80712897849576	0.971852194634883	0.916067176515921	0.888970329399325	0.920643526446822	0.948086275844909	0.795489256809834	0.846750835783908	0.847087141886809	0.908591711392399	0.173369968823123	0.90058294896074
NRCAM	0.945013518180215	1	0.931881313860953	0.87789395141071	0.964946481884511	0.907522354120389	0.811213460244187	0.83162292622844	0.907766396272401	0.819498742173626	0.942920990253105	0.939929150614885	0.918798217204405	0.904734134926462	0.903809535354563	0.856668296785899	0.94234233477807	0.897383586826445	0.934965511487582	0.939397631637459	0.945755091893104	0.946612800864912	0.940360183454524	0.89561293460507	0.81142625245888	0.865309981843251	0.92300798225087	0.926824287810281	0.836470977934202	0.938328003805442	0.901020613856993	0.880137362338186	0.942154802334633	0.888613646676896	0.925317500019809	0.868751779001619	0.825407736512752	0.934892389977506	0.895440958262044	0.933233978293031	0.939221786709834	0.920644255559415	0.84792933201344	0.901500095448316	0.8452465607995	0.942903333219569	0.890716168906363	0.881478022099817	0.939238645213091	0.883161122300577	0.877300418496063	0.92616906363924	0.875812779548966	0.894144322680016	0.871582358510968	0.943617556343981	0.93198700294432	0.810342927683658	0.852968423249293	0.952341001627966	0.913372419130984	0.914856804988353	0.865733680082094	0.901793439673932	0.890101194221775	0.897363737048342	0.865913233268983	0.86101352822804	0.903224253070223	0.836157393760388	0.923432223297399	0.748872897578586	0.942221609441116	0.905942600068731	0.847506831830906	0.884337354286789	0.93950415122164	0.838733114585905	0.809001246450187	0.85811597212761	0.904652437810628	0.196436301191803	0.843205306145047
APLP2	0.965803263342743	0.931881313860953	1	0.932119718586104	0.951365250722326	0.919043733186861	0.88788589755963	0.846425336466545	0.932820081769873	0.875792334325947	0.965502098607622	0.926291200499345	0.906186885097684	0.940396081543257	0.944650272655902	0.888915513733444	0.955568593470311	0.902593516391699	0.962935507620717	0.950531918662158	0.955642805626242	0.951463642787637	0.943841405391041	0.922277455082523	0.841505069935371	0.863470327711194	0.91636150395439	0.871508775945702	0.858753895078491	0.923677593421255	0.894285420162939	0.877523020389623	0.94095582209615	0.881034918768296	0.900407939663658	0.898862446620793	0.855009868952927	0.899269472125359	0.893495063272149	0.900961138958985	0.95631969582298	0.941964284897108	0.855296628989448	0.926109491631893	0.889180888485838	0.954243133269082	0.888926325622745	0.892912993138188	0.93597655693326	0.878933191584151	0.884038751624015	0.944257124260595	0.882316159081301	0.906070112196882	0.86346370460538	0.944601695067033	0.937031939992893	0.851090749724284	0.88757591324877	0.927704410572666	0.897582256771335	0.904954556829644	0.875643181853328	0.915226891552249	0.901496765305962	0.920124427103208	0.879364498224771	0.866036414213418	0.915026433081781	0.838801618156383	0.936347522705283	0.808285395502072	0.961731333839932	0.902303076206448	0.87302213587551	0.896052473330446	0.927964878721328	0.792036872155413	0.83648900375118	0.855513903742562	0.901165828059607	0.212461780599492	0.870626644115978
TSPAN12	0.931941266566561	0.87789395141071	0.932119718586104	1	0.903358943272453	0.922046842103393	0.923852354243057	0.892393877329809	0.941644681327866	0.876755346366339	0.928184952018354	0.911513111684653	0.898804993020383	0.919104856766568	0.895318893979747	0.883713858519849	0.895532894059287	0.916912467830944	0.91611808285281	0.907125466464677	0.908672247122865	0.882856167886325	0.910023658048106	0.914985240141507	0.868304619317404	0.849641199467871	0.895699914137128	0.852682487595984	0.784241807906398	0.897218084018544	0.823870820765539	0.901366676905656	0.907428487470296	0.889988819116154	0.847941236829015	0.898585542972263	0.795363632487944	0.886932583593483	0.86728335061426	0.821743404790314	0.920541950786725	0.92163700657961	0.848734036411036	0.916863198400559	0.930595220448292	0.918265418261233	0.880763049387067	0.83924806181481	0.916551395796277	0.840874572065524	0.905974243701809	0.899129886202055	0.891463830422466	0.901692774971366	0.826468937835969	0.876350046884699	0.907760185367696	0.86789290949917	0.882133440058607	0.890187724672048	0.855554558868924	0.892616070270479	0.832597641571439	0.846089013740836	0.835530442112318	0.871237389645427	0.847965830673641	0.894053941490184	0.885444593159114	0.839907273529863	0.917050063402393	0.83541332444089	0.940978098991478	0.869439207862637	0.907077640342163	0.910599977081888	0.901322722341933	0.699867648711387	0.806358964865135	0.807883904294895	0.847463976112509	0.149242654385275	0.909187135910912
SDC3	0.96689152026146	0.964946481884511	0.951365250722326	0.903358943272453	1	0.92681022621725	0.851471668601429	0.866589701917764	0.926111579663201	0.823959098057784	0.968048141187211	0.957521501721847	0.930680138415447	0.917130322876503	0.925180379470805	0.886831813943755	0.950764356824813	0.907218207702536	0.952011630842794	0.965907579277737	0.953115730345852	0.965744228295413	0.947684509242655	0.916850906135861	0.833658046637327	0.911765515849576	0.935184759458801	0.928971538260537	0.865397005372307	0.937402079440532	0.912338983871474	0.902111992973488	0.961942028455182	0.90158331035848	0.934451003066745	0.896147999612125	0.842084466548382	0.947496740051236	0.906480891120616	0.939109783649542	0.95733056904104	0.947136078771423	0.888240358301089	0.934543975338352	0.876070552410004	0.952753516956461	0.908089402137156	0.890499342512323	0.958471361363554	0.910328324696645	0.889639240086913	0.946932810501949	0.892285284222364	0.901556467552482	0.870856746071136	0.963033935694338	0.943171216135745	0.83665418636746	0.866952235201933	0.972758009919123	0.913763557385675	0.946320204212757	0.869436903412547	0.923538093491449	0.911516646698133	0.910593059636888	0.87292487812621	0.872489610113438	0.933217146109546	0.861125713830544	0.945900817391211	0.778641181735815	0.968480778490793	0.927773329631615	0.868293294046637	0.919034182775842	0.964744264872217	0.825741907296405	0.847279699486255	0.860053063507198	0.920311766241301	0.205289567773834	0.88028185454749
NOTCH1	0.941732211782698	0.907522354120389	0.919043733186861	0.922046842103393	0.92681022621725	1	0.917605756493888	0.932123412795662	0.94609709187964	0.877635495689425	0.939695965649164	0.955702164025224	0.926066098216398	0.928492612270373	0.89112665427732	0.903616093489921	0.894134524388614	0.944316342417619	0.925151554305427	0.918894242632765	0.940580410819466	0.889475909869948	0.910074708575889	0.947675505738866	0.875658255617233	0.886937989900629	0.953547016355512	0.905801048984792	0.760870614520465	0.924491379496868	0.803720327851265	0.941781315525459	0.93288180005993	0.927588762195947	0.894286625851261	0.935426751636624	0.794536870541893	0.922162972056412	0.897971423639857	0.848537158758019	0.934586321449035	0.928041539369604	0.882149102506397	0.925898703359904	0.934084663713124	0.935040781717679	0.897980617433897	0.846401584865666	0.951396666634404	0.875427553334444	0.94211408897841	0.935794054927852	0.926909686970941	0.940542122590944	0.831216007516269	0.912273313676377	0.927312408357152	0.910401722721729	0.907413680544561	0.914366167773969	0.904390279421887	0.947104920142083	0.835867447244634	0.86135382760678	0.846112973372751	0.89488371328584	0.857293676575045	0.908421865875142	0.921981927793036	0.852872535849425	0.947424149554595	0.844888932074775	0.956851132085698	0.887796263713023	0.923580537414735	0.946873286951732	0.953443310143733	0.729240041786052	0.864482982397307	0.836284466534964	0.863743217958348	0.168196097478467	0.938154801293401
NCL	0.902537882840964	0.811213460244187	0.88788589755963	0.923852354243057	0.851471668601429	0.917605756493888	1	0.948403135565496	0.920914227708718	0.870043540424407	0.894268835723826	0.89216767079429	0.867379598666572	0.913389503256679	0.862700042704035	0.926452202677972	0.838237838876316	0.901211529968387	0.895163474453918	0.862338742886982	0.874600268062835	0.813432306625681	0.858037210655504	0.937182065195021	0.901343297306773	0.85921306988777	0.864252802999093	0.797362146392648	0.723396088678144	0.857704286112686	0.733847405420741	0.929028905744118	0.880538894767445	0.891631121511864	0.823496455165583	0.894596410378571	0.777332521377843	0.851895832020175	0.859455684631453	0.735628202003468	0.890817802911281	0.887377548716083	0.808924617784488	0.902323474938863	0.952753513363902	0.8861200399592	0.86971620399393	0.775488915552409	0.891422595709653	0.843809427633837	0.921830625668134	0.878313575042956	0.895818620536532	0.92438935892954	0.795048257399198	0.8356515285047	0.869245639112812	0.897041709081815	0.890270687090433	0.833873442787656	0.83216696872852	0.864364725050891	0.795132460444494	0.786609459717764	0.787469919123138	0.846692395366895	0.837073164880468	0.867038699536939	0.871794335789368	0.816496741391866	0.904619488939451	0.845413887658188	0.917664841376481	0.828265002633074	0.943681605871038	0.940882767410859	0.870556067543686	0.606167397905493	0.829673508802634	0.765809516519197	0.797736067011469	0.149795698614504	0.958000023097013
RPSA	0.874547002082631	0.83162292622844	0.846425336466545	0.892393877329809	0.866589701917764	0.932123412795662	0.948403135565496	1	0.918858257099297	0.831334464719446	0.882882730769252	0.920981047464436	0.874026210396948	0.873166612155613	0.807241784133171	0.91858497620165	0.821060081857922	0.927121347833935	0.873564521155621	0.881776172738577	0.858627397015301	0.809654206214182	0.850936012486698	0.916285446779372	0.873493649662541	0.903347720320071	0.894629602677253	0.851294729661464	0.721609263884899	0.86654323027884	0.722436045281114	0.958451357418721	0.881781805895554	0.911517784617613	0.836331190010385	0.887443631280102	0.72026833415921	0.893504410867269	0.860204133375812	0.732942791933317	0.893286176910495	0.901135226566483	0.848833620020025	0.895732888169719	0.958072156722159	0.888220150838761	0.879314646390528	0.76359419286438	0.885354475544203	0.882283418467363	0.934441962103188	0.870740008809594	0.909861351998369	0.916836276466646	0.791884241426634	0.842210642433067	0.860337181554063	0.921844854766263	0.90325092488999	0.855762724788282	0.8325445880105	0.899529195007392	0.754322098385626	0.766913482933525	0.750575185874286	0.839983927881673	0.806446237036544	0.88866670878734	0.893667116579016	0.851179408840071	0.913648841404979	0.834934434655066	0.918586541769485	0.834037277506993	0.969343458886921	0.984300379182049	0.903705332012406	0.609090019082106	0.846635381422601	0.781593319695082	0.833099071751021	0.155329961648649	0.983601187357405
PDGFRA	0.945124903424965	0.907766396272401	0.932820081769873	0.941644681327866	0.926111579663201	0.94609709187964	0.920914227708718	0.918858257099297	1	0.873019686668336	0.930529611229082	0.940720492446539	0.915698684741932	0.930732710625493	0.891098308067325	0.906100491175991	0.907454825366049	0.933251883358514	0.92522392904158	0.930640572358996	0.925655824579315	0.880351706895305	0.917551579909489	0.932381359731999	0.881682208072472	0.861977155321391	0.922374809979934	0.885037646428579	0.760403941256998	0.91059731264993	0.813506694878526	0.927745109699597	0.928958059351296	0.906098023061742	0.884213045248947	0.908292965045832	0.786870564100329	0.919081678207319	0.901158919490457	0.858612196627983	0.941656198969001	0.952284076270892	0.891083818403712	0.924514647413934	0.952926464735396	0.936932755328884	0.911277382150486	0.841175422326705	0.934696550962539	0.875968269625054	0.940719251905254	0.918924135579121	0.932526041026286	0.919828000182514	0.810239452024648	0.902839689123386	0.906063988184074	0.896655416999385	0.908523359683234	0.905631078751717	0.876046905186018	0.91614860785355	0.828102524012563	0.844369623868167	0.842762089315146	0.875920049606026	0.854260375225286	0.908186570356664	0.909356537103958	0.872696825150137	0.937534599646232	0.847441724605251	0.958116089777419	0.886986236589174	0.927349516830704	0.935504211837848	0.932130032103537	0.702500166023363	0.839514824034807	0.823323805675154	0.891137346475538	0.169950368799052	0.929357506571935
ACKR3	0.863014174926001	0.819498742173626	0.875792334325947	0.876755346366339	0.823959098057784	0.877635495689425	0.870043540424407	0.831334464719446	0.873019686668336	1	0.863980983551718	0.855304150529469	0.845673558224598	0.865755136327827	0.850829801045946	0.844024842884712	0.831699904537417	0.854441160197631	0.842590199591665	0.836682308565312	0.858115618994957	0.813831189304611	0.845440005785242	0.873125751915329	0.830084404464907	0.786279414841391	0.850805253451677	0.793467613593472	0.697047433394638	0.8408447004773	0.73483901859075	0.847837573336045	0.834435085035599	0.83156312571217	0.777299547669531	0.857286438907753	0.73367812949246	0.812013221775252	0.807049461704094	0.742881633755785	0.862578655896589	0.85666966098553	0.781777295826798	0.845345131157489	0.860980115677567	0.852549423473847	0.818156998473679	0.786318597517683	0.852866811167816	0.793528390178307	0.854126114382954	0.848734430383694	0.844782424951389	0.856741318445907	0.776269786244436	0.811627222963153	0.842221022414232	0.819548007509169	0.849894320171854	0.809211518385505	0.82176949859082	0.820309709638204	0.7785912936888	0.793649904515408	0.768296729709694	0.818194032376194	0.779774005465618	0.840588707104868	0.80520599596175	0.758404727329516	0.859110623073004	0.778857632368283	0.868917885044818	0.796447218213577	0.849493232225638	0.845782245233959	0.843148329194068	0.628299452638813	0.738946192498031	0.766829153435003	0.775495452908937	0.150132757436454	0.85236587022025
CDH2	0.971820986889324	0.942920990253105	0.965502098607622	0.928184952018354	0.968048141187211	0.939695965649164	0.894268835723826	0.882882730769252	0.930529611229082	0.863980983551718	1	0.944823924006109	0.929416456906821	0.933253352437278	0.93774584025319	0.89839715218281	0.951777673574799	0.915377099553089	0.967878552729253	0.969286547419076	0.9567716290012	0.962772785247207	0.94234803576576	0.931665093909828	0.850421228609456	0.914957851086916	0.931834711690491	0.906009014674434	0.883137254329221	0.929888769510826	0.906419293918272	0.89621585134121	0.946132434121849	0.901622568366337	0.929850911848499	0.919356104900182	0.844219917067452	0.922924366789423	0.904325055958928	0.918181461108452	0.960809830692034	0.953541494229043	0.879381596143924	0.939628541512264	0.900295295704413	0.961243352722405	0.911884201236717	0.888365356047897	0.956999360917798	0.894742357093665	0.890380048169169	0.951311054772564	0.896808458290091	0.923492372096646	0.891554765815962	0.956900844522302	0.952912788875837	0.861097699960966	0.882792513690573	0.953013627617637	0.91657849983989	0.931580088652275	0.881988096934975	0.923367360407431	0.916637275140302	0.927987416108149	0.878517087057186	0.884976082675049	0.923207625901316	0.860682624400556	0.945609717739292	0.804298738150816	0.97582603459627	0.906082836692078	0.886030465059657	0.931998922488892	0.946631810640943	0.80094837542035	0.8489291258537	0.848433908809561	0.91414118222716	0.173707897505251	0.906124761255857
NLGN3	0.96032440809521	0.939929150614885	0.926291200499345	0.911513111684653	0.957521501721847	0.955702164025224	0.89216767079429	0.920981047464436	0.940720492446539	0.855304150529469	0.944823924006109	1	0.940409273309461	0.922321306472865	0.899253739806272	0.898818734964802	0.918421471809941	0.939719768819778	0.931954345221251	0.948633530262891	0.942120353245517	0.921049467118318	0.947675716141913	0.935830920355867	0.873345616803125	0.904602761745761	0.955285920367834	0.926802466284937	0.819196095483274	0.939143509703478	0.850079114116707	0.939877160820897	0.956319127278072	0.93152352239601	0.921621333990881	0.908811657198912	0.81275796113716	0.953960069187212	0.900868815848335	0.882875603806439	0.948478937943364	0.943927290217077	0.873986423440426	0.923359216594804	0.924431704148132	0.949177119662496	0.913210403648671	0.854648111540607	0.946418604956996	0.896743759131924	0.923043580295232	0.934626598795127	0.91149276626891	0.92082471950869	0.853047045078299	0.932290446362291	0.936646948093179	0.887256028461041	0.904934351775017	0.948864533313543	0.897300967875595	0.952325177928497	0.844869200004238	0.885302947112604	0.877291567426987	0.896385737876878	0.858503935584644	0.900527558510223	0.933043417441282	0.866870599607393	0.948761985666522	0.815405832366495	0.959575443564578	0.916145167604401	0.919625349235211	0.948359475361895	0.963967789751336	0.751403551054728	0.849935915647797	0.844828809357371	0.903506972327969	0.1712487519355	0.934411633399283
NCAM2	0.943674108091608	0.918798217204405	0.906186885097684	0.898804993020383	0.930680138415447	0.926066098216398	0.867379598666572	0.874026210396948	0.915698684741932	0.845673558224598	0.929416456906821	0.940409273309461	1	0.909189345995691	0.895346142620023	0.884782750047801	0.921653498019855	0.909248900909995	0.915255434563303	0.906304759813414	0.928837002504201	0.890134760061079	0.932144727344214	0.907723290689358	0.843959621647431	0.873113388654348	0.912405759302766	0.900950540472569	0.772898616492904	0.917969240191077	0.829289905334697	0.910074428585887	0.932213964255464	0.903804189053339	0.886150139247905	0.879243163193551	0.826755954173713	0.901400092434494	0.888433067199172	0.885168326582519	0.916472185496135	0.922729460182541	0.83053422197729	0.905944788500741	0.897420071687636	0.926781803174505	0.894436212355854	0.83352826772124	0.932346731841356	0.876181295757263	0.904292481403362	0.914034235858462	0.899274088049743	0.89483760163261	0.854028146780233	0.911980144388246	0.917662418748113	0.820036769583366	0.884375835022658	0.915469125905445	0.890907259492934	0.900463344641505	0.859105489059594	0.871521785752777	0.862559637041029	0.892648860415951	0.822870137803382	0.90081688871272	0.885657520347075	0.802024892149381	0.910786142982035	0.798502908954582	0.935154944373356	0.871766600936353	0.873750113663845	0.906633421544584	0.926240205196515	0.776886455296741	0.808836055007039	0.810870014198446	0.861952383130976	0.152096588285371	0.889609482745967
NRXN1	0.95602547825103	0.904734134926462	0.940396081543257	0.919104856766568	0.917130322876503	0.928492612270373	0.913389503256679	0.873166612155613	0.930732710625493	0.865755136327827	0.933253352437278	0.922321306472865	0.909189345995691	1	0.920688630721856	0.907636368157984	0.919173431941261	0.905623409891876	0.940041775779648	0.89764406649555	0.947971155806817	0.893019272399144	0.926932724312259	0.937126773093002	0.893001461870208	0.837104418556655	0.913298823572429	0.861084732757101	0.766725409552751	0.930808464231649	0.836399389585887	0.911751280065695	0.925011554650377	0.898044029517974	0.886472771743552	0.896098784602405	0.873802572684415	0.901547886319649	0.897730864696783	0.853561279913823	0.928242598539529	0.902651240883078	0.817333872287051	0.923202300919542	0.903049308150023	0.936807678128921	0.902610748240462	0.868869701630832	0.932579206612625	0.874265992742622	0.916547639060906	0.925882218256452	0.908827223894109	0.933871051722407	0.833386835890693	0.906415235650348	0.923796319562543	0.851804969568055	0.907853610419891	0.909410471720457	0.898650096862991	0.896619324409279	0.869344172859939	0.870736308832037	0.862645625473242	0.901584361578878	0.873122636990493	0.880003219410518	0.887918130878804	0.826795633272638	0.914427017323394	0.823446770353811	0.936975828079612	0.865917130971015	0.89730652483547	0.900828635277962	0.910168288521259	0.746174873616478	0.816125412242867	0.832628063749905	0.84931729511145	0.166161734501072	0.888569524629599
ROBO1	0.945520512925705	0.903809535354563	0.944650272655902	0.895318893979747	0.925180379470805	0.89112665427732	0.862700042704035	0.807241784133171	0.891098308067325	0.850829801045946	0.93774584025319	0.899253739806272	0.895346142620023	0.920688630721856	1	0.847894988439021	0.926171788933364	0.864609533123525	0.928471819461626	0.907273713927657	0.934462559213433	0.923435629849105	0.923661664336341	0.910754141468755	0.820647318785492	0.841453930761427	0.878369341410922	0.843495342440849	0.805432605527874	0.903944206331471	0.884973903431729	0.848956564902515	0.930590851356956	0.865201992837379	0.89517525872099	0.893765535275676	0.865743649164754	0.872454958467655	0.862969952332183	0.88557608171309	0.917350521281194	0.898540634838191	0.820894735951637	0.887116750020152	0.841332811402667	0.913979044213882	0.882940155860463	0.880221351160489	0.932366758550984	0.83846345566376	0.854085181470732	0.93004438587279	0.857512893572271	0.880622377449373	0.832167908887393	0.912463566253466	0.920712016558375	0.774859349384561	0.833577150093815	0.906524853488027	0.882092773238853	0.88566808226156	0.874925828548381	0.905228081994719	0.880705893774109	0.89957430569727	0.856982538524153	0.841337656106817	0.862944222254763	0.804191198693064	0.906605918072771	0.767702470645512	0.929913200593132	0.896168166235871	0.82212029175131	0.859148380916949	0.902839722178843	0.781626936971781	0.828343084369981	0.816185795716978	0.847220414554696	0.205613971586303	0.836127169901251
SLC16A1	0.905445222978123	0.856668296785899	0.888915513733444	0.883713858519849	0.886831813943755	0.903616093489921	0.926452202677972	0.91858497620165	0.906100491175991	0.844024842884712	0.89839715218281	0.898818734964802	0.884782750047801	0.907636368157984	0.847894988439021	1	0.865757755760981	0.89469172094627	0.899397796015885	0.870684078707402	0.893156691946681	0.846534621188393	0.875969637586038	0.921426306478619	0.86641954267746	0.888876459734177	0.88120168238744	0.82168377100102	0.730538078040884	0.871400231730323	0.763816085773938	0.922350158703503	0.889379608203298	0.897159360662044	0.855018474992507	0.891402789117664	0.794376230321617	0.85868421707456	0.867562069724064	0.779621250423372	0.885769381586802	0.891466967956517	0.804659708693361	0.9037255139444	0.911779368734976	0.903864315726918	0.879394802846764	0.805607039016709	0.896018382288858	0.882971099374665	0.901041344001135	0.881152379896368	0.884456471522709	0.903745904881292	0.826664152658742	0.869107302933155	0.881540413780543	0.866297265130432	0.879687732153489	0.863887577168422	0.86740531689071	0.878166646619304	0.833997190078239	0.816327567476311	0.787833101349272	0.857023969210029	0.843166106897805	0.863423735970828	0.875178592710996	0.810449049361942	0.907498797822372	0.800682701447871	0.926094689779595	0.832991207207613	0.912961684934457	0.93530849240533	0.883024191190124	0.672989851789144	0.818171484769524	0.79187937359817	0.83023674927003	0.137407712790051	0.920167752002354
PTPRA	0.953654877078339	0.94234233477807	0.955568593470311	0.895532894059287	0.950764356824813	0.894134524388614	0.838237838876316	0.821060081857922	0.907454825366049	0.831699904537417	0.951777673574799	0.918421471809941	0.921653498019855	0.919173431941261	0.926171788933364	0.865757755760981	1	0.881181778426979	0.948763021305368	0.93944252096162	0.947384694723011	0.948556214009278	0.939897464506433	0.895012553095233	0.807043475712117	0.853410372938138	0.899153135232593	0.889456552564492	0.846033123083211	0.918669949313956	0.905328428637998	0.864156036917155	0.941156597917882	0.874086544409219	0.901929795001957	0.864609476731045	0.87644036673603	0.902934509018151	0.896239775753942	0.918900138789988	0.943244962831148	0.931753242130094	0.840656467313878	0.910601019353761	0.852474501295262	0.945986238869769	0.897306503522196	0.882479076002558	0.934448725788478	0.884520325757231	0.863541720532865	0.926337836585442	0.862783003994885	0.874771083945428	0.861298091346766	0.94736906618359	0.93401055762539	0.807471537752292	0.869089738753214	0.94125516982695	0.902889421212007	0.889782678951424	0.870270728045437	0.907468111170897	0.898982185430251	0.920547702437648	0.867705668293761	0.858128630319838	0.902915266080192	0.820562631428763	0.919791978000733	0.771207716766512	0.944794805487873	0.896195260924383	0.840720199609036	0.881853611982061	0.921720465142741	0.840597028488627	0.822771694609077	0.861278058703571	0.906410533050881	0.236576485403657	0.841159901807417
FGFR1	0.917814446098836	0.897383586826445	0.902593516391699	0.916912467830944	0.907218207702536	0.944316342417619	0.901211529968387	0.927121347833935	0.933251883358514	0.854441160197631	0.915377099553089	0.939719768819778	0.909248900909995	0.905623409891876	0.864609533123525	0.89469172094627	0.881181778426979	1	0.913057970612117	0.914693565584034	0.90309829180413	0.878115373697037	0.902400920871743	0.911546367796517	0.857796406591229	0.891045136008306	0.916824132625653	0.891950635152647	0.784928502419646	0.908908541203468	0.816565411526497	0.923685243039406	0.908459490150246	0.912677281928556	0.87292965160996	0.908801338182466	0.756785452917211	0.914207349127675	0.861333738240492	0.817893164450027	0.929813134582828	0.919706442929884	0.873938252739686	0.902360913453294	0.931438144232383	0.92877793392211	0.902008654681658	0.839585731273631	0.912969870651297	0.864449814017319	0.924917521981722	0.90101697881888	0.910943019120991	0.907179989900474	0.819847339279171	0.874577954471076	0.907210212972472	0.891619520519513	0.904022648309744	0.890182740455143	0.887975038498171	0.90991350619308	0.83607214333518	0.829010263913587	0.813688015554705	0.880569048865243	0.835630976976864	0.902572872145664	0.889388304295847	0.872103126608618	0.925561978831556	0.844867164469302	0.937151368807296	0.86394632550774	0.926945254542008	0.942989927638994	0.922479944189036	0.697016322962109	0.829192033847189	0.825161824452718	0.880744372497335	0.143498658431607	0.929773819648261
ITGB1	0.960230634495967	0.934965511487582	0.962935507620717	0.91611808285281	0.952011630842794	0.925151554305427	0.895163474453918	0.873564521155621	0.92522392904158	0.842590199591665	0.967878552729253	0.931954345221251	0.915255434563303	0.940041775779648	0.928471819461626	0.899397796015885	0.948763021305368	0.913057970612117	1	0.954208461672156	0.945896831082378	0.943385775167645	0.936621537659725	0.9136337699191	0.86423590299756	0.885347412933362	0.915115656058568	0.885944165515503	0.856485738393435	0.92353930494569	0.895635141237675	0.884092944533834	0.947165840780347	0.885996540588045	0.919085286118667	0.90091208262665	0.844465413325487	0.905750509452777	0.896056387068356	0.895086930200375	0.957847986402465	0.938032449448525	0.866768230408643	0.927757536687188	0.901318383025873	0.955803204931637	0.911031985633472	0.88347420443923	0.942521544592278	0.893573338721425	0.894459463808554	0.9476633775051	0.889954832834463	0.921314180828763	0.876993780859927	0.947755431435897	0.937862142259398	0.856891439224694	0.891889398613487	0.939820675284365	0.916274709085373	0.912311948622435	0.885609479965449	0.916278645228562	0.908798011914307	0.915052436299531	0.885835499336794	0.875952844112655	0.912987098998749	0.854819993084024	0.948860346879366	0.824301952028666	0.963303325671758	0.910204947678741	0.886245981160232	0.920514102537527	0.939243483318222	0.798767350579591	0.858387110924577	0.86057092118247	0.91587071099287	0.242505508530239	0.890872381172015
CD63	0.946844893640013	0.939397631637459	0.950531918662158	0.907125466464677	0.965907579277737	0.918894242632765	0.862338742886982	0.881776172738577	0.930640572358996	0.836682308565312	0.969286547419076	0.948633530262891	0.906304759813414	0.89764406649555	0.907273713927657	0.870684078707402	0.93944252096162	0.914693565584034	0.954208461672156	1	0.9235079169486	0.957046108899771	0.925497637166631	0.898194084878896	0.833412389806948	0.916606437210772	0.922376772150917	0.918327687538274	0.905864998542141	0.913587901907559	0.914377822284891	0.879162240100601	0.937143114784812	0.878893115643234	0.921270656013487	0.893310169089441	0.790616578961792	0.930717142806167	0.882739757927229	0.914125748035506	0.968627202020155	0.967460221822423	0.910004694347542	0.92167217946436	0.898114092942893	0.953565966343076	0.910454816783	0.870114132519511	0.938356188944672	0.894614036346072	0.880745797696716	0.934356667514265	0.877093034555431	0.892392118025311	0.865630856794157	0.946414699667054	0.922722122222324	0.863794141321267	0.867205187405867	0.954529951580291	0.902069453708587	0.929501543078863	0.842893834484539	0.919629181819266	0.912897611639802	0.894265641428573	0.857364427923188	0.874708261633863	0.913192218695495	0.893079422505707	0.945567747424068	0.788458024692873	0.967236244418302	0.910429227105103	0.884751695362441	0.932613683443509	0.953383907936403	0.77445284250636	0.85167068060974	0.848235916802711	0.94743822079292	0.203008110720596	0.904572677552048
NLGN1	0.970099394466948	0.945755091893104	0.955642805626242	0.908672247122865	0.953115730345852	0.940580410819466	0.874600268062835	0.858627397015301	0.925655824579315	0.858115618994957	0.9567716290012	0.942120353245517	0.928837002504201	0.947971155806817	0.934462559213433	0.893156691946681	0.947384694723011	0.90309829180413	0.945896831082378	0.9235079169486	1	0.937576755612742	0.953174118356028	0.934217765639121	0.837348129621494	0.875582470656436	0.935106474975845	0.898052888966121	0.8043732338566	0.93590629479799	0.868495796077421	0.906965477301434	0.952237028942325	0.913168359805739	0.918181984248736	0.917640190122497	0.873655091515039	0.915952898317063	0.916116924419235	0.908457869691395	0.942875979583613	0.921261795172964	0.834684406052844	0.929414023124898	0.88513249873976	0.950040138675632	0.899424493107386	0.889120965746342	0.955994005435367	0.881009991068393	0.900288588751591	0.951003124632285	0.905880798370426	0.925538088580516	0.866772500884122	0.945736313340321	0.956405849397084	0.844907414769533	0.881471527842305	0.938767436169524	0.906018487933916	0.925159205053557	0.885865998674584	0.905462288042381	0.878724633864636	0.919861212091505	0.875461058857726	0.893045367552922	0.913752033414208	0.816376602393532	0.933301944208569	0.794508861923093	0.953580349495833	0.905357281770435	0.86765713654859	0.902571580446945	0.937072121588607	0.808951105205304	0.828364164402169	0.852019771542737	0.877270761659474	0.179221386281491	0.874227496566389
GPC1	0.946516954042769	0.946612800864912	0.951463642787637	0.882856167886325	0.965744228295413	0.889475909869948	0.813432306625681	0.809654206214182	0.880351706895305	0.813831189304611	0.962772785247207	0.921049467118318	0.890134760061079	0.893019272399144	0.923435629849105	0.846534621188393	0.948556214009278	0.878115373697037	0.943385775167645	0.957046108899771	0.937576755612742	1	0.931566343073417	0.878529942883096	0.792206410011501	0.883161658168335	0.901946369495594	0.897340893721679	0.907155157310782	0.912304465838647	0.934424806015417	0.847038042389469	0.927161375520233	0.853144470878225	0.914258938016036	0.877014845522698	0.837044610509961	0.904592860963126	0.868877709628188	0.922343158048967	0.938648575113361	0.926721729134963	0.852852597502783	0.906129805130068	0.830612603104887	0.942694182314698	0.88324157391825	0.886529308999495	0.930511553050381	0.870071541383459	0.829447418659777	0.927955774135766	0.837911665123932	0.863038880023306	0.870164285291909	0.943039957045328	0.93550591986465	0.805056008380062	0.824291058683631	0.952281448433812	0.903361117484745	0.903556695031034	0.865788137760764	0.924375386837045	0.913435127244116	0.90163364149673	0.847143065576397	0.835714064181226	0.901270526567723	0.837163913817615	0.914862334290794	0.741416351314126	0.942886599816564	0.909657522153443	0.819058537464316	0.877876118129951	0.929925000554309	0.821485397382226	0.812849011765603	0.846445467477085	0.909850172625997	0.187418459587651	0.834522199511454
NRXN2	0.963714231599894	0.940360183454524	0.943841405391041	0.910023658048106	0.947684509242655	0.910074708575889	0.858037210655504	0.850936012486698	0.917551579909489	0.845440005785242	0.94234803576576	0.947675716141913	0.932144727344214	0.926932724312259	0.923661664336341	0.875969637586038	0.939897464506433	0.902400920871743	0.936621537659725	0.925497637166631	0.953174118356028	0.931566343073417	1	0.913754514494544	0.843683993786577	0.867190366140519	0.919869760797406	0.90176183987197	0.82920871595813	0.937763805741264	0.876174855448386	0.899834993047073	0.947625859720322	0.910603712698403	0.907474007158908	0.888424941481457	0.853105133012651	0.923454261630402	0.881668401607903	0.890883138027077	0.928998503503205	0.930690316075562	0.817668393556755	0.9190067769025	0.887222603018664	0.942487583665806	0.901518474497566	0.863457440753389	0.928374526539425	0.886507787420856	0.884185353325929	0.927542441329193	0.881394089817707	0.89248927290791	0.863842682324495	0.92447543847523	0.942585806314126	0.828248687076876	0.889003278718463	0.941969773672573	0.882217234079181	0.907089181473067	0.879073223517509	0.890858366157745	0.885064033732421	0.90446432659297	0.857692638500809	0.891292254511438	0.908733054788337	0.820342956072792	0.92340321062909	0.79096475146308	0.939568890871549	0.915168042317936	0.86365571641007	0.895701554785884	0.927696334144557	0.786864077848016	0.814481100727778	0.846731278322011	0.899523507469497	0.174027743953923	0.868853712674528
LRP6	0.945633824247471	0.89561293460507	0.922277455082523	0.914985240141507	0.916850906135861	0.947675505738866	0.937182065195021	0.916285446779372	0.932381359731999	0.873125751915329	0.931665093909828	0.935830920355867	0.907723290689358	0.937126773093002	0.910754141468755	0.921426306478619	0.895012553095233	0.911546367796517	0.9136337699191	0.898194084878896	0.934217765639121	0.878529942883096	0.913754514494544	1	0.88564466874687	0.876090286125499	0.922714144176695	0.877310353540962	0.753807962951924	0.915701706125241	0.811329973635244	0.937817919062768	0.932037708784055	0.933126769937893	0.896377334422695	0.920964697977307	0.833221306558745	0.909828352475484	0.909766042256456	0.837075269753082	0.925181791888258	0.908702717189015	0.849036104802956	0.920495700557859	0.920996084957346	0.929201977103387	0.898009767603537	0.852365452745178	0.949877590928283	0.873896232282272	0.939052608889217	0.92516697996161	0.9113777847521	0.935923304925011	0.836815764428842	0.908170564109423	0.923448138021378	0.878173544573043	0.897622294616831	0.899188345582213	0.895085992337602	0.91790904390259	0.847873670237097	0.857842373209314	0.836441861260357	0.89682433432279	0.881359947070366	0.878102351373232	0.898369417378889	0.834558602911429	0.932226279274843	0.815458736339737	0.948922863570274	0.882091534579667	0.908130566737318	0.931036266721246	0.928720614083468	0.725478623367034	0.858307959560514	0.81503085494861	0.84128618639394	0.16743339841848	0.92999634647931
GPC2	0.874701029902846	0.81142625245888	0.841505069935371	0.868304619317404	0.833658046637327	0.875658255617233	0.901343297306773	0.873493649662541	0.881682208072472	0.830084404464907	0.850421228609456	0.873345616803125	0.843959621647431	0.893001461870208	0.820647318785492	0.86641954267746	0.807043475712117	0.857796406591229	0.86423590299756	0.833412389806948	0.837348129621494	0.792206410011501	0.843683993786577	0.88564466874687	1	0.784522667927317	0.861960050639425	0.796691156421722	0.690691896600382	0.847634014197222	0.721895528824945	0.882144794898459	0.848575884970946	0.852803248959632	0.808210040719034	0.84115089744092	0.739088736342883	0.839997017804379	0.830097592273933	0.728640926084851	0.859292644962315	0.844801375828505	0.788034657595866	0.8749094949202	0.884148662867674	0.869592737677555	0.842079541059131	0.762452278286586	0.856728616944678	0.829432488347915	0.891618594258318	0.829871188224464	0.860134852568751	0.897721797152024	0.76082537351117	0.803034024759097	0.836318407724522	0.848461130850698	0.858518026542566	0.833635624013094	0.827033810045227	0.850099291282803	0.77087622801383	0.760540929616573	0.794764926655039	0.801797888465245	0.802286845208454	0.820906144431468	0.830235125133241	0.794736305685725	0.857538428066352	0.794726306915082	0.88114176081099	0.813288752086308	0.881872786799161	0.873010688683979	0.853324260799863	0.606023550513876	0.782202256703094	0.737939489113131	0.779794774290132	0.14109219389496	0.890348211950409
CAV1	0.898027775831168	0.865309981843251	0.863470327711194	0.849641199467871	0.911765515849576	0.886937989900629	0.85921306988777	0.903347720320071	0.861977155321391	0.786279414841391	0.914957851086916	0.904602761745761	0.873113388654348	0.837104418556655	0.841453930761427	0.888876459734177	0.853410372938138	0.891045136008306	0.885347412933362	0.916606437210772	0.875582470656436	0.883161658168335	0.867190366140519	0.876090286125499	0.784522667927317	1	0.865544309148114	0.860061272610054	0.839321533667109	0.855565923609783	0.811577388283516	0.888431789402084	0.898363353119747	0.870419050641166	0.879339568089833	0.872121363461739	0.729089852681146	0.888711370849335	0.841045731538899	0.828002003332059	0.892078767492738	0.900344580133086	0.839085777199943	0.874270198208619	0.883131782827141	0.887005883503173	0.859431821183076	0.805119526100699	0.895693170501991	0.883679166184751	0.838380109669146	0.890577131468748	0.851895888600719	0.857701756749028	0.837420578521198	0.882388622770877	0.885511758514231	0.839796677469589	0.824856689515736	0.895716896738012	0.857325457138008	0.905224836925364	0.809029927386077	0.841451529145857	0.805783969425305	0.843702419280268	0.802771983507014	0.856093586471824	0.86878813801899	0.838044009028791	0.898617865549674	0.729790040648427	0.919187607190166	0.858329138320514	0.875241403443818	0.943979568101966	0.899467024411885	0.688386846072085	0.808423527879271	0.771952175970999	0.876243785313017	0.128528603908795	0.905830235737604
