""	TREM2	SORL1	ITGB2	CD4	CD68	PTGER4	CCR1	C3AR1	CD33	CD81	PTPRC	CD93	ITGAX	CD69	ITGAM	LRP1	PLXDC2	ADRB2	NRP1	ABCA1	LAIR1	SIGIRR	HLA.DPB1	TMIGD3	GPR84	TLR1	CD74	HAVCR2	TLR4	TNFRSF1B	TFRC	ADORA3	CXCR4	ITGB1	C1QBP	RHBDF2	SCARB1	LILRB1	FPR1	CD163	AXL	C5AR1	TNFRSF1A	PLAUR	ITGAV	ALOX5	SORT1	MERTK	IL6R	CD46	ENG	SLC1A5	TLR2	P2RY12	TREM1	TSPAN14	UNC5B	ADCY7	ADGRE2	STAB1	SPN	LPP	CANX	FPR3	PLXNB2	NOTCH2	GPNMB	PILRA	KCNQ3	NRP2	TLR7	SIRPA	PECAM1	NCSTN	RACK1	SMAP1	JMJD6	SDC3	APLP2	CD47	CD9	RXRA	TNFRSF12A	CADM1	PTPRA	MCFD2	THY1	CD63	LAMP1	PDGFRA	NCL	PTPRZ1
TREM2	1	0.581018004627935	0.953715167266518	0.773036454735812	0.840249864999767	0.619697910144328	0.540966462081291	0.866135561051927	0.885109734939401	0.792933051153746	0.755721110142145	0.452230886722221	0.66929844515076	0.501731404689843	0.750881456570956	0.418107724886665	0.730258534353244	0.430531149430182	0.64589603491109	0.374841429743332	0.690592918794577	0.373830548317868	0.760747684007748	0.86138070714198	0.582748840090868	0.520139727074557	0.904831547105205	0.852284648986695	0.799537084552821	0.788285553538876	0.270490157719196	0.85008341078948	0.300100955732062	0.424300656993947	0.199625061316174	0.709359198651167	0.493266338705201	0.768958310042556	0.932308256079012	0.425569332670859	0.86215450104527	0.713285678887218	0.586410649090842	0.583787854026008	0.600846975760784	0.456370922626913	0.644328664217471	0.567032496834951	0.653536025572818	0.596487572186813	0.728775868799889	0.751674964675789	0.570413820213808	0.29609638118995	0.796287490014096	0.460184100220135	0.765774165021914	0.752473430322079	0.516285362832714	0.602320401310808	0.259294983991035	0.163219584809455	0.350146222590505	0.582155834496544	0.79627691396455	0.374223601232241	0.396469839224304	0.539986540776242	0.724649411354068	0.440993901635371	0.189155669003325	0.807320316649649	0.139422178229776	0.548776928205753	0.578753421881328	0.495016204128782	0.308270347955211	0.104739896520887	0.433620673034399	-0.104460517563273	0.205988102497485	0.311128855754318	-0.0724902549538165	0.202901066595676	-0.00100642063875855	0.300431840454245	-0.0620282112295549	0.439330990895473	0.432091005976413	-0.190573780740644	0.395712650069956	-0.148760495320071
SORL1	0.581018004627935	1	0.566889960527338	0.603951477033855	0.471159852441103	0.594637187437442	0.699920441992318	0.691194791009177	0.529334380161928	0.695022418470594	0.827020265236038	0.278432505052814	0.803328439991215	0.75047843462068	0.538888800956266	0.687829053459354	0.793970966173896	0.0810528374114163	0.580104235461007	0.34057358075333	0.786608927839018	0.252719862930358	0.795686364847766	0.452514677724352	0.661606439920695	0.697354228942195	0.783774237437226	0.764293313457123	0.620066159247248	0.408387788931339	0.544491175281486	0.580289801793129	0.669324173526359	0.43827102705268	0.460446805120497	0.715016539500124	0.613642657124198	0.761014266330363	0.654014037121989	0.302961394218023	0.738997583095418	0.596196138079755	0.783792919376133	0.47494455984206	0.796171725574465	0.593303424843681	0.699967133428969	0.553881782760266	0.800193282373409	0.451206704001997	0.244441794646317	0.714796984548278	0.674571186315175	-0.172750478222732	0.437967649497168	0.787778650975122	0.691690662704152	0.721356447893854	0.743845532557381	0.542652120978482	0.191374927342893	0.344878501764418	0.503473772525149	0.340377643770231	0.55821241437331	0.635833238720507	-0.00320148132224961	0.501300708478744	0.730482085737841	0.422198431145286	0.714427748779657	0.673884209579495	0.142711637541705	0.671891261210331	0.650156433013899	0.582886593417411	0.548144322129737	0.334763783383731	0.523679650319477	0.201719422423677	0.331878542608094	0.308037944508423	0.210190098451908	0.263423239554737	0.298797793813996	0.593355641344465	0.158359078126366	0.367577374073536	0.267793645579978	0.0734063737232659	0.559157473305863	0.218219312128678
ITGB2	0.953715167266518	0.566889960527338	1	0.799882990291129	0.838337338916625	0.674799650583339	0.536949064723307	0.871238083815028	0.878082420110519	0.763774235827118	0.767845946497639	0.394761308997398	0.705867799124976	0.545471238286084	0.830500381202357	0.378748413347805	0.714945641810618	0.476411207521126	0.674948500373899	0.405369268323115	0.691977421949655	0.398533971607135	0.738699063521225	0.880846723407271	0.56382710525783	0.541243717868829	0.885724832859295	0.848922055255954	0.810867947702455	0.807165171147778	0.285522642379465	0.770216954037102	0.315201959749801	0.436055053770881	0.172469181448147	0.768700817826693	0.497610556924525	0.759843078732905	0.930907806051865	0.42292789630626	0.834557084891222	0.709973696622656	0.587082634581233	0.607974221173078	0.586705059230681	0.4388517768975	0.62128728774465	0.561592750680451	0.663102578886815	0.52469298321194	0.708901838359554	0.70752252081088	0.564414775671828	0.350283480459803	0.78297844919871	0.456741428915788	0.779108481657478	0.724896906495439	0.582856392954552	0.58077933536113	0.289514855117918	0.133284599861206	0.320848843658646	0.560430000892226	0.73208260461602	0.346130425494793	0.421323761777053	0.539088898607091	0.695983555807054	0.468990570089264	0.161639558256094	0.783498560107346	0.152620820783312	0.483261900418964	0.536076734857199	0.454346415090162	0.331983003989631	0.0501614400987888	0.378214081213137	-0.155289448621482	0.156667321677877	0.338029364366257	-0.11176734057601	0.177332376199155	-0.026812324892363	0.260914495731414	-0.0849006358948477	0.385497681103608	0.417547120010879	-0.237756684249157	0.360111152192554	-0.202869270678173
CD4	0.773036454735812	0.603951477033855	0.799882990291129	1	0.797191179109424	0.775619907850253	0.661748042616447	0.783519966170306	0.67655202950822	0.803884802680741	0.744684335085363	0.330657815427609	0.733687496234205	0.464292620501071	0.733897583343165	0.520401152694517	0.762497792647403	0.226084460423113	0.764059933523833	0.677624348357065	0.737747984558623	0.133516658970327	0.556135018127286	0.830693743555177	0.582899092716347	0.628413816826439	0.724835023673802	0.756996795785969	0.712961577822418	0.798470961251946	0.651648239211373	0.549303373537599	0.550114015199052	0.474532384041686	0.0945140985227866	0.668272031168664	0.680029118929117	0.609854276084404	0.808733231476514	0.584743794977834	0.672871463822176	0.853112800351542	0.552948607892137	0.774076614156043	0.681493111292136	0.223570871042237	0.689617822184	0.785493493122482	0.629589771175637	0.582175455356065	0.700145694841944	0.625251660452865	0.653644164504113	0.0367298420020323	0.756576387747127	0.578592937709999	0.767166451312344	0.628967635507039	0.659736426351208	0.744028737969762	-0.0047752489793095	0.297268400882896	0.363659650641477	0.554188453395605	0.745478263079815	0.480794018882038	0.502359744435896	0.589875881524006	0.708796051273677	0.588954576332527	0.172386967551041	0.789385181746915	0.424376208533022	0.432845586840976	0.375746870811773	0.530494850597186	0.362994955925326	0.223813652340656	0.50348341248309	-0.0441277908589521	0.18405063692226	0.352608725110776	0.0785482778516225	0.313690693640152	0.120955392573775	0.244062999353466	-0.0455200820348278	0.344204500958825	0.597640853484491	-0.121402706351127	0.335725362868331	-0.0829826492199501
CD68	0.840249864999767	0.471159852441103	0.838337338916625	0.797191179109424	1	0.639302749182038	0.558625640248615	0.831269316422874	0.810805291527043	0.862742648579139	0.678635536970812	0.537516512281224	0.599310408381698	0.284912610498653	0.739969851202068	0.508948135952472	0.727857193081806	0.39983728403476	0.765838577730113	0.652319580453765	0.615235767894825	0.145037038775865	0.617745076560663	0.794986495431459	0.425675025538321	0.460602300679716	0.748405553384921	0.673707350989085	0.739134043316841	0.908081231696545	0.489894364448744	0.676350184514323	0.486711046705653	0.517535184180926	0.147912037000976	0.557994734925599	0.679606116738743	0.604488721082906	0.797008050777511	0.766146650114585	0.679410276739604	0.868386106895413	0.551051434754879	0.671621405198969	0.590054390342196	0.282494650680798	0.636059832685506	0.721905620479171	0.532027895909463	0.608806516951159	0.832597128055158	0.535055394501503	0.651505312119282	0.0437384488376447	0.824735805081065	0.303479092008931	0.669945651024698	0.538517190483581	0.392350653564566	0.757284399142522	0.0689284608699985	0.268914036810286	0.413609137955606	0.76546853207068	0.754826952884542	0.476543966795795	0.728239443000429	0.552739282813683	0.697637153929328	0.61302397875313	0.100370170478495	0.757848925898834	0.488647124312251	0.406798901633006	0.442415788302846	0.550451308670646	0.202956673045593	0.237114717029263	0.544842425913744	-0.0991416410462326	0.237387482147696	0.403721929131095	-0.0409146181921459	0.489426663323864	0.0188684638992983	0.231744340531672	-0.0710782166702489	0.473609954210638	0.610516548718541	-0.131526304956685	0.33921678999619	-0.1293298398829
PTGER4	0.619697910144328	0.594637187437442	0.674799650583339	0.775619907850253	0.639302749182038	1	0.672761707297994	0.740873417632844	0.618711124284526	0.683655259717023	0.662113627262407	0.205881107491468	0.714187365719741	0.587501054996381	0.640583758173898	0.495557202498109	0.708345782917661	0.222022045280877	0.588046899031071	0.590859401947296	0.717870098594203	0.149540730463918	0.488236022522821	0.715761057369095	0.66517429254466	0.571451442186436	0.64754553952447	0.678033637722814	0.585752790749624	0.643246425605411	0.583361643629492	0.43319938681982	0.482907069292435	0.526162514316226	0.225301643089235	0.658029533684213	0.545447138874808	0.584620170154102	0.705397164100543	0.403494048777146	0.617133350481983	0.778460334087601	0.543248720163326	0.832554573324104	0.718987924988508	0.234022418101462	0.6896878830723	0.655181089213559	0.628185696611673	0.412588616055874	0.45487403093751	0.493898240326729	0.604645103199414	0.135102090016238	0.684314406431902	0.51986409139445	0.7195895100324	0.576277468395618	0.732567975039789	0.548501713768174	0.0584149126115867	0.346729933105055	0.462982299086901	0.417056759234248	0.667296942529013	0.400983186923362	0.334614726378699	0.561779012051128	0.633709436912735	0.574548870962356	0.228401456469154	0.729413073834912	0.203761748204439	0.379290633569724	0.437113727891218	0.502193980842952	0.638980459570565	0.273196487372937	0.492297892554234	0.0629741428239931	0.257233079195407	0.330261648724318	0.180484053918948	0.226245904900703	0.244676346791267	0.364395529185299	0.0788225903735462	0.318627404154991	0.496557285950074	-0.017880942060204	0.405959067709456	0.073809620193026
CCR1	0.540966462081291	0.699920441992318	0.536949064723307	0.661748042616447	0.558625640248615	0.672761707297994	1	0.658233942181547	0.499889883650015	0.731201626576057	0.800332134113829	0.174597759430664	0.759071574615286	0.559222650828059	0.530861183535716	0.70115341775588	0.741170714069957	0.16358125134505	0.672422592123443	0.552740224603284	0.809015613948822	-0.0927805477487912	0.479362342526669	0.54119998603749	0.676776492354288	0.499581537053778	0.599112790679457	0.588794332802682	0.444604035725045	0.507860214464634	0.694731717104971	0.441330991247937	0.628431655093536	0.508389817171727	0.365959990576384	0.557186523170576	0.752877105547162	0.662806421641988	0.638095655990242	0.493899406239361	0.600831630711547	0.680345244628076	0.676761215192201	0.583828989885543	0.823593759637421	0.180721938647395	0.7475635204465	0.689947652207849	0.672951683315522	0.578145585558401	0.336421670567227	0.508133653029058	0.805162998206901	-0.238663867660516	0.436518549508671	0.760765642739696	0.707995182698015	0.652157201162796	0.58495776572736	0.566635980943489	-0.155952392300266	0.48034711451175	0.613555615079279	0.541856245289426	0.562700153191143	0.582580817283366	0.393299838000289	0.573420316030151	0.780847660010453	0.648622484608208	0.508959829297705	0.633219412612581	0.308184246526801	0.647419553986835	0.466402675519134	0.618323572381177	0.523876212421084	0.463743215504437	0.647474950447469	0.28141941881573	0.412427691048085	0.266080426261112	0.349787351336118	0.453608347399001	0.381859666238501	0.559216883361668	0.153405776677373	0.505168718419514	0.453228202515365	0.164848701755198	0.571672919048994	0.290055889090808
C3AR1	0.866135561051927	0.691194791009177	0.871238083815028	0.783519966170306	0.831269316422874	0.740873417632844	0.658233942181547	1	0.808685445170848	0.837127135959921	0.841590144049901	0.467458523763494	0.763756721578046	0.633145167215194	0.763731581862986	0.578669041984708	0.813354154757515	0.383527611562901	0.664182235960772	0.439160126152148	0.768006466176011	0.375638386409611	0.757201554547579	0.800808698007296	0.636200219900212	0.564118638381923	0.87948854848464	0.840512594981967	0.797989095150101	0.795082392262447	0.461714013836508	0.720532424821251	0.45109868535655	0.509723845992994	0.296159509666148	0.715274118588066	0.665806920002732	0.777964980003542	0.892936026229777	0.478791326110524	0.841748001139531	0.796336166886042	0.693355964549029	0.648516147040089	0.721150125139089	0.477277800089	0.692641599282858	0.627064929912524	0.69982266503901	0.504018918789332	0.663354429658877	0.715588661788405	0.635649702575893	0.14184543485334	0.769864180822475	0.575696713082337	0.808105694104768	0.71134014186425	0.637199811056589	0.621945711269789	0.242183187172065	0.241925068012538	0.429505094831262	0.606564864588923	0.739918265761944	0.437212314203755	0.414958805459902	0.575695971751723	0.76603954687625	0.542487690298144	0.306765449708929	0.809098951045602	0.276016934427529	0.641103580111659	0.609965535349833	0.521625746953493	0.459835493935355	0.197191925313416	0.459866618933742	-0.0481882701767838	0.222209020450923	0.373134960398158	0.00312008020174793	0.297323485328808	0.100080266717549	0.375240389796175	0.00487463459069661	0.410951287842352	0.443928236044269	-0.130389822919588	0.430767605998436	-0.0685925320291672
CD33	0.885109734939401	0.529334380161928	0.878082420110519	0.67655202950822	0.810805291527043	0.618711124284526	0.499889883650015	0.808685445170848	1	0.752905072493017	0.688033710237443	0.51772124743738	0.606608064972559	0.482057287838182	0.70819175928292	0.417013465647273	0.713097154857626	0.542122068872951	0.646818276840526	0.327163113606661	0.628346482378046	0.319887120508426	0.723002725177947	0.743826966393928	0.48343546418993	0.386289065140324	0.847878284261575	0.775550372033405	0.706236955434425	0.761024167037782	0.174043457959574	0.775595609711472	0.28750488215426	0.461125723408374	0.315457507271554	0.627552719589892	0.489484339666226	0.745938686262505	0.847815833688422	0.444088586902128	0.819697770097914	0.675410115839086	0.59769660309501	0.517551339426872	0.572900712176913	0.481025115983728	0.613893384117389	0.469469820764345	0.585514244309429	0.541716316060492	0.636806458884417	0.704293059237209	0.600456741059603	0.260137454712486	0.714717410963368	0.39692042024125	0.725172142811401	0.696242098249786	0.450722671459858	0.561280712086415	0.3061760589222	0.172452071936362	0.417094620357576	0.576874257834599	0.722253950448731	0.353462028532412	0.405181141054849	0.539311708121761	0.717826208246599	0.504133721464045	0.243160995606349	0.757290815069417	0.0974823863783218	0.491989899833055	0.601420197664648	0.532093498961995	0.368385246714043	0.130292413186927	0.448147115451066	-0.0697195232831348	0.262761055203424	0.334778234503973	-0.0782856167218208	0.258309206397757	-0.0125400767173482	0.314868958018222	0.0085205402308464	0.451056465453729	0.395708721492878	-0.122229512811283	0.41997822718514	-0.0992328860919765
CD81	0.792933051153746	0.695022418470594	0.763774235827118	0.803884802680741	0.862742648579139	0.683655259717023	0.731201626576057	0.837127135959921	0.752905072493017	1	0.796274828929316	0.488130932970926	0.728441595177696	0.406696561270245	0.729586499590948	0.805715882550511	0.857227430522528	0.255233951942922	0.798469817424424	0.643021347348988	0.779861891928036	0.104665256502506	0.672957377986291	0.704986149668948	0.539262247029835	0.563224239903357	0.806160586449911	0.731656542171592	0.742628323682515	0.829226623821516	0.641352984521635	0.72182306629817	0.636379820874577	0.688739206518088	0.415388320150871	0.568278558378579	0.828284542750014	0.743511188212089	0.799112720029017	0.714866555843592	0.773788631093941	0.891884153362178	0.782457224854525	0.609071301579504	0.839020306045612	0.331162162498904	0.828862023584346	0.791614342157298	0.655639680763308	0.741032349267654	0.720004777851661	0.680623790530004	0.787720799276746	-0.152043447856276	0.742485366112264	0.56029979936205	0.728165989971419	0.6976973661365	0.517953937915828	0.815320510225281	0.00440625880124209	0.549653618178847	0.685447943920168	0.749498685207419	0.826185357766329	0.705450127559704	0.570497139669766	0.5543190990054	0.824413555702272	0.639000084378366	0.396465347619365	0.823702419747184	0.474285927314386	0.659644751113302	0.657522122232665	0.753564994321053	0.402705832322242	0.54868365386988	0.791312608206814	0.203605466461817	0.485566808332039	0.522941823622864	0.247463488373759	0.635355088193518	0.335975837137184	0.554323093267248	0.209483865888628	0.672298188711202	0.696640029826363	0.139025803215492	0.617693508655523	0.223876523663985
PTPRC	0.755721110142145	0.827020265236038	0.767845946497639	0.744684335085363	0.678635536970812	0.662113627262407	0.800332134113829	0.841590144049901	0.688033710237443	0.796274828929316	1	0.397984396742934	0.812346031328366	0.748391391863145	0.75754122141332	0.637668161113469	0.846221344445523	0.293788322213694	0.67816292046208	0.458616126007362	0.880662237010739	0.324495674530357	0.776119996840388	0.661783578343029	0.718637590453214	0.689799132717723	0.866063509097934	0.794280748559039	0.66767469538886	0.649742160917555	0.585884957898923	0.665071414664182	0.646658450512289	0.40863239231222	0.294921310063987	0.730942114315907	0.740463741401369	0.812131070457456	0.842210555797472	0.463023405537805	0.794775591517713	0.711579726577676	0.763654613637748	0.598187180837984	0.791387095783385	0.493855129561484	0.721724479425838	0.648559532739046	0.761288654092365	0.546987196128901	0.475416324324418	0.734646936211587	0.780683889501021	-0.0169020942019298	0.62076188197291	0.817610075506885	0.820166913000859	0.773837445769186	0.679828589037986	0.584741080567721	0.116594227079719	0.233367077830785	0.452589571523646	0.501881442151191	0.642816936184199	0.502537599838111	0.296795695568781	0.641370928695799	0.84643517496495	0.549463084219279	0.587612880294268	0.774361661412018	0.282556040448399	0.728043940639215	0.552312187246626	0.534460438171286	0.486997819770157	0.225677076327574	0.471185832967164	0.0189340026129489	0.230593256119105	0.28343812436777	0.0868589945992825	0.295323879267361	0.137787617818951	0.42576412811269	-0.0240778859430012	0.395996418273756	0.35822589305463	-0.0930694529283015	0.454431581334338	0.00517915330873925
CD93	0.452230886722221	0.278432505052814	0.394761308997398	0.330657815427609	0.537516512281224	0.205881107491468	0.174597759430664	0.467458523763494	0.51772124743738	0.488130932970926	0.397984396742934	1	0.149561992114142	0.166193388376329	0.398064466402243	0.288590972782565	0.419311740895765	0.291062104091073	0.231339619839731	0.183926490568582	0.335690174448402	0.245660769284296	0.490849080261612	0.312765114705899	0.207336648393694	0.269608971444279	0.49873740036497	0.387738138416876	0.402196908227806	0.448556997416039	0.197225910253386	0.55153743167475	0.277470051678213	0.147447609534405	0.0953783429592086	0.130395539591846	0.335230371631372	0.351080424634244	0.458301208871955	0.466565514934928	0.416196569185994	0.425684716547005	0.309799380941418	0.268668340603702	0.266619060894106	0.446164133198415	0.244083623677601	0.240191246422108	0.180666801296312	0.310545736985074	0.411978356853343	0.36046083969665	0.312111592926345	0.137410485990192	0.339344263578229	0.151421105353502	0.319562952753982	0.220468794959603	0.0777370987412537	0.459392872734012	0.228687056947782	-0.0116725512900502	0.184620400488821	0.408591970103262	0.354459729932932	0.254646591620974	0.267882578673474	0.322754513671029	0.400378806192681	0.27900427788088	0.220110466945848	0.469829535326293	0.298451316583278	0.354226506308745	0.301134794206325	0.193270159754768	0.00597917829270677	0.0458107499561269	0.228965661922946	-0.189098014109372	0.0260985161702231	0.201189998252902	-0.196406651642683	0.205191150681966	-0.141871151425154	0.0847931588493617	-0.116054244836626	0.15442908130783	0.272215654393351	-0.1949181520696	0.114018649337951	-0.151631400842764
ITGAX	0.66929844515076	0.803328439991215	0.705867799124976	0.733687496234205	0.599310408381698	0.714187365719741	0.759071574615286	0.763756721578046	0.606608064972559	0.728441595177696	0.812346031328366	0.149561992114142	1	0.639297224988422	0.640514890706505	0.658025931107419	0.785117811639524	0.114250147066225	0.603418283523078	0.425370391791203	0.755982582634389	0.226506376095259	0.66007923654714	0.655410780125138	0.664624603780374	0.695190071388894	0.763476863583256	0.80962445113924	0.732137872808693	0.583262071860885	0.580295688748833	0.517405887736549	0.587704126215282	0.537166570109699	0.365643706235866	0.750410390839137	0.670105758376096	0.733503882782771	0.724710277509534	0.356462000307481	0.738524014481163	0.705268782817915	0.785933353570156	0.578037670202046	0.808740052781135	0.406003361558281	0.754759366646757	0.637078448363717	0.823061407135868	0.552772046289592	0.373385148582586	0.697201278518058	0.666220883690777	-0.0555034238168696	0.526964596779257	0.767509126387439	0.748265759504286	0.727063377421764	0.79193939407734	0.568584189784081	0.0804129545703864	0.391170868433643	0.503928835199528	0.413786122620189	0.671502622104569	0.485283165263495	0.18721611902252	0.573121567689881	0.797526884040471	0.445752537347746	0.489050661868725	0.736579847998446	0.23575953483763	0.627746861769232	0.589997518979447	0.58860100086457	0.610176980835671	0.317554726957961	0.540648095068172	0.167600922077256	0.351158489425347	0.245748678301955	0.23187821061544	0.300247266285302	0.325134001398068	0.471203311400358	0.174491048705889	0.426455852491314	0.426305183090521	0.0538109377484606	0.517879636619118	0.154123200015083
CD69	0.501731404689843	0.75047843462068	0.545471238286084	0.464292620501071	0.284912610498653	0.587501054996381	0.559222650828059	0.633145167215194	0.482057287838182	0.406696561270245	0.748391391863145	0.166193388376329	0.639297224988422	1	0.514544613942577	0.353363515243506	0.598551651904631	0.181796900327562	0.34860103781703	0.0569498046371012	0.714523536497885	0.484231108751744	0.699590083655858	0.404935710724013	0.733171908630886	0.586320230020456	0.685249801556216	0.689343674352267	0.424760953886802	0.23458067803067	0.266969547897825	0.456917921740672	0.330051907486225	0.265890607603257	0.382611463160748	0.727286433303546	0.331179250515217	0.725280611780801	0.604657549984627	-0.00861649771640341	0.655554705673436	0.365250998054998	0.587685259894813	0.473691620503002	0.59198157026862	0.593184679527377	0.545431067760948	0.238794848408518	0.622692496091163	0.222379317266244	0.0660945024691264	0.635131833184637	0.464225265773159	0.199467911827812	0.324725880265759	0.739201646465674	0.684550892867615	0.683573480152246	0.768295139603481	0.156169013515612	0.297597866194978	0.0393950747348343	0.285606631170861	0.0539765652582951	0.292447278923358	0.287870939700258	-0.167470390137834	0.418728679029192	0.571839639012299	0.298675302171033	0.544754739546581	0.573213383110278	-0.163855558982496	0.563712085594884	0.546042320333199	0.332835513557366	0.644559810450013	0.0316865194920656	0.17288171180309	0.0440495367972169	0.126415264337212	0.152523179782425	0.0859986116560308	-0.04030600606883	0.104542159201274	0.370174938661854	0.0342986192721909	0.161885635056661	0.0579055754426684	-0.0684001011372328	0.390618769384655	0.0159510834994973
ITGAM	0.750881456570956	0.538888800956266	0.830500381202357	0.733897583343165	0.739969851202068	0.640583758173898	0.530861183535716	0.763731581862986	0.70819175928292	0.729586499590948	0.75754122141332	0.398064466402243	0.640514890706505	0.514544613942577	1	0.465882463384164	0.601505766712539	0.308288321253342	0.627285949174273	0.502047970485985	0.656290217019974	0.357767029947988	0.576693501067483	0.750239706724506	0.485599909907981	0.54660649261435	0.715314076484616	0.727988042254924	0.673415640350027	0.731796820931366	0.430805603753559	0.579464080964161	0.466697926886376	0.477176263326955	0.20913234306502	0.632261272305617	0.610248253560308	0.654315719937925	0.803375907280013	0.44571321224433	0.66404276657138	0.663095658716867	0.570318603642489	0.520528584282648	0.569508873029337	0.336693125657151	0.625173963504361	0.534506901755197	0.587264823959267	0.486091863567098	0.607050909035695	0.561700002969558	0.594370927149701	0.212861912321512	0.663114044564412	0.425119524058918	0.684064570578941	0.543508923179631	0.555853742952074	0.484704669248306	0.136381571070421	0.216601598985869	0.370509299483594	0.458329882648503	0.60178249578068	0.372745008680278	0.475890711516423	0.416748207951214	0.62319528005944	0.383484465494586	0.144389479659855	0.698772282559783	0.263137726315673	0.515793150733989	0.444056811690496	0.416903492556851	0.331460233288629	0.181923047631803	0.404557288434168	-0.0794452274027429	0.208292640371788	0.43856994473725	0.0260216618475911	0.277897275284912	0.0849216267713208	0.248208975996191	-0.00554526871793428	0.399302584853977	0.492969526412088	-0.132754563561916	0.361382776233633	-0.0894124771054083
LRP1	0.418107724886665	0.687829053459354	0.378748413347805	0.520401152694517	0.508948135952472	0.495557202498109	0.70115341775588	0.578669041984708	0.417013465647273	0.805715882550511	0.637668161113469	0.288590972782565	0.658025931107419	0.353363515243506	0.465882463384164	1	0.732424646127205	-0.0735201538860428	0.578451526494161	0.47910136325727	0.635672566240772	-0.0446220803169471	0.507811864682415	0.309610455333391	0.419862860704606	0.510110633725692	0.552022986349798	0.478695728161081	0.498833387510629	0.506653136706855	0.668378560746203	0.446874950926734	0.656699333687369	0.751368680566549	0.673626316729743	0.348827986656319	0.838027597618189	0.596702241846852	0.480740304696319	0.521028863506677	0.56882062213019	0.679352533071272	0.840946758884271	0.331174673508833	0.858555577116784	0.266480372839401	0.815044625933652	0.625707497868814	0.562799410872862	0.652020014085435	0.376918503096024	0.576048124684214	0.720354055256087	-0.470167771483723	0.388304223549806	0.60193738340089	0.569850265394545	0.51722025019589	0.489845642419683	0.614814740529617	-0.138116528254303	0.77752272157086	0.845498567210211	0.550729967811305	0.607954818350279	0.744109347537265	0.319278165876858	0.349075670013392	0.697593670062414	0.432906081044592	0.574734817408372	0.594936348567924	0.442698518883925	0.720388738263678	0.723101797734214	0.801011479868027	0.475570369239448	0.816780495058337	0.866176327237185	0.554651316202899	0.712692835019836	0.496037817233894	0.583798883039285	0.780519968733027	0.660925149854455	0.743411208080081	0.534690249829147	0.754904017855816	0.663797561813542	0.496991422887837	0.79033180313111	0.626372220505706
PLXDC2	0.730258534353244	0.793970966173896	0.714945641810618	0.762497792647403	0.727857193081806	0.708345782917661	0.741170714069957	0.813354154757515	0.713097154857626	0.857227430522528	0.846221344445523	0.419311740895765	0.785117811639524	0.598551651904631	0.601505766712539	0.732424646127205	1	0.354975635642053	0.759715622495979	0.536935686996006	0.869166855396522	0.243110923121584	0.801794499422884	0.608515468270827	0.635665445946765	0.581959226309175	0.863451051987936	0.716759766377305	0.717546038457153	0.726951734964675	0.591390186389652	0.730044067710297	0.612267003987717	0.511679843857319	0.340293746701988	0.670934557303486	0.730802585579135	0.764670278516635	0.778236554747004	0.608268598713444	0.820521797173301	0.823088374752732	0.792355858299683	0.641017507389025	0.808954393460935	0.502547350790291	0.714495661353352	0.734291827422888	0.633792703152451	0.586611074714055	0.571928953826959	0.706608489906707	0.761560168737713	-0.105702518379937	0.647944356126572	0.714113925873372	0.788890656519275	0.775392140141232	0.618610046068939	0.773297761247964	0.149768091650622	0.363174679419489	0.528150231005276	0.675100683573438	0.729559890163483	0.594111497147065	0.342427684981155	0.661203230856053	0.837915759819367	0.724555483777504	0.640564497059547	0.784434247979776	0.390849544135772	0.595671960662978	0.626081944499326	0.644492491765969	0.489249839584948	0.344690462761057	0.607849457355483	0.0666440787062622	0.292484213920181	0.399068811533504	0.0844005125642505	0.436902614440398	0.176541269028812	0.477172373165926	0.0778825126947767	0.447113976894478	0.463290612163276	-0.0314575037533999	0.497630746834829	0.0879223258637135
ADRB2	0.430531149430182	0.0810528374114163	0.476411207521126	0.226084460423113	0.39983728403476	0.222022045280877	0.16358125134505	0.383527611562901	0.542122068872951	0.255233951942922	0.293788322213694	0.291062104091073	0.114250147066225	0.181796900327562	0.308288321253342	-0.0735201538860428	0.354975635642053	1	0.376378620919266	0.0650551278058774	0.315646870804332	0.322662634498373	0.385846597573138	0.363545432800429	0.0844548450257408	-0.162426842012405	0.431691256526137	0.244410156050015	0.237545303389883	0.379084254952652	-0.214374918654928	0.396452611263743	-0.102671361632182	-0.04278802835332	-0.0715584066265268	0.268118144793609	0.125035655739168	0.333767366355234	0.448847634292856	0.235565570437895	0.396983688561603	0.198799109149509	0.132304675375939	0.1608366031198	0.0687337521133463	0.218265090507931	-0.0129535306084211	0.0859349951813649	0.0737820418541401	0.0832053369455331	0.364512463952294	0.172650404897836	0.230580003148054	0.359448011165234	0.330444788199521	0.0554138876210781	0.351523591958269	0.32704650456986	0.00445282600325561	0.174248082749402	0.369537406664541	-0.25689543964946	-0.0637239756493713	0.4682827094604	0.166705434843516	0.0121062911931237	0.327047662832931	0.334414159996603	0.277169960338738	0.499247332778132	0.0906870903625791	0.240612465858352	0.00262273414314263	-0.00954707737640481	0.113467158811948	-0.0532607352702215	-0.0289461645279117	-0.292096778314658	-0.0669930164777905	-0.396275803213463	-0.21832556362094	0.136828604441632	-0.508757819276543	-0.055342561501949	-0.425794501458199	-0.048991611970184	-0.336396445347608	-0.0197061228723897	-0.149035759480966	-0.416894487602225	-0.08474340927988	-0.417563858731818
NRP1	0.64589603491109	0.580104235461007	0.674948500373899	0.764059933523833	0.765838577730113	0.588046899031071	0.672422592123443	0.664182235960772	0.646818276840526	0.798469817424424	0.67816292046208	0.231339619839731	0.603418283523078	0.34860103781703	0.627285949174273	0.578451526494161	0.759715622495979	0.376378620919266	1	0.665167825430315	0.70586869303103	0.00361072749317963	0.545211553709556	0.615925489820771	0.439875219383864	0.365703322163794	0.63862949276849	0.558179918839452	0.543746039659189	0.755331739426375	0.584665845770648	0.530291311433128	0.566041028773627	0.514186448522965	0.234245150406086	0.566317408515428	0.699700296814064	0.573469635060049	0.640847783514421	0.721825180668941	0.583391219782195	0.754847942464851	0.563138999890805	0.57828868252268	0.636599746095417	0.189695596829985	0.612276138832848	0.752772777364476	0.489812214505136	0.578658275809728	0.677692955437989	0.454811063837213	0.683022766735992	-0.186638994990812	0.657516820607115	0.468741071715586	0.616244911699651	0.597967325784369	0.419682476159888	0.74959050237223	-0.016780632491452	0.368498206921315	0.450147576672607	0.70282611346699	0.612206478329689	0.61744071372837	0.633202666145286	0.530475231931072	0.664361326551759	0.733719746203793	0.300809453105789	0.587610078512367	0.45778399188394	0.368778356077548	0.400315376695796	0.574491415056448	0.290049253746594	0.341842537623249	0.590185136532651	0.0581059916682619	0.258415984626635	0.494483798323842	0.0954568594571033	0.501217667446847	0.134461385677188	0.379353039030991	0.0384053216411521	0.469787735730176	0.494102428899673	-0.00960957730516314	0.400327103132576	0.0373855587787542
ABCA1	0.374841429743332	0.34057358075333	0.405369268323115	0.677624348357065	0.652319580453765	0.590859401947296	0.552740224603284	0.439160126152148	0.327163113606661	0.643021347348988	0.458616126007362	0.183926490568582	0.425370391791203	0.0569498046371012	0.502047970485985	0.47910136325727	0.536935686996006	0.0650551278058774	0.665167825430315	1	0.509904040142495	-0.278096586318749	0.172833793364401	0.499576825173642	0.21977575918469	0.364220518047677	0.301744153829747	0.300918564735107	0.375762135686377	0.646052491118307	0.785077879722867	0.242722124206154	0.668710991214289	0.369727533888976	-0.0804173652576265	0.256804463378198	0.675479859299282	0.253733451605673	0.413464947473899	0.784659665875728	0.215832101171959	0.762919922699114	0.272091831723218	0.686144373997939	0.485396079553371	-0.159153158544863	0.464535005525798	0.797316181586002	0.337558930307796	0.429268551218936	0.6267945389272	0.136516815443327	0.595597115929459	-0.279915627705928	0.577542818528546	0.23366144162164	0.400102550848199	0.243393383549902	0.279586697445456	0.70329775007342	-0.413246402611959	0.328535747588249	0.339636301969625	0.619080399209627	0.542612746530164	0.427550614312788	0.725537682812836	0.425152419291523	0.44299685840349	0.601384433528504	0.0894085842260648	0.481605101897993	0.63595337249653	0.145942995070404	0.0190547108494264	0.407803284368733	0.0629951111628052	0.317916465320234	0.533300832263581	-0.0340901461908778	0.151908184767024	0.253401525637004	0.144072887327867	0.479918687567014	0.10734143394199	0.123358345061202	-0.0922358344077785	0.289285847474587	0.590080229382913	-0.04742952980956	0.14740576457404	0.000804034890912517
LAIR1	0.690592918794577	0.786608927839018	0.691977421949655	0.737747984558623	0.615235767894825	0.717870098594203	0.809015613948822	0.768006466176011	0.628346482378046	0.779861891928036	0.880662237010739	0.335690174448402	0.755982582634389	0.714523536497885	0.656290217019974	0.635672566240772	0.869166855396522	0.315646870804332	0.70586869303103	0.509904040142495	1	0.21046868801431	0.69884001417684	0.636991185486717	0.72070147234796	0.594808780428984	0.796908267690334	0.717530061274003	0.617189806561726	0.613240668218301	0.61634890374939	0.662586411585671	0.580792505462867	0.425050154642566	0.318966408949132	0.694382411640602	0.656777991396128	0.780730945364368	0.789815733996109	0.464382827865749	0.764138124798548	0.723368916625555	0.692770700831344	0.672688502769199	0.789097386152327	0.426454697360749	0.726949623530648	0.624210852152782	0.659991715832489	0.557556174701506	0.471961719759952	0.639504693875612	0.730468116196839	-0.0205633522973746	0.606144986048984	0.769129589250496	0.787528487902036	0.803936072900083	0.643866024544701	0.611846106046336	0.0692973408781498	0.297550548383063	0.478831783733829	0.528780129364955	0.609876115179593	0.572439613132107	0.291655640895837	0.612353897211516	0.795325594327762	0.68585084930195	0.589819935044212	0.743468865955951	0.215336265450542	0.637173136134975	0.536830632530723	0.555573549515168	0.544763270336201	0.289953410833511	0.544135577680725	0.0811008871172941	0.242218824477886	0.362668981959264	0.143479653059442	0.299260810337304	0.200202384450828	0.497662284852952	0.0370180049224998	0.402530279440378	0.413942671995425	-0.0429125494931147	0.466853594304128	0.092571461280899
SIGIRR	0.373830548317868	0.252719862930358	0.398533971607135	0.133516658970327	0.145037038775865	0.149540730463918	-0.0927805477487912	0.375638386409611	0.319887120508426	0.104665256502506	0.324495674530357	0.245660769284296	0.226506376095259	0.484231108751744	0.357767029947988	-0.0446220803169471	0.243110923121584	0.322662634498373	0.00361072749317963	-0.278096586318749	0.21046868801431	1	0.520454131007518	0.268193979799651	0.297233578734584	0.255665761063932	0.475908369458554	0.428781697575596	0.317800740109059	0.192050987249748	-0.207582324881737	0.347986988042374	-0.144149645987812	-0.0168783237894245	0.0278222592381502	0.386215310447196	-0.0618470777301516	0.30006720549102	0.384787887302298	-0.171180982001469	0.423526889631832	0.0276524934478901	0.248287353550584	0.0501815389505438	0.0514228042147736	0.560267758135898	0.0443401730198911	-0.083493547267502	0.179004905933596	-0.0829355831943252	0.141094372808285	0.327201868017694	-0.0747090224184623	0.500052180561628	0.219883998227341	0.212603996253081	0.270478772635437	0.262595123408966	0.303095831829658	-0.0269743207801609	0.587225313648434	-0.28943346548721	-0.185012045267267	-0.0934732572714692	0.0969801725699954	-0.144664660552256	-0.242896365859574	0.188114833253013	0.175569544675712	-0.0858660868775639	0.187604738090923	0.219836356702055	-0.130551927650897	0.196401334940046	0.297326355878965	-0.153966915770356	0.247320684674865	-0.29581423621062	-0.260486686751986	-0.312888296016415	-0.22611114793204	0.158332195027008	-0.313957721807914	-0.304007101687075	-0.233799439822337	-0.0779782136819974	-0.157902839930803	-0.123554685906913	-0.190455810765058	-0.33851862299512	-0.0394553258711891	-0.341075786957608
HLA-DPB1	0.760747684007748	0.795686364847766	0.738699063521225	0.556135018127286	0.617745076560663	0.488236022522821	0.479362342526669	0.757201554547579	0.723002725177947	0.672957377986291	0.776119996840388	0.490849080261612	0.66007923654714	0.699590083655858	0.576693501067483	0.507811864682415	0.801794499422884	0.385846597573138	0.545211553709556	0.172833793364401	0.69884001417684	0.520454131007518	1	0.491302811690871	0.537365922823636	0.578598733187581	0.932650534780676	0.76407556581574	0.704601053065779	0.544786259018314	0.230638145939586	0.785956429896561	0.434291209250139	0.356479645081845	0.360806933275767	0.730064602594651	0.470513945392221	0.815923721328596	0.749870532543703	0.348380293683344	0.839312973622376	0.562562991119961	0.743095558525248	0.426138197372278	0.617543071179045	0.747501184758615	0.57013259867607	0.41503488284243	0.641775618798101	0.455571324750296	0.431077826203845	0.785967216761116	0.558172195116013	0.146058852935437	0.525715993654396	0.607053801012226	0.713338189374	0.732047044460375	0.59771003834547	0.512862943876898	0.392643112106525	0.114656301682591	0.378089845143177	0.478895680200825	0.570668426666941	0.468372165469511	0.0621572594028484	0.510517843194	0.699672694143677	0.399622054067557	0.582655931860551	0.705274767502042	0.101912962284295	0.551113120403474	0.709318984173165	0.484920575197441	0.371158205615331	0.119120228637965	0.352791474089391	-0.0280123956637795	0.194704161168846	0.313724223213341	-0.10970509977052	0.225021586628779	0.0040524321469997	0.418279106574362	0.00193167306853446	0.343382295265819	0.195150818774086	-0.134179521409467	0.438066583468434	-0.0518438198550306
