""	SIGLEC10	FPR1	CCR1	CD40	ITGB2	CCRL2	TNFRSF1A	LILRB1	PILRA	ITGAM	ITGB1	LILRB2	C5AR1	TFRC	SIRPA	TLR2	IL6R	AXL	TREM2	CD4	LILRA1	ENG	APLP2	PECAM1	ITGAL	CD163	HAVCR2	IGF2R	KCNQ3	ADRB2	GPNMB	CD81	PLXNB2	LPP	TLR4	SORL1	KCNQ1	P2RY12	PLD1	ITGA5	TSPAN14	CANX	LTBR	TLR7	TLR1	LILRA4	TREM1	RYR1	SMAD3	CD74	RACK1	ITGB5	ADCY7	CD226	ADGRE2	NECTIN2	TNFRSF10D	TLR6	CD300LF	PDE1B	TNFRSF11B	TNFRSF14	UNC5B	TNFRSF10B	TSPAN15	PLD2	CD9	FAS	P2RY6	NOTCH1	ERAP1	NOTCH2	SORT1	SMAP1	ADGRE5	LRP1	ITGAV	RIPK1	NRP1	PTGER4	PILRB	PTPRC	RXRA	CXCR4	CADM1	AMFR	CD33	CD93	CD69	TNFRSF12A	PTPRA	MCFD2	LAMP1	CD44	SCARB1	ABCA1	CD63	EDNRB	EGFR	SLC16A1	C1QBP	CLEC2D
SIGLEC10	1	0.895195644440629	0.721519430700185	0.876787866166975	0.856159027455697	0.587472271116117	0.89824289823846	0.893696205518035	0.763816741171318	0.800390998669423	0.699547676007249	0.223203551007715	0.468679175156693	0.722472513888638	0.793412416075061	0.82149395248629	0.821053670999434	0.926485403558509	0.861143594490669	0.934401531012314	0.629185294933494	0.774244260876249	0.600341273586253	0.541602970149529	0.786686004194707	0.374212160976346	0.862126973208208	0.450242749615099	0.854507094255874	0.923788553980256	0.281718673466514	0.885973028084661	0.837916347182078	0.816059501442999	0.723745834676909	0.919863069188253	0.881207830691063	0.80425840469143	0.839844073249977	0.474162246227244	0.875739715114369	0.791952884382616	0.833996767909778	0.937806506853307	0.869694842251322	0.577883046795769	0.509803526211348	0.767164205286621	0.743980114458187	0.923575236080458	0.839258526567061	0.668360303528715	0.885976316992903	0.727093516846741	0.757205334489381	0.561324665811231	0.70481391475156	0.82944052223668	0.72278306576547	0.854353848135719	0.789591817299468	0.491239215925158	0.841835149628667	0.873251346276664	0.818397583779571	0.812754150273338	0.548414800578864	0.883231925344921	0.881832734897042	0.79249277660474	0.715392989625197	0.182187885973057	0.897702750681446	0.645778812090602	0.651325431751676	0.82263381553159	0.916487063366274	0.791322666565879	0.535231406239728	0.794888320648119	0.746540333336088	0.874434748701378	0.630785944862362	0.327558182104851	0.557829583818125	0.707063859225651	0.839409056362021	0.076902436481768	0.802610929550063	0.477644391445388	0.767383350332891	0.657702889132551	0.662645770424186	-0.119359704075168	0.842454213390463	0.404392461093024	0.606221182798561	0.559918401835859	0.221142045074535	0.824601074879797	0.819893399798826	0.634437372483487
FPR1	0.895195644440629	1	0.773164726566466	0.908676454226866	0.945197973518953	0.698659380769021	0.908795803556544	0.909090198249227	0.802806928222591	0.882047867995816	0.814824666185408	0.416350833959345	0.575542103721566	0.697057401597401	0.838746778315808	0.79987973455043	0.785115481861054	0.912434402425189	0.932940120289139	0.927645833259081	0.656401349580126	0.867870926787596	0.689281120740593	0.621831816643331	0.775261198523913	0.515573068190868	0.901677413212331	0.597596933583277	0.763936656128426	0.850570452557512	0.398337353369339	0.935393744998003	0.796834943289598	0.840994730897656	0.693127808893956	0.787061769754943	0.925095338353958	0.662483492558819	0.88097695695566	0.590978690367229	0.870622329648049	0.842006193521651	0.858561591224007	0.83209908509544	0.878374169459965	0.608558135785939	0.694734229906101	0.61404546185108	0.690543815542207	0.856771642546234	0.896753800993131	0.687125725924113	0.817067853912104	0.664825417846883	0.832608830664856	0.688172186254263	0.568297805760804	0.755898216480075	0.73153017141999	0.857979127741232	0.856497650356212	0.594975458982809	0.854706431296372	0.813220601264649	0.840303670012214	0.829651327241321	0.686292823936186	0.856579784137881	0.892148580532275	0.767505675565562	0.66612944527374	0.301144310543043	0.886107774495039	0.747305637630335	0.728539603658038	0.853793790284656	0.873919951260616	0.763211657761786	0.587782125341543	0.824454401316658	0.646436803451247	0.880159632316013	0.753119902850767	0.40735553175975	0.620829359664581	0.694290698346116	0.867314886781534	0.248699269930458	0.772191034886444	0.64529480813786	0.786285533933534	0.750076451985644	0.727293406094368	0.0664736998799112	0.800644925774247	0.491551797089142	0.749727411094436	0.603438658395637	0.174706696368885	0.787540537071966	0.921972836781923	0.431297757670253
CCR1	0.721519430700185	0.773164726566466	1	0.77503157479082	0.88871566685741	0.908424913279845	0.847171219049223	0.745596346155871	0.868805145975629	0.846402776488006	0.917433476580514	0.38699805453526	0.803280628128582	0.743317306341029	0.923751410339872	0.794393669255383	0.859660374685408	0.823567480447014	0.849209389305783	0.738731913355075	0.418910336070492	0.857334111410306	0.933845506649012	0.531331743926935	0.760943740673558	0.695338012158635	0.922415476526998	0.864402821896628	0.646956866667345	0.659559000645821	0.798579514082507	0.853025765347642	0.791136917543462	0.87243810196746	0.718070509795902	0.64591153387292	0.723591105584839	0.383451938315173	0.80549987455744	0.825193650460125	0.857490823631687	0.933512028051367	0.793829095801556	0.619699971001559	0.80135120804719	0.640914337256387	0.834040925494223	0.417012121044947	0.567538073324701	0.605232957270989	0.800425957982211	0.897701080834956	0.753488246069591	0.650904316256397	0.763614820688316	0.839844663642887	0.575101994652095	0.663101710820096	0.731326500921104	0.770626203086486	0.725848853168048	0.865375399346212	0.771854079724646	0.735708104631871	0.736294803551604	0.830371742538225	0.83822842215977	0.719945298320348	0.65934074399338	0.740402404867294	0.591243368370745	0.404395640737756	0.79682213719207	0.898719133602998	0.662802023354601	0.928445757827039	0.767099649567624	0.84333840625704	0.893493546596244	0.855131767168275	0.617063550129619	0.793177821275961	0.864681249213462	0.47558392275691	0.895550742428717	0.763038797533347	0.767531627888532	0.192058997487373	0.61980192011916	0.86235596675829	0.869962432896186	0.916981247026928	0.92029030948911	0.466074496082974	0.830331584937741	0.865678442326597	0.909553591862646	0.892975474164142	0.253079677063681	0.753797477316529	0.846195561657543	0.345688497617391
CD40	0.876787866166975	0.908676454226866	0.77503157479082	1	0.903909477150694	0.704524501351486	0.889868802716229	0.824804984975629	0.850409359463475	0.856136952102705	0.775824866887037	0.324384450554671	0.572086218758642	0.669761036692928	0.804293411291906	0.762481986066129	0.732209779278554	0.892393332789867	0.882303871859924	0.895073405862063	0.579930142450127	0.848078927751427	0.729223999810592	0.481299091724558	0.659404467770093	0.5695136607693	0.903379349024556	0.575405154957463	0.689315132352619	0.822433685418172	0.465134242259685	0.93232916866311	0.805707978236731	0.765989782254001	0.609223353703516	0.729245343695332	0.871927914488593	0.600382548499978	0.836125072371272	0.595409788146858	0.823062629233793	0.832482517901802	0.826412129551794	0.771496293565333	0.815162093781108	0.58848247162332	0.669071673787973	0.517425160426332	0.577770903944164	0.809834353867515	0.911611779310644	0.716361737684208	0.806381278962783	0.552276023424745	0.731295517983753	0.692521888815982	0.569399907617643	0.672742477764329	0.727023259571132	0.797705785733243	0.782982919063542	0.646312022602267	0.814230139694577	0.786774307404548	0.873868902055976	0.817557062875237	0.647685578285088	0.795832718807512	0.842654877486872	0.690408187649192	0.632301222835441	0.20428812751894	0.848516232527444	0.789551166409723	0.605447401507093	0.848467277248915	0.794006640061567	0.72558095302246	0.663364224822514	0.763018370842982	0.626199466942618	0.806868766266613	0.699370880674431	0.270644253380164	0.663416594917859	0.679484149951208	0.843138254814928	0.164458970954958	0.673320732045263	0.662733877828172	0.736509637704258	0.747366002623006	0.793107113945051	0.115983640993226	0.801255674877322	0.564768213386607	0.779192232457246	0.617436002997965	0.129390708759509	0.732547505487459	0.920178861343617	0.460988905517296
ITGB2	0.856159027455697	0.945197973518953	0.88871566685741	0.903909477150694	1	0.822118432057776	0.931630444717938	0.883858161780747	0.836557742944959	0.929940354089072	0.928919340621777	0.440982394387739	0.699199194389195	0.733402153614993	0.941176858611825	0.819556392992448	0.834724967370213	0.916968944591339	0.96093032664753	0.890749988874034	0.584078726136965	0.934074815645378	0.837814196052496	0.599030430596743	0.794950452197496	0.665709661584174	0.963083941459544	0.760002844337447	0.715698942498158	0.778150620513981	0.610187756162644	0.960040963551243	0.854373873919331	0.898018711217359	0.706116095119944	0.738513545543284	0.894886103763371	0.526422046669709	0.905620448595744	0.743821970855868	0.898696819636004	0.930017490485772	0.883993334830257	0.760648932713009	0.879603791926105	0.658232931587698	0.813248973991058	0.504506120346104	0.66254942161362	0.764715128801337	0.880531194789044	0.808298251834188	0.8257442305985	0.661592493763907	0.860107294825889	0.826192665464855	0.545805129657404	0.725454685101812	0.767136670085821	0.839060724569164	0.876760804987546	0.750128015235854	0.885493664424157	0.801848520120677	0.833772673123842	0.882336236687511	0.814013606526761	0.845969642918503	0.834586614945287	0.769384205370888	0.677366344221632	0.353717211256043	0.9055118765582	0.847742437500582	0.727271708377359	0.939033909342627	0.870976984774227	0.800041978795542	0.757644476972571	0.8641686134237	0.627619368926592	0.881741184521931	0.852207360750485	0.416837068003354	0.780234274960489	0.737387847473648	0.872450362301789	0.275576176673518	0.706132334105856	0.791416429078897	0.84835124125471	0.854418509444481	0.85908383056922	0.23669826570193	0.845663755967444	0.688189891791081	0.882560714112544	0.752554150623568	0.186269289722969	0.778809809781019	0.936030440879575	0.355546684201506
CCRL2	0.587472271116117	0.698659380769021	0.908424913279845	0.704524501351486	0.822118432057776	1	0.765728445329518	0.641855464475215	0.833726954509924	0.770839269002109	0.898462567508943	0.420806846573571	0.833875996497243	0.637741687485039	0.862156408512714	0.655569909024433	0.762343638728406	0.729648777128025	0.797109813067156	0.598055088854316	0.38301300076566	0.756477431311427	0.892932360161288	0.491629237458123	0.663052312250786	0.610137753307505	0.839793154290141	0.836521694404418	0.491263714920934	0.523579123212152	0.860883562371846	0.788107619456275	0.669647369977516	0.764475628304297	0.623047496875506	0.469941718743589	0.61503257288463	0.204147104894127	0.727722438502952	0.86094559330081	0.750476241206607	0.862824340087681	0.708841113062882	0.465034827060937	0.65352460620208	0.687996204194706	0.832140402595758	0.224181884461944	0.505154538532882	0.477162607744681	0.783578622665537	0.857118783768756	0.612269922640347	0.476229895652179	0.652804886396296	0.81802717669429	0.471553688401102	0.514609060108711	0.736576784439793	0.693801263807712	0.6901533083673	0.904505533290425	0.632488698082612	0.619300839160204	0.63207416796348	0.792386074014324	0.874962340506024	0.608865281262571	0.559994930008455	0.633032767947378	0.465025396083407	0.456254266872801	0.684284872677	0.88844058791859	0.657918086276666	0.859608852012073	0.639173805605657	0.751695850849152	0.812605460697587	0.798818515963098	0.465348980780737	0.662434289085109	0.855826339943489	0.497193067487574	0.894857412559939	0.713878589019108	0.646673631954561	0.217358781433473	0.526590863969934	0.878675855521285	0.773184533833852	0.877446521335763	0.875647598166299	0.571034839621548	0.757126461781188	0.863320095861775	0.909813050987472	0.84950707815238	0.232890376701306	0.640812243833651	0.777385950392352	0.242311999421667
TNFRSF1A	0.89824289823846	0.908795803556544	0.847171219049223	0.889868802716229	0.931630444717938	0.765728445329518	1	0.87333882327531	0.853755366379922	0.880664829185691	0.821931510421143	0.386565519002624	0.649853614366754	0.721339274835112	0.89318975268125	0.83312801783489	0.847663650794827	0.93792070007499	0.908729656073516	0.905028148535788	0.596469241214956	0.852437590872284	0.773715675068238	0.613764661768622	0.781851258262542	0.547314476019349	0.93522469084959	0.653358759315884	0.789519116602239	0.85039892458792	0.517523068254866	0.933103383238457	0.887114532937243	0.866628103023805	0.737666020629617	0.823779989418269	0.872869018588357	0.628177493366214	0.862844482709734	0.677432463073005	0.893594601036918	0.883506984587695	0.902028893166267	0.835901045043458	0.885688514168305	0.620233229259964	0.694589230526943	0.610516402115895	0.713123315483955	0.840844914763923	0.888321340962432	0.798365258214064	0.875790466924299	0.694546896525449	0.770979640620319	0.732323483594742	0.665710925828211	0.765617778905835	0.760079940295602	0.853321946024323	0.798169849889852	0.703453741782123	0.853707431057658	0.834636033551653	0.834985620023636	0.873689523575195	0.707575418668223	0.842982405618237	0.843930226023253	0.780491414145575	0.735394517880799	0.351675360233681	0.891120539275503	0.799513572620092	0.687256740115532	0.912307557986682	0.870761747296105	0.81419316165547	0.717511489619048	0.834853050296396	0.697369597674634	0.88363095894643	0.770387826841205	0.446782732274106	0.729328192335271	0.801281247990688	0.890243865416832	0.208441441091996	0.748275322486476	0.691031173316107	0.851074566169314	0.787539874368902	0.812321818415053	0.161281971508577	0.866367765734292	0.627593462021551	0.781085421572871	0.721280921933962	0.233929572787393	0.81127386358778	0.888335946042596	0.504703225430649
LILRB1	0.893696205518035	0.909090198249227	0.745596346155871	0.824804984975629	0.883858161780747	0.641855464475215	0.87333882327531	1	0.725467085858396	0.887330540852647	0.785613371082873	0.436977450322633	0.61755553730624	0.774182621314368	0.798942532454644	0.87503309572599	0.853294826698159	0.867472773764273	0.824103249376544	0.929103127113956	0.65866829437901	0.844325381146388	0.688556626367457	0.639016727965255	0.840639789086549	0.504211471921334	0.862252459332451	0.546151023372545	0.854072748056752	0.851741368781248	0.31014002593593	0.836111727716721	0.845861004115639	0.891299733042938	0.803543029424029	0.859183653971101	0.892386575840186	0.724694984441944	0.885972223185375	0.565714857566727	0.920890876636127	0.824537534023917	0.826546246235973	0.873892545711363	0.891011622642372	0.433189980241675	0.656890758845462	0.689736435046821	0.743007411819819	0.846407982068322	0.796299079688079	0.667599261089981	0.867190320833402	0.726933127677778	0.878905832647844	0.670601522931754	0.684877117737662	0.84304062046587	0.69312441276151	0.850544921161178	0.853636554119346	0.537429800978879	0.899858684310901	0.872787892797302	0.76116654998866	0.807287098798397	0.586230100980098	0.838959834167033	0.831776128945301	0.804194621694206	0.700881916451031	0.329767085249772	0.906983995051492	0.725819157613868	0.786256298889781	0.8501337734151	0.876947941593213	0.795836735456643	0.582917798628213	0.87750239272528	0.737928585967185	0.946451157877405	0.763613142824558	0.421760632307751	0.570923497982038	0.732738747699577	0.811876122079697	0.326818712297174	0.817393017336276	0.554365288616378	0.801939008856014	0.709557024409629	0.648439188147442	0.0286408465266304	0.801294663258294	0.452401513714584	0.636520850367116	0.601627803319016	0.241402047132487	0.799891085826063	0.836765310382545	0.526375436888349
PILRA	0.763816741171318	0.802806928222591	0.868805145975629	0.850409359463475	0.836557742944959	0.833726954509924	0.853755366379922	0.725467085858396	1	0.801561350030205	0.782991521381234	0.338526324447878	0.698114932338845	0.606327508778468	0.836447850618559	0.767690346327602	0.779813582279622	0.832263696510143	0.834693428882781	0.748922697295532	0.487804437189878	0.743919458828359	0.815681423623751	0.501023618609569	0.653869862972089	0.497654723291266	0.870671628389637	0.676168708528528	0.662776354310858	0.737819453220422	0.669066828046458	0.861988859043884	0.75945414478595	0.749041246866133	0.676297120959844	0.670372019060928	0.724616365651304	0.52243241594117	0.777623849425174	0.693377974635912	0.787461662159194	0.838792815749555	0.813739111828054	0.669831360600489	0.781395288862149	0.647053740402297	0.684169295810101	0.479458905711393	0.588954522245742	0.734865148790414	0.923033809775112	0.803377226139355	0.70987856417884	0.537928169138359	0.653495184149107	0.687780947278341	0.576414907479512	0.680586410201411	0.749243073097079	0.736573666994517	0.659015188394166	0.810383405418998	0.690669971779816	0.697546289916856	0.790123633703831	0.798146525265967	0.746278628249501	0.686329242443476	0.740139578763036	0.646322834651969	0.587209484335963	0.365006774439137	0.775340115835064	0.861463377916571	0.6067562397901	0.829199099594633	0.69513058293524	0.803735156912211	0.722937631996025	0.76511153736752	0.600227030782157	0.757746759768648	0.76564963504194	0.446834075039435	0.776982018892641	0.712500247410863	0.802104081759804	0.109886758246026	0.630994917264706	0.766136288567828	0.742913440148102	0.802969884539955	0.85345966915139	0.37219925350621	0.766901012049194	0.72210674307624	0.821084651106538	0.718333132953673	0.105006538976388	0.699416397591518	0.85490451453746	0.462946928897799
ITGAM	0.800390998669423	0.882047867995816	0.846402776488006	0.856136952102705	0.929940354089072	0.770839269002109	0.880664829185691	0.887330540852647	0.801561350030205	1	0.869823922715129	0.583707764982896	0.793836505720677	0.812910714259788	0.87108267883727	0.827159346954393	0.826664102638173	0.845663713732914	0.836499349126429	0.886535585683924	0.590567842724597	0.926931269550243	0.853178584136149	0.609394804687264	0.78346372110618	0.730831804899366	0.921281074958818	0.721963309830226	0.713095870804835	0.744193976848553	0.539786307509059	0.864807607136595	0.854723888735899	0.888573393758923	0.774442230783756	0.699919050587796	0.879894057739665	0.50741672567748	0.898274160456381	0.762354954752515	0.908303470795737	0.892509526163572	0.847676805618912	0.695980953043926	0.851630461379679	0.46004578186896	0.84739051587565	0.488432879809498	0.629882285865127	0.725108137617151	0.818443073734603	0.742756665433505	0.840317986910707	0.611984141518866	0.863103261981718	0.819632322252145	0.652579788857661	0.716734459861204	0.759694727001524	0.840154563270456	0.836583685851695	0.714079956183812	0.854799696275048	0.839700944728408	0.80264072993708	0.840738244542406	0.71300323366486	0.750866645151777	0.769420692443427	0.70374257784659	0.644531117132863	0.452079307925674	0.865967813010047	0.838369392245993	0.760607324583155	0.916025595861247	0.786331226455801	0.81145758239271	0.756956012369153	0.864037156082224	0.699972494172084	0.897205900064073	0.844200171478452	0.470539281381703	0.709471429906501	0.739963469269497	0.829290043673048	0.427573205520855	0.714865403300882	0.728380874438758	0.824354226773556	0.786182830120284	0.802513334444772	0.306726308868015	0.795221349523058	0.65532036233993	0.806438093793742	0.728904119635761	0.183658290867017	0.759113832182958	0.885227156580132	0.385547589048091
ITGB1	0.699547676007249	0.814824666185408	0.917433476580514	0.775824866887037	0.928919340621777	0.898462567508943	0.821931510421143	0.785613371082873	0.782991521381234	0.869823922715129	1	0.425207912927394	0.781653366425973	0.698465086878812	0.940173967556798	0.754435673146954	0.826351501410857	0.803465458123128	0.887464831866844	0.725934013775086	0.429130854566462	0.914902062021329	0.898244524444676	0.520756351068361	0.725339839426971	0.721754385768908	0.920952039509856	0.862106090126289	0.614397452440705	0.586955681734067	0.778618449526243	0.864574528218618	0.77399530720753	0.89430681221901	0.671470739541996	0.596217576676876	0.758123937307766	0.318195195408517	0.85424287400243	0.849205476835801	0.85282143205763	0.948181860531903	0.796493051709409	0.595961965982019	0.79440268956383	0.632833194280695	0.885167459315453	0.352537103829408	0.608428329789531	0.565663908695776	0.768495156361632	0.832639371850254	0.707009285110234	0.623292686111239	0.844647018458823	0.908795137285638	0.464319197323378	0.648848443609715	0.718432427498898	0.754002889461033	0.859437833528041	0.852942494323737	0.814716337254805	0.701364259581825	0.684700313263803	0.854520414196398	0.92229158857678	0.739980192732467	0.648052944458711	0.735860178545922	0.583383563109679	0.39635739393629	0.833234848403341	0.886147825564614	0.744146657436722	0.927996715320927	0.796454311597195	0.791968546373529	0.839776076678218	0.85754918646173	0.525297114670607	0.797692254288334	0.912347613307668	0.41874635151435	0.893557644628466	0.687887906953812	0.745708223395161	0.279660971677727	0.587418051446936	0.892325957945797	0.851671244645665	0.904895013261407	0.875823143318078	0.42280481783676	0.821435491583837	0.819091937546325	0.932665468716068	0.858628671968621	0.295058491214019	0.724246414011562	0.854487082419493	0.246342501732867
LILRB2	0.223203551007715	0.416350833959345	0.38699805453526	0.324384450554671	0.440982394387739	0.420806846573571	0.386565519002624	0.436977450322633	0.338526324447878	0.583707764982896	0.425207912927394	1	0.725554784755326	0.432034344814576	0.371399574345266	0.436129691466212	0.402185323920118	0.262597781280565	0.299543128224645	0.375263415218178	0.554754223412731	0.460859125751222	0.521391455918544	0.713776296519734	0.426352101892528	0.543651766806469	0.362792038434216	0.540741025670528	0.179718028241344	0.1983506932182	0.255661601047792	0.312321270790775	0.389336195247218	0.408009714905849	0.58727387600182	0.131245370711663	0.37870125642295	0.0260247805309176	0.377161983310651	0.586343863966988	0.446173016009642	0.424348681485706	0.357228015801906	0.129130368428826	0.367497622937455	0.0713480397837355	0.630933120748169	0.0428004404263418	0.231281169799483	0.209530662885084	0.373241168563908	0.249841061555389	0.364539414174256	0.153918931523036	0.444746319903273	0.463540394335371	0.238323519657506	0.299395875275129	0.482895275605199	0.399105107535248	0.355120259801469	0.443031132970288	0.329499225819135	0.314594619100711	0.316579717992247	0.308344121204182	0.300164783782304	0.224704851439752	0.245430513695994	0.264472347045344	0.437680825167588	0.819657289531734	0.345176573294911	0.494498674104771	0.644875337794401	0.429793197005594	0.214895055375381	0.363135800245137	0.366196122746733	0.397221500805686	0.307830488507842	0.509684941227959	0.586449648546334	0.657947181012926	0.287214839851982	0.468143514838559	0.461891057148453	0.893986518046238	0.254354544059636	0.359297683891485	0.407950226373197	0.350671573063556	0.381837023531009	0.538938325494888	0.251538979993627	0.326120868742331	0.384794697177379	0.326220099166437	0.053534379529481	0.264569897321304	0.407923623321848	0.0447371451770453
C5AR1	0.468679175156693	0.575542103721566	0.803280628128582	0.572086218758642	0.699199194389195	0.833875996497243	0.649853614366754	0.61755553730624	0.698114932338845	0.793836505720677	0.781653366425973	0.725554784755326	1	0.72114982411913	0.728532329839115	0.665238726463238	0.748261934992899	0.555255061014593	0.581162529545802	0.549282867652986	0.468448953878684	0.71998586401346	0.894135472116475	0.59649886809003	0.657318413137348	0.712123083951559	0.719315302580628	0.823865726304969	0.420385481523568	0.428746068180655	0.712575344403282	0.596501577605349	0.634334801018242	0.716225282089325	0.765386025154397	0.368432542464462	0.547908737585069	0.104754617159441	0.644941704758064	0.868007221359023	0.746463308452224	0.79385058666918	0.590735269182665	0.344646224489082	0.581385173636615	0.391300588384124	0.884159661558094	0.161698366261187	0.384747382797399	0.356770400570895	0.64055450578014	0.699338483805612	0.592721436534684	0.394741690913704	0.655442246170773	0.799289450561795	0.528221872227601	0.497673247320949	0.710274218947301	0.65867187459884	0.606175513374053	0.824409961497292	0.557877697158978	0.605205261031598	0.543071739956138	0.668186479824186	0.678251793335105	0.478729788939654	0.420114923116551	0.544167507963406	0.475620860666002	0.714707634711061	0.594195618050477	0.848402932563972	0.735765298215302	0.801625405064427	0.496102231621187	0.711929912626553	0.774749777879316	0.758797368315127	0.518624786014612	0.680264930330266	0.851511297759627	0.65872483466749	0.738425154247429	0.702275636627925	0.590639715693629	0.572348449726447	0.486724504137263	0.731508266127621	0.725881048214213	0.755931568526675	0.77121801305495	0.70795070073395	0.635519930772772	0.794818541380777	0.760250202879174	0.772010373979716	0.258097176879889	0.577666263133938	0.645185480495415	0.241322327980137
TFRC	0.722472513888638	0.697057401597401	0.743317306341029	0.669761036692928	0.733402153614993	0.637741687485039	0.721339274835112	0.774182621314368	0.606327508778468	0.812910714259788	0.698465086878812	0.432034344814576	0.72114982411913	1	0.688812324173794	0.699281613946611	0.806559161602976	0.706198850509606	0.64308688084937	0.7841791894012	0.483525736396785	0.781742799090835	0.712247812884779	0.496960431286717	0.793629917639902	0.589430990657865	0.765381254577726	0.589280257824057	0.660606812351332	0.691454323704014	0.383930780754112	0.672042648619991	0.69093740501946	0.806566450702128	0.775566182980339	0.632091331353849	0.749058048979845	0.427069729768981	0.74476430106596	0.607751305512623	0.872887690374325	0.779279913793777	0.621757103261737	0.650180514505929	0.707430002099806	0.333936589451829	0.724027851853597	0.482635114107549	0.49941853150548	0.608836681191306	0.642202854676988	0.642758448486565	0.771741703163158	0.626313153642581	0.786556469868934	0.683392020434726	0.775978620557699	0.658000812338894	0.632083267686095	0.833974401062782	0.732680405205765	0.527215919002451	0.685713156294661	0.881300091905622	0.639663043068165	0.725874496744244	0.506448081081603	0.703608893798201	0.640433247756894	0.712324029036274	0.475620983480655	0.366546927668203	0.700816436347898	0.664976383777088	0.633933590217542	0.829826109497143	0.73131942906691	0.796632478478635	0.650025733562273	0.831381428251615	0.725364817136025	0.755515099365024	0.650961922714873	0.482628533917206	0.579037300427942	0.708087692494918	0.5985982854505	0.283434866372892	0.765938201118909	0.502288351817767	0.770277367868404	0.664398622474981	0.616553270334019	0.208359115469553	0.737033579012203	0.530656809040367	0.605394404675218	0.70129809038796	0.409990639852885	0.815482731294602	0.705216547838135	0.46901701169804
SIRPA	0.793412416075061	0.838746778315808	0.923751410339872	0.804293411291906	0.941176858611825	0.862156408512714	0.89318975268125	0.798942532454644	0.836447850618559	0.87108267883727	0.940173967556798	0.371399574345266	0.728532329839115	0.688812324173794	1	0.803021356558285	0.869881374155641	0.872635767160438	0.924208679169602	0.77740738536966	0.480323717748687	0.873673801726027	0.868916607955787	0.563819401999144	0.774742060078109	0.62418591793153	0.939536215684502	0.812877249040499	0.710894545896046	0.694160113669252	0.731612467418348	0.899445381601354	0.86898606997588	0.907955801358511	0.713941569026776	0.718621237100905	0.770820327873615	0.45509659105563	0.864685794741214	0.797087769255458	0.872260853538628	0.938846267668231	0.873223691772758	0.706614844354327	0.837902818397892	0.689828016966569	0.798407997742677	0.495862038436495	0.69492187475966	0.683697451101318	0.806702301542765	0.850657907209886	0.777224033328326	0.687737777998137	0.814210957602124	0.830734650014169	0.554772701650399	0.728691747108417	0.768001636904613	0.792258252976474	0.811973685840624	0.832485609964754	0.83024549124609	0.747990671050759	0.731098227785255	0.871902998873602	0.886383760085508	0.794047175187803	0.726009095426352	0.772844637934199	0.644743740257761	0.399384343292611	0.874893370087277	0.847096224152108	0.714243617707269	0.933026407148015	0.851198141929587	0.8333697292023	0.804603380672067	0.85248600567671	0.619189411882921	0.842085234413706	0.868622570730423	0.463621250035194	0.866119726652829	0.732959935793166	0.817988646986592	0.201559520763244	0.64296252567031	0.832385511527959	0.859023384010446	0.873998559264255	0.876542289525279	0.324897179098016	0.860947141338263	0.787362249350489	0.886216057405409	0.832048989662856	0.263861512105935	0.770588468257563	0.847366006193229	0.369671990118189
TLR2	0.82149395248629	0.79987973455043	0.794393669255383	0.762481986066129	0.819556392992448	0.655569909024433	0.83312801783489	0.87503309572599	0.767690346327602	0.827159346954393	0.754435673146954	0.436129691466212	0.665238726463238	0.699281613946611	0.803021356558285	1	0.863954546112134	0.804119541401829	0.751768586857812	0.835742960538661	0.625437957755516	0.780461092658049	0.757264424728903	0.639038521732935	0.825044201336289	0.547311143303758	0.834649693180364	0.647992380775871	0.822250734914347	0.793188992848199	0.420702900149095	0.778190885479251	0.856812806722212	0.869166177106903	0.853101006672491	0.846251738454935	0.784846185074734	0.704482837887533	0.825004075345444	0.61986980871523	0.871806412874434	0.834618397924388	0.781742241791059	0.799773113309358	0.889890428036263	0.429718672538095	0.638045547894534	0.664773603699611	0.680793694972022	0.776458492897247	0.751328811147384	0.734749803599834	0.841012891145283	0.74321922560148	0.790850238707201	0.679134436438187	0.648229082518265	0.865520490523435	0.694220608845568	0.814592292884234	0.725901982919832	0.636310665397332	0.848012638290883	0.770230881103238	0.730129603328657	0.745073329327398	0.585785495907003	0.770503734813925	0.714571628944139	0.742499771933732	0.751840534708407	0.420130826629393	0.87407092020812	0.762035501300365	0.730501673648149	0.825775796475762	0.83101450221566	0.819696029214705	0.699211452116227	0.791700912725502	0.772509812839942	0.943576654678378	0.775167401984018	0.476314393428345	0.624997878771009	0.751928409374811	0.828404402870647	0.311764994152069	0.669567445623358	0.593191503237255	0.823683319126235	0.739331105215486	0.735700823758049	0.209372947970615	0.802015605781278	0.57906543709239	0.642947146614406	0.663780182219449	0.232827521431433	0.749673668267751	0.781842996142197	0.584244758519808
IL6R	0.821053670999434	0.785115481861054	0.859660374685408	0.732209779278554	0.834724967370213	0.762343638728406	0.847663650794827	0.853294826698159	0.779813582279622	0.826664102638173	0.826351501410857	0.402185323920118	0.748261934992899	0.806559161602976	0.869881374155641	0.863954546112134	1	0.811535685600736	0.798245947196217	0.805794458637867	0.58480436733697	0.786862481975727	0.789570659287259	0.641871291644822	0.859436289141553	0.491989110988146	0.856955274283964	0.712937480086616	0.793596177667219	0.773947663094001	0.541480456744431	0.790042868503024	0.830144253815018	0.904700641983414	0.890247987989373	0.805457976957679	0.754425403628508	0.575989523903964	0.822110555033265	0.706970826064165	0.931739038440564	0.891260408098208	0.793269524952263	0.785855817526967	0.838348495266224	0.541983749620987	0.703089944627952	0.626426274948685	0.742651860699701	0.720063604167953	0.756829844216178	0.754017840437044	0.822664824290403	0.755446872252547	0.807341245409695	0.710022096464415	0.714478316321172	0.836041511699327	0.757706745212225	0.851968039879693	0.773470297162886	0.72053711456551	0.795473380516631	0.831555589489961	0.675272919594585	0.820943145565922	0.698310975113518	0.808095888463865	0.700347636821609	0.843990848217652	0.67421170099461	0.489371659623991	0.859017895162451	0.798219055908619	0.792757767934563	0.895101873775252	0.865065693192466	0.88229234249851	0.717981718714121	0.872289837176799	0.736200494032516	0.890466442480823	0.819639969280274	0.57246844995079	0.734605421157407	0.809726849618814	0.756858314284752	0.248566690891058	0.759399036284288	0.650262660041467	0.871532249921464	0.793703894412074	0.743574777325619	0.273900847541885	0.858712725657436	0.661267816024206	0.701111419502619	0.774370374980284	0.378558709998787	0.828675390995122	0.763512962570133	0.576988607524988
AXL	0.926485403558509	0.912434402425189	0.823567480447014	0.892393332789867	0.916968944591339	0.729648777128025	0.93792070007499	0.867472773764273	0.832263696510143	0.845663713732914	0.803465458123128	0.262597781280565	0.555255061014593	0.706198850509606	0.872635767160438	0.804119541401829	0.811535685600736	1	0.934437685140807	0.906260641320251	0.587167943758558	0.831804599498795	0.705953942085607	0.579607558634961	0.780095720743276	0.469848346987749	0.917569465934244	0.578890509068022	0.794281665455159	0.871789694165144	0.469356244215443	0.950200347696331	0.860945165942743	0.845101086680115	0.671357018234017	0.856608447729249	0.876661304073257	0.675261060939693	0.829042788365081	0.598882856236381	0.878592831803081	0.848397237003528	0.887495985803804	0.867573521624579	0.877252239593874	0.689046545542987	0.614064532246421	0.649984553856712	0.710813677574318	0.893793681041791	0.899984403320424	0.769775980391693	0.872044461972675	0.695230584240094	0.774027584354568	0.652281595949073	0.647830543218652	0.740582771012027	0.752207299687355	0.829139216198664	0.801868632671707	0.641338276930863	0.871494590771114	0.825379184134859	0.836753837815983	0.874350162137737	0.693426963381647	0.862137589236311	0.845514287954961	0.794856840686137	0.698305631594621	0.197093319731011	0.89249284815704	0.741864027063116	0.646316346251284	0.878148366122035	0.881037875468969	0.815825413629607	0.644650741514712	0.838903171347214	0.694899922652763	0.858329747383315	0.723535377473386	0.411974824851766	0.711534592652311	0.778471440909809	0.868208170487578	0.098802321060148	0.783130133534378	0.633240213695011	0.791055550727133	0.757508859003648	0.776090612288152	0.026843145802198	0.860830862897084	0.540114106006299	0.750169813972496	0.668858217221487	0.203989040230439	0.815785948464628	0.890319396496659	0.520141081149076
TREM2	0.861143594490669	0.932940120289139	0.849209389305783	0.882303871859924	0.96093032664753	0.797109813067156	0.908729656073516	0.824103249376544	0.834693428882781	0.836499349126429	0.887464831866844	0.299543128224645	0.581162529545802	0.64308688084937	0.924208679169602	0.751768586857812	0.798245947196217	0.934437685140807	1	0.841512178115769	0.551428184534457	0.85260585831855	0.742066725513509	0.574300838690602	0.75886729780196	0.515105243062136	0.928557951668923	0.685726964495055	0.697273749452677	0.786137246813388	0.596155256318431	0.97425126340535	0.803367801792928	0.846387097659248	0.627839231111055	0.748241553149828	0.852970589927594	0.548725515990427	0.851889368978211	0.661353626584939	0.847355549413769	0.880532345685523	0.874196364192613	0.777874635820434	0.838056518064635	0.782221764776795	0.710174022530204	0.530185839970141	0.696516330345378	0.788924764190478	0.893626306498472	0.765617038833634	0.768156228033876	0.659390981034155	0.780551218240988	0.724513600535664	0.494288913526348	0.695798680614075	0.770070097982763	0.807308564842805	0.837507924691883	0.709670504296721	0.828334758397735	0.748335651141196	0.807292868137841	0.868486059660901	0.828141141330068	0.855844889553013	0.836382576221009	0.785828181787556	0.642357774710917	0.265053301999068	0.88378575443422	0.778436820899389	0.669996941389362	0.887873040528734	0.876965830759721	0.783929862568436	0.665280530326742	0.819773846663126	0.570599772961805	0.816692701724301	0.782285155302871	0.398793813543936	0.769894298535499	0.705828782995591	0.845974580306799	0.115931273734891	0.708054768543585	0.746696033692304	0.79769778685874	0.815430684470249	0.815279935710669	0.128262218196829	0.843027829792802	0.621928590893094	0.850828298737029	0.708286230687159	0.188587186970935	0.782203806999897	0.906735275445224	0.381025906647251
CD4	0.934401531012314	0.927645833259081	0.738731913355075	0.895073405862063	0.890749988874034	0.598055088854316	0.905028148535788	0.929103127113956	0.748922697295532	0.886535585683924	0.725934013775086	0.375263415218178	0.549282867652986	0.7841791894012	0.77740738536966	0.835742960538661	0.805794458637867	0.906260641320251	0.841512178115769	1	0.654645092286692	0.856250119119084	0.660631662327603	0.582472608357583	0.789264192186578	0.539142746590984	0.887201072292723	0.513646074507497	0.807622445789457	0.914834374381433	0.27807008367737	0.891260404345101	0.832812633611491	0.829187332379109	0.733467698877117	0.86150816847006	0.93476974227703	0.745127694974011	0.864659204334972	0.528644200309511	0.898244255491679	0.80369665767739	0.83267657253115	0.888703580606331	0.878873839557949	0.475428481731187	0.62335129418832	0.684887873784402	0.656845346702502	0.889915278387981	0.837308615702903	0.657719154806845	0.914731774400547	0.667334728300535	0.80571044981777	0.630986714727065	0.697664647260272	0.779763307247397	0.702235607779541	0.871958208703415	0.805348422912569	0.502384114157259	0.886253317057288	0.883134051739143	0.872178055749426	0.801970811412512	0.518532889616691	0.859194185240171	0.87569873974078	0.750366434849858	0.682934093744473	0.244299483940961	0.893128889573936	0.698137869912424	0.652132100628808	0.847293309386	0.867520657495723	0.757630483422471	0.602882396112004	0.803623801251321	0.748192413218516	0.900090041304478	0.67821286722932	0.358465504702251	0.542155683457268	0.729537529919294	0.860976613278958	0.241114852397022	0.803237347775106	0.511849929789437	0.770381623106114	0.68097731548867	0.685069868178654	-0.0278426667053222	0.804296080074874	0.425712914555526	0.647864817569012	0.563788391242396	0.170442582200644	0.812767545261749	0.878334813665028	0.536275192030966
LILRA1	0.629185294933494	0.656401349580126	0.418910336070492	0.579930142450127	0.584078726136965	0.38301300076566	0.596469241214956	0.65866829437901	0.487804437189878	0.590567842724597	0.429130854566462	0.554754223412731	0.468448953878684	0.483525736396785	0.480323717748687	0.625437957755516	0.58480436733697	0.587167943758558	0.551428184534457	0.654645092286692	1	0.499409852748065	0.409499072222775	0.758294834688783	0.604538152428747	0.269455617509294	0.511379729807873	0.389172040144472	0.492207631195111	0.646140961443803	0.0969447461292643	0.576315441056894	0.539101564977237	0.522087514007951	0.643735126652271	0.544645772615117	0.661273662139394	0.511878359875302	0.50415233037425	0.386379326989535	0.617668680859495	0.507477622620784	0.569586781833699	0.589488202494826	0.576375332315705	0.383825065672952	0.399436464132138	0.407786824097601	0.468284831882749	0.625628947702211	0.649578075715904	0.323990691599426	0.608468615150656	0.397770314482159	0.522523016038802	0.315468693048008	0.44092533221617	0.549764371377904	0.595719697212095	0.595864986244959	0.515472630480665	0.341333340827628	0.531579599984728	0.515367209084343	0.549087316161431	0.455862229626997	0.285486020892223	0.599180381276832	0.575151452126064	0.535229662891689	0.543256040019424	0.494020790405629	0.605064347900766	0.498063901525651	0.61293766362233	0.527574518953152	0.554978718860055	0.478476213147363	0.278297005965546	0.496514845472818	0.505071796194761	0.675804704331651	0.544457716131038	0.55785204156039	0.260532345131068	0.612766453005428	0.663772137860208	0.524640201605754	0.505700356138062	0.240033312423647	0.479038965763443	0.436388072272362	0.425676880733614	0.110885605194198	0.451476967370608	0.181852942673027	0.368536366099111	0.258737096657393	0.108002234997678	0.48475201323335	0.588399512223536	0.407791774237973
