""	EGFR	PARD3	F2R	F2RL1	SDC4	CD9	DPP4	ADCYAP1R1	ITGB8	LRP6	ITGB5	TNFRSF1A	CADM1	CANX	AQP1	CAV1	HMMR	PTPRA	SMAP1	KCNQ5	PLXNB1	NRCAM	APLP2	ADGRV1	LPP	NOTCH4	TFRC	CD99L2	CD47	TNFRSF12A	KCNJ10	INSR	EDNRB	PILRB	PLXNB2	CHRM3	SMAD3	SDC2	ADCY1	TSPAN5	ADGRE5	PTPRS	GRIN2B	CELSR2	TNFRSF21	CXADR	ITGA3	NOTCH1	IGF2R	AR	TRAF3	CNR1	NOTCH2	ADORA1	EPHA3	ADCY9	TSPAN12	PDGFRB	IGF1R	TNFRSF14	RIPK1	ACKR3	SLC16A1	LRP8	TNFRSF10B	NOTCH3	AMFR	LRP1	ITGAV	SORT1	CD81	MCFD2	TSPAN17	FGFR2	NGFR	TNFRSF19	SIRPA	PLD2	CD44	ERAP1	ABCA1	TRADD	UNC5B	GPR37L1	LRP4	GPR37	RACK1	TLR4	RXRA	LRP5	ITGB1	NRP1	SORL1	CD63	ALK	CDH10	PTPRZ1	SDC3	TSPAN14	SCARB1	NCL	CD74
EGFR	1	0.911319394824822	0.961519466190693	0.716439273166614	0.20074760796725	0.719664629550147	0.878970732276893	0.123081645932753	0.848310869942109	0.861182178903704	0.903543208784293	0.759970451651122	0.940767449894956	0.98253731841505	-0.0342366312568293	0.398190304631564	0.834144661975514	0.960676412768847	0.922093172026795	0.738625692618379	0.863080452962357	0.919430981762234	0.976210134109079	0.156033738320941	0.858916332399368	0.855406606901146	0.893895728435343	0.91756447408451	0.819583376733639	0.569661275145229	0.618998245413156	0.533693940073358	0.814019713281546	0.808543990997037	0.859013134198857	0.883486859863275	0.826500445996189	0.775447457004775	0.871800478519587	0.94780531372984	0.899521991303203	0.920702723004925	0.888098920036814	0.815800149638179	0.927740806100698	0.912833766660636	0.695826158735354	0.87004793840549	0.819509964611498	0.872206077502373	0.880742142773169	0.653735753707365	0.929437255450268	0.840714333825859	0.891939578919429	0.839908041864416	0.888162793087568	0.486905135936517	-0.111857770991024	0.652967247943603	0.919378336078328	0.666314378796073	0.85230599306291	0.951955363761761	0.803665467236285	0.910650268389062	0.876562177728804	0.941055621763441	0.936382818978478	0.91661241019614	0.833499970182865	0.954851921779026	0.886306309816312	0.559611385936333	0.839287842682816	0.762497446393109	0.869761822537025	0.76688548088578	0.584040830659652	0.860450455007841	0.607454775221382	0.741330127009617	0.907165700639119	0.909546213785057	0.87510143802496	0.884462027786126	0.806158898339348	0.751959356978841	0.785941191786583	0.783744148872107	0.915779291358704	0.728733099799927	0.859321419624849	0.812546659350696	0.803823446742981	0.89466984440197	0.915127674576635	0.817567741292781	0.927555096380935	0.84925081755725	0.957526109840665	0.573568459575119
PARD3	0.911319394824822	1	0.887060375382517	0.707216597413965	0.322268393764932	0.647335591960382	0.866496217640745	0.110288761817068	0.785338728305858	0.810369650491363	0.809776675098776	0.819285466472898	0.926892743400213	0.923004055082628	-0.0317894174400355	0.429674913595843	0.730330210469212	0.921302091535431	0.857183607203371	0.759001669507431	0.830414968390798	0.906618936086869	0.927415680180651	0.189967984369332	0.892018970752686	0.831477883699103	0.826434412957426	0.837150266481956	0.870760415491537	0.696023064144482	0.520571348238558	0.515109330883063	0.754528931688118	0.767288321146667	0.822324752063341	0.844524738484494	0.762774704765417	0.854489248202445	0.809078432087108	0.897408146517105	0.798214525394857	0.840998050913777	0.837739313312816	0.788583679937602	0.907692069856057	0.842930770387518	0.759198688524115	0.754879855069711	0.83287048351413	0.842403110827021	0.832911296428015	0.635216567985955	0.870120866495605	0.857825809116517	0.850079335023839	0.763828521821925	0.777040047147121	0.52588953229468	-0.0393638316189827	0.77813003926366	0.921767203452836	0.647489459838449	0.818853693799542	0.887911550218431	0.810306107603365	0.84009556658073	0.845552431004071	0.870110270550606	0.896312793646841	0.882189732144066	0.82254726672442	0.909151044226136	0.863720118698508	0.513072516143837	0.742440869462741	0.720242232265012	0.825365275604346	0.735864916027388	0.714109741772469	0.864086777291234	0.628326171977106	0.755919655234963	0.82702830176351	0.790835578633117	0.808802322949009	0.839627749193058	0.792002385505416	0.734957791304214	0.7952189552462	0.7349981384913	0.865752976395782	0.809970751257719	0.810559680815856	0.833126010261359	0.830650681505007	0.80437925475434	0.865994853545497	0.726789056400328	0.884045761785297	0.813634864615576	0.899171832137228	0.633167479198571
F2R	0.961519466190693	0.887060375382517	1	0.7715062191225	0.269875693961132	0.654209931877315	0.854132169842342	0.277473247844073	0.904421976915807	0.890468871822622	0.883764945757573	0.755710461613534	0.927426738989872	0.979271658328749	0.119692599079748	0.361361422039762	0.792601613899263	0.970656162487055	0.8678397651222	0.804363252162122	0.907840175703779	0.94302732892977	0.956917297616816	0.292772179810797	0.896137602847363	0.819610432830368	0.847904451859106	0.933285342579241	0.78444358189228	0.531219214086013	0.704635008509549	0.571107752325572	0.887543443070832	0.832987738443796	0.877095861106493	0.872349602193409	0.837711506083865	0.764131067559062	0.864757691743052	0.908990542573915	0.840143902510614	0.910824041697531	0.875016670363748	0.85983769485808	0.909661249596763	0.844772940554174	0.740811478037795	0.867883939976761	0.84937990813544	0.914254539716548	0.880474730364509	0.645499903906643	0.939792488438693	0.855119990852776	0.859417717458957	0.832703094839212	0.854363845859873	0.575652508420231	-0.0350458390184927	0.648062124247905	0.909982810231701	0.711964357409743	0.807102439400561	0.926800802981504	0.77424522151746	0.868714875996033	0.904101959596445	0.947724012990372	0.948319176044765	0.948490285601273	0.797329595861926	0.932886142856074	0.830779243433713	0.667228858910086	0.787031708400662	0.789933209786985	0.887793492557251	0.793895239842596	0.608089589024235	0.895506698877137	0.670421284902759	0.672262929461974	0.879704544407313	0.873586990152121	0.894782680608165	0.905036528870414	0.72140447273777	0.789982530821003	0.756017339673391	0.802966362169777	0.880480929242387	0.718396936758621	0.903381175954101	0.755711968023488	0.803747460098622	0.901545779358581	0.932595344808574	0.869887506123165	0.90465397949576	0.819164113531874	0.920288155386413	0.570997865311574
F2RL1	0.716439273166614	0.707216597413965	0.7715062191225	1	0.480413869304067	0.480829100541543	0.620232043349789	0.502477658191103	0.731043213987324	0.665831228118897	0.686727039661841	0.742116591632915	0.753563755167436	0.740993442204931	0.396633073171309	0.337785725249275	0.538838258420732	0.782176200977152	0.635667810145099	0.748437880682012	0.765954738046244	0.763450959888932	0.742177796186386	0.43619508485656	0.771578177638993	0.60923803519191	0.575647395332671	0.762996981919633	0.670089387153412	0.503143620430738	0.670080909017117	0.429586787448807	0.78827593971847	0.661570503587446	0.740308350605209	0.67796200550044	0.770703034361709	0.753537508946094	0.63422696760698	0.677940501499034	0.531465352813549	0.648398323168457	0.58747764211508	0.759451827879497	0.718841689986073	0.586493997982449	0.724429876734345	0.607198930313113	0.676484640166542	0.761515334168311	0.676418216468729	0.532678228104001	0.771792549884531	0.749051264662777	0.598761941262637	0.595979298449887	0.58501977368968	0.584098818344025	0.165891624944577	0.599801853958706	0.729367221969086	0.740041297654711	0.602985609146817	0.698504741591705	0.662147866479948	0.634322286270468	0.796960010218564	0.732203719607983	0.763052877120699	0.796157019343612	0.688598773257353	0.728506932357088	0.634518317420023	0.632509697167445	0.554609093741201	0.607316695743195	0.747191334472561	0.72738430864576	0.70336268753633	0.726337744946406	0.649813876862712	0.551422623419932	0.715729785440221	0.584983237573272	0.753947219154834	0.785835561271022	0.536106380274524	0.733013497371252	0.591603701477029	0.631865995488611	0.669144344793043	0.626859659717557	0.772606334507666	0.600878177558994	0.672318346545664	0.608533500860255	0.710000896713803	0.723787115041219	0.697572692444728	0.619429013100344	0.663651504768247	0.576495068418559
SDC4	0.20074760796725	0.322268393764932	0.269875693961132	0.480413869304067	1	0.20089105963477	0.193483306036714	0.470819736649238	0.315019475886021	0.265867577017751	0.138883915067518	0.496000347820347	0.306883667147092	0.274353618754687	0.543932654872825	0.41253176645138	0.118358301459597	0.337121627011558	0.184877355612213	0.41058584711561	0.331569073865477	0.356990473055754	0.274095414652351	0.364292590195903	0.422784929681032	0.218001737252961	0.181370782130056	0.280442940290995	0.3469146664247	0.354122160948034	0.289687070897773	0.203453217995013	0.367410482171765	0.327403061863538	0.412899982319479	0.323615370692174	0.369681244689349	0.498222755278335	0.240023441095706	0.206067683132643	0.0538429716821794	0.17586576684978	0.143687780179743	0.443355458970471	0.308650146309412	0.156687057963215	0.49449579771806	0.130410343258362	0.327048814375771	0.353614193527175	0.205925761638973	0.376045181896391	0.349250875777751	0.406698773496331	0.205100072765647	0.161662443172638	0.0567848487466026	0.418926618847195	0.522015530572166	0.363366824954906	0.286961232106795	0.380663183860095	0.372361517396309	0.223853636194252	0.315864802560325	0.283670256307355	0.497524411384259	0.289789754151254	0.329531500630884	0.386613435672198	0.296205294192303	0.276947779266821	0.202066795722318	0.336953235683778	0.15942702088085	0.281385000172769	0.377554040409729	0.388559717129254	0.66845869135012	0.360672157661889	0.54892375742723	0.235749781877687	0.319813347064401	0.0730863316086651	0.352217457914178	0.37765636050235	0.19696851349266	0.433910380372884	0.36884220876231	0.282923820572662	0.232524238165046	0.449446783182315	0.422354235915916	0.246918810548618	0.369693193644247	0.151033460558729	0.275692033236013	0.334700339206547	0.239329026989163	0.346744130080556	0.194235317068385	0.327873941426176
CD9	0.719664629550147	0.647335591960382	0.654209931877315	0.480829100541543	0.20089105963477	1	0.629771060042442	-0.086852661359915	0.399841471965929	0.456722694376321	0.724681578684098	0.713361228989121	0.73868666104988	0.696837925938457	-0.182905199290632	0.739654035320744	0.573982872579181	0.677287031486422	0.862691516242947	0.389893268323041	0.509599716256716	0.563745541355743	0.726584008419726	-0.158892983943018	0.502586818285046	0.720138353736007	0.823672136320635	0.603302996531787	0.69277202286257	0.595492866269856	0.250520251613034	0.166651652430846	0.486460325708387	0.370634858241027	0.503045313393649	0.629800846599534	0.58019138202977	0.659738890359445	0.646113861454172	0.804252880258653	0.779215322827066	0.644079899566142	0.567178473634777	0.453697528976375	0.739946575485245	0.722263181859206	0.457814535711989	0.447148726639741	0.42819681061997	0.524751353619368	0.485758121707629	0.678836783405706	0.615403992479861	0.644438372051279	0.589100923608216	0.504411177799085	0.725908656531033	0.0990771304364278	-0.0630062096196059	0.512211451231922	0.643542025822826	0.471269880243978	0.797129423427857	0.648419535929296	0.645283684651429	0.74259584987825	0.600093645915961	0.637113429418153	0.650331878920209	0.545410606798553	0.844711750272169	0.789552126101141	0.810659486218707	0.197412901207652	0.733689199089889	0.439232080558747	0.546929102495999	0.427241815370377	0.513204061805261	0.465598574371057	0.316961569748085	0.836490753577649	0.665624989949864	0.706878318652722	0.496896301631095	0.610712337404237	0.874560254063857	0.463016388761062	0.577732428197289	0.492651441081931	0.753640471920383	0.585987221877073	0.50376599012629	0.820469005423614	0.520266746868077	0.591853970182797	0.607013464935671	0.430864425179916	0.626318970057969	0.581659456139314	0.754886740971569	0.326490109164892
DPP4	0.878970732276893	0.866496217640745	0.854132169842342	0.620232043349789	0.193483306036714	0.629771060042442	1	-0.0436369236569108	0.726032514331633	0.743998969168942	0.748880961339327	0.720772629176658	0.873575491282939	0.887328388987132	-0.147772955938693	0.39465518361798	0.734779966175852	0.857491198952677	0.834205219796014	0.708315499546481	0.704852568864301	0.841194919502121	0.881791595416983	0.00498667271289159	0.817638638884054	0.802811765333635	0.806317426928804	0.776332402596366	0.832581337630127	0.661557775618369	0.401085661299839	0.443113252314163	0.649387751497481	0.713485392612187	0.729821243445515	0.756887867757945	0.674642253595212	0.751011075979024	0.781488988173277	0.851065183643451	0.827441214885957	0.811045939607006	0.858495181651583	0.671845480197062	0.853817653958539	0.846435766969113	0.651486400544407	0.741827963611732	0.769186621269536	0.775367937115223	0.795683301916458	0.584477762704539	0.825915172989894	0.748103716530284	0.827477935952843	0.74096656509663	0.77119833035346	0.345379052374847	-0.108736327927088	0.711321530857301	0.85506951143286	0.618568803224244	0.774260310140386	0.845285934693945	0.763314936353933	0.770682415037998	0.753719548798473	0.780428695800791	0.807184556446902	0.802578438443858	0.747341583131202	0.848574751281366	0.808469660949107	0.425480847220597	0.705056423884761	0.681284387375242	0.72712373305037	0.658062581413736	0.618288042031617	0.818578512723681	0.509447895251606	0.71541530345718	0.764482538304533	0.752410914725687	0.723481959578636	0.800814453810846	0.764264226721501	0.6427217493478	0.714947361164326	0.639796101389688	0.865021020055272	0.742819345782733	0.732851107815162	0.791768757969339	0.723750949288732	0.781510529191609	0.80105340536223	0.661352800037145	0.831706032880255	0.717881006005934	0.880038909922555	0.536275839153698
ADCYAP1R1	0.123081645932753	0.110288761817068	0.277473247844073	0.502477658191103	0.470819736649238	-0.086852661359915	-0.0436369236569108	1	0.453464429850286	0.32492024948953	0.249438915659518	0.175758878387697	0.121322335927893	0.185760100019346	0.877971753006383	-0.141286670977764	-0.0359599868753494	0.265991578377278	-0.0220786275197093	0.448772815576356	0.492871731794002	0.282064022650482	0.122983678388014	0.842612727767062	0.271877946579874	0.0297974201154324	-0.0503392403332652	0.311787347832857	-0.024985601976969	-0.200450593120577	0.710861721444346	0.216355464166097	0.589439721912941	0.273107895428116	0.356381493002312	0.138712867325662	0.387045631198172	0.174957152809418	0.183708106211729	0.0758296528240112	-0.151880826623183	0.129233892409454	-0.00168906523249822	0.521356690399829	0.0637955360815894	-0.0749444821864182	0.323666159559535	0.227003565967519	0.247752990507458	0.381592675733639	0.159472828652965	0.130924942066437	0.282351677598893	0.294819084895177	0.0259413576697648	0.166776183628006	0.0709315040358705	0.622433923628958	0.384949286324597	-0.0234262518540355	0.115063468196207	0.379087641017474	0.0244653297408028	0.135036371890796	-0.00531543961652439	0.113811784773013	0.40884893181546	0.294276657506293	0.317123695449835	0.384982000592038	0.106231872726471	0.157123699490886	-0.0341838469930417	0.687160144606021	0.0846278578906336	0.215437538343775	0.451055384353948	0.436993460246114	0.206786511815826	0.249198961494368	0.442455062822061	-0.0987683519946439	0.185517842177171	0.139931189621042	0.39592306509329	0.311047038026278	-0.177791544950353	0.401251499678664	0.142366441871254	0.37380138146676	-0.0156210147909503	0.0148422436091058	0.403461667755938	-0.123693192706339	0.181924407334919	0.220939333876907	0.301324764387833	0.467335075356961	0.102387432622338	0.174371114263444	0.0172256754911171	0.12930868480162
ITGB8	0.848310869942109	0.785338728305858	0.904421976915807	0.731043213987324	0.315019475886021	0.399841471965929	0.726032514331633	0.453464429850286	1	0.945309814083908	0.770738909010505	0.560536023872722	0.779806725114854	0.888115129700459	0.27973413455145	0.207187217468488	0.680117142018129	0.896291991698421	0.655432163396769	0.768063362895077	0.903225412444105	0.934091250890154	0.833161163305508	0.541496935828021	0.881614945515947	0.644512067383704	0.695415282156889	0.881365278122997	0.585911756909146	0.283031991456057	0.841821536678745	0.648148316570626	0.922802843298382	0.885504828470474	0.883804433116486	0.8441190966588	0.862046241450289	0.610841077083791	0.774681840433594	0.734631909025588	0.64110801792474	0.836499625332744	0.832008890810812	0.919653005147319	0.761785361707109	0.701062945384743	0.675438404373852	0.884227805430342	0.859937287074465	0.910764771662274	0.855666607013978	0.612213892172936	0.900162777155194	0.769918362844389	0.831559375679403	0.832255053956284	0.728578401379114	0.760365401738454	0.179973407985278	0.45690743360298	0.792588822826481	0.610304079480383	0.71978695532768	0.856327920325894	0.658953820433217	0.752241198497036	0.876472128080868	0.909372892540503	0.917819199137532	0.936688647339737	0.546764266173533	0.775539663292824	0.605852383719674	0.813747231469249	0.636494205728064	0.859780132957694	0.88163799067969	0.83769929270603	0.482888498195645	0.857472500741876	0.798075006764546	0.391083901514119	0.79166781777207	0.750961372578418	0.943254731523589	0.830250847683077	0.440991518538972	0.77815405750729	0.714150510552995	0.768651536753599	0.727814273028761	0.616330634004211	0.935613479187797	0.484675301465703	0.752581794853248	0.873573495075904	0.930219767910874	0.931330632626942	0.818415929902611	0.776664188590778	0.76757676068574	0.504604743648217
LRP6	0.861182178903704	0.810369650491363	0.890468871822622	0.665831228118897	0.265867577017751	0.456722694376321	0.743998969168942	0.32492024948953	0.945309814083908	1	0.784021039552691	0.552732550937462	0.788160463178729	0.89056380981403	0.1181917364764	0.256510916300358	0.701396842323079	0.889802736149841	0.69357346017543	0.709989328063585	0.855156981590829	0.915600905355659	0.841755827001247	0.444418459984898	0.871269840718578	0.6659173171031	0.751926905899651	0.8468916785074	0.602942093329138	0.313413076445593	0.762845587696051	0.689988250247324	0.854002818750038	0.855087682580574	0.859847682912266	0.860234215242033	0.829583753804062	0.607471733157166	0.810241323270484	0.769358163659969	0.69352549667064	0.870421618158593	0.85223543111517	0.869751363012788	0.766916103037818	0.734448666097149	0.611576315519123	0.873475121844566	0.86452774367957	0.875350383932323	0.853082232600261	0.616962674872323	0.878356033184454	0.746389179733929	0.847481824797921	0.83078997484083	0.743157552833037	0.705401846762119	0.151012866451153	0.464837998714979	0.808232006485604	0.5453068809841	0.767019442267057	0.88257052713595	0.66415584837643	0.765587115781888	0.852835767545267	0.904521796345101	0.907971335392643	0.906653426929035	0.56628898819524	0.793850964433958	0.640865494867778	0.743856241221734	0.696421424736873	0.829456850174669	0.845321822233247	0.79678373975107	0.462856645533228	0.830563348648987	0.76843189285564	0.4310539575246	0.816974358671098	0.77598892333298	0.922779942377489	0.785162542273889	0.50681116524992	0.718228964546932	0.754694011326635	0.769342393062872	0.768317162331799	0.6360065602533	0.914203651807024	0.52948420622913	0.782680313100306	0.894369825438747	0.933501399229859	0.871470549061143	0.851804972443403	0.802237907296656	0.804347365533157	0.505971048899401
ITGB5	0.903543208784293	0.809776675098776	0.883764945757573	0.686727039661841	0.138883915067518	0.724681578684098	0.748880961339327	0.249438915659518	0.770738909010505	0.784021039552691	1	0.72949051772764	0.861846690399737	0.894771616359019	0.0466874296030814	0.334293636685355	0.648237156125008	0.887273838924607	0.852642152266028	0.690951268646351	0.829671825173092	0.823520765688583	0.870615213091542	0.241463193873972	0.745909585004195	0.781717284532916	0.822217578112441	0.850819395434246	0.712734561251303	0.456726413545122	0.648359050570207	0.489358302503699	0.824629345397967	0.666356365605275	0.789378583200888	0.781760282235782	0.775493980045562	0.706061760806047	0.859888938971687	0.885129508018038	0.807841117819488	0.841962086819866	0.751061875842186	0.782919853699199	0.840892108498616	0.786844073699068	0.657152104253871	0.741358749898693	0.73723866853484	0.825650562346867	0.761759744212587	0.608244955931773	0.83736321771241	0.80224497492808	0.740056330457212	0.761748720694913	0.851818496837418	0.483427772954756	-0.147564494495168	0.538564075692166	0.829056833747323	0.623255827513416	0.745437331069542	0.858068669244081	0.716924488428992	0.878304046061566	0.799853101313235	0.896335484553875	0.881821909127315	0.835727566362732	0.825848474692918	0.893815884834224	0.836200688844844	0.577289515793003	0.852552418274419	0.631977555816334	0.844210924174067	0.720349710622436	0.492215756808993	0.7480452864467	0.531323902676606	0.709568831906549	0.843181894676244	0.928077586496224	0.821688581656284	0.808064616115955	0.749040215522975	0.720208666394411	0.682328867339059	0.791652197074896	0.813001818199241	0.61527928434011	0.781843632762061	0.743189617003786	0.698529502317893	0.861064209697462	0.868375821516032	0.7618681082271	0.773900780094637	0.760131228878254	0.859917866522526	0.478673412752608
TNFRSF1A	0.759970451651122	0.819285466472898	0.755710461613534	0.742116591632915	0.496000347820347	0.713361228989121	0.720772629176658	0.175758878387697	0.560536023872722	0.552732550937462	0.72949051772764	1	0.8876018763171	0.780280418553824	0.122352687097741	0.507480718920791	0.556930066633351	0.817936896065526	0.791486260088669	0.71488846595721	0.711182982762586	0.748694066717331	0.808241683821903	0.134610479766123	0.778714697199964	0.755339078683369	0.699735779367338	0.723236529775567	0.908418878350441	0.835025226978589	0.37997785495682	0.299521296729045	0.674229645689155	0.573795205158815	0.722017475058219	0.698991388337145	0.659146039781077	0.894933863028286	0.662266649248728	0.786040617616309	0.686156800073792	0.680990826294779	0.597737818985466	0.661145940369186	0.86663293833622	0.68487286400055	0.838939084462689	0.480515180913207	0.653823756996534	0.709395209934137	0.644725023535247	0.58185707660475	0.75622414779372	0.842164356480447	0.625901555186396	0.572900084896479	0.636100412956471	0.413250502895945	-0.059765590324137	0.864152845304842	0.837256624595406	0.761061279061102	0.677618998080724	0.718292030587772	0.823144126729171	0.748614094359589	0.754651067564912	0.729893610396405	0.759437997571199	0.7426265109759	0.904330145910355	0.836715004676044	0.849542801075231	0.363585080592968	0.641298557239874	0.515410263743999	0.690774594134754	0.611145222062073	0.890917598201249	0.7631736231323	0.507302656600394	0.867808568815074	0.722018388942068	0.651890407236678	0.652143880519687	0.795543256127353	0.805650005921588	0.735935320903336	0.616468266667389	0.602070775711383	0.745935160313203	0.824242205758618	0.659495287887115	0.87865371550454	0.750216863550894	0.613652830535977	0.6840032346728	0.574416388828341	0.701875850256629	0.609650838294973	0.756052150721091	0.688441303864987
CADM1	0.940767449894956	0.926892743400213	0.927426738989872	0.753563755167436	0.306883667147092	0.73868666104988	0.873575491282939	0.121322335927893	0.779806725114854	0.788160463178729	0.861846690399737	0.8876018763171	1	0.955063582381363	-0.00623886244224531	0.476301922373931	0.776629616432814	0.963427711025696	0.919737634760294	0.783298252675307	0.82740567774017	0.920137848316892	0.968387570146148	0.14826087645983	0.904825584405665	0.847973438822423	0.865108832078578	0.887788639480136	0.929613474749643	0.743891041409829	0.535081604953614	0.486430413038207	0.792072689952255	0.760379736219566	0.842016705223997	0.864545725231258	0.80027411950999	0.880378225409738	0.802354338886501	0.931888899387661	0.863423104740709	0.876138349366536	0.838409164847354	0.776167404269581	0.963187167087934	0.852633388377425	0.810852427415028	0.734125796895784	0.813101728995522	0.857118181857372	0.828905179059444	0.660877658258675	0.897567494390166	0.885561469178983	0.840656991966991	0.78756063577261	0.824467452507926	0.489767552600707	-0.0841129343354504	0.823528632371307	0.961120524058519	0.759620242380486	0.825049652855762	0.903143469559692	0.891795689426116	0.863613749997111	0.858652911745736	0.893952674279471	0.91756066222041	0.891311160671628	0.894466532407448	0.957051358510465	0.914160806067907	0.51146095490291	0.766280360566374	0.709428272916066	0.810413630989643	0.734398370515407	0.772478480528905	0.889048374888054	0.619465579541465	0.832419259777405	0.867512388232721	0.815743922529555	0.816241527357954	0.904459707475484	0.84067539715078	0.785702640079935	0.755332616773361	0.721172614229651	0.903708304746884	0.856398048697983	0.816628369805348	0.892398575727279	0.840477367150083	0.82672836186511	0.87225920768772	0.733912971334858	0.891234680319863	0.765782868017495	0.937426896567754	0.686589241395653
CANX	0.98253731841505	0.923004055082628	0.979271658328749	0.740993442204931	0.274353618754687	0.696837925938457	0.887328388987132	0.185760100019346	0.888115129700459	0.89056380981403	0.894771616359019	0.780280418553824	0.955063582381363	1	0.0311572904709965	0.428762212054878	0.802761139583195	0.984556223255655	0.901453264744966	0.786578786847112	0.888065688164701	0.960476226100893	0.980138419577873	0.227296865875587	0.908281080702013	0.846315542172621	0.893569452305741	0.931213052565015	0.824569982617726	0.580397743872331	0.649708612503584	0.568917820032626	0.853929196496596	0.830406554525715	0.887735411535984	0.903788876247169	0.842486005791042	0.801217930185908	0.875977551290021	0.930643737472347	0.870509946653711	0.928464698933212	0.896314911863916	0.853985804377084	0.942845423087416	0.878120613330869	0.753597102703	0.855945142122103	0.863179795612323	0.906880972552299	0.891676729949969	0.697957655046174	0.954119842894928	0.872045948418045	0.896650858374926	0.856326661312367	0.863976739800313	0.553573481228832	-0.031153363825333	0.684648308099012	0.934134698076444	0.686220472941527	0.863704721467297	0.950999567420746	0.824922651118228	0.901390897434519	0.899108111358969	0.95992079842614	0.964979188421839	0.941791168874487	0.814741198313036	0.956107024500714	0.866598710907788	0.614275102697008	0.81052238816639	0.799636758139605	0.883131094173622	0.792151650071929	0.639230256263491	0.906767537571586	0.680106691407757	0.727300509630174	0.902768488420305	0.883907229507736	0.896623838799868	0.914433373607959	0.76808345129893	0.782048362642352	0.785416367397863	0.789667245280401	0.914037968009383	0.780921726987799	0.892115199641105	0.79740663141448	0.827663541684042	0.917159371583165	0.947543508300971	0.84208221304977	0.919410893068921	0.850925854126638	0.948173525661933	0.593645905180805
AQP1	-0.0342366312568293	-0.0317894174400355	0.119692599079748	0.396633073171309	0.543932654872825	-0.182905199290632	-0.147772955938693	0.877971753006383	0.27973413455145	0.1181917364764	0.0466874296030814	0.122352687097741	-0.00623886244224531	0.0311572904709965	1	-0.171799948862613	-0.0892879339467755	0.113895426270896	-0.126057126911308	0.308130763770602	0.319283211796278	0.124324820501623	-0.00449343139235686	0.688147917583299	0.140147845425085	-0.0609729739901648	-0.207805013371471	0.176315694793517	-0.0863256019858009	-0.191381696357305	0.509184697361298	0.096694766992073	0.408578172464269	0.167331974326702	0.225272575152247	-0.0096959336506408	0.230751099295227	0.0975851219464237	-0.0137819091224756	-0.0615192198160917	-0.244440378005781	-0.028528116436143	-0.139249345504149	0.368775565338098	-0.0273526127062729	-0.171400371193852	0.270894742508888	0.0631015445909159	0.0829357978066087	0.222886637598556	0.0231514834274936	-0.0133641223897865	0.138112167619115	0.180274028813451	-0.117152145601845	0.0304473725031319	-0.0728434900404077	0.455580604055845	0.320732078878359	-0.0541608091951753	-0.0102781932174173	0.34483356884344	-0.108428463957746	-0.0333206003996567	-0.0777932869021705	-0.0134233648416523	0.267068223594948	0.115468754937573	0.135328161827394	0.241226233852241	0.0218676023260764	0.0239623542583783	-0.125344882375508	0.488569273460255	-0.0594473420801223	0.074865134990613	0.279823503684762	0.320565122697668	0.197568885186147	0.120055474116267	0.33053285498355	-0.159970912036638	0.0511433106188388	-0.0466420867505337	0.207274206536344	0.240364164574533	-0.243755434553791	0.330158927271466	0.0341654313938981	0.203743038706101	-0.119576785511064	-0.0737258320566205	0.271539573528715	-0.179308713357551	0.0236393291514365	0.0105154830210447	0.0887351014818826	0.302202717545696	-0.0335502155017482	0.0165471817822372	-0.106225153968343	0.105799346358001
CAV1	0.398190304631564	0.429674913595843	0.361361422039762	0.337785725249275	0.41253176645138	0.739654035320744	0.39465518361798	-0.141286670977764	0.207187217468488	0.256510916300358	0.334293636685355	0.507480718920791	0.476301922373931	0.428762212054878	-0.171799948862613	1	0.306423294977609	0.419003568413858	0.520552822364364	0.229858878694405	0.234330725220572	0.38774008504326	0.461617543360786	-0.188284305605969	0.371969157603984	0.414710781910968	0.601374465267287	0.349055165147838	0.449753567599392	0.496924923425917	0.0204078652226944	0.0963195830135342	0.210624367561447	0.215387317961583	0.317427189426675	0.489979536971811	0.380221322599531	0.523172384032259	0.392197935344295	0.454881217334195	0.420716050386817	0.347777982110965	0.366634424821043	0.262267694700987	0.536569410997978	0.387210654406321	0.377656826432232	0.161704705773595	0.316726932463919	0.286767387603494	0.290246995053295	0.773102450831556	0.411214998840765	0.448745148230452	0.402195834876722	0.295649101217672	0.338261854615688	0.0139156238227452	0.343931711648611	0.406495796444163	0.390918270398457	0.188773488383483	0.717882278987991	0.42444571659987	0.513361253764885	0.47592989552797	0.383498449667827	0.388782741716843	0.428756024908337	0.299786206286486	0.479937631635216	0.47469045700452	0.486098783362401	0.0755967313431127	0.4075289644959	0.395635341170586	0.274071662931472	0.214717831200664	0.537144366722366	0.301285362816093	0.423715124768245	0.586977714262348	0.482726871209708	0.291086781575545	0.267679230130867	0.383107110635599	0.560696616370777	0.264492441783169	0.40409905983796	0.219506102981779	0.5111011878915	0.608942866776845	0.339219905324936	0.541516374809546	0.359904473878904	0.297613994062497	0.387655795723419	0.223301261795592	0.402248242265161	0.426844232586164	0.454836926201659	0.239674432658588
HMMR	0.834144661975514	0.730330210469212	0.792601613899263	0.538838258420732	0.118358301459597	0.573982872579181	0.734779966175852	-0.0359599868753494	0.680117142018129	0.701396842323079	0.648237156125008	0.556930066633351	0.776629616432814	0.802761139583195	-0.0892879339467755	0.306423294977609	1	0.779369576138689	0.804579542120912	0.489230249365829	0.649720715251737	0.731849621412682	0.847214612193965	0.00802051401374307	0.677373221333165	0.733538010415364	0.692258667186826	0.807052634809581	0.712072086645557	0.469086864741514	0.476022128505696	0.38154769898743	0.595281209372123	0.721928577688872	0.699677096803046	0.72361851554647	0.65342530798199	0.617559694054024	0.599859576723106	0.829031120168238	0.799446095707813	0.763172947373184	0.7581716366584	0.612755048403196	0.763250896122561	0.815761447072291	0.479117322550645	0.769666607860462	0.586871501575402	0.658691251952956	0.757577418164886	0.446401950235338	0.735245258633022	0.639937271060384	0.774205431681903	0.658036817413398	0.758687019011776	0.323912122259696	-0.177449464194413	0.531163850278912	0.744667006548365	0.563259615730511	0.70203525557377	0.762041605071666	0.674157690557181	0.728129532983074	0.738145993094757	0.731913057565452	0.728623213002867	0.775500125033933	0.678265445112522	0.779042653755966	0.753468481373321	0.385217766808512	0.662450888752224	0.655466456100615	0.668581617459289	0.653747580894263	0.420900040797607	0.684168417052126	0.422815507196787	0.573031975979324	0.783475919709223	0.697887014256898	0.663102760024322	0.742458079268328	0.721952004786578	0.586635424943099	0.675998376856743	0.532844839245698	0.780681456573616	0.541602347321694	0.71315589498061	0.706021311282183	0.651650346053642	0.653451977486559	0.655049952281827	0.63543170649986	0.857570722906695	0.691881760678939	0.835634458011246	0.542908655647602
PTPRA	0.960676412768847	0.921302091535431	0.970656162487055	0.782176200977152	0.337121627011558	0.677287031486422	0.857491198952677	0.265991578377278	0.896291991698421	0.889802736149841	0.887273838924607	0.817936896065526	0.963427711025696	0.984556223255655	0.113895426270896	0.419003568413858	0.779369576138689	1	0.880057975844467	0.808230697837817	0.907146760187827	0.970480868700292	0.972679033519977	0.300465599770428	0.934250136461854	0.825371552346526	0.855621307021101	0.938626860457687	0.842352281843099	0.598599775820935	0.685378290438556	0.563751864723122	0.887837512913659	0.831483795219023	0.905870171296512	0.901215045627996	0.867884339322455	0.830006433322502	0.84589557815921	0.919457947792901	0.827855899892598	0.908732540151016	0.868631356980622	0.884099267827215	0.94462453817075	0.84458288317816	0.799676680453001	0.828877796904009	0.865204205734946	0.915032096211849	0.88131334248897	0.692560148509057	0.951657477826958	0.901511974989793	0.874340628981464	0.844235641020242	0.836049394413843	0.614300082630427	0.00996230287903167	0.717520988305028	0.9438346831942	0.733105499412789	0.837046198852769	0.93696428480263	0.843143834791784	0.885444659656116	0.918234194674634	0.95666096892249	0.975872180295006	0.954298477328245	0.826937630255553	0.951254544711076	0.857063438277343	0.661314953730897	0.778956737589494	0.792358162771439	0.888796152871618	0.808713990613454	0.696689397308442	0.91672212879292	0.715609050978181	0.726218780042788	0.895991921261118	0.848748439422907	0.906773500690564	0.932770972289949	0.747270015569825	0.819593653314114	0.783711400535848	0.788328998371885	0.889005288617559	0.801406553606472	0.905743289571834	0.793747883131058	0.857372190963782	0.893780509912505	0.945649676174687	0.845961629544604	0.908703684684654	0.821345504384265	0.926830605574244	0.641811287544272
SMAP1	0.922093172026795	0.857183607203371	0.8678397651222	0.635667810145099	0.184877355612213	0.862691516242947	0.834205219796014	-0.0220786275197093	0.655432163396769	0.69357346017543	0.852642152266028	0.791486260088669	0.919737634760294	0.901453264744966	-0.126057126911308	0.520552822364364	0.804579542120912	0.880057975844467	1	0.628907364015434	0.716819588949667	0.793209204150716	0.936578178449316	-0.0497878835483789	0.743882727297431	0.882487278537313	0.910444217911618	0.807599076563613	0.874008031715119	0.69081718919546	0.412984806157706	0.404903152457467	0.66422749664592	0.635295151905665	0.708552123455481	0.79276613260027	0.732998819577173	0.80692967678693	0.787549354792903	0.974476233266326	0.939327659354575	0.832785147893938	0.802632702394532	0.647782474327534	0.89791347298875	0.918477065785354	0.629129553631935	0.703966668961244	0.666823585376834	0.761071950235192	0.717515098213636	0.607426240494667	0.803049523874993	0.779013249742348	0.789813265639269	0.711916168173715	0.879880341106862	0.269965250859073	-0.217521680951259	0.685440341314637	0.874290961194828	0.646932518923704	0.840548591626638	0.851964163906301	0.777739210598187	0.882833015614131	0.784316504404134	0.812215722796605	0.82463532604251	0.790259104191996	0.924926232067637	0.954969397468296	0.946533675883145	0.363388394051449	0.828068010233989	0.587201999787545	0.738205741162486	0.627418488332542	0.609785124878613	0.72898704785161	0.440629146709323	0.85913637790169	0.825655979558741	0.840334267433833	0.699393465336285	0.798814516761492	0.94511142639887	0.655609784366687	0.71620034684567	0.665932394699935	0.931068079901778	0.701555283976906	0.710461975305495	0.926566402043373	0.713122006626029	0.775719168447761	0.780693075728543	0.606982603482662	0.858792959435601	0.741424370012851	0.963493822577985	0.52959826019891
KCNQ5	0.738625692618379	0.759001669507431	0.804363252162122	0.748437880682012	0.41058584711561	0.389893268323041	0.708315499546481	0.448772815576356	0.768063362895077	0.709989328063585	0.690951268646351	0.71488846595721	0.783298252675307	0.786578786847112	0.308130763770602	0.229858878694405	0.489230249365829	0.808230697837817	0.628907364015434	1	0.813791313765334	0.811496080507035	0.756708001731667	0.420409471982909	0.810765515539283	0.651483735082201	0.575974653828463	0.728605886205422	0.708440339086643	0.537392226643373	0.611080786591225	0.4895558737779	0.78320359016292	0.707495482161967	0.756930530997865	0.659825408941232	0.681749853866342	0.73803313343105	0.715559962669269	0.69432818777105	0.540035543187238	0.659199565493164	0.664660785788118	0.743447976752516	0.730953002105463	0.585830499743164	0.762884855181934	0.637004951962363	0.7720322470245	0.829926666314188	0.7079262269992	0.48691620992796	0.776089826325997	0.789141837884431	0.602727536319795	0.670894065482564	0.596265120198672	0.577981347733392	0.0607265212300147	0.699847824138774	0.77576330175198	0.737638811891667	0.56511848102554	0.748810849827695	0.607292072261257	0.656534526813405	0.787619355270475	0.752792661946078	0.774735603278019	0.81494403922299	0.657595323819179	0.741303744129271	0.639586131754327	0.666988293897183	0.559323797335144	0.607530084474556	0.78521731157876	0.716743511198964	0.706484055616615	0.859374125605627	0.599194081462574	0.555815936402795	0.676964658742238	0.623952095157681	0.748681206032922	0.768785248996817	0.507705235184203	0.752921130044824	0.621671944886505	0.710271435311717	0.639766013955225	0.679550668699989	0.715955974362824	0.598501879195365	0.731941240090829	0.719876994950508	0.76990909649626	0.700848588418834	0.706881012750727	0.635686153188855	0.700206707482477	0.551166447115095
PLXNB1	0.863080452962357	0.830414968390798	0.907840175703779	0.765954738046244	0.331569073865477	0.509599716256716	0.704852568864301	0.492871731794002	0.903225412444105	0.855156981590829	0.829671825173092	0.711182982762586	0.82740567774017	0.888065688164701	0.319283211796278	0.234330725220572	0.649720715251737	0.907146760187827	0.716819588949667	0.813791313765334	1	0.894643546162165	0.850622291259414	0.519545954673754	0.84711564327924	0.691618259419167	0.691285990039384	0.878094800107652	0.668018937877584	0.388055881579107	0.811623257700021	0.527569698623694	0.933128025131527	0.810865917567046	0.87357954844772	0.780776847714261	0.822563185168089	0.713519177154252	0.789205056580728	0.79529191334228	0.643009858327146	0.812155905506506	0.738908842887913	0.923795211872634	0.793672938514021	0.687265838502464	0.732125033007887	0.81903750605512	0.8329674545863	0.885265335737661	0.819144170078901	0.588705616542931	0.895109772072711	0.863088752103931	0.762306600159262	0.75806857463057	0.748143439039317	0.721671026281195	0.0503590783290631	0.579927835739312	0.813848899966398	0.687278203440684	0.674747876947745	0.850443632672516	0.673342866263262	0.78609483286253	0.881762226643495	0.910855485964496	0.918595802750635	0.934058789505673	0.713663610960391	0.839399698376837	0.716989465966837	0.726292847059842	0.682755987883114	0.726212890265728	0.912198962466764	0.820709890815149	0.565658164890938	0.85382173743898	0.68441737510686	0.566128356661592	0.796224000161595	0.803703148527875	0.89481183890597	0.858409782596755	0.555744093646679	0.779983336005893	0.739156471959456	0.816497345364967	0.708997443653429	0.619205923433057	0.877350090517974	0.611769332287281	0.787990350684163	0.85084610923435	0.894578738588874	0.884149105796628	0.816493503678545	0.766132209003771	0.774716502435799	0.558184232867316
