""	CD3D	CD3G	CD69	CD8A	PTPRC	CD44	LAG3	ITGA4	CD8B	CCR5	CD2	IFITM1	ITGAL	CXCR4	CXCR6	CXCR3	S1PR4	CD247	CD27	CD6	PTGER4	CD47	CD4	ITGB2	ITGB1	TNFRSF1B	CD7	SIGIRR	IL2RG	CD46	CD96	TSPAN5	F2R	ADGRE5	SORL1	HLA.DPB1	CD5	TRADD	SPN	C1QBP	EPHA1	TNFRSF1A	KLRB1	TSPAN14	CD81	CD82	CAP1	LAIR1	PILRB	RACK1	CLEC2D	SIRPG	PTPRJ	IGF2R	PTGER2	PDCD1	JMJD6	TNFRSF14	JAML	CD74	ATP5F1B	RPSA	SMAP1	CD9	STX4	PTPRA	CANX	CD63	LRP10	LAMP1	APLP2	NCL	PTPRZ1
CD3D	1	0.95269898467016	0.922862465473646	0.726756787962048	0.872970609545245	0.914353783916262	0.790419947060131	0.821470169195834	0.75506740096121	0.709878314500757	0.95996878001675	0.757952646861259	0.85777068334988	0.902166577381653	0.87657979384999	0.844949997815263	0.832114344985042	0.923170109396525	0.715769519544075	0.848173543796592	0.853837589418875	0.764927626432376	0.579908551111021	0.738708193644041	0.813511611986133	0.854024305226371	0.774210241242146	0.892417582502486	0.871786466640178	0.709407482578242	0.935917910020014	0.717806316481377	0.697762247048245	0.905529267395473	0.505247457839018	0.584027992522272	0.761289405761104	0.785847731006028	0.889614054978411	0.284900920915559	0.712190359270631	0.346072740544318	0.687062175418104	0.820355911996821	0.379686225402495	0.442191372560713	0.859079592833688	0.546517310008823	0.562860763490288	0.732216421763264	0.865544937686193	0.646326185855282	0.531062139335519	0.665415849694332	0.721614887994083	0.660063937025046	0.749218020985142	0.878548422521597	0.853931648402965	0.373656890111934	0.359269087309517	0.739267069767407	0.631999226859149	-0.167924534960709	0.494858716904009	0.096874840223736	-0.00649057770587131	-0.156448781447492	0.739559539147563	0.483597395489676	-0.168379043439003	0.454597719927001	-0.409787436452682
CD3G	0.95269898467016	1	0.918598408711816	0.742337354933422	0.841783703202528	0.854048711614815	0.743208564131358	0.826003688652717	0.766042335440013	0.667240444469377	0.968265525215881	0.684686941669225	0.855746677999024	0.879432898913327	0.85379786900465	0.72966028008893	0.794550278007916	0.939290262407317	0.680207982795755	0.869448222746763	0.880435464479588	0.74585629030818	0.617757383441491	0.761147784019788	0.766260405816587	0.885120590427638	0.79677572758076	0.801682236850298	0.857045904946697	0.753969110383315	0.872954611567992	0.746752279513348	0.659102478727503	0.926716625251841	0.492742406405851	0.508535861617459	0.655447711792524	0.746792330267432	0.848994278310002	0.263703820535173	0.726944112561299	0.270118252596381	0.708643293742875	0.776030185001006	0.314774619694063	0.409546750777578	0.85523412117964	0.557488748939276	0.489680416800745	0.707104211681172	0.864139544225219	0.657122095512645	0.547109615881383	0.721821220618459	0.714654303882802	0.625322091680257	0.825426656486228	0.88524469670312	0.826371716071948	0.331393628774902	0.305417365160065	0.706483492533245	0.602571030493269	-0.1729018243819	0.523638210742237	0.0666285621679629	0.00265457424037668	-0.166195655909573	0.7629900257245	0.455220030295921	-0.170174182243528	0.453626185419993	-0.409427764356652
CD69	0.922862465473646	0.918598408711816	1	0.715771243273839	0.766742927495263	0.915879078526777	0.767757546541837	0.711908171735967	0.714030930324702	0.541244503310644	0.894354685392085	0.801606870235536	0.79621836531551	0.933109023246037	0.810561171469302	0.824199737700992	0.855175904266064	0.918987897378605	0.696241274352972	0.819442593866583	0.76593204057821	0.768529084788031	0.568064101061584	0.778320634546801	0.775673486887955	0.794210025826859	0.782716137028108	0.864853706335575	0.833961859302431	0.650409395031376	0.845472477030659	0.693145094561363	0.602721941784096	0.87483374932962	0.457867548800981	0.632665724474239	0.750506547461039	0.778279477963352	0.843503429787031	0.247057136261994	0.776838063627725	0.432986080134959	0.69316100554232	0.728073067344632	0.370546683746476	0.386723816515036	0.829940502852697	0.547367837236817	0.589643884784914	0.759806866467662	0.856415775331768	0.646277950968661	0.403442479244831	0.575474463696396	0.69888251234209	0.682145291826905	0.729462399364553	0.913918373445478	0.807381940758874	0.467648925057653	0.407446008267651	0.770974167522165	0.577244302117465	-0.199216117567203	0.465311143930081	0.0172400713598252	-0.0308413190548552	-0.168866522631603	0.73356796924801	0.414469598299812	-0.165571448976138	0.37952811854022	-0.413744223849595
CD8A	0.726756787962048	0.742337354933422	0.715771243273839	1	0.681714657935204	0.671700641357662	0.774529200917333	0.576678776738019	0.904504181565389	0.582695706234083	0.656724862724167	0.466916826339601	0.731225626681673	0.759070078178892	0.685241018064886	0.648118437741322	0.538901754844522	0.791781225888196	0.916510997003869	0.478563975453755	0.587096173143786	0.363598266189203	0.126687974179794	0.415543877312695	0.436164226638794	0.516156150674893	0.458615823648605	0.478003547427853	0.425447872780017	0.486212436597792	0.732976935389172	0.707119789744767	0.781972326093847	0.721593752534692	0.123855938748157	0.388045258716698	0.445877210105721	0.266692377018718	0.475606352509967	0.0656142084565734	0.573733494275296	0.166464262335391	0.195046792996512	0.529825786749933	0.172486855863667	0.0666317247673502	0.445333516638472	0.0541118983703536	0.404455056211814	0.329838607740759	0.456766015032009	0.854061857727163	0.524860801442675	0.322012584693868	0.291452206907025	0.724678236520826	0.423181213070808	0.562296871613842	0.735916809054858	0.115718280796797	0.038222059153127	0.313118325646939	0.164343365691159	-0.331785385146606	0.452835548531906	-0.0607502651473734	-0.211626798274237	-0.332754103436954	0.375502346984445	0.17427476553534	-0.363452762493427	0.0724972836544495	-0.462232392045228
PTPRC	0.872970609545245	0.841783703202528	0.766742927495263	0.681714657935204	1	0.691017071463762	0.753499429939964	0.90398299586632	0.77354470605559	0.851265347377443	0.808664850732471	0.524772795357425	0.852682078717183	0.685614925288093	0.829130714690202	0.702601079479886	0.615045350284742	0.759801532178294	0.66479318088103	0.567754955325283	0.850574605606498	0.563079129023993	0.343338186614663	0.521996456213909	0.77432353072212	0.777511891074494	0.644230412717803	0.693338274362403	0.700611624601874	0.636538143684539	0.917726501096216	0.625414556525698	0.708720325412533	0.751155229363231	0.561894089868535	0.494372380989579	0.560334792511379	0.540116531359087	0.649953918285298	0.209660739161685	0.554658213853128	0.26140166439579	0.491899989808133	0.829168504044078	0.307185564653458	0.27091564141829	0.712620254752631	0.323983382431218	0.45101380138067	0.476265501853526	0.624300335223775	0.554013222564926	0.600009879423184	0.722456917036663	0.552257018914711	0.405790628749418	0.596405238954104	0.75470015322165	0.908185052702695	0.20724730806841	0.126749246092007	0.450104449025014	0.545021703018792	-0.163347659333686	0.426329451020132	0.193325421213525	-0.0725646418029686	-0.160557658552247	0.517457838125406	0.515122054297463	-0.128971050074806	0.429712079486927	-0.368504741529229
CD44	0.914353783916262	0.854048711614815	0.915879078526777	0.671700641357662	0.691017071463762	1	0.73993425096793	0.585448743866422	0.579257535662259	0.497962110719007	0.876696897065314	0.81026450963916	0.6922108792212	0.961997321197764	0.69508635180976	0.85005115167362	0.826334614404402	0.909092451162773	0.714137810817596	0.85096157695617	0.668148388992584	0.782916623307109	0.609261432475148	0.782244174666489	0.742582929004188	0.7540929542877	0.69088339917901	0.917266696879961	0.821095764597118	0.573878311359917	0.823725273604203	0.652020472293083	0.656990193158113	0.843579012312727	0.42723991808723	0.711179675523711	0.835917923158433	0.805866588515679	0.8917739443925	0.268702753985833	0.795575706279357	0.449143478533566	0.663018258319628	0.670660168894472	0.42126010790421	0.418633157456439	0.823673258117353	0.588371211105771	0.619138088900713	0.797461383286959	0.872530042137043	0.594213007437826	0.306982866802571	0.48856593223781	0.675097909614618	0.79032192860145	0.671429313304038	0.81092001450219	0.750874641868144	0.554314437626819	0.468829270972874	0.825023054738977	0.557057561395714	-0.195495854397169	0.484801419426059	0.0157320459796976	-0.0131807097415386	-0.160743705774829	0.693283292145365	0.373724740560063	-0.14583630697755	0.371342730639197	-0.406181950659159
LAG3	0.790419947060131	0.743208564131358	0.767757546541837	0.774529200917333	0.753499429939964	0.73993425096793	1	0.5850922047156	0.80436435870573	0.755135327407243	0.696117819328026	0.524644654939742	0.676073748885698	0.758004757504502	0.687882747409454	0.850429864036876	0.5430498399044	0.79437490766767	0.829770477011227	0.524406692529279	0.518207442988972	0.458488652934984	0.127792697593772	0.426594261801546	0.488805656455645	0.5192318088844	0.397367407424779	0.582714598080562	0.481396347747206	0.359647966435355	0.852653901688583	0.747138526919602	0.705570494359149	0.5867497105448	0.242926085271924	0.461715791703202	0.482150528575915	0.398397459722408	0.600743122036779	0.0144971980997645	0.715665024676369	0.306672577708683	0.211265146514672	0.509190473596737	0.192112532698285	0.104201332746969	0.480732557002844	0.133757011994381	0.617600894907379	0.389481792211027	0.529402720808716	0.561365751451805	0.472073272595603	0.334733577277694	0.235177086087223	0.644357830294158	0.432048274338298	0.616219620193813	0.766385498609317	0.191596021048329	0.104840886539338	0.392103808361012	0.250821065130196	-0.351126587205818	0.288908036156236	-0.00136720638650719	-0.245573692548689	-0.368771668752118	0.388820162775727	0.143780703348679	-0.363423325086727	0.118321291094375	-0.480730244460921
ITGA4	0.821470169195834	0.826003688652717	0.711908171735967	0.576678776738019	0.90398299586632	0.585448743866422	0.5850922047156	1	0.69926331946726	0.689221027530463	0.81263956994422	0.505309217900754	0.870883476226038	0.56269950630011	0.892214543968195	0.569226215100476	0.586978290066735	0.673529768071694	0.460208168009185	0.630321624559092	0.948045639016268	0.593618584180763	0.483873732405053	0.528461274423024	0.78847253027128	0.850157769905601	0.750090463475358	0.642526825006745	0.770933000770686	0.759686366525181	0.849513106039587	0.54920531444178	0.517428661282821	0.783882658737191	0.588636377511679	0.334999073285822	0.437157411230514	0.603317679060605	0.645841477399924	0.280319114329216	0.365549882588746	0.1651073570058	0.618010584954386	0.886035463966868	0.304410957488865	0.388704911245314	0.75373731921042	0.424597972021281	0.35613730933567	0.492745746744097	0.641945946271073	0.480708004209138	0.631785362795721	0.83998115541675	0.686430691551923	0.265533381818204	0.636364316977138	0.735934477952867	0.77279350323035	0.109646259379724	0.151477957464568	0.474486736586111	0.628461910250833	-0.0123662138101648	0.413039658708173	0.274011237308232	0.104848839379337	-0.017603396151509	0.611860358835838	0.685708888397697	-0.0374179608756308	0.558699808657634	-0.25236264436874
CD8B	0.75506740096121	0.766042335440013	0.714030930324702	0.904504181565389	0.77354470605559	0.579257535662259	0.80436435870573	0.69926331946726	1	0.709167593859529	0.680000616443092	0.454299153075421	0.785939364323407	0.68570237686433	0.781352027596956	0.658123499216217	0.57326781951456	0.767440715305515	0.827093460263599	0.439001009554671	0.664263096784504	0.349514614377607	0.0789325984852663	0.411125889006833	0.476722617148241	0.560351149916661	0.500061413459144	0.469862040033897	0.438920959316159	0.521395784063622	0.772219347262862	0.739829538180947	0.715353870459145	0.670362478139026	0.238489562390002	0.342290652516571	0.39593016266952	0.267023857083056	0.482115330772346	0.0739365427264346	0.514341020318924	0.201312207425518	0.216712730233531	0.579276733155915	0.171991586339179	0.102316473794526	0.473229843594066	0.0790052544943362	0.378173811845177	0.312382203022189	0.457706272798018	0.794871848862916	0.630316143255974	0.423091401780271	0.294217698891681	0.560685411491785	0.497611424303241	0.639699601850876	0.798211661149844	0.0726388821030906	0.0287210714453655	0.27560478017953	0.251231810906357	-0.267608566145837	0.412744825510874	-0.0074735504896127	-0.172763958868218	-0.292837153329855	0.440144714867044	0.209319484621482	-0.297822754153585	0.140665368532114	-0.423222235135036
CCR5	0.709878314500757	0.667240444469377	0.541244503310644	0.582695706234083	0.851265347377443	0.497962110719007	0.755135327407243	0.689221027530463	0.709167593859529	1	0.620168220413645	0.265411035700371	0.663363456865586	0.517888098848483	0.600075174892095	0.594669058673968	0.40842193806711	0.598779061562673	0.608790373251954	0.381993222175007	0.592220451406061	0.336494662610408	0.0691937754241197	0.321357570662174	0.505739543299013	0.541744151299082	0.345359753140128	0.455716779360834	0.413624993640955	0.410865130906195	0.771049133686	0.621428644194333	0.635468492569359	0.485046704427184	0.390575084458844	0.312233840347315	0.369131011703045	0.289608449992883	0.462489143037014	0.0537379780164893	0.514936701800711	0.111975264453145	0.186761940694952	0.605339400288783	0.141277231670287	0.106988198221738	0.414611530343795	0.0827602400975992	0.44809148639019	0.242441597142818	0.412865897293264	0.384887049097617	0.573192581670455	0.504132989912985	0.216405813223963	0.312479605794117	0.455242496415565	0.552051352578227	0.763368537974173	0.0484657599100988	-0.0170184358043757	0.209404791085724	0.360744330563884	-0.224955698571952	0.222659403633887	0.119513467378171	-0.183909693728148	-0.258156055016836	0.314756361512062	0.207404561233796	-0.21302209683399	0.23255511625329	-0.366831748092896
CD2	0.95996878001675	0.968265525215881	0.894354685392085	0.656724862724167	0.808664850732471	0.876696897065314	0.696117819328026	0.81263956994422	0.680000616443092	0.620168220413645	1	0.757408309480142	0.799961891229843	0.875147035461879	0.857795610506024	0.745098918929805	0.836138654302054	0.930226988239734	0.597133686926359	0.926929359079627	0.886825785125565	0.799764978330005	0.709854308371284	0.781188634281497	0.781374786275567	0.925718811989243	0.840572027206691	0.866973606723692	0.906745636977266	0.765072761167348	0.873255374812914	0.70731358132518	0.63092785357368	0.926684858323778	0.516904834367987	0.499715951905384	0.708692566673575	0.833873771119001	0.908870638004204	0.305751323439863	0.704315043628354	0.294468952093525	0.779636550692479	0.797666769304118	0.347883964202854	0.47218485463311	0.893805385164859	0.656389008884826	0.440430130388201	0.76343281666181	0.921611012941846	0.619364223800665	0.517960525629065	0.702841758341046	0.778035533306649	0.626868574448631	0.813139386689678	0.879975266577677	0.772432876674908	0.354267633457727	0.380412398878175	0.775189352499668	0.638757945733435	-0.127460396743375	0.51277647681801	0.0751558319370182	0.057666646036917	-0.118938576451447	0.809142022514793	0.486412230364394	-0.129063166318685	0.513903014354019	-0.379370872825144
IFITM1	0.757952646861259	0.684686941669225	0.801606870235536	0.466916826339601	0.524772795357425	0.81026450963916	0.524644654939742	0.505309217900754	0.454299153075421	0.265411035700371	0.757408309480142	1	0.615751875012508	0.805399540912719	0.719808479729812	0.671265456733022	0.886915782864858	0.748146415299339	0.445997905089858	0.747265666467994	0.610216066684289	0.696600203356925	0.619158401001985	0.703750978516474	0.667562700976904	0.694302747898366	0.776388663792381	0.864175133812937	0.749282294757789	0.568891442978163	0.648990551404868	0.436390138347832	0.548809842016231	0.763048581629037	0.348159819916673	0.546014565322222	0.839004612963997	0.767055899014766	0.765957009929003	0.317546489475531	0.479625024600766	0.519540522278033	0.704473674320364	0.639315455459833	0.4078174962457	0.427182201421877	0.774968683449125	0.677711358904551	0.338656346054453	0.735905951575236	0.813690614128774	0.560441025893138	0.279719160909053	0.3913640006311	0.705426082185888	0.632903513795183	0.587518426229333	0.725362376752968	0.545699553128122	0.475215389955707	0.542891268610982	0.786404784401557	0.520187339314613	-0.0462066214100217	0.433638902650773	-0.0275326774827251	0.071611358754328	-0.0236490473758804	0.732173914336179	0.390103974722933	-0.0370372484786755	0.360901702230997	-0.269882497884421
ITGAL	0.85777068334988	0.855746677999024	0.79621836531551	0.731225626681673	0.852682078717183	0.6922108792212	0.676073748885698	0.870883476226038	0.785939364323407	0.663363456865586	0.799961891229843	0.615751875012508	1	0.722014222654929	0.872704538123557	0.609764738829446	0.692317889079556	0.759145411073649	0.666813480314967	0.627414014831043	0.836817556064799	0.579149144053775	0.451020812055226	0.588192738509459	0.78807901451263	0.768163676373875	0.704383179220389	0.660969808177626	0.720072785866433	0.766637759045933	0.81505466000034	0.583158569356438	0.705183303302917	0.860965992751357	0.462307202723677	0.470134411817205	0.576511228881499	0.578818428156602	0.68219869760083	0.242386718188717	0.461005124394947	0.241569405382482	0.557908013841058	0.830040602431426	0.33498918869404	0.362975382817658	0.731483655398945	0.370942636748338	0.477074179055615	0.520233997571759	0.678152168908804	0.663091554427282	0.67205858281337	0.677489000530644	0.651086248982242	0.434333278293516	0.675722890745473	0.746063486059065	0.778837798229664	0.237266837100752	0.20454084598412	0.515171498972657	0.569042605938644	-0.0787579224260205	0.485063524901968	0.164655613177708	0.0291641941735003	-0.0967676669679834	0.598200329357638	0.570132844927904	-0.0910815878005916	0.403679670993752	-0.333296727829015
CXCR4	0.902166577381653	0.879432898913327	0.933109023246037	0.759070078178892	0.685614925288093	0.961997321197764	0.758004757504502	0.56269950630011	0.68570237686433	0.517888098848483	0.875147035461879	0.805399540912719	0.722014222654929	1	0.707536623085488	0.808143024693665	0.872052101355711	0.939456613345256	0.766484495875502	0.822402759869988	0.664270887258394	0.745901784000384	0.571275733145568	0.808103230094538	0.693764224484632	0.738655527766006	0.716180765738381	0.865286468088877	0.770072595450403	0.614434694532046	0.785613926524392	0.685347630036048	0.708699565375638	0.865965204753703	0.407978006449059	0.715584474931933	0.827846005151783	0.739509675818204	0.838571959269758	0.245868050069009	0.819193770419118	0.470004639691506	0.630125177267306	0.64015408005616	0.380788744022082	0.353912060994399	0.790984372214786	0.565695065011142	0.549238853892155	0.772027038409104	0.859166095879543	0.726549190379701	0.40142819064497	0.428969996670034	0.638072877358954	0.818647814916431	0.714128008219099	0.843292856242914	0.768405538065448	0.566659747654248	0.444068456662786	0.787444321611585	0.493505553912761	-0.23115051615225	0.51511875295163	-0.0619738372950975	-0.0538882385247655	-0.204636780262419	0.716304787111759	0.285451341405553	-0.157231498379797	0.301707076696267	-0.442029982731927
CXCR6	0.87657979384999	0.85379786900465	0.810561171469302	0.685241018064886	0.829130714690202	0.69508635180976	0.687882747409454	0.892214543968195	0.781352027596956	0.600075174892095	0.857795610506024	0.719808479729812	0.872704538123557	0.707536623085488	1	0.695778627219587	0.722758045237628	0.77315148461535	0.576610090558722	0.7116946967756	0.884973394043159	0.640817860014531	0.512266505349217	0.592301328098403	0.743066791253033	0.797734461467023	0.812111246094053	0.724343073100094	0.788529952864655	0.735191994043619	0.871521215305343	0.600512853797802	0.602268032004547	0.85434656903276	0.454443154157623	0.377877110088142	0.574813697221178	0.651877592159664	0.715038272536328	0.282753531959507	0.41846154738439	0.278450789935825	0.6366551443681	0.825664132973876	0.304632977034581	0.388075938568656	0.771802133165526	0.457379725024843	0.362279965493806	0.570878536212974	0.704338614644336	0.643837571074756	0.631369985885766	0.693588770868047	0.695931749226993	0.45406285447542	0.624290197080741	0.766958357641716	0.745869224735121	0.156275871445841	0.226785880478416	0.565155363491874	0.55254696870627	-0.0801165044341258	0.440264396299564	0.143335359978776	0.0507389514352723	-0.0883039246502153	0.666360102970059	0.59427305817027	-0.156846403187717	0.443004350143522	-0.320660577953935
CXCR3	0.844949997815263	0.72966028008893	0.824199737700992	0.648118437741322	0.702601079479886	0.85005115167362	0.850429864036876	0.569226215100476	0.658123499216217	0.594669058673968	0.745098918929805	0.671265456733022	0.609764738829446	0.808143024693665	0.695778627219587	1	0.640664205085303	0.805456728884712	0.736903099962682	0.660451351066597	0.555032385627225	0.618212971910269	0.300109260979858	0.523746403575745	0.58085474408898	0.566404721609771	0.502360014483153	0.786418463377164	0.651734532414714	0.382917751983014	0.870573631892804	0.674906814039607	0.591724328301444	0.649454310886334	0.316357718420791	0.538069544950566	0.643915745156568	0.634113942299382	0.752845904538254	0.166297962029705	0.685270609261351	0.391543861914869	0.411886551802836	0.576897168091252	0.317338351332546	0.301999577475159	0.621568421780129	0.329889183398137	0.610414097083748	0.592105348606882	0.644329906202042	0.510736604702569	0.319583960855396	0.358074051017393	0.439215728870058	0.678849544803419	0.468501146931193	0.702488623646761	0.746110360613705	0.318960466290213	0.312835063196127	0.615803715064907	0.415581362831057	-0.2574252790289	0.333341589308729	0.0291439785266702	-0.121904650622014	-0.239240541580387	0.549396858216275	0.255314395427695	-0.288063661610992	0.247473524572886	-0.402202187986467
S1PR4	0.832114344985042	0.794550278007916	0.855175904266064	0.538901754844522	0.615045350284742	0.826334614404402	0.5430498399044	0.586978290066735	0.57326781951456	0.40842193806711	0.836138654302054	0.886915782864858	0.692317889079556	0.872052101355711	0.722758045237628	0.640664205085303	1	0.789425419998739	0.487277300989225	0.790835870200144	0.71147855079165	0.758720710538205	0.677007032508787	0.847025831094687	0.765395930671286	0.766931670800481	0.85929097261949	0.892143030853554	0.812940346266476	0.702191591755958	0.653964304381857	0.511496977343288	0.552633406176648	0.82902076381739	0.523296429527333	0.65342223366572	0.88660184594995	0.799815491960764	0.801533695226438	0.32392342994275	0.613185203263503	0.522441606584928	0.784063041893555	0.7074985420475	0.423261237523187	0.443002073913928	0.827262025951032	0.734346067664484	0.35687956234343	0.813735336380003	0.89535991802539	0.676697666966864	0.383632145909293	0.461734216422967	0.788648438804547	0.594990345141229	0.739600532489434	0.879653265429794	0.661203444657654	0.600061317196225	0.549527218264494	0.824686499033282	0.610819070368618	-0.069105998854977	0.474985804847693	-0.0391163692069943	0.0850866576878287	-0.0413998508751089	0.822367092764195	0.378574610977949	0.0323917227713636	0.397238446854429	-0.315763880736395
CD247	0.923170109396525	0.939290262407317	0.918987897378605	0.791781225888196	0.759801532178294	0.909092451162773	0.79437490766767	0.673529768071694	0.767440715305515	0.598779061562673	0.930226988239734	0.748146415299339	0.759145411073649	0.939456613345256	0.77315148461535	0.805456728884712	0.789425419998739	1	0.780642792557466	0.837773737546161	0.746285344761997	0.702450439142425	0.520089914437775	0.70815531881751	0.660396040102639	0.805893882218602	0.696270215563522	0.798207977442939	0.764181689978305	0.629262056720263	0.852724839087574	0.798117665350485	0.73244280803585	0.874956570171472	0.336750119648594	0.523548106637328	0.684259187632405	0.692999066043852	0.850971763541804	0.226277870864537	0.799202672264061	0.325354001441072	0.592955408828311	0.652986729247905	0.325394862408118	0.362067901283431	0.789302169186044	0.489910605368582	0.516465186002221	0.694729045019971	0.838273210511012	0.701856612439359	0.449799538155692	0.536093239302092	0.591037010180855	0.78307153004003	0.745724065988352	0.820692155785728	0.792396929022156	0.342872808080105	0.347751612527318	0.705455484040502	0.490146436341212	-0.228555967720627	0.528753589474793	-0.00972639830605418	-0.0560972482585336	-0.222961438512275	0.711755265201753	0.294944529707315	-0.239238795982026	0.356884385066938	-0.437815300111589
CD27	0.715769519544075	0.680207982795755	0.696241274352972	0.916510997003869	0.66479318088103	0.714137810817596	0.829770477011227	0.460208168009185	0.827093460263599	0.608790373251954	0.597133686926359	0.445997905089858	0.666813480314967	0.766484495875502	0.576610090558722	0.736903099962682	0.487277300989225	0.780642792557466	1	0.413051324311754	0.440660840610929	0.329109037701786	0.0398542015553968	0.34641501716541	0.403996429423042	0.38496423106322	0.283443952007044	0.498295208364097	0.378209219056711	0.310866528963959	0.722036932499636	0.689244054118418	0.79991687250236	0.619656774595882	0.0581670205527577	0.454789375617453	0.501906351694253	0.240041141452041	0.507946260869162	0.0122117251367804	0.689324624740484	0.20018243306238	0.107148107406178	0.407118534499334	0.177914358204705	0.0471331440693253	0.406732999953437	-0.0382728677842554	0.5508116215604	0.322794280231355	0.41568550156177	0.741202300303593	0.398149313699731	0.226686856118014	0.190711825560066	0.745121100745798	0.368394103880671	0.50137177198604	0.728951001619675	0.157350396839789	0.0357246874246033	0.304623440376084	0.156345696107499	-0.393022135695817	0.388872418673307	-0.0682863758068699	-0.285746004639302	-0.391257869666251	0.266569290183613	0.0657654416251822	-0.425883713616836	-0.00306934990935352	-0.48748713358607
CD6	0.848173543796592	0.869448222746763	0.819442593866583	0.478563975453755	0.567754955325283	0.85096157695617	0.524406692529279	0.630321624559092	0.439001009554671	0.381993222175007	0.926929359079627	0.747265666467994	0.627414014831043	0.822402759869988	0.7116946967756	0.660451351066597	0.790835870200144	0.837773737546161	0.413051324311754	1	0.757584576827411	0.850110976434351	0.832160885843025	0.81838196546986	0.698283535954722	0.85430474909562	0.804583804881411	0.843081853622436	0.903458073611407	0.715101036115354	0.71140915958897	0.603599276723077	0.437670545036116	0.866329760976915	0.464586754620655	0.457729666817488	0.676976756224471	0.908596226014064	0.917145665583161	0.348936297091864	0.65953336454266	0.281560513219232	0.844860954059577	0.679600975590998	0.346291407603061	0.551107594518204	0.867363041834972	0.771830854505635	0.415162645891876	0.830553526399028	0.941964294710137	0.464935249364897	0.355668417204452	0.625297488012488	0.805790529969107	0.619013307223393	0.809851759383249	0.801448795321769	0.560849107250103	0.416878645810643	0.492010339996376	0.866891279202866	0.639575406518505	-0.0433714621744229	0.481235406590485	0.0581607198488068	0.165535961482439	-0.0298806329920149	0.841267041582571	0.452872974761706	-0.0552184231954226	0.521593887205089	-0.283808052153257
PTGER4	0.853837589418875	0.880435464479588	0.76593204057821	0.587096173143786	0.850574605606498	0.668148388992584	0.518207442988972	0.948045639016268	0.664263096784504	0.592220451406061	0.886825785125565	0.610216066684289	0.836817556064799	0.664270887258394	0.884973394043159	0.555032385627225	0.71147855079165	0.746285344761997	0.440660840610929	0.757584576827411	1	0.693438554903174	0.64899652904946	0.690042724131138	0.820533511031901	0.927382352088384	0.862338356118645	0.740717767741361	0.862388275801346	0.835659404275683	0.809141380671349	0.554914274786018	0.519696158884548	0.880675911076949	0.637848305249695	0.408504940025061	0.557239351106522	0.715224220706602	0.748625702874854	0.345678992008529	0.428341145140333	0.223880921690786	0.761952233478708	0.906080916366886	0.348102841474913	0.462283844869965	0.843578515200542	0.599212035887302	0.287721928451911	0.626104684626636	0.768571798516496	0.56808465616921	0.58565365819178	0.849015915410826	0.810720643201525	0.357619805368939	0.754547771988956	0.820239273781628	0.774375844419838	0.247710878992088	0.261630502350548	0.615202958727952	0.678476975483345	0.00353143375140195	0.554290224604638	0.208757832758344	0.15305738394554	0.014205532187289	0.741282193822485	0.684410541724778	0.0375671744564441	0.591828174513258	-0.243044485528018
CD47	0.764927626432376	0.74585629030818	0.768529084788031	0.363598266189203	0.563079129023993	0.782916623307109	0.458488652934984	0.593618584180763	0.349514614377607	0.336494662610408	0.799764978330005	0.696600203356925	0.579149144053775	0.745901784000384	0.640817860014531	0.618212971910269	0.758720710538205	0.702450439142425	0.329109037701786	0.850110976434351	0.693438554903174	1	0.767680889169197	0.77521448984021	0.840692493265243	0.747197702128016	0.775690463693921	0.831204842844099	0.86860942799098	0.761738322869838	0.638740570011405	0.5429666740913	0.470222941307311	0.796220572285375	0.58351528541657	0.559397227811145	0.696424865749687	0.876368109010723	0.815303220346829	0.660145586150034	0.607301799467586	0.610691454544221	0.824677991251565	0.708486524425648	0.690754807456525	0.762549778070855	0.900510487630109	0.754409620663591	0.513588890171564	0.934069997577189	0.887305742426691	0.401626679440113	0.382498499756506	0.613224770021999	0.807311149300881	0.46365558315914	0.789578482613257	0.794905038516222	0.558595216404194	0.508421364337936	0.746295890531642	0.925959903097861	0.820616533906111	0.317961256210414	0.553873645815567	0.41571832351878	0.465831798754565	0.347113058851046	0.843008264129697	0.683418991923142	0.300063218815717	0.762176915160889	0.0431729186752949
CD4	0.579908551111021	0.617757383441491	0.568064101061584	0.126687974179794	0.343338186614663	0.609261432475148	0.127792697593772	0.483873732405053	0.0789325984852663	0.0691937754241197	0.709854308371284	0.619158401001985	0.451020812055226	0.571275733145568	0.512266505349217	0.300109260979858	0.677007032508787	0.520089914437775	0.0398542015553968	0.832160885843025	0.64899652904946	0.767680889169197	1	0.806572440255388	0.65284090785542	0.747261135869049	0.798285255008387	0.7153996146923	0.853170811555674	0.688927880663852	0.389014989791115	0.172475591973594	0.17715959586144	0.728316961127139	0.57392346877623	0.464434781640392	0.617492777494371	0.883671279305705	0.738751089676285	0.376217559596481	0.392121391157971	0.26646569813028	0.935905751885692	0.586481435917253	0.34966224635267	0.558319496798981	0.811587748136363	0.891704093385795	0.116084849257923	0.772579716627453	0.819822831313297	0.288703344322387	0.281137560837529	0.561989965057465	0.898096296886356	0.274168222169435	0.68739040536007	0.654572840689056	0.325583377470021	0.560559997193967	0.493148984340456	0.810424096164329	0.631905616416181	0.129957096597028	0.402040356173792	0.05966212269589	0.303896814682848	0.159927700543808	0.772315762916981	0.556124486197573	0.214538095756501	0.539016365910321	-0.125869727421379
ITGB2	0.738708193644041	0.761147784019788	0.778320634546801	0.415543877312695	0.521996456213909	0.782244174666489	0.426594261801546	0.528461274423024	0.411125889006833	0.321357570662174	0.781188634281497	0.703750978516474	0.588192738509459	0.808103230094538	0.592301328098403	0.523746403575745	0.847025831094687	0.70815531881751	0.34641501716541	0.81838196546986	0.690042724131138	0.77521448984021	0.806572440255388	1	0.72497809505479	0.785028144847081	0.796265038288667	0.811013013703015	0.812454534032564	0.683689690106606	0.552431933972757	0.432478533203545	0.361442778821615	0.773479806512114	0.723638125721779	0.742853376818667	0.759542274237392	0.819475674034678	0.791046730784629	0.286130641597996	0.615945994511382	0.47644527429894	0.819658922066629	0.660491488481923	0.3970820942157	0.435498688431082	0.816487867571801	0.842850617087649	0.345815046284411	0.809944742951093	0.869354531616346	0.493138898391446	0.336553650434055	0.572571783279237	0.786483267681736	0.50062298773072	0.799400922325609	0.855358238280851	0.626103529664543	0.783300789928307	0.498196591954907	0.816877745220177	0.615425851198608	-0.0271630422592533	0.555763408472828	-0.0438538592124626	0.165100392342373	-0.00441376388618757	0.811800904901469	0.438133242912617	0.208429824056409	0.405395798673528	-0.278284749225917
ITGB1	0.813511611986133	0.766260405816587	0.775673486887955	0.436164226638794	0.77432353072212	0.742582929004188	0.488805656455645	0.78847253027128	0.476722617148241	0.505739543299013	0.781374786275567	0.667562700976904	0.78807901451263	0.693764224484632	0.743066791253033	0.58085474408898	0.765395930671286	0.660396040102639	0.403996429423042	0.698283535954722	0.820533511031901	0.840692493265243	0.65284090785542	0.72497809505479	1	0.808967339005254	0.787374702272458	0.820789774914449	0.852193092890806	0.817729351216434	0.730259000469243	0.5042350109315	0.555630789551525	0.809344305928764	0.683035586390951	0.623702152854851	0.706486564879646	0.775114438435591	0.75541081057322	0.544237203824158	0.487803823638211	0.530709328606698	0.767249600583399	0.870696524074083	0.665310411899814	0.661970607534131	0.892334677261256	0.649179746604473	0.521303402348925	0.796215826665549	0.807569976114166	0.442790913732009	0.425355993948946	0.768774141931892	0.822212181850006	0.336779146775368	0.75020292624623	0.808523608621642	0.708002136524445	0.481012976793784	0.569937082574071	0.769389249921139	0.851512308965435	0.243699991379944	0.599895914356985	0.452116832863394	0.366633669984019	0.266139729755156	0.730238821512362	0.788943692021793	0.300959291483892	0.718411281488027	-0.0238419569698171
TNFRSF1B	0.854024305226371	0.885120590427638	0.794210025826859	0.516156150674893	0.777511891074494	0.7540929542877	0.5192318088844	0.850157769905601	0.560351149916661	0.541744151299082	0.925718811989243	0.694302747898366	0.768163676373875	0.738655527766006	0.797734461467023	0.566404721609771	0.766931670800481	0.805893882218602	0.38496423106322	0.85430474909562	0.927382352088384	0.747197702128016	0.747261135869049	0.785028144847081	0.808967339005254	1	0.870818294958274	0.795903893285775	0.873738632722611	0.818760925284082	0.785465153781514	0.58584411137248	0.507458402142051	0.867280212346977	0.635350615164985	0.476361796911292	0.604105370258225	0.807704826295816	0.81750750232147	0.323001720390328	0.518650484062592	0.270954392700219	0.804511096520662	0.850098492451572	0.366893072738214	0.474381745795144	0.881571513711822	0.736548777492447	0.314489132277451	0.702649344052284	0.877625348124886	0.495047946255812	0.495202710879681	0.80527429277857	0.805855699534281	0.46562852058224	0.801719148704166	0.833746117250729	0.713266302733635	0.381703667543976	0.374710557489425	0.719053932738722	0.667635498609986	-0.00377332386005292	0.541710470315574	0.143016733274509	0.157784403082409	-0.000292620483614501	0.801660296383085	0.599922967070043	0.0740058855347299	0.599819638454049	-0.270394308259459
CD7	0.774210241242146	0.79677572758076	0.782716137028108	0.458615823648605	0.644230412717803	0.69088339917901	0.397367407424779	0.750090463475358	0.500061413459144	0.345359753140128	0.840572027206691	0.776388663792381	0.704383179220389	0.716180765738381	0.812111246094053	0.502360014483153	0.85929097261949	0.696270215563522	0.283443952007044	0.804583804881411	0.862338356118645	0.775690463693921	0.798285255008387	0.796265038288667	0.787374702272458	0.870818294958274	1	0.809090855447311	0.894654572019181	0.822596768545201	0.6614310806722	0.388957693637228	0.419106677908739	0.870497120045656	0.591390835122725	0.502404480398092	0.715231476725666	0.834702841824483	0.713727353284478	0.415024455160833	0.410092911566279	0.412004098862709	0.900548664385659	0.795040835311198	0.398359374774097	0.501452163449096	0.876521040826671	0.789779155389579	0.165484910806171	0.774727259545447	0.845055001710667	0.583161891398764	0.481600938396053	0.652276105371905	0.909980178176561	0.383400186909646	0.714623021860626	0.849071591846968	0.614490578162259	0.450202764114085	0.474765897475221	0.787619726154187	0.656734199606922	0.0415377867945375	0.45378575839153	0.0946111639779674	0.200545163334892	0.0879095181177283	0.842038360912328	0.619963456913705	0.0979096397193276	0.564727794469781	-0.206568071002122
SIGIRR	0.892417582502486	0.801682236850298	0.864853706335575	0.478003547427853	0.693338274362403	0.917266696879961	0.582714598080562	0.642526825006745	0.469862040033897	0.455716779360834	0.866973606723692	0.864175133812937	0.660969808177626	0.865286468088877	0.724343073100094	0.786418463377164	0.892143030853554	0.798207977442939	0.498295208364097	0.843081853622436	0.740717767741361	0.831204842844099	0.7153996146923	0.811013013703015	0.820789774914449	0.795903893285775	0.809090855447311	1	0.907099377400838	0.638746164742763	0.772460395775454	0.498200311233886	0.534255353233935	0.827740274085653	0.569182671995037	0.687312640846631	0.907432036460192	0.903489905250916	0.889682445164591	0.372682383302723	0.642728068587451	0.503837296969599	0.815878183835151	0.761958043699895	0.476768402286166	0.533733830446065	0.89401628572956	0.740220554304146	0.471180908615102	0.853756383490984	0.903655315028561	0.52931023990895	0.318484846333096	0.554973988720712	0.828729283234967	0.601938063590999	0.690266345411899	0.863922331565504	0.728719103264769	0.585404433805469	0.550063839891831	0.881791744876003	0.687430888363678	-0.0640505125730695	0.475791369816639	0.0708872192314103	0.091189689107071	-0.0120837249541263	0.792297200545831	0.504396739220377	0.0104961308246386	0.494229054776491	-0.294341975869225
IL2RG	0.871786466640178	0.857045904946697	0.833961859302431	0.425447872780017	0.700611624601874	0.821095764597118	0.481396347747206	0.770933000770686	0.438920959316159	0.413624993640955	0.906745636977266	0.749282294757789	0.720072785866433	0.770072595450403	0.788529952864655	0.651734532414714	0.812940346266476	0.764181689978305	0.378209219056711	0.903458073611407	0.862388275801346	0.86860942799098	0.853170811555674	0.812454534032564	0.852193092890806	0.873738632722611	0.894654572019181	0.907099377400838	1	0.763673906700183	0.75276212164806	0.450769666263047	0.419884510336469	0.890953059668539	0.612823066771149	0.556015708922752	0.761337611498249	0.944544762317736	0.885623902940198	0.415159947389951	0.576458458330882	0.353614391760873	0.93465708969491	0.797387755663884	0.429612086879256	0.59969410057618	0.949607679754736	0.781114024623981	0.394269325527391	0.851460706115875	0.911560049921319	0.45551690085925	0.412819494533746	0.726846624304615	0.939013396640734	0.439848922368564	0.771597167151622	0.866797299409604	0.672071823652747	0.470262504641703	0.486320899307343	0.870668737085733	0.763848421415906	0.0125341145941226	0.468649781546152	0.158263758503341	0.192399107570361	0.058555951932135	0.837530767767151	0.655722787322727	0.0339817386917904	0.612064985279204	-0.237588873373641
CD46	0.709407482578242	0.753969110383315	0.650409395031376	0.486212436597792	0.636538143684539	0.573878311359917	0.359647966435355	0.759686366525181	0.521395784063622	0.410865130906195	0.765072761167348	0.568891442978163	0.766637759045933	0.614434694532046	0.735191994043619	0.382917751983014	0.702191591755958	0.629262056720263	0.310866528963959	0.715101036115354	0.835659404275683	0.761738322869838	0.688927880663852	0.683689690106606	0.817729351216434	0.818760925284082	0.822596768545201	0.638746164742763	0.763673906700183	1	0.592448253585865	0.495988567048519	0.536407666106557	0.84798688728684	0.601417882386818	0.38246495971182	0.518372446375574	0.688036427175711	0.64117995557832	0.536299023496855	0.329721478752889	0.379831614462203	0.741167304493057	0.823791549925855	0.540176619166015	0.656897408347986	0.803262102652943	0.668106689565546	0.269083501301969	0.686040818379655	0.760867495335211	0.563985080047164	0.651325506970691	0.710776509411325	0.79195053636296	0.317271542482791	0.795229029391828	0.731815863930911	0.552200711594603	0.30456596446063	0.479160886640824	0.6683810367674	0.727408954030416	0.27171369048722	0.652370165191688	0.410671221456737	0.46861598197987	0.275362012248111	0.808905293361774	0.72153536417484	0.3234873097843	0.686371440480074	0.0911696332797744
