""	SIGLEC10	CD40	CCRL2	TNFRSF1A	CCR1	LILRB2	LILRB1	IGF2R	ITGB2	HAVCR2	C5AR1	THBD	TREM1	CD163	KCNQ3	TLR2	KCNN4	KCNQ1	APLP2	PILRA	ADGRE2	SIRPA	ITGAM	ADRB2	PLXNB2	TLR4	ITGB1	CANX	SMAP1	PECAM1	TFRC	CD81	ITGB5	ITGAL	NECTIN2	CD4	VSIR	TNFRSF1B	ABCA1	TNFRSF14	ITGA4	ENG	SIGLEC1	CD44	CADM1	CD74	ITGA5	CXCR4	ACKR3	CSF2RA	TREM2	LTBR	SDC2	ADORA3	TMIGD3	RACK1	CXADR	ADCY7	FPR1	CSF3R	ADGRE5	LPP	SCARB1	CD86	GPNMB	NRP1	GPR84	RXRA	LRP1	TLR1	PTPRC	MERTK	AMFR	STX4	ERAP1	SDC3	TSPAN15	TLR7	CD47	LAIR1	AXL	RHBDF2	CD9	STAB1	ATP5F1B	TRPM2	UNC5B	TNFRSF21	TRADD	PLAUR	COLEC12	CD180	NCSTN	IL6R	CD93	ASGR1	EPHB2	TNFRSF12A	JMJD6	CD33	CD68	STX3	CD28	PTGER4	SORL1	ITGA6	ITGAV	HLA.DPB1	C3AR1	LAMP1	MCFD2	CD63	C5AR2	TSPAN14	MRC2	PTPRA	NRP2	NOTCH2	SLC1A5	ITGAX	CD69	C1QBP	PILRB	CD46	SORT1	CLEC2D	SIGIRR	LRP10	RPSA
SIGLEC10	1	0.809728107401708	0.800509021707817	0.8050209354667	0.492290736055678	0.640254024159866	0.854232257056214	0.3470244108056	0.735550909290399	0.819469117496506	0.732529319833293	0.39621753041555	0.237057846668068	0.645099631947311	0.711152121969367	0.731464297455764	0.423645767618268	0.645389628875662	0.636439675093956	0.786116077352557	0.828513468986771	0.684762099380512	0.583448558400612	0.841762998780172	0.520376335332239	0.657729473380135	0.695021041481345	0.664094586740018	0.633149029111433	0.718660366814227	0.781201628213808	0.69880405958986	0.465200774998522	0.728290862820077	0.646767138129045	0.631294713794042	0.902927556015333	0.829983369149442	0.260985930376066	0.518038288943895	0.633593624091887	0.612531497216134	0.36294231703095	0.407108476335981	0.613998266622314	0.927689110016902	0.312909646309183	0.833305862368367	0.267793887194103	0.868753244850226	0.853746051285671	0.673259815525145	0.181191884241174	0.846088179896052	0.61720195324285	0.698192044417832	0.799211185578319	0.753863737526338	0.861085152493651	0.813890071821892	0.626308890842936	0.669523145541722	0.601926965607501	0.824021693297976	0.152374695406858	0.544170135524251	0.777509556720766	0.402427478358167	0.548091302702034	0.825654398370195	0.799531156113845	0.655508929049743	0.578822363495764	0.776527008925897	0.629911930377312	0.426880061099422	0.653800171217624	0.800322665193546	0.650344675092402	0.787540943029217	0.897682878963718	0.802045629058723	0.699289597969195	0.536667371153791	0.565384494896908	0.731857621160734	0.855972248997134	0.40324662684042	0.737505186925857	0.733171010061969	0.246483553613494	0.363432987448362	0.554229128339436	0.490112912403694	0.509527700698194	0.351396542456918	0.575993533381007	0.396020148236623	0.707966673278616	0.743596899108364	0.599919277292473	0.372504546753103	0.56622005429925	0.859037925077343	0.876271381559922	0.76657785215401	0.725915353398149	0.906050485073243	0.878028554548308	0.657075479199124	0.654454272359735	0.66115939240217	0.334525612836002	0.729650087365074	0.645108010135449	0.646523004544297	0.402333362314217	0.539851275384482	0.677524399397826	0.461348518409316	0.880772925755091	0.484860571899144	0.550859040088329	0.721277708951984	0.601866597622863	0.654057942143937	0.668592496323139	0.770156981371687	0.545817587674693
CD40	0.809728107401708	1	0.839780589622882	0.810650723618877	0.634078521816664	0.636513331736819	0.846234568420888	0.480918370589443	0.813446152528348	0.858905580614016	0.755086335098105	0.47753342266701	0.446594171082046	0.70729888841836	0.761618147501333	0.8006243284312	0.525904315004694	0.716579968042389	0.735625024964822	0.738069664754298	0.832368811260958	0.755011698869872	0.700812218847115	0.806185538747492	0.615729814090939	0.697610585988311	0.783903893790726	0.741480575076465	0.727938920275751	0.699173628537294	0.720543181545916	0.764490131679631	0.590916292177497	0.759212193586355	0.75273130432189	0.697417110769784	0.867009218251331	0.850002830756795	0.4056216358142	0.575292516422787	0.6810868557429	0.695653083196068	0.418166305259007	0.545138654958299	0.668501370670958	0.851532317295253	0.463513593226272	0.821055896566175	0.463842739715362	0.847670590468489	0.855166295792789	0.704454404215724	0.346241243028731	0.817052247725755	0.694871007858669	0.746889750506065	0.791435518594944	0.785827506559015	0.841845013612456	0.782486055304597	0.71669779603796	0.713662117430295	0.661190528494645	0.863980278069811	0.327882718705394	0.646275082663155	0.783206401425392	0.500053048968008	0.624066912650482	0.808600450047107	0.813039085012981	0.676050192626369	0.673796592019633	0.82031356140764	0.645607122118966	0.471534764284907	0.72581239721295	0.795010602533528	0.701250491461228	0.824219346147734	0.793047469245073	0.807247067139068	0.753908101703692	0.606277166499709	0.614584681723081	0.720665744799608	0.799078367099961	0.481420280558503	0.79472842420085	0.808502761250948	0.41345791736444	0.513633161896365	0.672354842528761	0.565588282246563	0.588000946093452	0.462517671151705	0.639757177373301	0.506412896452891	0.754459827420046	0.793870052101125	0.676990055681332	0.487790939403449	0.598151230968805	0.831969384336055	0.856526751052772	0.784102584812222	0.753519167607655	0.802049910342653	0.863117327264121	0.734235571537747	0.729141057385759	0.738689183999065	0.473913917863842	0.794520777960112	0.67713887966341	0.700246479996151	0.549837416995094	0.620486073205491	0.680292488089282	0.546769543997738	0.780341217992056	0.514931788487305	0.592957181927728	0.74869887421141	0.611458762312964	0.675372813369446	0.713757536971898	0.809723536022325	0.59647491785346
CCRL2	0.800509021707817	0.839780589622882	1	0.865930407604662	0.763272416224603	0.684408862000342	0.872219129584081	0.624528049774301	0.86184664744381	0.909503260069607	0.832684573204142	0.534936411080935	0.550020758008253	0.814941892058701	0.786174894475938	0.807135865167058	0.558914548695701	0.804150161481348	0.838743965408666	0.74705258384004	0.880720141295119	0.856083891403914	0.807238269633938	0.850068586961115	0.730425365589019	0.817861327528843	0.882969196888025	0.843249977082448	0.814815483860252	0.731969254803778	0.770025468397148	0.852006840611494	0.70664988125321	0.789595381867927	0.77102908018092	0.808269823386661	0.816988195270568	0.891776173499062	0.569070486734729	0.707818003920332	0.732993937579035	0.783933759505316	0.546349056524218	0.651947008338771	0.727706155007933	0.812199470652893	0.579990354378428	0.794445975711616	0.566090813841714	0.873840864025599	0.866237280036782	0.795605174525714	0.494625330214373	0.825664742822288	0.785778046590074	0.803718123239197	0.841033203400107	0.87655649176956	0.812849625281994	0.831820685503832	0.80630760992229	0.797586691555714	0.758217833613477	0.856729419442923	0.490037391104516	0.765929451113357	0.815338063721611	0.579760048758242	0.753774373995189	0.842567905386651	0.865629640336488	0.783554452248405	0.777957076201818	0.894940478127139	0.718378024235261	0.610401167485184	0.79424805766019	0.79967137864164	0.774395419436339	0.886652061203303	0.769146279265974	0.84823646343184	0.799031037490404	0.722236433025955	0.664420952427391	0.833829968749885	0.834304560843002	0.645481518961283	0.850825819702883	0.889486889732581	0.494603794962788	0.57139047450052	0.757509834635391	0.721668927830966	0.659045710720092	0.526493766853098	0.708744614303321	0.558157948124253	0.815520221537545	0.817037219380225	0.801844418844709	0.643466456080182	0.638584529489821	0.88086168805181	0.872651186583314	0.845648492725805	0.835738252158647	0.743230914749725	0.861545637252566	0.855445244221976	0.799300210910135	0.828322658320016	0.581532281481068	0.865829004691873	0.75210289170773	0.794180660626628	0.695092938979712	0.727500831703503	0.736492623592102	0.679073592087384	0.774878302518211	0.546358007326156	0.644998851504815	0.848826451216013	0.701234746886797	0.764326406968339	0.780549511877085	0.907322800846261	0.656603207918149
TNFRSF1A	0.8050209354667	0.810650723618877	0.865930407604662	1	0.791392921009742	0.819462949787994	0.891703034448272	0.674795248850951	0.931989471360191	0.927138107865968	0.745038608465103	0.702971372364237	0.628488877591388	0.867541323942168	0.80561052970211	0.88159198222018	0.714912743690892	0.846810319692067	0.914855938225093	0.627272025787874	0.87042383217261	0.899688006835837	0.854584958795698	0.798243085661415	0.832122127080015	0.831275181000806	0.923777081049076	0.926961166561356	0.899809490260362	0.711394080994079	0.701860940898111	0.907987872346864	0.733247358807668	0.809564980760474	0.898436183382879	0.877696670723095	0.853423720584193	0.867347557330178	0.498817362745277	0.698793296471174	0.872769369607441	0.887312360999169	0.556006412740505	0.766012460176237	0.77832695042001	0.821288849728736	0.672766572543441	0.795246350166508	0.641552899663227	0.844581321007621	0.873009084815442	0.892462603219785	0.431186180545608	0.834554304134603	0.763855465139119	0.894103010083768	0.786171843953524	0.901949121769954	0.870131259508051	0.819036494229911	0.861237624120243	0.868973439448867	0.802533699223398	0.877220306612064	0.409327355489595	0.823786639037036	0.87875851764123	0.699656109002534	0.757653254533545	0.869688304932006	0.926262935727846	0.804795039578207	0.80179892286945	0.88790655274268	0.813351949621894	0.608150925217696	0.898011550784077	0.827677951551376	0.917025831792589	0.952716327786789	0.707556996183827	0.842064249083203	0.797188331544381	0.787516376711031	0.819198115058514	0.862136984948192	0.861211717812093	0.708886201655127	0.912523097216237	0.92733412399805	0.547610653928269	0.710987699355874	0.858431432889038	0.764654345354659	0.778739631901916	0.680060436085937	0.779990571019506	0.714179871866724	0.84168772741436	0.884557381659447	0.742279415011725	0.640054902433807	0.546906403206276	0.900757201728461	0.868752836594151	0.924213193209376	0.865281858992828	0.730494065767535	0.902802586258085	0.843448398293338	0.899346840165452	0.909950113614824	0.59608279574694	0.854309910047696	0.866273477080074	0.890943389238946	0.760390734302801	0.768466024489336	0.844593020244468	0.588189499130383	0.815813900216316	0.706365854311113	0.747843413404163	0.869718148447056	0.788484404509434	0.796036811553809	0.872662072699412	0.885197092654438	0.793023201505574
CCR1	0.492290736055678	0.634078521816664	0.763272416224603	0.791392921009742	1	0.649836350473919	0.692089537302044	0.808895416170708	0.806005177715625	0.789190540600234	0.711028091317786	0.648152441570459	0.773553341320718	0.834329614011038	0.687079849674167	0.764768073770763	0.63291794314386	0.74171188836069	0.898762038947033	0.491414129077495	0.709186344703024	0.831461515667618	0.851095274974411	0.605091359850765	0.819771503831712	0.797242458169052	0.877175753280777	0.87636085556935	0.857390919992976	0.570092903480274	0.511531087514245	0.837794320782182	0.837632555560296	0.694003426994261	0.78621276722575	0.832398452752606	0.550775831746784	0.718759913017523	0.761537776730467	0.81367918520145	0.705385097831441	0.820573081815983	0.665572145613916	0.795516258388398	0.704451632836614	0.532649755985232	0.728857098870539	0.57147610185273	0.768669918127635	0.636888562612709	0.672844763771879	0.787437500668823	0.683426785263951	0.614306624999034	0.729658508880081	0.757523291253283	0.66524705328869	0.775472490748543	0.610216629717879	0.640276393137423	0.811560947936832	0.75491363299015	0.772601038321744	0.718671872299721	0.724114441064368	0.835175356777452	0.671720736289465	0.679640368255035	0.779141840721119	0.691971944485086	0.730531315567171	0.768138783755863	0.81683569020023	0.773886788391928	0.644986961108869	0.66875083989421	0.799151706889201	0.627232872887778	0.790391284408327	0.81638004107904	0.425757662703864	0.688178298464518	0.726777103704789	0.734912199074767	0.681872427574225	0.721698315918096	0.605293100289019	0.823107952468711	0.803509014191065	0.854234337851068	0.699907098561079	0.748183919974041	0.832181992033866	0.809384423329538	0.685944850021589	0.623910498299988	0.698682265449592	0.620339882948949	0.724988565849575	0.735389885496007	0.816826148152206	0.756717788535004	0.451102104747363	0.712827625553573	0.642017945942373	0.756423050810686	0.748376891160298	0.41886595308005	0.682407545583405	0.873546383757589	0.801220431933082	0.859625824855139	0.71605389746968	0.787135950664836	0.722000934665251	0.755378413843267	0.829186173456932	0.790017547051268	0.671841408083199	0.689615672441137	0.515529999932209	0.555557732912089	0.646057572417045	0.793393368011057	0.67215263849363	0.681061074914793	0.745856237832838	0.802966051892159	0.663755085281817
LILRB2	0.640254024159866	0.636513331736819	0.684408862000342	0.819462949787994	0.649836350473919	1	0.697807450411462	0.545683719375955	0.797851750164961	0.754679553789782	0.460618276157077	0.793828944684304	0.575900636552058	0.716765437238712	0.564466820382709	0.716725692996372	0.785738159793515	0.755610392141761	0.760178529062249	0.32895090008237	0.657613098150436	0.770324608259688	0.709931944342919	0.591430592248007	0.718885158940511	0.670110973261782	0.750288377324631	0.808457988396554	0.792556550652153	0.476411538229232	0.435570625620196	0.731179105474704	0.559733370664192	0.603183252651319	0.831116429448475	0.75123790923198	0.713599354664201	0.605305273545077	0.293334666266144	0.536215541351592	0.864211228294285	0.829763437603298	0.417084648945174	0.775226314368787	0.5270650221549	0.62284127978439	0.67148647396008	0.594691872924569	0.559520206997856	0.631890568985158	0.639820790590904	0.765324638539918	0.250516796865334	0.588265960509844	0.521844395805562	0.860812472108042	0.46470253939674	0.751400769742182	0.697594391001662	0.616916441373964	0.722795933526446	0.678313198139437	0.614451189645513	0.683019946070394	0.232882403811317	0.685372918850922	0.796019256093251	0.792500788635236	0.530126589861259	0.675170621005126	0.822613367744999	0.618384254879232	0.631583583588208	0.685674171054174	0.760439635574639	0.415511716968645	0.874912351900395	0.636380353759434	0.844153970675509	0.797810171330333	0.457170907632856	0.569517501741967	0.542273191410701	0.649804795448498	0.863090927915412	0.712926461748508	0.662348982146373	0.647368359537926	0.77028837979763	0.756312656120719	0.537162347375277	0.698950479699907	0.718749439199267	0.716647174704008	0.729585253046434	0.795340096078774	0.752701591714341	0.728746358739953	0.694380367331544	0.816882416346904	0.542344646133136	0.520441711971369	0.295379579390812	0.730288371614072	0.615658673819458	0.780112387574025	0.608110320308396	0.536174977227449	0.717906662363474	0.666969162483616	0.831893559914159	0.755158351505682	0.542090218069321	0.615701405038851	0.724896185835025	0.731745916846502	0.639388891338049	0.638583784372355	0.84366182760797	0.346051785838464	0.635213295101972	0.829773094303931	0.574274798959254	0.715626640394047	0.565950252244271	0.621762869176286	0.784195838401288	0.718727694551518	0.855033546604188
LILRB1	0.854232257056214	0.846234568420888	0.872219129584081	0.891703034448272	0.692089537302044	0.697807450411462	1	0.567739042660941	0.849783509389434	0.901501785571341	0.837354726354203	0.497891373674158	0.445466353723791	0.841260099719318	0.844255362902326	0.864780654978313	0.510012589753536	0.787772077470123	0.830666885796488	0.770962853802674	0.91757169712602	0.857535306451595	0.782445304500282	0.866037016203454	0.735765996133274	0.824984202890565	0.874802296530424	0.804039348030965	0.775711236453878	0.845159862442125	0.81647357322013	0.890548732999643	0.711875858244357	0.818887997592146	0.789606996328376	0.816808937096247	0.861150741325339	0.917723034447888	0.483364721784157	0.62757972793156	0.745069225623355	0.778278624850588	0.5890610812084	0.562088415295608	0.799208716142629	0.910373519844216	0.490933214257569	0.850798834927723	0.51617876290115	0.925193274462496	0.919714523896604	0.795409467640028	0.378900085189659	0.907962501102458	0.78154992214823	0.74518691666826	0.866424756501982	0.858869134950235	0.882291173453817	0.913549833423309	0.769261723740615	0.832903441173188	0.818476359374828	0.853356655390968	0.353852130450528	0.766540685867761	0.800340535138896	0.499206076985555	0.774254404208115	0.879091804713158	0.860094975613379	0.840804009845662	0.73318330361427	0.90270469969654	0.751125366645307	0.661366459359747	0.782715742857945	0.888598496474006	0.766564703825836	0.918590805103276	0.836295300919042	0.911435205620524	0.83244742511879	0.777695636570911	0.623721486002259	0.87155964304044	0.89766992728603	0.585839627293305	0.847580902617391	0.880696955729788	0.442563155524811	0.488289416244962	0.766226111910276	0.624870497145074	0.707192387300482	0.462565227061262	0.711043260521698	0.510588830525388	0.762398134572137	0.811170130124013	0.752118412529959	0.546963108754703	0.71850572391656	0.916184203347114	0.935576951209379	0.904098640350954	0.870798818092572	0.846068456273918	0.926898878603054	0.793140083278899	0.770059882349495	0.810458914073084	0.524842551628689	0.875152606127342	0.818470416042632	0.808219549987905	0.6129462168807	0.694259600596667	0.693537852377277	0.653245406249996	0.841691463365035	0.506929301598041	0.672494606563702	0.851171865351872	0.708319282662665	0.804064820163243	0.775066804089216	0.875307352326484	0.586744783852699
IGF2R	0.3470244108056	0.480918370589443	0.624528049774301	0.674795248850951	0.808895416170708	0.545683719375955	0.567739042660941	1	0.690210801088829	0.681625571028159	0.641912096567557	0.561097820713039	0.747603309848509	0.818520620567076	0.603144191672751	0.687015463857491	0.574515086475433	0.689404125053412	0.822340240115836	0.39519924096881	0.627072745599389	0.800309228494432	0.800481921522089	0.463538558140231	0.801301364812676	0.76182200250576	0.792872153188935	0.790342537088588	0.761443377916466	0.539109057146415	0.468036672792691	0.785100013920883	0.839428127795282	0.624736901341148	0.645746568408411	0.774557248792661	0.361746649026251	0.623970005774075	0.810737175748206	0.764289177969134	0.602698830432344	0.764875671277292	0.685795086812505	0.752841278191192	0.698002196592071	0.383953604369967	0.710687660554238	0.444437874198129	0.7607561192791	0.531731717386889	0.544618515073459	0.703410242139582	0.712782707515796	0.514024036145852	0.653795252000075	0.640517298584098	0.55018041059138	0.666592920218581	0.42158538799551	0.565737516186639	0.740656447890632	0.747580735924503	0.765962537785702	0.568619709143065	0.764646140311977	0.791070878723665	0.561511103340189	0.629198201031559	0.834450908702596	0.571235820775132	0.59916411398545	0.765262436831786	0.800171970329065	0.701692212179473	0.546425977314005	0.745170619096444	0.70993291059043	0.548096700886827	0.684274407180334	0.708093295236732	0.29601551098897	0.606427337164237	0.684855679142164	0.742719453023921	0.574963357457734	0.647260681909176	0.494702180644911	0.82041088748093	0.660970538274881	0.771185615043926	0.702512192350994	0.637146138948596	0.794701330550737	0.747964510637754	0.63236744131377	0.563851633729495	0.61665621049003	0.586114766158659	0.651024192009646	0.609750472806894	0.751622726683642	0.784138143679587	0.485210602821091	0.598235810041322	0.527941922585854	0.638672607970109	0.695915821786798	0.283516989728765	0.560761025282061	0.799528580601868	0.707756188215831	0.758071856286509	0.642250031137431	0.756343271693772	0.69225120711047	0.70081050025813	0.811515552878768	0.756861054595422	0.556863658551094	0.743054491551678	0.305670364251938	0.447619444079097	0.61656924716305	0.731128007647753	0.622599405063556	0.665847488621641	0.669451038557987	0.694330808019129	0.554461394251031
ITGB2	0.735550909290399	0.813446152528348	0.86184664744381	0.931989471360191	0.806005177715625	0.797851750164961	0.849783509389434	0.690210801088829	1	0.932362994966229	0.706761313054403	0.735845751434461	0.766540713074328	0.867393696070331	0.78927950062467	0.866405911872391	0.778176705738963	0.882194270916484	0.926935070898588	0.587134815691786	0.832301263727564	0.90874050428306	0.889326163460032	0.743610803433868	0.859907110419073	0.770884693302946	0.937687945020222	0.936288751704816	0.911518607293627	0.609769989310381	0.637480617817761	0.897669186103976	0.746875888942373	0.793702740414434	0.917419829225437	0.892499852963681	0.830420655030359	0.846994799675193	0.527276362326766	0.680746518604719	0.895051146293703	0.904733909973046	0.528246679254257	0.793201063256124	0.745767661154505	0.757179729139045	0.733592009771039	0.772838121147501	0.700812165216629	0.79377801984389	0.87870191244693	0.873367680359184	0.517396977962202	0.797010583066398	0.775685355949861	0.899545917903876	0.764895133132093	0.889334177538514	0.870356519852762	0.758875133120612	0.867728566892211	0.819672556150909	0.750251385599933	0.916322273271185	0.488738006494826	0.851802899799734	0.88676923208748	0.756849669609008	0.731408645611222	0.841652456053862	0.93159213921523	0.759185312662377	0.80209763564603	0.884022520763254	0.822847312541627	0.556679541183762	0.907849115326176	0.763945870827264	0.910401320871257	0.926434770967532	0.623331692523944	0.80368184737819	0.800246769133883	0.779691700678964	0.838547074138242	0.821829231550598	0.827269940463032	0.713007718953153	0.907768986600817	0.941975892725303	0.629330419970882	0.766506014023666	0.862905813491438	0.761639538661311	0.764489422669089	0.739431210211497	0.765542254619409	0.784261491373906	0.832620918479622	0.94296113956158	0.748178521960111	0.645612932509648	0.555922437192888	0.858704588866468	0.825846179337555	0.88536754307247	0.793370354640745	0.639584671154969	0.879846223294224	0.870787837954997	0.919157161154703	0.922544293138109	0.660944967716776	0.839536155160588	0.821043772645773	0.861051056844767	0.758837522858428	0.725909760138736	0.848869372451621	0.60974530366751	0.771284371640896	0.73211129798484	0.704517955512743	0.856626010417453	0.719294920828284	0.751019570817901	0.891273819658324	0.851051367489914	0.821677544103097
HAVCR2	0.819469117496506	0.858905580614016	0.909503260069607	0.927138107865968	0.789190540600234	0.754679553789782	0.901501785571341	0.681625571028159	0.932362994966229	1	0.816426252639399	0.619507686592414	0.63960460384954	0.872638715745485	0.820397946256025	0.884455183454241	0.652006987090406	0.852615423094279	0.894265791400507	0.722848285954574	0.885965984195663	0.897717150126926	0.86005094776221	0.834917919718494	0.796473747166396	0.835329521772943	0.92709868552781	0.904313775904801	0.880900128553958	0.72578487226443	0.748452861982045	0.900931889089398	0.745965370724495	0.826923145055734	0.842139401331988	0.869534534011803	0.859276060480886	0.909880510637285	0.562652918788154	0.754924284988291	0.809589075985759	0.853802904809758	0.565037607031046	0.724394646644496	0.772127416533792	0.850203536871393	0.65570122398894	0.853170559360839	0.632709631986769	0.885321037694811	0.90412223356137	0.853584613093768	0.473882800894382	0.855992653402966	0.779921285937013	0.872268408147933	0.836202509971004	0.890263918586164	0.858971337810706	0.853611690021404	0.851126790407207	0.836130850534918	0.798918592093149	0.917010322392487	0.501018926946775	0.800465014872902	0.852205624744194	0.673607782627016	0.778344724765812	0.883006089030245	0.926440157260448	0.809722439729942	0.828204907947437	0.924552826066797	0.787447744088175	0.616314044194585	0.865743562603751	0.837139978274443	0.851135526570455	0.933369150411489	0.766384543854162	0.866342931355377	0.849038247909696	0.762264320083602	0.748486852409054	0.849338085920591	0.84563259670172	0.69624783307926	0.891619689924824	0.932614195966813	0.53925235073168	0.666260500722187	0.821211279299012	0.751446642130748	0.711682465777345	0.616106050355035	0.734813466525842	0.640153450773065	0.865412653019322	0.886284771196479	0.808439527827142	0.667568248911407	0.618699683208608	0.915548389762105	0.882546056737194	0.88895121708357	0.84500586060737	0.7706168038379	0.921211159433433	0.883433614894917	0.865294269578359	0.888447981802106	0.619651797584386	0.88153386498317	0.822909409480093	0.837189369700849	0.738994058906171	0.765855793711074	0.802364133593241	0.67657070744824	0.796388453218337	0.629100552489515	0.683500876708399	0.888653495027553	0.725620847376248	0.787557893794851	0.86021767759219	0.902460561887306	0.739642532250204
C5AR1	0.732529319833293	0.755086335098105	0.832684573204142	0.745038608465103	0.711028091317786	0.460618276157077	0.837354726354203	0.641912096567557	0.706761313054403	0.816426252639399	1	0.280995186617814	0.409205904133841	0.772648101509052	0.829790004838749	0.778671728768895	0.283522910662267	0.662794191278847	0.756182927552723	0.861776018663304	0.879480921024298	0.773913848213176	0.731088732511047	0.834570019724168	0.630813263739438	0.836930318811504	0.807713886338634	0.708147733713604	0.694005236666726	0.869046708714508	0.862131030555928	0.807780589907237	0.746152337294301	0.794759780077405	0.567569022903916	0.729232176508181	0.694404275110353	0.908211854010204	0.739028893574913	0.753593436548348	0.492903352748402	0.610911865930493	0.639962763037654	0.4782737865139	0.845284314964685	0.802777139993133	0.398503049537601	0.803702423322032	0.544345093159414	0.877209785516791	0.814007611718225	0.680600366542462	0.59341269820812	0.81904236425418	0.773206970503774	0.596803237798206	0.87117073721878	0.768495667011946	0.686419131774665	0.867053626560641	0.681137781208074	0.776535485540966	0.787302356281306	0.766834566911708	0.609397078958112	0.683056574076585	0.638281370872864	0.343057500810209	0.842912964351987	0.784331737661435	0.697175455581034	0.838189002863736	0.787538062360383	0.866436606797168	0.549953509730827	0.738248722053837	0.604602350720182	0.803409615737023	0.578651373766781	0.795317963698146	0.807436338559171	0.881813678636235	0.861248105327009	0.658061903206189	0.371341989643321	0.743162383924116	0.776384271601285	0.614043660841109	0.735451297194163	0.806742736596494	0.455398259750229	0.337460043897764	0.666210583302727	0.576277502356451	0.518297810474311	0.229415057004305	0.57466800914106	0.301318068405574	0.713965783097841	0.638536637990999	0.834530467893464	0.622007850198437	0.744261548126218	0.836926020709401	0.861779550401986	0.73098759825537	0.852026861312061	0.776667137877702	0.800672573035821	0.802710932700896	0.614140189636436	0.710356299018845	0.542616715897224	0.888267640402241	0.681079963004183	0.683158105921277	0.616368354907149	0.733756675021463	0.486485401670678	0.824722510330161	0.669163854746628	0.220010007622754	0.629115355176604	0.822195828040339	0.692181618095794	0.76771512123712	0.658338871401848	0.862096022833847	0.363103162834963
THBD	0.39621753041555	0.47753342266701	0.534936411080935	0.702971372364237	0.648152441570459	0.793828944684304	0.497891373674158	0.561097820713039	0.735845751434461	0.619507686592414	0.280995186617814	1	0.696216730852359	0.616431503029126	0.465863651608569	0.622799534566172	0.902491482167185	0.687564116146011	0.706581508035569	0.0550485243198037	0.495770422552977	0.675675968189023	0.696345883727296	0.382931156603774	0.737501614684143	0.518562091426252	0.669140915594385	0.77659448867983	0.764282786074039	0.225341011560685	0.267026757021017	0.637204317988404	0.492553801654462	0.508596210235418	0.805922686569626	0.711666425383267	0.511040159293728	0.461129568706681	0.257583086841814	0.432714049403598	0.855418900946886	0.821764101973034	0.286897576345747	0.846401421411969	0.385187672864676	0.349660398579398	0.833046449384492	0.373847249907128	0.652683414173056	0.400003343395024	0.437825885418456	0.73859431487519	0.263508409432362	0.357839906075271	0.428883335341729	0.821051504834136	0.300120729269257	0.662826790061185	0.527163375387995	0.388604784938901	0.732738418696487	0.608029562773323	0.51786365092848	0.539984485913217	0.216357772571589	0.626298821548777	0.736543763343349	0.856958001287326	0.430255864528883	0.515385707225774	0.741058432828311	0.469289352913942	0.572644887954531	0.528958950966472	0.681736637502039	0.275529639955092	0.823797102419214	0.425349543438317	0.813013135813993	0.655538737880911	0.179273288134395	0.406819569930715	0.339430438100745	0.61318557735228	0.881581607779826	0.584186564594117	0.483969740196829	0.617973797742087	0.669229575616608	0.662097791087975	0.650229236600911	0.808851612307357	0.716347141632138	0.723394304520686	0.745824347257532	0.843076475657169	0.744830491013727	0.831856288180437	0.627508702006741	0.74891132802913	0.354189988394806	0.466531794322592	0.100090428952229	0.564267979604408	0.446699040227061	0.658685573935574	0.479184734701044	0.226960280839317	0.499317931103486	0.559643838520742	0.809055356954263	0.654064109493932	0.620281238479429	0.508553981010205	0.663276597708751	0.688414685920659	0.69822840857216	0.544278004893614	0.800553684975521	0.255934496404042	0.470564527364476	0.873653789658123	0.563617264840924	0.57325474564703	0.515139139216228	0.53316060992269	0.713933842403923	0.540755840358104	0.889401068620845
TREM1	0.237057846668068	0.446594171082046	0.550020758008253	0.628488877591388	0.773553341320718	0.575900636552058	0.445466353723791	0.747603309848509	0.766540713074328	0.63960460384954	0.409205904133841	0.696216730852359	1	0.683394791695946	0.474363130761594	0.573521891199518	0.76569630850452	0.637087899991083	0.772080158482872	0.209926657439264	0.458597884097207	0.710499514568856	0.773783987116161	0.295569874414125	0.742002798304837	0.540467905266658	0.739753750706247	0.777525372793448	0.765217675790949	0.220735915686435	0.229006991301477	0.658913697943524	0.68506771285154	0.482028709923251	0.702824794533798	0.712380834656816	0.364608819259557	0.485564387902435	0.614189002844336	0.637669051765179	0.666566173134074	0.74773731580521	0.505993392999024	0.81257420491798	0.513663862182441	0.240403448927758	0.775869286906354	0.37348539110311	0.808258201813994	0.354160563081752	0.490112049936821	0.655522492636298	0.690334353255346	0.377785857668413	0.59635413269398	0.707811839301555	0.405016815634526	0.59210164505514	0.43724093377532	0.343919399551257	0.714234866947192	0.573514595039988	0.541806396494544	0.609149155920611	0.705366541279273	0.726342785465753	0.589482172455907	0.771445671443758	0.589077458285125	0.465232955790785	0.612323935412194	0.532507040568541	0.663615871046689	0.577755331896848	0.541539549759261	0.435794918370744	0.721704682226545	0.363974044416342	0.726272468314445	0.620698083247425	0.120302319673913	0.42268082867336	0.560787765368007	0.585519615948981	0.704768983799002	0.497117455799072	0.391918977621322	0.753116596619347	0.661139453184843	0.733801507815054	0.712005412984241	0.820063030914103	0.743547907365339	0.729770163124378	0.585059433572926	0.747786708248155	0.556073710059774	0.793556076121003	0.639224522373196	0.686104743568125	0.646612352002485	0.668987991542374	0.264406811569272	0.472303841886028	0.375025163962724	0.559587813429348	0.486541908349275	0.107033100629973	0.471131874560774	0.748235858114513	0.756470658158679	0.758986982529152	0.62941558187975	0.560462832670358	0.575529271416134	0.626554805287252	0.780457462959926	0.577661925282084	0.603477268966635	0.553225783220677	0.279389965271691	0.623641352865632	0.472387458229779	0.597459509522723	0.494716507024746	0.478753820874944	0.705060744613287	0.569995506986231	0.709784549844688
CD163	0.645099631947311	0.70729888841836	0.814941892058701	0.867541323942168	0.834329614011038	0.716765437238712	0.841260099719318	0.818520620567076	0.867393696070331	0.872638715745485	0.772648101509052	0.616431503029126	0.683394791695946	1	0.783911594706845	0.883919562492601	0.625592242988895	0.85125949948956	0.950599162320528	0.599112478916299	0.844363697030407	0.942766050438594	0.885734059132632	0.710101670109922	0.888474933461913	0.884871820661556	0.940590305349719	0.875587303242187	0.8331942540747	0.760081964583024	0.663118087360024	0.965846872942701	0.905112468169694	0.791757487247914	0.818889238404182	0.933759972213045	0.646677125675207	0.815281937463627	0.676320516432612	0.707773193146549	0.775932277003764	0.912608886691514	0.766582808007641	0.683061076031911	0.814130343198821	0.694872979486211	0.66019479443421	0.651694453574286	0.714527590863771	0.771954049533738	0.842181578804369	0.838387941931693	0.5690292201464	0.815391737459711	0.836870284594648	0.727774623714403	0.79194126284692	0.863728632265872	0.756512128531028	0.807977157455951	0.817613140074017	0.849314278696497	0.873159621675215	0.777162070816627	0.586070544724239	0.944099328860398	0.751324317786926	0.632717504148189	0.91402627053237	0.825830786035575	0.785340919527781	0.935936864599537	0.817553852414523	0.883687723261248	0.757163456237941	0.842707889661124	0.854994763019939	0.81593359413463	0.818942658725118	0.929320591260142	0.593947202755622	0.833941714322698	0.848616545307294	0.924654284235747	0.666418857113884	0.884065783374376	0.779137233023939	0.802799686981109	0.820937076387031	0.928998484219457	0.667269130461947	0.610198795453551	0.886351669720789	0.71650956259367	0.809732711595189	0.604225621938595	0.736584603104778	0.619105431187358	0.708413935071809	0.809485603455416	0.83316764735014	0.721110661801781	0.703105046297973	0.80979248305812	0.798694972953201	0.868601430177794	0.859613141731986	0.58370247238595	0.833747375653767	0.880728426028673	0.809329292799001	0.906217573337106	0.669422475156825	0.896970103066851	0.859344871668426	0.823194645449846	0.737581390869039	0.801795635245063	0.682005254847839	0.75550520619511	0.604187019286619	0.526008089592539	0.696261345663015	0.851300505391358	0.7059577122031	0.806193828909093	0.773172861761672	0.844277764938005	0.611678384500918
KCNQ3	0.711152121969367	0.761618147501333	0.786174894475938	0.80561052970211	0.687079849674167	0.564466820382709	0.844255362902326	0.603144191672751	0.78927950062467	0.820397946256025	0.829790004838749	0.465863651608569	0.474363130761594	0.783911594706845	1	0.820197644894401	0.446619083486162	0.738234781828447	0.793369372353085	0.679847776269217	0.869342277284859	0.793832435187027	0.798663014622802	0.770650146093514	0.746642407122707	0.773285114799101	0.81841639910412	0.758366790548911	0.749928686399059	0.782368868295696	0.793537915298643	0.827225457992421	0.708030186302917	0.820703376294644	0.698755160183937	0.811076419792349	0.73895672622787	0.878858358940947	0.572795911461545	0.661242610103922	0.67527966404952	0.721274392414757	0.563709723959424	0.564145584932702	0.83037165466972	0.790298951394245	0.541706756113628	0.789213077957392	0.588730520243036	0.875213582309549	0.805255115511767	0.761510321943418	0.45699638886576	0.785797608029944	0.712606271128756	0.673619494322155	0.778901551149432	0.809699557085283	0.753640588936173	0.841605632409926	0.720509597851152	0.804195400213487	0.775719376268352	0.770217889815092	0.434364982777696	0.717299775203081	0.722442426770631	0.484504283419389	0.783266667806679	0.811502197756074	0.787026983846762	0.799658183457707	0.772212141925899	0.819868400453699	0.681868783654032	0.63961370377113	0.689650524186153	0.817023872123373	0.672285480361083	0.830100789062757	0.728582190782156	0.873430488472974	0.784348090375792	0.74679287835736	0.503655661435045	0.776668584882272	0.814213386455519	0.57867783195445	0.749671217307988	0.80399177144572	0.471500647046373	0.466025017394469	0.725848194717334	0.578561407311505	0.681966553747996	0.400793851212121	0.681795724338538	0.446170765178879	0.72125366578519	0.727975386593341	0.678161259384537	0.523671330825714	0.6808416281494	0.850395033888495	0.85722923544027	0.795222621788695	0.829773638802199	0.733716442418006	0.795749309435059	0.715625416577479	0.67356771999609	0.718501008702293	0.609080499312545	0.85934366728246	0.769103978309757	0.771293013559123	0.646496459477404	0.673682174817442	0.608789580361028	0.687836035932117	0.721812407202562	0.372685552976354	0.687499036726512	0.806225949088643	0.741955382236526	0.809455029465982	0.741401173894449	0.814349367124387	0.501489339796685
TLR2	0.731464297455764	0.8006243284312	0.807135865167058	0.88159198222018	0.764768073770763	0.716725692996372	0.864780654978313	0.687015463857491	0.866405911872391	0.884455183454241	0.778671728768895	0.622799534566172	0.573521891199518	0.883919562492601	0.820197644894401	1	0.623867304791647	0.831727966616552	0.88386921570435	0.622109992596738	0.875497093978998	0.890639809713287	0.839666551295405	0.759366735430424	0.813136436989504	0.842915413800099	0.897618642574519	0.849971344650901	0.835304021808917	0.772567892746849	0.738670071222222	0.913232641548011	0.788034054388945	0.816693063147333	0.842423323496611	0.874321457347359	0.78337396859683	0.861633482205608	0.561279674767618	0.665139831201184	0.792514182447968	0.847735121083502	0.613231747211754	0.680692042118166	0.824834535841839	0.797927089328907	0.6289328985435	0.780340567489598	0.666030253091863	0.834368590126005	0.844440702329059	0.837755570849919	0.471772492648409	0.816056592983924	0.750542629673415	0.770557473090068	0.770551003519402	0.872506276349601	0.825113665014096	0.845997034449168	0.821116542693637	0.859968084961524	0.813813563710458	0.814294085188607	0.42300355237258	0.820339613578343	0.798393909782931	0.612451236756904	0.812828452613031	0.85003143665438	0.837326098559635	0.853577047117293	0.803071610538208	0.868938164898901	0.765164961095909	0.695758491489904	0.826183594814719	0.845440510656358	0.806379000978219	0.921797010529068	0.673715304225284	0.866139497907517	0.80265942768164	0.828153225675198	0.679437998378449	0.830112701078807	0.812529794484375	0.681561453273785	0.828957033595271	0.891271881484	0.621732802726601	0.596353685935449	0.834683995280394	0.658553131286094	0.783987553593744	0.554857189594517	0.759490690226288	0.60226837358385	0.758786965797805	0.826517917447897	0.721369230196453	0.627794780915657	0.642955500104205	0.867284964530005	0.854043250683873	0.878954763955633	0.857212979637174	0.709693926203446	0.856709063581529	0.790911378956436	0.795374167138295	0.831739596073555	0.645122916963573	0.876132544264894	0.841955089739906	0.83438405320392	0.688927830211232	0.757372644846922	0.702290030968478	0.653329591580427	0.720179359160966	0.558729484064581	0.735954908815869	0.827151549920868	0.741497756508561	0.805159702096857	0.783943366093265	0.831312228293997	0.643175711060395
KCNN4	0.423645767618268	0.525904315004694	0.558914548695701	0.714912743690892	0.63291794314386	0.785738159793515	0.510012589753536	0.574515086475433	0.778176705738963	0.652006987090406	0.283522910662267	0.902491482167185	0.76569630850452	0.625592242988895	0.446619083486162	0.623867304791647	1	0.695185459741653	0.713482823625142	0.115642048499234	0.505369663078969	0.686183132657546	0.688424230227403	0.368020072285643	0.716115708368959	0.508923099835258	0.695666393208779	0.793016188889972	0.761133166742125	0.204574383632053	0.288649793934949	0.633140150621013	0.481188997145478	0.504739458256197	0.821063563526785	0.681771223617808	0.557966547225633	0.47799736521234	0.272982145734866	0.430895889590077	0.847156643996996	0.814104234812448	0.26406082180326	0.854453263905039	0.389073190391277	0.362262169467443	0.791631315827251	0.405921541946265	0.642318597195405	0.40251955294285	0.484278001775846	0.710521259436389	0.318607507937726	0.376752319607195	0.435840751791572	0.845844928251593	0.330930534751133	0.644119736157775	0.556715540201084	0.385576218333242	0.759525418334694	0.619109750530632	0.513019955940627	0.608590163049534	0.269193201418385	0.636116485277528	0.759134090899033	0.865614970646934	0.437374380788622	0.524617810948902	0.768480447576275	0.44169567867321	0.585426895320748	0.562384437409811	0.662867150843794	0.254901927130157	0.825121437091597	0.429535776857168	0.840852627934235	0.665866116377377	0.20067340234468	0.415677740844579	0.409171901651806	0.565855253722714	0.930718734294048	0.54260466079859	0.483372858205078	0.624638284156872	0.689829266761935	0.698167037419688	0.657048407538689	0.848601529594661	0.725103590517536	0.746722036077	0.682721021637553	0.859171512678181	0.7165702908484	0.909039108774019	0.691071478101316	0.786639548942528	0.394542354919736	0.488920536395709	0.131234251340436	0.561453805213522	0.459071434335856	0.658921964357358	0.479856141644058	0.237413744218404	0.543691293385667	0.607060105618168	0.858343750110605	0.695962649369994	0.554178346146369	0.51719657282052	0.660021761016901	0.705901335372485	0.687552841241291	0.534763682691953	0.830114600027323	0.304353710016444	0.465407292855529	0.929939039927665	0.562080572366348	0.580772962920242	0.526650986873192	0.526938836348744	0.754618181182995	0.544790419646295	0.91528949701277
