""	CD44	GPR171	CXCR4	ITGA4	CD69	NCL	CLEC2D	CD3D	PTPRA	RPSA	PTGER2	CD3G	PTGDR	CD247	CD2	LRP10	CD6	ITGB1	ITGA1	PDCD1	ITGAL	CD96	FAS	TNFRSF14	KLRD1	CD46	LAG3	CRTAM	KLRB1	TNFRSF1B	CD8A	ACTR2	KLRC1	TIGIT	CD8B	ADCY7	SIRPG	PILRB	DIP2A	CD47	CD226	S1PR4	ITGB2	TRADD	VSIR	CCR5	CD74	JMJD6	PTPRC	SORL1	TFRC	IGF2R	STX4	F2R	LAMP1	CD63	CXCR6	SLC16A7	TSPAN5	PTPRZ1	HAVCR2	TSPAN14	ATP5F1B	RACK1	APLP2	SMAP1	CD82	PTGER4	CD81	KLRC2	IFITM1	KLRK1	SIGIRR	CANX	HLA.DPB1	C1QBP
CD44	1	0.622781902054457	0.748989233365127	0.718288289591927	0.746429252330935	0.349933396523915	0.797314727587657	0.607635262781866	-0.0503587464784814	0.318784507358319	0.575339790802282	0.709563469656297	0.202480732313023	0.49261915804239	0.748910009470785	0.265857499034506	0.625681039691292	0.360234713237118	0.287559597896049	0.557661578712205	0.518417398089459	0.700933367223002	0.673731397620436	0.278068372993002	0.232498977706691	0.401029883015512	0.483200595757801	-0.146880194157923	0.567455304630716	0.629039148054327	0.567964900429606	0.407750096136761	0.0915552858619997	0.217971249651869	0.752417490639042	0.595775939334916	0.292495290211706	0.482275699591321	0.675583802701176	0.423106836211883	0.720681931558954	0.646276898032301	0.146979946611605	0.651733626214599	-0.124841218323161	0.540131117090855	-0.0609105466014086	0.387273620382898	0.834943574337398	-0.000595626179240857	-0.350928036355323	-0.245889994486962	0.361575095093995	0.356578904399242	-0.112401598812021	-0.0329642636271094	0.626099487938691	-0.32789818725837	-0.0495300588205279	-0.324733688854779	0.0478305197728176	0.0980145133530048	-0.113303026733328	0.130240665791607	-0.111558890211297	0.0403021575269526	-0.112199892288341	0.894016842119432	0.0574244907377894	-0.298609737068245	0.556158322648497	0.82808479212141	0.405788090276726	-0.254677155380829	0.210057288261072	-0.141768978296771
GPR171	0.622781902054457	1	0.711019888469533	0.887151043494342	0.864898684659065	0.671842944384771	0.585532595214183	0.841931620978071	0.0428976721738879	0.759351537467245	0.778484024458001	0.849515236376225	0.692794412688791	0.619953891881485	0.777204102326569	0.805828605655535	0.265231399399446	0.705594029835627	0.386846346834709	0.739426674037763	0.535811495057322	0.84540057450113	0.830654221804254	0.756927409163768	0.291987574471299	0.50372146285353	0.529669799204824	0.296085043569754	0.669964468282554	0.476986907504998	0.199601766491027	0.664971441632796	0.544535543422456	0.244569851693276	0.867803997722803	0.109918018589462	0.88302123304472	-0.0353681876372265	0.80260897532067	0.537975051900756	0.77131706134698	0.666191248327278	0.325680541343228	0.746479957974109	0.0155800036077622	0.0811651405549547	0.183031498495095	0.685545569586958	0.847723320045122	-0.101311678004635	-0.221081666639799	-0.0345676599278761	0.55459544357941	0.393418695723852	-0.0656905114574263	0.473122308033685	0.888792929701982	-0.298459460181881	0.382274141113652	-0.27876077285446	0.32428133888524	-0.193815805916578	0.333481209409106	0.579998302073538	-0.100260617509951	0.204249316576805	-0.242486333444572	0.728661885365976	0.422400258823375	-0.0855440445756491	0.733099742342955	0.787715654762021	0.648171979531595	-0.0748437132979213	0.527288287654295	0.290352085333277
CXCR4	0.748989233365127	0.711019888469533	1	0.656492922870413	0.951782532960449	0.273153274438115	0.718668622084352	0.893553466152883	0.102468244556473	0.547539947434149	0.90692704278204	0.952600896166945	0.446699459046726	0.807044074745554	0.886375685110744	0.418783322550357	0.661128120673663	0.238643802592962	-0.00288428951438012	0.736282238491512	0.860950879049852	0.893262291526249	0.436849518048449	0.681369174602738	0.621737186367927	0.086981188469312	0.779324583854856	0.489202731665538	0.910518506102485	0.487072735907039	0.775415283794092	0.267683463955824	0.559830735697183	0.468156315684148	0.883227051020294	0.284034172080163	0.431094267320737	0.253718521557567	0.456636181355971	0.337225554722902	0.76842945448963	0.825000800111311	0.120746619821677	0.562435266747961	-0.0713577238043983	0.639584993949094	-0.161083823225018	0.323752793510005	0.788809505920969	-0.402425992948802	-0.574217244776121	-0.368467842102724	0.300001381182307	0.186034827481252	-0.480708205946902	0.0273646814804544	0.586159941904274	-0.443109996420428	-0.00604365209721687	-0.463494844588643	-0.0595918835312559	-0.0966579406475095	-0.0333921986159909	0.294704307755138	-0.506134589075599	-0.129164801751478	0.0647278612628624	0.720087402031678	0.000464400833556846	0.0493818177244611	0.831931185995043	0.86879815624849	0.600814816525918	-0.488462566744698	0.192876527223046	-0.0424232916294713
ITGA4	0.718288289591927	0.887151043494342	0.656492922870413	1	0.792056496198364	0.6812090215411	0.755660217087834	0.789005829931862	0.0366247109787793	0.657272342292717	0.667838548311161	0.780510421266516	0.539357347644658	0.553659039371858	0.807759504899631	0.685627726551675	0.449103633470863	0.801103096026167	0.62269055330231	0.590839168781166	0.504445882412074	0.783963521119954	0.909205167738725	0.670310752092006	0.10333958044268	0.639971204999484	0.567777085152694	0.0288159593528796	0.50749104010387	0.628889421482501	0.28832242875348	0.733955054029523	0.370712194449283	0.349292009985261	0.872157726102515	0.376369520978743	0.788902576929168	0.146553518996897	0.84495231634233	0.452746592499493	0.696190086775122	0.631856685097606	0.380995376486111	0.749317645354006	0.0869482687674038	0.28989019216095	0.260447024249983	0.600985999296902	0.914092303107746	0.095088423240868	-0.124049063762278	0.0392840135721924	0.616862567414987	0.59574815275355	0.118414552116464	0.465924605585505	0.932274879702661	-0.294546256045232	0.344339902992479	-0.303118302187017	0.343807365740944	0.0787689645066047	0.315094409683824	0.484588472646095	0.047759698982001	0.283122668668391	-0.2228016398743	0.808496314530729	0.483531097740627	-0.283698193086009	0.705325930429388	0.834295494207437	0.779043945188013	-0.0370665822228865	0.560123614178698	0.20015748787528
CD69	0.746429252330935	0.864898684659065	0.951782532960449	0.792056496198364	1	0.453461383449748	0.736386337989247	0.938889927598693	0.098915504832106	0.682540758800277	0.919311810621812	0.985994465414649	0.551357868965317	0.799351379784895	0.919941374939301	0.61157486445001	0.526931343463594	0.431667990197818	0.157345048624118	0.807674238209515	0.793519864394962	0.954534092457866	0.635809004595949	0.773313142322061	0.524493847660482	0.276573675560983	0.767610956572754	0.436841944171166	0.877876223999971	0.493332604484012	0.622679942999529	0.444155350280018	0.599127686248672	0.453723064251265	0.925210381702079	0.280383744274562	0.633884729516418	0.188342363113623	0.631777699671358	0.41413701730267	0.860478226835656	0.79319834137548	0.209643186470469	0.706614645544419	-0.0641188803481404	0.478946801784783	-0.0504601855229676	0.498254029823194	0.887444684426434	-0.309540254340622	-0.47139705619492	-0.257405932603236	0.448481769504165	0.288245685549774	-0.335666583813173	0.200457400262887	0.738330587194641	-0.417586956101493	0.157112200357225	-0.426861995255296	0.0633591038011489	-0.146610480122114	0.113732464920515	0.429192367721216	-0.386032596477021	-0.0195068830962759	0.00355313629908184	0.790678236013576	0.172335948829868	0.0224974681953651	0.85742687396634	0.926075459399702	0.673046877102025	-0.360105902988661	0.327229078432637	0.0757902398236491
NCL	0.349933396523915	0.671842944384771	0.273153274438115	0.6812090215411	0.453461383449748	1	0.426392080223524	0.394347335987771	0.462185548163523	0.817726051017189	0.445954109246847	0.418695091895233	0.25223009867001	0.301159841381326	0.3376471561306	0.758418183674254	0.0874782047370314	0.770988081256176	0.543194604774361	0.256459967229544	0.002596620297067	0.498849302358028	0.726098428547413	0.477975788413021	-0.269996816215777	0.807204161521942	0.301741904836296	-0.0839697536112992	0.174453096640122	0.240229928433998	-0.0966792837226791	0.868309039609261	0.311993734512159	-0.0884539495591979	0.496874084705592	0.153878979823337	0.710131548508467	0.223929594338904	0.762787158056552	0.807442561405169	0.443235424138352	0.143364101531467	0.206365992490694	0.677369612397307	0.0524394623538732	-0.0701381714026924	0.354862849423754	0.842347194589286	0.540965029731252	0.142340612036461	0.382749239276708	0.0770023998066893	0.747136347256663	0.733046899067067	0.434668333820183	0.75931834501205	0.630928255903521	0.308340502888253	0.720127070164327	0.373443651399256	0.302470713047526	0.0174432261854149	0.814295227111784	0.831552495618845	0.483015055104579	0.8140496611454	-0.0634289009354735	0.487957535253431	0.77612650830808	0.0876986954105072	0.26391044715388	0.480776640798093	0.460291541625079	0.538420146551616	0.589296350723028	0.752431019559681
CLEC2D	0.797314727587657	0.585532595214183	0.718668622084352	0.755660217087834	0.736386337989247	0.426392080223524	1	0.672224391281665	0.0880240091049467	0.40213571739954	0.691828432013365	0.750121662499978	0.12037840492503	0.430244303973901	0.815005310837854	0.366672864318795	0.604547210632122	0.425869994530561	0.45429735219405	0.440697748564555	0.516658540544922	0.673695421415644	0.669450745941818	0.459948723770838	0.0911359785396148	0.512468180116748	0.795819268088929	-0.11812944429591	0.475404685533708	0.569179037179907	0.67957973762702	0.504349270542084	0.0953043354439322	0.509630370870842	0.808415285918353	0.762084886501049	0.334208766216717	0.572996483368865	0.699294805129535	0.320516059551817	0.740020339722023	0.497861848145875	0.242883984841267	0.740808658469567	0.017429505290625	0.6752325912214	0.0272496565088227	0.422519711144057	0.87229761885262	0.0798532618665429	-0.199734691388226	-0.123691726382357	0.554034654396585	0.553227588251336	0.028304132724578	0.0558291961029793	0.672670535370126	-0.26251458193643	0.0981415651248275	-0.280273187354986	0.0908435084806142	0.117617767420934	0.0104270390919532	0.164446659050019	-0.0867751831863729	0.084286017185713	0.101923882519247	0.860203517528176	0.221762255743055	-0.247310268219315	0.561132871279244	0.888312483073543	0.713658594884861	-0.197825456082452	0.254543870248843	-0.132020279714773
CD3D	0.607635262781866	0.841931620978071	0.893553466152883	0.789005829931862	0.938889927598693	0.394347335987771	0.672224391281665	1	0.125059065012695	0.661966541075871	0.88186311606461	0.966734696095577	0.695407762763923	0.793322563871709	0.937875475264227	0.599016080676937	0.513107336948696	0.43733598954979	0.162952006807716	0.827434232271444	0.845446508705109	0.917606393090885	0.574272745355127	0.809417919631447	0.570897229265723	0.209499035515008	0.747322897026866	0.530509553068262	0.874260906673055	0.46700624139999	0.574872304935479	0.404681230963524	0.644556961802652	0.550482492134947	0.934019270022387	0.141423217284912	0.695287964636074	0.0341308387431289	0.559260549156804	0.306199387137272	0.779896929926423	0.832469656353734	0.241311645666965	0.597438241662882	-0.0179131437117982	0.445233527178903	-0.0419112353432124	0.409834175367553	0.835521374525144	-0.340884921375574	-0.473712862320802	-0.125091312154271	0.382602022809673	0.256880460325669	-0.349196071540094	0.217710798062713	0.768905046852504	-0.431666556519169	0.240182599823454	-0.45419190490455	0.139808910899084	-0.119364873116644	0.127129125805084	0.414242129637907	-0.425973408520663	-0.0375956267171382	0.0273059926094582	0.641874324225615	0.15820473395143	0.0700161422065907	0.918545822223184	0.83030838940827	0.730809224514379	-0.367617748761545	0.33211351200566	0.0951684502282681
PTPRA	-0.0503587464784814	0.0428976721738879	0.102468244556473	0.0366247109787793	0.098915504832106	0.462185548163523	0.0880240091049467	0.125059065012695	1	0.382964673194046	0.146908844668139	0.110670822758761	0.100426660649194	0.11606149884985	0.109965704089704	0.120797407420361	-0.0146165335726041	0.0687189131171635	-0.0501405983610411	0.12336916006789	0.151725055352457	0.0867482993978236	-0.0387861773196914	0.108720495216632	0.150682833422386	0.360615141120424	0.189161862170135	0.201640226063762	0.118597885228678	-0.150842004447404	0.12027970204594	0.254903511296208	0.152768053404194	0.237084714689165	0.0651800162930108	-0.0607995863363728	0.0598141449137013	0.38415998515931	0.177816516383908	0.474023390572117	0.0892881622357174	0.0736742158272103	-0.0902556118565353	-0.00852893289711287	-0.123037981137861	0.0805763612127818	-0.165007041523301	0.459676072344967	0.00669266265317927	-0.211313860194579	0.427086415814273	0.249056368955559	0.182323912243317	0.429685996003745	0.237991805630565	0.218970623093274	0.0206959827376843	0.650565121992084	0.740612315225741	0.661499087558231	-0.0889998719904025	0.165957405667435	0.54943670542935	0.427709460368132	0.276961473874678	0.639585239071455	0.581525975935521	-0.0238815678981578	0.236517330947845	0.762123543670844	0.118664977808873	0.0904064506926988	0.155566569086236	0.513502788377375	-0.0559053693322454	0.616146401727642
RPSA	0.318784507358319	0.759351537467245	0.547539947434149	0.657272342292717	0.682540758800277	0.817726051017189	0.40213571739954	0.661966541075871	0.382964673194046	1	0.721306296939865	0.660486148213714	0.480694103592766	0.652676510390538	0.524774968167591	0.854141240763468	0.185193778554665	0.674116822219378	0.286354257330859	0.546699273499682	0.332050579496652	0.749456356265643	0.57489533907365	0.778795676955664	0.119272304082003	0.438118179162618	0.499524422665357	0.383335657110712	0.570519348857815	0.177316434926807	0.138100745162319	0.708602331814732	0.695161539389148	0.0724232352247057	0.639421268406728	-0.0429263873984531	0.779754450466384	-0.0177613462307746	0.551911423338745	0.609183463129186	0.560650163352782	0.394232638490861	0.19623859280354	0.711229170350275	0.0337941499875946	0.0642335271868292	0.25247880122294	0.646973114947401	0.591142261556475	-0.243115847829085	-0.064521213159248	-0.172381430460372	0.629908542823123	0.529483968547023	0.00698412154245171	0.775411458992677	0.585994456144114	-0.040007715599077	0.564243704198478	0.0123499177948557	0.167117824476436	-0.184824120995778	0.775957375244368	0.939661052367596	0.0178002876504282	0.49974287105452	0.0488487208722318	0.428041104979679	0.647970400041513	0.260539416805463	0.583402825209656	0.589746778014949	0.603496227086926	0.133043272679748	0.626907729006365	0.716721297080111
PTGER2	0.575339790802282	0.778484024458001	0.90692704278204	0.667838548311161	0.919311810621812	0.445954109246847	0.691828432013365	0.88186311606461	0.146908844668139	0.721306296939865	1	0.936690698198913	0.444337897295126	0.755489716424603	0.804563580786434	0.654653650580168	0.492209056288566	0.378207919127556	0.0955194014600989	0.677770818156707	0.712936524137349	0.874107498219213	0.47887578742421	0.814926632603246	0.458456429271085	0.182547405408555	0.820961524899205	0.528478582892079	0.835428642294122	0.387509574010042	0.624284218442405	0.41924597660491	0.639311610239771	0.387085861469488	0.879454656978916	0.197232697904026	0.593990677674051	0.171858546481444	0.50672390537085	0.439450617807045	0.763806960379682	0.669952544188438	0.169065517327575	0.679700827015605	0.00878015792313355	0.463135813477794	-0.01468341044847	0.465442620755132	0.753851967004778	-0.361019945164817	-0.427820640826596	-0.331230509861542	0.440667597214647	0.304978465774792	-0.369523236266821	0.267054050503409	0.628250150759263	-0.341260587599838	0.144818056551216	-0.341802081985977	0.0128135055038691	-0.235629348885974	0.192701697272636	0.494330001320853	-0.405619244849356	-0.0120922811176472	0.053957206609722	0.631212574017032	0.21880714343515	0.10065395958355	0.753125257099265	0.816678157999203	0.682052413740221	-0.334699888936388	0.334582688298855	0.136081862062713
CD3G	0.709563469656297	0.849515236376225	0.952600896166945	0.780510421266516	0.985994465414649	0.418695091895233	0.750121662499978	0.966734696095577	0.110670822758761	0.660486148213714	0.936690698198913	1	0.560790148463203	0.773581451776682	0.938565492588981	0.583191911410784	0.545387072110379	0.396690606576348	0.140154444077124	0.800566784583675	0.827238558168267	0.93282079020873	0.596792295309425	0.777278362985446	0.539426081197538	0.23483795154073	0.808978652027402	0.466602635366256	0.876803466710284	0.468418887339344	0.657661327044923	0.403062889056382	0.581080612642605	0.50173858118716	0.952191404300349	0.258756740602591	0.622172844389467	0.165799645341382	0.598197332122858	0.376603745007842	0.837849837974852	0.792564348015709	0.18422279507286	0.681163248139582	-0.0777353935522144	0.501403812214436	-0.0962908973414344	0.460570702086957	0.868169392899801	-0.340572590828603	-0.490578163398322	-0.241076715559865	0.409508295059331	0.272640489441242	-0.366947780440223	0.163838095643376	0.741401227801983	-0.415876753114986	0.173544955672419	-0.426278509789774	0.0466392648587886	-0.164573797161308	0.0894781169862802	0.399995458423798	-0.427342804739291	-0.0401502450267438	0.0105329519545007	0.748736167239053	0.127420870194406	0.0310206271409168	0.87685599630022	0.905559220220043	0.692227345858851	-0.383648121464676	0.279686824776652	0.056611944030829
PTGDR	0.202480732313023	0.692794412688791	0.446699459046726	0.539357347644658	0.551357868965317	0.25223009867001	0.12037840492503	0.695407762763923	0.100426660649194	0.480694103592766	0.444337897295126	0.560790148463203	1	0.500297029181499	0.597677597644725	0.516864991106219	-0.0245549051093781	0.429638243666311	0.103327044799098	0.778349810477536	0.584842749037059	0.552324028703952	0.408343077955075	0.571443385041952	0.621099674372378	0.130026171510498	0.192135185573131	0.548669932292704	0.634260777305855	0.200721826414337	-0.0126510041311444	0.276166953686747	0.555786683008209	0.383076142473568	0.562460320021184	-0.357456630774277	0.695690728416001	-0.42942969270432	0.381694435113984	0.0994906517272765	0.450903900637747	0.707735708010858	0.284479769808219	0.226214589574159	-0.0139977095731536	-0.161156927545482	0.0400923914195839	0.312540224729499	0.460227738518339	-0.332075167293971	-0.311093377910553	0.235108238247457	0.0912762336758185	0.0332742907625869	-0.20488870373399	0.283137019677656	0.589415870268908	-0.327482349201688	0.403352411599343	-0.345955291411236	0.29231020867593	-0.226165931467578	0.204537522209665	0.34370136634852	-0.316846356507124	-0.0171532187848775	-0.0384321817665506	0.234266910496162	0.130284390175448	0.237681895722688	0.718188494229008	0.392140167623857	0.46412265601714	-0.166514371737402	0.347037212597375	0.230533792194596
CD247	0.49261915804239	0.619953891881485	0.807044074745554	0.553659039371858	0.799351379784895	0.301159841381326	0.430244303973901	0.793322563871709	0.11606149884985	0.652676510390538	0.755489716424603	0.773581451776682	0.500297029181499	1	0.687964422656643	0.513471046798856	0.646810743529993	0.34036828680392	0.0277949793948509	0.67209129172103	0.69679427624774	0.902429846846018	0.295604539152439	0.752407638967827	0.535498937060498	0.00227954258658575	0.568991320883342	0.621877418980203	0.848266178188899	0.355319924715459	0.554743387675441	0.294269094008847	0.883666321967059	0.278429674149393	0.661428606343579	-0.00660035444637232	0.557970378488028	0.0741369988598311	0.256704214860464	0.286508852702619	0.505443323379625	0.745044844107055	0.115118747752969	0.40528320501996	0.0231016895621511	0.525792576723392	0.0340168734418082	0.168025162355087	0.60865727453859	-0.42040859816885	-0.511620858608235	-0.3443946219413	0.241121846918833	0.199939885627699	-0.389135638830464	0.304650995220276	0.452552005754409	-0.405656630908862	0.0271033777173781	-0.449978806813479	-0.0144840155489748	0.0946208790538008	0.198169874569769	0.479134365327649	-0.417061460636821	-0.0689190156937119	0.179583331528712	0.420464746768553	0.190792663463711	0.165697537609125	0.790043579584514	0.670482675739062	0.536200295578629	-0.40468451146999	0.389536962439415	0.166209160753826
CD2	0.748910009470785	0.777204102326569	0.886375685110744	0.807759504899631	0.919941374939301	0.3376471561306	0.815005310837854	0.937875475264227	0.109965704089704	0.524774968167591	0.804563580786434	0.938565492588981	0.597677597644725	0.687964422656643	1	0.449941403770924	0.548620673127212	0.393896859888133	0.228758346253676	0.822881119734243	0.845339213452652	0.864657238698951	0.623990913350628	0.656988545380844	0.549058930809607	0.294115901721444	0.783459676953526	0.317498789236173	0.80486682215542	0.49890163717751	0.682994590402217	0.369906072504211	0.42568278240663	0.660646486071496	0.930686184294947	0.376037319995344	0.531951326604802	0.210333723910124	0.620247848005017	0.214108438554002	0.826259965935097	0.823007842487523	0.224458098615258	0.635000262058108	-0.10554879871012	0.551525064901067	-0.133018941843895	0.383139901386854	0.89759841875122	-0.275614573809536	-0.483430021642714	-0.104472249291069	0.35040229978079	0.297647153066712	-0.27528443343295	0.0561704061235226	0.74487371053003	-0.443483360823204	0.198846397597966	-0.473346896559599	0.066981322988166	-0.0597038774625182	0.00327883274557755	0.2455462983832	-0.409314385881609	-0.0636306505809943	0.115529780906569	0.775139675114628	0.0651375123945684	0.000630168415800955	0.898249732941269	0.924380447929042	0.733400693938939	-0.392540406300488	0.236669194803015	-0.05452267806661
LRP10	0.265857499034506	0.805828605655535	0.418783322550357	0.685627726551675	0.61157486445001	0.758418183674254	0.366672864318795	0.599016080676937	0.120797407420361	0.854141240763468	0.654653650580168	0.583191911410784	0.516864991106219	0.513471046798856	0.449941403770924	1	-0.0155279551884951	0.789410985552557	0.473584217582651	0.493538392741071	0.160424286676824	0.675016321627107	0.679480872802	0.749574561847621	-0.0214360620324706	0.55367825340086	0.403637164385972	0.266795974683612	0.454354489538587	0.266369362598692	-0.0840082468230811	0.762068334816926	0.617618085964158	-0.0153468672695691	0.593536077057932	-0.014674403121675	0.883909411827474	-0.0730842121539837	0.661700119891222	0.585148674968576	0.600765140818888	0.29477930254427	0.387224740073659	0.734698136955716	0.18784727179787	-0.150459646889066	0.473211920848024	0.710282008951465	0.616290779082985	0.0272045697151473	0.0528696304489242	0.0518359361623405	0.695719211004667	0.536785478487421	0.177447535229303	0.75790825746027	0.676403904046237	-0.0924369033157361	0.46758160760742	-0.0796128249150673	0.390545514113312	-0.15812483575473	0.60937938624687	0.768837266183876	0.146287976649278	0.327370269632829	-0.103020489474505	0.439208063723511	0.708425544390703	0.0271773726074115	0.462465422545547	0.514664606709233	0.578412930914053	0.177071602976731	0.748705925768856	0.494165062933239
CD6	0.625681039691292	0.265231399399446	0.661128120673663	0.449103633470863	0.526931343463594	0.0874782047370314	0.604547210632122	0.513107336948696	-0.0146165335726041	0.185193778554665	0.492209056288566	0.545387072110379	-0.0245549051093781	0.646810743529993	0.548620673127212	-0.0155279551884951	1	0.127281397909961	0.114500524270481	0.19950394549625	0.556212350306956	0.572273909273499	0.192018465333702	0.328449108178859	0.223250537354513	-0.0267663239333506	0.520585757960656	0.12232707646389	0.456838343757419	0.515686658555603	0.755233552103487	0.114787478916511	0.3285714432863	0.273097415441248	0.55135454269583	0.382359963602898	0.108890210130346	0.409044711545967	0.151643001178207	0.158924476026424	0.226190026048853	0.565726377602913	-0.0571905162991136	0.215300383744124	0.0235062560115799	0.88321203392903	-0.116605225259063	-0.110702356447194	0.486038261692934	-0.142239705460759	-0.399355427777441	-0.417070958216473	0.113106922990108	0.245012004606663	-0.291057352172325	-0.0467290418464853	0.331043184657363	-0.324572363584407	-0.27180351752724	-0.367336304812508	-0.130281957546519	0.409792909059752	-0.135248149069976	0.0586847289466771	-0.255796430269663	-0.0619877218461091	0.0249697314702934	0.455882443043568	-0.037938609243481	-0.249360917987974	0.503897681938464	0.564278750746326	0.423476418373257	-0.412928170731639	0.040445486881556	-0.168651324207852
ITGB1	0.360234713237118	0.705594029835627	0.238643802592962	0.801103096026167	0.431667990197818	0.770988081256176	0.425869994530561	0.43733598954979	0.0687189131171635	0.674116822219378	0.378207919127556	0.396690606576348	0.429638243666311	0.34036828680392	0.393896859888133	0.789410985552557	0.127281397909961	1	0.818592378054819	0.302981363966765	0.0523025348755635	0.502371184107302	0.824885088277011	0.557352604108067	-0.232873185136891	0.742076131423023	0.199257005193335	-0.0961574892243115	0.172132760821909	0.4625631574728	-0.175863536161281	0.869462290170182	0.335158567960219	0.0250710413636514	0.514541956138982	0.163565581194163	0.808008709439939	-0.0173130251529618	0.744630947647708	0.466068277512671	0.388385672028056	0.290598762485436	0.453425935635307	0.62757591336455	0.289915714413963	-0.0739600687642535	0.572224276782151	0.602028411492973	0.618076140682052	0.312396364512348	0.216322811898105	0.230867151307828	0.693270150564519	0.771836554593196	0.456833658661333	0.81225924309834	0.75474901094657	-0.101977054549742	0.442370396446322	-0.0971533865269224	0.521940895401136	0.187725114451143	0.608856399564278	0.64563736080733	0.416032280098384	0.468167894374687	-0.227344908650423	0.500852459114522	0.805538399240218	-0.268668055890381	0.379872067758724	0.475611190804847	0.680018494263505	0.288400809800746	0.767773213430085	0.439728036204662
ITGA1	0.287559597896049	0.386846346834709	-0.00288428951438012	0.62269055330231	0.157345048624118	0.543194604774361	0.45429735219405	0.162952006807716	-0.0501405983610411	0.286354257330859	0.0955194014600989	0.140154444077124	0.103327044799098	0.0277949793948509	0.228758346253676	0.473584217582651	0.114500524270481	0.818592378054819	1	-0.010885204742662	-0.159246507034233	0.211821163650193	0.695471300248653	0.216191135867703	-0.455284585274107	0.742490074641276	0.140214053307806	-0.436014852454776	-0.143107581068541	0.387572364127936	-0.165511172660002	0.695576270267385	-0.0442421798646382	0.0159768100693978	0.304479307439971	0.432917267377643	0.472182006672786	0.215873029689801	0.60750296537974	0.23688182420251	0.181615313587367	0.00888817480615094	0.35137456527131	0.467338015226475	0.219006694208888	0.0134777536963829	0.503839826437566	0.368256400382669	0.463270520793223	0.556233798367579	0.317271340113609	0.456319130427784	0.533357560581815	0.777522100354609	0.716789272302096	0.508743028603611	0.586542078918948	-0.0850901336440125	0.243699233299576	-0.0892867824064862	0.403242498158134	0.413323419985386	0.358361450427528	0.251660756144676	0.491376088556339	0.315296627147969	-0.126226707247681	0.441101311923687	0.61840180583712	-0.505025408485249	0.137616736467	0.33310550213728	0.552354198697469	0.260986074918804	0.532492763348683	0.127359588529163
PDCD1	0.557661578712205	0.739426674037763	0.736282238491512	0.590839168781166	0.807674238209515	0.256459967229544	0.440697748564555	0.827434232271444	0.12336916006789	0.546699273499682	0.677770818156707	0.800566784583675	0.778349810477536	0.67209129172103	0.822881119734243	0.493538392741071	0.19950394549625	0.302981363966765	-0.010885204742662	1	0.760574599826277	0.79290849437386	0.475827133082252	0.59901722321501	0.706955693181701	0.149549231383983	0.478966400890631	0.507048561880581	0.852632746078101	0.273409010404813	0.403428704742404	0.269187034208982	0.542972313237489	0.467796606398386	0.7254847979834	0.00273638173040388	0.553175713802932	-0.0753837474249989	0.481386135275546	0.187167603712133	0.772219562628567	0.794801701213283	0.217314875507483	0.501429486839518	-0.16379941482562	0.177697808136352	-0.132073276743788	0.374342018121612	0.7013570288629	-0.434156856587779	-0.517937946137355	-0.0657744230072719	0.194959691698076	0.059013333465656	-0.36419778420015	0.0998572174701195	0.563861520958792	-0.399547652598376	0.269660956903692	-0.413345439950718	0.096075821420694	-0.270749027660957	0.0719211623987592	0.321871710535118	-0.467684724931927	-0.113838489461208	0.173460453133369	0.547115185955095	0.0257464281224471	0.284691821256248	0.844938755915604	0.695783103948747	0.457986247732611	-0.337650263341265	0.285568430237599	0.0920567568917891
ITGAL	0.518417398089459	0.535811495057322	0.860950879049852	0.504445882412074	0.793519864394962	0.002596620297067	0.516658540544922	0.845446508705109	0.151725055352457	0.332050579496652	0.712936524137349	0.827238558168267	0.584842749037059	0.69679427624774	0.845339213452652	0.160424286676824	0.556212350306956	0.0523025348755635	-0.159246507034233	0.760574599826277	1	0.70623346162785	0.228416032062112	0.619366843581546	0.829209364279877	-0.11244078927404	0.66183351816045	0.636146556928767	0.836187969598534	0.388601384330592	0.745367046996185	0.020910154204386	0.504901352216823	0.730059790414161	0.737511015749587	0.0959225568284734	0.312288038337785	0.0367747026170983	0.235210824263106	0.00121053500532394	0.573034858515048	0.875052679012917	0.115959892118282	0.226795242364731	-0.0751460351385473	0.588733660539071	-0.318998248394041	0.0936869249049926	0.602856090941288	-0.498625046223213	-0.601199578879042	-0.171608870306506	0.018103047596665	-0.0308221938975755	-0.569931277275366	-0.148875446504251	0.471816598446103	-0.460834320056349	0.0208194678786286	-0.515333579809823	-0.0749811353529466	-0.0677376632375399	-0.173240839505164	0.0822466688797796	-0.636836663618669	-0.270081338776592	0.157679476359242	0.488879817010418	-0.217375419953945	0.196350868639336	0.870263917509159	0.688777848143024	0.568090183273354	-0.554053164636984	-0.0258027776780658	-0.142457920826766
CD96	0.700933367223002	0.84540057450113	0.893262291526249	0.783963521119954	0.954534092457866	0.498849302358028	0.673695421415644	0.917606393090885	0.0867482993978236	0.749456356265643	0.874107498219213	0.93282079020873	0.552324028703952	0.902429846846018	0.864657238698951	0.675016321627107	0.572273909273499	0.502371184107302	0.211821163650193	0.79290849437386	0.70623346162785	1	0.615487290552928	0.791018822708847	0.444939301928792	0.275374369667121	0.706608949015544	0.439433735511116	0.868926542080576	0.456985530399899	0.553914623431899	0.495883491963277	0.727544077272467	0.327061761242569	0.872391129676973	0.211901690851605	0.694758718901753	0.161571318242493	0.581465767302669	0.433959741892659	0.784529540666345	0.758809299350552	0.200355143500983	0.707506809292803	-0.0349556544885065	0.471856061710973	0.054059371611726	0.4407280207499	0.857380804281046	-0.300201858608452	-0.462734562776233	-0.269578208721894	0.471971972520797	0.338317670855082	-0.279504357024211	0.327105341595747	0.702736492764221	-0.408699398891221	0.168518207151982	-0.426871345957091	0.0946951556512041	-0.0468899376813247	0.221772631648309	0.526613137081984	-0.331036611680683	0.0268852655502184	0.0586213588741067	0.7073646354141	0.278094798539087	0.0362026123970096	0.853228884960254	0.872864867118985	0.647683555833789	-0.322905198413497	0.46188410666285	0.166028757810713
FAS	0.673731397620436	0.830654221804254	0.436849518048449	0.909205167738725	0.635809004595949	0.726098428547413	0.669450745941818	0.574272745355127	-0.0387861773196914	0.57489533907365	0.47887578742421	0.596792295309425	0.408343077955075	0.295604539152439	0.623990913350628	0.679480872802	0.192018465333702	0.824885088277011	0.695471300248653	0.475827133082252	0.228416032062112	0.615487290552928	1	0.492811334266163	-0.115653497148822	0.780479783473355	0.361559386543377	-0.222748273479014	0.288394022886684	0.592427438859276	0.0356435857615366	0.807259609692035	0.138944647090509	0.169685607965659	0.702125908421201	0.435939678536282	0.743725359712037	0.140265552426005	0.937047536087485	0.501052902548519	0.695698879635957	0.416645362583279	0.424435591253158	0.792001136050342	0.114679720777134	0.0554879615688391	0.349809666398335	0.706401638822559	0.850362783558002	0.315021306292709	0.0658768130833631	0.142615569841248	0.727472229278658	0.600180459664289	0.303528649019389	0.485111822854569	0.896412048167853	-0.197134568784306	0.363925521809769	-0.168671409829644	0.475665183789855	0.00643787232190716	0.328022111613076	0.453674642132163	0.264999921204316	0.356459563121455	-0.326185281851474	0.819777250264661	0.564935501735234	-0.374400286295415	0.467777839389141	0.710286724541354	0.622757148620929	0.14800016627292	0.565510956317541	0.215460691393821
TNFRSF14	0.278068372993002	0.756927409163768	0.681369174602738	0.670310752092006	0.773313142322061	0.477975788413021	0.459948723770838	0.809417919631447	0.108720495216632	0.778795676955664	0.814926632603246	0.777278362985446	0.571443385041952	0.752407638967827	0.656988545380844	0.749574561847621	0.328449108178859	0.557352604108067	0.216191135867703	0.59901722321501	0.619366843581546	0.791018822708847	0.492811334266163	1	0.356135122312186	0.216097512117386	0.648530402874805	0.62997740546961	0.668756844296302	0.416044577206772	0.327610862677315	0.536124606573021	0.801019562080513	0.426062143024405	0.703083011524934	-0.00131585814509448	0.791419082910483	-0.143284852328401	0.447169592074585	0.297671183322766	0.563886232000209	0.597002706552057	0.416128107156585	0.539196224682449	0.318295986947667	0.273031635056088	0.30317664511918	0.418683568276394	0.655401108185054	-0.181169384743019	-0.23913425020262	-0.10861986230899	0.522787368514748	0.309222402523158	-0.203423603696537	0.548682057021052	0.650174216007071	-0.347529420730006	0.243208252632997	-0.381465045387143	0.31077552845074	-0.0989024986493659	0.373106916244112	0.615479414603004	-0.23539354422224	0.0530683128724525	-0.0167804232878601	0.444835524716541	0.477097849852532	0.0876227401232459	0.71706929508407	0.638929654442489	0.786486964285938	-0.184780124117649	0.563397391471911	0.280340664942857
KLRD1	0.232498977706691	0.291987574471299	0.621737186367927	0.10333958044268	0.524493847660482	-0.269996816215777	0.0911359785396148	0.570897229265723	0.150682833422386	0.119272304082003	0.458456429271085	0.539426081197538	0.621099674372378	0.535498937060498	0.549058930809607	-0.0214360620324706	0.223250537354513	-0.232873185136891	-0.455284585274107	0.706955693181701	0.829209364279877	0.444939301928792	-0.115653497148822	0.356135122312186	1	-0.379901655601863	0.331101766051264	0.753888660082152	0.76210727591732	0.0985761262817481	0.507197041924459	-0.270237582432858	0.462484644056236	0.5561542809113	0.387643405958758	-0.228239179487803	0.0897746532014174	-0.159247005569855	-0.0647110196600594	-0.150241461063095	0.36420243868471	0.755854840891293	-0.00677706049609189	-0.102771297617571	-0.176275688785834	0.275832751761614	-0.431736944222685	-0.0797571241607342	0.234127118453954	-0.6288260294148	-0.623363558050268	-0.0968778333040261	-0.313222490738402	-0.348128583402747	-0.643689481675339	-0.309613433208133	0.12529139552379	-0.40310634162377	-0.0556993729943608	-0.43985223171038	-0.172962948090066	-0.201170412756122	-0.271460160665292	-0.0705402755569337	-0.733541215113308	-0.434450995621226	0.276230102757675	0.154185907383552	-0.437485028096484	0.438612609524728	0.677403688561388	0.3487206974115	0.211433727580976	-0.565172666605608	-0.204698308142109	-0.159737476050793
CD46	0.401029883015512	0.50372146285353	0.086981188469312	0.639971204999484	0.276573675560983	0.807204161521942	0.512468180116748	0.209499035515008	0.360615141120424	0.438118179162618	0.182547405408555	0.23483795154073	0.130026171510498	0.00227954258658575	0.294115901721444	0.55367825340086	-0.0267663239333506	0.742076131423023	0.742490074641276	0.149549231383983	-0.11244078927404	0.275374369667121	0.780479783473355	0.216097512117386	-0.379901655601863	1	0.195988616750083	-0.419364266866112	-0.0692208467537883	0.381239019366811	-0.150225852797287	0.835432875049919	-0.0742560526616428	0.0641805562984822	0.353298055114476	0.464878241016044	0.508046708089927	0.436036382157463	0.860394124729539	0.634010625100201	0.434497866316383	0.0462737068215344	0.38993985614293	0.58026217220334	0.159027949894765	-0.0644312797866778	0.423866785074318	0.813564142290184	0.555377888759126	0.502306767587322	0.582274478865006	0.42925029835575	0.737868730669198	0.792459547142432	0.721977974768324	0.495835982382099	0.620136408209522	0.342835542414755	0.615271268416554	0.345770773500768	0.470903803866831	0.278721118329274	0.499228841047499	0.418111081210594	0.683705424322415	0.660508170583533	0.0213356541420822	0.582776165192691	0.694248172266582	-0.106268169216843	0.106307457757283	0.428246455221262	0.43482643324634	0.62125261593361	0.498038168216254	0.376895201411299
LAG3	0.483200595757801	0.529669799204824	0.779324583854856	0.567777085152694	0.767610956572754	0.301741904836296	0.795819268088929	0.747322897026866	0.189161862170135	0.499524422665357	0.820961524899205	0.808978652027402	0.192135185573131	0.568991320883342	0.783459676953526	0.403637164385972	0.520585757960656	0.199257005193335	0.140214053307806	0.478966400890631	0.66183351816045	0.706608949015544	0.361559386543377	0.648530402874805	0.331101766051264	0.195988616750083	1	0.339066609004258	0.617901219069049	0.238808344555073	0.787888247784028	0.243929788779491	0.406447335971889	0.589513354167595	0.763853193722369	0.447022312594424	0.317232174815992	0.384702873147052	0.385368929977628	0.18809860003727	0.65166833468257	0.447965993944507	0.0445290366583575	0.609942458368217	-0.108888526100876	0.657647164065145	-0.166921317765223	0.308126183747133	0.673796953397247	-0.303389206250874	-0.349570220294071	-0.245479470387638	0.378419708081576	0.319740859896911	-0.254788738317212	0.0378899853807021	0.458325309054281	-0.238735959719601	0.139935330069979	-0.296243312801275	-0.163246698207011	-0.0945276226163754	0.054435119590407	0.242727018793082	-0.388576988752169	-0.0620300019605789	0.264681158225565	0.601295533612578	0.0662546279716032	0.0743566964115452	0.686608114134084	0.804155814217399	0.685288858879714	-0.319009367941218	0.118818757208804	-0.0562246689971075
CRTAM	-0.146880194157923	0.296085043569754	0.489202731665538	0.0288159593528796	0.436841944171166	-0.0839697536112992	-0.11812944429591	0.530509553068262	0.201640226063762	0.383335657110712	0.528478582892079	0.466602635366256	0.548669932292704	0.621877418980203	0.317498789236173	0.266795974683612	0.12232707646389	-0.0961574892243115	-0.436014852454776	0.507048561880581	0.636146556928767	0.439433735511116	-0.222748273479014	0.62997740546961	0.753888660082152	-0.419364266866112	0.339066609004258	1	0.675838647779507	-0.0562780684653092	0.295646685697553	-0.138368899833488	0.78808991526087	0.332638601185651	0.281102121185337	-0.505068410490859	0.32058424715145	-0.356552040023064	-0.20027076517851	-0.0247965530746342	0.169182234370683	0.505696430472681	0.0364196048657021	-0.105665930304589	0.0578811307115912	0.117949576335398	-0.138934454086764	-0.0234568676430295	0.063463417247915	-0.613822923645073	-0.427383506479831	-0.155401476664141	-0.134768832896003	-0.266120227031914	-0.581975195103928	0.0966032154778767	0.0619227932112117	-0.250491400946097	0.0572083275482011	-0.291701358103705	-0.0702291199155746	-0.230831114327611	0.0769920651682966	0.272591046412787	-0.601808967587761	-0.278115708960229	0.209590163891897	-0.119965632296925	-0.09703437956408	0.522373351262647	0.556188312276191	0.156275760036804	0.256487877473973	-0.383005192401319	0.0470145510636777	0.150598955884514
