""	CD69	PTPRC	CD44	LAG3	ITGA4	IL2RG	SIGIRR	CCR5	CXCR6	IFITM1	ITGAL	PTGER4	CTLA4	CD47	CD2	CD3D	TNFRSF1B	CD27	CD6	CD226	CD82	CXCR4	CRTAM	ADRB2	ITGB2	CD46	CD28	CD3G	CXCR3	S1PR4	CD96	ITGB1	C1QBP	F2R	TSPAN5	CD81	CD8B	SPN	SLC1A5	CD8A	CD4	ADGRE5	TIGIT	CD7	RACK1	SELL	TNFRSF25	KLRD1	TNFRSF1A	ICOS	SORL1	CD247	PTPRJ	TFRC	PTGDR	TSPAN14	JMJD6	CLEC2D	IL2RA	HAVCR2	SIRPG	TRADD	CD5	SLC16A7	TNFRSF14	FAS	CCR6	IGF2R	TNFRSF9	PDCD1	PILRB	HLA.DPB1	JAML	VSIR	SMAP1	PTGER2	ATP5F1B	KLRB1	LPP	CD74	PTPRA	ADCY7	LRP10	RPSA	CANX	CD63	STX4	HLA.DPA1	LAMP1	NCL	APLP2	PTPRZ1
CD69	1	0.653639976208492	0.748036438127364	0.258893401678274	0.613385377341876	0.777105311115528	0.828799366396144	0.0754958292226507	0.496163050181421	0.889571691675633	0.542085742432049	0.897902841542594	0.493909489600324	0.838181537766901	0.695900891450257	0.803189666875603	0.587843797875815	0.470801016574531	0.85101445188225	0.819939775504036	0.750936238308942	0.907747644243663	0.0636313577784003	0.13901233552978	0.619269270744471	0.667869485537335	0.707750019143427	0.836887586786947	0.357433641641785	0.865896919227834	0.761330395020733	0.767129819480865	0.803457219262158	0.149339233479291	0.693002696708155	0.34468060597787	-0.0278147754005161	0.742060718931472	0.673528914773586	-0.0861012598602348	0.692565870967233	0.634271061041584	0.397078599086864	0.756407475038212	0.90175294100204	0.715234686273414	0.816308924603603	0.138095495748588	0.471838176202488	0.598179731197027	0.662412501279384	0.802290298744731	0.365337704229167	0.573229161524044	-0.161153906307478	0.747015059439017	0.35745162890856	0.722807537157797	0.498873335311235	0.428091726714812	0.625995710323043	0.853569847259943	0.774562096744356	0.680278146778504	0.789683358207715	0.636745292652112	0.74477894025205	0.526952610896506	0.425667617213938	0.604469283134527	0.171330578163075	0.311711043056694	0.633232130382376	0.81675000201786	0.826909282613462	0.732427519671215	0.748246014075742	0.816025656226288	0.55817294285569	0.363093636221513	0.690514752230911	0.566575348902025	0.778440457121835	0.891763125802347	0.658342825578401	0.38037017310532	0.623399051048701	0.303977419929974	0.74599306587212	0.736324720362088	0.247404607097058	-0.137345915254436
PTPRC	0.653639976208492	1	0.939087277049369	0.654982218970143	0.887894858680321	0.822830641198927	0.736650782694524	0.575283779553444	0.634664445371779	0.559085277319155	0.89035172518679	0.614895939663768	0.560318973826156	0.787767357975622	0.856336417978425	0.815953458566239	0.777780727690649	0.779144878580887	0.67196332908215	0.589641899472946	0.772473096138889	0.768751453893097	0.401598573248853	0.471955529663659	0.777024125983197	0.786867371254466	0.803464655005783	0.88467248403867	0.620231823094398	0.666223213387921	0.873618839373056	0.757103999631465	0.518783721078899	0.557112586202535	0.814788413336323	0.615311576525479	0.247055262882342	0.821325218801059	0.581944988397103	0.265562843696202	0.607723972895698	0.871693313316191	0.66892736592014	0.712838747485672	0.614764626328405	0.308980032256289	0.483144952066558	0.252111687998769	0.546748436717605	0.640636001903137	0.562488738844225	0.80252883154885	0.748754336011592	0.734440526793978	0.22690538219942	0.816109050575466	0.628880061396027	0.878694251261839	0.561292143563648	0.706646662283981	0.721415240768108	0.424730579575204	0.692928717770565	0.798217075093904	0.809401939328062	0.744232632093353	0.611579359935187	0.795293023792563	0.690753644970302	0.551649702622143	0.570108137844787	0.575979896398919	0.745360202180463	0.523087523571944	0.67950745131602	0.268179340839579	0.638696372548178	0.365022815436428	0.734286568859761	0.509486565223782	0.842418121495882	0.800103858755277	0.768491888061051	0.514088355486554	0.652326973622321	0.450427730228574	0.817095220959918	0.47675056082343	0.711889550347484	0.878598248634893	0.378229656411054	-0.0433621341784629
CD44	0.748036438127364	0.939087277049369	1	0.58152233871676	0.822947993782345	0.801277081896275	0.779131639680899	0.497408040149107	0.543710707150312	0.648632348540537	0.851449622917589	0.719415945610642	0.483491017028968	0.840319546997517	0.810740027518391	0.808698928904921	0.714964374375836	0.711051065637437	0.703528520129354	0.629485222878851	0.781059386611894	0.836550472986953	0.383829811217142	0.472961704949892	0.770272109770321	0.799019157075331	0.779885618882009	0.895409248848048	0.575471568182801	0.716674614648909	0.862803900926345	0.805163147698188	0.618396812092392	0.529669421554759	0.799279653082041	0.634288434783009	0.23509642461442	0.823831445901503	0.625454228588327	0.246208608599124	0.606523793065445	0.870139880475205	0.563883480114942	0.701415890282541	0.708629235377451	0.427361058269161	0.526982908769546	0.246692448437842	0.572397342367896	0.59375913961157	0.6350909862467	0.792353264215709	0.673629787436199	0.736931957742478	0.164324784588584	0.820247467424886	0.621784666380444	0.85621279481012	0.498753970928694	0.654823115548612	0.661359892605468	0.52927910141877	0.700297524655019	0.844350717944604	0.820250764552665	0.714874637634451	0.611079705436645	0.778081395114766	0.595268151845424	0.512979281463654	0.526301807261414	0.580073124841969	0.750947346359859	0.599127365530636	0.714089784834694	0.403327711801125	0.682353819931525	0.439668369889507	0.73734382301707	0.535592149858334	0.835056488631841	0.77745708295637	0.775808045378013	0.61984316321197	0.699829812750661	0.477010414452237	0.823187230766737	0.494073984081603	0.754114020772624	0.890156413343375	0.411356523436804	-0.0514071631592371
LAG3	0.258893401678274	0.654982218970143	0.58152233871676	1	0.511346788936433	0.585223368617785	0.500398421881055	0.620141062229826	0.553775914197438	0.263214990466064	0.683066291699867	0.19618251671207	0.329893590998689	0.431386277014617	0.663328618634111	0.599568949489038	0.488611539099206	0.700800033011881	0.389322853580148	0.125185811154902	0.485049340939252	0.502062313044807	0.547637913194065	0.476403694225607	0.627019241959462	0.40648740679891	0.375211790981299	0.579570511415281	0.710516028942242	0.318202235380012	0.616683548006053	0.402642794983475	0.227424473696766	0.593980760185475	0.546751369894864	0.691838713819103	0.526243672625042	0.528434432110085	0.388679964648813	0.5501676839015	0.232700101337772	0.683085088109913	0.437647389533675	0.478896193770197	0.246971942937335	-0.115214542537442	0.11390487366636	0.418692934238092	0.519174628786981	0.356301125400347	0.198034562331144	0.559091090954122	0.513326062269488	0.352766207572144	0.386438988032014	0.4312882736273	0.698808539851557	0.438860372705846	0.296323726755269	0.561412457604206	0.454307091866982	0.0187130844488319	0.333319092767097	0.375985464270621	0.497481980241907	0.438723473383473	0.153216676583092	0.496718992120948	0.433966118807792	0.461744389150804	0.5603887655055	0.563981401833678	0.597314578321308	0.207088501311721	0.362934044276954	-0.0861491292995769	0.461782381014449	0.0486539069561788	0.42666344426508	0.429931302165096	0.461540526742244	0.49497900327631	0.41445943164859	0.149574627804749	0.398693618891548	0.354515571915302	0.556725359072126	0.42556585164697	0.440919163227867	0.462470807523725	0.252361720821625	-0.00672992481817683
ITGA4	0.613385377341876	0.887894858680321	0.822947993782345	0.511346788936433	1	0.835043561114843	0.701733494412285	0.441429989665193	0.722189912510466	0.493906774762919	0.795331845726649	0.50495198386569	0.722396164964399	0.701796811795064	0.838453501704563	0.788617643937883	0.859703259143503	0.74069231384818	0.632316186158697	0.660110871191224	0.770760194180491	0.658219787649357	0.15914673993685	0.246083736694193	0.730715222488534	0.749891532162987	0.849156475775611	0.803500746901825	0.543998114756285	0.690567687678808	0.799659219797201	0.728024996516265	0.503924159587236	0.403503598863184	0.80892141134765	0.442275730513502	0.0157810192418165	0.777239830280593	0.598551807544556	0.0102438906303222	0.724244483313195	0.736597368304351	0.76853479534629	0.746416266892348	0.580539117874598	0.269016140381358	0.580448387878326	0.118752488549712	0.52246301870699	0.742745188578909	0.522260007052802	0.786034660506131	0.779152612117458	0.768992657721511	0.0695874884748184	0.819744041884356	0.415984284453374	0.881969802911215	0.718018177437045	0.741248281414283	0.819634959412558	0.449516868657295	0.733734263540827	0.700033492651047	0.808657845763125	0.797568772290051	0.722796493162398	0.767001667039409	0.769818429887893	0.642629341190857	0.37140315873214	0.476555129690752	0.74412637348063	0.539294870077407	0.713442646404363	0.257288719347808	0.634710765306066	0.439708623634065	0.743338279851599	0.476857032871893	0.859076931805244	0.729901645630998	0.760083398461711	0.478552075574248	0.627623072627429	0.477014050846416	0.757617228629606	0.438877089006884	0.689681110653152	0.816860850323625	0.399670136686363	-0.0166911989425487
IL2RG	0.777105311115528	0.822830641198927	0.801277081896275	0.585223368617785	0.835043561114843	1	0.891669309614544	0.369353313227327	0.821248760643717	0.700891145428693	0.78613072488958	0.619294237798348	0.784376312566875	0.785961480851549	0.929062928873518	0.948842103525674	0.888354552595986	0.796515000537936	0.827539286331966	0.741769968528581	0.899163654728299	0.807008759322447	0.136626277365235	0.173276151919027	0.830163623275393	0.710855402079835	0.844671168634582	0.897384770011999	0.635482077326944	0.818381660001721	0.861261494246657	0.791097687412167	0.70670140402678	0.338256302215021	0.878560586775138	0.504048517955396	0.0347170993809118	0.837579572308058	0.752282123304278	0.00374675616881238	0.80327121422882	0.734807311088984	0.733423896708592	0.896495718879993	0.761998030982868	0.391351750820041	0.758457560031577	0.155634604392679	0.665508556119159	0.811868474039314	0.583106110846024	0.90936589614884	0.695896696999775	0.719212934507788	-0.0410083908337949	0.859054529426109	0.469016610529324	0.833481986527381	0.751636602881863	0.770699621208725	0.883645417657531	0.638175993014369	0.855577896026862	0.650359127177607	0.898860706431696	0.835092628243749	0.7884385732545	0.671743003067088	0.749589575163515	0.815321326440536	0.290232721578634	0.524265123333363	0.79515603356263	0.73815256331337	0.859733488516063	0.395177778337713	0.827173642580544	0.661009492073632	0.747244174001112	0.5427299401235	0.819058395977696	0.711368280402412	0.87343644691819	0.680118241315871	0.731567896779836	0.539971074242232	0.758757985867155	0.495990983612526	0.803586722865795	0.790380699265967	0.396367747175546	-0.0628843233288683
SIGIRR	0.828799366396144	0.736650782694524	0.779131639680899	0.500398421881055	0.701733494412285	0.891669309614544	1	0.287488059979747	0.661479466307402	0.805419548432407	0.699592961549767	0.725543901524737	0.640364287794488	0.789743409839982	0.839440952756919	0.906145385897629	0.752076741342166	0.694334219948354	0.818777937821109	0.719515790815459	0.842811982739749	0.84727310114009	0.154063492655727	0.176743776498188	0.761217042572901	0.688049884985428	0.760193829874847	0.878913153811264	0.569451285269314	0.847688192642469	0.802919735660355	0.800256373919903	0.784447203922008	0.306887917864065	0.787967894909126	0.490159189174051	0.0510964315154132	0.771195367101804	0.709818919364574	0.00451501166574737	0.740992366336279	0.69325764813468	0.587362724168438	0.851916163839792	0.852947322760791	0.526044338208437	0.757151811538511	0.150176770946221	0.63863607636557	0.725453081560002	0.596233725520868	0.852144887198111	0.53681700562019	0.635209093435227	-0.0669662621484389	0.813050668047263	0.467746769125107	0.745433800373972	0.621604698028261	0.610570867456768	0.769730786655059	0.729576953833238	0.833952004359848	0.633495926143018	0.885581420947445	0.748603961626593	0.738381343156525	0.611876039214206	0.595823901257013	0.73521181603629	0.235282657577204	0.482236194758429	0.726240644853232	0.793481921549133	0.856588798633531	0.541751453144279	0.829530660552395	0.705060610328267	0.680422391081779	0.510865619962383	0.755162166181802	0.642906475409004	0.828627485820262	0.793423112033283	0.723514341567082	0.504542421510891	0.710045691718421	0.46113954517759	0.797374886654623	0.757994521364382	0.372936417498666	-0.095579894872372
CCR5	0.0754958292226507	0.575283779553444	0.497408040149107	0.620141062229826	0.441429989665193	0.369353313227327	0.287488059979747	1	0.4350020925887	0.02903641859571	0.673137877289727	0.0512627924704797	0.0690508248259636	0.271679001063378	0.521619081097696	0.402990658398385	0.288585983464163	0.554915291386859	0.231595401161695	-0.096467142721929	0.301783761386948	0.318004103787405	0.641492558909388	0.625144183385421	0.519616577215757	0.205402581442447	0.222429522959433	0.442342619447181	0.59668206413148	0.0825330435180405	0.543856914519013	0.196101407387675	-0.0505570385371023	0.720555818294474	0.463165012565372	0.603945984514336	0.63733846546878	0.40798449830238	0.160435595924124	0.689099422805474	0.000308818203319036	0.615105540344087	0.276279735141256	0.161989846205998	-0.0103251376435588	-0.318215918008976	-0.11757921093321	0.39717965062359	0.334343142357075	0.0876432880323382	0.0122750019244524	0.388203576466394	0.438575849124482	0.270776608781869	0.618949001500373	0.264590451701064	0.598356808678599	0.317289799077012	0.0515023096496674	0.404014718043313	0.281005405590494	-0.184936821525598	0.15005123651157	0.285304378084851	0.301446373711148	0.251434412857643	-0.0218769508748886	0.377636958813892	0.31116788669343	0.244500484034922	0.608866591678903	0.44457516285204	0.455341392312686	-0.0886554947661082	0.139928340562349	-0.248040348042538	0.155579760541597	-0.161498814741428	0.252903271047097	0.251025351146937	0.336894404422576	0.421831042554432	0.219305888053383	-0.106228546973023	0.167919596724171	0.135135823308169	0.396116714119172	0.290919642013285	0.190174675175146	0.331155489385608	0.0561086534930379	-0.0763738034887273
CXCR6	0.496163050181421	0.634664445371779	0.543710707150312	0.553775914197438	0.722189912510466	0.821248760643717	0.661479466307402	0.4350020925887	1	0.370666100482921	0.644254676330683	0.26439938795597	0.77062534613137	0.511839634972155	0.866455524112118	0.798240574965294	0.785549615709898	0.744510563167884	0.659570081876265	0.486584461307112	0.685611740967964	0.548326297480804	0.0972106394518277	0.0786508132224409	0.690445897662586	0.466036856893361	0.661792164141911	0.681971312402415	0.61931201544407	0.565319258329126	0.71276633095825	0.455869827511543	0.360177930829687	0.256112963765794	0.750688631445568	0.351916648300623	0.046695647511403	0.670902746791955	0.506784652349149	0.0205990525115053	0.633318635624572	0.542555447381995	0.717699735871436	0.684649346440748	0.416172498020529	0.0188637506810503	0.549771483911504	0.086398406072644	0.489152388427776	0.705206269825124	0.251234662447767	0.726934049251572	0.624829964920699	0.539460668475277	0.0230601301189415	0.600916897760176	0.347837076425031	0.622210251974515	0.66300396814402	0.708189511430864	0.819233086896309	0.3330594935273	0.651212813664229	0.353263994007131	0.690882460397447	0.707339490289737	0.60570061937519	0.484637144393239	0.684118533659352	0.814049439198922	0.17529508594192	0.39430763849061	0.673700817263398	0.438231219677238	0.634763872823764	0.0756466713865227	0.564307776035316	0.472953388044712	0.52010713941374	0.360290924115547	0.640918110041513	0.476014997674539	0.605538006137169	0.328718030933616	0.434623622964523	0.353146674173374	0.521845886437631	0.361472628976389	0.545038674661613	0.505832923889917	0.209011267450835	-0.0667015639371254
IFITM1	0.889571691675633	0.559085277319155	0.648632348540537	0.263214990466064	0.493906774762919	0.700891145428693	0.805419548432407	0.02903641859571	0.370666100482921	1	0.469123691184857	0.875494758519629	0.387953040643612	0.790040192995313	0.599497269514395	0.74549345660838	0.471406760562245	0.388680572365396	0.777765466548535	0.741836918152012	0.690863345777964	0.839685889689238	0.0438793885105828	0.103284987390738	0.588533297456105	0.617077786697294	0.626736153656368	0.760820282428657	0.344182910823723	0.835419511267949	0.65668012984205	0.772743442858015	0.873785769148209	0.164821323318919	0.595793202468174	0.398313111141215	0.0083556599963707	0.653034254091376	0.634402320845665	-0.0586596528564844	0.618465614625092	0.572958672857178	0.276032840581871	0.74045223383794	0.928364382331667	0.759025202697694	0.755596637162	0.210374099740171	0.51835517535122	0.517576868976006	0.645573196574863	0.749490586961907	0.258277552276003	0.473388352829011	-0.144624984339592	0.693202539042953	0.354459790807308	0.598067144894333	0.405987703169036	0.365855241937362	0.513816859449565	0.85871995394683	0.711147619178539	0.617999256248293	0.741363078865182	0.525888675237134	0.640376524788846	0.467514566018758	0.301895019276147	0.535919713026942	0.148911782301437	0.323845975640795	0.542963807250925	0.836940755365005	0.804305161991903	0.761728037168265	0.781943580949274	0.790427760319298	0.533805329181433	0.379423130018491	0.603135295717394	0.4844883605104	0.730733952399456	0.930236774904215	0.690503614110895	0.431177150001093	0.581056288222598	0.311920396311998	0.739230303852305	0.694688449056567	0.289937555262109	-0.108888238378294
ITGAL	0.542085742432049	0.89035172518679	0.851449622917589	0.683066291699867	0.795331845726649	0.78613072488958	0.699592961549767	0.673137877289727	0.644254676330683	0.469123691184857	1	0.469680000609843	0.477776416961503	0.678892862163582	0.816605094454708	0.76083719491995	0.712080675735896	0.767151709264646	0.627998937883606	0.44628895897008	0.726033723969552	0.698682400526367	0.447612166791521	0.491778881646104	0.785705675522514	0.630976468489626	0.676511045396454	0.821150212739864	0.668270996921081	0.554180711149212	0.828854180270534	0.658367636984763	0.436546026042215	0.639593776131731	0.811786463928736	0.656013117220804	0.34763877471833	0.764303498808144	0.534928757227499	0.375095303573524	0.512147465941955	0.850744477784493	0.597925432368372	0.648117475622691	0.502545122171081	0.146816565806557	0.39635316834784	0.350433813181418	0.555656475847496	0.538550329216611	0.476732774093711	0.756652587159197	0.706418982328692	0.633999209697501	0.32659758765766	0.720666271295942	0.649933781470917	0.760239003551881	0.463369825355499	0.689723125227774	0.665012379946487	0.30858205581622	0.623979068568867	0.699863573965233	0.741739704571829	0.662226186780657	0.492764270953446	0.718646769400661	0.641003817434697	0.542731188730245	0.603495889692783	0.583162718324374	0.762371561223352	0.442562990580276	0.602533273324794	0.161350442758875	0.594299540821121	0.297463205266434	0.66278433456032	0.499863424996124	0.749712306640385	0.737256394312053	0.709162668684406	0.402501944506524	0.586096554547903	0.444012268963846	0.751473283395663	0.470874468991874	0.634854686260046	0.745298850108887	0.332716682698098	-0.0360549689058226
PTGER4	0.897902841542594	0.614895939663768	0.719415945610642	0.19618251671207	0.50495198386569	0.619294237798348	0.725543901524737	0.0512627924704797	0.26439938795597	0.875494758519629	0.469680000609843	1	0.278569837467351	0.789016873327861	0.532380543359593	0.656637883650174	0.419945190805259	0.299619849096682	0.736896485455389	0.760162805112404	0.648287595567783	0.839791683495036	0.129180206823705	0.244850903050977	0.518898738699959	0.660737259424686	0.601822945176645	0.752360743331218	0.240375571389262	0.754828450437154	0.681374663180081	0.762329552729563	0.790343146426034	0.184728124511743	0.556016431410294	0.375538369778494	0.0260989848872223	0.675734477228162	0.566810189113822	-0.020774151148625	0.562130765089531	0.623412260805709	0.209017955306178	0.632732697040304	0.869931793935588	0.76758009805001	0.686090887987212	0.194084369483278	0.401475924381913	0.425918720521824	0.676122330613052	0.682903165840052	0.257169506640099	0.508847005239508	-0.0681667526559658	0.685897764147274	0.367742255363514	0.642502838174909	0.314057280227774	0.308289096832089	0.4361987815642	0.803068633191246	0.634387309801476	0.696537926143469	0.68715990536605	0.479896632005651	0.616269978241745	0.522930193450827	0.266851043266653	0.386976253341449	0.245422419776715	0.289792790484152	0.520077840426588	0.755684563602249	0.721560385591	0.752669950273122	0.675248233656585	0.714011524951734	0.520119881782341	0.338850860226797	0.615228361731118	0.559688623876646	0.698123816609307	0.87856085726785	0.652762590676566	0.369295141654701	0.605490999856617	0.274205551280228	0.691639847301487	0.734490916906487	0.278938909090928	-0.108555338757783
CTLA4	0.493909489600324	0.560318973826156	0.483491017028968	0.329893590998689	0.722396164964399	0.784376312566875	0.640364287794488	0.0690508248259636	0.77062534613137	0.387953040643612	0.477776416961503	0.278569837467351	1	0.494850979473557	0.714037768006433	0.70702137954838	0.912587592768836	0.683308835153029	0.540232687560758	0.676578988016679	0.722506231590662	0.427440139922825	-0.277279445612457	-0.204526500554726	0.567507318724701	0.609095547779355	0.793719997926948	0.582227137217452	0.399770619745142	0.660291424588592	0.549013000719266	0.555393438902114	0.500198940215317	-0.0596472995307974	0.640244598456745	0.100077883150026	-0.383013320459314	0.55485055378432	0.603662943067778	-0.423463691563568	0.853303607157945	0.333499303364924	0.886948189104088	0.822431021990363	0.542128036281425	0.30754473751507	0.72194996972188	-0.203948245210645	0.435272626979563	0.92259986690487	0.424442076659623	0.645451720853363	0.66824963120137	0.659571774176416	-0.317106637132232	0.721895965141956	0.0296233608914514	0.727328248028245	0.93098131403833	0.716978683826684	0.908735198761575	0.522260463336271	0.717013272039048	0.404374744205822	0.720227395330569	0.83300517593151	0.814686351300845	0.530961394469645	0.84889894588566	0.774667291126903	-0.111501193239286	0.297464200722776	0.539489275690766	0.598564893377452	0.709071352062704	0.255631197322636	0.614039437860479	0.511438306894124	0.650383304913171	0.410416011702719	0.691405270123467	0.52793517350543	0.719258658437989	0.461722926805288	0.539268494018784	0.457044767511442	0.513020938373677	0.359780186685217	0.594506370003024	0.556142274393953	0.397380032632953	0.029738928031446
CD47	0.838181537766901	0.787767357975622	0.840319546997517	0.431386277014617	0.701796811795064	0.785961480851549	0.789743409839982	0.271679001063378	0.511839634972155	0.790040192995313	0.678892862163582	0.789016873327861	0.494850979473557	1	0.73712534967592	0.799842909118079	0.655120746683551	0.598440735994392	0.762449925367419	0.726839271576607	0.760324469664357	0.856616659122412	0.219307084721997	0.27208280798145	0.718303157977098	0.758726463479494	0.741957717340528	0.857048894138228	0.511451871087551	0.800968986210921	0.792815042352171	0.821550373792893	0.759279155226562	0.350279799216741	0.727937747396005	0.582827859945483	0.116042024779512	0.763111630524197	0.690355247933116	0.0932587663456191	0.64538414293823	0.770403477357879	0.479825058832626	0.737977364214251	0.819904545768714	0.585187560577509	0.653013434212257	0.233823762722805	0.611401701809595	0.615321724181515	0.690032361549491	0.803904701412409	0.535355910467258	0.664932172945766	0.0350598261122597	0.800317345777093	0.486554003653247	0.772178810054652	0.509643878409924	0.57389710720251	0.63269997040808	0.694836169157196	0.705998332425212	0.781135997310345	0.793199262186867	0.664838345385025	0.658356261156748	0.648954065100569	0.50561382891085	0.551524083375642	0.358969526405296	0.524280942866864	0.668421976164513	0.705843396214894	0.797905189020176	0.56291601297815	0.760361582850842	0.597497504578519	0.712869036198543	0.525004612788988	0.774564557998474	0.659112418143641	0.783295347069207	0.767867951630441	0.714778339750684	0.548834716421589	0.775782624679732	0.478385214932349	0.802336324654344	0.840991240290603	0.440730722234854	0.0555208846806024
CD2	0.695900891450257	0.856336417978425	0.810740027518391	0.663328618634111	0.838453501704563	0.929062928873518	0.839440952756919	0.521619081097696	0.866455524112118	0.599497269514395	0.816605094454708	0.532380543359593	0.714037768006433	0.73712534967592	1	0.950906067372213	0.819794859272831	0.85952773549311	0.775240740483459	0.584795469009987	0.826099832107377	0.785441343024989	0.260853678712717	0.244953705155791	0.828838605401346	0.669045019237278	0.779080100117567	0.906758429791894	0.734180941589917	0.736171648640456	0.882271754888522	0.678797520674161	0.563408762765453	0.424136397195005	0.864054002880499	0.542944003721896	0.187383755260514	0.834539187610632	0.600569685339846	0.172805551636242	0.676907086680481	0.767005993681707	0.705542247941505	0.784415195794464	0.644602448530153	0.249499871940175	0.619076880480817	0.16795644469416	0.576306958098291	0.741181137399026	0.416701723054548	0.87524618687766	0.67112529349815	0.656058355756417	0.0661609999668745	0.756939191408819	0.555327836871952	0.795869195252243	0.655615389994895	0.7365030161185	0.838854954324393	0.487543260555506	0.787703246138811	0.608622006055496	0.857627901973963	0.800834577429942	0.657667063118231	0.660042866547719	0.699012993861516	0.800229454756695	0.365629625189079	0.511267655483602	0.78808706294608	0.575063535869019	0.767062964410043	0.248083072212592	0.719299604446244	0.529562521430686	0.653426647638371	0.454118599263275	0.789436403356718	0.651655657069295	0.74114791313872	0.547334521922605	0.605945125730086	0.413986504472672	0.727418410199531	0.433680580966892	0.703774008247836	0.742657268597302	0.276534717758774	-0.105555588351655
CD3D	0.803189666875603	0.815953458566239	0.808698928904921	0.599568949489038	0.788617643937883	0.948842103525674	0.906145385897629	0.402990658398385	0.798240574965294	0.74549345660838	0.76083719491995	0.656637883650174	0.70702137954838	0.799842909118079	0.950906067372213	1	0.809225455658824	0.830320820638716	0.82234236117418	0.664145638921257	0.851786189126931	0.867895355835177	0.217306202147411	0.203416575564268	0.82260475264033	0.687008777896546	0.790350397905904	0.93988791483698	0.703614546387609	0.843710435865084	0.873884536610313	0.736376083347751	0.691075938582209	0.334499515012986	0.855160252112394	0.524169102477117	0.153794017188684	0.83070241598276	0.671354179295018	0.104147952223805	0.720565703825141	0.743760420168901	0.680233618905138	0.853945784918637	0.781800612255958	0.422770167558286	0.717786127600058	0.163872048732965	0.609548953779368	0.762726841898402	0.509627989029693	0.914841874037624	0.60576737093885	0.641118484631189	-0.0273335275108677	0.791274727233655	0.541243382738658	0.793400735929422	0.65586481832758	0.693695347063269	0.836448493325369	0.646572788202999	0.830888372862138	0.617517612501922	0.903811497346401	0.800292061185622	0.714364137789589	0.625816951620839	0.667690990014368	0.798136064341107	0.276081037958312	0.497247342705694	0.755975020244749	0.695319669356644	0.844517897059826	0.424588524741403	0.793514523808453	0.633520045951496	0.656426956717804	0.465982136001118	0.780746897061431	0.644979917855828	0.807618923136858	0.703564993538125	0.65106513940798	0.444153875540071	0.722049173871914	0.440146402947713	0.75817233479928	0.756040089902175	0.283734893589176	-0.118356411906212
TNFRSF1B	0.587843797875815	0.777780727690649	0.714964374375836	0.488611539099206	0.859703259143503	0.888354552595986	0.752076741342166	0.288585983464163	0.785549615709898	0.471406760562245	0.712080675735896	0.419945190805259	0.912587592768836	0.655120746683551	0.819794859272831	0.809225455658824	1	0.793293702120745	0.639635518666406	0.700809357820045	0.825650336800922	0.599989212450123	-0.0159860164920222	0.0526741062239079	0.714628662900172	0.72730356889616	0.87809143801569	0.743657687605201	0.516714358885386	0.731891882461082	0.717090676260313	0.711938592560004	0.548705721207608	0.206910632803093	0.78878733084796	0.336293375544422	-0.170954455522119	0.71067192041322	0.702786014378169	-0.190358970588122	0.851896500616262	0.586245408420059	0.914184724492514	0.87167544816701	0.613649893619127	0.303963027171427	0.693036085587486	-0.0271911964237584	0.591027903823151	0.907272316584803	0.552526217910382	0.772348665386193	0.820791291274539	0.780799970247773	-0.121607594235568	0.849792711701433	0.29956303151158	0.851660515792499	0.892669699446728	0.824070238161522	0.938639428491619	0.525165050333236	0.779243642970827	0.606684218645198	0.828724192110933	0.87880014376216	0.833899599289736	0.695891817291031	0.899944698062408	0.7472294892401	0.160532462367328	0.4913344038411	0.692493093668944	0.628198400803067	0.766008339348071	0.282148218961604	0.699123192250383	0.492673830432492	0.785755493823982	0.545814362550425	0.826409613578002	0.706584558289244	0.849097012729092	0.512876703212413	0.6546770216404	0.551690963436113	0.705459670434544	0.504563136496911	0.720643361387485	0.740042582476155	0.48532861417832	0.0285957077181594
CD27	0.470801016574531	0.779144878580887	0.711051065637437	0.700800033011881	0.74069231384818	0.796515000537936	0.694334219948354	0.554915291386859	0.744510563167884	0.388680572365396	0.767151709264646	0.299619849096682	0.683308835153029	0.598440735994392	0.85952773549311	0.830320820638716	0.793293702120745	1	0.486545920031543	0.357752909965385	0.669954658788637	0.641139434371432	0.338255700641793	0.258562500034851	0.740768438935243	0.549999605978299	0.650352657807845	0.776054277510551	0.787240184777825	0.594124020897703	0.717035096277343	0.500778291486912	0.364509427267461	0.379915933647466	0.75127753980621	0.524068420647546	0.299884701325011	0.664297042768951	0.510808835954766	0.268086642614996	0.511908291928402	0.651363490353115	0.80654116410132	0.693912581576219	0.459624910156941	0.109804928873786	0.387262993800329	0.155183811270016	0.505522973074346	0.72077510709083	0.284678364950401	0.76108358434518	0.673508978430384	0.557697200227451	0.0988721464719557	0.631831162913041	0.560855292635732	0.694053403372566	0.620809004042547	0.700287692746724	0.781174688124031	0.282741774678926	0.60197008925273	0.499782005898757	0.750815371054193	0.767241202419795	0.498369421203401	0.579884789296138	0.770951241334386	0.652280320465358	0.342685696409995	0.520160746085109	0.626896812805355	0.355490365037164	0.602678869447965	0.0990456716574574	0.548669471001437	0.194658643997836	0.551379492265295	0.423611109496404	0.676593820823698	0.587889020181255	0.63341560340809	0.337388763544082	0.435487232697474	0.330621162798154	0.598846669302074	0.429769377360991	0.541631796875701	0.595847733330284	0.237866360740075	-0.0810503944888135
CD6	0.85101445188225	0.67196332908215	0.703528520129354	0.389322853580148	0.632316186158697	0.827539286331966	0.818777937821109	0.231595401161695	0.659570081876265	0.777765466548535	0.627998937883606	0.736896485455389	0.540232687560758	0.762449925367419	0.775240740483459	0.82234236117418	0.639635518666406	0.486545920031543	1	0.74247355348723	0.805346953096576	0.793978940622894	0.0871099595849184	0.144306082531878	0.679361980311368	0.60860530390702	0.718543267602825	0.817757651726582	0.4222388922372	0.784717360380799	0.788037677705916	0.752888187279746	0.72669231426935	0.259795059557622	0.750069609021766	0.4072889980586	-0.0300516152044106	0.772088197719525	0.63335124981323	-0.0331542586228429	0.721317233844841	0.679881074522724	0.414335112210411	0.748961334016302	0.795028106336554	0.51833292114254	0.7981949991764	0.106963663971158	0.543802323414247	0.594157307382659	0.596679197550712	0.778145358011065	0.463985016248195	0.556576781674384	-0.0878493627973372	0.727628013906927	0.389143416375732	0.681760947131925	0.522734673786463	0.534794579352677	0.667589800575455	0.728378207502537	0.804323843507227	0.595814644758425	0.760894308798634	0.61721052087616	0.71596579274451	0.542651683275062	0.442505119321561	0.720476215518301	0.254065870303775	0.386314794825561	0.708445587227187	0.793254658380186	0.804048294121483	0.491657995513056	0.773350398541868	0.814625542022472	0.58714551708972	0.425835942985131	0.68225800896431	0.582241140308203	0.765728982530719	0.777969055066021	0.684220262297214	0.446634832809213	0.676156513028941	0.362472553892987	0.756769112325539	0.71438235251035	0.295987936919139	-0.0709534185042231
CD226	0.819939775504036	0.589641899472946	0.629485222878851	0.125185811154902	0.660110871191224	0.741769968528581	0.719515790815459	-0.096467142721929	0.486584461307112	0.741836918152012	0.44628895897008	0.760162805112404	0.676578988016679	0.726839271576607	0.584795469009987	0.664145638921257	0.700809357820045	0.357752909965385	0.74247355348723	1	0.765879556805164	0.659343928834382	-0.256655865490269	-0.074505326932049	0.5257983748606	0.732275649429	0.796770766955678	0.672040353191657	0.168054449082482	0.787982201794838	0.621865227078395	0.792164371619555	0.771151042702294	-0.00801202997029327	0.628693747962623	0.163058873401476	-0.400327405615784	0.648155954433723	0.682217428431968	-0.44382905712239	0.857936580397879	0.468138037545576	0.513173035162363	0.785339488171064	0.825673233365203	0.685998259396606	0.873356251183331	-0.0797640742969985	0.461525592004585	0.721197024824754	0.737729280458992	0.684921880979982	0.494058929303805	0.662059327403215	-0.325795306950698	0.805222164713944	0.0606590781069614	0.765380265933402	0.680030629630386	0.542283252506136	0.69795500252	0.828276475291764	0.775458524018712	0.660393459348702	0.732292302787159	0.672859055265243	0.877395535852122	0.579300613721479	0.536950668325141	0.594884320451948	0.0112893248940648	0.265400107727201	0.577240995636509	0.845050301442345	0.803492771209915	0.676006100180218	0.722829815700629	0.818754896901602	0.689138732263654	0.426511200227046	0.71545568116015	0.600504436431224	0.817955202790899	0.815768358612477	0.727508858542185	0.520392846279518	0.627476940215272	0.334606920206139	0.746333405761171	0.737312289274176	0.439357698671146	0.0132209871284635
CD82	0.750936238308942	0.772473096138889	0.781059386611894	0.485049340939252	0.770760194180491	0.899163654728299	0.842811982739749	0.301783761386948	0.685611740967964	0.690863345777964	0.726033723969552	0.648287595567783	0.722506231590662	0.760324469664357	0.826099832107377	0.851786189126931	0.825650336800922	0.669954658788637	0.805346953096576	0.765879556805164	1	0.737577899827783	0.0569371055160872	0.155660345381802	0.759503839021583	0.763393647163158	0.850185400040387	0.842200914091077	0.487304035356914	0.789483186310354	0.808890362906787	0.850004673159488	0.771922349205827	0.326269637115102	0.808509977938165	0.478478999258846	-0.0927109935444534	0.751541871582462	0.729629093983325	-0.101876753398733	0.841677392499409	0.671511810955041	0.639423925762485	0.843003372582768	0.79906820197308	0.501570075406382	0.772488797805426	0.0260483486019119	0.657702025620134	0.755379927486928	0.693912634977079	0.813937247832483	0.679835092823554	0.772016670983105	-0.101015300374804	0.881458971421982	0.349737782736404	0.823317859348444	0.722282086056201	0.723032696373037	0.818549850147283	0.691762730015059	0.845075342619891	0.673916416197341	0.856244649014597	0.775092422299053	0.806267134394199	0.701437408656505	0.672132291612825	0.722790330588707	0.269178538498866	0.51732695617976	0.758103950687887	0.791067737735745	0.853768800745188	0.460789783054488	0.84535043311522	0.680175979204768	0.811586217504786	0.60392584132421	0.798282655593299	0.713966055316163	0.876566025033216	0.736617929995553	0.80934601439622	0.618820302093586	0.779454965202977	0.516915758055494	0.839620379330632	0.816220777262511	0.514042847113453	0.00757658873249534
CXCR4	0.907747644243663	0.768751453893097	0.836550472986953	0.502062313044807	0.658219787649357	0.807008759322447	0.84727310114009	0.318004103787405	0.548326297480804	0.839685889689238	0.698682400526367	0.839791683495036	0.427440139922825	0.856616659122412	0.785441343024989	0.867895355835177	0.599989212450123	0.641139434371432	0.793978940622894	0.659343928834382	0.737577899827783	1	0.348835963122826	0.346115196855475	0.730881796766345	0.661193592591318	0.652455342021105	0.910695312721617	0.583339701030455	0.81714500651587	0.843264511411935	0.742071835824467	0.711803719952339	0.371401286920986	0.754435651881384	0.572375172091898	0.281911648747892	0.796375936466683	0.658007570760037	0.224334460469965	0.574490110958789	0.791675233663088	0.437751551128333	0.735440705299919	0.817406837102518	0.524332575490853	0.64528399700356	0.334491527614692	0.551233490338596	0.554965555842745	0.590364000228323	0.856675385248511	0.433159589793005	0.559011446859025	0.0531172188850783	0.733447138059328	0.621658188460453	0.709316901401462	0.415324172921611	0.51157659148738	0.616262091678632	0.680186308792209	0.713075895695657	0.693252597517206	0.81561918993678	0.633529720029718	0.594197221030304	0.564988769512607	0.456225682676969	0.598846157754361	0.372349498735512	0.480840309623334	0.716270989755457	0.690752608119735	0.77481283943199	0.592878453072921	0.733585351909765	0.626349814714822	0.562627189759885	0.428080697025156	0.699510624290884	0.618207531037806	0.756479305356391	0.77067334453025	0.6235786859306	0.381414330156153	0.677880751231111	0.406637024453812	0.731159352878129	0.747297919564892	0.233323404242563	-0.164112057288392
CRTAM	0.0636313577784003	0.401598573248853	0.383829811217142	0.547637913194065	0.15914673993685	0.136626277365235	0.154063492655727	0.641492558909388	0.0972106394518277	0.0438793885105828	0.447612166791521	0.129180206823705	-0.277279445612457	0.219307084721997	0.260853678712717	0.217306202147411	-0.0159860164920222	0.338255700641793	0.0871099595849184	-0.256655865490269	0.0569371055160872	0.348835963122826	1	0.718418304335873	0.305724589842479	0.0624968356557146	-0.0702483019274767	0.300643043483387	0.426146393395749	-0.0485443328419764	0.369167659888561	0.0794731247656717	-0.0837139814167149	0.636579913895631	0.226565531655551	0.625494502586348	0.837947854760255	0.282783465930391	0.0469877084884845	0.870948214344138	-0.293850904426524	0.572129977708929	-0.0278086846945443	-0.0374689479477326	-0.0536441029961667	-0.263397332560897	-0.321553986868681	0.622251108819794	0.23439386018791	-0.186157690047991	-0.049095451356024	0.219855494820214	0.142084146903495	0.0374542629104321	0.666714025000924	0.0436801356387856	0.786520478507098	0.0568083687530615	-0.271400154353112	0.0869983322592023	-0.0731309524600832	-0.264319599560105	-0.0543430022374988	0.217454738290193	0.12167136590425	-0.0526019946136832	-0.301176081788047	0.215913947453733	0.0237047721833442	-0.0349131694357999	0.661031725802245	0.363846466177397	0.223405675375872	-0.175234160296622	-0.0291449285422528	-0.190791818457728	0.0492537039337903	-0.285721928978043	0.0562684891015338	0.145816616715348	0.138316341580665	0.254350478831545	-0.000153047371709482	-0.1145905345256	0.0261865239302671	0.0117267318711098	0.273775364179353	0.190817379765447	0.0749555158696063	0.20005088239318	-0.0393912255275354	-0.0854407580007086
