""	ERBB3	LRP6	KLRC2	ITGB8	PARD3	APLP2	EGFR	THY1	NOTCH4	CHRM3	NRCAM	TNFRSF12A	TNFRSF1A	NOTCH1	CELSR2	ERBB2	CD81	CD99L2	PILRB	CXADR	PLXNB2	CD47	F2R	CD9	SORT1	CADM1	MYLK	PDE1C	INSR	AR	SMAP1	GRM5	KCND2	LPP	CANX	PTPRA	PLXNB1	LRP1	ITGB1	ITGAV	PODXL	GRIN2B	ACKR3	KCNJ10	IL13RA2	PTPRS	LTBR	ITGA3	CNR1	SEMA4C	TRAF2	TNFRSF21	PRTG	NOTCH2	IGF1R	LRP8	ADCY9	EDNRB	MCAM	LRP4	IGF2R	RIPK1	LRP5	ERBB4	LINGO1	TNFRSF19	SLC16A1	MCFD2	GPR37L1	AMFR	RACK1	TSPAN5	SLC16A7	TFRC	RXRA	TSPAN15	HLA.DPA1	S1PR2	JMJD6	TNFRSF14	TRADD	CD2	ABCA1	CD63	TSPAN14	CD53	CD3D	CXCR4	ADGRE5	ENG	SORL1	CD74	C1QBP	ITGB2	CD44	RHBDF2	GPNMB	CD163	CD69	PTPRC
ERBB3	1	0.856337059187196	0.473192965139479	0.695504177433471	0.719963002469581	0.714293129992207	0.334693160637434	0.836854831317618	0.767649612967459	0.80778594936112	0.669752840548483	0.703517277373087	0.755477272997725	0.771459069750696	0.767955699725968	0.637252931022957	0.754470062917964	0.723242920902482	0.713057171972179	0.794713901713607	0.71075934491907	0.768140709164033	0.709688883582688	0.745371146207419	0.711171332692325	0.622586614677717	0.592304936238136	0.567305571158622	0.837407580625798	0.683601936968309	0.83228615524434	0.688578190633144	0.725505424218649	0.776875492638953	0.773601246896544	0.750200143843735	0.747726815738412	0.762779228019756	0.758269056537939	0.682555594490578	0.815307816226617	0.587544178008203	0.678279719017416	0.706381004155671	0.674041852633863	0.690293921631677	0.753107750624333	0.687028997253358	0.47901077086841	0.816850382553123	0.703904279219763	0.821028451534844	0.836191239446395	0.652948800277706	0.683157544227043	0.640662787259914	0.634560538842889	0.792612286060317	0.83068213780043	0.683034118119517	0.578851955611608	0.796295302354319	0.72307410418304	0.663961526999625	0.696062952527574	0.57125538720568	0.756826146208657	0.764061236575696	0.813659960190816	0.740219266318344	0.893198861049345	0.673568671661287	0.7557888192981	0.722736196449044	0.665238997753303	0.877081710232393	0.412797290977746	0.839542046261327	0.792236125647556	0.507456742330839	0.687546685125386	0.145064798956579	0.643539882658381	0.769536057102136	0.785484213594202	0.267145593846202	0.17883088011094	0.333847008092663	0.65119071836026	0.671632437576203	0.561611192543892	0.398972619072781	0.90878867672724	0.267508122719011	0.312460422426989	0.647082892687401	0.227604952439014	0.226437465835557	0.203659828012367	0.257531614013063
LRP6	0.856337059187196	1	0.474953673216201	0.841158829902093	0.896741838638691	0.896393079253564	0.533241515977871	0.944356296106249	0.851473709320153	0.899589590120566	0.836940740391852	0.828874388898601	0.860065190177967	0.929520448616526	0.891196098133095	0.772876950985626	0.883117775871576	0.848979366291358	0.912005865535497	0.802467579064924	0.849323910741228	0.913819319712285	0.89220061463751	0.863663019710312	0.886836531229514	0.864593662266158	0.72517300705718	0.730759991549046	0.925537741815501	0.843943266879329	0.956456709843701	0.768860368993097	0.803415099270759	0.929352308542002	0.909600109878915	0.90843158082346	0.872209098559427	0.856557210633238	0.913526566587454	0.848835228769975	0.839119752036886	0.765563989608487	0.783319168592075	0.744449632457336	0.851154700318147	0.871567587833179	0.801688951688113	0.802930579476148	0.69613794207417	0.885157506442299	0.812241645565024	0.880756770546957	0.907191632278996	0.844166165811281	0.890252024747987	0.855579172162722	0.797901042221557	0.882011893006451	0.933772442992768	0.834934666325965	0.792951957514485	0.909920206770893	0.899738842131478	0.866611213107922	0.839539282239704	0.772695693631319	0.944373558506196	0.914024601368473	0.866887558023164	0.884708770745587	0.88490136201739	0.901291172211092	0.896013305941468	0.831226357751615	0.819459505311502	0.853071173945581	0.516414288417942	0.796553921674823	0.945289738432616	0.565970097565051	0.768721087408412	0.130408546040687	0.826481924047485	0.894272667150557	0.888145382775484	0.343529542434499	0.124751734479289	0.32776125862455	0.736331071652837	0.542885084382318	0.71923032878256	0.47814907558097	0.896259319166722	0.331376468497285	0.387089692824707	0.754895143724599	0.372956967852447	0.300062081759502	0.123310958544381	0.302128051311607
KLRC2	0.473192965139479	0.474953673216201	1	0.365233162472804	0.363147188191439	0.385554568451484	0.672025842655462	0.555597943861917	0.436804285828585	0.485654475622574	0.356269953853323	0.415925252781557	0.404204796550311	0.437584049458358	0.493408372199904	0.189464891417008	0.49512607579956	0.366858852573727	0.351859808477538	0.709650135053264	0.34439116338554	0.477132796703041	0.408415364993248	0.49642080280322	0.415858431596644	0.406199395119398	0.38101241283696	0.445442053323449	0.531709610627327	0.366169985107933	0.551580079526635	0.679116921809727	0.659435335538347	0.416775054191483	0.38020565442498	0.487285754218775	0.5077888865791	0.551374866631246	0.354863683183966	0.349261254182989	0.338620464694238	0.220938537496652	0.380415658706733	0.594742402812024	0.386204917874298	0.547179326457913	0.398978813729809	0.449231249256241	0.340565670844829	0.474656703126341	0.347964872456456	0.55522344460622	0.60768171004578	0.325593557853605	0.448482431572788	0.625781282845536	0.496663020834449	0.360811301223032	0.370574878750035	0.463671758543027	0.245807237231502	0.470609766487653	0.424387885935557	0.41028768696874	0.747556413677193	0.2989453435811	0.463033879264639	0.37807463930812	0.528793114314688	0.398946312964299	0.382386772761816	0.443824997554382	0.545647090484379	0.388990554509402	0.317001156185998	0.362934655760218	0.0644600597867973	0.667352223627005	0.567790655062521	0.166086276713553	0.258218566554329	-0.133577622689608	0.340539272241047	0.424734909453195	0.370881087350027	-0.036217639277803	-0.0663091965515293	-0.0675811118484984	0.223444238391882	0.105519797127331	0.195929962304859	0.0313067526426942	0.46274676471791	-0.0396110304720463	-0.0657196777073466	0.391819272156724	0.0783260619194902	0.00532785437154167	-0.140338345653169	-0.0850843317167982
ITGB8	0.695504177433471	0.841158829902093	0.365233162472804	1	0.920679520416485	0.969375764829863	0.457174633020578	0.864219109703538	0.80279498464433	0.908124779861534	0.973583071336412	0.889668811396903	0.949134198422765	0.863536995256677	0.965900625644884	0.948761955073322	0.925083850518057	0.958588419043408	0.871630511801495	0.712311393577541	0.968320905463795	0.955390028811671	0.805633506955506	0.918789141334439	0.958129168144073	0.900958422321958	0.90292545866573	0.909892897089047	0.828659510272326	0.955592101076857	0.848850297079281	0.665947092271753	0.849333252607427	0.961283343431438	0.960325283170765	0.939946373817316	0.94809157455373	0.951490525848747	0.942571360247423	0.987746434241655	0.918858547089837	0.937045769222837	0.83538376728458	0.822425372351267	0.927103568190263	0.818401808098003	0.910698546833604	0.910519985760421	0.755305519281288	0.756855389059659	0.540703191986739	0.860323844781076	0.818711723795001	0.966266702075102	0.916361532585417	0.763182246642129	0.89100970968742	0.940915267913502	0.858213255062724	0.968554514907128	0.877433255548083	0.89509642078444	0.853715444691776	0.937652621672108	0.763223323368444	0.899325668279184	0.909095969094921	0.945824945392586	0.937655814420083	0.96631710007641	0.667945731515774	0.840516216575029	0.887905578416386	0.711845616984182	0.942623309469046	0.652023053458384	0.672164903217263	0.653496274213139	0.844897931550745	0.59912162033689	0.796725524028545	0.189500654375677	0.949614142512831	0.956281123587624	0.915560307498602	0.391183659876047	0.0843431409803155	0.341062398441517	0.782909137400741	0.456287973403635	0.759955956999097	0.635072442332037	0.674612900076908	0.396967970819515	0.487251582914144	0.782491908248942	0.433905529874154	0.370704749344153	0.136294511253793	0.359267759300189
PARD3	0.719963002469581	0.896741838638691	0.363147188191439	0.920679520416485	1	0.947622975089189	0.450127950603559	0.872956701310996	0.800474528704767	0.908692470306402	0.931042530101059	0.903664005608685	0.895393886110687	0.848996148378569	0.918200401786869	0.866561471096741	0.899927646100072	0.903953105397594	0.884299984005359	0.690610499107919	0.937655526431715	0.918198058309216	0.837191197239175	0.879218375477515	0.926477446918764	0.92188624991362	0.822858001318122	0.831478266897105	0.857531588031173	0.913162146699991	0.866225116371736	0.631710319360623	0.782853786422384	0.955902368693656	0.938778533046909	0.91361549568296	0.895064986531638	0.875062949481418	0.964610212075961	0.925555398703876	0.872107227213908	0.871033753560762	0.711115708949379	0.719005001779344	0.885206256131374	0.840671474797485	0.823343633143009	0.886424894916261	0.771189937097352	0.740942759323036	0.611156821181141	0.853918211832671	0.834927590883321	0.923728267909799	0.949931969373048	0.779637171730228	0.87251843099082	0.901572378147732	0.91465113737565	0.888279132211013	0.892521771607461	0.882726208491783	0.908507269328765	0.936381543576999	0.72750055934781	0.867442665731841	0.923544078250768	0.947426373617987	0.852108822637334	0.932358153754866	0.770908744343565	0.890122776304695	0.868415424299677	0.759014891263083	0.916336456703305	0.739321963959544	0.616926731808872	0.677794081716247	0.891875437078293	0.6007924523762	0.788085405720003	0.183761490970743	0.904127884614807	0.932363184286002	0.902758774685576	0.384420854196924	0.122820919284156	0.351773761182034	0.809544142856446	0.480573717444382	0.756040225520539	0.565259321155143	0.745862123127334	0.383650215378026	0.496077049629479	0.796727570204658	0.448406117578368	0.348851634920459	0.129253425012927	0.358631581175552
APLP2	0.714293129992207	0.896393079253564	0.385554568451484	0.969375764829863	0.947622975089189	1	0.503846239725072	0.907468567434202	0.843415322619446	0.928862837248639	0.97449160374236	0.900337346653635	0.960675726280703	0.91505775806131	0.966940793862361	0.911816162108593	0.964804981613567	0.95041201046112	0.924950425713605	0.751995871218248	0.970748403621104	0.967834779527502	0.867505606376531	0.948641727910365	0.979680277501404	0.931489909441449	0.899204306932492	0.904950525187021	0.873174968757932	0.951708589439634	0.90175156771512	0.703195748136625	0.862391048907455	0.983583988927444	0.985906493221824	0.97374556475359	0.941407543033632	0.950548893740757	0.973007142782738	0.98203873256395	0.89882644744966	0.896570652291	0.809239516257496	0.8060706706045	0.939450248170808	0.863454619520592	0.91016066579659	0.913988145757867	0.79139179888267	0.785166172748498	0.634310142565741	0.899916525551475	0.865201095403558	0.978216457208686	0.949713545954549	0.818796707306673	0.896459395730406	0.939566638840578	0.892480228877915	0.954650510919833	0.92976991653368	0.937190740839477	0.909126626822861	0.955717550393444	0.79938159217035	0.924611452895809	0.954648562977532	0.978776026927332	0.919240638691185	0.9783919497489	0.755616725450642	0.905947077104748	0.926739762338523	0.812182182718699	0.953363101220308	0.707781174942614	0.697715188089614	0.711092348998671	0.905610973600128	0.665255811678695	0.834099579149964	0.193153672504975	0.977107186276213	0.97432071476134	0.944251748709333	0.463060945434275	0.127057782186109	0.38293984891182	0.804215744567369	0.49848722977333	0.837707953950338	0.652166996848347	0.746099992237413	0.466805586216688	0.544400449638389	0.843544926670268	0.534403273463022	0.444731609779463	0.133657687049845	0.404430113270444
EGFR	0.334693160637434	0.533241515977871	0.672025842655462	0.457174633020578	0.450127950603559	0.503846239725072	1	0.496300350726192	0.360967643896994	0.483202679884506	0.463025003877588	0.357655135183293	0.439592181976553	0.505050726952865	0.515177829197537	0.32152966155464	0.514461799893094	0.414359364143204	0.456344707673062	0.532412350641979	0.389274813278733	0.513203163939862	0.539785926431683	0.484999582447249	0.493112811156618	0.526816883430383	0.50241115116088	0.546355804263535	0.536423352663783	0.439568538358318	0.60045122150506	0.564890078755447	0.616291448325228	0.488147355975548	0.463755597399384	0.587092751573994	0.484359988447654	0.550137877139153	0.414226201751488	0.450410991164489	0.289554146160146	0.391432530814122	0.442299231066676	0.472802298990144	0.483369069414227	0.678155473837239	0.424981436399553	0.429351412267476	0.507421692952165	0.457898084375053	0.45448939581327	0.457734542063561	0.612432756664643	0.483513197409265	0.4960261032216	0.7958268137459	0.461146587001778	0.346211942342514	0.349146299757595	0.544937729951296	0.462522575669013	0.526091356693356	0.482576486646967	0.513256217344345	0.727014787697278	0.416641628286461	0.535626371811346	0.506919825208794	0.516594406207246	0.448207140892009	0.35634731049058	0.51731910217761	0.676691567281144	0.472236086059476	0.401404371054121	0.295687482461819	0.155785710466945	0.471308037557772	0.57656385235612	0.202776378444539	0.323450817556452	-0.0329538789870304	0.496115439185316	0.444574871064089	0.416071743018065	0.0563110774663401	-0.049599778600119	0.00187946885924693	0.23371658053846	0.0974101989807706	0.318617157453247	0.116822289083566	0.397417623991225	0.0536393366973318	0.0771496063491351	0.370037171285083	0.158419473742212	0.0734330898507858	-0.0908491282520596	0.0403709683358684
THY1	0.836854831317618	0.944356296106249	0.555597943861917	0.864219109703538	0.872956701310996	0.907468567434202	0.496300350726192	1	0.899946318794372	0.929062144632998	0.865612303227234	0.872493997039168	0.918081412016893	0.944538999962464	0.925984601460965	0.798552765922504	0.93564471169477	0.880526287075961	0.893367081307536	0.887932634350701	0.880430770591704	0.930199525648854	0.856743549152279	0.932741723479675	0.926000793862099	0.831258811703294	0.764911006810555	0.794191954008855	0.906835177822516	0.8681703125129	0.958966010346497	0.826148811182419	0.882632513859346	0.924826284920646	0.913652473294912	0.928053964368159	0.921365626829271	0.918751665873999	0.912654419342008	0.870839248740787	0.89238616021722	0.742576661307459	0.819550514496099	0.865197770103068	0.880483655113188	0.853022910107782	0.867976409569512	0.885930128365724	0.695250659919147	0.88803844527751	0.776707130157479	0.917865789757387	0.902203838094054	0.849706006280564	0.886284345726108	0.815192177074327	0.857237274513756	0.904555753854284	0.909061699166961	0.865524876910111	0.746371022853003	0.928484757213723	0.889356418052302	0.849262895951593	0.88538053936954	0.809924360519082	0.94389473758027	0.908711276452795	0.925144209464001	0.896308672026103	0.846048774052344	0.900099458793937	0.887759327742435	0.796718102364971	0.834647081551353	0.816386821065891	0.526493383814012	0.844063359188996	0.919671240520223	0.547937552726071	0.759588696684798	0.0666813420326894	0.834897738616728	0.93220474266783	0.897040027795868	0.306288029371054	0.0721824087131464	0.278671906278723	0.725909920425336	0.508261398803153	0.729914871836374	0.486264480594101	0.892657170245702	0.302996249460371	0.339870936477018	0.786852784284842	0.35503501568114	0.288488719031136	0.069171025445437	0.232874340176737
NOTCH4	0.767649612967459	0.851473709320153	0.436804285828585	0.80279498464433	0.800474528704767	0.843415322619446	0.360967643896994	0.899946318794372	1	0.853581222756642	0.807535929054825	0.82844492910222	0.854604681841514	0.882550992528417	0.869985993570963	0.778002029936534	0.876475606407683	0.810400098704672	0.866444939929538	0.813529249519737	0.839278517842109	0.857055668390072	0.809551769186922	0.87941577708501	0.871389613224234	0.764615491229219	0.673204151069192	0.70965124808797	0.838830836046127	0.801022908441726	0.878565648940224	0.724573404241337	0.774306566362305	0.862995564780469	0.86595263118861	0.84953966272667	0.863249936549583	0.832608579902352	0.877478167350673	0.807983478205872	0.875605279617731	0.664089799952141	0.72306572714837	0.766360456249609	0.835120982621537	0.762321936484157	0.807053930674944	0.840664893777255	0.613291832678284	0.813199612386048	0.727567662202615	0.845695563393347	0.847249740630248	0.796485940021892	0.837751616121024	0.705290015272173	0.82694044406246	0.82785925743391	0.882212605981837	0.781017842382668	0.706204254750082	0.86647319180807	0.854328927386161	0.791433624778652	0.774045133306679	0.758808276178393	0.868508549197911	0.852346140060339	0.827978760689289	0.845804833745352	0.797483497584963	0.845502088482987	0.788936666085949	0.744516966663032	0.794249272712538	0.770896447122761	0.599478829049483	0.731252965172634	0.855692090095853	0.610541732069159	0.761113047378839	0.152189546334248	0.779166353415014	0.873410524966567	0.872930630069386	0.411121038975425	0.148980715273973	0.37728601662704	0.784803902720782	0.615016449491192	0.737938618010036	0.572376198917328	0.824571492805104	0.405873986114955	0.418005618589702	0.779250069427208	0.370153522743871	0.370069519298494	0.18589105146813	0.347667376373329
CHRM3	0.80778594936112	0.899589590120566	0.485654475622574	0.908124779861534	0.908692470306402	0.928862837248639	0.483202679884506	0.929062144632998	0.853581222756642	1	0.912991478599846	0.888447045570023	0.91357325246834	0.900680285991161	0.931902686291623	0.844257227163596	0.911824002118178	0.926622566470991	0.897884680668938	0.838634333741946	0.933506418899143	0.940372432649466	0.792487177621606	0.92555819936949	0.94127765154338	0.826181347814005	0.812853664130016	0.851124896619296	0.877998104791571	0.886417771838363	0.919368634781725	0.759659430713583	0.907008835501517	0.939067800400831	0.926994471771409	0.925237603031504	0.897310059104923	0.939538124322184	0.932474945296299	0.907420092402401	0.920619122045139	0.806244942738567	0.806702358069501	0.845794856908073	0.871635757125983	0.836870853748743	0.866437784895609	0.890485134912291	0.693017690725275	0.832781785613256	0.680414190569927	0.915136353536931	0.899193995221057	0.886177107503428	0.903361830243387	0.792845346642254	0.854719378617663	0.923955613603741	0.907155057950217	0.892436195660588	0.800547049768178	0.91949659657463	0.861264914367956	0.878440631104609	0.818042318169222	0.831637369201835	0.931396804313557	0.918369950398778	0.925013698196428	0.920365716795686	0.774168365029326	0.88207353181839	0.890792004525789	0.769798449203956	0.869395111762858	0.771159892291651	0.582864640149408	0.774479876277094	0.873967370733065	0.596789914249789	0.765963121921088	0.164111917602934	0.870369273136403	0.937866011361424	0.915548843907619	0.361432464373334	0.117866204397947	0.324184514574238	0.765165790484831	0.499068353511927	0.757562933216046	0.54039340018919	0.805670443702312	0.359665180656353	0.418258704871847	0.812679442318641	0.391612415007883	0.32370225188556	0.126548551663867	0.311114607064145
NRCAM	0.669752840548483	0.836940740391852	0.356269953853323	0.973583071336412	0.931042530101059	0.97449160374236	0.463025003877588	0.865612303227234	0.807535929054825	0.912991478599846	1	0.897389281885705	0.953797303784136	0.844591373243813	0.951665924062488	0.931728015635892	0.946344038660689	0.945636626960237	0.872801577522918	0.711194521212889	0.972073291378029	0.938108768727477	0.793331163418018	0.916390170979925	0.967066351251227	0.917072871088939	0.907303258324695	0.93196497899128	0.823057645024459	0.962005394129	0.842249931566757	0.666477889548188	0.846000066893967	0.955783293822002	0.959351810877637	0.948565057730478	0.9402612714148	0.945300109828753	0.950431241533895	0.984073164284888	0.904061309593025	0.886087877948103	0.764865983146597	0.823384408304616	0.914262166014691	0.811392751439038	0.924474722471788	0.922502641986547	0.819801590215213	0.72534765897581	0.535715399556146	0.87752702161029	0.822825477762275	0.970498226221752	0.939853778634565	0.769815873772931	0.914380193906477	0.936775026024897	0.842809524662359	0.956669982561021	0.904319441790701	0.900580936598936	0.866256447879258	0.957010545847817	0.745256278094364	0.929918363898852	0.91460756360088	0.952087956642867	0.912458501682553	0.972057235873184	0.685294827016911	0.86418380928343	0.892558460386321	0.728144593248794	0.956119679234667	0.646395214645076	0.688118987560446	0.652352843111147	0.834815245098816	0.63048991982362	0.815575967788442	0.181210164944233	0.96864115891997	0.950871653010119	0.906018327093956	0.420630420280924	0.107642165559382	0.339389164563865	0.781789145075052	0.47544576408569	0.807755463284926	0.642926165123559	0.678877900689127	0.424583931860054	0.504115273271619	0.822517552581489	0.495591368020568	0.397082989892879	0.116151564836437	0.364733017905831
TNFRSF12A	0.703517277373087	0.828874388898601	0.415925252781557	0.889668811396903	0.903664005608685	0.900337346653635	0.357655135183293	0.872493997039168	0.82844492910222	0.888447045570023	0.897389281885705	1	0.892059359355041	0.831079250134891	0.895685982587103	0.827578233762023	0.891853182515608	0.86098668459638	0.84129804595176	0.75336617343966	0.919392644372838	0.896506887365545	0.780678212264434	0.910386355854692	0.895535822586479	0.851518523658036	0.787774762590548	0.8050386080212	0.838596496902533	0.89784149442474	0.839747215956081	0.640339208518414	0.797912683901398	0.920714439747193	0.898820854033609	0.863981579569543	0.874917347953601	0.869014824058204	0.936500498480454	0.880445727762481	0.878159814576426	0.79092149614656	0.721735161610197	0.736606624983212	0.880557970443212	0.778192471388581	0.819617884377081	0.909608066326633	0.702895396709274	0.77412466671281	0.578484447769477	0.868499582529436	0.79244734258267	0.871098010941612	0.904211878631098	0.692674624873109	0.855020386322432	0.860044765702057	0.894991847646274	0.848375052046494	0.804619841781081	0.869610219712869	0.870792886659075	0.862193363089198	0.725208691738764	0.835135917907973	0.901446062895696	0.900868569001499	0.835582718226584	0.910005180501055	0.746358090646088	0.878688319970872	0.811230760038861	0.723301228225838	0.867770004071564	0.704057703095803	0.634292876744297	0.684609251282219	0.852658727767089	0.60098122481074	0.815744448879967	0.178365631571765	0.854394650870334	0.94482898644418	0.887064406000652	0.40287483487812	0.118861299079732	0.348615858014358	0.829170299812467	0.499501490884021	0.740114964718266	0.583602848917864	0.752210704093671	0.406156425614622	0.492354079694868	0.790673994201482	0.460515507632019	0.375091972392304	0.120918912023902	0.349638079592342
TNFRSF1A	0.755477272997725	0.860065190177967	0.404204796550311	0.949134198422765	0.895393886110687	0.960675726280703	0.439592181976553	0.918081412016893	0.854604681841514	0.91357325246834	0.953797303784136	0.892059359355041	1	0.883536990530361	0.956446713670735	0.902101097739243	0.97194590752527	0.936682473591953	0.858725345462441	0.80982154568891	0.954045631344309	0.93745503095395	0.819459553738569	0.950515532044281	0.954252963235823	0.867078406547657	0.893218431705319	0.872651629209628	0.835094522474219	0.948924129700294	0.876995110843576	0.691822454911263	0.874082267435066	0.948252343830421	0.964875332223197	0.95175410094285	0.943112051686352	0.954890103585191	0.937188904053259	0.95649514726297	0.92621357175672	0.851472303719931	0.825486896033923	0.855383537526091	0.932382468474802	0.792739424552061	0.953772516377545	0.914108840490263	0.791368040243249	0.788670536791099	0.60931603113846	0.897813139290478	0.844146333237915	0.9453571459344	0.89094681046014	0.751133703258127	0.879901819971476	0.937321988314047	0.8509205291693	0.928008154998345	0.861214704112517	0.928519589196666	0.865130530021548	0.888089788083927	0.772042544541633	0.929696538937101	0.907492159058981	0.95177706065966	0.937128160847605	0.947310529338976	0.770926240254543	0.85180446577625	0.902061331464292	0.767860388388774	0.917024762736963	0.691208014938683	0.671514048256315	0.770103198425846	0.868880666202821	0.650568832448052	0.843296941139189	0.164999283706072	0.946027322798578	0.975621262731483	0.937404345283445	0.413198728916596	0.14176749943915	0.366846307384123	0.767211608900157	0.523976354021303	0.809430146618749	0.636434633001791	0.788019999436314	0.422701860876424	0.500209360939021	0.839483784447297	0.456464374246126	0.402330039116372	0.138539519911716	0.346941063986303
NOTCH1	0.771459069750696	0.929520448616526	0.437584049458358	0.863536995256677	0.848996148378569	0.91505775806131	0.505050726952865	0.944538999962464	0.882550992528417	0.900680285991161	0.844591373243813	0.831079250134891	0.883536990530361	1	0.91025959754658	0.815137125343256	0.90026313920207	0.867842461595297	0.94282624560097	0.814017606268459	0.868275980074103	0.926179138416332	0.89088360898018	0.920599529900652	0.92787539700997	0.824513601727653	0.748453339852996	0.78275225018497	0.87922479961647	0.848673809700809	0.952611716362158	0.764328456889897	0.840241267162707	0.924520298145129	0.913267351338815	0.923332485234214	0.880974235998279	0.883204325403707	0.90661805981206	0.871534605184861	0.853834550640487	0.766131558307714	0.853578648872857	0.806691169576345	0.870474631313821	0.848741132722974	0.820155898179965	0.836318997738897	0.647089913850211	0.861492122732475	0.816832594286012	0.863945374781663	0.86892976810341	0.859150672554377	0.87483922792806	0.821857318123208	0.804788929213723	0.880453362364718	0.908203165502346	0.858945789903713	0.776974525673153	0.917667146699874	0.886252319241583	0.846293534040603	0.860740848232785	0.808069446572552	0.949188450303142	0.901203491784847	0.893343537615229	0.893854580700495	0.798869148705053	0.914354288846345	0.881994506672459	0.810835262612759	0.828650476905872	0.787069095764789	0.576867573358977	0.768404210233295	0.914223445881366	0.584741297575485	0.765196278012423	0.152336264462359	0.841099250027469	0.909034396777801	0.901883488740414	0.399102384691013	0.115841615093965	0.369001674865931	0.751379663308092	0.483065611439782	0.775569248716343	0.534793664108646	0.835838787343823	0.38248034932786	0.406266791454201	0.756321962465126	0.398784732550608	0.351354948676028	0.159691128208127	0.337280203055387
CELSR2	0.767955699725968	0.891196098133095	0.493408372199904	0.965900625644884	0.918200401786869	0.966940793862361	0.515177829197537	0.925984601460965	0.869985993570963	0.931902686291623	0.951665924062488	0.895685982587103	0.956446713670735	0.91025959754658	1	0.896979409063711	0.957853244495086	0.938750183972864	0.887756283534114	0.811333814159572	0.951060146127847	0.968621206741209	0.845128857747781	0.947557618982924	0.963963059698622	0.900203777590722	0.871106084491757	0.891506578462477	0.883120913293799	0.93240184620639	0.910139775307936	0.759500393005245	0.899930906376994	0.969940063729174	0.964313737520838	0.968431661216956	0.971355539023121	0.970155898501417	0.947979284978489	0.959691236130109	0.922380904144455	0.870384667497223	0.825427191990944	0.858478819944808	0.923964445860818	0.867271747612248	0.918534266321864	0.929006360684615	0.761245798041033	0.818812035370606	0.642837741661257	0.913967785253601	0.904372263490613	0.939853575825068	0.937127989166766	0.827846821774305	0.913625141939677	0.93167462441865	0.882628438150865	0.950719507428325	0.854614790434005	0.934872443833831	0.893199204958749	0.930689817169131	0.845992673593214	0.882602120808604	0.939084892951096	0.956156575012399	0.955516624902648	0.96534244442959	0.746044351501106	0.883610659508657	0.924595495568731	0.759967473583826	0.920347160077972	0.718350654938211	0.637255183835325	0.750649045675122	0.90218005826556	0.618195574125124	0.80464305443009	0.167445579312191	0.933129787968731	0.967246515316332	0.932130933392986	0.382203649284554	0.110804851105356	0.338760567888782	0.78942031877251	0.492271300803632	0.772764481450716	0.596611293865621	0.767190167149516	0.380872718675717	0.451776467418498	0.818533845800663	0.423702590446379	0.356866484457594	0.130501455414615	0.342159765777793
ERBB2	0.637252931022957	0.772876950985626	0.189464891417008	0.948761955073322	0.866561471096741	0.911816162108593	0.32152966155464	0.798552765922504	0.778002029936534	0.844257227163596	0.931728015635892	0.827578233762023	0.902101097739243	0.815137125343256	0.896979409063711	1	0.861994393516426	0.907977098787542	0.844732705184926	0.598742174949917	0.936685671668632	0.876878215590963	0.742451198716373	0.857394272500511	0.916668000623707	0.838533630084537	0.826177378496388	0.837388554011517	0.73481576136509	0.917716343173493	0.775404083906723	0.558134539275854	0.724051693868112	0.892987199977544	0.901977900402233	0.869338620008027	0.886004099761033	0.86492303012588	0.904383406091307	0.935392417009802	0.915761082976043	0.876243678791344	0.797141283792037	0.761662178643327	0.875378605605644	0.694842690089208	0.889646377713353	0.861909218491394	0.704577167128568	0.691977451832317	0.54926319743958	0.763962032859678	0.725585531252952	0.924234902823004	0.848207793953183	0.646742192630979	0.843036229492595	0.90596634839898	0.816613424371783	0.895498537265979	0.810075056142945	0.832018333659529	0.76634488899074	0.865333449192939	0.624511437884974	0.861546673718565	0.837053586353916	0.877896798475137	0.865403290096245	0.905180499003666	0.621087369346335	0.793887780617983	0.776028577818982	0.655131205185756	0.89824811006674	0.624610133743016	0.682931524122615	0.545128967708949	0.739439484145059	0.592223242470601	0.774375646325004	0.208675650958748	0.886784618967385	0.899151549343339	0.877703271807787	0.420544788994408	0.0942209478548315	0.37529851315129	0.777289102753432	0.478010437409006	0.767363149691619	0.657507893093252	0.630705860089517	0.420625699517461	0.496960987238153	0.727589504803506	0.39773692094567	0.379840950424279	0.197205334385345	0.369220403067422
CD81	0.754470062917964	0.883117775871576	0.49512607579956	0.925083850518057	0.899927646100072	0.964804981613567	0.514461799893094	0.93564471169477	0.876475606407683	0.911824002118178	0.946344038660689	0.891853182515608	0.97194590752527	0.90026313920207	0.957853244495086	0.861994393516426	1	0.91809061836537	0.88411563783448	0.82900467047962	0.941181612623797	0.946462211613417	0.84830408021949	0.96236461973419	0.958143611707975	0.906203137292259	0.877789179498233	0.885301344305335	0.879342526890221	0.931142206383375	0.908191922546702	0.7539061426178	0.883910874584662	0.95259100585239	0.968708816874451	0.971374110318416	0.951470003917736	0.960034742929303	0.944136209619875	0.944379638128054	0.893652586160938	0.802407088152692	0.786314661506358	0.867214013986643	0.908612351878877	0.845643475232361	0.944553569460152	0.925455947964273	0.798147059294537	0.806848195770015	0.654251740016045	0.926060114111987	0.882019789928372	0.933049602939539	0.918398110015401	0.813523562312383	0.907303675149927	0.919742343028753	0.860148173257988	0.928904979348749	0.870388876411822	0.94836140256094	0.886960324500824	0.914232076213478	0.83623185711612	0.901549187695692	0.932582020353406	0.953599606853772	0.93294681621666	0.953673294326344	0.799974701070565	0.892998923209964	0.92442097662463	0.82421140057137	0.923464208627775	0.739788472341546	0.712577055385255	0.789154510191643	0.906069832583845	0.687805671320747	0.850331105208647	0.172508195069377	0.945781408137019	0.966285995157664	0.935330913614994	0.483218820451634	0.160267138013405	0.396017389773241	0.793713914893637	0.559521982758289	0.846216308929437	0.672253771063409	0.802563859985746	0.493124868065312	0.52232309359592	0.881897045787565	0.524377589895671	0.472051766895052	0.148603484767961	0.398497599081494
CD99L2	0.723242920902482	0.848979366291358	0.366858852573727	0.958588419043408	0.903953105397594	0.95041201046112	0.414359364143204	0.880526287075961	0.810400098704672	0.926622566470991	0.945636626960237	0.86098668459638	0.936682473591953	0.867842461595297	0.938750183972864	0.907977098787542	0.91809061836537	1	0.884011110271423	0.758274497760932	0.963559150262584	0.949626447080637	0.783030931962096	0.910041578134561	0.954994136005939	0.878380206581432	0.872762304537699	0.890815629876569	0.830325959727535	0.922866575975756	0.861181123795222	0.683102410905533	0.839921362596429	0.943722048316823	0.945564337779371	0.927411246307378	0.926017405390608	0.93202086709464	0.940303805655692	0.960434826940205	0.929414538943549	0.903100985612956	0.827591635119832	0.83515329428218	0.892161780609692	0.799184212846538	0.900596659841347	0.905841164176488	0.71974436891009	0.783672685588992	0.574642464515998	0.887869469017057	0.808938884819141	0.929354221115559	0.906212958802528	0.746971487233455	0.856721076128868	0.955374971648427	0.87706450591781	0.927837906120182	0.839416534286333	0.90254565676711	0.86617638143832	0.9061388033065	0.76025926818047	0.873334322047333	0.91253078870029	0.923942423470115	0.92516216275961	0.947410337767731	0.708008264029794	0.849159043539369	0.864729365404998	0.736650821519883	0.927461285410908	0.699356725668864	0.67118286226121	0.67401466123992	0.836474284194805	0.603889529153482	0.769883217066395	0.181555099973677	0.917353923842688	0.938024716462558	0.924955954627508	0.407529624631747	0.105173929516758	0.352096278941322	0.787356449425608	0.486434217392623	0.786674494482603	0.637206985119967	0.71565850317962	0.416138216402728	0.481541772136857	0.80387590164213	0.438203017463911	0.388316447402086	0.139888096514848	0.357040639862704
PILRB	0.713057171972179	0.912005865535497	0.351859808477538	0.871630511801495	0.884299984005359	0.924950425713605	0.456344707673062	0.893367081307536	0.866444939929538	0.897884680668938	0.872801577522918	0.84129804595176	0.858725345462441	0.94282624560097	0.887756283534114	0.844732705184926	0.88411563783448	0.884011110271423	1	0.712327056675198	0.895567473309072	0.930016357818633	0.879412643626211	0.898808700491945	0.931056568629614	0.866136700645252	0.763426390397932	0.779957727896209	0.862251008830764	0.862183947430361	0.916480039105285	0.715296504112836	0.771421428708358	0.926949427628626	0.915975993493416	0.908374194142871	0.854695074694133	0.851137092925527	0.933628797461188	0.887674900633563	0.843480036462382	0.806606592251072	0.811147970918811	0.732700870244042	0.85714909065092	0.848630332806509	0.795908709866148	0.83696219843747	0.655310857807044	0.82348339519262	0.761265990853845	0.832850523718617	0.844449326209499	0.887616212842236	0.895546569124215	0.784953830832296	0.820308593864871	0.891799156063096	0.921461124884855	0.857265247927663	0.823034054102789	0.900314620355358	0.88010745923276	0.888381632397874	0.791997773073058	0.815005469448603	0.942934590876315	0.902347268675243	0.846478557442547	0.905368146841839	0.76818329593692	0.928582592547534	0.855936241411669	0.815678774854912	0.863641263475622	0.784452538164115	0.645081788033513	0.665057352413403	0.889449348980454	0.637166539823509	0.789304782905256	0.243163680552678	0.857992782038601	0.899044522891067	0.901332310553169	0.478152288090374	0.166816732835992	0.43440124848017	0.803943682739218	0.509285647312079	0.801534288486625	0.606919981757969	0.760730739946071	0.464301506017438	0.505945304053631	0.774603726107907	0.453131120090995	0.413793333968359	0.221152720355101	0.435216853534846
CXADR	0.794713901713607	0.802467579064924	0.709650135053264	0.712311393577541	0.690610499107919	0.751995871218248	0.532412350641979	0.887932634350701	0.813529249519737	0.838634333741946	0.711194521212889	0.75336617343966	0.80982154568891	0.814017606268459	0.811333814159572	0.598742174949917	0.82900467047962	0.758274497760932	0.712327056675198	1	0.736629728498058	0.796631823218882	0.696850125522384	0.844873148627077	0.791730928450418	0.661981544988176	0.667907575999322	0.699092478982936	0.796543101088195	0.701463200639054	0.860390972132637	0.792638318700383	0.872261233312039	0.769982811905413	0.766450984614182	0.805302904171666	0.808607373331299	0.837865307242917	0.751340975864105	0.705218184503125	0.786218463150204	0.547550641364126	0.704703894640218	0.818365731805326	0.769376779747985	0.738029376953277	0.774812717176454	0.778531636647035	0.589632129581524	0.813949992781372	0.658966551741353	0.872929464714833	0.838998731141351	0.689276010356857	0.730227074822739	0.740037909414855	0.717739061780711	0.752448919408577	0.756630362576612	0.734784680720266	0.579602953159973	0.832350237280763	0.765987462882978	0.667218346331506	0.852096194100621	0.685415086398312	0.804788297540966	0.75953719121414	0.826325120580056	0.742681703454759	0.752702929586985	0.756762179302952	0.808884364086908	0.68418091188777	0.656043767053584	0.671486859694821	0.38354795489443	0.87120705138517	0.814157897070983	0.465941341895324	0.620978512493392	0.0146918245309105	0.695727886404867	0.809767107868254	0.785613764095309	0.205063671820164	0.0818982483287103	0.192842236010179	0.580296811284274	0.420723594120372	0.597829712235346	0.353199677876814	0.842587436219073	0.208487763110303	0.228732028439618	0.717123564487212	0.259032654340695	0.215311820456065	0.0195080105615717	0.133612886378885
PLXNB2	0.71075934491907	0.849323910741228	0.34439116338554	0.968320905463795	0.937655526431715	0.970748403621104	0.389274813278733	0.880430770591704	0.839278517842109	0.933506418899143	0.972073291378029	0.919392644372838	0.954045631344309	0.868275980074103	0.951060146127847	0.936685671668632	0.941181612623797	0.963559150262584	0.895567473309072	0.736629728498058	1	0.951384053690398	0.801122448774636	0.931422871114811	0.968792791148887	0.904335738472225	0.870773402234252	0.893134413661863	0.847600690195771	0.948606760136414	0.854821085661146	0.654277497562469	0.833429838641814	0.962978217881213	0.96400716402547	0.935751973046811	0.934718771813955	0.934949487337137	0.974507348509194	0.971933658601248	0.940218109196332	0.890206947178664	0.78626524921442	0.809628406093837	0.918741356069444	0.79518012555155	0.915850449328667	0.929098047297004	0.759361577598752	0.765494490394832	0.573807397756741	0.891187715045285	0.824367577419505	0.955169356863457	0.939770762877922	0.734302825912473	0.900038582743968	0.949797648458383	0.897187616948625	0.931742486446366	0.881441819404683	0.907031074509364	0.88926562445282	0.932351886855257	0.726456932661927	0.908518243159998	0.921907108213392	0.948792099963348	0.908067932529503	0.971518926388221	0.72820263024639	0.880677968961616	0.86596742011119	0.759388592800101	0.954189829799954	0.705552509297075	0.727724219713639	0.667806973924116	0.847230436220843	0.649829855546013	0.824190196795739	0.202556426966914	0.945047814485368	0.966806164654545	0.94300474712207	0.470085682196784	0.1282025479163	0.389066089026845	0.84118863926872	0.535772200246789	0.836845455381707	0.690478242962376	0.724876768988499	0.47910555275838	0.546602300607111	0.85234549930137	0.501196064308108	0.452386818672487	0.15509726738024	0.400858412193335
CD47	0.768140709164033	0.913819319712285	0.477132796703041	0.955390028811671	0.918198058309216	0.967834779527502	0.513203163939862	0.930199525648854	0.857055668390072	0.940372432649466	0.938108768727477	0.896506887365545	0.93745503095395	0.926179138416332	0.968621206741209	0.876878215590963	0.946462211613417	0.949626447080637	0.930016357818633	0.796631823218882	0.951384053690398	1	0.863098287612178	0.942203157036971	0.963405480136124	0.90268519102781	0.85225630308465	0.886430931505532	0.912951213454897	0.920531051353625	0.928272845987841	0.773659752475257	0.8920433956625	0.97691674304572	0.965651939339726	0.957390036399177	0.943882660670203	0.956875658774496	0.955580948436274	0.956991959275384	0.909017347683144	0.88366375138887	0.854000220628791	0.845959939566173	0.903550696187856	0.883164810034416	0.891352471742586	0.9227138961119	0.724637564157011	0.848920316177821	0.670340614572373	0.918763552738827	0.893646247545759	0.926997104320746	0.935383756894628	0.827280603806021	0.889421670994692	0.942625296986506	0.913805758677283	0.932741016313854	0.858723881948784	0.93099355873885	0.909233044286366	0.931148816399772	0.85150244418973	0.863588026780403	0.96122620313812	0.953954092720498	0.946390974376661	0.965744084315863	0.763424849861935	0.901939346510883	0.921635089268333	0.806028423864336	0.93007459846958	0.7625115336523	0.662570378849253	0.728688946319168	0.913331325402185	0.644161438577111	0.816722191716779	0.214768326412851	0.920986765507418	0.958797528239645	0.942992476612634	0.438278768069107	0.139348538766691	0.389467203600144	0.820834907621728	0.514040534481509	0.793456685750728	0.626974873263169	0.770572076582369	0.435120124519428	0.506507071980521	0.817859961545005	0.457805677246233	0.411548406605935	0.171631315795983	0.401928117626546
