""	GPR171	PTGER2	CXCR4	CD2	CLEC2D	CD3D	LAG3	RPSA	CD3G	CD96	DIP2A	ITGA4	PTPRC	NCL	CD69	JAML	TIGIT	CD47	SORL1	CD247	SELL	TRADD	CCR5	DPP4	TNFRSF14	CD8A	KLRD1	ITGB1	PILRB	S1PR4	CD44	CD46	HLA.DPB1	ACTR2	CD8B	RACK1	F2R	CCR6	TNFRSF25	PTPRA	IL2RG	CD226	IFITM1	VSIR	CD4	SPN	LAMP1	JMJD6	LRP10	ATP5F1B	PLSCR1	ADGRE5	CD74	CD63	PTPRZ1	STX4	SLC16A1	PTGER4	CD81	SMAP1	CD6	TFRC	TSPAN14	TNFRSF1B	APLP2	CANX	LPP
GPR171	1	0.988591917281853	0.804203982725344	0.903893514931346	0.895277293429784	0.89363622813568	0.373077151212098	0.741112954060055	0.884260917993423	0.891378336548794	0.102328998840953	0.544348557161168	0.920490970287511	0.113002150560757	0.761909443987431	0.835118708706132	-0.131954727051203	0.882901359186765	0.640546744215233	0.95149013475504	0.788777947961594	0.925410673621187	0.606337740969864	0.819944375509561	0.683415586433894	-0.0566867082832917	-0.190716960310492	0.551802344393583	-0.291576101756218	0.965919448975806	0.463118227057347	0.357453691330722	0.325786393763842	0.232490802107298	-0.0274458311450876	0.781869808055694	0.236449752426697	0.85344672373865	0.944493036297208	0.190290341624995	0.851030673342082	0.858981663078369	0.899359848155153	0.452561582152218	0.648880363314545	0.655169778223329	-0.0513770001447196	-0.199013923114878	0.237901233089345	0.348505091755687	-0.241259905105476	0.568031288935414	-0.0251238323602543	-0.206303304639496	-0.256101272047318	-0.157295972909811	-0.217419684920955	0.922739098792537	0.0777226762385064	0.429398303364835	0.896322687014889	-0.329777380248881	0.400864420201773	0.453606036207674	-0.200387023888884	-0.0593793393653519	-0.133234643596117
PTGER2	0.988591917281853	1	0.860208562958295	0.921470634496296	0.898580550142982	0.871468200739398	0.439604856277842	0.732284122950307	0.893757660782397	0.909630002640825	0.148430102219184	0.555488100660843	0.926049323301768	0.115704371702138	0.796283308771758	0.866112531608308	-0.129579379295444	0.898288362842285	0.652638667987761	0.955588428801582	0.74930479753923	0.913604071841409	0.638909763995725	0.797054418359394	0.680044268371041	-0.00696945076687307	-0.152529438755646	0.572423056159666	-0.318687143334752	0.935855361855254	0.453149253142122	0.384466280060601	0.36450876723041	0.255227329345817	0.017908968216333	0.776191951018434	0.247271538564175	0.824859477949999	0.939334289433694	0.17505979389745	0.838144120158346	0.89614880616852	0.887221479132384	0.471963992567406	0.628918641233559	0.631973674410174	-0.0530161758068039	-0.174062443834707	0.212806143395855	0.331998772061046	-0.209326017604602	0.601132151413167	-0.00349495512471532	-0.209458991557664	-0.26418950949184	-0.187044107531605	-0.219527060603298	0.915481155745263	0.0927753710194756	0.415844251607708	0.881295981508855	-0.343060422519506	0.422270577153384	0.460290048700518	-0.212192760542293	-0.0634425204551332	-0.164362916080805
CXCR4	0.804203982725344	0.860208562958295	1	0.812635457477808	0.800141691386987	0.643123135490301	0.57493884102542	0.514144353668429	0.798706069181268	0.838751460451283	0.331450972225625	0.635780720480926	0.835404061774253	0.0721984412135057	0.919524669111065	0.89602343913558	-0.0441669921358693	0.796266795272407	0.634976002500392	0.801282176197759	0.43250404715555	0.651968743629716	0.645261658587792	0.514174987016277	0.626572280501348	0.254202786474298	0.24692753417214	0.612749188302947	-0.166699731558522	0.686872692196804	0.391608285264038	0.366042801051969	0.472135168705586	0.360152837273801	0.290831765508278	0.550382069997349	0.488496092528214	0.493893353145915	0.774351699049705	0.0307927778614279	0.646675087198802	0.8003748685621	0.682705276302561	0.450323225061813	0.440710979975922	0.536730556389859	0.0289670179100282	0.0343125290279485	0.0785833349225945	0.178127310631488	-0.0848232946185492	0.699773965638157	0.0977018718493117	-0.242336580459736	-0.300253484823849	-0.216619098028892	-0.305038773138194	0.777811918328635	0.0636558793100625	0.226542974997697	0.768652824268161	-0.410785223659667	0.516168050034695	0.56523009769678	-0.205363532677192	-0.1281482023104	-0.243555188263619
CD2	0.903893514931346	0.921470634496296	0.812635457477808	1	0.943935870713818	0.922360841480738	0.59965243002716	0.626628418222756	0.982407800522795	0.948770983362487	0.377763636135824	0.753991177466882	0.966952173964032	0.0732300953218166	0.78829672563009	0.766367968829696	0.2007819224326	0.879144870570372	0.678244601527875	0.980693470888349	0.710688657000501	0.837435987040082	0.690932945151333	0.822005256461523	0.670025282931349	0.164144952113174	-0.0504453052489852	0.612072118961782	-0.238670489902565	0.903305175958479	0.381446669505917	0.477410853449305	0.448913891957962	0.235559553385004	0.194674606896489	0.687992304985039	0.385256170412233	0.779123400177477	0.849351391786129	0.211658095195304	0.934955377809427	0.916015208325853	0.916066960386917	0.506712262316218	0.62867584678699	0.803926278079258	-0.0685971221641516	-0.0889994989408798	0.269540598850174	0.251881841904541	-0.201297963165069	0.819811315482532	0.0570499722034605	-0.285293949219761	-0.285455513510129	-0.171490001238405	-0.208733782487441	0.905002267038907	0.040437601869135	0.335110782836619	0.898302948352699	-0.386870421716838	0.44431283700755	0.604057934524808	-0.237529759163425	-0.0977093015919634	-0.15837623149687
CLEC2D	0.895277293429784	0.898580550142982	0.800141691386987	0.943935870713818	1	0.868006665973537	0.476724849472122	0.564829814773492	0.911029612575101	0.920377576598247	0.356080098106174	0.778594065045	0.968963575128642	-0.0188649986392163	0.715088269508768	0.81586271843733	0.164119542174034	0.850399919185283	0.749618560446927	0.939888065333474	0.730187627285488	0.826552547008102	0.784783137646505	0.835715643892902	0.694014386779267	0.149577758762425	-0.0123172622513708	0.61707703689938	-0.0375897416978592	0.884963250373458	0.399898728414615	0.446801655955282	0.448067972132693	0.370014330984259	0.132119369999619	0.642288515279276	0.37412286578249	0.784779550905301	0.849467363423549	0.181473121176589	0.925786841946837	0.919354136910463	0.875190201647533	0.578139101136931	0.660940003692869	0.860663815170419	-0.0158848773367921	-0.167960635387119	0.227660696216571	0.18863539797688	-0.119162511173199	0.738384386022182	0.155741321440958	-0.283416400371184	-0.294301105172006	-0.148155307410217	-0.26275970622678	0.871146417963374	0.0329049458191418	0.258841669243955	0.876366816348915	-0.4345599973576	0.540691282533396	0.635829751749943	-0.169136245243771	-0.088125341253642	-0.0876161883553891
CD3D	0.89363622813568	0.871468200739398	0.643123135490301	0.922360841480738	0.868006665973537	1	0.337208222586519	0.744597727335341	0.943576548116002	0.858496890103588	0.178072864373552	0.656967321482978	0.907006349065763	0.149082489082382	0.686611839143317	0.666913760475786	0.0576989594738445	0.839427631339324	0.629987504305583	0.921655363411398	0.884263865509476	0.902301560905556	0.527891818941496	0.901364174440205	0.744605890585272	-0.093505068167549	-0.251411757132498	0.583228161210015	-0.252106982640952	0.952587847643126	0.456363016804653	0.446074666055863	0.435155680987229	0.192908998870065	-0.0514908313626977	0.786791730277598	0.224282599872201	0.900471379123891	0.90340060095488	0.271690136666696	0.957061473391135	0.776335026246461	0.92888464944115	0.535282164721328	0.739229318087942	0.814177562008097	-0.0643981456076949	-0.168605379134203	0.417641851621271	0.384469311894562	-0.241343559453183	0.714122828224528	0.0739545873275184	-0.180685345514421	-0.207920493510712	-0.0287003648551667	-0.139404962006668	0.942286728317504	0.106572507218328	0.526716211519506	0.840382187961708	-0.277520384471966	0.378737133853654	0.572564272219004	-0.14447139075642	-0.0161772481713583	-0.00274896862193685
LAG3	0.373077151212098	0.439604856277842	0.57493884102542	0.59965243002716	0.476724849472122	0.337208222586519	1	0.0332197213058484	0.565892961322015	0.602401903133846	0.731687458974255	0.648595837401043	0.549801036138612	-0.066425825334476	0.602572818595909	0.363411366350929	0.613312314781643	0.449236737027136	0.247916255176287	0.565223970234982	0.00553988531548364	0.175268589283599	0.33576502106408	0.155006214729852	0.185965019453492	0.731658121121787	0.459031751579341	0.355759248001069	-0.149200169121581	0.300904895986172	0.0523236637664594	0.305006863728802	0.138036828445392	0.0942973975091206	0.814839861987512	0.07595017442326	0.659655426663915	0.078116955606586	0.242452493973859	0.0528598930118183	0.44441944103165	0.550778980853641	0.344172820564874	0.0857483753750803	0.0678813812062567	0.299815382684443	-0.0170688850281359	0.240469179833694	-0.0601001683956738	-0.115134591470161	-0.120141177999804	0.660466049855546	-0.0799262952591091	-0.335562800800771	-0.209535256970457	-0.241605508085068	-0.195602164736467	0.298070484923015	-0.114350701837831	-0.203519486402187	0.485006495966409	-0.320563228333898	0.232013431433599	0.411817864405685	-0.290767221481768	-0.184543261403894	-0.311330414522543
RPSA	0.741112954060055	0.732284122950307	0.514144353668429	0.626628418222756	0.564829814773492	0.744597727335341	0.0332197213058484	1	0.637053425164061	0.572172815011273	-0.105372376687692	0.220202864924405	0.613175275054516	0.617858202665757	0.512847295136074	0.560754346046808	-0.403258902719635	0.80717918566176	0.551458160188063	0.654849580059231	0.757504188531777	0.867883780692918	0.373122923641879	0.754893800369347	0.740705540585587	-0.425593782291051	-0.500216172752175	0.628965047712704	-0.311136835371964	0.754652951396297	0.758531863209046	0.5670392096688	0.341458147202015	0.347872113078549	-0.382765434616075	0.981721673358964	-0.0715588576808457	0.790905795524714	0.805830670555392	0.493235952157664	0.624933042144078	0.548397400086562	0.721250292687368	0.535828533059531	0.747200669634489	0.437513038191987	0.251670907204236	0.110234722323253	0.59629106635245	0.813354903400184	0.0711425328890574	0.373290742138817	0.0759389394903701	0.398677718184222	0.117745174194331	0.312548473602443	0.245650781616431	0.782860313403319	0.545947975734804	0.861987153087338	0.564118466748897	0.232718276400871	0.338510294805622	0.309084338580334	0.240288483961748	0.442031987738747	0.230899411331705
CD3G	0.884260917993423	0.893757660782397	0.798706069181268	0.982407800522795	0.911029612575101	0.943576548116002	0.565892961322015	0.637053425164061	1	0.92452787988953	0.375818727158829	0.775943791047177	0.954999809893608	0.110368693212369	0.825287865245731	0.734520888540259	0.20767438740455	0.865953207331363	0.662421352450033	0.958108199866799	0.716546767602037	0.810545316740558	0.628611638895326	0.805511514466262	0.702239456618705	0.140361721561432	-0.0140454558388113	0.631965762586527	-0.241492868160973	0.893987853416387	0.403641997485245	0.479028506664463	0.475235163998642	0.215405884522328	0.196625786189332	0.687560364998682	0.441660642892347	0.758620321011864	0.852788873571961	0.218535502023861	0.939638881518266	0.859938103287294	0.912954507900693	0.491067745537845	0.633394621445818	0.819749500549729	-0.0600955638319859	-0.041745383444254	0.323891342900856	0.286301641342836	-0.213609836936518	0.86019360681616	0.06379875465963	-0.275626301750916	-0.270782554794662	-0.128085821048215	-0.201495819714807	0.924372651534508	0.0422172407226507	0.375952043065365	0.896931754591586	-0.366887056984557	0.434874054644764	0.647786540160321	-0.225858415446297	-0.099446670017401	-0.136758092012577
CD96	0.891378336548794	0.909630002640825	0.838751460451283	0.948770983362487	0.920377576598247	0.858496890103588	0.602401903133846	0.572172815011273	0.92452787988953	1	0.370488914749074	0.73816323641791	0.958555597721498	-0.0192704306149041	0.770487704383685	0.839492610718764	0.1844789029511	0.828134021915054	0.589853809874885	0.943736268394488	0.707541620666943	0.813816505574339	0.636182434889103	0.760481135665377	0.67171763752451	0.315873947951708	0.109136866270946	0.559475199857905	-0.0682056688720692	0.848177473830893	0.371566421131845	0.391510345350872	0.421472176123449	0.274173597992433	0.287294751432797	0.631208687592513	0.394083291984259	0.75721204056144	0.859466720555916	0.132070624234675	0.884383939279683	0.894157641499402	0.786411645448164	0.510413335761054	0.567438947214668	0.71647717993718	-0.101990464098432	-0.169316398177601	0.135790914445041	0.187427375086744	-0.227207976392684	0.741344764725027	0.0590923324041099	-0.308283196063854	-0.322096689436713	-0.133507398343088	-0.297931103504597	0.833356125215721	0.0196037984068463	0.242375874032775	0.809233761523564	-0.448092443286848	0.436237597166673	0.590581023000128	-0.266062949676355	-0.150199619548243	-0.192349002805386
DIP2A	0.102328998840953	0.148430102219184	0.331450972225625	0.377763636135824	0.356080098106174	0.178072864373552	0.731687458974255	-0.105372376687692	0.375818727158829	0.370488914749074	1	0.758530431789687	0.39585093104919	0.0619346588823722	0.362999059653211	0.103389559208666	0.719789901849636	0.338655655165784	0.297301021404718	0.338245131742113	-0.0880723086602301	-0.026548031635598	0.273329155556519	-0.00118699955308389	0.249908023161005	0.715686529375776	0.549975798299713	0.450742602177296	0.314519428600887	0.0872623743781322	0.120696728544697	0.487396562861562	0.244915546734597	0.303727235721762	0.749692138743542	-0.0366952209451642	0.765775914871078	-0.0970404613514959	0.034088728937044	0.285702085926554	0.308312257343848	0.372278139105882	0.122525395218017	0.24680739394965	0.110743459420619	0.361278631336844	0.230384487266325	0.427628095991661	0.174650562030753	-0.0596931176844622	0.144446970749183	0.582306323746922	0.25546529076003	-0.103172736297532	0.0635620891755454	0.148884135318464	0.0445942336297435	0.152131412125376	0.0999496390666748	-0.196079727066273	0.341363804119262	-0.0558218289324647	0.444859857903531	0.556345435003702	0.0387095684641437	0.0349793318692589	0.0952984735379664
ITGA4	0.544348557161168	0.555488100660843	0.635780720480926	0.753991177466882	0.778594065045	0.656967321482978	0.648595837401043	0.220202864924405	0.775943791047177	0.73816323641791	0.758530431789687	1	0.806748590547885	-0.0658293684378549	0.668721119528239	0.519726719620204	0.569879116218311	0.62898710330083	0.627849050768888	0.711871768991595	0.42012967718593	0.42972729384086	0.550425303832047	0.492707843924732	0.634873104448677	0.497642613614064	0.390858156358635	0.640608990808409	0.199681607464306	0.562812909054219	0.30713695943311	0.447163787458379	0.522228969623642	0.423702277552091	0.53035578742851	0.288820405912461	0.690573097717482	0.394454763543711	0.52049529782757	0.12606626571354	0.763551983714702	0.660641048575177	0.572707013333486	0.567310929450934	0.521805765080691	0.804976668711241	0.138921868893694	0.0847266911590076	0.224357528915867	0.00777963512273883	-0.00217863254399406	0.843568884300857	0.356624261824598	-0.301366573660709	-0.264477094815201	-0.0160994012307191	-0.295250687762032	0.625378390650788	-0.00711792502515363	0.0143514701452799	0.691864160907124	-0.409902611364846	0.598977355223965	0.847262723322024	-0.0621731151511659	-0.0833439947499531	-0.00109882843244443
PTPRC	0.920490970287511	0.926049323301768	0.835404061774253	0.966952173964032	0.968963575128642	0.907006349065763	0.549801036138612	0.613175275054516	0.954999809893608	0.958555597721498	0.39585093104919	0.806748590547885	1	0.0340265955956718	0.787665553959742	0.831221023479112	0.163903199442867	0.88575766345005	0.743312269330534	0.967902864021842	0.746344489149742	0.842381267241102	0.690816071194988	0.807103364656623	0.759235254633063	0.20050930647646	0.0418470486716932	0.675281943337457	-0.0901021219277171	0.906260531840929	0.468961736115848	0.458604697521288	0.501554871832086	0.373955777229874	0.206908222184493	0.673722533334939	0.423515908752386	0.78327038609953	0.878309728112059	0.184079480200583	0.931606035140853	0.912112513164024	0.871999548567559	0.58799903397643	0.692586569218661	0.816619158324247	0.0294756060861093	-0.126830441558694	0.259350214550434	0.247442703081559	-0.126655841170164	0.776785901236941	0.170208244135273	-0.25762967753659	-0.303160452746878	-0.106659750805796	-0.286278266363921	0.901442234604946	0.0760751909502819	0.31057106310311	0.891394692334172	-0.421395726702902	0.559017622518616	0.703524329409285	-0.145760600633201	-0.0561700615628428	-0.0950667497344044
NCL	0.113002150560757	0.115704371702138	0.0721984412135057	0.0732300953218166	-0.0188649986392163	0.149082489082382	-0.066425825334476	0.617858202665757	0.110368693212369	-0.0192704306149041	0.0619346588823722	-0.0658293684378549	0.0340265955956718	1	0.148300315235644	-0.0185998866481327	-0.262926570853539	0.388367782407877	0.250104087008093	0.0730363431650886	0.0947899196091589	0.233678922718595	0.0387926863859382	0.118779303963883	0.300753169739582	-0.353033676082127	-0.317887922610746	0.489091555445796	-0.1139309660111	0.135145958048676	0.611079069166284	0.655988141587806	0.165787612409672	0.276864735719044	-0.256520499802468	0.589382822673665	0.0447916852169339	0.114349630766618	0.153729764595246	0.704763936772034	0.0182986071879728	-0.00676257825634629	0.188265120961738	0.160850558232784	0.295477240701448	-0.0117858927693769	0.452424913815814	0.701791909648989	0.692463758933885	0.893784635486071	0.377477585083681	0.12457956881172	0.141496738870005	0.720229605855085	0.553140617283123	0.614583425602312	0.728413984353529	0.235590229764258	0.719931378687917	0.723728291296017	0.103794173474842	0.816874530763628	0.235838785361952	0.0978029674094544	0.487850605014541	0.663000958132127	0.446564441005962
CD69	0.761909443987431	0.796283308771758	0.919524669111065	0.78829672563009	0.715088269508768	0.686611839143317	0.602572818595909	0.512847295136074	0.825287865245731	0.770487704383685	0.362999059653211	0.668721119528239	0.787665553959742	0.148300315235644	1	0.742665547564782	0.0460026347260694	0.761832411590689	0.526488714223776	0.781560431703336	0.408674214344008	0.579802675363613	0.453898830936033	0.453276587706424	0.620905569684372	0.208106979260746	0.237160086860552	0.595736252663034	-0.289328610687217	0.688051241261448	0.363476619480138	0.359421693254949	0.39815757380525	0.224443981824273	0.348907355395593	0.526189732374385	0.603932014812061	0.431694744211954	0.744021592913631	0.0652601119907123	0.655725734413615	0.653479130555645	0.690612226314738	0.348888135627657	0.415688356926412	0.526523536063282	0.0189908458470136	0.16188107324849	0.181676370391472	0.207973634736643	-0.205007668987316	0.759423193769378	0.00837274019448335	-0.263524396307	-0.252240171620793	-0.186658438338043	-0.256846814872419	0.800608095349676	0.0145964328036348	0.277435702560518	0.798781845595148	-0.342136211831186	0.420708623609719	0.573522994111591	-0.236653963995862	-0.154066174595755	-0.21506673326287
JAML	0.835118708706132	0.866112531608308	0.89602343913558	0.766367968829696	0.81586271843733	0.666913760475786	0.363411366350929	0.560754346046808	0.734520888540259	0.839492610718764	0.103389559208666	0.519726719620204	0.831221023479112	-0.0185998866481327	0.742665547564782	1	-0.187066712345715	0.743565639938455	0.663812936465841	0.770699439555983	0.614803602657246	0.761116863061726	0.623675019039243	0.614705075635021	0.638814081705603	0.135322956555402	0.115407332751796	0.545180585314702	-0.0330823405474513	0.736468215482858	0.414250212533597	0.303702126565377	0.552203629235568	0.429668863394551	0.0882166229571345	0.609765480662508	0.249417065261656	0.662048096412175	0.836660903688518	0.0171883975139096	0.672769341620356	0.799080954553986	0.671123919043005	0.52410715394178	0.514644077116409	0.531672860464237	-0.0376332846877202	-0.198140671634602	0.0578389989393206	0.217749076020292	-0.0708664390682116	0.52906493691434	0.194333573603372	-0.202307022040338	-0.294449449892705	-0.164841016632134	-0.343518695223882	0.750816184894902	0.117496106272886	0.283503737867969	0.673347189618678	-0.436606668638809	0.510409879327542	0.531028783549759	-0.160681545838569	-0.106532799878758	-0.16918915142826
TIGIT	-0.131954727051203	-0.129579379295444	-0.0441669921358693	0.2007819224326	0.164119542174034	0.0576989594738445	0.613312314781643	-0.403258902719635	0.20767438740455	0.1844789029511	0.719789901849636	0.569879116218311	0.163903199442867	-0.262926570853539	0.0460026347260694	-0.187066712345715	1	-0.0575655506821361	-0.0314873169326123	0.133821538223514	-0.190957425800072	-0.252859111635903	0.0960919300504215	-0.0505728933656239	-0.0892349008161745	0.72021778028279	0.500258004212966	0.0378370954594131	0.293561168345398	-0.0716130069658289	-0.238935881279849	0.110308824011637	-0.0137061520162752	-0.0696707642818317	0.736047253343983	-0.359413117406541	0.575816829151898	-0.203557564258818	-0.244839178555498	0.0143710039445211	0.235220108905807	0.125657661364107	0.00289521611297318	-0.0614341600353868	-0.126230793742097	0.339752255296138	-0.0412486429973827	0.208227851997996	-0.0727145555243851	-0.349308464549632	-0.0721921496258271	0.476820933209981	-0.00757090671569206	-0.335275033457393	-0.15052224154553	-0.0549624117843649	-0.125365518977839	-0.10296874068458	-0.293481868284929	-0.483024719848605	0.133195094851603	-0.243451881621291	0.0288560203698969	0.336379508862326	-0.186934979392455	-0.209498456339309	-0.147024344758403
CD47	0.882901359186765	0.898288362842285	0.796266795272407	0.879144870570372	0.850399919185283	0.839427631339324	0.449236737027136	0.80717918566176	0.865953207331363	0.828134021915054	0.338655655165784	0.62898710330083	0.88575766345005	0.388367782407877	0.761832411590689	0.743565639938455	-0.0575655506821361	1	0.788642856377684	0.888754745209054	0.686050756073257	0.867433562425859	0.6800495952512	0.77911102835879	0.809784650241743	-0.0336497792472853	-0.17530734060874	0.828496380936761	-0.194781226183178	0.858127609204926	0.693574747590685	0.717106880582213	0.474062718473	0.491678119184513	0.0119149153851753	0.861199916171447	0.358717764765457	0.749102418235106	0.861834789508056	0.502120721270633	0.80241305770735	0.824408975515393	0.855284471505933	0.615980280943436	0.763361687476784	0.673862526748883	0.260463316543796	0.152104422150388	0.553008588018499	0.564865301660725	0.111138420572181	0.690060356883733	0.205918557317403	0.124489545945207	0.0614406375003001	0.174908738649467	0.0835580378259717	0.905111850203505	0.437195116326261	0.602275938213445	0.827257754621065	-0.0394482049071076	0.642108197760642	0.609165870965855	0.134366692672238	0.285385916897417	0.196978656024146
SORL1	0.640546744215233	0.652638667987761	0.634976002500392	0.678244601527875	0.749618560446927	0.629987504305583	0.247916255176287	0.551458160188063	0.662421352450033	0.589853809874885	0.297301021404718	0.627849050768888	0.743312269330534	0.250104087008093	0.526488714223776	0.663812936465841	-0.0314873169326123	0.788642856377684	1	0.646059639145329	0.507680532217894	0.656591712759848	0.77159016925631	0.650420804429182	0.749712377310493	-0.0800825110737607	-0.107594538906902	0.864604025307606	0.00464807825033404	0.6494671583433	0.680000903388685	0.636396493984529	0.736412903715371	0.718188358884831	-0.0764086245291754	0.614860624534361	0.260062500563674	0.558538837745463	0.614028371462849	0.33510155767236	0.636933057765215	0.67737112323458	0.714705232246645	0.740533086568522	0.802383247383688	0.720533297860479	0.46721430073696	0.0921467666518052	0.505326123133071	0.421979549595001	0.44783824801584	0.617229284753074	0.603014738102927	0.156625945252932	-0.0292196177086199	0.153892551581149	-0.0690466188129627	0.717497770694618	0.439363836984309	0.436145521620365	0.659476438986661	-0.116634772647849	0.866089257469047	0.783580623470627	0.376447531458514	0.385263428438947	0.285625382318967
CD247	0.95149013475504	0.955588428801582	0.801282176197759	0.980693470888349	0.939888065333474	0.921655363411398	0.565223970234982	0.654849580059231	0.958108199866799	0.943736268394488	0.338245131742113	0.711871768991595	0.967902864021842	0.0730363431650886	0.781560431703336	0.770699439555983	0.133821538223514	0.888754745209054	0.646059639145329	1	0.74245950632675	0.869784127978388	0.6443334311157	0.815678436895052	0.676261873986332	0.125469032597745	-0.0937412224340234	0.585440653549711	-0.258197494217054	0.941282464154063	0.400052468266647	0.43131445190936	0.364349452693554	0.226127338408321	0.161110431364996	0.710385246257043	0.363864267416031	0.80748478065137	0.878382481408913	0.210970110663908	0.92268401733125	0.917779089165101	0.911486477398582	0.480955780199116	0.638477101022003	0.748106176670894	-0.058155674859756	-0.129253526334487	0.247982184662243	0.267696454891492	-0.240771410545445	0.725648017529306	0.00762265001606035	-0.278823141286447	-0.28596380144961	-0.175528879790032	-0.220015975785953	0.91039485855626	0.032258265713812	0.336151067549582	0.927771713076149	-0.372952034928894	0.422114629028218	0.553158739137468	-0.237625409476896	-0.0921635482923894	-0.157440951429733
SELL	0.788777947961594	0.74930479753923	0.43250404715555	0.710688657000501	0.730187627285488	0.884263865509476	0.00553988531548364	0.757504188531777	0.716546767602037	0.707541620666943	-0.0880723086602301	0.42012967718593	0.746344489149742	0.0947899196091589	0.408674214344008	0.614803602657246	-0.190957425800072	0.686050756073257	0.507680532217894	0.74245950632675	1	0.909205701787982	0.380945459224229	0.891717422786152	0.721419585236582	-0.287489038665193	-0.419025626805029	0.432300112794698	-0.107719835274252	0.856804448004783	0.46032291247925	0.321648086984231	0.378459996629073	0.243658885468612	-0.33593601051178	0.794379191858403	-0.112823206100845	0.970547922024415	0.8753120413678	0.238095629995231	0.838555880526846	0.643276567938212	0.753089294775338	0.586993625041501	0.755806809502862	0.662062589631931	-0.0931598154488565	-0.387718459111163	0.378063051221358	0.41023377281717	-0.197067861414723	0.390002384144351	0.138360750668997	-0.0466166325165193	-0.142671950407632	0.0828782047793782	-0.105139079773468	0.803783360802108	0.184260587911499	0.591199985433246	0.586388417087446	-0.19842032192807	0.287756931167386	0.40561426690005	-0.0366780943474333	0.058286653335858	0.13240533759104
TRADD	0.925410673621187	0.913604071841409	0.651968743629716	0.837435987040082	0.826552547008102	0.902301560905556	0.175268589283599	0.867883780692918	0.810545316740558	0.813816505574339	-0.026548031635598	0.42972729384086	0.842381267241102	0.233678922718595	0.579802675363613	0.761116863061726	-0.252859111635903	0.867433562425859	0.656591712759848	0.869784127978388	0.909205701787982	1	0.573737158705879	0.91205054775648	0.758079227946015	-0.253191336228851	-0.427400912321384	0.582848023482453	-0.256855639772846	0.938306301943994	0.576199121369924	0.451868702140237	0.415502898877257	0.331156979337172	-0.274259498658166	0.90562667530716	-0.0290880691391394	0.961359601527806	0.939261246156518	0.302280761555801	0.837776418821535	0.797689969028415	0.871273038295194	0.609659578959846	0.788389769863584	0.640761062284274	0.0269163859230336	-0.244587143709695	0.392721054421885	0.512532063624436	-0.0944243994318954	0.475427272532814	0.119236970135738	0.0186584159052666	-0.129034135127383	0.0337700480079179	-0.0669189379270253	0.900736828182578	0.283180666395697	0.629905614551085	0.743813592657826	-0.157044471410891	0.415136941088949	0.425969010539492	-0.00377061576901532	0.151772887259665	0.0680030510576309
CCR5	0.606337740969864	0.638909763995725	0.645261658587792	0.690932945151333	0.784783137646505	0.527891818941496	0.33576502106408	0.373122923641879	0.628611638895326	0.636182434889103	0.273329155556519	0.550425303832047	0.690816071194988	0.0387926863859382	0.453898830936033	0.623675019039243	0.0960919300504215	0.6800495952512	0.77159016925631	0.6443334311157	0.380945459224229	0.573737158705879	1	0.676880601016056	0.472377532727891	0.0813504071631202	-0.039402266488301	0.591103884093939	0.00238261673894014	0.551798643950079	0.390094255625545	0.451235894665163	0.403848967959222	0.495739190862609	0.00543102295496679	0.461227555027171	0.248953775617345	0.50066130368535	0.540935861386141	0.187217698811711	0.609917339958375	0.753270365413109	0.665912192205118	0.521739134229897	0.522285501298881	0.716067318388817	0.14514245350505	-0.0292409341350402	0.178766538436477	0.163888462043275	0.273549099992244	0.607906551280787	0.280331680786608	-0.0835324775261788	-0.165743499090612	-0.110836568829318	-0.116605352656717	0.603839560891262	0.135506981688996	0.130808043774949	0.623241107834963	-0.266417966382684	0.592993271537274	0.503806945697125	0.0465449967011985	0.102058499149122	-0.0102174964962742
DPP4	0.819944375509561	0.797054418359394	0.514174987016277	0.822005256461523	0.835715643892902	0.901364174440205	0.155006214729852	0.754893800369347	0.805511514466262	0.760481135665377	-0.00118699955308389	0.492707843924732	0.807103364656623	0.118779303963883	0.453276587706424	0.614705075635021	-0.0505728933656239	0.77911102835879	0.650420804429182	0.815678436895052	0.891717422786152	0.91205054775648	0.676880601016056	1	0.689515320613229	-0.233647410860326	-0.42952831586575	0.531653720203401	-0.199652193925377	0.869756861378354	0.508252140908218	0.422839465608225	0.356091908131594	0.288782069594354	-0.270199392791599	0.799803449878283	-0.0253408020515996	0.942532164064936	0.845581489041535	0.279311411180174	0.899029483717398	0.756275332096935	0.876650682184548	0.596761711449459	0.784557249020262	0.806480096795663	-0.00206473678175059	-0.276388253114831	0.39446652121496	0.40051802910325	-0.0626149282372462	0.564786152224891	0.102614021952272	-0.0325635442997064	-0.173583113412951	0.0125951303465108	-0.0790942204697027	0.838117963779055	0.177681803839933	0.524787098083906	0.68959562873841	-0.222874319527006	0.356560456190012	0.438905465606168	-0.00880746251007661	0.125976674513889	0.0715591657782167
TNFRSF14	0.683415586433894	0.680044268371041	0.626572280501348	0.670025282931349	0.694014386779267	0.744605890585272	0.185965019453492	0.740705540585587	0.702239456618705	0.67171763752451	0.249908023161005	0.634873104448677	0.759235254633063	0.300753169739582	0.620905569684372	0.638814081705603	-0.0892349008161745	0.809784650241743	0.749712377310493	0.676261873986332	0.721419585236582	0.758079227946015	0.472377532727891	0.689515320613229	1	-0.089165627790784	-0.0966402820724157	0.853106998774742	0.0380297676405333	0.705415925128677	0.809765721484425	0.57243449517338	0.627108723209949	0.692304345502537	-0.0846041818226677	0.745575866734368	0.224757506812122	0.679223255160353	0.764848038218768	0.310114663588535	0.710673179229088	0.603121844811666	0.638950347830794	0.843433487519628	0.913694191537689	0.642592292727207	0.487394919955587	0.041996739604527	0.555789294275358	0.523694564602085	0.285473087107863	0.580704581028546	0.490930022468585	0.255644783359141	-0.0452096830282185	0.35744837717902	-0.0962849710477015	0.799123579992846	0.484457457603496	0.601842367200283	0.598682098239079	-0.0750970500916399	0.732476834310152	0.790174851907976	0.405249890118474	0.431948744593595	0.341803302068091
CD8A	-0.0566867082832917	-0.00696945076687307	0.254202786474298	0.164144952113174	0.149577758762425	-0.093505068167549	0.731658121121787	-0.425593782291051	0.140361721561432	0.315873947951708	0.715686529375776	0.497642613614064	0.20050930647646	-0.353033676082127	0.208106979260746	0.135322956555402	0.72021778028279	-0.0336497792472853	-0.0800825110737607	0.125469032597745	-0.287489038665193	-0.253191336228851	0.0813504071631202	-0.233647410860326	-0.089165627790784	1	0.850214329112712	0.024751603064369	0.412199934787209	-0.151310999226751	-0.199152753499539	-0.0251700460137386	0.00360558702789577	0.044168569204757	0.942087181949299	-0.392557126828066	0.63009738231538	-0.287277157482025	-0.141021893425649	-0.189270432545482	0.0708115232573172	0.193400798607525	-0.189663556545059	-0.0807628326108071	-0.284410893775956	0.0603844241464939	-0.0753117778043065	0.123872169011783	-0.392623894263451	-0.437853842521135	-0.0941740310875802	0.346279174095257	-0.0281609012180286	-0.380401683698388	-0.25316611117924	-0.136673430019003	-0.322777054978595	-0.174690100704927	-0.276704158412492	-0.604099151283886	0.0524821289782136	-0.38024135601825	0.0898209398871325	0.281310955048783	-0.278557428030788	-0.323622234261022	-0.330327090606228
KLRD1	-0.190716960310492	-0.152529438755646	0.24692753417214	-0.0504453052489852	-0.0123172622513708	-0.251411757132498	0.459031751579341	-0.500216172752175	-0.0140454558388113	0.109136866270946	0.549975798299713	0.390858156358635	0.0418470486716932	-0.317887922610746	0.237160086860552	0.115407332751796	0.500258004212966	-0.17530734060874	-0.107594538906902	-0.0937412224340234	-0.419025626805029	-0.427400912321384	-0.039402266488301	-0.42952831586575	-0.0966402820724157	0.850214329112712	1	-1.35640128254766e-05	0.512385495184869	-0.303576730819785	-0.191664907355493	-0.138717737308934	0.0630561118093304	0.0653061500411857	0.824202053760869	-0.495472352792944	0.684667088690991	-0.479696366452726	-0.214130116506062	-0.293408647655936	-0.12614502125985	-0.0335464075392814	-0.333787758141756	-0.150124829287372	-0.381708037751132	-0.024350437042396	-0.0170032408389041	0.214637575194456	-0.389670353627286	-0.435741154770022	-0.0419221028936394	0.264292105275994	0.0284916446661903	-0.330269531267207	-0.224525828138216	-0.0885036250462302	-0.350392169317035	-0.233784795163992	-0.281402375144746	-0.570859264725128	-0.0550691532064079	-0.350597620290035	0.10520967750301	0.295830516033618	-0.209111053181074	-0.352379811746604	-0.286443723500505
ITGB1	0.551802344393583	0.572423056159666	0.612749188302947	0.612072118961782	0.61707703689938	0.583228161210015	0.355759248001069	0.628965047712704	0.631965762586527	0.559475199857905	0.450742602177296	0.640608990808409	0.675281943337457	0.489091555445796	0.595736252663034	0.545180585314702	0.0378370954594131	0.828496380936761	0.864604025307606	0.585440653549711	0.432300112794698	0.582848023482453	0.591103884093939	0.531653720203401	0.853106998774742	0.024751603064369	-1.35640128254766e-05	1	0.0475517046033137	0.551577034446512	0.859455761823786	0.81123716797539	0.667062294735324	0.796813239548254	0.0737790226366036	0.664915642024155	0.422551060973434	0.446024828070147	0.567690879300404	0.531575042095152	0.568263788821192	0.548649574532582	0.588977199820292	0.735204443972483	0.802889121479761	0.575446038788444	0.656959161448512	0.391633473448925	0.691640271436714	0.612476392951631	0.555525356528692	0.653195130977662	0.583299383081719	0.407016299632653	0.209018132345493	0.458695268982678	0.139427373034454	0.671060565821528	0.663865899333288	0.567659806327516	0.563020519196498	0.145182985325815	0.879484288577869	0.826664367246983	0.554756273077056	0.600935333568092	0.466277480660478
PILRB	-0.291576101756218	-0.318687143334752	-0.166699731558522	-0.238670489902565	-0.0375897416978592	-0.252106982640952	-0.149200169121581	-0.311136835371964	-0.241492868160973	-0.0682056688720692	0.314519428600887	0.199681607464306	-0.0901021219277171	-0.1139309660111	-0.289328610687217	-0.0330823405474513	0.293561168345398	-0.194781226183178	0.00464807825033404	-0.258197494217054	-0.107719835274252	-0.256855639772846	0.00238261673894014	-0.199652193925377	0.0380297676405333	0.412199934787209	0.512385495184869	0.0475517046033137	1	-0.287130972988331	0.0411492412363001	0.1173784838009	0.122187760554872	0.359288112506161	0.214972836664231	-0.26022086810853	0.237001166905441	-0.209659707910809	-0.228143410174891	0.145674085872122	-0.136452631911473	-0.152271358078554	-0.385667599679285	0.153454062921753	-0.0861160831519577	0.0847803285080088	0.170057506920254	0.123967770132843	0.0129331917841809	-0.0916541542386404	0.271910999429998	-0.0507763122594364	0.349570938306294	0.152238115953533	0.211625145802314	0.478350120812682	0.0852413591628042	-0.287013255706746	0.166015238867504	-0.220860243063595	-0.278196304031949	0.0804481444929626	0.24774114072225	0.239806479623416	0.266051119842716	0.0954242987016582	0.349324933126117
S1PR4	0.965919448975806	0.935855361855254	0.686872692196804	0.903305175958479	0.884963250373458	0.952587847643126	0.300904895986172	0.754652951396297	0.893987853416387	0.848177473830893	0.0872623743781322	0.562812909054219	0.906260531840929	0.135145958048676	0.688051241261448	0.736468215482858	-0.0716130069658289	0.858127609204926	0.6494671583433	0.941282464154063	0.856804448004783	0.938306301943994	0.551798643950079	0.869756861378354	0.705415925128677	-0.151310999226751	-0.303576730819785	0.551577034446512	-0.287130972988331	1	0.455838882104779	0.389933561227432	0.360928596766926	0.198057081510576	-0.109528519693453	0.797182049549097	0.179720080673042	0.90128304306185	0.917399010653556	0.245260934108243	0.897901884696126	0.810494350400966	0.942892721986428	0.482643060398167	0.716849445467984	0.733144047506014	-0.0446443875897754	-0.211077589614524	0.351258017139538	0.380098012354569	-0.255452679624579	0.589617056444332	0.0149434534428936	-0.186608608855302	-0.222911797743836	-0.100846196290288	-0.167902837127968	0.943397395504009	0.0923858699430306	0.500255981096446	0.895312347917553	-0.283922331742622	0.388932477842722	0.490476348914303	-0.155010528633829	-0.0206318676534662	-0.0451560519785702
CD44	0.463118227057347	0.453149253142122	0.391608285264038	0.381446669505917	0.399898728414615	0.456363016804653	0.0523236637664594	0.758531863209046	0.403641997485245	0.371566421131845	0.120696728544697	0.30713695943311	0.468961736115848	0.611079069166284	0.363476619480138	0.414250212533597	-0.238935881279849	0.693574747590685	0.680000903388685	0.400052468266647	0.46032291247925	0.576199121369924	0.390094255625545	0.508252140908218	0.809765721484425	-0.199152753499539	-0.191664907355493	0.859455761823786	0.0411492412363001	0.455838882104779	1	0.656587014522869	0.435150462945602	0.761001210307434	-0.17836125787561	0.730130426294988	0.121639501512196	0.461980702223648	0.517233958016422	0.523735300816951	0.396857897384534	0.339154602348068	0.428443952331151	0.659006894193637	0.801160038108714	0.348659485560617	0.762160001357619	0.335508167824523	0.668551038879966	0.775553757470134	0.58899677335468	0.328062519568671	0.434148122289607	0.676142571040723	0.25694209664253	0.615212656779797	0.226801759758185	0.520710773388032	0.770795815618981	0.688149563641546	0.352282523327734	0.339473404752822	0.677977121006716	0.57083807523134	0.717290296102676	0.793814020790025	0.52150118217691
CD46	0.357453691330722	0.384466280060601	0.366042801051969	0.477410853449305	0.446801655955282	0.446074666055863	0.305006863728802	0.5670392096688	0.479028506664463	0.391510345350872	0.487396562861562	0.447163787458379	0.458604697521288	0.655988141587806	0.359421693254949	0.303702126565377	0.110308824011637	0.717106880582213	0.636396493984529	0.43131445190936	0.321648086984231	0.451868702140237	0.451235894665163	0.422839465608225	0.57243449517338	-0.0251700460137386	-0.138717737308934	0.81123716797539	0.1173784838009	0.389933561227432	0.656587014522869	1	0.495007886167441	0.57865574454983	0.00974797081184046	0.647803702075815	0.373162608335172	0.35442862959339	0.381608114825082	0.866153857539409	0.440015918568781	0.429491325390262	0.468299781360098	0.509554944649129	0.551683670271794	0.438195222195901	0.455468562958807	0.584432798876553	0.847740221576533	0.706734656298355	0.486020860314322	0.542585445579456	0.415627848912715	0.529753362064832	0.608623651750119	0.629741158903103	0.606842948708703	0.491605083713867	0.784092448634481	0.651832949923431	0.377111153657757	0.477591262000487	0.646348089249625	0.525436516025326	0.483549591761864	0.604217879785902	0.636151385803545
