Cellname,NefMES,NefAC,NefOPC,NefNPC,VerPN,VerNL,VerCL,VerMES,OXPHOS,GLYC,FAO,G2M,KEGG_CC,WP_CC,BIOCARTA_CC,PD-L1
GCGACCAAGTAGGTGC.1,0.103547151155605,0.194008518423234,0.0603550837375309,0.0820877235971576,0.0540171191359612,0.0383169462116831,0.0380590215884334,0.0256074444252973,0.209158383209851,0.0728629335534242,0.0591894603673167,0.0857629255170532,0.0752151381162934,0.0746006687389075,0.0572183521498919,0
CTGGTCTAGATGAGAG.1,0.105660610554938,0.222050710345025,0.100416399743754,0.108334013994391,0.0517247713162632,0.0429772656493304,0.0172628243216479,0.0205066344993969,0.215848867561368,0.0698677458217131,0.0589538891070104,0.095775855907369,0.0898492844577569,0.0926526970181305,0.123276483305309,0
ACGCCGAGTACAGCAG.1,0.0881844024224447,0.162393162393162,0.0528736158140386,0.0893299572544856,0.063686124683149,0.038828580326556,0.0289641513170925,0.0207823539548509,0.184426661744931,0.0652884365785638,0.0719452078698251,0.12269575896193,0.0808634051252793,0.0833864467607346,0.114965169349027,0
AGGCCACAGAAAGTGG.1,0.114238042269188,0.266129262784781,0.0800311155852476,0.0932505649486782,0.0432533705594945,0.0352916314454776,0.0224440483264013,0.0217887299672583,0.203417090726923,0.0777417615697446,0.0640492082188195,0.099680963736428,0.0869871154851899,0.0882892246747007,0.138121546961326,0
GGGACCTGTAAGTAGT.1,0.0903472994685453,0.133207557956722,0.0332891003935206,0.0845517166271883,0.0479703170346424,0.0439894113983183,0.0189027530204001,0.0229260727210064,0.221517652332112,0.0807968530560899,0.0568337477642542,0.147802808298841,0.095982503684686,0.0925154192365394,0.141724717751621,0
ATCCACCTCTTCTGGC.1,0.0416882956371277,0.0685761655661321,0.0336551661023154,0.129842903427809,0.0843392968663899,0.0367375539440317,0.0113685878391761,0.00692055833189729,0.201920795211854,0.0615877157367163,0.0545827334991057,0.150596812236438,0.11016973327628,0.112803114244531,0.116166226279126,0
ACATACGGTACCGAGA.1,0.0628476084538376,0.156904782322843,0.0836002562459962,0.0978109940374091,0.0608353844458323,0.0428994082840237,0.018356110120816,0.0132758917801137,0.224483876921454,0.0641569212132507,0.0517995026828949,0.139576740891872,0.0946322445680597,0.0934861692635047,0.130290655777084,0
ACTGAGTAGTGTCTCA.1,0.0699542701767396,0.139553497413029,0.0343415393063055,0.0788069372975033,0.0556629073142059,0.0381612314810695,0.0182768865121806,0.016219196967086,0.211887309832046,0.0754787308391185,0.0716921868865332,0.142286274942983,0.0900299529311083,0.0925056136807115,0.112226759548403,0
ATCCGAAGTTGTTTGG.1,0.0850203930292918,0.207043421090244,0.0795506543424545,0.0789430695091072,0.0508871826898351,0.0241135382835788,0.0301128936423054,0.0184869894881958,0.199086402826482,0.075651786130284,0.0708371504602364,0.103586071565487,0.107640374649361,0.109998725277742,0.131395628152774,0
CGTGTCTTCTGAGTGT.1,0.0778148560128538,0.0948460680902152,0.0294682895579757,0.106292030820333,0.0694096469637412,0.0287404902789518,0.0200435729847495,0.0146751680165432,0.193312152292562,0.064023801758508,0.0570693190245605,0.186113150661789,0.118908382066277,0.122579253404979,0.208551525342301,0
CTGTGCTTCACCAGGC.1,0.0882709183042887,0.134865506102964,0.0348677587626979,0.0733888752756677,0.0497997869292091,0.0434332873604129,0.0309685086155674,0.0218300878855764,0.215572019933029,0.0814358264388549,0.0495572132792392,0.119836778188576,0.0881662149954833,0.0909171136365865,0.170405957242373,0
TACAGTGTCGTCTGAA.1,0.0921146953405018,0.174313237858388,0.0397410085110277,0.0514579759862779,0.0377502663384887,0.0520532099479468,0.0236799366211131,0.0230018955712562,0.23700134468848,0.0815290100571748,0.0696767438816909,0.0885829201889526,0.0736937193933343,0.0759930576664738,0.0613499879894307,0
TGCGGGTAGCGATAGC.1,0.109838091706835,0.162736186147557,0.0491214422988926,0.0749407824879523,0.0532089195841446,0.0396850113449304,0.021113091701327,0.0308599000516974,0.196383842645081,0.0637908427127083,0.0595384548270296,0.11603563329673,0.0761755336851614,0.0756106409891845,0.0989190487629114,0
GAGTCCGGTGTAATGA.1,0.0872945247806204,0.173226995969471,0.0767594033128947,0.0922295733616488,0.0567943866867492,0.0279174267028518,0.0301287383640325,0.0297570222298811,0.173741661613099,0.075159244147736,0.0723378266370021,0.140837291505578,0.0918176199305853,0.0946824470745124,0.166994955560894,0
TGACTTTAGACTGGGT.1,0.0925225559263379,0.162050138638767,0.0361718678502791,0.0947207928340004,0.0505785974064142,0.0511634114872981,0.0266032877797584,0.0212303980699638,0.251654494159833,0.074227407964537,0.0791606683243904,0.0784530314942723,0.0838967337041791,0.086514419069845,0.080182560653375,0
CTAACTTCAGCAGTTT.1,0.0504263997033741,0.109767601406397,0.0486409810560996,0.114364670968445,0.0610631497740715,0.0413422609778885,0.0223569023569024,0.00687920041357918,0.216692593666781,0.066573039316831,0.0452209571173058,0.154969753282955,0.0958969238815195,0.0957806693272408,0.0660581311554168,0
TACGGTATCCTCAACC.1,0.0699913484118156,0.173712946288197,0.0586391507275556,0.0690326445043426,0.0543477462253407,0.0518418828135427,0.0221350762527233,0.00831294158194038,0.225716508028581,0.0829667001683961,0.0683243903503032,0.124937459795583,0.0694527647030856,0.0716197797672161,0.0721114580831131,0
TCTTCGGTCTAACTCT.1,0.123173896922506,0.193865591858903,0.0618422256795095,0.0682975305616815,0.0355313912053194,0.0378831694621168,0.0310873440285205,0.032927795967603,0.224154296411527,0.0712455321783002,0.0698599659730402,0.0643985419198056,0.0839632957733086,0.0865830579606405,0.092097045399952,0
GGACAGAGTGAGGCTA.1,0.0864170065504882,0.19518051625075,0.0761187883225039,0.128250156552043,0.0605708827743286,0.0425546113805223,0.0286710239651416,0.0176529381354472,0.216323463495663,0.0777417615697446,0.0663176722069537,0.0770560295254742,0.0787524366471735,0.0812096133669337,0.046841220273841,0
AACTTTCGTCTGGTCG.1,0.0832777159807193,0.228882600120058,0.0503340349592752,0.0770099921043317,0.0592483744168106,0.0336121368510032,0.0246781540899188,0.0191280372221265,0.227403960239407,0.0677444905185668,0.0784888539894429,0.058479152182247,0.0915703893881044,0.0944275026229862,0.0705741052125871,0
AATCCAGTCTGAGTGT.1,0.106093189964158,0.2146185289998,0.0794133797016564,0.0954150671131803,0.0443260717828147,0.0379832717889398,0.027807486631016,0.0239048767878683,0.242828328103989,0.0687362304564001,0.0558914627230293,0.0777252909337821,0.0720772120001902,0.0743261131757254,0.122892145087677,0
TAGACCAAGGATGCGT.1,0.0598937090594488,0.11737129462882,0.0346389676947012,0.121579678183452,0.0649204658168326,0.0422765493615696,0.0279025549613785,0.00721695674651043,0.212717852717062,0.071924441397488,0.058133752126685,0.150590314552862,0.0992060096039557,0.102301363952816,0.18390583713668,0
CTGATAGCAACACCTA.1,0.111222345816339,0.24860646599777,0.0880845611787316,0.0704211930627025,0.0391682891884942,0.032143969390933,0.0293523469994058,0.0347061864552817,0.21006143380705,0.0552778535819117,0.0374034812197356,0.0955289439314884,0.0680929967194409,0.0702175852838218,0.0478020658179198,0
AGTGTCACAATGTAAG.1,0.0662711654925226,0.137295257696595,0.0388716024526402,0.0952925481227368,0.0660813342639874,0.0496173866619211,0.0209229550406021,0.00761674995691883,0.196838663748781,0.054998302726952,0.0403263098198316,0.101500315137653,0.0830599534065516,0.0850239745839993,0.109055969252943,0
CCAATCCGTCAGAAGC.1,0.0718823384006921,0.152874253208701,0.0386656904914432,0.0930327534101119,0.0589471364020425,0.0447123726475953,0.02407605466429,0.0128623125969326,0.214240514672924,0.0621135375829501,0.0621908127208481,0.0722867297808331,0.070517757809157,0.0727180020199445,0.0593322123468652,0
CAGCTAAGTTAGATGA.1,0.0977258682486714,0.189720721493297,0.0423263475793905,0.0872062947534646,0.045273869439036,0.0376051074431641,0.0319667260843731,0.0259727727037739,0.2098373190603,0.0787800933167378,0.100562753566287,0.0869584992950013,0.0845528455284553,0.0871910024219723,0.0917607494595244,0
CCTTCGAGTACCGGCT.1,0.0796934865900383,0.172798216276477,0.0615219181843141,0.0921751204770073,0.0489254619595166,0.0340125461582951,0.0349772232125173,0.0150887471997243,0.222282279115142,0.0679707935916295,0.0550102517122541,0.0864386846089369,0.061503351875624,0.0634223350950649,0.0564977179918328,0
AAACCTGCAAGTCATC.1,0.0474477814856013,0.119858216848183,0.0563512400475885,0.151869095265322,0.0823481870614599,0.0335231570049384,0.0216676569617746,0.00784421850766845,0.198236085110871,0.0677578024640411,0.0635867905596999,0.139817155184177,0.106784576617696,0.110116391947678,0.109584434302186,0
TGGCGCACAAGCCTAT.1,0.0836608577431714,0.128033616327931,0.0425093804337879,0.0807127882599581,0.0510488226001984,0.0460248253770521,0.0242899584076055,0.0176460451490608,0.198400875365834,0.0704201915588954,0.0619116171530777,0.152812522335787,0.0998906480292873,0.103007363972427,0.0779245736247898,0
GGCGTGTCATACCATG.1,0.0904090965270053,0.183574879227053,0.0700787041273909,0.0656974053200468,0.0470519084530326,0.0447568625706278,0.0360071301247772,0.0241116663794589,0.212941967463812,0.0722439280888705,0.0727304454041792,0.103319666538879,0.0788380164503399,0.0812978633693851,0.122411722315638,0
CCCATACTCGTGACAT.1,0.0802990977629465,0.150959037246663,0.0399011622586254,0.0559639521903673,0.045817567319349,0.0402300129020777,0.0267221231927114,0.0182939858693779,0.206159200569515,0.0593113730606159,0.0601404702700345,0.109369009947954,0.0778490942804165,0.0802780855632802,0.130386740331492,0
CACAGGCTCTGTTTGT.1,0.0719317760474601,0.180487665437498,0.0652969708062597,0.105230199569822,0.0666617684875647,0.029274369355341,0.0227530204000792,0.00849905221437188,0.196911171460964,0.0630853096025719,0.0647471971382454,0.0990376930624232,0.0818047829601103,0.0843571967876999,0.0938265673792938,0
CAGCTAAAGTTAAGTG.1,0.0947225312075145,0.238773118371781,0.0826850919740093,0.0893980233602875,0.0516586458983873,0.0486163633936913,0.0330837789661319,0.0173910046527658,0.207385240066443,0.0647359908413815,0.0676351262923701,0.0989337301252104,0.0747016592972947,0.0770324465842346,0.0827768436223877,0.0901753543117944
AACACGTTCCGGCACA.1,0.0851069089111358,0.17148329188463,0.0396037338702297,0.111955130823055,0.061393776863451,0.0475930951639454,0.0310398098633393,0.0181078752369464,0.197168244258708,0.0786802537256807,0.0713780918727915,0.0957823535909448,0.0854656967622308,0.0881323357814538,0.0982464568820562,0
GGATGTTCAGTATCTG.1,0.0618588555184773,0.141240030872138,0.0407248101034136,0.101963026491328,0.0587340656111091,0.0332450949859857,0.026848880966528,0.0153920386007238,0.195863105439397,0.0543659853169241,0.0433712864808271,0.120363090558216,0.0861313174535254,0.088818724689409,0.0907999039154456,0
CGAGCACTCAATCTCT.1,0.0755407242615252,0.143869879655833,0.0508373753088679,0.0456451305507909,0.0488519892729878,0.0413422609778885,0.0200039611804318,0.0195416164053076,0.219296279695204,0.0654548358969922,0.0591022117523884,0.144274566117179,0.0807397898540389,0.0832589745349715,0.132981023300504,0
ACACCAATCCAGTATG.1,0.0803608948214065,0.186033216133551,0.0507001006680699,0.0618312505104958,0.0456779692149443,0.0531209681007252,0.0225549613784908,0.0209822505600551,0.216079573918317,0.0772758434781451,0.0616062470008289,0.154384961761132,0.107973184995008,0.107155114087642,0.163199615661782,0
TGGCCAGAGCCTTGAT.1,0.0898652824125572,0.162764771460424,0.106387846618468,0.107027144762994,0.0452665221703832,0.0486719757974819,0.0395088136264607,0.0174116836119249,0.216422337648641,0.0847438448892113,0.0673035815556428,0.111942092643972,0.0898017401226644,0.0926036692389908,0.147345664184482,0
CACCAGGTCTGTCTCG.1,0.0945989370905945,0.169539490609725,0.056808822183582,0.0803588445097879,0.0639579736233055,0.0386506206344263,0.0292335115864528,0.0196932621058073,0.177624120020038,0.0673451321543387,0.0582646250490773,0.160772184716149,0.096752721913184,0.0997715305492092,0.085707422531828,0.00148931059332212
CTAGAGTTCTTCGGTC.1,0.0610802125818811,0.129177028842581,0.0653198499130594,0.135233739007324,0.076609970243562,0.0462472749922143,0.0205347593582888,0.0106634499396864,0.231477575342105,0.0648691102961242,0.0452733062862627,0.106854406404117,0.0776018637379356,0.0800231411117539,0.14158059092001,0
GGACATTAGAATTCCC.1,0.0966258806080831,0.26278478117943,0.0763933376040999,0.0697405320046829,0.0411300099188127,0.0347021399652979,0.0464884135472371,0.0268275030156815,0.217503361721201,0.0733621315087093,0.0607512105745321,0.0965490802528898,0.0754623686587743,0.0778168910504692,0.0800384338217631,0
AACTCCCCATTATCTC.1,0.0712025707576319,0.204728010748078,0.0466962569781276,0.0622260339241471,0.0404540612027479,0.0342794856964897,0.0370528817587641,0.0119662243667069,0.215875234002162,0.0696614106668619,0.0574008637612878,0.114105821274716,0.0853420814909903,0.0821019189472755,0.100696613019457,0
AGGGATGCACTCAGGC.1,0.0736373748609566,0.172054998141955,0.0530795277752357,0.0840344142230935,0.0524301091069395,0.0304978422387329,0.0294236482471777,0.0140754782009306,0.219190813932027,0.0698877137399245,0.0630196745626663,0.146958109433987,0.101697332762801,0.0990851416412539,0.129329810233005,0
GATCAGTGTTTAGGAA.1,0.0717587442837721,0.144698853728954,0.0448888075409536,0.115140624574587,0.0630175232357371,0.0451683943586778,0.0296692414339473,0.0116836119248664,0.209777994568513,0.0704734393407925,0.0646250490773459,0.135054353123112,0.110274330813484,0.111293058647029,0.151573384578429,0
ACGATACCATTCCTCG.1,0.0737238907428006,0.169167881542463,0.0616820719319118,0.0826458656647336,0.0615260276992028,0.0512968812563954,0.0315943751237869,0.0134206444942271,0.212368497376539,0.0687229185109258,0.0664921694368102,0.133131038784673,0.0944610849617268,0.0974083915946775,0.103771318760509,0.000144126831611818
GTTACAGGTGACTCAT.1,0.102496601161785,0.252808506989109,0.0809234007504347,0.0882545127828147,0.0414679842768451,0.043544512167994,0.0288373935432759,0.027110115457522,0.230383368049147,0.0714252434422029,0.0730532652794137,0.106172149628657,0.0761279893500689,0.0785032799584244,0.110064857074225,0
GGTGCGTCAGTCTTCC.1,0.0992584352984798,0.162135894577366,0.0785668527500686,0.0990089574995235,0.0593659307152566,0.0347355074075722,0.022927312339077,0.0167775288643805,0.209389089566799,0.0714918031695742,0.0696592941587052,0.129771736375982,0.101003185470451,0.101556141709893,0.129041556569781,0
AGGGAGTTCTTGTACT.1,0.111926832282783,0.231884057971014,0.0715200878557701,0.10548885077187,0.0512986297343962,0.0571584286159185,0.0319429590017825,0.0284473548164742,0.217536319772194,0.0617274911641962,0.0648518954761593,0.0545285605681575,0.0837636095659202,0.0863771412882539,0.0668268075906798,0
CGTGAGCCAGATGAGC.1,0.0769126189593375,0.180058885744504,0.0614761599707147,0.0730757711889787,0.0501598030932001,0.0431107354184277,0.0185145573380868,0.0168602447010167,0.230627257626493,0.0825606858314308,0.0854512934607163,0.100239764523947,0.0881281795274093,0.0908778914132748,0.0930578909440307,0
CCGGGATTCTAGCACA.1,0.0881844024224447,0.180258982934568,0.0543836368628169,0.0660921887336982,0.0397266816061129,0.0374382702317925,0.0309526638938404,0.0154540754782009,0.219757692409102,0.0775620503058419,0.0910439296776164,0.0930793172234099,0.086026719916322,0.08838728023298,0.0848426615421571,0
TCTATTGGTACAGTTC.1,0.0744778148560128,0.129205614155447,0.0412052713462066,0.0924473849002151,0.0610998861173359,0.0497842238732927,0.0216914240443652,0.00866448388764432,0.196423392306273,0.0624663041380182,0.078829123587663,0.0973158069148349,0.0788094898492845,0.0812684467019013,0.0371366802786452,0
CAGAATCAGCCCAACC.1,0.0925101965146459,0.0888717377011691,0.0335865287819164,0.0851098586947644,0.0497703978545976,0.0479045246251724,0.0177619330560507,0.0137239358952266,0.205091359717352,0.0531745661969769,0.0731056144483706,0.10135086841541,0.0888698711548519,0.0916427247678535,0.0748018256065338,0
CGTCCATTCGGCGCTA.1,0.0842911877394636,0.129605808535574,0.0460098837741375,0.11454164284353,0.0665221703831601,0.034001423677537,0.0246860764507823,0.0289367568499052,0.19341102644554,0.0616742433822991,0.0532391048292108,0.0864776707103918,0.0936147957970808,0.0965356971259916,0.0881575786692289,0
GATTCAGAGCTCTCGG.1,0.105932517612162,0.208644198610754,0.0674018486318294,0.0601704375289281,0.0441938209470629,0.0418872625350358,0.024400871459695,0.0294192658969499,0.205183642260131,0.0882315746034704,0.0667539152815949,0.155522056386898,0.101355013550136,0.0997421138817254,0.132548642805669,0
GATCGTACAGACGCCT.1,0.0847608453837597,0.189377697738902,0.0587764253683536,0.105379945002587,0.053546893942177,0.0363705120790141,0.0326559714795009,0.0196450112011029,0.19607403696575,0.0770162605413968,0.0562404571827422,0.0961202331368867,0.0898968287928493,0.0927017247972701,0.141628633197214,0
ACGGCCATCACGACTA.1,0.0759238660239773,0.161964382700169,0.0686144412922119,0.0826458656647336,0.0515337423312883,0.0434555323219291,0.0372113289760349,0.0119731173530932,0.19057004244997,0.0806304537376615,0.0649914932600445,0.130051136769742,0.100860552465174,0.102330780620299,0.13523901032909,0
GTACTCCGTCAGAAGC.1,0.0886169818316648,0.137323843009462,0.0422577102589915,0.0633423180592992,0.0383747841739833,0.0444676780709169,0.0173578926520103,0.0230018955712562,0.245563846336383,0.0691888366025253,0.0830519565501898,0.102689391232026,0.0868064470118385,0.0875832246550896,0.0812875330290656,0
AGAGCGACAAAGCAAT.1,0.096316895315783,0.184118000171512,0.0526448247460419,0.0573388875275668,0.0548914441056537,0.0513858611024603,0.0275539710833828,0.0247182491814579,0.218267988504232,0.0758115294759753,0.0691009030231645,0.158049655297886,0.127846717063662,0.129227420256317,0.183185202978621,0
ATCCGAAAGTTGTCGT.3,0.0537881596835991,0.124974987851242,0.0764848540312986,0.110049279860601,0.0802027846148194,0.0442563509365129,0.0236324024559319,0.00659658797173876,0.180043240962902,0.0546788160355695,0.0476202940278323,0.108283896790794,0.113507345599772,0.117048919918026,0.102089839058371,0
ATGGGAGCAATGGTCT.1,0.0982449635397355,0.197038561587057,0.0499679692504805,0.0635056767132239,0.0381837551890085,0.0363816345597722,0.0259378094672212,0.0245872824401172,0.198394283755636,0.0741275683734799,0.0571303930550103,0.0639696948038024,0.063310036609138,0.0643832795662022,0.0440067259188086,0
TGCACCTCACGAAATA.1,0.0921888518106538,0.177600548838007,0.0760959092157042,0.121293800539084,0.088923992505786,0.0272723228188815,0.037773816597346,0.0175564363260383,0.181467028765787,0.0678642980278353,0.0490511713126554,0.116958304364494,0.102876432273095,0.101909141719698,0.127215950036032,0
AGCGTCGGTGCTGTAT.1,0.130441230997405,0.190921304633679,0.0437448522009701,0.062117128154864,0.0455530656478454,0.0427436935534102,0.0332422261834027,0.0286748233672239,0.209784586178712,0.0888106442316012,0.0824412162456921,0.136769741587124,0.0821471021727761,0.0847101967975055,0.115541676675474,0
GGACATTCACCTCGGA.1,0.0721542454579162,0.204956693251008,0.0868948476251487,0.114609708949332,0.0636640828771904,0.0376162299239222,0.0376470588235294,0.0111390660003446,0.224813457431381,0.0743072796373826,0.0760371679099594,0.0793562095113092,0.0804355061094471,0.0819940578331683,0.0490511650252222,0
GCACATACAAATTGCC.1,0.112989741688296,0.276534316668096,0.0873295506543425,0.0809578262408451,0.0523566364204107,0.0451572718779197,0.0176906318082789,0.0260485955540238,0.244911276926728,0.0754720748663813,0.0779130131309165,0.0629430607988252,0.0727047972234108,0.0749732798603689,0.052414124429498,0
CTCATTAAGACGCTTT.1,0.0688542825361513,0.136266186433411,0.0493959915804887,0.0829453565302622,0.0574997244774255,0.0527205587934333,0.0188393741334918,0.0168395657418577,0.2296912489783,0.0719577212611737,0.061204903372159,0.136971169777974,0.100518233252508,0.10365453065707,0.126255104491953,0
GACTAACCACATCCAA.1,0.104041527623285,0.238372923991653,0.0674704859522284,0.0872879740804269,0.0480805260644355,0.031332028295591,0.0220320855614973,0.0219748405996898,0.196153136288132,0.0719577212611737,0.0594337564891157,0.0800124755524655,0.0795416726097086,0.0820234745006521,0.053951477300024,0
GGCGACTAGATCGATA.1,0.117414411074033,0.178715376039791,0.0453006314633477,0.062049062049062,0.0370743176224239,0.0483383013747386,0.0145216874628639,0.0172669308978115,0.258569093258101,0.0765769663407459,0.0877372071718362,0.125177874087888,0.101992107640375,0.1051743918104,0.158011049723757,0
TGACTAGTCACAATGC.1,0.0879742924236806,0.204127719177886,0.0603550837375309,0.061177815894797,0.042739061753793,0.0457356408773413,0.0289799960388196,0.018824745821127,0.214266881113718,0.0719776891793851,0.0654102866117,0.0956459022358529,0.0825464745875529,0.0851220301422786,0.057170309872688,0
AAGGAGCGTTGAGGTG.1,0.0860585836114201,0.175685332875968,0.0498993319300814,0.0775817473930682,0.0494177289592594,0.0509743293144103,0.0224757377698554,0.0225883163880751,0.22355445988346,0.077076164296031,0.0834794747633381,0.0912339750878812,0.0889554509580184,0.0901522802820078,0.0623108335335095,0
CACATAGGTAAGAGAG.1,0.0626004202199975,0.11234027956436,0.0645877184954699,0.13509760679572,0.0647073950258991,0.058337411576278,0.029502871855813,0.00603825607444425,0.211841168560656,0.0733088837268123,0.0454129040701479,0.142409730930923,0.105890743117958,0.109194669699852,0.153639202498198,0.00134518376171031
GGTATTGCATGGTCTA.1,0.102607835867013,0.196066660949604,0.0412052713462066,0.0523700618040241,0.0409389809338378,0.0431885927837345,0.027585660526837,0.0242219541616405,0.236909062145701,0.0657476986974261,0.0669371373729442,0.11990825270791,0.0920077972709552,0.0920741692242825,0.133989911121787,0.0100888782128273
CAGAATCCACAGCCCA.1,0.089358546533185,0.173369922533802,0.0647478722430676,0.0652753954640747,0.0558833253737923,0.0455910486274859,0.024194890077243,0.0222367740823712,0.234549265694624,0.0710591649416604,0.0577236836365223,0.121662627273377,0.0826225455237009,0.0852004745889021,0.107230362719193,0.00331491712707182
GTCCTCATCGTGACAT.1,0.0836855765665554,0.195609295943744,0.045346389676947,0.0824688937896485,0.053906910106168,0.0282733460871113,0.0294078035254506,0.0169153885921075,0.201993302924038,0.0695948509394906,0.0476813680582821,0.143078992339231,0.115751438216137,0.116617475461597,0.158923852990632,0
CAAGAAAAGGGTCTCC.1,0.0598813496477568,0.127147471629077,0.0486638601628992,0.109069127937052,0.0739061753793027,0.0341682608889087,0.0295107942166766,0.0103532655523005,0.19548738365808,0.0680906011008979,0.0554988439558522,0.173312714017453,0.108553225883136,0.110479197513311,0.177420129714148,0
ACACCCTTCAGCGACC.1,0.0882585588925967,0.143784123717234,0.0302690582959641,0.0983691361049852,0.0480952206017413,0.0434221648796548,0.028116458704694,0.0240772014475271,0.188843040577952,0.06741169188171,0.0726780962352223,0.149953541562433,0.113507345599772,0.11522508653403,0.182368484266154,0
GTCACGGAGAGTTGGC.1,0.0551229761463354,0.140125203670354,0.0428983252493823,0.11315309428517,0.0448771169317806,0.0428660408417493,0.0336858783917607,0.0132069619162502,0.232426767210694,0.0744337431193882,0.0647559219997383,0.0676018999226776,0.0706223553463605,0.0712569742015826,0.0638481864040356,0
ACTGTCCGTTCCACGG.1,0.0847114077369917,0.163279307092016,0.0507916170952686,0.0706390046012687,0.05559678189633,0.0497619789117765,0.0249158249158249,0.0175081854213338,0.214392121707491,0.0788533090168463,0.0806962439471273,0.139953606539269,0.0904388342129035,0.0907896414108234,0.0945952438145568,0.0235407158299303
ATCACGAAGATCCCGC.1,0.0843900630329996,0.145442071863477,0.0523702754644459,0.105257426012143,0.0608868153264024,0.0330448903323397,0.0343988908694791,0.0105462691711184,0.198018561974319,0.0753189874934272,0.0680800942285041,0.119856271239303,0.0962012076261114,0.0987223360756204,0.0807590679798222,0
TGCGGGTTCATCGGAT.1,0.107922382894574,0.210530829259926,0.0645877184954699,0.0950066704783686,0.0546563315087616,0.0391066423455087,0.0303188750247574,0.0266551783560227,0.212414638647929,0.087133339101843,0.0835492736552807,0.0850481803237146,0.0718394903247278,0.0740809742800271,0.106509728561134,0
CTCTACGGTTGTCGCG.1,0.0651588184402422,0.185918874882086,0.0672416948842317,0.0959051430749544,0.0629293560119026,0.0454909463006629,0.0300574371162606,0.0231190763398242,0.186773274975611,0.0583196331227827,0.0451773328098416,0.0965165918350108,0.0844672657252888,0.0871027524195209,0.170934422291617,0.00999279365841941
GATCAGTGTCAAGCGA.1,0.0486960820664936,0.0817825801103393,0.0383911412098472,0.130659696697433,0.0725763197531318,0.0375494950393736,0.0240602099425629,0.00817508185421334,0.214233923062726,0.0599303785251696,0.0433625616193343,0.147705343045204,0.10694622735701,0.110283086396752,0.182848907038194,0
GGACAGAGTTGGGACA.1,0.0835249042145594,0.169024954978132,0.0391232726274366,0.115290370007351,0.0626134234598288,0.0422987943230858,0.026848880966528,0.0169153885921075,0.230436100930735,0.060735751226363,0.0680277450595472,0.0497462654563648,0.0671611277516284,0.0692566408126845,0.0972375690607735,0
CGGAGCTTCGTGGTCG.1,0.0911135829934495,0.192607838092788,0.045346389676947,0.041955947616325,0.0469857830351567,0.0424878764959737,0.0195761536938008,0.0166258831638808,0.213100166108577,0.0851565151989137,0.0644941761549535,0.144495487358757,0.106889174154899,0.110224253061785,0.197213547922172,0
TGCCAAACACCCAGTG.1,0.0716722284019281,0.114598519280794,0.0555733504163997,0.109953987312478,0.0615995003857316,0.028551408106064,0.0325292137056843,0.0130828881612959,0.211834576950457,0.0548185914630494,0.0427779958993151,0.113144164105496,0.0842865972519374,0.086504613514017,0.132884938746097,0
TTGTAGGAGCTGCAAG.1,0.0631689531578297,0.141268616185004,0.0774000183032854,0.106373710147295,0.0549869585981411,0.0317991724874316,0.0381620122796593,0.00597621919696709,0.188665067102592,0.0604362324531919,0.0607773851590106,0.0948206964217257,0.0812057243379451,0.0815233911534275,0.104155656978141,0
TCGGGACTCCTCCTAG.1,0.0913607712272896,0.178629620101192,0.0687745950398096,0.0695499469084375,0.0509973917196282,0.0499510610846643,0.0300257476728065,0.0190246424263312,0.202289925382973,0.0751659001204731,0.0603324172228766,0.11530789273624,0.0872818903627633,0.0893776413716011,0.121931299543598,0
TGCCCTACAGATGGGT.1,0.0798541589420344,0.141868907755195,0.0350965498306946,0.0724904026790819,0.0482054296315345,0.0544000533879076,0.0216042780748663,0.0203412028261244,0.246269148627627,0.0693951717573765,0.0654190114731929,0.106438554655265,0.0978367327532925,0.100889363913593,0.0874369445111698,0
CAGGTGCTCGTTACGA.1,0.0938697318007663,0.266700969042106,0.0698727921661938,0.0788069372975033,0.0471768120201315,0.034301730658006,0.0308892850069321,0.0239944856108909,0.215176523321117,0.0651952529602439,0.0717968852244471,0.064151629943925,0.0768696809775115,0.0751301687536158,0.0552005765073264,0
GAGGTGATCCCGACTT.1,0.0850698306760598,0.158391218591887,0.0892285165187151,0.124955757031229,0.063869806399471,0.0407416470169507,0.0435729847494553,0.0173289677752886,0.185777941835632,0.0808234769470384,0.07888147275662,0.103189712867363,0.0934721627918034,0.0931723914770109,0.0455921210665386,0
GATGAAATCGTTGCCT.1,0.0644914102088741,0.147214361261184,0.060972819621122,0.0870701625418607,0.0578009624921935,0.0276393646838991,0.0232045949693009,0.0168051008099259,0.217114456719487,0.0722572400343448,0.0692056013610784,0.128413720508639,0.0785337327057481,0.0805232244589785,0.095267835695412,0
GTTCGGGCATGTTCCC.1,0.0709553825237919,0.148243432524369,0.0577011073487691,0.0887037490811076,0.0485874876014841,0.0335231570049384,0.021113091701327,0.0125245562640014,0.230073562369816,0.0700408011128786,0.0531256816298041,0.098979213910241,0.0972376741311273,0.100271613896434,0.113716070141725,0.00614941148210425
TTAACTCCAAAGTCAA.1,0.10598195525893,0.262841951805163,0.0510661663768646,0.0656293392142449,0.0367436905330443,0.050529430084086,0.023973063973064,0.019569188350853,0.223580826324254,0.0691222768751539,0.0631243729005802,0.096679033924406,0.0843911947891409,0.0870243079728974,0.0925294258947874,0
CGTTGGGTCAAACCAC.1,0.0792238289457422,0.104250636023211,0.0350965498306946,0.118611995970487,0.0731861430513207,0.0285069181830315,0.0220083184789067,0.0186317422023092,0.191084188045456,0.0616409635186134,0.0749465602233565,0.171974191200837,0.121932201778158,0.120980947805026,0.136440067259188,0
TTAGGACCAAACGCGA.1,0.0683475466567791,0.138009890518252,0.045209115036149,0.0954967464401427,0.0628852723999853,0.0440116563598345,0.0290196078431373,0.0143511976563846,0.218221847232842,0.0776752018423733,0.0577149587750294,0.141948395397041,0.089525982979128,0.0923193081199808,0.11597405717031,0
AACCATGCATGGTAGG.1,0.0793721418860462,0.162450333018895,0.0689805070010067,0.0888671077350323,0.0519378421071967,0.0262156871468612,0.0176827094474153,0.018335343787696,0.204339916154718,0.0731092045446982,0.0578545565589146,0.11708825803601,0.0765368706318642,0.0789249188590255,0.0846985347105453,0
TCAGCTCAGCCCTAAT.1,0.096576442961315,0.265586141840322,0.0748833165553217,0.0773094829698603,0.0529811542559054,0.0488833029318859,0.0170330758566053,0.020313630880579,0.21358135365307,0.0716315785970541,0.0819962483095581,0.0819877713595103,0.070555793277231,0.0727572242432562,0.0356473696853231,0
CAACCAACAGTTCATG.1,0.0905944877023854,0.107680873567161,0.0540404502608218,0.101745214952762,0.0561919106572132,0.0469257463184589,0.0257476728064963,0.0161916250215406,0.208657420834762,0.0640304577312451,0.0661780744230685,0.120622997901248,0.101744877097894,0.100016669444907,0.148162382896949,0
GGGTCTGTCCATGCTC.1,0.0908293165245334,0.211474144584512,0.084446783197584,0.0919981486019222,0.0493295617354249,0.0342127508119411,0.0375361457714399,0.0217129071170084,0.224048830648351,0.0601300577072836,0.0686559350870305,0.0614226028420868,0.0738934056007227,0.0761989743388604,0.0823925054047562,0.0184962767235167
GGACAGATCTGCGGCA.1,0.0645161290322581,0.118028756824743,0.0428068088221836,0.128345449100166,0.0762940376914882,0.0324331538906438,0.00903149138443256,0.00716870584180596,0.227285311255834,0.0731957321902809,0.0676700257383414,0.0740086159284215,0.0854371701611753,0.0838767245521312,0.0636079750180158,0.00883977900552486
AGTAGTCGTACTTCTT.1,0.0983314794215795,0.206929079838779,0.0604237210579299,0.0694682675814751,0.0463392233937034,0.0359256128486898,0.0317052881758764,0.0272341892124763,0.193338518733356,0.0897557923602745,0.0629760502552022,0.180616110356658,0.0979223125564589,0.0991930027553612,0.136199855873168,0
ATGGGAGCATCACGTA.1,0.0761092571993573,0.176028356630363,0.0592797657179464,0.104998774810096,0.0683149039344624,0.0451795168394359,0.0245830857595563,0.014358090642771,0.222770058269834,0.0634979799122743,0.0580203289272783,0.0924555396001326,0.0829933913374221,0.0855828912661914,0.0990631755945232,0
GCGACCAAGCTATGCT.1,0.0554690396737115,0.175256553182975,0.0988377413745767,0.136867325546571,0.0732669630065023,0.0507852471415224,0.0343117448999802,0.00829226262278132,0.194716165264851,0.0504123375110656,0.0509968154255551,0.0702399594544545,0.0772880711263253,0.0796995577694322,0.0607254383857795,0
TACTCATAGGCTAGCA.1,0.0753553330861451,0.176314209759026,0.090486867392697,0.0989953442783632,0.0626795488777047,0.0403189927481425,0.0301683501683502,0.0151438910908151,0.193074854325415,0.0652684686603524,0.0578022073899577,0.0693627721717208,0.0726382351542814,0.0749046409695734,0.045255825126111,0
TACCTTACAAATTGCC.1,0.0689655172413793,0.150873281308064,0.0576553491351698,0.127855373138392,0.0752654200800852,0.0309761089113316,0.0282432164785106,0.0107392727899362,0.207101800827906,0.0590784140148162,0.0520612485276796,0.0997914243572166,0.0889079066229259,0.0916819469911652,0.0800384338217631,0
ATTTCTGAGCGTCTAT.1,0.0757755530836732,0.0720635737358145,0.0309554314999542,0.103501320482453,0.0527313471217075,0.0451350269164034,0.0228797781738958,0.0146475960709978,0.206416273367258,0.0734752830452406,0.0514679579461676,0.148335618352057,0.112613512100033,0.1161271976702,0.199327408119145,0
TTCTCAAAGTGTACTC.1,0.0633667037449017,0.114255495526399,0.0431728745309783,0.140855999346565,0.0705190845303258,0.0479490145482048,0.0247019211725094,0.00650008616232983,0.216461887309832,0.0662136167890256,0.0599834227631636,0.0735342850273877,0.0929967194408786,0.095898335997176,0.0939226519337017,0
GCATGATCACAGTCGC.1,0.109368434062539,0.182831661092531,0.0417543699093987,0.0561409240654524,0.033562323206348,0.040263380344352,0.0282036046741929,0.0283715319662244,0.233501199673056,0.084923556153114,0.0598961741482354,0.136880202207913,0.0934816716588218,0.0963984193444005,0.151141004083594,0
CAGAGAGAGACTAAGT.1,0.0864046471387962,0.188262870537118,0.0706506817973826,0.0899697786490239,0.0485066676463025,0.043956043956044,0.0279659338482868,0.0179700155092194,0.219731325968308,0.0708195499231235,0.0692405008070497,0.099778428990065,0.0709646745590263,0.0731788631438573,0.0997838097525823,0
CACACTCTCCAGTATG.1,0.0881720430107527,0.131435268559014,0.0237942710716574,0.0942579433145471,0.0614231659380625,0.0491836099123549,0.0239572192513369,0.016453558504222,0.202237192501384,0.0740610086461086,0.0687344588404659,0.111025919259784,0.0968002662482765,0.0998205583283488,0.0854191688686044,0
CTCTAATGTAGAGGAA.1,0.0782721542454579,0.148129091272904,0.0432186327445776,0.0741376024394892,0.0458910400058778,0.0454130889353561,0.0242741136858784,0.0145510942615888,0.205025443615366,0.0778682250517502,0.0665794180517384,0.112234488404884,0.0702990538677317,0.0724924742359021,0.0618304107614701,0
CGCTGGACATACAGCT.1,0.0739216413298727,0.151044793185261,0.0446600164729569,0.0916578180729124,0.0605267991624114,0.0370156159629844,0.0296217072687661,0.0131518180251594,0.206765628707781,0.0735484987453491,0.0623565850892117,0.1722795823289,0.10435981552798,0.104703725130659,0.175066058131155,0
GCCTCTAGTACCATCA.1,0.0772586824867136,0.10525112197353,0.0507001006680699,0.106618748128182,0.0635979574593145,0.0411309338434845,0.0201307189542484,0.0166327761502671,0.196225644000316,0.063631099367017,0.0464337128648083,0.148030227223995,0.0891741548994437,0.0919565025543473,0.130098486668268,0
CTCTAATGTCCCTACT.1,0.0568656531949079,0.166109253065775,0.0366523290930722,0.100942034904299,0.0767716101539253,0.0364706144058371,0.0529847494553377,0.00667241082198863,0.18113744825586,0.0730626127355382,0.0530646075993544,0.087003983080032,0.09406171254695,0.0969965582499044,0.100504443910641,0
CGAGCACTCACAACGT.1,0.0783957483623779,0.137809793328188,0.031527409169946,0.0660921887336982,0.0408434664413504,0.0281954887218045,0.0309526638938404,0.015102533172497,0.216079573918317,0.0735285308271377,0.0802861754569646,0.112318958291369,0.0826130366566824,0.0818665856074052,0.0843141964929138,0
TGCCAAATCAGAGCTT.1,0.0557162279075516,0.143927050281565,0.0564656355815869,0.0968989082196629,0.0495058961830939,0.0497731013925346,0.0334878193701723,0.0100430811649147,0.248081841432225,0.0657743225883747,0.0548357544823976,0.0763022982306808,0.071554224314173,0.0707078630752184,0.0576987749219313,0
GCGCAGTAGGAGCGAG.1,0.0580150784822642,0.0980762084441014,0.041251029559806,0.101799667837404,0.0544653025237868,0.0315656003915113,0.0220083184789067,0.00960193003618818,0.205803253618794,0.0670722372721161,0.0443397461065306,0.137464993729735,0.0874435411020777,0.0848670856907524,0.123276483305309,0
ATCATCTTCTGTTGAG.1,0.108256087010258,0.17171197438756,0.071108263933376,0.0807400147022789,0.0424819073509423,0.0435778796102683,0.0427807486631016,0.0199689815612614,0.20338413267593,0.0737947697366232,0.0595471796885224,0.104508742633251,0.100518233252508,0.10365453065707,0.125822723997117,0
GTCGGGTAGCACGCCT.1,0.0977258682486714,0.0727210359317383,0.019927702022513,0.050001361322116,0.0561919106572132,0.0353583663300263,0.0311824123588829,0.0317904532138549,0.160960529438131,0.070400223640684,0.0555250185403307,0.129466345247919,0.0936718489991917,0.0965945304609592,0.164977179918328,0
TATCTCAAGTGCCATT.1,0.0895315782968731,0.214246919932539,0.0956804246362222,0.0991587029322878,0.0528709452261122,0.0353583663300263,0.0344068132303426,0.0183973806651732,0.191407176945184,0.0610885177814312,0.0538847445796798,0.0684465987875322,0.0790947558598393,0.0815626133767393,0.0643766514532789,0
ACGCCAGGTAAATGTG.1,0.0441848967989124,0.0877854958122517,0.0417543699093987,0.140134498625065,0.0839792807023989,0.0450794145126129,0.0180392156862745,0.00851973117353093,0.204662905054447,0.0699010256853988,0.0694760720673559,0.126516396904504,0.0999572100984168,0.0974966415971289,0.129233725678597,0
CAAGGCCGTTTAAGCC.1,0.123124459275738,0.245662178772547,0.102246728287728,0.0955920389882654,0.0462363616325631,0.0466921742225386,0.0280293127351951,0.0352300534206445,0.195164394758352,0.0762441677038891,0.0686035859180736,0.102150083495234,0.0794085484714496,0.081886196719061,0.0403555128513092,0
TGAGCATTCCGTTGCT.1,0.0600543814114448,0.112711888631621,0.0654571245538574,0.129897356312451,0.0943242349656515,0.022901187880945,0.0277837195484254,0.00798897122178184,0.213535212381681,0.059803915043164,0.049417615495354,0.168549911956388,0.12173251557077,0.120225920006276,0.113091520538074,0
CACATAGAGGCTCTTA.1,0.0782227165986899,0.1712546093817,0.0539260547268235,0.100356666394402,0.0553690165680908,0.0458802331271967,0.030445632798574,0.0151301051180424,0.19756374087062,0.0670256454629562,0.0506303712428565,0.0907661418704232,0.0897732135216089,0.0923879470107763,0.108095123708864,0
TACCTATGTTCACCTC.1,0.0661104931405265,0.196066660949604,0.0859339251395626,0.110743554139781,0.0657654017119136,0.036871023713129,0.0288373935432759,0.0127795967602964,0.209224299311836,0.0730293328718526,0.0638223618200061,0.110584076776629,0.074169162744259,0.0747085298530147,0.0987749219312995,0
GTGTTAGGTGCACGAA.1,0.0939315288592263,0.143326758711374,0.0380937128214515,0.0755669906613303,0.0480217479152125,0.053821684388486,0.0326955832838186,0.0210305014647596,0.199429166556807,0.0895893930418461,0.0679928456135759,0.149271284786973,0.107735463319545,0.111096947530471,0.192361277924574,0
CTCTACGAGTTTCCTT.1,0.0622914349276974,0.131549609810479,0.0469936853665233,0.11247243322715,0.0648396458616509,0.0386061307113939,0.028544266191325,0.0104566603480958,0.236177393413663,0.0536937320704734,0.0544082362692492,0.102228055698144,0.0787334189131365,0.0811900022552778,0.101609416286332,0.00956041316358395
AGCAGCCCAGTCACTA.1,0.0497219132369299,0.126604350684618,0.0496934199688844,0.141482207519943,0.0645090187722714,0.0572362859812253,0.0348187759952466,0.00827847665000862,0.236414691380811,0.0675514673091899,0.074920385638878,0.0762178283441953,0.0906290115532734,0.0934567525960209,0.115397549843863,0
CTCACACCATCGTCGG.1,0.0860338647880361,0.171769145013292,0.0404960190354169,0.0870973889841814,0.0544653025237868,0.0533656626774036,0.03003367003367,0.0186731001206273,0.201874653940465,0.0792260434901259,0.0764297866771365,0.0755810553537664,0.0826035277896639,0.0824058911779414,0.0667787653134759,0.0981503723276483
GTTACAGCATGCTGGC.1,0.102002224694105,0.14312666152131,0.0256474787224307,0.0614364670968445,0.0292715183130671,0.040775014459225,0.0312774806892454,0.0290677235912459,0.233613257046431,0.0568686310660872,0.0500719801073158,0.099979857180915,0.0726952883563923,0.0715315297647647,0.0719673312515013,0
GAACATCTCCATGCTC.1,0.0957978000247188,0.175170797244376,0.0448201702205546,0.0989408913937216,0.0661327651445575,0.0495728967388886,0.0266587443058031,0.0208168188867827,0.224464102090859,0.0615810597639792,0.0571478427779959,0.134872417982989,0.079608234678838,0.0784934744025965,0.0751861638241653,0.010281047321643
CTTAACTAGACGACGT.1,0.0898652824125572,0.161478432381442,0.0693008144962021,0.102602847885867,0.0551926821204217,0.0491057525470481,0.021540899187958,0.0150956401861106,0.22689640625412,0.0565757682656532,0.0507001701347991,0.0897005217639911,0.0675795179004422,0.0696880852691135,0.105164544799423,0
CTAATGGAGCTCTCGG.1,0.0787912495365221,0.125575279421433,0.0583874805527592,0.115004492362983,0.0671760772932662,0.0350914267918317,0.021422063775005,0.0173289677752886,0.195223719250138,0.0730892366264868,0.0598874492867426,0.169589541328516,0.118566062853611,0.115989919888609,0.175354311794379,0
ATGCGATAGTAGTGCG.1,0.118835743418613,0.212074436154704,0.0479317287453098,0.0680252661384737,0.045758789170126,0.035536326022156,0.0205664488017429,0.0335068068240565,0.19426793577135,0.0761776079765177,0.0735069580770405,0.128400725141487,0.0915323539200304,0.0918388358844121,0.0598606773961086,0
TAGACCAGTGTGCGTC.1,0.0675194660734149,0.0689763599462596,0.0390546353070376,0.153979144545182,0.0849638147018846,0.0511077990835076,0.0235135670429788,0.0115733241426848,0.190405252195006,0.054459168935244,0.0652096147973651,0.100005847915218,0.0901820948034042,0.0929958914721081,0.049243334134038,0
TCAACGAAGGAACTGC.1,0.0896922506488691,0.191035645885144,0.0628031481650956,0.0964632851425304,0.0497336615113332,0.0457912532811318,0.0197029114676174,0.0236911942098914,0.222717325388246,0.0685099273833374,0.0557780395236226,0.116016140246002,0.102505586459373,0.105703891825108,0.116982944991593,0
CAGTCCTGTATGAATG.1,0.109257199357311,0.169453734671126,0.0408620847442116,0.0758120286422173,0.047992358840601,0.0587378208835699,0.0304773222420281,0.0282819231432018,0.187986131252142,0.0596641396156841,0.042088731841382,0.147939259653933,0.106280606665716,0.109596697488797,0.094451116982945,0
TCACAAGTCCTGCCAT.1,0.0773946360153257,0.160306434553926,0.062711631737897,0.12710664597457,0.0583005767605893,0.0442563509365129,0.0270627847098435,0.0133103567120455,0.183490653096738,0.0604495443986661,0.0489639226977272,0.16719839377262,0.0954500071316503,0.0937116970475471,0.0711506125390343,0
CTAGTGATCCTATGTT.1,0.0791620318872822,0.115170225538119,0.037361581403862,0.0841705464346974,0.0552220711950332,0.0526760688704009,0.0241473559120618,0.0173220747889023,0.194129511957181,0.0668459341990535,0.0598263752562928,0.175294507508073,0.113155517520087,0.109302530813959,0.141436464088398,0
GCGCCAAAGGGATACC.1,0.105833642318626,0.197038561587057,0.0543836368628169,0.0821966293664407,0.0477425517064031,0.0399741958446412,0.0285284214695979,0.0216715491986903,0.204010335644791,0.065594611324472,0.0564236792740915,0.18027173312714,0.105757618979699,0.107812086328114,0.17597886139803,0
AGCGTCGTCTTAACCT.1,0.103065134099617,0.125318011605637,0.0445227418321589,0.0896022216776934,0.0523713309577165,0.0437224718601237,0.0378213507625272,0.00980871962777874,0.188711208373982,0.0668592461445278,0.0671552589102648,0.104515240316827,0.0796367612798935,0.0821215300589314,0.0391544559212107,0
TGCGCAGGTAAAGGAG.1,0.0765294771968854,0.127947860389332,0.068888990573808,0.108442919763674,0.0659417361595827,0.0342238732926992,0.0170251534957417,0.0171635361020162,0.209217707701637,0.069275364248108,0.0504820485974785,0.170011890760944,0.110464508153853,0.111106753086299,0.141388421811194,0
GATCGTAAGCTTTGGT.1,0.117538005190953,0.11531315210245,0.0273176535188066,0.107830324811457,0.0602549502222549,0.0528540285625306,0.0137215290156467,0.028109598483543,0.200464049357977,0.067604715091087,0.0608908083584173,0.128309757571426,0.0987210573860125,0.0919859192218311,0.118760509248138,0
AGGGATGAGCGACGTA.1,0.0801384254109504,0.226024068833433,0.0791159513132607,0.11177815894797,0.0619301274751111,0.0454909463006629,0.0221033868092692,0.0181423401688782,0.190438210245999,0.0761776079765177,0.0687955328709157,0.224644414266314,0.130642323967099,0.129198003588833,0.0862358875810713,0
AAAGTAGTCTGCCAGG.1,0.0719935731059202,0.162507503644627,0.0542463622220189,0.0818290723951101,0.0412034826053415,0.0461694176269075,0.0215488215488215,0.0173151818025159,0.182561236058744,0.0775820182240533,0.0547572307289622,0.181142422726298,0.11250891456283,0.111342086426169,0.116838818159981,0
CGTGTAACATCGATGT.1,0.102583117043629,0.200697481633936,0.0525304292120436,0.0821149500394783,0.0364497997869292,0.0471148284913467,0.0206932065755595,0.0257108392210925,0.229302343976587,0.0753655793025872,0.0661693495615757,0.098179998830417,0.0865021632672467,0.0838178912171636,0.12841700696613,0
CTGGTCTCACAACGTT.1,0.0956000494376468,0.173884458165395,0.0847442115859797,0.0914944594189877,0.0508651408838764,0.0339458112737465,0.0176827094474153,0.0137721867999311,0.18894191473093,0.0583396010409941,0.0507088949962919,0.152851508437242,0.0954785337327057,0.0984575860682663,0.123468652414124,0
TGGCTGGCAACTTGAC.1,0.085897911259424,0.183460537975588,0.101308684908941,0.0988455988455988,0.0634436648176041,0.0389398051341371,0.0267934244404833,0.016474237463381,0.221728583858465,0.0655546754880492,0.0614404746324652,0.114281258731262,0.0908952598297913,0.0882696135630448,0.0845063656017295,0
GACCAATTCGCCAGCA.3,0.185230503028056,0.305062458908613,0.11668344467832,0.0809033733562035,0.0397266816061129,0.0432998175913156,0.0285918003565062,0.0419231432017922,0.215539061882037,0.0804507424737588,0.0961915979583824,0.125262343974373,0.0940331859458945,0.0908975025249306,0.0824405476819601,0
CGTTAGATCTTCAACT.1,0.0664936349029786,0.170625732498642,0.0685229248650133,0.124914917367748,0.0662503214430036,0.0378275570583263,0.0183719548425431,0.010539376184732,0.182073456904053,0.0767766455228599,0.0597304017798717,0.166223741236249,0.0978462416203109,0.0954472804290911,0.0933461446072544,0
ACGCCGAAGACAGAGA.1,0.0943517488567544,0.117457050567418,0.0484121899881029,0.108129815676985,0.0481246096763528,0.0436223695333007,0.0351673598732422,0.0201137342753748,0.227812640071717,0.0667394386352593,0.0611700039261877,0.11248789806434,0.0963438406313888,0.0993498916486081,0.133557530626952,0
CACCTTGTCTAACTGG.1,0.0912000988752935,0.149929965983478,0.068888990573808,0.108592665196439,0.0520921347489071,0.0433331850335899,0.0193543275896217,0.0186524211614682,0.212763993988451,0.0723304557344533,0.0544867600226846,0.149004879760365,0.109380497313745,0.109969308610259,0.0766754744174874,0
TGGCTGGAGACAAGCC.1,0.0838091706834755,0.135780236114684,0.0549784936396083,0.117264287075608,0.0632012049520591,0.0469924812030075,0.0228163992869875,0.0177770118904015,0.194195428059166,0.0628057587476122,0.0699733891724469,0.116185080018973,0.0960300480197784,0.0958198915505525,0.1048762911362,0
AAGCCGCCATCAGTAC.1,0.0815350389321468,0.0886144698853729,0.0408620847442116,0.0958370769691524,0.0619080856691525,0.0413088935356142,0.0217864923747277,0.0239669136653455,0.215334721965882,0.0629322222296178,0.0536055490119094,0.151772892963658,0.0994532401464366,0.100350058343057,0.167427336055729,0
AGGTCATAGAGCCTAG.1,0.0846496106785317,0.121144555927165,0.0260593026448247,0.0837893762422064,0.0597406414165534,0.0406971570939182,0.0274113685878392,0.0182043770463553,0.206350357265273,0.0684633355741775,0.0494263403568468,0.159557117887473,0.104198164788665,0.10744928076248,0.204131635839539,0
AAGGAGCAGGCAATTA.1,0.0808429118773946,0.159277363290741,0.0469021689393246,0.0871110022053418,0.0459865544983652,0.0479267695866886,0.027363834422658,0.0224228847148027,0.208914493632505,0.0669524297628477,0.0613270514330585,0.115171441381148,0.096866828317406,0.0928880303580008,0.128993514292577,0
TCTTTCCCATCATCCC.1,0.0763070077864294,0.154617957293543,0.0558250205911961,0.088649296196466,0.0504389993020095,0.0386728655959425,0.0214299861358685,0.0141857659831122,0.218993065626071,0.0725966946439387,0.0480739868254591,0.203293026036218,0.114638900774973,0.118215781061549,0.166322363680038,0
TGGTTAGAGTGGGTTG.1,0.0920899765171178,0.170282708744247,0.0429440834629816,0.0904462413896376,0.0444656698872194,0.0426658361881034,0.0299623687858982,0.0176805100809926,0.204590397342263,0.0631052775207833,0.056100859398857,0.161330985503668,0.0979128036894404,0.100967808360217,0.0787412923372568,0
GGTATTGTCATGTGGT.1,0.0841305153874676,0.150330160363605,0.0272261370916079,0.0787797108551826,0.0519598839131553,0.0505961649686346,0.018886908298673,0.0233603308633465,0.210938117963456,0.0730426448173268,0.064965318675566,0.141194664102248,0.0981029810298103,0.0982908916191914,0.0953639202498198,0
CTAGAGTAGATCCCGC.1,0.0945865776789025,0.152531229454306,0.023679875537659,0.0746957445070653,0.0488152529297234,0.0343684655425546,0.0178570013864132,0.0165431673272445,0.205532997600654,0.0732889158086008,0.0735767569689831,0.142091344435709,0.097675082013978,0.0951138915309414,0.0937785251020898,0
CGTCACTAGACTTGAA.1,0.074984550735385,0.107852385444359,0.0422119520453921,0.0990225707206839,0.0589324418647368,0.044367575744094,0.0156704297880768,0.0166465621230398,0.20275133809687,0.0493673497913353,0.079675435152467,0.167789682978018,0.131403033328579,0.12793308688703,0.109296180638962,0
AAGGCAGAGCGGCTTC.1,0.124348041033247,0.12377440471086,0.0613617644367164,0.126943287320646,0.0573601263730208,0.04950616185434,0.027379679144385,0.034299500258487,0.182370079362987,0.0672586045087559,0.0688129825939013,0.172955341420784,0.123957590453098,0.123706892325191,0.128320922411722,0
GTAGTCAGTAAGAGAG.1,0.0853788159683599,0.170282708744247,0.0556877459503981,0.0768602466715674,0.0569119429851953,0.0345909151577168,0.0211051693404635,0.0215819403756678,0.206132834128721,0.072117464606865,0.063726388343585,0.172195112442414,0.103903389911092,0.103968308443564,0.158635599327408,0
GCAATCAGTTAGAACA.1,0.0691632678284514,0.138381499585513,0.0420060400841951,0.115208690680389,0.0720032327982073,0.0491279975085643,0.0261517132105367,0.0161502671032225,0.208947451683497,0.0719310973702252,0.0470619028922916,0.174592757681886,0.115703893881044,0.115283919868998,0.179582032188326,0
CTAATGGTCAGGCGAA.1,0.148646644419726,0.226538604465026,0.0366980873066715,0.0649078384927441,0.0384115205172477,0.0430996129376696,0.0318795801148742,0.0357470273996209,0.20753684710101,0.0828668605773391,0.0804606726868211,0.112020064846882,0.093253458850378,0.0961630860045302,0.117030987268797,0.0407878933461446
CAGCTGGTCCTTTCTC.1,0.0699666295884316,0.0707200640311008,0.0300860254415668,0.132878651746576,0.0692480070533779,0.0452128842817102,0.0122162804515746,0.0133448216439773,0.177162707306141,0.073834705573046,0.0651572656284082,0.236437709956401,0.141796224979794,0.139209476089152,0.158923852990632,0
GAACGGACATCGGACC.1,0.0973674453096033,0.120915873424235,0.0342729019859065,0.0792425603746358,0.0477352044377503,0.0282177336833207,0.018134284016637,0.0242564190935723,0.184459619795924,0.0687561983746115,0.0624002093966758,0.173117783510179,0.134921314125422,0.133551670376435,0.130626951717511,0
GTAACGTTCTGTACGA.1,0.0956000494376468,0.12148757968156,0.0380708337146518,0.079664570230608,0.0556114764336358,0.0366374516172087,0.0175638740344623,0.020568671376874,0.200305850713212,0.0660871533070201,0.0462243161889805,0.143559820923841,0.110093662340132,0.113528725375798,0.124429497958203,0.00763872207542637
CATTATCTCGTCGTTC.1,0.0666790260783587,0.157619415144499,0.0877413745767365,0.128250156552043,0.0669189228904155,0.0376051074431641,0.0197821350762527,0.0138066517318628,0.184242096659372,0.0682170645829035,0.0552021986650962,0.193897375585604,0.128578899824086,0.128668503574125,0.120634158059092,0
TGACGGCTCCTCAATT.1,0.0755036460264491,0.0452505502672727,0.0350507916170953,0.106360096926135,0.0656919290253848,0.0313431507763492,0.0124460289166172,0.0121867999310701,0.185052864713792,0.0635379157486971,0.050211577891201,0.214202636759995,0.139970522512243,0.138101448280596,0.124381455680999,0
CCTACACAGAGTACCG.1,0.0922259300457298,0.108338335763085,0.0616591928251121,0.0628386288763647,0.035678336578377,0.0529874983316279,0.0233075856605268,0.0174806134757884,0.214273472723917,0.0661204331707057,0.0770667015661126,0.108283896790794,0.0966386155089621,0.0950158359726621,0.111794379053567,0
CGTGTCTCAATGAATG.1,0.0665677913731306,0.10982477203213,0.0461014002013361,0.117019249094721,0.0796958230777708,0.0421986919962628,0.0135630817983759,0.0101189040151646,0.173359348221584,0.0671987007541217,0.0450377350259565,0.195677740885374,0.124452051538059,0.120343586676211,0.128128753302907,0
CGATGTATCCGCGTTT.1,0.109961685823755,0.167795786524884,0.0496476617552851,0.0943804623049906,0.0574189045222439,0.0370044934822263,0.0269360269360269,0.0269722557297949,0.209125425158858,0.0710458529961861,0.0569122715176897,0.181590762893029,0.131954547615652,0.128717531353265,0.138746096564977,0
ACTATCTTCTGTACGA.1,0.0847608453837597,0.141840322442329,0.0401985906470211,0.0949930572572082,0.0608574262517909,0.0609178271121591,0.0406575559516736,0.0166534551094262,0.225030980567933,0.0641502652405136,0.0546874318370196,0.0953015250063352,0.0976275376788856,0.0969475304707647,0.0993514292577468,0.00932020177756426
CTCATTAAGGACAGAA.1,0.0764800395501174,0.120315581854043,0.0455751807449437,0.097702088268126,0.0507622791227361,0.0328335631979357,0.0193464052287582,0.0161089091849044,0.199732380625939,0.0698544338762388,0.051747153513938,0.208023339679404,0.118451956449389,0.119568947765804,0.138457842901754,0
GTCTTCGCAAGGTGTG.1,0.0837350142133235,0.158419803904754,0.0791159513132607,0.123145198616897,0.0522758164652291,0.0403523601904169,0.0131748861160626,0.0174875064621747,0.204854061750204,0.0689159417203027,0.0746324652096148,0.157451868408912,0.0893738411068321,0.0856025023778473,0.0658179197693971,0
CACCTTGCAGCTCGCA.1,0.106575207020146,0.199010948174828,0.0532396815228334,0.0828228375398187,0.0517688549281805,0.0420207323041331,0.0262784709843533,0.0259727727037739,0.223785166240409,0.0794656585086627,0.0725559481743227,0.144781385436092,0.101583226358579,0.104752752909799,0.109344222916166,0
CAGGTGCAGCAATATG.1,0.0697441601779755,0.145499242489209,0.051180561910863,0.121811102943178,0.0633775393997281,0.040775014459225,0.015068330362448,0.0138962605548854,0.193246236190577,0.0718645376428538,0.0522531954805217,0.204774497891502,0.137403128417249,0.134600864850024,0.190968051885659,0
CCTATTATCTGCGGCA.1,0.0810035842293907,0.0686333361918646,0.0229019859064702,0.0742056685452912,0.0379559898607693,0.0580148596342928,0.0175638740344623,0.0130759951749095,0.186173438447544,0.0625328638653896,0.0590062382759674,0.130551458405079,0.102667237198688,0.105870586274183,0.130867163103531,0
ACGATGTGTCGAATCT.1,0.107378568780126,0.162250235828831,0.033609407888716,0.0700400228702115,0.0489842401087396,0.0452684966855007,0.0206615171321054,0.023780803032914,0.219882933002874,0.0763040714585233,0.0621820878593552,0.112137023151247,0.0906860647553844,0.0905837247384368,0.0485707422531828,0
GATCGTACACCCTATC.1,0.1134470399209,0.162050138638767,0.0840120801683902,0.1399847531923,0.0683736820836854,0.0427436935534102,0.0366726084373143,0.0239738066517319,0.196238827220713,0.0880318954213564,0.0651572656284082,0.189264527196055,0.117710264821946,0.115950697665297,0.11256305548883,0
GGTATTGTCTTTAGGG.1,0.085761957730812,0.141640225252265,0.0507229797748696,0.0870429360995399,0.0575878917012601,0.0469035013569426,0.0165498118439295,0.0135929691538859,0.188744166424974,0.0746800141106622,0.0546350826680626,0.203520444961371,0.123282460894784,0.12271653118657,0.131299543598367,0
CGATGGCCAGTCCTTC.1,0.0741688295637128,0.15844838921762,0.0482062780269058,0.11211848947698,0.0609676352815841,0.0417093028429061,0.0240839770251535,0.0135791831811132,0.203931236322409,0.0904879493613594,0.065261963966322,0.195047465578521,0.124242856463652,0.123324475647902,0.170982464568821,0
CCACTACTCTATCCCG.1,0.100692127054752,0.160678043621187,0.0548412189988103,0.0621443545971848,0.0437235957532787,0.0514081060639765,0.00808080808080808,0.022526279510598,0.186918290399979,0.0884911575402187,0.0630807485931161,0.201603628306509,0.120981315076309,0.118794308855397,0.115349507566659,0
AAACCTGCACCATCCT.1,0.0935607465084662,0.15844838921762,0.0817470485952228,0.108510985869476,0.0564784541346754,0.0449236997819994,0.0213586848880967,0.018824745821127,0.214721702217418,0.0664532318075625,0.0613270514330585,0.112832275293858,0.10145010222032,0.104615475128208,0.101080951237089,0
TCTGGAAGTTTGGCGC.1,0.0808676307007786,0.152331132264243,0.039237668161435,0.0960412752865583,0.0527754307336248,0.0377496996930195,0.0215805109922757,0.0146544890573841,0.192475017797348,0.0746533902197137,0.0584565720019195,0.203650398632887,0.116635762848857,0.114577919849387,0.123708863800144,0
ACTTTCATCCTTTACA.1,0.0841923124459276,0.125632450047166,0.0706049235837833,0.112758310871518,0.0673009808603652,0.0429216532455399,0.0107506436918202,0.0177770118904015,0.18149998681678,0.0706864304683808,0.0472800244296122,0.199920728260375,0.0961156278229449,0.0929566692487964,0.0942109055969253,0
AGAGTGGGTGCACCAC.1,0.0768013842541095,0.124574793471115,0.049510387114487,0.0896430613411745,0.0587928437603321,0.0376273524046803,0.0135710041592395,0.0127864897466828,0.193391251614944,0.0744869909012853,0.0498015094010383,0.203747863886524,0.118528027385537,0.115146642087407,0.147297621907278,0
TATCAGGGTACCGGCT.1,0.0907180818193054,0.180687762627562,0.0652969708062597,0.0922431865828092,0.054333051688035,0.0343350981002803,0.0340265399088929,0.0186662071342409,0.199719197405542,0.0743472154738054,0.0707237272608297,0.158562972300375,0.0844007036561594,0.0839649745545826,0.0608215229401874,0
AGGCCGTGTATAGTAG.1,0.0986157458904956,0.137552525512392,0.0519126933284525,0.0781535026818046,0.0513280188090078,0.0383725586154736,0.0219449395919984,0.0205066344993969,0.202289925382973,0.0630187498752005,0.05907603716791,0.127504044808026,0.101592735225598,0.0977908082719669,0.126303146769157,0
CGGAGCTGTAGCGTGA.1,0.0701149425287356,0.110367892976589,0.0308410359659559,0.087778050042201,0.0564637595973697,0.0255594607821328,0.0253040205981382,0.0132207478890229,0.188183879558098,0.0584993443866854,0.0501068795532871,0.12511289725213,0.100071316502639,0.0979673082768697,0.12390103290896,0
TCTGGAATCCGCGCAA.1,0.0697935978247435,0.133407655146786,0.0470394435801226,0.0915761387459501,0.0579626024025569,0.0487832006050629,0.0282986730045554,0.0166465621230398,0.224635483956021,0.0617341471369333,0.0540592418095363,0.128959525929006,0.081510008082537,0.0788660855240579,0.0790775882776844,0
TATTACCGTCCAGTGC.1,0.0736126560375726,0.15090186662093,0.0596000732131418,0.114813907266737,0.0576025862385658,0.0444343106286426,0.0298197662903545,0.0148268137170429,0.208815619479526,0.0645030317955818,0.0644505518474894,0.104931092065679,0.0847144962677697,0.0819548356098565,0.0944991592601489,0
CGTTAGACAAGCGAGT.1,0.0829563712767272,0.120887288111368,0.0221927335956804,0.0723678836886384,0.0438338047830719,0.0385727632691195,0.0116696375519905,0.0176598311218335,0.207240224642076,0.0716049547061055,0.0563887798281202,0.212344299257315,0.12381495744782,0.121333947814832,0.183857794859476,0
GGCTCGATCTAGCACA.1,0.108231368186874,0.15204527913558,0.0382996247826485,0.0809442130196847,0.0533558649572022,0.0407082795746763,0.0194256288373935,0.0296743063932449,0.214128457299549,0.0669391178173734,0.0502464773371723,0.123358522686662,0.0796177435458565,0.0790327799731328,0.0794619264953159,0
ACTGAACTCCAAACTG.1,0.101619082931652,0.221879198467827,0.0915393063054818,0.113044188515887,0.0640828771904045,0.0384615384615385,0.023870073281838,0.020823711873169,0.185883407598808,0.0788799329077948,0.0600008724861493,0.184248315475533,0.120325203252033,0.117401919927831,0.158731683881816,0
TACGGGCCAAGAGGCT.1,0.133778272154245,0.19472315124489,0.0331747048595223,0.074791037055188,0.0431725506043128,0.0439004315522534,0.0252089522677758,0.026758573151818,0.220733250718486,0.0717846659700082,0.0654975352266283,0.113267620093437,0.0736081395901678,0.0706588352960788,0.0680278645207783,0
ATTACTCTCTGCAAGT.1,0.0984674329501916,0.178143669782466,0.0479317287453098,0.0803860709521087,0.0419749458138937,0.0369043911554033,0.0224440483264013,0.0218438738583491,0.20157803148153,0.0519831470770296,0.0525323910482921,0.15158446013996,0.109580183521133,0.106341252953924,0.101897669949556,0
CAAGATCGTTGGTAAA.1,0.0848597206772958,0.202069576651516,0.0704218907293859,0.0951700291322933,0.0546710260460674,0.0412087912087912,0.0203129332541097,0.0167154919869033,0.200358583594801,0.0822678230309969,0.0587706670156611,0.184852600048083,0.110607141159131,0.10778266966063,0.117895748258467,0
CACACAACACCGCTAG.1,0.104832529971573,0.170854415001572,0.0421661938317928,0.0867026055705301,0.0590132618199184,0.0448903323397251,0.0251772628243216,0.0265793555057729,0.177340680781501,0.0695016673211706,0.0711163460280068,0.135177809111052,0.0912090524414016,0.0940548915015248,0.0858515493634398,0
TGGCGCACATATGCTG.1,0.103781979977753,0.188548723665781,0.0739910313901345,0.0870837757630211,0.0449505896183094,0.052275659563109,0.0331313131313131,0.0202515940031018,0.20257336462151,0.0661936488708142,0.0755834751123326,0.111831632023184,0.0862549327247659,0.0848670856907524,0.0838818159980783,0
TACTTGTTCGGACAAG.1,0.108972932888395,0.0852128176542892,0.0187837466825295,0.0553377440169893,0.026200360016164,0.0531098456199671,0.021849871261636,0.0170187833879028,0.224945289635352,0.0590251662329191,0.0650874667364656,0.12749754712445,0.101992107640375,0.100036280556563,0.135671390823925,0
ATCATGGAGAGTGAGA.1,0.0960079100234829,0.166423691507304,0.0587077880479546,0.0877508235998802,0.0646780059512876,0.049194732393113,0.0273955238661121,0.018707565052559,0.215901600442956,0.0798982967365766,0.0851110238624962,0.120278620671731,0.0944135406266343,0.0964572526793681,0.0858035070862359,0
GGGTTGCAGGCATGGT.1,0.0780126065999258,0.124603378783981,0.0291251029559806,0.0957690108633505,0.0726057088277433,0.0484161587400454,0.0108377896613191,0.0137721867999311,0.17856672027843,0.0672719164542302,0.0730707150023993,0.133715830306496,0.0973993248704417,0.0935351970426444,0.037328849387461,0
GAATAAGGTCTGCGGT.1,0.0661352119639105,0.110653746105251,0.0396037338702297,0.0884178714367394,0.0469343521545865,0.034613160119233,0.0210893246187364,0.0156815440289505,0.196891396630369,0.0745069588194967,0.056746499149326,0.224027134326613,0.132306375695336,0.130394281399841,0.144991592601489,0
CGAGAAGAGAAGGACA.1,0.0778766530713138,0.191035645885144,0.0716573624965681,0.0797326363364099,0.0538775210315565,0.0406971570939182,0.0143711626064567,0.0144890573841117,0.20482769530941,0.0684100877922804,0.0910701042620948,0.157295924003093,0.106109447059383,0.109420197483894,0.107326447273601,0
GACGTTAGTGTGACGA.1,0.0655913978494624,0.120401337792642,0.0583417223391599,0.103487707261292,0.0726644869769663,0.0330337678515816,0.0208833432362844,0.0144063415474754,0.199738972236138,0.0664532318075625,0.0310517820529599,0.168712354045783,0.101916036704227,0.101673808379828,0.1268316118184,0.00345904395868364
CTCTGGTTCTCGTTTA.1,0.089333827709801,0.142726467141183,0.0389859979866386,0.0888671077350323,0.0573968627162852,0.0406415446901277,0.0203842345018816,0.0217542650353266,0.177452738154876,0.0781877117431327,0.0571652925009815,0.198634186912366,0.111539010126943,0.107468891874136,0.113668027864521,0
ACAGCTATCAGAGACG.1,0.0830676059819553,0.157362147328703,0.0605152374851286,0.12012306351929,0.072260387201058,0.0450349245895805,0.0247019211725094,0.0208443908323281,0.212019142036017,0.0802044714824848,0.090171443528334,0.219829630736642,0.131659772738078,0.131737642548268,0.18073504684122,0
TTCTCAAAGTTACGGG.1,0.0863057718452602,0.102421175999771,0.0201793721973094,0.0869612567725775,0.0498291760038206,0.0399185834408506,0.0203129332541097,0.0162674478717905,0.214616236454241,0.0821812953854141,0.0734197094621123,0.112416423545006,0.0895925450482575,0.0888481413568928,0.0438145568099928,0
GCCTCTATCGCGTTTC.1,0.0909281918180695,0.198725095046165,0.0752265031573167,0.0792697868169566,0.0388670511737262,0.0245806824754193,0.0200277282630224,0.0196036532827848,0.205704379465816,0.0699942093037187,0.0355450857217642,0.13738052384325,0.107792516521656,0.111155780865438,0.140619745375931,0
GATCGATCATCCTTGC.1,0.11338524286244,0.156304490752651,0.0314816509563467,0.0646491872906967,0.0488446420043349,0.0488276905280954,0.0124539512774807,0.0267310012062726,0.219052390117858,0.072070872797705,0.0779130131309165,0.112507391115067,0.0915608805210859,0.0882205857839052,0.0938746096564977,0
TAAGCGTGTGTGCGTC.1,0.0946360153256705,0.192464911528457,0.0652740916994601,0.0785346728742955,0.0487123911685831,0.0360924500600614,0.0202099425628837,0.0229605376529381,0.183068790044032,0.0603696727258205,0.0484404310081577,0.119849773555727,0.0906955736224029,0.0935253914868164,0.0790775882776844,0
AGTAGTCTCTGGAGCC.1,0.0989865282412557,0.146156704685133,0.0586391507275556,0.10132320509679,0.0491017964071856,0.0377830671352939,0.0192592592592593,0.0226227813200069,0.222170221741767,0.0733820994269207,0.0644505518474894,0.0935666434915952,0.0737412637284268,0.0760420854456135,0.0480903194811434,0
CAGAATCTCTGTCAAG.1,0.0881596835990607,0.140353886173284,0.0399697995790244,0.121552451741131,0.0646486168766761,0.0429772656493304,0.0217310358486829,0.0249526107185938,0.196034487304559,0.065102069341924,0.0548008550364263,0.206236476696058,0.121608900299529,0.121088808919134,0.161470093682441,0
GAACGGAGTCTAACGT.1,0.0837720924483995,0.171654803761827,0.0587993044751533,0.106632361349342,0.0508577936152235,0.047148195933621,0.0360863537334126,0.0222988109598484,0.180372821472829,0.0836589213330582,0.0637525629280635,0.19209101955153,0.118214234773927,0.11579380877205,0.138986307950997,0
CCCTCCTTCCTAGGGC.1,0.100902237053516,0.207443615470371,0.06319209298069,0.119265430586185,0.064832298592998,0.0352471415224452,0.0154169142404437,0.0225676374289161,0.187023756163156,0.0943950053580581,0.0741351481045238,0.221687968239323,0.13884847620406,0.139307531647431,0.176411241892866,0
ACGCCGACAACCGCCA.1,0.0764182424916574,0.137095160506532,0.0429440834629816,0.0960276620653979,0.0463539179310091,0.039028784980202,0.0225628837393543,0.0142340168878166,0.198941387402115,0.0932035862381108,0.0517646032369236,0.206002560087329,0.118727713592925,0.118215781061549,0.177179918328129,0
GCATGATCAAAGCAAT.1,0.0757013966135212,0.163993939913672,0.0419602818705958,0.0862533692722372,0.0533926013004666,0.0408417493437736,0.0256526044761339,0.0103808374978459,0.215960924934743,0.0791128919535946,0.0566418008114121,0.219101890176152,0.135929254029382,0.135091142641421,0.206149411482104,0
CGTTGGGCATCACGTA.1,0.100271907057224,0.163965354600806,0.0613160062231171,0.102752593318631,0.0614231659380625,0.0334452996396316,0.0272449990097049,0.0155298983284508,0.207734595406966,0.0656944509155291,0.0745626663176722,0.120038206379426,0.0835639233585318,0.0799643077767863,0.0474657698774922,0
CAGCTGGAGTCATGCT.1,0.0796193301198863,0.177228939770746,0.0784982154296696,0.122587056549321,0.0671466882186547,0.0369933710014682,0.0215567439096851,0.0151990349819059,0.205572547261845,0.0824675022131109,0.0615800724163504,0.214715953762484,0.138572719060524,0.137591559377543,0.148786932500601,0
TACCTATTCAGTTAGC.1,0.0954270176739587,0.142869393705514,0.0564656355815869,0.100057175528874,0.062238712758532,0.0382835787694087,0.0279183996831056,0.0156677580561778,0.188098188625517,0.0736150584727205,0.0406491296950661,0.205229335741808,0.107212475633528,0.110557641959935,0.149555608935864,0
TCACGAAGTAGCGATG.1,0.106315659374614,0.145756510305005,0.043127116317379,0.0835715647036402,0.0468755740053635,0.0357698981180763,0.018680926916221,0.0298121661209719,0.213021066786195,0.0699675854127702,0.0505343977664355,0.173800040285638,0.104958874150145,0.102634752850965,0.0982944991592602,0
ACTTTCACATGCCACG.1,0.0692745025336794,0.12651859474602,0.0320307495195388,0.0906912793705247,0.0427464090224459,0.0327890732749032,0.026745890275302,0.0145028433568844,0.187096263875339,0.0739412011368401,0.0441128997077171,0.215190284663517,0.132971996386631,0.131639586989989,0.20658179197694,0
GTGTGCGCATCGACGC.1,0.075009269558769,0.145956607495069,0.0466047405509289,0.119837185874922,0.0589250945960839,0.041497975708502,0.0210417904535552,0.0149715664311563,0.237765971471511,0.0589253266418621,0.0734720586310692,0.120447560444701,0.0936052869300623,0.0965258915701637,0.110641364400673,0
ACGAGCCAGACCACGA.1,0.067704857248795,0.0483663493696938,0.0199734602361124,0.0719867134961475,0.0346717607729327,0.042209814477021,0.0126440879382056,0.0215130105118042,0.20103751944525,0.0512709579941561,0.0603411420843694,0.137763887174222,0.119364807683165,0.120716197797672,0.156665865962047,0
CAGTCCTTCTTGCATT.1,0.0779508095414658,0.130006002915702,0.04514047771575,0.105611369762313,0.0523272473457992,0.0363260221559817,0.0218181818181818,0.012869205583319,0.213054024837187,0.0772159397235109,0.0468699559394495,0.0752041897063697,0.0910283839680502,0.0938685859407941,0.0824885899591641,0.0255584914724958
TCGGTAACACAGACAG.1,0.151860091459647,0.183574879227053,0.0546124279308136,0.0872607476381061,0.061819918445318,0.0547559727721671,0.0243533372945138,0.0398414613131139,0.24363909615841,0.062699263183818,0.0654539109191642,0.049538339581939,0.0483811153901013,0.0498906680525186,0.0655777083833774,0
AAGTCTGAGCTGATAA.1,0.0834631071560994,0.164079695852271,0.0463073121625332,0.120354488279017,0.0558245472245693,0.0263714018774748,0.033099623687859,0.0149577804583836,0.202579956231708,0.0735950905545091,0.0538323954107229,0.0596747259601952,0.0751961203822565,0.0775423354872871,0.0710064857074225,0
CATTCGCGTAAATGTG.1,0.0865900383141762,0.251979532915988,0.0949025350050334,0.136227504152032,0.0587854964916792,0.0556791386750901,0.0509803921568627,0.0307909701878339,0.211590687373112,0.0598238829613754,0.0588666404920822,0.0416956355059421,0.0550468311700661,0.056764362687899,0.0632716790775883,0
TGCCCATTCGAGAACG.1,0.0686070943023112,0.128891175713918,0.0637183124370825,0.137371014729505,0.0652437456375592,0.0528206611202563,0.042962962962963,0.0125728071687058,0.218492103250982,0.0739545130823144,0.0642411551716617,0.0526507300147497,0.0647744021299862,0.0667954462998735,0.0541436464088398,0.0274321402834494
TTAGGACGTTCGTTGA.1,0.0870473365467804,0.234285224251779,0.0763933376040999,0.166625827003185,0.0799309356746629,0.0589380255372158,0.0265082194493959,0.0208650697914872,0.229361668468373,0.0583396010409941,0.0760284430484666,0.0224819851722861,0.0615508962107165,0.0634713628742045,0.0686043718472256,0
CGGAGCTTCTTAGAGC.1,0.131170436287233,0.320384186604922,0.127917086116958,0.130591630591631,0.0629807868924727,0.0451572718779197,0.0462982768865122,0.0296467344476995,0.169114351253724,0.0569351907934585,0.0613619508790298,0.0480178816252006,0.0493510198259877,0.0508908347469676,0.0847946192649532,0.0342541436464088
GACGTGCAGGCATTGG.1,0.0729946854529724,0.176228453820427,0.0426695341813856,0.0782624084510877,0.0455236765732339,0.0517862704097522,0.0229193899782135,0.0110701361364811,0.206811769979171,0.064123641349565,0.0682022422894037,0.0448665050909351,0.0898968287928493,0.0927017247972701,0.0628392985827528,0
CCGTACTAGATGAGAG.1,0.119367198121369,0.192865105908584,0.0641301363594765,0.100016335865392,0.06006392123728,0.0440783912443831,0.0247336106159636,0.0152334999138377,0.227146887441664,0.0755652584847012,0.0711861449199494,0.0793757025620366,0.0732943469785575,0.0707078630752184,0.0768196012490992,0
GGCCGATCATGCTAGT.1,0.120553701643802,0.219535202812795,0.0884506268875263,0.07242233657328,0.0476396899452628,0.0379832717889398,0.0466230936819172,0.0240082715836636,0.229658290927308,0.0776086421150019,0.0667277406971164,0.0492914276060584,0.0800456425616888,0.0825431689595325,0.111169829449916,0
TACTTGTTCAAGAAGT.1,0.085663082437276,0.155647028556728,0.0445227418321589,0.099267608701571,0.0521656074354359,0.0453574765315656,0.0259378094672212,0.0140203343098397,0.195909246710787,0.0659074420431174,0.0485974785150286,0.0789403577624577,0.054238577473494,0.0543129737309159,0.0594763391784771,0
GGGCATCGTGTTCGAT.1,0.0935360276850822,0.146471143126662,0.0481147615997071,0.0820468839336764,0.049924690496308,0.0380277617119722,0.0181976629035453,0.0203963467172152,0.211860943391252,0.0621002256374758,0.0571303930550103,0.0820007667266619,0.0727903770265773,0.0750615298628203,0.0601489310593322,0
GCAAACTCAGTCAGAG.1,0.107415647015202,0.238830288997513,0.0807174887892377,0.0847559149445942,0.0512251570478675,0.0340792810428438,0.026745890275302,0.0251938652421161,0.224015872597358,0.0603031129984492,0.0722505780220739,0.0417216262402453,0.0540388912661056,0.0557249737701382,0.0907518616382417,0.0256545760269037
GCACTCTAGAGGACGG.1,0.0686565319490792,0.135437212360289,0.0823190262652146,0.132837812083095,0.0794533632122259,0.0380833741157628,0.0299861358684888,0.00988454247802861,0.219955440715058,0.0660804973342829,0.070906949352179,0.0604349549385644,0.048932629677174,0.0504593902905386,0.0478020658179198,0
AAACCTGGTCCTAGCG.1,0.108861698183166,0.241860332161336,0.0673103322046307,0.112894443083122,0.0527680834649719,0.0416092005160831,0.033099623687859,0.0193899707048079,0.227371002188415,0.0576806597400177,0.0645116258779392,0.030526117439133,0.058831360243427,0.0606669739074159,0.111361998558732,0
GATGAGGCATGTCCTC.1,0.089296749474725,0.147643140954178,0.0507229797748696,0.154850390699447,0.0747878476176481,0.0454687013391467,0.0281560705090117,0.0168188867826986,0.216171856461096,0.0572613334575782,0.0696854687431837,0.0312733510503505,0.0619122331574193,0.0629516684153241,0.0556809992793658,0
GACTGCGTCTCGCATC.1,0.07859349894945,0.128176542892262,0.0320765077331381,0.140148111846225,0.0657360126373021,0.0514414735062508,0.0281402257872846,0.0113872135102533,0.231932396445804,0.0825074380495338,0.0788116738646774,0.067153559755947,0.0657157799648172,0.0677661963268388,0.0552005765073264,0.000144126831611818
CACAGTAGTATCACCA.1,0.0986651835372636,0.190521110253552,0.0647707513498673,0.123226877943859,0.0532970868079791,0.0438003292254304,0.0411328976034858,0.0197208340513527,0.242801961663195,0.0710325410507119,0.0987043580683157,0.040266145119265,0.0490562449484144,0.0505868625163017,0.0541436464088398,0
CATCCACTCGCCTGTT.1,0.096415770609319,0.217848669353686,0.0838519264207925,0.131925726265349,0.0768524301091069,0.0500511634114873,0.0328698752228164,0.0208168188867827,0.212078466527803,0.0453404862853682,0.0805304715787637,0.042033515051884,0.060638044976941,0.062530029514723,0.080134518376171,0
ACACCCTTCTGCGGCA.1,0.0889506859473489,0.172340851270617,0.051317836551661,0.0915080726401481,0.0352228059218985,0.0335676469279708,0.0207645078233314,0.0221471652593486,0.249531995675904,0.0611617334815397,0.06655324346726,0.0496812886206068,0.0643655208481909,0.0662463351735093,0.0331011289935143,0
GACGGCTAGAAGAAGC.1,0.0627981708070696,0.203012891976103,0.0901436807907019,0.159301914018895,0.0666691157562176,0.0350914267918317,0.0454981184392949,0.0160951232121317,0.213093574498378,0.05156382079459,0.0845439078654626,0.0284403610112995,0.0536680454523843,0.0553425570928488,0.0948354552005765,0
CGGACACAGCGCTCCA.1,0.114547027561488,0.175256553182975,0.0717717580305665,0.103201829616924,0.0575217662833842,0.0362926547137073,0.0277124183006536,0.022057556436326,0.213706594246843,0.0740144168369486,0.0804606726868211,0.100291745992554,0.0757000903342367,0.076973613249267,0.0829209704539995,0
TCGTACCAGCTCCTCT.1,0.0805957236435546,0.179458594174313,0.0587077880479546,0.127651174820986,0.0828992322104258,0.0362815322329492,0.0315864527629234,0.0156332931242461,0.226514092862604,0.0641369532950393,0.0775378440867251,0.0764452472693485,0.10340892882613,0.106635419628762,0.135815517655537,0
GTCGTAATCTTGCATT.1,0.106822395253986,0.150844695995198,0.0520270888624508,0.117808815922023,0.0517468131222218,0.030609067046314,0.0337254901960784,0.032927795967603,0.210905159912463,0.0681039130463722,0.0796318108450028,0.0533459821573609,0.0531735843674226,0.0548326681897963,0.034158059092001,0.0310353110737449
TCTATTGTCGGCCGAT.1,0.099950562353232,0.193722665294572,0.0671730575638327,0.0864575675896431,0.0476837735571801,0.0464474796458602,0.0359675183204595,0.0189901774943994,0.226632741846178,0.0622865928741156,0.0702002355712603,0.0859838467586305,0.071497171112062,0.0701783630605101,0.0372327648330531,0
ACGAGGATCCCGACTT.1,0.0794092201211222,0.307949575508104,0.0990894115493731,0.149895178197065,0.0879027221630359,0.0436446144948169,0.0319271142800555,0.0196174392555575,0.203232525641364,0.0761043922764092,0.0803036251799503,0.0372447222565156,0.0288403936670946,0.0253571673710324,0.0213307710785491,0
GACTACACAGACAAAT.1,0.0911877394636015,0.163336477717749,0.0833028278576004,0.200971983990852,0.0839645861650931,0.0484940161053521,0.0419885125767479,0.0140410132689988,0.189759274395549,0.065741042724689,0.0652968634122933,0.0284143702769963,0.0404602291636951,0.0417226400478511,0.0496276723516695,0
AAGCCGCAGGCAGGTT.1,0.0985415894203436,0.201469285081325,0.109613800677222,0.134607530833946,0.0545240806730098,0.0336232593317614,0.0346840958605664,0.0220161985180079,0.224740949719197,0.0824608462403738,0.0687868080094229,0.0398632887375651,0.054257595207531,0.0559505015541806,0.0546721114580831,0
GTTCTCGCACACTGCG.1,0.0915338029909776,0.236829317096876,0.0843323876635856,0.146097089493316,0.0690202417251387,0.0436891044178494,0.0246147752030105,0.0249663966913665,0.195157803148153,0.0539799388981703,0.0649565938140732,0.058147770319881,0.0536300099843104,0.0553033348695371,0.0998798943069902,0
CTACATTTCGGTCCGA.1,0.0882709183042887,0.155218248863734,0.0567859430767823,0.099267608701571,0.0578597406414166,0.0503514703919562,0.0304139433551198,0.0274547647768396,0.204399240646505,0.051756844003967,0.0592156349517951,0.0372252292057881,0.0360576237341321,0.0371826676995185,0,0
AAACGGGCAGCTTAAC.1,0.0989494500061797,0.20249835634451,0.0603779628443306,0.102589234664706,0.0605635355056758,0.0322663166792721,0.0373063973063973,0.020313630880579,0.226276794895457,0.0623331846832755,0.0686995593944946,0.0732158985321733,0.067883801645034,0.0700018630556073,0.0773000240211386,0
AAAGCAAGTCGGCATC.1,0.110245952292671,0.287768344624532,0.0931408437814588,0.0920526014865637,0.0553102384188678,0.0355585709836722,0.0353337294513765,0.0254557987247975,0.212625570174282,0.0584727204957368,0.0932862190812721,0.0616435240836642,0.0773831597965102,0.0797976133277115,0.112370886380014,0
GACGTGCCATACTCTT.1,0.0989000123594117,0.268073064059686,0.0789100393520637,0.0659152168586131,0.0357885456081702,0.0417871602082128,0.0389225589225589,0.0229260727210064,0.225096896669919,0.0641369532950393,0.0674780787854993,0.0457566877408204,0.0621499548328817,0.0640891128913642,0.0581311554167668,0.0647129473937065
CAAGAAAAGAGCCCAA.1,0.141614139166976,0.212131606780436,0.0625514779902993,0.0747501973917068,0.0419749458138937,0.0322774391600303,0.036490394137453,0.0313975529898328,0.2089342684631,0.0716914823516883,0.0612572525411159,0.0629430607988252,0.0550943755051586,0.0568133904670386,0.0488589959164064,0
GACGCGTAGACTGTAA.1,0.0817945865776789,0.21713403653203,0.0699414294865928,0.206621470772414,0.0844935895081004,0.038517150865329,0.0375757575757576,0.0252972600379114,0.142813826561552,0.0566756078567102,0.0476028443048467,0.0253019798441855,0.0461370227737365,0.0475765568771266,0,0
TGGCGCACAAGTTCTG.1,0.107316771721666,0.150244404425006,0.0604008419511302,0.0876283046094367,0.0503728738841336,0.034713262446056,0.031610219845514,0.022546958469757,0.211926859493237,0.0689958133931483,0.0626532303799677,0.0762438190784985,0.0753577711215709,0.0772383632566212,0.0270958443430219,0
CCATTCGTCTAGCACA.1,0.117031269311581,0.27193208129663,0.0838976846343919,0.124043671213483,0.0602329084162962,0.0466588067802643,0.0311903347197465,0.0277166982595209,0.238827220713476,0.0572813013757896,0.0841949134057497,0.0343987368503129,0.0522512242666286,0.0538815292744869,0.0684122027384098,0
ACGGAGAGTACCGTAT.1,0.075157582499073,0.123402795643598,0.0471995973277203,0.216531895777179,0.0869696190441203,0.0344908128308938,0.0169063180827887,0.0114492503877305,0.14774435099006,0.0412736869429783,0.0514679579461676,0.031123904328107,0.0726192174202444,0.0748850298579175,0.102858515493634,0.00590920009608455
ATTACTCTCCACGTTC.1,0.103893214682981,0.203784695423491,0.0782465452548732,0.136921778431212,0.0803129936446126,0.0380722516350047,0.0363081798375916,0.0283163880751336,0.174882010177446,0.0647759266778043,0.0614840989399293,0.0352044496137127,0.0533827794418295,0.0550483904180108,0.0505885178957483,0
TTCTCCTAGTGGACGT.1,0.139253491533803,0.3492839379127,0.106021780909673,0.101173459664026,0.0601006575805444,0.0356809182720114,0.0462032085561497,0.0340306737894193,0.208156458459673,0.0814092025479064,0.0672337826637002,0.0276671366657786,0.0632149479389531,0.0651873351440926,0.0701417247177516,0
AGCGTATGTAGCGCAA.1,0.0996910147076999,0.194580224680559,0.0836231353527958,0.079351466143919,0.0469784357665038,0.0545557681185212,0.0255971479500891,0.0221954161640531,0.227377593798613,0.0819616482850886,0.0804606726868211,0.0394149485708345,0.0456235439547378,0.0470470568624182,0.0384338217631516,0
ACTGAACAGTGGGTTG.1,0.139661352119639,0.211988680216105,0.0678136725542235,0.0770644449889733,0.0435031776936924,0.0456800284735507,0.0250029708853238,0.03145958986731,0.242162575473937,0.0753256434661644,0.0823539676307639,0.0816239010792652,0.0668188085389626,0.0689036408028789,0.072207542637521,0
ACGCCAGCATCCGTGG.1,0.100197750587072,0.22948289169025,0.0936441841310515,0.0576519916142558,0.0293743800742074,0.0471815633758954,0.0479382055852644,0.0175150784077201,0.232657473567643,0.0599237225524324,0.0384330148758888,0.0251395377547904,0.0465078685874578,0.0479589735544159,0.0345423973096325,0
CTTACCGGTCTAGGTT.1,0.0710913360524039,0.155532687305263,0.0559394161251945,0.133259821939067,0.0684985856507843,0.0425991013035547,0.0449752426223014,0.0227537480613476,0.24088380309542,0.0542395218349186,0.0665270688827815,0.0598371680495903,0.0541720154043646,0.0558622515517292,0.0829690127312035,0
CATCAAGAGATACACA.1,0.0919045853417377,0.282194208615613,0.0724352521277569,0.117958561354788,0.0572205282686161,0.0638096721092672,0.0427332144979204,0.0280199896605204,0.191400585334986,0.0531612542515026,0.0599048990097282,0.028791235924393,0.0419436124185803,0.0432523067570085,0.0680759067979822,0
GAACATCAGCGTGAGT.1,0.119663824001978,0.202355429780179,0.0611558524755194,0.0969533611043045,0.0558465890305279,0.0276727321261734,0.0228401663695781,0.0257797690849561,0.239697313259683,0.0761709520037806,0.081804301356716,0.035126477410803,0.0481909380497314,0.0496945569359599,0.0558731683881816,0
GGGACCTTCTCGATGA.1,0.110876282288963,0.29928822570963,0.0931637228882584,0.086593699801247,0.0465669887219426,0.0424545090536993,0.029075064369182,0.0325831466482854,0.156550742215308,0.0542195539167072,0.0358242812895345,0.028323402706935,0.0409546902486569,0.0422325289509036,0.0288253663223637,0.0175834734566418
CGATGTAAGATCCGAG.1,0.0556544308490916,0.223737243804133,0.0577011073487691,0.137098750306297,0.0711656441717791,0.0481047292788183,0.0277599524658348,0.0233672238497329,0.176068500013183,0.0590651020693419,0.0553766958949527,0.0168419958284871,0.0283174059810774,0.0292009452555818,0.00927215950036032,0
CGTCAGGCAAACTGCT.1,0.0771103695464096,0.163422233656347,0.0576095909215704,0.149554847668055,0.0723559016935454,0.0317213151221248,0.0434858387799564,0.0240772014475271,0.19363514119229,0.0582064815862514,0.0598089255333072,0.0301752425260395,0.0513098464317977,0.0529107792475216,0.0380494835455201,0.0158539514773
GGGCATCAGTGGCACA.1,0.113100976393524,0.226538604465026,0.0441795552301638,0.0853140570121702,0.0497850923919033,0.0529763758508698,0.0445157456922163,0.0279234878511115,0.256657526300525,0.0838253206514866,0.0635431662522357,0.0284338633277237,0.0451290828697761,0.0465371679593658,0.0358875810713428,0
TTTACTGGTCTCCATC.1,0.0903967371153133,0.289712145899437,0.128351789146152,0.106251191156852,0.056625399507733,0.0418650175735196,0.0314834620716974,0.0275374806134758,0.220924407414243,0.0644031922045247,0.0545478340531344,0.0582842216749729,0.0751390671801455,0.0774835021523195,0.0893586355993274,0
TGAGCCGGTACTTCTT.1,0.0906810035842294,0.241917502787068,0.135352795826851,0.145334749108334,0.0679548877704713,0.0430440005338791,0.0463458110516934,0.0166396691366535,0.20582302844939,0.0670456133811676,0.0885049949832046,0.0374461504473655,0.0584034612275947,0.0559014737750409,0.0256545760269037,0
TGCCAAAGTTCGAATC.1,0.0671610431343468,0.184861218306034,0.0965040724810103,0.169688801764273,0.0875794423423092,0.0422987943230858,0.0397544068132303,0.0149095295536791,0.152694650249163,0.0412670309702411,0.0381363695851328,0.029622939422096,0.0524223838729615,0.0540580292793897,0.0663944270958443,0.0318039875090079
GTCTCGTAGACCTAGG.1,0.0702756148807317,0.1529600091473,0.0301317836551661,0.156470364017534,0.0602182138789905,0.0662343729145349,0.0308100613982967,0.0137997587454765,0.215881825612361,0.0515305409309043,0.0472189503991624,0.029889344448704,0.0451385917367946,0.0465469735151937,0.0551044919529186,0
CTAGCCTGTTAGTGGG.1,0.0844147818563836,0.207386444844639,0.0969387755102041,0.166571374118544,0.078299842033724,0.0408639943052898,0.0428758169934641,0.0150542822677925,0.220687109447096,0.0776286100332133,0.067390830170571,0.0376865647396703,0.0533827794418295,0.0540874459468735,0.025414364640884,0
CGGACGTAGTGGGTTG.1,0.0906315659374614,0.204870937312409,0.0606067539123273,0.0918075635056767,0.0516439513610815,0.0445344129554656,0.0324896019013666,0.016846458728244,0.239631397157698,0.0667993423898936,0.061056580726781,0.0540672250342753,0.0669329149431845,0.0690213074728141,0.0980062454960365,0
CATTATCAGGCTATCT.1,0.0666172290198987,0.296944230054598,0.13260730301089,0.160050641182717,0.0741412879761948,0.0456911509543088,0.0578015448603684,0.00942960537652938,0.201525298599942,0.0550116146724263,0.041198795969114,0.0430146652718306,0.0681690676555888,0.0702960297304453,0.13000240211386,0
AGTGTCATCTCGAGTA.1,0.0845136571499197,0.189263356487437,0.104031298618102,0.108796863513845,0.0526578744351787,0.0373604128664857,0.0314676173499703,0.0115664311562985,0.208406939647217,0.0659673457977516,0.0651223661824369,0.0374006666623349,0.0625683449816954,0.0645205573477933,0.0392985827528225,0
ACTGATGCACGAAACG.1,0.0621925596341614,0.223165537546808,0.124851285805802,0.133668218573879,0.0716726057088277,0.0317435600836411,0.0247098435333729,0.0169153885921075,0.170320615920057,0.0609953341631113,0.0631679972080443,0.0537943223240915,0.0720201587980792,0.0742672798407578,0.0932500600528465,0
TAGCCGGTCTTTACAC.1,0.146224199728093,0.125718205985765,0.035622769287087,0.0861036238394729,0.0491238382131443,0.0425991013035547,0.0224519706872648,0.0382491814578666,0.238082368761041,0.0765636543952716,0.0876848580028792,0.0878096958434318,0.0676841154376456,0.0697959463832207,0.0621667067018977,0
TGACTTTTCCGCATAA.1,0.0863922877271042,0.16576622931138,0.0432872700649767,0.109654496446949,0.0568458175673194,0.0446567602438048,0.0307862943157061,0.0127451318283646,0.227878556173702,0.0566689518839731,0.0828774593203333,0.0500971403694583,0.0525555080112205,0.0541953070609808,0.0311794379053567,0
TGGCTGGAGAGCTTCT.1,0.096514645902855,0.200468799131006,0.0651825752722614,0.0799232214326554,0.0462216670952573,0.0474707478756062,0.0212002376708259,0.0266069274513183,0.249044216521212,0.0618273307552532,0.0535880992889238,0.0458736460451849,0.0544097370798269,0.0561073904474275,0.0231563776122988,0
TAAACCGCATGGAATA.1,0.109961685823755,0.180687762627562,0.055001372746408,0.0915216858613085,0.0381764079203556,0.0471926858566535,0.0257952069716776,0.0254144408064794,0.175382972552535,0.0540997464074387,0.0802512760109933,0.0415396911001228,0.0579755622117625,0.0597844738829021,0.0197453759308191,0
GGGTCTGTCTGTCAAG.1,0.0510443702879743,0.150730354743733,0.0694152100302004,0.247883144109559,0.092847433966423,0.0348022422921208,0.0341295306001188,0.00958125107702912,0.170960002109315,0.0509847511664592,0.0360773022728264,0.0279660301102657,0.0401654542861218,0.0414186678171852,0.0175834734566418,0
GAACCTATCCAGTAGT.1,0.105265109380793,0.220650030014579,0.078406699002471,0.121307413760244,0.0537526174644576,0.0462583974729724,0.0220479302832244,0.0252007582285025,0.220594826904316,0.0597506672612669,0.0436766566330759,0.0336125171376404,0.0722578804735416,0.0720414186678172,0.132404515974057,0
CGACTTCGTGCAACGA.1,0.0739834383883327,0.233570591430123,0.0591424910771483,0.132620000544529,0.0615333749678557,0.0366152066556925,0.0204555357496534,0.024153024297777,0.224543201413241,0.0538601313889018,0.0713868167342843,0.0517605473648644,0.0557314695953977,0.0574703627075101,0.0618304107614701,0
AGCAGCCGTACCTACA.1,0.119058212829069,0.155275419489466,0.0462615539489338,0.0954967464401427,0.0530840160170457,0.0566245495395293,0.0243850267379679,0.0305290367051525,0.203186384369974,0.0595975798883128,0.049269292849976,0.0550548729377977,0.0373983739837398,0.038565251071257,0.0123468652414124,0
CAGCTGGTCACTCCTG.1,0.0660363366703745,0.28405225395192,0.118628168756292,0.121634131068093,0.0706954189779949,0.0377052097699871,0.0293048128342246,0.0198931587110115,0.166827062514831,0.0606092877443574,0.0584042228329625,0.0310654251759248,0.0350877192982456,0.0341527509486875,0,0
GCTGCGATCACGACTA.1,0.122790755160054,0.345910870994483,0.112610963667978,0.101064553894743,0.0599537122074869,0.0473372781065089,0.032687660922955,0.0432672755471308,0.179047907822923,0.0518966194314468,0.062888801640274,0.0361596090993561,0.0425807065088195,0.04390927899748,0.0195532068220034,0
CGAGAAGAGACAGGCT.1,0.101693239401804,0.250150072892548,0.0841035965955889,0.103528546924773,0.058256493148672,0.0398184811140277,0.035547633194692,0.0212303980699638,0.213172673820761,0.0661204331707057,0.0695458709592985,0.0369458288120285,0.0437217705510388,0.0439975289999314,0.026183041076147,0
TAGACCACATTGGGCC.1,0.0579903596588802,0.113169253637481,0.0411595131326073,0.175460807536279,0.0999228536791448,0.0615406860346132,0.0326084373143197,0.0116008960882302,0.217503361721201,0.0582996652045713,0.0864808271168695,0.0442752158855368,0.061522369609661,0.0634419462067207,0.0944991592601489,0
ACGAGCCCATGCAACT.1,0.0824867136324311,0.230569133579167,0.121465177999451,0.170818699120586,0.0727012233202307,0.0451016594741291,0.0330600118835413,0.0146200241254524,0.214135048909748,0.0589852303964963,0.0648431706146665,0.0374201597130623,0.0481053582465649,0.0496063069335085,0.0500600528465049,0
ACCCACTAGAGTCTGG.1,0.0980719317760475,0.148900894720293,0.0689805070010067,0.122587056549321,0.0628632305940267,0.049606264181163,0.0312537136066548,0.025641909357229,0.173642787460121,0.0772159397235109,0.0625223574575754,0.119407931072573,0.0927970332334902,0.0956924193247894,0.0618304107614701,0
TCAGCAAGTCTTCTCG.1,0.0907798788777654,0.149787039419146,0.0796650498764528,0.141073810885132,0.0619007384004996,0.0351025492725898,0.0428837393543276,0.0157642598655868,0.21624436417328,0.0850167397714339,0.0784626794049644,0.0658800137750892,0.0848286026719916,0.0874753635409823,0.0560653374969974,0
GACGCGTTCCATGAGT.1,0.13534791743913,0.226853042906555,0.0546124279308136,0.0713196656592883,0.0491311854817971,0.0391400097877831,0.0286234897999604,0.0373875581595726,0.230989796187413,0.0759513049034551,0.0935654146490424,0.0272707779676545,0.0481719203156944,0.0496749458243041,0.0247898150372328,0
TCGTACCAGCTAACTC.1,0.0657891484365344,0.184489609238773,0.0834401024983985,0.165550382531515,0.0837147790308953,0.0321328469101748,0.0187284610814023,0.0118972945028434,0.19377356500646,0.0543859532351356,0.0496531867556603,0.0544051045802172,0.0542290686064755,0.0542933626192601,0.0620225798702859,0.020658179197694
CGGAGCTCATCTCCCA.1,0.0444568038561364,0.138352914272647,0.0695753637777981,0.166707506330148,0.0926564049814481,0.0665346798950038,0.0366805307981779,0.0147785628123384,0.207840061170143,0.0431839511185362,0.0547746804519478,0.0368808519762705,0.0448533257262397,0.0462528068403557,0.0441508527504204,0
CAGTCCTGTCTCTTTA.1,0.109838091706835,0.170054026241317,0.0421433147249931,0.126521277464674,0.0636714301458433,0.0574476131156293,0.026848880966528,0.0244769946579356,0.206548105571229,0.0703270079405755,0.0871351917288313,0.0496552978863035,0.0653259164170589,0.0673641685378936,0.0839779005524862,0
CAGCTAATCACGGTTA.1,0.0966753182548511,0.218677643426807,0.0663036515054452,0.102766206539791,0.0499320377649609,0.0467922765493616,0.0237353931471579,0.024153024297777,0.228241094734622,0.066280176516397,0.0547485058674694,0.0510782905894049,0.0575476631959302,0.0593432238706451,0.0748979101609416,0
TGACTAGTCTCCAACC.1,0.129699666295884,0.247491638795987,0.0800082364784479,0.0780445969125214,0.0429153962014621,0.0474040129910575,0.0257001386413151,0.0308805790108565,0.2233764864081,0.0761975758947291,0.070461981416045,0.0506624388405533,0.0529168449579233,0.0545679181824422,0.0393946673072304,0
GGCCGATGTTTGACTG.1,0.0796811271783463,0.257096303919046,0.0937585796650499,0.0897383538892973,0.056809081224055,0.0378609245006006,0.0298356110120816,0.00858866103739445,0.214392121707491,0.0663400802710312,0.0771713999040265,0.0481543329802925,0.0443113203061855,0.0456938901581636,0.0449195291856834,0
AGTGAGGCAGCTTCGG.1,0.106328018786306,0.206014349827059,0.0357600439278851,0.0644177625309701,0.0367216487270857,0.0381834764425858,0.0257159833630422,0.0245872824401172,0.249439713133124,0.0627658229111894,0.0748418618854426,0.0264910559385579,0.0481243759806019,0.0496259180451644,0.0381936103771319,0
TCGTACCCACCATCCT.1,0.075083426028921,0.174055970042592,0.0425322595405875,0.176468185902148,0.0694390360383527,0.0507518796992481,0.021849871261636,0.0177701189040152,0.224879373533367,0.057154837893784,0.0550102517122541,0.0425273390036452,0.0510816336233538,0.0526754459076513,0.0361758347345664,0
GGGTCTGGTAGCTCCG.1,0.0720430107526882,0.171683389074693,0.0603322046307312,0.104413406300199,0.0738767863046912,0.0441896160519642,0.022602495543672,0.016239875926245,0.193628549582092,0.0715450509514713,0.0788901976181128,0.0753406410614616,0.0871392573574859,0.0898581136071698,0.0914244535190968,0
AATCGGTTCACCTTAT.1,0.142454579162032,0.327530514821485,0.0835773771391965,0.0981513245664189,0.0588295801035965,0.0537771944654536,0.0377579718756189,0.0418817852834741,0.216962849684921,0.0663866720801912,0.0871090171443528,0.0243338249913906,0.039785099605382,0.0410264455840679,0.0267595484025943,0
ACACCAAGTGATAAGT.1,0.0796811271783463,0.17033987936998,0.0654113663402581,0.13195295270767,0.0473164101245362,0.0459803354540197,0.0200277282630224,0.0133379286575909,0.204399240646505,0.0629588461205663,0.0737512541988396,0.077328932235658,0.0571197641800979,0.0570879460302207,0.0331491712707182,0
CCTTCGACATGTTGAC.1,0.12726486219256,0.213503701798016,0.0425093804337879,0.0498652291105121,0.0360236582050623,0.0468701339146683,0.0504258268964151,0.0311562984663105,0.244957418198117,0.0802111274552219,0.0762727391702657,0.0342947739131,0.0457471592259782,0.0471745290881814,0.0623108335335095,0
TCAGCTCGTAGTACCT.1,0.1134470399209,0.261812880541978,0.0808547634300357,0.132388575784802,0.0593512361779509,0.0447568625706278,0.032259853436324,0.0240220575564363,0.247580879057136,0.0710924448053461,0.0896130523927933,0.0354838500074723,0.0530689868302192,0.0547248070756891,0.0732164304588037,0
GGACGTCCACAACGCC.1,0.123742429860339,0.0910156361661378,0.0210258991488972,0.0855999346565384,0.0413651225157048,0.0294968189705032,0.0260328777975837,0.0327623642943305,0.194656840773064,0.049307446036701,0.0703049339091742,0.0604089642042612,0.0793800218703941,0.0773168077032447,0.062695171751141,0
CCTTCCCCATCTGGTA.1,0.149647756766778,0.272017837235229,0.074585888166926,0.0673173786381333,0.0433929686638992,0.0538884192730347,0.0386056644880174,0.0332104084094434,0.247475413293959,0.0733221956722865,0.0774854949177682,0.0330147302486664,0.0546664764893263,0.0563721404547817,0.0925774681719913,0.0168628392985828
TAAGCGTAGCGAAGGG.1,0.101656161166728,0.401366377955007,0.124027637961014,0.127950665686515,0.0776606296609235,0.0337456066201005,0.0354684095860566,0.0335481647423746,0.174717219922483,0.074180816155377,0.0551323997731536,0.0251005516533356,0.0261113488327866,0.0269260563035016,0,0
GTTCGGGCACAGGAGT.1,0.123050302805586,0.167166909641826,0.0423034684725908,0.0853821231179722,0.047749898975056,0.0379499043466655,0.0215012873836403,0.0308943649836292,0.241252933266538,0.0501327866561059,0.0641800811412119,0.0546585142396736,0.0614462986735131,0.0633635017600973,0.0392985827528225,0
CGAGCCAGTCCAACTA.1,0.0698430354715115,0.187433896463997,0.0637183124370825,0.105461624329549,0.0438999302009478,0.0398852159985763,0.040308972073678,0.0182801998966052,0.248002742109843,0.0629987819569891,0.0649914932600445,0.0332746375916986,0.0448438168592212,0.0462430012845278,0.0294979582032188,0
AAGGCAGCAAAGAATC.1,0.0922135706340378,0.178143669782466,0.0452319941429487,0.0966402570176155,0.0640240990411814,0.0386061307113939,0.0152267775797188,0.0109805273134586,0.234456983151844,0.0712189082873517,0.0661867992845614,0.0694927258432369,0.0816526410878144,0.0824941411803928,0.0814316598606774,0
GACGTGCGTCATGCCG.1,0.118613274008157,0.33542006117257,0.0701702205545895,0.0954831332189823,0.059101429043753,0.0445010455131913,0.0218340265399089,0.0415991728416336,0.216277322224273,0.0697745622033932,0.0801465776730794,0.0328652835264228,0.0521751533304807,0.0538030848278635,0.0368003843382176,0
AAAGCAATCTAAGCCA.1,0.103114571746385,0.187977017408456,0.0642902901070742,0.114051566881756,0.0652878292494765,0.0586822084797793,0.0274430580312933,0.0159365845252456,0.222255912674348,0.0619671061827331,0.0668847882039873,0.0533134937394819,0.0611134883278657,0.0630203073061196,0.0295940427576267,0.0798462647129474
GTAGGCCCAGCTGTGC.1,0.0924483994561859,0.153846153846154,0.0465132241237302,0.0827683846551771,0.0548032768818192,0.024858744494372,0.022277678748267,0.0201137342753748,0.216059799087721,0.0642767287225191,0.0628277276098242,0.0791612790040351,0.0765273617648457,0.0789151133031976,0.0720634158059092,0
TGCGTGGAGGCTAGCA.1,0.125967123964899,0.173913043478261,0.0471309600073213,0.0803588445097879,0.0441350427978399,0.0525537215820617,0.0224598930481283,0.0293227640875409,0.22369288369763,0.0801379117551135,0.0791257688784191,0.0557501250804088,0.0693766937669377,0.0715413353205926,0.050012010569301,0
CAAGAAATCGAACTGT.1,0.125769373377827,0.253551725123631,0.0515695067264574,0.0990497971630047,0.0551412512398516,0.049406059527517,0.0288136264606853,0.0370566948130277,0.208004851425106,0.0763240393767347,0.071055271997557,0.0516305936933483,0.051661674511482,0.0532735848131551,0.0473216430458804,0
AGATTGCGTCATGCAT.1,0.0863428500803362,0.216962524654832,0.0821588725176169,0.166271883253015,0.0701443738290291,0.0536548471771144,0.0288215488215488,0.0138617956229536,0.206864502860759,0.0703270079405755,0.0741962221349736,0.0366274423168141,0.0493034754908953,0.0507535569653766,0.0398270478020658,0
AGTAGTCCAGATGAGC.1,0.0767395871956495,0.284595374896378,0.0970302919374028,0.102412262789621,0.0627015906836633,0.0414423633047115,0.0234818775995247,0.0143718766155437,0.21678487620956,0.0690956529842054,0.071203594642935,0.0463544746297945,0.0565207055579328,0.0582842238412284,0.00432380494835455,0
AGCATACAGGAGTTGC.1,0.067816091954023,0.245948031901209,0.113137183124371,0.122532603664679,0.0543110098820763,0.040363482671175,0.0485086155674391,0.0114837153196622,0.244601471247396,0.0527153040781145,0.0520961479736509,0.0522218828987466,0.0646222602576903,0.0666385574066266,0.0865721835214989,0
TTCGAAGAGGGTTCCC.1,0.146187121493017,0.431609638967498,0.127573899514963,0.0824961202319693,0.0464567796921494,0.0401410330560128,0.0460685284214696,0.043605031880062,0.245043109130698,0.072363735598139,0.073088164725385,0.0280115138952963,0.0476394237626587,0.0491258346979399,0.0487148690847946,0
TGGTTCCAGGCCCGTT.1,0.0488938326535657,0.230083183260441,0.123432781184223,0.139195186364998,0.0854928180448918,0.0272723228188815,0.0290671420083185,0.0122764087540927,0.148924249215598,0.0381254118383131,0.0256859922348733,0.0425273390036452,0.041705890743118,0.0430071678613102,0.0651453278885419,0
GCTTGAATCAATCTCT.1,0.0801013471758744,0.333018894891805,0.116523290930722,0.105448011108388,0.0489695455714338,0.0426547137073453,0.0492216280451575,0.0236911942098914,0.222934848524798,0.069714658448759,0.0649129695066091,0.0339244059492791,0.0482765178528978,0.0497828069384113,0.0229642085034831,0
GTGTTAGCAGGGATTG.1,0.0766777901371895,0.169053540290998,0.0395350965498307,0.112731084429198,0.0609896770875427,0.0420318547848912,0.0328223410576352,0.0179700155092194,0.221537427162707,0.0590517901238677,0.0769620032281988,0.0414357281629099,0.0560737888080635,0.0578233627173156,0.0566898871006486,0
CTGAAACAGTCGCCGT.1,0.105054999382029,0.185404339250493,0.0461700375217352,0.0983419096626644,0.0523566364204107,0.0512301463718468,0.0215250544662309,0.0223884197828709,0.24878055211327,0.0669790536537962,0.0808445665925053,0.045568254917122,0.0535824656492179,0.0552543070903974,0.0208023060293058,0
CCTACACCAGTCACTA.1,0.117043628723273,0.25889717862962,0.0584561178731582,0.168640583734923,0.0709084897689284,0.0398629710370601,0.0278312537136067,0.0289643287954506,0.168389274131885,0.0597639792067412,0.0714391659032413,0.0321115522316294,0.0640041839014881,0.066001196277811,0.077780446793178,0
GTAACGTCATTCTTAC.1,0.118452601656161,0.205213961066804,0.0935755468106525,0.136772032998448,0.0696814959038977,0.0330226453708235,0.0241156664686076,0.0261588833362054,0.209685712025734,0.0632517089210003,0.0717358111939973,0.0587910409938857,0.0711453430323777,0.073365168704588,0.0999279365841941,0.00927215950036032
TACTTACAGTAAGTAC.1,0.0369052033123223,0.153445959466026,0.0706506817973826,0.259222957336165,0.10463245288564,0.0434666548026872,0.0144662309368192,0.000971911080475616,0.190042713634087,0.0429975838818964,0.028373249574663,0.0396553628631393,0.0681690676555888,0.0702960297304453,0.105933221234687,0
GTGGGTCCAGGTCCAC.1,0.0849338771474478,0.345424920675757,0.113320215978768,0.110906912793705,0.0561919106572132,0.0300751879699248,0.0269597940186175,0.0261657763225918,0.18700398133256,0.066819310308105,0.088190899969463,0.0381998817421589,0.0608092045832739,0.0627065295196258,0.0793177996637041,0.0152294018736488
CTCACACCAGCCTTTC.1,0.0792238289457422,0.351627933567733,0.0856136176443672,0.109382232023741,0.0615627640424672,0.0445232904747075,0.0442226183402654,0.0268619679476133,0.205183642260131,0.0738812973822059,0.0530122584303974,0.0350679982586208,0.0478581277040841,0.0493513624819823,0.0709584434302186,0
ACGCCAGCAAGGCTCC.1,0.067853170189099,0.203212989166166,0.0741054269241329,0.139712488769093,0.0728481686932883,0.0401744004982871,0.0320538720538721,0.0137584008271584,0.206066918026736,0.0718112898609567,0.0716311128560834,0.0543141370101559,0.0582037750202063,0.0600198072227724,0.090463607975018,0
AGCGTATTCTGTCAAG.1,0.109096527005315,0.248263442243375,0.0591196119703487,0.0905687603800811,0.0458102200506962,0.0345686701962006,0.0362210338680927,0.0213062209202137,0.260342236401508,0.0759845847671408,0.0680975439514898,0.0514941423382564,0.0644035563162649,0.0664130296225841,0.0517415325486428,0
CCTTTCTCAGGATCGA.1,0.0792361883574342,0.291112826229883,0.108401208016839,0.107884777696098,0.0480878733330884,0.0322440717177559,0.0252485640720935,0.0230501464759607,0.167993777519973,0.0614812201729222,0.0411726213846355,0.0498112422921229,0.0669138972091475,0.0690016963611582,0.0479461926495316,0
AAATGCCTCGAATGCT.1,0.0878754171301446,0.331132264242632,0.098403038345383,0.0795284380190041,0.05409059182249,0.0507852471415224,0.0322360863537334,0.0143925555747027,0.23447675798244,0.0685565191924974,0.0823626924922567,0.0155749475312051,0.0651072124756335,0.0671386407538511,0.0735046841220274,0.00148931059332212
GTAGGCCGTCTAAACC.1,0.0809417871709307,0.230311865763371,0.113137183124371,0.120545073375262,0.0644649351603541,0.0413533834586466,0.042653990889285,0.0307978631742202,0.197853771719356,0.0549517109177921,0.0494874143872966,0.0473681132676201,0.0484571863262492,0.049969112499142,0.0517415325486428,0
GGAGCAACATACTACG.1,0.0577555308367322,0.219620958751394,0.104511759860895,0.186610035666639,0.0763307740347526,0.0378831694621168,0.04414339473163,0.0112562467689126,0.16872544625201,0.0387710411938153,0.0393840247786066,0.0379204813483993,0.0630437883326202,0.0650108351391899,0.0950276243093923,0
CGTGTAAAGGGATGGG.1,0.13540971449759,0.217934425292285,0.0895030658003112,0.146382967137684,0.0730318504096102,0.0359256128486898,0.0403802733214498,0.0185214544201275,0.167651013789649,0.0427246889996739,0.0632116215155084,0.0489860364779956,0.040669424238102,0.0419383622760656,0.0778284890703819,0
ACCCACTGTATAGGGC.1,0.0844642195031517,0.218934911242604,0.104900704676489,0.154795937814806,0.0676316079497447,0.0486497308359657,0.0252089522677758,0.0208857487506462,0.235973053497508,0.0655080836788892,0.0695545958207913,0.042299920078492,0.0535634479151809,0.0552346959787416,0.0412202738409801,0.00629353831371607
TCACAAGTCCGAAGAG.1,0.0657644296131504,0.105222536660664,0.0360117141026814,0.207914726782651,0.0922669997428456,0.0588045557681185,0.0315547633194692,0.016102016198518,0.231062303899597,0.0608755266538428,0.0545216594686559,0.0390055945055588,0.0533447439737555,0.0550091681946991,0.0321883257266394,0
GTACTCCAGTCCGTAT.1,0.0662958843159066,0.137037989880799,0.0559622952319941,0.12710664597457,0.072201609051835,0.0588268007296347,0.0183085759556348,0.0116629329657074,0.220660743006302,0.0695748830212791,0.0634384679143219,0.0665622705505487,0.0817667474920363,0.0843179745643882,0.0653374969973577,0
GCAGCCATCCTACAGA.1,0.11486837226548,0.281450990481091,0.0900521643635032,0.0915352990824689,0.0666691157562176,0.0459914579347778,0.047858981976629,0.0260072376357057,0.216804651040156,0.0844642940342516,0.102543297125158,0.0417541146581244,0.0415347311367851,0.0428306678564074,0.0177756425654576,0
GTGGGTCTCATCGATG.1,0.0994685452972438,0.162221650515965,0.0539718129404228,0.0949249911514062,0.0669189228904155,0.0338012190238911,0.0331471578530402,0.0246079613992762,0.212012550425818,0.0615344679548193,0.0778257645159883,0.0387521848461024,0.0501212380544858,0.0516850847690301,0.0347826086956522,0
CCGGTAGCACAGGCCT.1,0.108045977011494,0.207386444844639,0.070696440010982,0.113983500775954,0.0612982623709636,0.0475374827601548,0.0355000990295108,0.0200654833706703,0.227575342104569,0.0784140148161953,0.0829298084892902,0.0290056594823945,0.0559691912708601,0.0577155016032084,0.061926495315878,0
ACATGGTGTTTCGCTC.1,0.0947225312075145,0.2146185289998,0.0500594856776791,0.0944349151896322,0.0627971051761508,0.0335009120434222,0.0297167755991285,0.0208443908323281,0.195434650776492,0.0630719976570976,0.0507001701347991,0.0665362798162455,0.0645461893215423,0.0665601129600031,0.0510689406677877,0
CATCAAGAGTTGTCGT.1,0.0636756890372018,0.137352428322328,0.0545666697172142,0.142462359443492,0.0626428125344403,0.0470592160875562,0.0254070112893642,0.0153920386007238,0.220581643683919,0.0665863512623052,0.080661344501156,0.051006816070071,0.0670945656824989,0.0691880019218889,0.0989190487629114,0
CGGACTGTCAGGTTCA.1,0.089259671239649,0.252122459480319,0.130868490894115,0.170138038062566,0.0825979941956578,0.0204208746718868,0.0448088730441672,0.0256074444252973,0.204181717509953,0.0830931636504017,0.0632726955459582,0.0299933073859169,0.0722768982075786,0.0745320298481119,0.0527023780927216,0
TGTTCCGCAGTCGTGC.1,0.13540971449759,0.178143669782466,0.0414340624142034,0.0786435786435786,0.0390801219646596,0.0481603416826089,0.0298356110120816,0.0305359296915389,0.206159200569515,0.0754587629209071,0.0579156305893644,0.0632549496104639,0.0568344981695431,0.0586078071835502,0.0289214508767716,0
CGCGGTACAATGGATA.1,0.0490792238289457,0.179801617928708,0.103756749336506,0.19707860273898,0.107578707615444,0.0328891756017262,0.0198534363240246,0.0194657935550577,0.179173148416695,0.0557371157007741,0.0509619159795838,0.0281999467189947,0.0500356582513194,0.0515968347665787,0,0
ACTATCTAGCCAGGAT.1,0.0811148189346187,0.127690592573536,0.0404045026082182,0.123281330828501,0.0541934535836303,0.0640209992436713,0.0199247375717964,0.0192590039634672,0.211392939067155,0.0636444113124913,0.0599310735942067,0.0845153702704986,0.055217990776399,0.0569408626928017,0.0222916166226279,0
GCATGTAAGTGGGATC.1,0.0861821777283401,0.105193951347798,0.0428296879289832,0.13859620463394,0.0767348738106609,0.0332450949859857,0.0291622103386809,0.0175219713941065,0.187221504469112,0.0622799369013785,0.0733411857086769,0.0762503167620743,0.070593828745305,0.072796446466568,0.057122267595484,0
CCCATACTCACAGGCC.1,0.112384130515387,0.182888831718263,0.0527134620664409,0.102902338751395,0.0513427133463135,0.0436779819370912,0.0321251733016439,0.0204445976219197,0.223719250138424,0.0787534694257892,0.0668586136195088,0.0691613439808708,0.0755194218608853,0.0778757243854368,0.0718712466970934,0
ACGAGCCGTGAAGGCT.1,0.0896057347670251,0.214132578681074,0.0604466001647296,0.100084401971194,0.0479776643032953,0.0346798950037816,0.026730045553575,0.0138755815957263,0.220963957075434,0.0680440092917379,0.0649827683985517,0.0591549112741308,0.087852422383873,0.0880538913348303,0.060341100168148,0
GACGTGCGTTCCAACA.1,0.0772463230750216,0.174370408484121,0.0585705134071566,0.108320400773231,0.0619889056243342,0.0381167415580371,0.0250742721330957,0.00945717732207479,0.186621667941045,0.0688161021292457,0.0565109278890198,0.0548924308484025,0.0536965720534398,0.0553719737603326,0.0054768196012491,0
ACTGCTCTCGCACTCT.1,0.0961438635520949,0.193551153417374,0.07499771208932,0.153693266900814,0.0739796480658315,0.0323775414868532,0.0498712616359675,0.0265448905738411,0.149517494133467,0.0794989383723484,0.0757317977577106,0.0858214046692354,0.0765178528978272,0.0789053077473697,0.10353110737449,0
AGATCTGTCACTTACT.1,0.05731059201582,0.210187805505531,0.138098288642811,0.197949848893245,0.102200506961537,0.0412644036125817,0.0272291542879778,0.0125865931414785,0.164519998945342,0.0456666289494878,0.0535357501199668,0.0415916725687292,0.0539057671278467,0.0555876959885471,0.0687004564016334,0
AAGCCGCTCTTGTCAT.1,0.0593622543566926,0.122573821570477,0.0401985906470211,0.144218464973182,0.0826641196135337,0.0324665213329181,0.0165260447613389,0.00745821127003274,0.205638463363831,0.0594045566789358,0.0667626401430877,0.0698500984399062,0.0814434460134075,0.0839845856662385,0.0736488109536392,0
CATCAAGGTGTGTGCC.1,0.0883450747744407,0.179029814481319,0.12427930813581,0.16816412099431,0.0867859373277984,0.027016505761445,0.0273321449792038,0.0201206272617612,0.216824425870752,0.0569152228752471,0.0649478689525804,0.0366664284182689,0.0604098321684971,0.0622946961748527,0.0791736728320922,0
AGAGCTTCAAGGGTCA.1,0.0917439129897417,0.117114026813023,0.0761187883225039,0.196329875575159,0.111443370926858,0.0365262268096276,0.0169142404436522,0.0183491297604687,0.185131964036175,0.0534807409428851,0.0553679710334598,0.0516825751619548,0.0648599819331527,0.0642852240079229,0.0540956041316358,0
GCGCCAAGTAAAGGAG.1,0.0860462241997281,0.186147557385016,0.0582502059119612,0.125486672656484,0.0553690165680908,0.0610957868042888,0.0303664091899386,0.0314526968809237,0.210582171012735,0.0571149020573612,0.0494874143872966,0.0402791404864166,0.0598773356154614,0.0607061961307277,0.060341100168148,0
GGAAAGCAGAGTAATC.1,0.0610802125818811,0.153017179773033,0.0777660840120802,0.17618230825778,0.0797913375702583,0.0524424967744806,0.0221033868092692,0.0161364811304498,0.2233764864081,0.0660671853888087,0.0546874318370196,0.0473291271661653,0.0601911282270717,0.0620691683908102,0.0400192169108816,0
GGTGTTAGTAAATACG.1,0.110678531701891,0.287539662121602,0.0876498581495378,0.100955648125459,0.0459939017670181,0.0419651199003426,0.0378530402059814,0.0250215405824573,0.248009333720041,0.0727963738260528,0.0822841687388213,0.0511887512101936,0.0560928065421005,0.0576468627124129,0.0824405476819601,0
TTGCCGTCAATCTACG.1,0.110270671116055,0.177314695709345,0.0990894115493731,0.138705110403224,0.0815252929723375,0.0368042888285803,0.0282511388393741,0.0207754609684646,0.195540116539668,0.0726033506166759,0.0631243729005802,0.0825790605649086,0.105947796320068,0.108988753027465,0.161998558731684,0
CACTCCACAGCTCCGA.1,0.0574836237795081,0.14244061401252,0.0401528324334218,0.123172425059218,0.0648396458616509,0.0352360190416871,0.0191325014854427,0.0130415302429778,0.169331874390276,0.0570017505208299,0.0673384810016141,0.0867960572056062,0.086064755384396,0.0887500857986135,0.0824405476819601,0
ACGGAGAGTTGTTTGG.1,0.135434433320974,0.282279964554212,0.0827537292944083,0.0863622750415203,0.0444362808126079,0.0540997464074387,0.0371321053673995,0.0221471652593486,0.273209059509057,0.0706797744956437,0.083880818392008,0.0272967687019578,0.0448818523272952,0.0462822235078395,0.0638481864040356,0
CGTTAGAGTTGAGTTC.1,0.0983932764800396,0.198467827230369,0.0374530978310607,0.1378883171336,0.0455898019911098,0.0681140721626552,0.0237908496732026,0.0205755643632604,0.201248450971603,0.0629122543114063,0.0760284430484666,0.0387261941117991,0.0535824656492179,0.0552543070903974,0.0465049243334134,0
CTGAAACCAGGAATCG.1,0.0736002966258806,0.146271045936598,0.0385055367438455,0.0937950937950938,0.0602402556849491,0.0529096409663211,0.01708853238265,0.0139651904187489,0.239071110290822,0.0677777703822525,0.0757928717881604,0.0660164651301811,0.0503589597299482,0.049969112499142,0.0131635839538794,0
CTGAAGTCACTACAGT.1,0.0897664071190211,0.188520138352914,0.068820353253409,0.0987911459609573,0.0627162852209691,0.0377385772122614,0.0295187165775401,0.0293020851283819,0.203852137000026,0.0717646980517968,0.0541290407014789,0.0668611639950358,0.0800266248276518,0.0825235578478766,0.0766274321402834,0
ATTGGACGTCCGTGAC.1,0.082041774811519,0.201383529142726,0.0871236386931454,0.144191238530861,0.0762793431541824,0.050017795969213,0.0292335115864528,0.0124831983456833,0.211004034065441,0.0693485799482165,0.0962352222658465,0.0361141253143254,0.0511577045595017,0.0527538903542747,0.0556329570021619,0
CTGATAGAGTTGCAGG.1,0.0742182672104808,0.220249835634451,0.116202983435527,0.128713006071497,0.0634216230116454,0.031943764737287,0.0407922360863537,0.01919696708599,0.207464339388826,0.0621800973103214,0.0656982070409632,0.0541516949207607,0.0653544430181144,0.0673935852053774,0.0957482584674514,0
CTAATGGCATGGTTGT.1,0.0779878877765418,0.189091844610239,0.063123455660291,0.121293800539084,0.0772050990044451,0.0346465275615073,0.0266428995840761,0.0132827847665001,0.200787038257706,0.0791262038990688,0.0746499149326004,0.0542361648072462,0.0582703370893358,0.0587254738534854,0.0310833533509488,0
TGGCGCAGTGCAGTAG.1,0.0915832406377456,0.269073550010005,0.0834401024983985,0.103188216395764,0.0596083905808016,0.0430440005338791,0.0325133689839572,0.0146407030846114,0.23501727001872,0.0657277307792147,0.0781485843912228,0.019850423324085,0.0564921789568773,0.0582548071737446,0.0831131395628153,0.042036992553447
TGCCCATTCTTACCGC.1,0.0910888641700655,0.153989080410485,0.0421890729385925,0.106673201012824,0.0570294992836413,0.0358143880411087,0.0265002970885324,0.0117249698431846,0.232545416194268,0.0748996612109877,0.077345897133883,0.0648273890358087,0.0621974991679741,0.0641381406705039,0.0687484986788374,0
GCAAACTAGCCCTAAT.1,0.067828451365715,0.180258982934568,0.043127116317379,0.106387323368455,0.0586973292678447,0.041497975708502,0.0354129530600119,0.0121178700672066,0.222341603606929,0.0547453757629409,0.0565545521964839,0.0525727578118401,0.0513764085009271,0.0529794181383172,0.0641364400672592,0
TGGTTAGAGCTTTGGT.1,0.0740946730935607,0.226824457593688,0.0831655532168024,0.102834272645593,0.06006392123728,0.0490612626240157,0.0323073876015052,0.0206996381182147,0.218347087826614,0.0789797724988518,0.0789512716485626,0.0556266690924685,0.0722008272714306,0.0744535854014885,0.0445832332452558,0
ACTGAACTCAGGTAAA.1,0.0990112470646397,0.182402881399537,0.0646792349226686,0.110307931062648,0.0637375555637192,0.0590714953063131,0.0222301445830858,0.025993451662933,0.227252353204841,0.0705466550409009,0.0522270208960433,0.0734823035587813,0.0580706508819474,0.0598825294411814,0.0513571943310113,0
TGAGAGGCATTCCTGC.1,0.10622914349277,0.179515764800046,0.0726640431957536,0.129992648860573,0.0691598398295434,0.0560906704631401,0.0360071301247772,0.0262278132000689,0.224892556753764,0.0699542734672959,0.0856432404135584,0.0299673166516137,0.0470403651404935,0.0485080846807801,0.0518376171030507,0
GACTGCGGTTACAGAA.1,0.111148189346187,0.298087642569248,0.111581403861993,0.111846225053772,0.0554351419859667,0.0441896160519642,0.0356030897207368,0.0232431500947786,0.171968518469692,0.0681771287464807,0.0590411377219387,0.0316502166977473,0.0444064089763705,0.0457919457164429,0.0748979101609416,0
TCGAGGCCATTCTCAT.1,0.119169447534297,0.246062373152674,0.0712226594673744,0.075104141141877,0.0417324859483487,0.054021889042132,0.0345414933650228,0.0285093916939514,0.266683365412503,0.074327247555594,0.0876674082798936,0.0421309803055211,0.0509104740170209,0.0524989459027485,0.0680278645207783,0
TCTATTGTCGCCTGAG.1,0.092732665925102,0.138238573021182,0.0391919099478356,0.100887582019657,0.057955255133904,0.0311318236419451,0.0227609427609428,0.0300534206444942,0.229750573470087,0.0506586085023396,0.0531954805217467,0.0418645752789131,0.0307802025388675,0.0317405842150162,0.046841220273841,0
AGCAGCCTCTTGAGAC.1,0.104844889383265,0.17651430694909,0.0737851194289375,0.103201829616924,0.055780463612652,0.036971126039952,0.0284808873044167,0.026365672927796,0.24332269886888,0.0807369493014557,0.071997557038782,0.0411693231363019,0.0477535301668806,0.049243501367875,0.0326207062214749,0
ATCTACTCATGCGCAC.1,0.0667779013718947,0.164108281165137,0.0761645465361032,0.234460508045414,0.115469674148635,0.0427993059572007,0.028647256882551,0.0158194037566776,0.204036702085585,0.0528484235328572,0.0405706059416307,0.0444766440763868,0.0510721247563353,0.0526656403518233,0.0386740331491713,0
TGACTTTCACCGCTAG.1,0.116425658138673,0.229282794500186,0.0658689484762515,0.0750905279207166,0.0458322618566548,0.0553232192908306,0.0209150326797386,0.0245183525762537,0.222493210641495,0.0707796140867007,0.0831479300266108,0.0700190382128771,0.060600009508867,0.0624908072914113,0.0435743454239731,0.0442949795820322
ATTACTCGTAGGGTAC.1,0.0695958472376715,0.206243032329989,0.110460327628809,0.185262326771761,0.0890709378788435,0.0355808159451884,0.0194810853634383,0.0244632086851628,0.198163577398687,0.0502792180563228,0.0640055839113554,0.0335345449347308,0.0423239670993201,0.0436445289901258,0.0317079029546,0.0171991352390103
CGACCTTTCACCGTAA.1,0.0596094425905327,0.188291455849984,0.0927976571794637,0.112145715919301,0.0678667205466368,0.0307536592961694,0.0391206179441474,0.00798897122178184,0.209402272787196,0.0837853848150638,0.0841687388212712,0.0702334617708787,0.0611420149289212,0.0630497239736034,0.0566418448234446,0
CCTACCATCCCTTGTG.1,0.105784204671858,0.190463939627819,0.0716802416033678,0.0958098505268317,0.0518790639579736,0.0446345152822886,0.0209387997623292,0.0233465448905738,0.222091122419385,0.0720642168249679,0.0654102866117,0.0795446423350076,0.0660676080445015,0.0681290018924723,0.0343502282008167,0.00614941148210425
ACGGAGAAGATTACCC.1,0.0459646520825609,0.155961466998256,0.124553857417406,0.23049906068774,0.0888064362073399,0.0637651821862348,0.0294791047732224,0.011890401516457,0.184228913438975,0.0345311865602599,0.0434149107882912,0.0302597124125249,0.0538011695906433,0.0554798348744399,0.0742733605572904,0
GGCGTGTTCTTGAGGT.1,0.0841552342108516,0.212303118657634,0.0519355724352521,0.0955648125459446,0.0505418610631498,0.0404190950749655,0.0200435729847495,0.0101257970015509,0.234015345268542,0.0700873929220386,0.058081402957728,0.0610652302454175,0.064213378975895,0.0662169185060255,0.0305068460245016,0
GTCTTCGCATCAGTAC.1,0.127215424545792,0.26552897121459,0.0895030658003112,0.122478150780038,0.0671981190992249,0.00909818926013258,0.0612002376708259,0.0293365500603136,0.121153795449152,0.0774622107147849,0.0448457880731143,0.0581412726363052,0.0527361764845719,0.0485473069040919,0.0821042517415325,0
TGGACGCGTCATTAGC.1,0.111024595229267,0.166995397764629,0.0602864464171319,0.0843883579732636,0.0395870835017082,0.0408973617475642,0.0222063775004951,0.0207272100637601,0.219711551137712,0.0804773663647074,0.0585612703398334,0.0842424675603148,0.0603717967004231,0.0622554739515409,0.0366082152294019,0
TGATTTCCAGATCCAT.1,0.0824990730441231,0.248920904439299,0.0801226320124462,0.138351166653053,0.0704382645751442,0.0267161987809761,0.0300099029510794,0.031204549371015,0.194907321960609,0.0543726412896613,0.0779304628539022,0.0403701080564779,0.0366661912233157,0.0378102232725062,0.0324765793898631,0
GGCTGGTAGTCCTCCT.1,0.0878012606599926,0.190978475259412,0.0741969433513316,0.128277382994364,0.0572646118805334,0.0436223695333007,0.0409982174688057,0.0172048940203343,0.223956548105571,0.0607889990082601,0.0803210749029359,0.043969824757474,0.0599343888175724,0.0618044183834561,0.0323324525582513,0
CGCTATCGTACGCACC.1,0.126214312198739,0.235142783637767,0.0693236936030017,0.0926788096599417,0.0477425517064031,0.0419317524580682,0.03883541295306,0.0254075478200931,0.219355604186991,0.0636710352034398,0.0659250534397766,0.0622413109726383,0.0656111824276138,0.0676583352127315,0.115109296180639,0
GATCAGTAGCCGATTT.1,0.0815844765789148,0.346396821313209,0.111512766541594,0.140120885403904,0.0719958855295544,0.0518085153712684,0.029281045751634,0.0240220575564363,0.204867244970601,0.0496202767553464,0.0495223138332679,0.0296879162578541,0.0510245804212428,0.049537668042713,0.0578909440307471,0
CTACATTAGGCTACGA.1,0.102348288221481,0.293399651259183,0.10000457582136,0.0767785673446051,0.0458396091253077,0.032555501178983,0.0417429193899782,0.0272341892124763,0.172904527117884,0.0573345491576866,0.0598089255333072,0.0655031481276925,0.0732563115104835,0.0755420020983889,0.100072063415806,0
CTACCCACATGGTAGG.1,0.10148312940304,0.239030386187577,0.0700558250205912,0.116842277219636,0.0558245472245693,0.0426992036303777,0.0389542483660131,0.0271859383077718,0.250441637883302,0.0859485759546329,0.0839855167299219,0.0441842483154755,0.0417344173441734,0.043036584528794,0.0247898150372328,0
ATTACTCCAGACAGGT.1,0.0687554072426153,0.191407254952405,0.0957719410634209,0.204266383511667,0.0864553102384189,0.0328558081594519,0.0253515547633195,0.00967775288643805,0.215005141455955,0.0515371969036415,0.052043798804694,0.0385247659209492,0.0635097228165264,0.0654913073747585,0.0986307950996877,0
GCGCCAACACGACGAA.1,0.0862439747868002,0.100620301289198,0.0380250755010524,0.182308257779956,0.0745306932147974,0.039128887307025,0.0281639928698752,0.0111735309322764,0.247396313971577,0.0776552339241618,0.0774156960258256,0.0473616155840443,0.0665810868635002,0.0686585019071806,0.0473696853230843,0
TGACAACAGACGACGT.1,0.0725003089852923,0.136666380813538,0.0368353619474696,0.165182825560184,0.0889092979684802,0.0541219913689549,0.0374965339671222,0.0103394795795278,0.21362749492446,0.0743804953374911,0.0695022466518344,0.0291681015717897,0.047877145438121,0.0493709735936382,0.0454960365121307,0
TGCGTGGAGTGCGATG.1,0.0720059325176122,0.219249349684132,0.0601034135627345,0.132524707996406,0.0587340656111091,0.0428771633225075,0.0337967914438503,0.0125659141823195,0.220548685632926,0.0486351927902503,0.0271517689656677,0.0223455338171942,0.0623781676413255,0.0643244462312346,0.0924813836175835,0
TAGAGCTGTCACCCAG.1,0.0873563218390805,0.21118829145585,0.107554681065251,0.147022788532223,0.0756695198559935,0.0333451973128086,0.0438740344622698,0.014750990866793,0.179212698077886,0.0650754454509754,0.0702700344632029,0.0545285605681575,0.0612466124661247,0.0631575850877107,0.10646168628393,0.0336295940427576
TTCTCAAGTACAGTTC.1,0.103819058212829,0.291370094045679,0.0951770842866295,0.131299518091971,0.0629146614745968,0.0496173866619211,0.0285680332739156,0.0272755471307944,0.230495425422522,0.0632983007301602,0.0719452078698251,0.043735908148745,0.0428754813863928,0.0413598344822176,0.01426855632957,0
CAGCAGCTCCCAACGG.1,0.0862439747868002,0.208015321727696,0.0541777249016198,0.117291513517929,0.0660005143088057,0.0276616096454153,0.0299702911467617,0.0163294847492676,0.203028185725209,0.0644497840136847,0.0867861972691183,0.0664583076133358,0.0576237341320782,0.0594216683172686,0.0654335815517656,0
CAACCTCAGAGGGCTT.1,0.0776912618959338,0.306234456736129,0.118170586620298,0.118094693566392,0.0541273281657544,0.0458802331271967,0.0340978411566647,0.0253937618473204,0.180082790624094,0.072902869389847,0.0719888321772892,0.0251655284890936,0.0257214852850283,0.0265240285145563,0.0234926735527264,0
ACTGTCCAGATCACGG.1,0.074910394265233,0.183917902981448,0.0699643085933925,0.115412888997795,0.0653245655927409,0.046425234684344,0.0191245791245791,0.0261106324315009,0.246921718037282,0.0633781724030058,0.0789599965100554,0.0549833984184638,0.0498454809109495,0.0514007236500201,0.0421330771078549,0
CTCACACCACAGACAG.1,0.0939933259176863,0.167395592144756,0.0388716024526402,0.170900378447548,0.0727012233202307,0.0485051385861102,0.020788274905922,0.0260968464587282,0.205256149972315,0.0556173081915056,0.0710290974130786,0.0331966653887889,0.0478296011030286,0.0493219458144985,0.0308911842421331,0
ACGAGCCAGAACTCGG.1,0.109183042887159,0.287282394305806,0.0959778530246179,0.0782487952299273,0.0419675985452408,0.0600613960937848,0.0548227371756784,0.0233465448905738,0.259814907585625,0.0836589213330582,0.0862452558565633,0.0378490068290654,0.0481719203156944,0.0496749458243041,0.0354071582993034,0.0469853471054528
CACATTTGTTGAGTTC.1,0.0980595723643555,0.184432438613041,0.063260730301089,0.109953987312478,0.0704456118437971,0.0471926858566535,0.0357219251336898,0.0199000516973979,0.202006486144435,0.0704201915588954,0.0536317235963879,0.0485182032605376,0.0585936385679646,0.0604218350117176,0.0773961085755465,0
TCTTTCCAGCGTTGCC.1,0.146743295019157,0.220478518137381,0.0625285988834996,0.0683655966674835,0.0276845082840454,0.0365484717711438,0.0284650425826896,0.0388695502326383,0.227654441426952,0.077908160888173,0.0754875016359115,0.0625272090499737,0.0514619883040936,0.0530676681407686,0.0170069661301946,0
GGACATTGTGCAGGTA.1,0.0580027190705722,0.125546694108567,0.0795277752356548,0.185738789512374,0.0760883141692076,0.0240023134759977,0.0207248960190137,0.012145442012752,0.185448361325705,0.0519032754041839,0.0532740042751821,0.0361726044665077,0.0520325203252033,0.0536560014904445,0.063511890463608,0
CCTCAGTAGAGTCGGT.1,0.0997033741193919,0.292370579995998,0.0713599341081724,0.0411391543467015,0.028918849417729,0.0258931352048761,0.0248445236680531,0.0238428399103912,0.24476626150236,0.063384828375743,0.0912184269074728,0.0434889961728644,0.066942423810203,0.069031113028642,0.0429017535431179,0
CGGACACAGTTCCACA.1,0.0600296625880608,0.17720035445788,0.0703074951953876,0.160717689019576,0.0781455493920135,0.0411198113627263,0.0348742325212913,0.0145028433568844,0.212579428902892,0.0634114522666915,0.0653753871657287,0.0489665434272682,0.0671516188846099,0.0692468352568565,0.0868604371847226,0.0108095123708864
CTCTAATCATGATCCA.1,0.0769373377827215,0.144927536231884,0.0488468930172966,0.138201421220289,0.0705484736049374,0.0509298393913779,0.0263418498712616,0.0150749612269516,0.216699185276979,0.0613281327999681,0.0503162762291149,0.0678228211642549,0.0622260257690296,0.0628143906337331,0.0567859716550565,0
CACAGGCGTTAAGACA.1,0.0732295142751205,0.159220192665009,0.0757756017205088,0.153625200795012,0.0677565115168436,0.036047960137029,0.0271420083184789,0.0155298983284508,0.202560181401113,0.0595842679428385,0.0555250185403307,0.0821567111324813,0.0762991489564018,0.0786797799633272,0.10939226519337,0
CGATTGAAGCGTCTAT.1,0.137313063898158,0.367607123459966,0.0826164546536103,0.0739742437855645,0.0311303772822453,0.0417982826889709,0.0356981580510992,0.0401033947957953,0.224714583278403,0.0673051963179159,0.0561619334293068,0.0244377879286035,0.0605714829078115,0.0624613906239275,0.0710545279846265,0
CTCATTACACGAAAGC.1,0.0815721171672228,0.123431380956465,0.0579070193099661,0.206090555147159,0.0985929980529738,0.027116608088268,0.0361655773420479,0.0161089091849044,0.218057056977879,0.0569152228752471,0.0409632247088077,0.0582517332570938,0.0776208814719726,0.0800427522234098,0.153591160220994,0.00662983425414365
CAGCATATCGATAGAA.1,0.0780496848350019,0.169682417174056,0.0476571794637137,0.156157259930845,0.0630909959222659,0.0423099168038439,0.0458308575955635,0.0166603480958125,0.24539905608142,0.0621335055011615,0.0578545565589146,0.030792522465741,0.0697950839157514,0.0719727797770217,0.0512130674993995,0
AACCGCGAGACCTAGG.1,0.0897787665307131,0.221536174713432,0.0859796833531619,0.123580821694029,0.0563462032989236,0.0477043199715265,0.025153495741731,0.0166603480958125,0.248576212197116,0.0713653396875686,0.0844653841120272,0.0505324851690372,0.0494461084961727,0.050988890305247,0.0448234446312755,0
ACGAGCCCAGTCACTA.1,0.0582004696576443,0.220078323757254,0.134346115127665,0.164529390944485,0.078116160317402,0.039128887307025,0.032790651614181,0.0101533689470963,0.206752445487384,0.0688493819929314,0.0636653143131353,0.045971111298822,0.0614082632054391,0.0633242795367855,0.0879654095604132,0
CCAGCGAAGCGTAGTG.1,0.160103819058213,0.261727124603379,0.0606982703395259,0.107993683465382,0.0436354285294442,0.0343573430617965,0.0338918597742127,0.0404066861967948,0.222816199541224,0.0688294140747199,0.0626008812110108,0.0273422524869884,0.0574715922597822,0.0559603071100085,0.030939226519337,0
ACTGCTCCACAGACAG.1,0.0925225559263379,0.235428636766429,0.0872151551203441,0.0700264096490512,0.0569045957165424,0.0349468345419762,0.0293681917211329,0.0250215405824573,0.226922772694914,0.0697479383124447,0.074178772411988,0.0591549112741308,0.0644511006513574,0.0664620574017238,0.0697093442229162,0
TGAGAGGAGGCCCTCA.1,0.099987640588308,0.220249835634451,0.0675620023794271,0.064798932723461,0.036523272473458,0.0433776749566223,0.0270073281837988,0.0310046527658108,0.226395443879031,0.0676845867639326,0.075365353575012,0.0526572276983255,0.0620738838967337,0.0640106684447408,0.0607254383857795,0
ACAGCTAGTGACTCAT.1,0.106154987022618,0.203155818540434,0.0489841676580946,0.104549538511803,0.0554131001800081,0.0384615384615385,0.0400633788869083,0.0298742029984491,0.224253170564505,0.0674383157726586,0.0791432186014047,0.0446325884822061,0.0484762040602862,0.0499887236107979,0.0475618544319001,0
CCACCTAGTTTGTTTC.1,0.0975033988382153,0.201869479461453,0.060766907659925,0.13685371232541,0.0637081664891077,0.044067268763625,0.037448999801941,0.0142960537652938,0.188691433543386,0.0640504256494565,0.0535619247044453,0.0519099940871079,0.0483050444539533,0.0498122236058951,0.0488109536392025,0
TAGGCATTCTGGCGAC.1,0.0989494500061797,0.362433181831175,0.0990207742289741,0.0951291894688121,0.0484552367657323,0.0375161275970993,0.0320459496930085,0.0259176288126831,0.188908956679938,0.0397760930771228,0.0543384373773066,0.0582712263078213,0.0736176484571863,0.0759146132198504,0.0772039394667307,0
CTCGGGAAGGTGCTTT.1,0.0910888641700655,0.206586056084384,0.0477258167841128,0.0912085817746195,0.0362661180706072,0.0381278640387952,0.0268568033273916,0.0209133206961916,0.238392174440372,0.0570283744117784,0.0556035422937661,0.0307210479464071,0.0564256168877478,0.0581861682829491,0.0557770838337737,0
CTCCTAGAGCCAGGAT.1,0.108948214065011,0.221278906897636,0.0971675665782008,0.086525633695445,0.0536350611660115,0.038205721404102,0.0378688849277085,0.0249801826641392,0.220495952751338,0.0597373553157926,0.0671203594642935,0.0352564310823192,0.0605144297057006,0.0624025572889599,0.0574105212587077,0
CGATTGATCTGCTGCT.3,0.11554813990854,0.30066032072721,0.0677221561270248,0.0537994500258651,0.027162852209691,0.0396850113449304,0.031610219845514,0.0209477856281234,0.266083528884436,0.0624729601107554,0.0888976137503817,0.0282259374532979,0.0443113203061855,0.0456938901581636,0.0234446312755225,0
GTCACAACAGGATTGG.1,0.116722284019281,0.283623474258926,0.0909215704218907,0.0635329031555447,0.0396311671136255,0.0572585309427415,0.0352069716775599,0.0386558676546614,0.240712421230258,0.0759646168489294,0.0743794442263229,0.00752431758078245,0.0443113203061855,0.0456938901581636,0.0273840980062455,0
CTGATAGCAGCGTTCG.1,0.145383759733037,0.175342309121573,0.0469250480461243,0.0575703122872934,0.033018625326035,0.0437669617831561,0.0291938997821351,0.0331345855591935,0.231484166952303,0.068882661856617,0.0618592679841208,0.0693757675388724,0.0591356439880188,0.0588627516350764,0.0414124429497958,0
CTCGAAACATATGCTG.3,0.10789766407119,0.0952176771574765,0.0587077880479546,0.118489476980043,0.0559494507916682,0.0231903723806558,0.0227767874826698,0.0225814234016888,0.16448704089435,0.0488015921086787,0.0667364655586093,0.117497612101286,0.0647458755289307,0.0649323906925664,0.0227239971174634,0
TCAGATGAGTTAGGTA.1,0.182227165986899,0.17216933939342,0.0591196119703487,0.0785346728742955,0.0362661180706072,0.0435556346487521,0.0264923747276688,0.0335826296743064,0.20573074590661,0.0734553151270292,0.0559176373075077,0.034561178939708,0.0458327390291447,0.0472627790906327,0.00384338217631516,0
CATGGCGAGGGATACC.1,0.0981708070695835,0.312866249321099,0.111489887434795,0.0966947099022571,0.0504243047647037,0.0403189927481425,0.0441988512576748,0.0262760641047734,0.172733145252722,0.0547453757629409,0.0539370937486367,0.0362310836186899,0.0431227119288737,0.0444681956796721,0.0311794379053567,0
AGGCCACTCCGAACGC.1,0.0618094178717093,0.0850413057770917,0.045483664317745,0.192586239756051,0.0801807428088608,0.0479156471059305,0.0213269954446425,0.00599689815612614,0.211893901442244,0.0636377553397541,0.0647908214457096,0.0694342466910546,0.0711833785004517,0.0734043909278997,0.0543838577948595,0
ACGTCAATCCAAAGTC.1,0.0977876653071314,0.233141811737129,0.116271620755926,0.112799150535,0.0607545644906506,0.0417426702851804,0.0351039809863339,0.0263174220230915,0.20536820734569,0.0489546794816328,0.0678357981067051,0.0471147036081637,0.0623211144392146,0.064265612896267,0.13365361518136,0
AACGTTGTCGATAGAA.1,0.0809788654060067,0.161935797387302,0.09236295415027,0.140638187807999,0.0592924580287278,0.0518530052943008,0.0298752228163993,0.0142615888333621,0.23235425949851,0.0662868324891341,0.0825808140295773,0.0372187315222123,0.0526410878143869,0.0542835570634321,0.068268075906798,0
AAAGCAAAGCTAAGAT.1,0.0832159189222593,0.26575765371752,0.112565205454379,0.145089711127447,0.0773446971088498,0.0492948347199359,0.045204991087344,0.0202515940031018,0.217707701637356,0.0560233225284709,0.0630545740086376,0.039531906875199,0.0567394094993581,0.0585097516252709,0.0563055488830171,0
CACATAGAGTGGGTTG.1,0.0769126189593375,0.268187405311151,0.0869863640523474,0.112431593563669,0.0559274089857096,0.0411198113627263,0.0377975836799366,0.013730828881613,0.188783716086166,0.0490012712907928,0.0670331108493653,0.0390835667084684,0.0545428612180859,0.0562446682290186,0.0446312755224598,0
GATCAGTGTTATCCGA.1,0.0843035471511556,0.192522082154189,0.0423721057929898,0.121103215442838,0.0565886631644686,0.034301730658006,0.028338284808873,0.018962605548854,0.235307300867456,0.0657210748064776,0.0544431357152205,0.0809871280888363,0.0735701041220938,0.0758655854407107,0.0450156137400913,0
GTGCATATCCCTAATT.1,0.0793845012977382,0.16256467427036,0.0768280406332937,0.146437420022326,0.0680724440689174,0.043032878053121,0.0342721330956625,0.0141857659831122,0.205104542937749,0.0365146664359263,0.0300047986738211,0.038596240440283,0.0582227927542433,0.0600394183344283,0.107470574105213,0
GCAAACTTCAAGCCTA.1,0.108935854653318,0.196638367206929,0.0563283609407889,0.0967355495657383,0.0547004151206789,0.0479490145482048,0.0288849277084571,0.0249043598138894,0.22188678250323,0.0727298140986815,0.0850237752475679,0.0497527631399406,0.0518423429848334,0.0534598903738858,0.0410281047321643,0
GCGCCAAAGGCGTACA.1,0.167964404894327,0.429580081753995,0.122426100485037,0.0838166026845272,0.0474339664229823,0.0348689771766695,0.0462428203604674,0.0496639669136653,0.180695810372558,0.0585392802231082,0.0759324695720455,0.0154969753282955,0.0472495602149004,0.0487238069089946,0,0
GCTGCGATCTGGGCCA.1,0.174440736620937,0.211617071148844,0.0597144687471401,0.0777995589316344,0.0397119870688072,0.0400520532099479,0.0252802535155476,0.0350370498018266,0.179443404434835,0.0720176250158079,0.0837761200540941,0.0432875679820144,0.0521085912613512,0.0530284459174568,0.0641364400672592,0
GCAGCCAAGTGTCTCA.1,0.0830181683351872,0.105108195409199,0.0437219730941704,0.162705219308993,0.0820102127034275,0.0489834052587089,0.0157417310358487,0.0130484232293641,0.229809897961874,0.0720442489067565,0.057339789730838,0.0484012449561731,0.0548946892977702,0.0566074737946521,0.068268075906798,0
CCATTCGAGCCACTAT.1,0.115449264615004,0.166109253065775,0.0282785760043928,0.0834082060497155,0.0501598030932001,0.0538661743115184,0.0406654783125371,0.0211821471652593,0.240290558177552,0.0714518673331514,0.0891506347336736,0.0466533680742815,0.0511957400275757,0.0527931125775865,0.0519817439346625,0.0351189046360798
ATAGACCTCTGATTCT.1,0.0920405388703498,0.134665408912901,0.0567401848631829,0.133654605352719,0.0848389111347856,0.0531765805045157,0.00829471182412359,0.019686369119421,0.23307933662035,0.066672878907888,0.0830606814116826,0.0684336034203806,0.0690343745542719,0.0711883353107871,0.0456882056209464,0.0161422051405237
GATCGCGTCAACACTG.1,0.0948955629712026,0.159791898922334,0.0525761874256429,0.146165155599118,0.0620844201168216,0.0435333896872358,0.0414022578728461,0.0194037566775806,0.201775779787486,0.0660738413615458,0.0537800462417659,0.038797668631133,0.0693481671658822,0.0715119186531089,0.108815757866923,0
CAAGGCCGTAATCGTC.1,0.106637004078606,0.178486693536861,0.0446371373661572,0.0971983990851915,0.0561772161199074,0.0373159229434533,0.0274351356704298,0.0207478890229192,0.223956548105571,0.0638507464673425,0.0719452078698251,0.0613446306391771,0.0643560119811724,0.0663640018434445,0.084890703819361,0
ACACTGAGTCGACTGC.1,0.172216042516376,0.322499499757025,0.0715200878557701,0.0802090990770236,0.0412475662172587,0.048171464163367,0.0330679342444048,0.050167154919869,0.1796016030796,0.0603097689711863,0.0571042184705318,0.00871989135873061,0.036171730138354,0.0373003343694537,0,0
CTGCGGACACCAGTTA.1,0.117389692250649,0.157790927021696,0.0509517708428663,0.0901875901875902,0.0503434848095221,0.042321039284602,0.0328540305010893,0.0264483887644322,0.21240804703773,0.0733355076177608,0.0590585874449243,0.025152533121942,0.0527932296866828,0.0544404459566791,0.0423732884938746,0
AAGCCGCCAAAGAATC.1,0.0765541960202694,0.249464025383758,0.0920197675482749,0.109055514715892,0.0668527974725396,0.0368487787516128,0.031507229154288,0.0144890573841117,0.206020776755346,0.0593779327879873,0.0624700082886184,0.047238159596104,0.0559787001378786,0.0577253071590363,0.0598606773961086,0
TTCCCAGGTTGGGACA.1,0.123853664565567,0.227710602292542,0.0755696897593118,0.108020909907702,0.059101429043753,0.0467589091070872,0.0309843533372945,0.0342581423401689,0.216376196377251,0.0608222788719457,0.0783405313440649,0.0317866680528392,0.039747064137308,0.0409872233607562,0.00653374969973577,0
AAACGGGCACAACGCC.1,0.0761339760227413,0.167281250893291,0.0517525395808548,0.0764790764790765,0.0489254619595166,0.043444409841171,0.0284650425826896,0.0164190935722902,0.239736862920874,0.0621468174466357,0.0747720629935,0.0522283805823224,0.0595350164027956,0.0613925850386829,0.064280566898871,0
GGCCGATAGGACAGCT.1,0.153652206154987,0.215704770888717,0.0405417772490162,0.0666639440224346,0.0427170199478344,0.0450682920318548,0.032893642305407,0.0340720317077374,0.237152951723047,0.0757582816940782,0.0760284430484666,0.0669651269322487,0.0656111824276138,0.0676583352127315,0.0374249339418688,0
TCGCGAGAGTACGTTC.1,0.104387591150661,0.186890775519538,0.0568317012903816,0.0717416755152604,0.0524374563755924,0.037182453174356,0.0268251138839374,0.0190660003446493,0.234265826456087,0.0635512276941714,0.0551323997731536,0.0622997901248205,0.0736556839252603,0.0759538354431621,0.113379774201297,0
ATTCTACTCCGTTGTC.1,0.0851687059695958,0.263213560872424,0.131005765534914,0.148792507283073,0.0707027662466478,0.0334675446011478,0.0433670033670034,0.0130759951749095,0.179239064518681,0.0705599669863752,0.0691532521921215,0.0346456488261935,0.0710977986972852,0.0733161409254484,0.049963968292097,0
CTCACACTCCACGAAT.1,0.0975033988382153,0.21896349655547,0.0825935755468107,0.11629774837322,0.063987362697917,0.0356809182720114,0.0224044365220836,0.0213820437704636,0.209698895246131,0.0593845887607244,0.0704532565545522,0.0539242759956076,0.0577378405363001,0.0595393349872037,0.074609656497718,0
GTGTTAGTCTACCAGA.1,0.0744160177975528,0.0953034330960752,0.0333119795003203,0.140842386125405,0.0627750633701921,0.047759932375317,0.0346286393345217,0.0110632431500948,0.234338334168271,0.0741142564280057,0.0733062862627056,0.0479853932073216,0.0566157942281177,0.0583822793995078,0.0535671390823925,0
TCGTAGACACCCATGG.1,0.131837844518601,0.261698539290513,0.0586620298343553,0.0685697949848893,0.0401160868447155,0.049606264181163,0.0391126955832838,0.0328519731173531,0.258318612070557,0.0765237185588488,0.080216376565022,0.0321960221181149,0.0520705557932772,0.0536952237137562,0.0230602930578909,0
ACAGCCGAGTTGCAGG.1,0.138783833889507,0.172483777834948,0.0421433147249931,0.0917803370633559,0.0485801403328313,0.0473706455487832,0.0201703307585661,0.0319145269688092,0.246644870408944,0.0769430448412883,0.0941587052305545,0.0438333734023821,0.0454428754813864,0.0468607513016875,0.0177276002882537,0
TGAAAGAAGACGACGT.1,0.146125324434557,0.220192665008719,0.0620710167475062,0.115902964959569,0.0653833437419639,0.0538328068692441,0.0411566646860764,0.0452386696536274,0.22454979302344,0.0787335015075778,0.0872049906207739,0.05144216086965,0.0683307183949032,0.0704627241795201,0.0871967331251501,0
TACAGTGGTCCAGTTA.1,0.0922630082808058,0.255295429208473,0.0683398920106159,0.111002205341828,0.0628779251313324,0.0335454019664546,0.0311507229154288,0.0165707392727899,0.17441400585335,0.0610885177814312,0.0612659774026087,0.0277646019194157,0.0420577188228023,0.0433699734269437,0.0189286572183522,0
ATCTACTTCGTGGGAA.1,0.0981708070695835,0.201412114455593,0.0546353070376133,0.0895341555718914,0.0415781933066383,0.0462361525114562,0.0286551792434145,0.0300189557125625,0.209698895246131,0.0685631751652345,0.0636216900056712,0.0408119505396326,0.0523272952027766,0.0531559181432199,0.0358875810713428,0
TGCCCATGTCATATCG.1,0.116944753429737,0.262070148357774,0.0618193465727098,0.102956791636037,0.0427978399030161,0.0293855941629221,0.0548068924539513,0.0396691366534551,0.150400769900071,0.0538601313889018,0.0673646555860926,0.0482907843353844,0.0670660390814434,0.0691585852544051,0.0765793898630795,0.0287773240451597
TGGACGCCACGTTGGC.1,0.0728463725126684,0.12171626218449,0.0524160336780452,0.138623431076261,0.0699239557694427,0.0406304222093696,0.0267855020796197,0.0180527313458556,0.209705486856329,0.0630786536298347,0.072791519434629,0.0666077543355794,0.0753102267864784,0.0776600021572223,0.0836896468892625,0
TGAGAGGAGCCAGGAT.1,0.118749227536769,0.183117514221193,0.0418001281229981,0.0608510985869476,0.0480290951838654,0.0274057925879788,0.0277361853832442,0.0314113389626055,0.207675270915179,0.0713453717693572,0.0761244165248877,0.103066256879422,0.0779156563495459,0.0803467244540757,0.046072543838578,0
CCCAATCGTTGTCTTT.1,0.0808676307007786,0.214275505245405,0.0556191086299991,0.109082741158213,0.0694096469637412,0.043544512167994,0.0346761734997029,0.0191556091676719,0.204102618187571,0.0617873949188304,0.069127077607643,0.0593498417814049,0.0571768173822089,0.0589608071933558,0.0219553206822003,0.0181119385058852
CACCACTTCCAGAGGA.1,0.166518353726363,0.42672155046737,0.102818705957719,0.0659968961855754,0.0349729987877007,0.0416870578813899,0.0468449197860963,0.0370498018266414,0.239479790123131,0.0798783288183652,0.0952754875016359,0.0219946589041007,0.0544002282128084,0.0560975848915996,0.0580350708623589,0.0353110737448955
ACTGAGTGTTGTTTGG.1,0.0883574341861327,0.304119143584027,0.149835270431042,0.172670097198399,0.0680136659196943,0.0405859322863371,0.0371796395325807,0.0247113561950715,0.192435468136156,0.052642088378006,0.0427081970073725,0.0182649885315885,0.0416963818760995,0.0429973623054823,0.00980062454960365,0
ATGAGGGCAATGAATG.1,0.145383759733037,0.206243032329989,0.0902351972179006,0.0931961120640366,0.0514529223761067,0.0297081461049072,0.020154486036839,0.0402136825779769,0.211801618899465,0.0701739205676214,0.0712297692274135,0.0858214046692354,0.0645461893215423,0.0665601129600031,0.0418448234446313,0
CATCGAAGTCGGCATC.1,0.107823507601038,0.292456335934597,0.0699871877001922,0.0849192735985189,0.0339149921016862,0.0276838546069315,0.0542206377500495,0.0264070308461141,0.17414374983521,0.081588913811809,0.0647035728307813,0.0522283805823224,0.0563970902866923,0.0581567516154653,0.0707662743214028,0
GGCTGGTAGTACGTTC.1,0.112594240514152,0.343681216590916,0.123272627436625,0.0916578180729124,0.0413136916351346,0.0417649152466966,0.0471142800554565,0.035278304325349,0.211795027289266,0.0546388801991467,0.0622955110587619,0.0305651035405878,0.0457756858270337,0.0472039457556652,0.0091280326687485,0.0227720393946673
CGATCGGGTACTTAGC.1,0.0694351748856754,0.153303032901695,0.0873066715475428,0.189645783985407,0.0708864479629698,0.045602171108244,0.0322360863537334,0.0144132345338618,0.200958420122868,0.0645562795774789,0.0705928543384374,0.0254254358321258,0.047030856273475,0.0484982791249522,0.051597405717031,0
CTAGTGATCTTGTTTG.1,0.10721789642813,0.185861704256353,0.0386656904914432,0.144967192137003,0.068153264024099,0.043032878053121,0.0387086551792434,0.0211407892469412,0.183543385978327,0.0602831450802378,0.077197574488505,0.0424428691171597,0.0546664764893263,0.0563721404547817,0.0795099687725198,0
AAGGTTCCAGACAAGC.1,0.106451612903226,0.315667609981991,0.0969616546170037,0.0982874567780228,0.0515925204805114,0.0421430795924723,0.0179679144385027,0.026875753920386,0.197768080786775,0.0718578816701167,0.0750250839767919,0.0319296170915069,0.0416773641420625,0.0429777511938264,0.0350228200816719,0
CGCCAAGTCTGAGGGA.1,0.0831417624521073,0.194122859674699,0.088473505994326,0.151161207764981,0.0723118180816281,0.0353694888107844,0.0284333531392355,0.0275374806134758,0.207246816252274,0.0502459381926372,0.0713693670112987,0.029324045977609,0.0402795606903437,0.0415363344871204,0.0054768196012491,0
CGTCCATAGATGCGAC.1,0.0883574341861327,0.197267244089987,0.0945364692962387,0.128304609436685,0.0744866096028801,0.0295413088935356,0.0203921568627451,0.0194864725142168,0.228682732617924,0.0672985403451788,0.0640055839113554,0.0383233377300992,0.0657823420339467,0.0678348352176343,0.0834013932260389,0
CAAGATCTCTTCATGT.1,0.08568780126066,0.120744361547037,0.0361489887434795,0.135492390209371,0.0679842768450828,0.0439337989945277,0.0255733808674985,0.0158745476477684,0.216283913834471,0.0614013485000765,0.0633686690223793,0.0474135970526507,0.0621214282318262,0.0640596962238805,0.0852750420369926,0
AACTCAGTCGAATGGG.1,0.119317760474601,0.229139867935855,0.0367438455202709,0.0844836505213864,0.041835347709489,0.0369043911554033,0.036712220241632,0.0311218335343788,0.237739605030717,0.0645030317955818,0.070461981416045,0.0374201597130623,0.0500071316502639,0.0515674180990949,0.0610617343262071,0
CACACAAGTCCATCCT.1,0.109640341119763,0.237343852728468,0.0919053720142766,0.105897247406681,0.0578230042981522,0.0303310050273613,0.0213666072489602,0.0256350163708427,0.234041711709336,0.0646095273593759,0.0590585874449243,0.0636383129414364,0.0589644843816859,0.060804251689007,0.0922892145087677,0
TACTTGTTCCATGCTC.1,0.0789766407119021,0.220164079695852,0.0967786217626064,0.163276974597729,0.0980786892472723,0.0421875695155047,0.042962962962963,0.026014130622092,0.180484878846205,0.0563894010290134,0.067146534048772,0.0432225911462564,0.0667427376028146,0.0688251963562555,0.0415085275042037,0
GTCTCGTTCTATGTGG.1,0.112013348164627,0.193408226853043,0.0587535462615539,0.0918347899479975,0.0679181514272069,0.0539440316768252,0.0304535551594375,0.0207685679820782,0.213119940939173,0.079771833254571,0.0673210312786285,0.078563492115061,0.0643750297152094,0.0640596962238805,0.0933461446072544,0
CCAGCGAGTCTAGAGG.1,0.0813743665801508,0.180487665437498,0.0584332387663586,0.127583108715184,0.0443775026633849,0.0439782889175602,0.0338680926916221,0.0180251594003102,0.213660452975453,0.0685897990561831,0.0633686690223793,0.0253279705784888,0.0508914562829839,0.0524793347910926,0.0311794379053567,0
ACGGAGAGTACTTCTT.1,0.085712520084044,0.187691164279793,0.0723208565937586,0.0874513327343516,0.0542008008522832,0.0416536904391155,0.0270469399881165,0.0180527313458556,0.2314973501727,0.0702271683495184,0.0743445447803516,0.0557891111818637,0.0671040745495174,0.0691978074777169,0.0461686283929858,0
GGACGTCAGACTTGAA.1,0.1009269558769,0.213789554926679,0.0661892559714469,0.100710610144572,0.0519598839131553,0.0381612314810695,0.0233551198257081,0.0154885404101327,0.237337516808606,0.068390119874069,0.0557780395236226,0.036361037290206,0.0576522607331336,0.0594510849847524,0.0829690127312035,0
GATCGATTCAGTCAGT.1,0.0886046224199728,0.176714404139153,0.0846755742655807,0.0794195322497209,0.0553984056427023,0.0413088935356142,0.0292572786690434,0.0251869722557298,0.223613784375247,0.0565558003474418,0.0605941630676613,0.0624037530620334,0.0600389863547758,0.0619122794975633,0.0318520297862119,0
CGAGCCAAGTGCGATG.1,0.118786305771845,0.224394706000057,0.0475199048229157,0.0651664896947916,0.0423937401271077,0.0557125061173644,0.0274272133095663,0.0318455971049457,0.222664592506658,0.0567887593932415,0.082493565414649,0.0357047712490497,0.0591736794560928,0.0589608071933558,0.0786932500600528,0
GATCAGTTCCAAACAC.1,0.0899765171177852,0.19586656375954,0.101491717763339,0.114881973372539,0.067190771830572,0.0381167415580371,0.0302079619726679,0.0199138376701706,0.241074959791178,0.0668858700354763,0.086803646992104,0.065717571685694,0.0866923406076166,0.0863379190649422,0.11779966370406,0
TTAGGACAGCACCGTC.1,0.0791125942405141,0.27559100134351,0.0998673011805619,0.117318739960249,0.0578230042981522,0.0423766516883926,0.0362448009506833,0.0192383250043081,0.20040472486619,0.0534008692700395,0.059320333289709,0.0284988401634817,0.0410878143869158,0.0423698067324946,0.0336295940427576,0
ATCATGGTCGATGAGG.1,0.0518971696947225,0.224480461938656,0.108126658735243,0.166013232050968,0.0851548436868594,0.0253370111669707,0.0322123192711428,0.0132207478890229,0.150697392359005,0.0484022337444506,0.0565283776120054,0.0246717045373324,0.0360481148671136,0.0371728621436906,0.0144607254383858,0
CAGTAACCAACACGCC.1,0.12245705104437,0.15844838921762,0.0656172783014551,0.0984780418742683,0.06996803938136,0.0369155136361614,0.0380352545058427,0.0161158021712907,0.210054842196852,0.0674383157726586,0.0750425336997775,0.0635733361056783,0.0637284267579518,0.065716835158801,0.0223396588998319,0
GCACTCTTCTTAACCT.1,0.0846866889136077,0.204728010748078,0.0836688935663952,0.129502572898799,0.0638624591308181,0.0548560750989901,0.0338839374133492,0.00974668275030157,0.214609644844042,0.05955764405189,0.0710901714435283,0.0764387495857727,0.0580706508819474,0.0598825294411814,0.0667307230362719,0
CTCTAATAGGCATGGT.1,0.082214806575207,0.172741045650745,0.0720463073121625,0.0699447303220888,0.0517321185849161,0.0522979045246252,0.0228797781738958,0.0205893503360331,0.20248108207873,0.0440226036834153,0.0625223574575754,0.0344182299010403,0.0648219464650787,0.0668444740790132,0.0239730963247658,0.0165745856353591
ACCAGTAAGGCGATAC.1,0.104424669385737,0.212131606780436,0.0506772215612702,0.126671022897438,0.0610043716248485,0.0469591137607332,0.020788274905922,0.0197415130105118,0.236955203417091,0.0574410447214808,0.0737861536448109,0.038297346995796,0.0617410735510864,0.0636674739907632,0.0489070381936104,0
GGCGACTTCAGCGATT.1,0.0520454826350266,0.181745419203613,0.0909444495286904,0.157246317623676,0.0785863855111862,0.053098723139209,0.0270786294315706,0.00961571600896088,0.175692778231866,0.0412470630520297,0.0602189940234699,0.0274072293227464,0.0585746208339276,0.0604022239000618,0.0700936824405477,0
TTCTACACACGGACAA.1,0.060758867877889,0.125718205985765,0.0736249656813398,0.149541234446895,0.0772050990044451,0.0458579881656805,0.0234739552386611,0.00906427709805273,0.231807155852032,0.0668925260082135,0.0554464947868953,0.056978187276236,0.0609138021204773,0.0628143906337331,0.0711506125390343,0
TTTATGCTCTAACCGA.1,0.100729205289828,0.373638624474745,0.0976251487141942,0.0940673582183016,0.0465522941846369,0.0541442363304711,0.0408635373341256,0.0266138204377046,0.233949429166557,0.0669790536537962,0.0898137242071282,0.0274527131077771,0.0439690010935197,0.0453408901483581,0.01268316118184,0
TGGACGCTCTCGAGTA.1,0.113990854035348,0.230340451076237,0.0919740093346756,0.116733371450353,0.056265383343742,0.0502624905458914,0.033305605070311,0.0246699982767534,0.255174414005853,0.074766541756245,0.0611700039261877,0.0399217678897473,0.0545428612180859,0.0562446682290186,0.0463607975018016,0
TATCTCACAGCTGTAT.1,0.0794339389445062,0.16325072177915,0.0772398645556878,0.143238313049634,0.0668381029352338,0.0426769586688615,0.0120419885125767,0.0100775460968465,0.205757112347404,0.0542794576713414,0.0614317497709724,0.0594213163007388,0.0593353301954072,0.0611866683662963,0.0676435263031468,0
CTGTGCTGTTGGTTTG.1,0.121122234581634,0.229368550438785,0.103527958268509,0.0803588445097879,0.0483670695418978,0.0349913244650087,0.0438502673796791,0.0248630018955713,0.208861760750916,0.0583795368774169,0.0582210007416132,0.0231642419477456,0.0436552084819094,0.0450173068060363,0.0448714869084795,0.0263271679077588
CATGCCTGTGAACCTT.1,0.0863922877271042,0.230026012634708,0.0770339525944907,0.13301478395818,0.0573821681789795,0.0419651199003426,0.0357615369380075,0.0238083749784594,0.19909958604688,0.0600834658981237,0.0700955372333464,0.0417866030760034,0.066980459278277,0.0690703352519538,0.0632716790775883,0.0256065337496997
ACCGTAAGTAAAGTCA.1,0.0755530836732172,0.177171769145013,0.0535371099112291,0.148356884205941,0.0710040042614158,0.055768118521155,0.0294236482471777,0.0162260899534723,0.225512168112426,0.0550382385633748,0.0725995724817868,0.0262116555447983,0.0634907050824894,0.0654716962631027,0.0944991592601489,0
TATGCCCGTCAACATC.1,0.0889630453590409,0.275905439785038,0.1319209298069,0.109531977456506,0.0496087579442342,0.0279619166258842,0.0304297880768469,0.0218783387902809,0.2071281672687,0.0651220372601354,0.0465994852331719,0.0527157068505078,0.0712689583036181,0.0734926409303511,0.0488109536392025,0
GACCAATCAATCCAAC.1,0.0758002719070572,0.339078981219449,0.101308684908941,0.100070788750034,0.0527460416590133,0.0502180006228589,0.0412279659338483,0.0230708254351198,0.197504416378833,0.0523625375230463,0.0443048466605593,0.0267509632815901,0.0360576237341321,0.0371826676995185,0.00638962286812395,0
GTGAAGGCACACCGCA.1,0.0941539982696824,0.241202869965412,0.0825478173332113,0.0826730921070544,0.048477278571691,0.0310317213151221,0.0364587046939988,0.0287023953127693,0.206330582434677,0.0595909239155756,0.0814291323125245,0.0353928824374111,0.0484476774592307,0.0499593069433141,0.0400192169108816,0.00168147970213788
GGGCACTTCAAGATCC.1,0.105017921146953,0.183774976417117,0.0790015557792624,0.096517738027172,0.0557069909261232,0.0440561462828669,0.0382174688057041,0.0268412889884542,0.205737337516809,0.0617008672732476,0.0698599659730402,0.0855225112247484,0.0611229971948842,0.0630301128619476,0.0795099687725198,0
TCGCGTTCAGATCTGT.1,0.115721171672228,0.194980419060687,0.0408620847442116,0.0772822565275395,0.042437823739025,0.049194732393113,0.0172390572390572,0.0212166120971911,0.216310280275266,0.0830199479502932,0.0800244296121799,0.0744244676772731,0.0516997099795559,0.0533128070364669,0.00518856593802546,0
GGCTCGAAGGTCGGAT.1,0.119330119886293,0.273933053197267,0.0796192916628535,0.0947752457186419,0.0490650600639212,0.0536437246963563,0.0441196276490394,0.0298948819576081,0.198776597147151,0.0712055963418774,0.0788203987261702,0.0326118738669664,0.0450910474017021,0.0441544178931783,0.0252702378092722,0
TCAGGATAGGACACCA.1,0.0758867877889012,0.184060829545779,0.0425780177541869,0.0780582101336818,0.0433048014400647,0.0381389865195533,0.0261913250148544,0.0193830777184215,0.220449811479948,0.0664199519438768,0.0920821881952624,0.0451524031682705,0.045186136071887,0.0465960012943334,0.0259428296901273,0
AAGTCTGGTCCGAATT.1,0.0982202447163515,0.203556012920561,0.0792532259540588,0.132238830352038,0.0552000293890746,0.0624082395337456,0.0226341849871262,0.0189143546441496,0.219625860205131,0.0727098461804701,0.0710029228286001,0.0759839117354663,0.0536205011172919,0.0516164458782346,0.0248378573144367,0
ACTGCTCAGGCTAGCA.1,0.123297491039427,0.215962038704514,0.0988606204813764,0.0697813716681641,0.0464126960802322,0.0495840192196468,0.0537136066547831,0.030087885576426,0.21110290821842,0.0636776911761769,0.0558914627230293,0.023852996406781,0.0644225740503019,0.06643264073424,0.0543838577948595,0
TCGAGGCTCTTCTGGC.1,0.0692003460635274,0.222450904725152,0.0765763704584973,0.181341719077568,0.0683222512031152,0.03615918494461,0.0303822539116657,0.0140203343098397,0.185474727766499,0.0578004672492861,0.0843432360511277,0.0611951839169336,0.0639566395663957,0.0659521684986713,0.104924333413404,0
TACACGAAGAGTAATC.1,0.116240266963293,0.31986965097333,0.0973048412189988,0.0892210514852024,0.0592410271481577,0.0452684966855007,0.042226183402654,0.0287920041357918,0.223040314287974,0.0713719956603058,0.0566941499803691,0.0396293721288361,0.0662672942518899,0.0683349185648588,0.083305308671631,0.00350708623588758
CGTTGGGAGACGCAAC.1,0.0659374613768385,0.0802103879026956,0.0492129587260913,0.233425903237224,0.0946842511296426,0.0519531076211238,0.0376629035452565,0.0121316560399793,0.20243494080734,0.0638174666036568,0.067094184879815,0.0314033047218667,0.044377882375315,0.0457625290489591,0.0594282969012731,0
ATCCACCCAAGCGTAG.1,0.078519342479298,0.238973215561844,0.116569049144321,0.139086280595715,0.0630101759670842,0.0493615696044846,0.0256129926718162,0.0207341030501465,0.205111134547947,0.0464254098415213,0.0426296732539371,0.0243403226749664,0.0451956449389055,0.0466058068501613,0.0544799423492674,0
GGTGCGTAGTGACTCT.1,0.137214188604622,0.179315667609982,0.0577468655623684,0.0912766478804215,0.0474780500348995,0.0386728655959425,0.0248920578332343,0.0258693779079786,0.231088670340391,0.0771560359688767,0.081359333420582,0.0674784439347373,0.0629486996624352,0.0649127795809105,0.0354071582993034,0
GTACTCCCATCTGGTA.1,0.152181436163639,0.216933939341966,0.0663722888258442,0.126793541887882,0.0490062819146982,0.0632090581483294,0.0317528223410576,0.0456177839048768,0.226764574050149,0.0685165833560746,0.0921170876412337,0.0521244176451095,0.0611229971948842,0.0630301128619476,0.0764352630314677,0
GAATAAGCATAGGATA.1,0.0753429736744531,0.186604922390876,0.0503111558524755,0.162800511857116,0.0698651776202197,0.0584375139031009,0.0377817389582095,0.0215267964845769,0.23185988873362,0.0613813805818651,0.0513545347467609,0.0373811736116075,0.0477820567679361,0.0492729180353588,0.0374249339418688,0
CTCGGAGCATTCTTAC.1,0.0758620689655172,0.151845181945516,0.0841951130227876,0.109531977456506,0.0610998861173359,0.0450238021088223,0.0250980392156863,0.0153162157504739,0.217411079178422,0.0637043150671255,0.0634559176373075,0.0539632620970624,0.058850377977464,0.0606865850190718,0.0771558971895268,0
CGTAGCGTCATCTGCC.1,0.101446051167964,0.256324500471658,0.0884506268875263,0.0652073293582728,0.0291466147459682,0.0474040129910575,0.0391681521093286,0.0208926417370326,0.226032905318111,0.060735751226363,0.084526458142477,0.0366664284182689,0.0420006656206913,0.0433111400919761,0.0427576267115061,0
TACCTATGTCTGATTG.1,0.0836855765665554,0.222136466283623,0.0470623226869223,0.126330692368428,0.0611072333859888,0.0458802331271967,0.0275222816399287,0.019941409615716,0.206165792179714,0.0668259662808421,0.0755311259433756,0.0592848649456469,0.0315599296343841,0.0325446397929067,0.0306990151333173,0
TAAGTGCCAGGTGCCT.1,0.0503522432332221,0.0907583683503416,0.0355083737530887,0.173500503689183,0.08832151647625,0.0412977710548561,0.0281639928698752,0.0146200241254524,0.194755714926042,0.0347708015787967,0.0583693233869912,0.0377255508411251,0.0471544715447154,0.0486257513507153,0.0733605572904156,0
CTCGTCACAATTGCTG.1,0.109529106414535,0.22285109910528,0.0838976846343919,0.0943804623049906,0.0562947724183535,0.0409084842283223,0.0268964151317093,0.0278269860417026,0.22658000896459,0.0640837055131422,0.0894385551629368,0.0467183449100396,0.0677696952408121,0.0698841963856721,0.063463848186404,0
ATGCGATAGTTTGCGT.1,0.112124582869855,0.201497870394191,0.0438592477349684,0.108551825532958,0.0553543220307851,0.0461026827423589,0.0546009110714993,0.0176391521626745,0.214247106283123,0.0746866700833993,0.079326440692754,0.0622088225547592,0.041553748870822,0.0428502789680633,0.0348306509728561,0
ATTTCTGTCAGGTTCA.1,0.0587195649487084,0.155189663550868,0.0762789420701016,0.152386397669417,0.0721648727085706,0.0279952840681586,0.0271499306793424,0.0255729794933655,0.20974503651752,0.0505121771021226,0.0445229681978799,0.0413902443778793,0.0472400513478819,0.0487140013531667,0.0483305308671631,0
TGCCCTACATAGAAAC.1,0.0966629588431591,0.214361261184004,0.0914477898782832,0.0761251327289063,0.0511810734359502,0.0566467945010455,0.026524064171123,0.0263932448733414,0.249934083898015,0.0761842639492549,0.0725297735898443,0.0391550412278023,0.0471544715447154,0.0486257513507153,0.0598126351189046,0
CCGTGGACATTAGGCT.3,0.139995056235323,0.0252694165737644,0.011531069827034,0.0486400392060769,0.0137761287241468,0.0507185122569738,0.0259615765498118,0.021292434947441,0.181269280459831,0.0640770495404051,0.0743707193648301,0.0402466520685376,0.0458517567631817,0.0472823902022886,0.00677396108575546,0.0456401633437425
GGCGTGTCACCCTATC.1,0.133259176863181,0.158534145156219,0.0536057472316281,0.0664869721473495,0.0318651041475332,0.0483605463362548,0.0225945731828085,0.0354713079441668,0.273327708492631,0.0660538734433344,0.0744143436722942,0.0369848149134833,0.0576047163980412,0.0594020572056127,0.0271438866202258,0
CACCACTAGTCTTGCA.3,0.16421950315165,0.218306034359546,0.0822503889448156,0.0835443382613194,0.0349803460563535,0.0432886951105575,0.0477876807288572,0.0406617266930898,0.210681045165713,0.0735817786090348,0.0714217161802556,0.0449119888759657,0.0581181952170399,0.059931557220321,0.069036752342061,0.096036512130675
AAACCTGAGCTAGGCA.3,0.114460511679644,0.222565245976617,0.0741740642445319,0.11210487625582,0.0510855589434628,0.0410197090359034,0.0296533967122202,0.0280889195243839,0.217694518416959,0.0711190686962946,0.0694673472058631,0.0377385462082767,0.0518423429848334,0.0534598903738858,0.0863800144126832,0.0258467451357194
CAAGAAAGTGAGGGAG.3,0.100333704115684,0.294400137209502,0.131531984991306,0.145783985406627,0.0923551669666801,0.0508186145837968,0.0362764903941375,0.022174737204894,0.230693173728478,0.0757715936395525,0.0534223269205601,0.0391550412278023,0.041553748870822,0.0428502789680633,0.0228681239490752,0
TGAGCATGTGGCTCCA.3,0.162625139043382,0.222793928479547,0.0760730301089046,0.103474094040132,0.0297197017008927,0.0589157805756996,0.0431372549019608,0.0434120282612442,0.252702560181401,0.0761043922764092,0.0939580334162195,0.0358347249205658,0.0504825750011886,0.0520576958904915,0.0347826086956522,0.0478501080951237
CATATGGCAATCGAAA.3,0.0844518600914596,0.113169253637481,0.0503797931728745,0.0696996923412018,0.0475882590646927,0.0449793121857899,0.028750247573777,0.0375943477511632,0.183062198433833,0.0598638187977982,0.0444269947214588,0.0371732477371817,0.0345362050111729,0.0356137787670494,0.00240211386019697,0.0136920490031227
GATGAGGCAAGCCATT.3,0.154072426152515,0.0854415001572192,0.0146655074585888,0.0775817473930682,0.0371184012343411,0.0501067758152778,0.0231887502475738,0.0383043253489574,0.185428586495109,0.0611550775088025,0.0502028530297082,0.0650093241759313,0.057985071078781,0.05979427943873,0.0437184722555849,0.000528465049243334
GCGCCAACATCCTAGA.3,0.209318996415771,0.219077837806935,0.0994783563649675,0.056440414930981,0.0204474486609603,0.0431885927837345,0.0438106555753615,0.0566258831638808,0.207016109895325,0.0627658229111894,0.0731056144483706,0.0402141636506585,0.0499595873151714,0.0515183903199553,0.0199375450396349,0.0107134278164785
TGTCCCAGTGCGCTTG.3,0.183858608330243,0.0893291027070291,0.0208199871877002,0.0196983310190857,0.00571617501193931,0.0544890332339725,0.0206535947712418,0.026855074961227,0.206337174044876,0.0802244394006962,0.0680713693670113,0.0307080525792555,0.0319593020491608,0.0309267230812979,0.00278645207782849,0
GCACATAGTCGCGAAA.3,0.219614386355209,0.149472600977618,0.0612016106891187,0.0395600206920962,0.00401895595312443,0.0509075944298616,0.0269994058229352,0.0544476994657936,0.248477338044137,0.0983885890003394,0.0886707673515683,0.0271733127140175,0.046108496172681,0.0475471402096428,0.0218111938505885,0
TACGGTATCATTTGGG.3,0.107749351130886,0.143869879655833,0.0678365516610231,0.0975931824988429,0.0499393850336138,0.0517306580059616,0.0291859774212715,0.0283577459934517,0.197207793919899,0.0623132167650641,0.0578109322514505,0.0556136737253169,0.0766699947701231,0.0790621966406166,0.0595724237328849,0
CCCAATCCAAGCTGAG.3,0.255011741441107,0.214103993368207,0.0830511576828041,0.0665141985896703,0.0180081554682047,0.0490278951817413,0.0335432758962171,0.0621609512321213,0.247165607614628,0.0718978175065395,0.0933298433887362,0.0286677799364527,0.059810773546332,0.0616769461576929,0.0566418448234446,0
AAAGTAGTCACGGTTA.1,0.181362007168459,0.128976931652517,0.0608126658735243,0.108864929619647,0.0452665221703832,0.0558904658094942,0.0309685086155674,0.0274961226951577,0.233369367469085,0.081442482411592,0.0594424813506086,0.0353733893866836,0.0502258355916892,0.0517929458831374,0,0
CAGAATCCAAGCGCTC.3,0.208058336423186,0.269759597518795,0.109453646929624,0.0677530017152659,0.0381396715770912,0.0435111447257196,0.0339790057437116,0.0436532827847665,0.228649774566931,0.0803908387191246,0.0603411420843694,0.0364974886452979,0.0680074169162744,0.0701293352813704,0.0819601249099207,0
CAGCGACGTCCGAACC.3,0.134272648621926,0.126318497555956,0.0697355175253958,0.0838574423480084,0.050167150361853,0.0452573742047426,0.0195127748068925,0.010518697225573,0.204583805732064,0.064416504149999,0.0571827422239672,0.0140544895744667,0.046184567108829,0.0471451124206976,0.0598606773961086,0
GGGTTGCAGAGTACAT.3,0.107798788777654,0.152188205699911,0.0735334492541411,0.0841297067712162,0.0447081297527644,0.0452684966855007,0.0284491978609626,0.0187351369981044,0.197108919766921,0.0517368760857555,0.0450464598874493,0.0448989935088141,0.0436171730138354,0.0449780845827246,0.0130674993994715,0
TCTATTGAGATGCCAG.3,0.169546409590903,0.190435354314953,0.0805115768280406,0.0717144490729396,0.0382645751441901,0.0402300129020777,0.0259378094672212,0.0340237808030329,0.22418725446252,0.0788200291531606,0.0678706975526764,0.0463544746297945,0.0659725193743165,0.068030946334193,0.0473696853230843,0
TTTGGTTTCGAATCCA.3,0.0889136077122729,0.170682903124375,0.0775372929440835,0.154986522911051,0.0790859997795819,0.0526427014281265,0.0225074272133096,0.0164122005859038,0.229065046009439,0.0716848263789512,0.0902150678357981,0.0563284189186555,0.0794370750725051,0.0819156133865448,0.11597405717031,0
CGCCAAGGTCTTGATG.3,0.237251266839698,0.165651888059915,0.0542234831152192,0.0649486781562253,0.0170603578119834,0.0425768563420385,0.0420518914636562,0.0754919869033259,0.225281461755478,0.0804374305282846,0.0834445753173668,0.0347301187126789,0.0526030523463129,0.0542443348401204,0.0458803747297622,0.034926735527264
ATGAGGGCAACTGCTA.3,0.16372512668397,0.0569419432295687,0.0251212592660383,0.0327397968907403,0.0199698761985232,0.0532544378698225,0.0266587443058031,0.0421988626572463,0.228478392701769,0.0565824242383903,0.0738210530907822,0.0408899227425423,0.0456425616887748,0.0470666679740741,0.0382416526543358,0
AAGGAGCAGTGTTTGC.3,0.136781609195402,0.227224651973816,0.0987462249473781,0.092025375044243,0.0491679218250615,0.0553232192908306,0.0342959001782531,0.0337273823884198,0.230389959659346,0.0831131315686131,0.0670156611263796,0.0508183832463727,0.0632339656729901,0.0652069462557485,0.0871486908479462,0.0485226999759789
GATCGTAGTTTAGGAA.3,0.120813249289334,0.0537118028756825,0.0259677862176261,0.0748454899398296,0.0338121303405459,0.0544556657916982,0.0203208556149733,0.00816129588144063,0.149471352862077,0.0482890822079193,0.0473934476290189,0.0486351615649021,0.0843341415870299,0.0869654746379298,0.0520297862118664,0
TGGTTCCGTACGCACC.3,0.0931158076875541,0.0423634336677815,0.0440651596961655,0.0571074627678401,0.0257815657029499,0.0460693153000845,0.0276807288571994,0.0149233155264518,0.157203311624964,0.0620003860464188,0.0622606116127906,0.0590964321219485,0.0638615508962107,0.065854112940392,0.00653374969973577,0.018256065337497
TTGTAGGGTATAGTAG.3,0.0987516994191076,0.193008032472915,0.100782465452549,0.121552451741131,0.0576981007310532,0.0317435600836411,0.0378134284016637,0.02029295192142,0.182416220634377,0.0551513900999061,0.0699472145879684,0.0368938473434221,0.0648314553320972,0.0668542796348411,0.0749459524381456,0
CGGGTCACAGTCGTGC.3,0.116178469904833,0.231798302032416,0.0661206186510479,0.093767867352773,0.0430256052312553,0.0578925123459536,0.0419092889681125,0.0209753575736688,0.244153241753896,0.078300863279664,0.0756532740042752,0.0212994067614895,0.0488470498740075,0.0503711402880872,0.0387701177035792,0.0257506605813116
AGGCCACAGGGCACTA.3,0.0788777654183661,0.229911671383243,0.107531801958452,0.158348988537668,0.0751111274383748,0.0498732037193576,0.0268726480491186,0.01598483542995,0.209718670076726,0.0550914863452719,0.0694324477598918,0.0401686798656279,0.04977891884182,0.0499396958316582,0.0300744655296661,0.0369925534470334
TGTATTCTCACATGCA.3,0.214485230503028,0.0858416945373467,0.0291708611695799,0.0339649867951755,0.00766320120495206,0.0454130889353561,0.0100772430184195,0.0539789763915216,0.195111661876763,0.0855092817539819,0.0874580116040658,0.0135931540405845,0.046127513906718,0.0475667513212986,0.0246937304828249,0
CATCGAAGTTCCTCCA.3,0.141935483870968,0.167681445273419,0.0692779353894024,0.0900378447548259,0.0364718415928878,0.0410197090359034,0.0245276292335116,0.0331759434775116,0.211491813220133,0.0710791328598718,0.0684465384112027,0.0363545396066302,0.0469452764703086,0.0484100291225008,0.0360797501801585,0.02853711265914
GGCTGGTAGTTAACGA.3,0.144975899147201,0.166766715261699,0.0715658460693695,0.0706390046012687,0.0522390801219647,0.0304533523157005,0.0205030699148346,0.0310597966569016,0.186694175653229,0.0750660605294161,0.0537887711032587,0.0373551828773042,0.0587838159083345,0.0606179461282763,0.0287773240451597,0
TTCTCAAGTACCATCA.3,0.206550488196762,0.404110567990167,0.105404045026082,0.0875330120613139,0.0368318577568789,0.0460693153000845,0.0558764111705288,0.0503739445114596,0.201999894534237,0.067950825673418,0.0759499192950312,0.031793165736415,0.0464888508534208,0.0479393624427601,0.0304588037472976,0.022243574345424
CTCGGAGGTGGTGTAG.3,0.160313929056977,0.19746734128005,0.0784524572160703,0.171907756813417,0.0804011608684472,0.0488388130088535,0.0249158249158249,0.0423642943305187,0.210456930418963,0.0729760850899555,0.0654539109191642,0.0358087341862626,0.0594399277326107,0.0612945294804036,0.0333893826567379,0
TGACTAGTCCCATTTA.3,0.169459893709059,0.0906440270988766,0.0238400292852567,0.0390971711726429,0.0077513684287866,0.0460581928193264,0.01643889879184,0.0201826641392383,0.196252010441111,0.0860883513821127,0.0624874580116041,0.0381284072228251,0.0412399562592117,0.0425266956257415,0.0156137400912803,0
ACCGTAAGTGAGGCTA.3,0.223272772216043,0.118400365892005,0.0367667246270706,0.051811919736448,0.0063627346533926,0.0521421897940117,0.0279976232917409,0.0372496984318456,0.199837846389116,0.0848370285075312,0.0952754875016359,0.0451913892697253,0.0482289735178054,0.0497337791592716,0.0372327648330531,0
GTAGTCAGTAATTGGA.3,0.128031145717464,0.217305548409227,0.101583234190537,0.122518990443519,0.05010837221263,0.0569359790007563,0.0314517726282432,0.0328519731173531,0.202428349197142,0.0638440904946053,0.0606028879291541,0.0486546546156295,0.0584985498977797,0.0603237794534383,0.0503963487869325,0
GAGCAGATCTTTACAC.3,0.107675194660734,0.250378755395478,0.0956804246362222,0.0781262762394838,0.053488115792954,0.0377385772122614,0.0297167755991285,0.0308461140789247,0.217404487568223,0.0665863512623052,0.0697552676351263,0.0555616922567105,0.0716302952503209,0.0738652520518126,0.0216190247417728,0
GGCTGGTAGATCTGCT.3,0.110814485230503,0.324729154160592,0.115356456483939,0.110798007024422,0.0604753682818412,0.0353249988877519,0.038201624083977,0.0223263829053938,0.228827748042292,0.0606092877443574,0.0659250534397766,0.0463219862119155,0.0523938572719061,0.0540286126119059,0.0561614220514052,0.0680278645207783
ATCACGATCCGCAGTG.3,0.105722407613398,0.0724351828030758,0.048961288551295,0.0611097497889951,0.0279710517615077,0.0291297771054856,0.0282432164785106,0.0112976046872307,0.181460437155588,0.0569618146844071,0.0511102386249618,0.0475695414584701,0.0743593400846289,0.0766794465744291,0.0772519817439347,0
AACCATGTCCTCAACC.3,0.201853911753801,0.299116713832433,0.0856364967511668,0.0615998257507691,0.0337974358032401,0.036971126039952,0.0234343434343434,0.0496984318455971,0.23537980857964,0.0716715144334769,0.0885922435981329,0.0270433590425013,0.0432843626681881,0.0446348901287469,0.0382416526543358,0
TATTACCGTGCAGACA.3,0.26360153256705,0.117714318383215,0.0756154479729111,0.0900106183125051,0.0224018221226259,0.0362259198291587,0.0348029312735195,0.0622850249870757,0.187392886334274,0.0827337411225964,0.0683941892422458,0.0495253442147874,0.0481433937146389,0.0496455291568203,0.0368003843382176,0.00581311554167668
TATCAGGGTGGTAACG.3,0.235483870967742,0.05182517222651,0.0106387846618468,0.0382259250183778,0.00319606186400206,0.0292410019130667,0.0220479302832244,0.034692400482509,0.150123922271733,0.0762508236766262,0.0745364917331937,0.0356008083118368,0.0475918794275662,0.0490768069188002,0.061926495315878,0
TGTGTTTCAGGCTGAA.3,0.190236064763317,0.0913586599205328,0.0299945090143681,0.0750769146995562,0.0240476103008707,0.0612848689771767,0.0344385026737968,0.037277270377391,0.140803385450998,0.0597706351794783,0.0590673123064171,0.0580957888512745,0.0562069129463224,0.0579606404989067,0.0528945472015373,0.0879173672832092
CTAACTTCACAACGCC.3,0.10142133234458,0.0828688219992568,0.0544751532900156,0.0500422009855972,0.0292935601190258,0.0410085865551453,0.0410299069122599,0.021409615716009,0.178659002821209,0.0640437696767194,0.0812459102211752,0.0450874263325125,0.0423334759663386,0.0436543345459537,0.0411241892865722,0
TGGGCGTTCCTTGCCA.3,0.140378197997775,0.208501272046423,0.0874439461883408,0.106795720003267,0.0528342088828478,0.0444120656671264,0.0288215488215488,0.0297708082026538,0.198077886466106,0.0840849035882349,0.0645116258779392,0.038030941969188,0.0656492178956877,0.0676975574360433,0.0459764592841701,0.0272399711746337
ATCCACCCACTTAAGC.3,0.174836237795081,0.124060257839522,0.0561453280863915,0.0526423262272319,0.017626097498255,0.0444343106286426,0.0269043374925728,0.0420127520248147,0.22766103303715,0.0821679834399398,0.0757143480347249,0.0541581926043366,0.0542100508724385,0.0559014737750409,0.0657218352149892,0.0135959644487149
CCTCTGAGTCAAACTC.3,0.13010752688172,0.242803647485922,0.121007595863457,0.116529173132947,0.0653539546673524,0.0419984873426169,0.0305090116854823,0.0255178356022747,0.195915838320985,0.0591116938785019,0.0734546089080836,0.0535214196139076,0.0636143203537299,0.0655991684888658,0.110401153014653,0
TACTCGCGTGCGGTAA.3,0.182709183042887,0.35225681045079,0.0817699277020225,0.0657654714258488,0.0180375445428162,0.0496952440272278,0.0272925331748861,0.0451421678442185,0.254225222137264,0.0644298160954733,0.100370806613445,0.0245677416001196,0.0436361907478724,0.0449976956943804,0.0201297141484506,0
CACCACTGTCTTCTCG.3,0.10653812878507,0.0685189949403996,0.0333119795003203,0.0423643442511367,0.0188824804378972,0.0220892467856031,0.0518201624083977,0.0274340858176805,0.0822369288369763,0.0517302201130184,0.0562055577367709,0.0461530464389445,0.028098702039652,0.0251708618103017,0,0.0204179678116743
GTCATTTTCGCGCCAA.3,0.233778272154245,0.222508075350885,0.0901894390043013,0.0986822401916742,0.0306454575511554,0.0415424656315345,0.041370568429392,0.0721902464242633,0.174275582039181,0.0732556359449152,0.0815774549579025,0.0436644336294111,0.0699186991869919,0.0721002520027848,0.0585635359116022,0
TATTACCTCCATGCTC.3,0.11486837226548,0.156933367635709,0.060904182300723,0.127937052465354,0.0640608353844458,0.0366040841749344,0.0248762131115072,0.0186041702567637,0.143189548342869,0.0691156209024168,0.0405880556646163,0.0419360497982469,0.0646412779917273,0.0624417795122717,0.0727840499639683,0
CTCGGGAAGAAACCGC.1,0.189086639475961,0.142983734956979,0.0506543424544706,0.0765199161425577,0.0252231732853312,0.0315878453530275,0.0538165973460091,0.0623401688781665,0.185494502597094,0.0655014277061521,0.0460672686821097,0.032858785842847,0.0439785099605382,0.045350695704186,0.0592361277924574,0.015901993754504
TGCCCTACATGTCGAT.3,0.0640217525645779,0.186433410513678,0.127024800951771,0.123798633232596,0.0786231218544506,0.0385950082306358,0.0295187165775401,0.0145442012752025,0.221642892925884,0.065102069341924,0.0550887754656895,0.047705992813562,0.0569105691056911,0.0586862516301737,0.0748979101609416,0
CCCAGTTCAATGGACG.3,0.194561858855518,0.386702112454621,0.118536652329093,0.0667728497917177,0.038271922412843,0.0521644347555279,0.0427807486631016,0.038648974668275,0.2405212645345,0.0824475342948995,0.102848667277407,0.0263351115327386,0.0487804878048781,0.0503025013972917,0.035695411962527,0
TTGCCGTAGTGTCCAT.3,0.144221975033988,0.0941028499556928,0.03333485860712,0.0188270848648207,0.00997024356195584,0.0563464875205766,0.0177936224995049,0.0176667241082199,0.247758852532497,0.0745003028467595,0.0600532216551062,0.0411693231363019,0.0414871868016926,0.0427816400772678,0.0448714869084795,0
CATCAAGTCGTCGTTC.3,0.143962427388456,0.169225052168196,0.0892742747323144,0.178319583979961,0.0654862055031042,0.0421208346309561,0.0270865517924341,0.0256901602619335,0.205341840904896,0.0840316558063378,0.0623391353662261,0.0363545396066302,0.061522369609661,0.0634419462067207,0.047609896709104,0
CCACTACTCACAGTAC.3,0.126857001606724,0.0750650315867707,0.0548412189988103,0.0477960194941327,0.0225928511076007,0.0477043199715265,0.0333848286789463,0.0152059279682923,0.171223666517257,0.0857422407997817,0.0641713562797191,0.0420465104190356,0.0388151951694956,0.0400262788896189,0,0
CATATTCGTTACGTCA.3,0.108725744654554,0.0509961981533888,0.000388944815594399,0.0212774646736911,0.00983799272620403,0.0551118921564266,0.0469241433947316,0.0152886438049285,0.153887731695098,0.0587589273234337,0.0488941238057846,0.0616110356657852,0.0512813198307422,0.0528813625800379,0.0102330050444391,0.0235407158299303
CTCTACGTCGCGTTTC.3,0.143641082684464,0.1210302146757,0.0578612610963668,0.0599662392115222,0.0117188935013409,0.036871023713129,0.025565458506635,0.02722729622609,0.194208611279563,0.0643765683135762,0.0499323823234306,0.0459191298302155,0.0503874863310037,0.0519596403322122,0.0416526543358155,0
TTCTCCTGTTTAGGAA.3,0.154245457916203,0.136209015807678,0.0558021414843964,0.0340058264586567,0.0183828661695015,0.0606508875739645,0.0236086353733413,0.0358986731001206,0.18348406148654,0.0758914011488209,0.0543297125158138,0.0221765940442232,0.0364760138829458,0.0376141121559476,0,0
TACGGATGTATAGGTA.3,0.22153009516747,0.148529285653031,0.0665095634666423,0.0988047591821177,0.0327467763858785,0.0561129154246563,0.0297643097643098,0.0543098397380665,0.211557729322119,0.0829267643319733,0.0751123325917201,0.0400387261941118,0.0700518233252508,0.0722375297843758,0.080134518376171,0
GGCAATTAGGAATCGC.3,0.103608948214065,0.0216104965268845,0,0.0210596531351248,0.0162080746482495,0.0502958579881657,0.0120974450386215,0.0122557297949337,0.169325282780078,0.0636177874215427,0.0465907603716791,0.0433785355520757,0.0613226834022726,0.0632360295343342,0.0306509728561134,0
CTGATAGGTCTAACGT.3,0.222630082808058,0.38930337592545,0.141415759128764,0.0710610144572409,0.0284412769552919,0.0406971570939182,0.0368072885719945,0.0502429777701189,0.216540986632215,0.0785537902436752,0.0994110718492344,0.0338009499613388,0.0419245946845433,0.0432326956453527,0.078597165505645,0
GATCGATCAGATGAGC.3,0.0804350512915585,0.175713918188835,0.0700787041273909,0.14449072939639,0.0666176848756475,0.0551118921564266,0.0195840760546643,0.0100568671376874,0.262873414717747,0.0726765663167844,0.084378135497099,0.0491029947823601,0.0721437740693196,0.0743947520665209,0.032572663944271,0
TACTTACGTCGCCATG.3,0.139414163885799,0.137552525512392,0.0678823098746225,0.0807536279234393,0.0431872451416186,0.0494394269697913,0.0249158249158249,0.0238014819920731,0.21678487620956,0.0825007820767966,0.057243816254417,0.0848922359178953,0.0715066799790805,0.0737377798260494,0.0477059812635119,0.0251261109776603
AACTGGTAGAGCAATT.3,0.166209368434063,0.172455192522082,0.0885192642079253,0.0635601295978654,0.0291539620146211,0.0408973617475642,0.0339790057437116,0.0360503188006204,0.208565138291982,0.0631452133572061,0.0465209614797365,0.038297346995796,0.0575952075310227,0.0593922516497848,0.0616382416526543,0
CGTAGCGAGAGGTTGC.3,0.151303917933506,0.0915873424234628,0.0224672828772765,0.0386615480955104,0.0147973990668969,0.0495395292966143,0.0354604872251931,0.0368085473031191,0.207134758878899,0.0813559547660093,0.0876237839724294,0.0503960338139453,0.0549327247658441,0.0566466960179638,0.0422772039394667,0.0250300264232525
CTACCCATCCCAAGAT.3,0.137881596835991,0.114541348655061,0.0481147615997071,0.0438345721364589,0.0173909849013629,0.0591493526716199,0.0285601109130521,0.0292469412372911,0.235228201545073,0.0698078420670789,0.0732975614012128,0.035795738819111,0.045243189273998,0.046654834629301,0.0266154215709825,0
CAGATCAAGGAGTTTA.3,0.198084291187739,0.127147471629077,0.0366523290930722,0.0777723324893136,0.0208074648249513,0.0290741647016951,0.0337254901960784,0.0436739617439256,0.168428823793076,0.0791594837627545,0.0636653143131353,0.0186223611282578,0.0359244995958732,0.0334075287057647,0.00153735287052606,0
AACTCCCCAGACAGGT.3,0.096465208256087,0.0242689306234457,0.0102727189530521,0.0403359742982385,0.00895632048785864,0.0473928905102994,0.0112101406219053,0.00524556264001379,0.155779523822079,0.0570749662209384,0.0521746717270863,0.0384597890851911,0.0662672942518899,0.0683349185648588,0.050780687004564,0
CTCTACGAGTAGTGCG.3,0.12313681868743,0.0905868564731441,0.027569323693603,0.0729668654196956,0.0340986738180082,0.0407638919784669,0.03469201822143,0.0189901774943994,0.193542858649511,0.0691555567388396,0.0559263621690006,0.0274332200570497,0.0251889887319926,0.0259749173881921,0,0
AGCGTCGGTGTTTGGT.3,0.193140526510938,0.182717319841066,0.0569232177175803,0.0422418252606932,0.00556188237022887,0.0513191262179116,0.0155119825708061,0.0451077029122867,0.199679647744351,0.0693153000845309,0.0905640622955111,0.0366989168361479,0.0466219749916797,0.0438700567741682,0.0293057890944031,0
CGTCTACCAGTCGATT.3,0.144086021505376,0.12171626218449,0.0463073121625332,0.0941218111029432,0.0380221152786452,0.0333007073897762,0.0401267577738166,0.0259314147854558,0.210292140163999,0.0777950093516417,0.0516686297605026,0.049941195963639,0.0604193410355156,0.0623045017306806,0.0614941148210425,0
CATCAGATCTAGCACA.3,0.204029168211593,0.385358602749907,0.102132332753729,0.077785945710474,0.037669446383307,0.0516083107176225,0.0384868290750644,0.076298466310529,0.202612914282701,0.0570217184390413,0.0849627012171182,0.0249641002982437,0.0301240907145914,0.0310640008628889,0,0.180014412683161
CGCTATCTCAACCAAC.3,0.118452601656161,0.0989909384558214,0.0268600713828132,0.112976122410085,0.03971933433746,0.0443230858210615,0.0270152505446623,0.013496467344477,0.244232341076278,0.0636177874215427,0.0754875016359115,0.0344312252681919,0.0557790139304902,0.0575193904866497,0.0638001441268316,0.0929137641124189
TCTTTCCTCGTACCGG.3,0.124867136324311,0.216305062458909,0.0909902077422897,0.0462304990606877,0.0189853421990375,0.0290074298171464,0.0254307783719548,0.0202033430983974,0.201367099955177,0.0681105690191093,0.0439645770623391,0.0460945672867623,0.031636000570532,0.0326230842395301,0.0209464328609176,0
GGCTCGACACAGATTC.3,0.119948090470894,0.107566532315696,0.06319209298069,0.101391271202592,0.0475221336468168,0.0470258486452818,0.0360467419290949,0.0234361537135964,0.19715506103831,0.0711257246690318,0.0483182829472582,0.0413772490107277,0.0702705272666762,0.0724630575684183,0.0635599327408119,0
GCTGCAGCACTTCGAA.3,0.0956618464961068,0.185718777692022,0.103550837375309,0.123063519289934,0.0579699496712097,0.0427993059572007,0.026833036244801,0.0135240392900224,0.217944999604503,0.0674849075818185,0.055559917986302,0.0402076659670827,0.0566728474302287,0.0584411127344754,0.0756665865962047,0
AGAGCGAGTTCGTCTC.3,0.202373007044865,0.0766943944201469,0.0313443763155486,0.0179558387105557,0.00914734947283347,0.0449793121857899,0.0130322836205189,0.0192245390315354,0.217411079178422,0.0593845887607244,0.0619028922915849,0.0436059544772289,0.0498264631769125,0.0506260847396135,0.0378092721595004,0
GGGCACTTCCACGAAT.3,0.190866394759609,0.302832804505045,0.0941246453738446,0.0373138392006317,0.0271701994783439,0.0341126484851181,0.020273321449792,0.0278200930553162,0.241661613098848,0.0724302953255103,0.102255376695895,0.0440218062260804,0.0474682641563258,0.0489493346930371,0.00701417247177516,0
GACGTTAAGAAGCCCA.3,0.142850080336176,0.292170482805934,0.123524297611421,0.100846742356176,0.0502920539289519,0.0486386083552075,0.0307546048722519,0.0431018438738583,0.216125715189707,0.0702338243222556,0.0729049426340357,0.0288107289751204,0.0653354252840774,0.0673739740937215,0.0906077348066298,0.0461686283929858
AAAGCAACAGACTCGC.3,0.0934618712149302,0.179144155732784,0.0771941063420884,0.135506003430532,0.0582711876859777,0.0452462517239845,0.0253277876807289,0.011869722557298,0.223930181664777,0.0728962134171098,0.061649871308293,0.0358867063891723,0.0565111966909143,0.0582744182854005,0.0331011289935143,0.0392985827528225
CGATGGCCAGACGCTC.3,0.132492893338277,0.217648572163622,0.0984945547725817,0.127501429388222,0.0704823481870615,0.0427770609956845,0.0266825113883937,0.024132345338618,0.197234160360693,0.0772159397235109,0.0699733891724469,0.0498437307100019,0.0799885893595778,0.0824843356245649,0.0799423492673553,0.0632236368003843
CCATTCGCAAAGTGCG.3,0.193387714744778,0.367206929079839,0.0978768188889906,0.0680797190231152,0.040387935784872,0.0442452284557548,0.0278312537136067,0.0435361020161985,0.225116671500514,0.0610618938904826,0.096706364786459,0.0273357548034126,0.0445395331146294,0.045929223498034,0.028585154936344,0
CGAACATTCGGACAAG.1,0.201643801755036,0.0706057227796358,0.00526219456392422,0.0751585940265186,0.0204768377355718,0.0397962361525115,0.0257952069716776,0.0346165776322592,0.191387402114589,0.0795654980997198,0.0700606377873751,0.0358997017563239,0.0308182380069415,0.031779806438328,0.0034110016814797,0.0136440067259188
TTCTACAGTGTCGCTG.3,0.16316895315783,0.14038247148615,0.0571977669991763,0.0582373601241526,0.0294552000293891,0.0349913244650087,0.030342642107348,0.0323143201792176,0.241252933266538,0.0517035962220699,0.0674868036469921,0.0578553745589697,0.0467741168639757,0.048233529117598,0,0
CAGATCAGTTGCTCCT.3,0.157718452601656,0.0998199125289426,0.0347533632286996,0.062049062049062,0.0121303405459021,0.043144102860702,0.0334878193701723,0.0169429605376529,0.198427241806629,0.0754254830572214,0.0548881036513545,0.0431121305254677,0.0527456853515904,0.0543914181775394,0.00917607494595244,0.000720634158059092
CAAGATCAGACTACAA.1,0.099925843529848,0.22307978160821,0.0779262377596779,0.0913038743227422,0.0361265199662026,0.0312319259687681,0.0319667260843731,0.026992934688954,0.237825295963298,0.0752990195752158,0.0704445316930594,0.0207341082903945,0.0472590690819189,0.0487336124648226,0.0312274801825607,0
TGGCGCACATTCTTAC.3,0.127598566308244,0.156190149501186,0.0747689210213233,0.0977157014892864,0.0501891921678116,0.0537771944654536,0.0313408595761537,0.0218645528175082,0.235630289767184,0.073588434581772,0.0598263752562928,0.0391810319621055,0.04977891884182,0.0513320847592246,0.029401873648811,0
ACTGCTCTCGTTGCCT.3,0.125287356321839,0.0362747620272704,0.0261736981788231,0.0411391543467015,0.0270159068366335,0.0303532499888775,0.0137690631808279,0.0102705497156643,0.122129353758536,0.0740676646188457,0.0325699079527113,0.0748793055275794,0.0557790139304902,0.0575193904866497,0.029353831371607,0.00230602930578909
GGCGACTTCTCTAAGG.3,0.189902360647633,0.133922190778378,0.0690720234282054,0.0590677666149364,0.0219830278094119,0.0484606486630778,0.0367993662111309,0.0341754265035327,0.203403907506526,0.0696480987213876,0.097055359246172,0.037329192143001,0.0424095469024866,0.0437327789925772,0.0193610377131876,0
AGATCTGTCCGTCATC.3,0.190100111234705,0.085298573592888,0.0294225313443763,0.0527648452176754,0.0152602769920282,0.0530097432931441,0.0159318676965736,0.0246562123039807,0.233310042977298,0.0736084024999834,0.088435196091262,0.0282259374532979,0.0476869680977512,0.0491748624770795,0.0264712947393706,0
ATGAGGGGTTAGAACA.3,0.101965146459029,0.121344653117228,0.0704905280497849,0.0615998257507691,0.0204327541236545,0.0449459447435156,0.0404040404040404,0.0295778045838359,0.201142985208427,0.0568885989842986,0.0547397810059765,0.0282779189219043,0.0433128892692436,0.0446643067962307,0.0233965889983185,0.0122507806870046
CTTAACTAGCGGATCA.3,0.21554813990854,0.344624531915502,0.106891186968061,0.0691007106101446,0.0330774034752581,0.039540419095075,0.0366171519112696,0.0539720834051353,0.211696153136288,0.0798517049274166,0.082842559874362,0.0294929857505799,0.047049874007512,0.0485178902366081,0.0261349987989431,0
CGTCACTGTATTCGTG.3,0.182091212458287,0.168081639653546,0.084652695158781,0.0741784421029704,0.0329157635648947,0.0378942919428749,0.0338443256090315,0.0543511976563846,0.196693648324413,0.0657809785611118,0.0839767918684291,0.0336320101883678,0.032520325203252,0.0335350009315278,0,0.0371366802786452
GTTAAGCCATTATCTC.1,0.148226424422197,0.113226424263214,0.0361261096366798,0.0306161343897193,0.0110062084420117,0.0421319571117142,0.0269994058229352,0.0219265896949854,0.250560286866876,0.0674183478544472,0.0501156044147799,0.0340023781521887,0.0459468454333666,0.0473804457605679,0,0
ATCCGAAGTTGCGTTA.3,0.133728834507477,0.279821627647715,0.130616820719319,0.105624982983474,0.0506594173615958,0.0412310361703074,0.0350564468211527,0.0379803549887989,0.235089777730904,0.0918324558542608,0.0761331413863805,0.0213773789643992,0.0536109922502734,0.0552837237578812,0.0458323324525583,0
CACCACTAGTAATCCC.3,0.19216413298727,0.122316553754681,0.0560309325523932,0.0570393966620382,0.012012784247456,0.045502068781421,0.0231095266389384,0.0299431328623126,0.223277612255122,0.0841980551247662,0.077694891593596,0.0403181265878714,0.0621974991679741,0.0641381406705039,0.0582272399711746,0
CTCTGGTAGTTGTCGT.3,0.152181436163639,0.128348054769459,0.0638784661846802,0.117985787797109,0.0301605378200654,0.0424878764959737,0.0336145771439889,0.0303773910046528,0.189601075750784,0.0698477779035017,0.0655324346725996,0.0489860364779956,0.0593353301954072,0.0611866683662963,0.0393946673072304,0.0764352630314677
TCTTCGGTCTGAAAGA.3,0.120009887529354,0.285938884601092,0.121579573533449,0.115848512074927,0.0629293560119026,0.0514414735062508,0.0268251138839374,0.0262553851456143,0.261851715136974,0.0717047942971626,0.0749901845308206,0.0328392927921196,0.0512052488945942,0.0528029181334144,0.0638001441268316,0
TCGCGAGGTCACACGC.3,0.119935731059202,0.0822113598033331,0.0474741466093164,0.0588363418552098,0.0214687190037104,0.0223005739200071,0.0485086155674391,0.0318593830777184,0.135839902971498,0.0494272535459695,0.0556907909086943,0.0670106107172793,0.0537155897874768,0.0553915848719885,0.0224837857314437,0
TTAGGCAAGTGTCTCA.3,0.192559634161414,0.180716347940428,0.0804200604008419,0.0525878733425903,0.0312258917747327,0.0487832006050629,0.0337651020003961,0.0352093744614854,0.220377303767764,0.0860484155456899,0.0938795096627841,0.0384143053001605,0.0351637902343936,0.0362609454516929,0.0124429497958203,0
CAGGTGCAGCAGGTCA.3,0.196539364726239,0.16416545179087,0.0713828132149721,0.0304936153992758,0.011351530068697,0.0378831694621168,0.0385185185185185,0.0331621575047389,0.253144198064703,0.0900020633515485,0.0699123151419971,0.0366534330511173,0.0513573907668901,0.0529598070266613,0.0424213307710785,0
CGCTGGAGTAAATGAC.3,0.217636880484489,0.166566618071635,0.0658918275830512,0.0568215851234719,0.0208662429741743,0.0719179605819282,0.0183402653990889,0.0444115112872652,0.238840403933873,0.0881383909851505,0.0889063386118745,0.0272837733348061,0.0391765321161984,0.0403988900110803,0,0
AAACGGGTCCCTAACC.1,0.202064021752565,0.0873853014321242,0.0462615539489338,0.0954831332189823,0.0441423900664928,0.0154157583307381,0.0544899980194098,0.0338445631569878,0.10130645714135,0.0741874721281142,0.0470880774767701,0.0365754608482076,0.0202729044834308,0.0209054450251513,0.0184962767235167,0
TAAACCGCAGGCTGAA.3,0.102298850574713,0.0598576451419261,0.0232680516152649,0.055256064690027,0.0175967084236435,0.024235885571918,0.0202812438106556,0.0124831983456833,0.168949560998761,0.0767699895501228,0.0525236661867993,0.0622283156054866,0.0520895735273142,0.0537148348254121,0,0
AAAGCAAAGGTACTCT.3,0.159201582004697,0.259268787696881,0.0960236112382173,0.0686106346483705,0.0287131258954484,0.0548338301374739,0.0269994058229352,0.038138893675685,0.251773143143407,0.0694417635665364,0.0808794660384766,0.037530620333851,0.0607901868492369,0.06268691840797,0.0892145087677156,0
CCCAATCCACCTGGTG.3,0.0979483376591274,0.181459566074951,0.106021780909673,0.155136268343816,0.0682634730538922,0.0304422298349424,0.0285918003565062,0.0201826641392383,0.201406649616368,0.0650687894782383,0.0674257296165423,0.0419945289504292,0.0592022060571483,0.0610493905847053,0.0800864760989671,0
GCCTCTAGTACGCACC.3,0.170337411939192,0.218077351856616,0.0957719410634209,0.0604971548367775,0.0263473053892216,0.0430773679761534,0.0440483264012676,0.0412407375495433,0.214807393149999,0.0682303765283777,0.0835143742093094,0.0254124404649742,0.0450910474017021,0.046497945736054,0,0
CATGCCTCACGGTGTC.3,0.112730194042764,0.0344453020038304,0.00880845611787316,0.0658607639739715,0.0271334631350795,0.0297637585086978,0.0327431174489998,0.0110149922453903,0.177736177393414,0.0687362304564001,0.0585874449243118,0.0550223845199187,0.055237008510436,0.0569604738044576,0.0106173432620706,0
CAGATCATCCACTGGG.3,0.127610925719936,0.162050138638767,0.0764390958176993,0.0646219608483759,0.0338782557584218,0.0521533122747698,0.0246147752030105,0.0296467344476995,0.2008134046985,0.067604715091087,0.0848841774636828,0.0444376579749319,0.0601245661579423,0.0620005295000147,0.0629834254143646,0.0729762190727841
CATCAAGGTTACGTCA.3,0.104894327030033,0.0423634336677815,0.0174567584881486,0.0605924473849002,0.0181844899158738,0.0496729990657116,0.0205189146365617,0.0124831983456833,0.153986605848077,0.0772824994508823,0.069868690834533,0.069655167932632,0.0583939523605762,0.0602159183393311,0.0503002642325246,0
TGCGCAGTCCTCCTAG.1,0.0773946360153257,0.198467827230369,0.0699871877001922,0.146205995262599,0.0630983431909188,0.0532544378698225,0.0291859774212715,0.012007582285025,0.247126057953437,0.0536804201249992,0.0629586005322166,0.0367768890390576,0.0576998050682261,0.059500112763892,0.0739370646168628,0.0371366802786452
ACTTACTAGTGTTGAA.3,0.221258188110246,0.297544521624789,0.0938729751990482,0.107966457023061,0.0400426141581867,0.0290074298171464,0.0590849673202614,0.0606169222815785,0.161296701558257,0.0583196331227827,0.0659512280242551,0.029122617786759,0.0391194789140874,0.0403400566761127,0.0240211386019697,0.0192649531587797
GGGACCTGTAAACCTC.3,0.118007662835249,0.041848898036189,0.00853390683627711,0.0475373682920853,0.0224606002718489,0.0241024158028207,0.0257555951673599,0.0213337928657591,0.152839665673531,0.0587855512143822,0.0339048117611133,0.0563933957544136,0.0509485094850948,0.0525381681260602,0.0126351189046361,0
GCAAACTTCTTGTTTG.3,0.17834631071561,0.227281822599548,0.0899606479363046,0.0648397723869422,0.0349803460563535,0.0517195355252035,0.0333372945137651,0.041840427365156,0.208235557782055,0.0770561963778196,0.0728351437420931,0.052943125775661,0.0615699139447535,0.0634909739858604,0.0370405957242373,0
CAGAGAGAGCGATGAC.3,0.210147076999135,0.10456507446474,0.058959458222751,0.0454953851180266,0.00961022739796481,0.0448458424166926,0.0222222222222222,0.0451835257625366,0.178184406886914,0.0683834639013319,0.0876586834184007,0.0360881345800222,0.0537536252555508,0.0554308070953002,0.0183041076147009,0
GACTACAGTCCATGAT.3,0.196873068841923,0.250350170082612,0.0856136176443672,0.0767105012388031,0.0161713383049851,0.0456577835120345,0.029605862547039,0.0427503015681544,0.242973343528357,0.0820082400942486,0.0893687562709942,0.0456527248036075,0.0485998193315266,0.0492042791445633,0.0405476819601249,0
TGCCCTAGTGCAGTAG.3,0.129971573353108,0.130463367921562,0.0586162716207559,0.0264913283781208,0.00746482495132434,0.0413200160163723,0.0315626856803327,0.0239738066517319,0.261812165475782,0.0734686270725035,0.0791606683243904,0.0223195430828909,0.0652023011458185,0.0672366963121305,0.0489070381936104,0
ACGGAGAAGAGCTGCA.3,0.0896428130021011,0.0967326987393877,0.078818522924865,0.0812437038852133,0.0237022886741854,0.0581260844418739,0.0241711229946524,0.0117594347751163,0.221471511060722,0.0684500236287032,0.0437988046939755,0.03756310875173,0.0594684543336661,0.0613239461478874,0.0374729762190728,0
TTGTAGGGTCCAAGTT.3,0.28698553948832,0.167481348083355,0.0660062231170495,0.0556100084401971,0.0145035083207818,0.038828580326556,0.0287819370172311,0.0706393244873341,0.217997732486092,0.0846373493254172,0.0932338699123151,0.0451718962189979,0.0516331479104265,0.0532441681456713,0.0498678837376892,4.80422772039395e-05
GTGTGCGGTGGAAAGA.3,0.165257693733778,0.188948918045908,0.0601949299899332,0.0497154836777478,0.0190955512288307,0.0323108066023046,0.0321251733016439,0.035278304325349,0.235076594510507,0.0766235581499058,0.065113641320944,0.0463544746297945,0.0520039937241478,0.0513418903150525,0.0231563776122988,0
TTTGCGCCACAGCGTC.3,0.190532690643925,0.0282994597375868,0.00555962295231994,0.0222167769337581,0.00761911759303479,0.0276616096454153,0.0174688057040998,0.0162467689126314,0.165508740475123,0.0873063943930086,0.0593116084282162,0.0497462654563648,0.0603242523653307,0.0622064461724013,0.038097525822724,0.0652414124429498
GGACGTCGTGCGCTTG.3,0.100964034111976,0.0463082068433239,0.0148256612061865,0.0279343298211223,0.015333749678557,0.0421875695155047,0.0232442067736185,0.0119248664483888,0.124726448176761,0.067558123281927,0.0473410984600619,0.0538917875777285,0.0568440070365616,0.0586176127393781,0.0219553206822003,0.0291616622627913
ATCTACTTCGTAGGTT.3,0.0826350265727351,0.128834005088186,0.0597373478539398,0.0818699120585913,0.0425847691120826,0.0215331227476976,0.0261517132105367,0.0151852490091332,0.173438447543966,0.0619404822917845,0.0726693713737294,0.0391940273292571,0.0600199686207388,0.0618926683859075,0.0175834734566418,0
GTCACGGTCGCCTGAG.3,0.0879001359535286,0.0800674613383643,0.0620252585339068,0.0496610307931063,0.027831453657103,0.0629977310139253,0.041267577738166,0.0186386351886955,0.183767500725077,0.0647892386232786,0.0728787680495572,0.0299153351830073,0.0385109114249037,0.039712501103125,0,0.01743934662503
CATCGAAAGTTAAGTG.3,0.131022123346929,0.269559500328731,0.137297519904823,0.0980015791336546,0.0492781308548547,0.0534546425234684,0.0251138839374133,0.0276822333275892,0.249472671184117,0.0752258038751073,0.078733150111242,0.022917329971865,0.0660676080445015,0.0681290018924723,0.0776363199615662,0
GATCGATTCCCTAATT.3,0.0991842788283278,0.0262699025240831,0.019927702022513,0.089207438264042,0.0310715991330223,0.0686257062775281,0.0147039017627253,0.0045562640013786,0.148436470060906,0.073588434581772,0.0563626052436418,0.0575694764816343,0.0639661484334142,0.0659619740544993,0.0164785010809512,0
TGCGTGGCATACGCTA.3,0.204301075268817,0.117342709315953,0.0370183948018669,0.057243594979444,0.0190588148855663,0.0441228811674156,0.0238304614775203,0.05970704807858,0.217325388245841,0.0680373533190008,0.0782009335601797,0.0354968453746239,0.0562639661484334,0.0580194738338743,0.0241652654335816,0
CGTGTCTCAGTAAGCG.3,0.171523915461624,0.121830603435955,0.0744028553125286,0.122505377222358,0.045942470886448,0.0503737153534724,0.0341929094870271,0.0358435292090298,0.1773472723917,0.0766035902316944,0.0886969419360468,0.0490770040480569,0.0505396282032996,0.0521165292254591,0.000480422772039395,0.0652414124429498
TCTCTAATCAGGCCCA.3,0.208688666419478,0.277106022925421,0.0808090052164363,0.0558958860845653,0.0280077881047721,0.0483939137785292,0.0370528817587641,0.0582043770463553,0.238299891897593,0.074427087146651,0.0986520088993587,0.0383493284644024,0.0398706794085485,0.0411146955865193,0.0152774441508527,0
GGAGCAAAGCTCTCGG.3,0.124335681621555,0.0355315438927479,0.00912876361306855,0.0396825396825397,0.0230263399581206,0.0395737865373493,0.0201386413151119,0.0142271239014303,0.197893321380547,0.0676379949547727,0.0884526458142477,0.0548079609619171,0.0642038701088765,0.0662071129501976,0.0181119385058852,0
TGCCAAACACTTCGAA.3,0.192745025336794,0.184146585484378,0.0934382721698545,0.0343733834299872,0.0255317585687521,0.0467811540686035,0.0345256486432957,0.0556746510425642,0.197794447227569,0.0822411991400483,0.0872137154822667,0.0513122071981339,0.0450530119336281,0.0464587235127423,0.0164304588037473,0
GAGTCCGTCACTCCTG.3,0.155110616734643,0.0378469542349141,0.00583417223391599,0.0389338125187182,0.0203298923625142,0.0403746051519331,0.0148861160625867,0.0105600551438911,0.137573496453714,0.0675980591183498,0.056004885922436,0.0615200680957239,0.0749013455046831,0.0772383632566212,0.0550564496757146,0
AAGCCGCAGGACGAAA.3,0.122840192806822,0.213074922105022,0.113480369726366,0.0837076969152441,0.0485213621836082,0.0456355385505183,0.0306120023767083,0.0216508702395313,0.25943259419411,0.0890369473046638,0.0708720499062077,0.063917713335196,0.073379926781724,0.0756694743241521,0.0663463848186404,0
TGCGCAGTCAACACAC.3,0.170646397231492,0.164422719606666,0.086666056557152,0.044079610117346,0.0311891554314684,0.0398073586332696,0.0435650623885918,0.033810098225056,0.191987238642656,0.0649423259962327,0.0544780351611918,0.0489080642750859,0.0372557409784624,0.038418167733838,0,0.0725438385779486
ACCCACTCATTGGTAC.3,0.211247064639723,0.139038961781437,0.0381394710350508,0.059680361567154,0.0122625913816539,0.0500289184499711,0.0311507229154288,0.0507461657763226,0.213502254330688,0.0752191479023702,0.0822667190158356,0.0440737876946868,0.0514049351019826,0.053008834805801,0.0288253663223637,0
TTAACTCAGTCGTACT.3,0.233086145099493,0.195352028127948,0.0589137000091516,0.0797190231152495,0.0141802285000551,0.0435778796102683,0.0382333135274312,0.0744304669998277,0.209738444907322,0.0836922011967439,0.092151987087205,0.0360556461621432,0.0413350449293967,0.0426247511840209,0.0179678116742734,0.0846985347105453
GTACGTAAGCATGGCA.3,0.0948708441478186,0.0467941571620501,0.0161984076141667,0.0494840589180212,0.00953675471143602,0.0330893802553722,0.026318082788671,0.0016612097191108,0.184921032509822,0.0511511504848876,0.0292544605854382,0.060980760358932,0.0377311843293872,0.0389084455252346,0,0.00917607494595244
CACCACTCAATAGCAA.3,0.128550241008528,0.169768173112655,0.088610780635124,0.124465681069455,0.0544065243745638,0.0336677492547938,0.0324024559318677,0.01437876960193,0.21223007356237,0.068636390865343,0.0646337739388387,0.0397788188510796,0.0722293538724861,0.0744830020689723,0.0829690127312035,0
AGCATACCAACAACCT.3,0.155110616734643,0.168939199039533,0.115699643085934,0.0976476353834844,0.0428492707835862,0.0416314454775993,0.0331946920182214,0.0303015681544029,0.196423392306273,0.0729161813353213,0.0854600183222091,0.0317866680528392,0.0501402557885228,0.051704695880686,0.0732644727360077,0
AAGGAGCCAGCCACCA.1,0.123334569274503,0.152988594460166,0.0469250480461243,0.0860491709548313,0.0405201866206238,0.0313209058148329,0.0267142008318479,0.0228640358435292,0.272424657895431,0.0739478571095773,0.0775814683941892,0.040766466754602,0.0535539390481624,0.0552248904229136,0.0645688205620946,0.00749459524381456
CCCATACAGCCACGCT.3,0.14238042269188,0.278249435440071,0.151779994509014,0.0652209425794331,0.0314022262224018,0.0459358455309872,0.0295266389384036,0.0364845769429605,0.223778574630211,0.05288835936928,0.0473585481830476,0.0465169167191896,0.0445585508486664,0.0459488346096898,0.0171030506846024,0.0783089118424213
CGGACTGCATCTATGG.3,0.20536398467433,0.083697796072378,0.00501052438912785,0.0221487108279561,0.00127842474560082,0.0349913244650087,0.0129372152901565,0.0468654144408065,0.180478287236006,0.0591516297149247,0.0733586354316625,0.0256918408587339,0.0479246897732135,0.0472529735348048,0.0149411482104252,0
GTTAAGCCAGGGTATG.3,0.141688295637128,0.0932738758825715,0.0477258167841128,0.0621579678183452,0.0148708717534257,0.0352137740801708,0.0272925331748861,0.0351886955023264,0.195744456455823,0.0583662249319427,0.0578196571129433,0.0285313285813607,0.0582513193552988,0.0600688350019121,0.027768436223877,0
TGCGGGTGTTGCGTTA.3,0.142083796811272,0.225681045079038,0.098471675665782,0.082033270712516,0.0342162301164542,0.0509187169106197,0.0330283224400871,0.0253592969153886,0.229921955335249,0.0788932448532691,0.072442524974916,0.0337424708091565,0.0516521656444635,0.0532637792573272,0.0468892625510449,0.0721595003603171
TTGAACGTCCCAAGAT.3,0.108787541713014,0.0424491896063802,0.0271574997712089,0.0380489531432928,0.0257889129716028,0.0614294612270321,0.0241473559120618,0.0123177666724108,0.127646531494714,0.0526953361599031,0.0702089604327531,0.056945698858357,0.0704987400751201,0.0726983909082886,0,0.0167667547441749
AGAGTGGCACTTGGAT.3,0.12806822395254,0.229225623874453,0.0877413745767365,0.103896103896104,0.0466257668711656,0.0580148596342928,0.0352941176470588,0.0191900740996037,0.225650591926596,0.0703136959951012,0.0802774505954718,0.0527871813698417,0.0450625208006466,0.0464685290685703,0.0323324525582513,0.073024261349988
TAAGCGTGTATGAAAC.3,0.0623161537510814,0.0366463710945316,0,0.0308203327071252,0.0138496014106756,0.0606731325354807,0.0254862348979996,0.0107944166810271,0.187083080654942,0.0538800993071132,0.0606465122366182,0.0195450321960221,0.0536014833832549,0.0552739182020533,0.0291616622627913,0.00840739851068941
GTCACGGAGGAGTTGC.3,0.124014336917563,0.061687105165366,0.0369268783746683,0.0466116692531787,0.0133059035303626,0.0359256128486898,0.0221033868092692,0.0277166982595209,0.199198460199858,0.0733221956722865,0.0662391484535183,0.0536448756018479,0.0567869538344506,0.0585587794044105,0.0432860917607495,0
GTAACTGTCACGCGGT.3,0.123680632801879,0.211445559271646,0.0859110460327629,0.0885676168695037,0.054935527717571,0.0489166703741603,0.0306278470984353,0.0250353265552301,0.25640704511298,0.0832662189415672,0.0865419011473193,0.0530210979785706,0.0504160129320591,0.051989056999696,0.0466010088878213,0
GTATCTTTCAGATAAG.3,0.111222345816339,0.0391047080010291,0.0174796375949483,0.0597892673364371,0.0273979648065832,0.0409084842283223,0.0201940978411567,0.0160606582801999,0.143894850634113,0.0693618918936908,0.0606726868210967,0.0661074327002424,0.0640136927685066,0.0660110018336389,0,0.0144607254383858
GGATGTTAGAAGGTTT.3,0.0579038437770362,0.167195494954692,0.0926146243250664,0.164325192627079,0.0924359869218618,0.0506962672954576,0.0371637948108536,0.00496295019817336,0.175429113823925,0.0604628563441404,0.0494874143872966,0.058713068790976,0.0773261065943993,0.0797387799927439,0.0392505404756185,0
GGAAAGCGTAGCGCAA.3,0.0838462489185515,0.241860332161336,0.110460327628809,0.118326118326118,0.0659343888909298,0.033478667081906,0.0303188750247574,0.0196450112011029,0.231800564241833,0.0644431280409475,0.0520263490817083,0.0462570093761574,0.0518898873199258,0.0535089181530255,0.0362238770117704,0.0321402834494355
CCACGGATCTGGCGAC.3,0.233852428624397,0.322528085069891,0.110254415667612,0.0557597538729614,0.015818669409647,0.0421653245539885,0.0362289562289562,0.0670756505255902,0.215637936035015,0.0717979779154825,0.0946734720586311,0.0326378646012696,0.0392240764512908,0.0404479177902199,0.00172952197934182,0
TCAACGAAGATGTCGG.3,0.155592633790632,0.155561272618129,0.073121625331747,0.10548885077187,0.0467947540501818,0.0374716376740668,0.0309209744503862,0.0252145442012752,0.212348722545944,0.0650355096145526,0.0540592418095363,0.0501946056230954,0.0557124518613607,0.0574507515958542,0.112178717271199,0
CATTCGCCACCATGTA.1,0.120207638116426,0.174656261612783,0.0933925139562551,0.0744234800838574,0.0315638661327651,0.0383503136539574,0.019742523271935,0.0392073065655695,0.24083766182403,0.0494205975732323,0.04897264755922,0.0427092741437677,0.0465934483906243,0.0480472235568673,0.0528945472015373,0
CCTACACTCTATGTGG.3,0.206810035842294,0.195752222508075,0.064930905097465,0.0720275531596286,0.0240623048381764,0.0532655603505806,0.0415527827292533,0.0484508013096674,0.223989506156564,0.0668725580900021,0.0735069580770405,0.0391160551263475,0.0419245946845433,0.0432326956453527,0.0146048522699976,0
CAGCCGATCCGAACGC.3,0.191682115931282,0.291541605922877,0.0775372929440835,0.0545209507473658,0.0275375629109878,0.0504070827957468,0.0340344622697564,0.0410753058762709,0.263829198196535,0.0800913199459535,0.102743968939493,0.0322025198016907,0.0426757951790044,0.0440073345557593,0.0204179678116743,0
GGCTCGAAGGTGACCA.3,0.131874922753677,0.225509533201841,0.106868307861261,0.106741267118626,0.0423496565151905,0.0544667882724563,0.0286393345216875,0.0298604170256764,0.236757455111135,0.081588913811809,0.090764734109846,0.0412148069213325,0.0692055341606048,0.0713648353156899,0.0550084073985107,0.0178236848426615
CGATCGGCATTAGGCT.3,0.106006674082314,0.043564016808164,0.0206598334401025,0.0633287048381388,0.0217111788692554,0.033478667081906,0.018150128738364,0.0149784594175427,0.118273261792391,0.0581598897770915,0.0816647035728308,0.0499996751158212,0.0664289449912043,0.0685016130139337,0.0610136920490031,0.00408359356233485
CGCTTCATCAGAAATG.3,0.151526387343962,0.145584998427808,0.0728241969433513,0.10690462577255,0.0419088203960178,0.0351359167148641,0.0359041394335512,0.0405996898156126,0.227160070662061,0.0719843451521223,0.0450900841949134,0.0452823568397866,0.0453763134122569,0.046792112410892,0.0318520297862119,0
CCTAGCTAGTCAAGCG.1,0.174638487208009,0.137895549266787,0.0477715749977121,0.0582101336818318,0.0117041989640351,0.0372158206166303,0.0298752228163993,0.0287782181630191,0.236783821551929,0.0603363928621348,0.0574706626532304,0.0390705713413168,0.0527742119526458,0.0544208348450232,0.053182800864761,0
CGAATGTGTCCAACTA.3,0.127858113953776,0.251607923848727,0.0817928068088222,0.0987911459609573,0.0480144006465596,0.0510410641989589,0.047858981976629,0.0388419782870929,0.221102380889604,0.0820747998216199,0.0663176722069537,0.0400192331433844,0.0564826700898588,0.0582450016179167,0.0402113860196973,0.0337737208743694
ACATGGTAGTGTACTC.3,0.122605363984674,0.203956207300689,0.0866889356639517,0.086280595714558,0.0452297858271188,0.0487053432397562,0.0320459496930085,0.0327623642943305,0.231503941782899,0.0778549131062759,0.0894734546089081,0.0284403610112995,0.0476774592307327,0.0491650569212516,0.038866202257987,0.0783569541196253
AGAATAGAGTGGGTTG.3,0.131145717463849,0.178915473229854,0.086460144595955,0.097457050287239,0.0560155762095441,0.0411643012857588,0.0249554367201426,0.0282888161295881,0.236164210193266,0.0877323766481852,0.0689438555162937,0.0476345182942281,0.0725336376170779,0.0747967798554661,0.0654816238289695,0
GGAGCAAAGCTTTGGT.3,0.135273760968978,0.139667838664494,0.0425551386473872,0.0552969043535081,0.0244370155394732,0.046225030030698,0.0238542285601109,0.0386834396002068,0.227581933714768,0.0670323014356933,0.0611089298957379,0.0421179849383695,0.0425046355726715,0.0438308345508565,0.00350708623588758,0
GCTTGAACAAGCCGTC.3,0.123631195155111,0.248749392562102,0.0948567767914341,0.106360096926135,0.0543110098820763,0.0437113493793656,0.0303980986333927,0.0217198001033948,0.248470746433939,0.0678110502459382,0.0674693539240065,0.0373421875101526,0.0558455759996196,0.0575880293774453,0.0594282969012731,0.0382896949315398
TACAGTGAGCGGCTTC.3,0.219317760474601,0.124517622845382,0.0331060675391233,0.0226796264532114,0.00871386062231365,0.0366596965787249,0.0177777777777778,0.045093916939514,0.222308645555936,0.0713520277420944,0.0839593421454434,0.0263675999506176,0.0323206389958636,0.0333290842591412,0.0201297141484506,0
CTAATGGAGAACAACT.3,0.156173526140156,0.229911671383243,0.0985631920929807,0.0981513245664189,0.0414165533962749,0.0389064376918628,0.0299702911467617,0.0435085300706531,0.223481952171276,0.0711656605054546,0.0719015835623609,0.0404025964743569,0.0516521656444635,0.0532637792573272,0.0326207062214749,0.0288734085995676
ACACCGGTCGAGAGCA.3,0.169286861945371,0.229797330131778,0.103985540404503,0.0988728252879196,0.037008192204548,0.0430773679761534,0.0324975242622301,0.0331897294502843,0.237495715453371,0.0739012653004173,0.0676264014308773,0.0425988135229791,0.0460609518375885,0.0474981124305031,0.0573144367042998,0.023828969493154
TGGACGCAGAGCCTAG.3,0.155592633790632,0.0349026670096904,0,0.0304119360723134,0.00462877925131332,0.0461249277038751,0.00627450980392157,0.0138549026365673,0.119512484509716,0.0653816201968837,0.0556471666012302,0.0643205697168959,0.0707079351495269,0.070629418628595,0.0149411482104252,0.0134518376171031
CATGACACACGGCGTT.3,0.106402175256458,0.0709487465340308,0,0.0423915706934575,0.0256346203298924,0.043956043956044,0.0189740542681719,0.0157573668792004,0.122979671474148,0.0467781763965895,0.0599485233171923,0.0473291271661653,0.0590310464508154,0.0608728905798025,0.0246456882056209,0
AGCTCTCAGTACATGA.3,0.207860585836114,0.282337135179945,0.104809188249291,0.0465980560320183,0.0212042173322068,0.0384726609422966,0.0327035056446821,0.0623401688781665,0.208472855749202,0.0588521109417536,0.113397024822231,0.0362505766694174,0.0468977321352161,0.0483610013433611,0.015901993754504,0
CTAGAGTCAACACCTA.3,0.159535286120381,0.216190721207444,0.112908392056374,0.0883498053309374,0.0354064876382205,0.0424878764959737,0.0425113883937413,0.0293365500603136,0.225940622775332,0.0629588461205663,0.0673646555860926,0.0536188848675447,0.0526696144154424,0.0543129737309159,0.0392024981984146,0.126159019937545
CGTCAGGCAGGAATGC.3,0.133185020393029,0.229139867935855,0.0714056923217718,0.0710882408995617,0.030608721207891,0.0499288161231481,0.0311824123588829,0.0274547647768396,0.282147282938276,0.0801379117551135,0.0968110631243729,0.0242103690034503,0.0395283601958827,0.0407616955767138,0.0227720393946673,0.0471775162142686
GGGAATGTCTGGCGAC.5,0.127165986899024,0.0441928936912215,0,0.0185003675569713,0.0109621248300944,0.050429327757263,0.020376312141018,0.00463897983801482,0.182864450127877,0.0505188330748597,0.0452820311477555,0.0409484018947245,0.0439499833594827,0.0423011678416991,0,0
TTAACTCTCGAACGGA.3,0.216598689902361,0.31804019094989,0.107966504987645,0.0575703122872934,0.041534109694721,0.0409084842283223,0.0290988314517726,0.0644632086851629,0.233692356368814,0.0688959738020913,0.0787244252497492,0.025120044704063,0.0520325203252033,0.0536560014904445,0.0660100888782128,0
GCGCAACCAGTAACGG.2,0.110863922877271,0.0917302689877941,0.0405188981422165,0.05605924473849,0.026744057896477,0.0345575477154424,0.0317211328976035,0.0196105462691711,0.0811756795950115,0.0645496236047417,0.0393404004711425,0.0322090174852665,0.0495792326344316,0.051126168086838,0,0
TACCTATGTAGCCTAT.3,0.19129897416883,0.0455935740216677,0.0072984350690949,0.0284924718886983,0.00551045148965872,0.0623859945722294,0.0222935234699941,0.0262140272272962,0.165640572679094,0.080310967046279,0.074274745888409,0.0478294488015023,0.035306423239671,0.0364080287891119,0.0226279125630555,0
CTTAGGACATTACCTT.3,0.255691509084168,0.176457136323357,0.0361489887434795,0.034019439679817,0.00895632048785864,0.0503069804689238,0.0312141018023371,0.0706462174737205,0.244304848788462,0.0867938844922491,0.0932338699123151,0.0339763874178855,0.0704797223410831,0.0726787797966328,0.0428056689887101,0.0104251741532549
GACCAATAGATATGGT.3,0.141539982696824,0.0930451933796415,0.060904182300723,0.0515941081978818,0.0204180595863488,0.040986341593629,0.0351356704297881,0.0486438049284853,0.188216837609091,0.0799648564639479,0.0631243729005802,0.047238159596104,0.0435601198117244,0.0445956679054352,0.043670429978381,0.0400672591880855
TTCTCCTGTCGCGGTT.3,0.131516499814609,0.125175085041306,0.107897867667246,0.0723270440251572,0.0402703794864259,0.0228789429194287,0.0329728659140424,0.0138066517318628,0.19057004244997,0.0668392782263164,0.0459625703441958,0.046536409769917,0.0476108971616032,0.0490964180304561,0.032524621667067,0
CATGACACAAAGAATC.3,0.113743665801508,0.0511962953434525,0.013544431225405,0.0694138146968336,0.0232614525550127,0.0423988966499088,0.0176114081996435,0.00661726693089781,0.146142589711815,0.0358756930531613,0.0550713257427038,0.0359841716428093,0.0755954927970332,0.0779541688320602,0,0
CAGGTGCGTACAGTTC.3,0.193165245334322,0.129177028842581,0.0526448247460419,0.0654115276756786,0.0217626097498255,0.0371045958090492,0.0367280649633591,0.0482026537997587,0.22274369182904,0.0786070380255722,0.0787505998342276,0.0479659001565942,0.0555032567869538,0.0572350293676397,0.050012010569301,0.143502282008167
GACGTGCCAATGAATG.3,0.167000370782351,0.21484721150273,0.0813809828864281,0.101091780337063,0.0339737702509092,0.0365151043288695,0.0439057239057239,0.0565845252455626,0.210087800247845,0.0851232353352281,0.0676787505998342,0.0396293721288361,0.0431702562639662,0.0445172234588118,0.00369925534470334,0.0592841700696613
GCTGCAGAGCAGCGTA.3,0.17933506365097,0.207214932967441,0.105953143589274,0.0809986659043263,0.0480070533779068,0.0390176624994439,0.0302951079421668,0.0460865069791487,0.193378068394547,0.0723038318435048,0.0885137198446975,0.0571861131506618,0.0515380592402415,0.053146112587392,0.0391064136440067,0.0747057410521259
GCGGGTTTCCGGCACA.3,0.0990606847114077,0.168338907469342,0.063123455660291,0.124016444771162,0.064655964145329,0.0469702362414913,0.0312378688849277,0.00993279338273307,0.214767843488807,0.0738147376548346,0.0756096496968111,0.0718643803484058,0.0783530642323967,0.0788758910798859,0.0451597405717031,0.0450636560172952
ACTTGTTTCAGCACAT.3,0.0879866518353726,0.188434382414316,0.0929349318202617,0.0825369598954505,0.0419675985452408,0.0520532099479468,0.0326005149534561,0.0223263829053938,0.205420940227279,0.0538068836070047,0.0641277319722549,0.0507858948284936,0.0599724242856464,0.0618436406067678,0.0985827528224838,0.050780687004564
AACTCCCGTACCAGTT.3,0.17162279075516,0.084841208587028,0.0132698819438089,0.0386207084320292,0.0122699386503067,0.0582484317302131,0.0257318280847693,0.0279510597966569,0.227496242782187,0.0695149792666449,0.0574968372377089,0.0364650002274189,0.0430941853278182,0.0444387790121883,0.0252702378092722,0
GCTGCTTCAGTACACT.3,0.191991101223582,0.174313237858388,0.108561361764437,0.0818154591739497,0.0304176922229161,0.0371935756551141,0.0409823727470786,0.0444115112872652,0.175778469164448,0.0783940468979839,0.0647733717227239,0.0452888545233624,0.0574050301906528,0.0591961405332261,0.0418928657218352,0
GACAGAGTCACCCTCA.3,0.140032134470399,0.184118000171512,0.07083371465178,0.143388058482398,0.0525990962859557,0.0407638919784669,0.0246781540899188,0.0353679131483715,0.22238115326812,0.06878282226556,0.0741089735200454,0.0546260258217945,0.0624922740455475,0.0644421129011698,0.0823925054047562,0
TTTATGCGTATCAGTC.3,0.183599060684711,0.227596261041077,0.100210487782557,0.0737836586893191,0.03374600492267,0.0456800284735507,0.0350485244602892,0.0325624676891263,0.236533340364384,0.0935164169567562,0.0999869127077608,0.0391030597591958,0.0595635430038511,0.0614220017061667,0.0534710545279846,0.00850348306509729
GGTATTGTCGTACGGC.3,0.177950809541466,0.266986822170769,0.110025624599616,0.095959595959596,0.0358987546379633,0.0446345152822886,0.038201624083977,0.0484990522143719,0.1908864397395,0.0751925240114217,0.0675217030929634,0.0463479769462187,0.0536680454523843,0.0553425570928488,0.0242613499879894,0.0913764112418929
GTTTCTAGTCTCATCC.3,0.137065875664318,0.019838207129177,0,0.0412344468948243,0.0111972374269865,0.0415647105930507,0.0249554367201426,0.0124418404273652,0.169562580747225,0.0460792992591902,0.0337564891157353,0.0472186665453766,0.0589264489136119,0.0607650294656953,0.0300744655296661,0
TTAACTCCATCCCACT.3,0.173711531331109,0.0819255066746706,0.0581358103779628,0.138446459201176,0.0648176040556923,0.0368154113093384,0.0281243810655575,0.032321213165604,0.12784427980067,0.075112652338576,0.0955721327923919,0.0514681516039532,0.0610183996576808,0.0629222517478403,0.0390583713668028,0.0609656497717992
ACCGTAATCTTGTTTG.3,0.202793227042393,0.254752308264014,0.0852475519355724,0.0619946091644205,0.0219315969288417,0.0500734083730035,0.0295345612992672,0.0483267275547131,0.223547868273262,0.0856756810724103,0.0957117305762771,0.0345481835725564,0.0585841297009461,0.0604120294558897,0.0504924333413404,0
GGGCATCAGATGCGAC.3,0.204066246446669,0.189120429923106,0.0680195845154205,0.0659288300797735,0.025414202270306,0.0468590114339102,0.031079421667657,0.0659038428399104,0.19747145832784,0.0789198687442176,0.0851808227544388,0.0410783555662406,0.0505871725383921,0.0521655570045988,0.0322363680038434,0.0650012010569301
GGCGACTCAATAGCAA.3,0.0614139166975652,0.1712546093817,0.125125835087398,0.146151542377957,0.0976378531280996,0.0332117275437114,0.0433036244800951,0.0170946062381527,0.121417459857094,0.0274825114316332,0.0347249487414387,0.0364065210752367,0.0848000760709361,0.076836335467676,0.102618304107615,0
GCTTCCACAATTCCTT.3,0.145556791496725,0.342737901266329,0.113297336871969,0.0973481445179558,0.0577201425370119,0.042521243938248,0.0459180035650624,0.0221954161640531,0.248767368892873,0.0675514673091899,0.065558609257078,0.0494148835939987,0.0667237198687776,0.0688055852445996,0.0709584434302186,0
ACGAGCCAGATCCCAT.3,0.145136571499197,0.137438184260927,0.0688661114670083,0.0975795692776825,0.0422100584107858,0.0391844997108155,0.0285601109130521,0.0311425124935378,0.228966171856461,0.0727830618805785,0.0739170265672032,0.0346781372440725,0.0592402415252223,0.061088612808017,0.0332932981023301,0
AGAATAGGTGACGCCT.3,0.0994438264738598,0.22079295657891,0.0782465452548732,0.112690244765716,0.0666691157562176,0.0529207634470792,0.0396593384828679,0.0266827503015682,0.208921085242703,0.0696480987213876,0.056746499149326,0.0598501634167419,0.0712784671706366,0.0735024464861791,0.084122027384098,0.0391064136440067
TGACTAGCATTACCTT.3,0.113286367568904,0.173512849098133,0.0742427015649309,0.106428163031937,0.0455824547224569,0.04827156649019,0.037243018419489,0.0128140616922282,0.209909826772484,0.0614213164182879,0.05719146708546,0.0473356248497411,0.0563780725526554,0.0581371405038095,0.0447754023540716,0
TCTGGAACAGATCGGA.3,0.179322704239278,0.152645570705771,0.0551157682804063,0.0767921805657655,0.0191690239153595,0.030609067046314,0.0371875618934442,0.0505945200758229,0.204794737258417,0.0728629335534242,0.0566679753958906,0.0400452238776876,0.0471925070127894,0.0464096957336027,0.0220033629594043,0.0439106413644007
TCATTTGAGTGTACCT.3,0.109071808181931,0.273218420375611,0.107097098929258,0.159546951999782,0.0662870577862679,0.0480268719135116,0.0396593384828679,0.0221885231776667,0.228063121259261,0.0649423259962327,0.0688129825939013,0.0334175866303663,0.0549137070318072,0.0566270849063079,0.069805428777324,0.0315157338457843
CAGAGAGTCGCGCCAA.3,0.166172290198987,0.171368950633165,0.0623226869223026,0.0840208010019331,0.0331949597737041,0.033378564755083,0.0473757179639533,0.0436670687575392,0.212190523901179,0.0689359096385141,0.06803646992104,0.0401751775492037,0.0412399562592117,0.0425266956257415,0.0196973336536152,0.0915685803507086
TACGGGCTCCCACTTG.3,0.172945247806204,0.146814166881057,0.0708565937585797,0.0617631844046938,0.0330553616692994,0.0417760377274547,0.0283699742523272,0.0392969153885921,0.241687979539642,0.0724901990801446,0.0750774331457488,0.0387067010610717,0.0513668996339086,0.0529696125824892,0.0413163583953879,0.0350708623588758
TGGGAAGCACCCTATC.3,0.167086886664195,0.16119257925278,0.106364967511668,0.114718614718615,0.0669409646963741,0.0404190950749655,0.028013468013468,0.0178666207134241,0.171645529569963,0.0657809785611118,0.0577411333595079,0.0341128387729774,0.0548186183616222,0.0565290293480286,0.057170309872688,0
GGGTTGCGTTAAGACA.3,0.229823260412804,0.345053311608496,0.117072389493914,0.0562498298347355,0.0358620182946989,0.0501846331805846,0.0346682511388394,0.0461967947613303,0.213159490600364,0.0733488195632351,0.0724512498364088,0.0461335533882171,0.0451100651357391,0.0465175568477099,0.0153254864280567,0
GCTGCGACATGGGACA.3,0.13732542330985,0.082097018551868,0.0567859430767823,0.0687603800811348,0.02481172624077,0.0505627975263603,0.0278233313527431,0.01547475443736,0.21110290821842,0.0819416803668772,0.0651049164594512,0.0304871313376781,0.0664004183901488,0.0684721963464499,0.0272880134518376,0
TGCGTGGAGTAGGTGC.3,0.116784081077741,0.211274047394449,0.08888532991672,0.0792425603746358,0.0415414569633739,0.0387284779997331,0.0326559714795009,0.0295846975702223,0.187893848709363,0.0606092877443574,0.0680975439514898,0.0427872463466774,0.0501687823895783,0.0517341125481698,0.0418928657218352,0
GCAGCCAAGGGAAACA.3,0.280410332468175,0.19449446874196,0.0719547908849639,0.072912412535054,0.0165974798868521,0.0411976687280331,0.0401901366607249,0.0538204377046355,0.216125715189707,0.0856024653723018,0.0827378615364481,0.0353863847538353,0.0568820425046356,0.0586568349626899,0.0554888301705501,0.0329570021619025
ATCATCTCACGGATAG.3,0.206983067605982,0.144355829974559,0.0568545803971813,0.0529418170927605,0.0253260350464715,0.0562463851937536,0.0236957813428402,0.0435154230570395,0.205829620059588,0.0621867532830586,0.0665619683287528,0.0279530347431141,0.0582037750202063,0.0600198072227724,0.0342541436464088,0
AAAGTAGTCGGTCTAA.3,0.111222345816339,0.120286996541177,0.0637640706506818,0.0727626671022897,0.0338268248778517,0.0436112470525426,0.0262863933452169,0.0216508702395313,0.239222717325388,0.0680506652644751,0.104270819700737,0.0438593641366853,0.067883801645034,0.0700018630556073,0.0239730963247658,0
CTCGGAGAGTAGCGGT.3,0.15009269558769,0.0800102907126319,0.0269058295964126,0.0251300062620817,0.00597332941479005,0.0550340347911198,0.0371796395325807,0.023918662760641,0.16353784902576,0.0534807409428851,0.0609955066963312,0.0445611139628722,0.0795321637426901,0.0820136689448241,0.0521739130434783,0.0424213307710785
AGGGATGGTCGGATCC.3,0.167593622543567,0.218677643426807,0.0866431774503523,0.0647308666176591,0.0299180779545204,0.0463807447613116,0.0237116260645672,0.0421092538342237,0.204161942679358,0.0756717540484954,0.0680975439514898,0.0432550795641354,0.0629772262634907,0.0649421962483943,0.0669228921450877,0.0797501801585395
CAACCAACAACTGCTA.3,0.0832529971573353,0.242860818111654,0.103253408986913,0.153230417381361,0.0680724440689174,0.0651888597232727,0.0283858189740543,0.0153644666551784,0.258206554697181,0.0613946925273394,0.0681237185359682,0.0488170967050247,0.0746636238292207,0.0769932243609229,0.0799903915445592,0
TGACGGCAGCGTAGTG.3,0.166753182548511,0.0848697938998942,0.0482749153473048,0.0580059353644259,0.0157598912604239,0.0399630733638831,0.0271736977619331,0.0442185076684474,0.251911566957576,0.0788799329077948,0.0749465602233565,0.0292265807239719,0.0447582370560548,0.0461547512820764,0.0218111938505885,0.0110497237569061
CCCTCCTCATGAACCT.3,0.104548263502657,0.111768573307035,0.0699185503797932,0.0828364507609791,0.0464494324234966,0.0420318547848912,0.0262943157060804,0.0152748578321558,0.195118253486962,0.0607889990082601,0.0517384286524451,0.0588560178296437,0.0599819331526649,0.0618534461625957,0.0742733605572904,0.036512130674994
AATCCAGAGGAGTACC.1,0.109479668767767,0.0445645027584827,0.0378878008602544,0.0793650793650794,0.0384188677859006,0.0374160252702763,0.0278708655179243,0.0251456143374117,0.23596646188731,0.0734885949907149,0.0646250490773459,0.0297009116250057,0.0521751533304807,0.0507927791886883,0.0344463127552246,0
TGGGAAGGTCCGACGT.1,0.172871091336052,0.197353000028585,0.0710625057197767,0.0542350731029976,0.0181551008412623,0.0390843973839925,0.0362448009506833,0.0540823711873169,0.21457668679305,0.0513375177215274,0.0528726606465122,0.0225664550587715,0.0374554271858508,0.0386240844062246,0.0291616622627913,0
CTCGAAAAGGCATGTG.3,0.242664689160796,0.100334448160535,0.0269515878100119,0.0668953687821612,0.0097130891591051,0.0215998576322463,0.0297722321251733,0.0556401861106324,0.190642550162154,0.0756251622393355,0.0910439296776164,0.0254449288828533,0.0717158750534874,0.0739535020542639,0.0423732884938746,0
GGCGACTAGCAGACTG.3,0.203114571746385,0.173913043478261,0.0527363411732406,0.0489259168504452,0.0201462106461923,0.0402411353828358,0.0345731828084769,0.0658211270032742,0.245867060405516,0.076044488521775,0.105431226279283,0.0388626454668911,0.0490277183473589,0.0505574458488179,0.0241652654335816,0
CTGGTCTAGGGATCTG.3,0.179199110122358,0.0793528285167081,0.0144595954973918,0.0245446377521849,0.0102567870394181,0.0483160564132224,0.0213666072489602,0.0324315009477856,0.196139953067735,0.0718512256973795,0.0936701129869563,0.0298503583472492,0.0362002567394095,0.0373297510369375,0.0451116982944992,0
TGGGAAGAGCCTTGAT.3,0.214386355209492,0.0814109710430781,0.0135673103322046,0.0179558387105557,0.00551045148965872,0.0366263291364506,0.0231729055258467,0.0376219196967086,0.230442692540934,0.070353631831524,0.0763338132007154,0.0256983385423097,0.0447677459230733,0.0404086955669082,0.0450156137400913,0.0132116262310834
GCTCCTACATGCAATC.3,0.103794339389445,0.0311579910242118,0.0100210487782557,0.0234555800593536,0.0203666287057786,0.032967032967033,0.0238621509209745,0.0241599172841634,0.133677854826377,0.0526021525415832,0.049469964664311,0.038063430387067,0.0386060000950887,0.0359373621093712,0,0.0209464328609176
GATCGTAGTTGGTGGA.3,0.071301446051168,0.053768973501415,0.0523931545712455,0.117291513517929,0.0583960912530767,0.0217222049205855,0.0343751237868885,0.0106772359124591,0.139188440952356,0.034684273933214,0.0406665794180517,0.042234943242734,0.0485617838634527,0.0500769736132493,0,0
ACACCCTTCGCGTAGC.3,0.103275244098381,0.171368950633165,0.064862267777066,0.134798115930191,0.060908857132361,0.0505405525648441,0.030873440285205,0.0126003791142512,0.23880744588288,0.0776086421150019,0.0782271081446582,0.0274397177406255,0.0653829696191699,0.0674230018728612,0.0883017055008407,0.0634158059092001
TTTGTCAAGGCTATCT.1,0.0762081324928933,0.00580281851184861,0.014024892468198,0.0208690680388794,0.0101171889350134,0.0378386795390844,0.0134204793028322,0.0121592279855247,0.0635101642629261,0.0262445005025259,0.0313658770667016,0.0484662217919312,0.059734702610184,0.0615985017110695,0.0224357434542397,0
AATCGGTAGACACGAC.3,0.185700160672352,0.257582254237773,0.0724581312345566,0.0786844183070598,0.0314903934462364,0.0381278640387952,0.0291305208952268,0.0468929863863519,0.249868167796029,0.0902882701792453,0.0962003228198752,0.0347431140798305,0.0529548804259972,0.0546071404057539,0.0442949795820322,0
ATTTCTGAGGATGGAA.3,0.222036831046842,0.122316553754681,0.0281184222567951,0.0671267935418879,0.0109327357554829,0.027428037549495,0.0383204594969301,0.0474306393244873,0.186259129380125,0.0764771267496888,0.0885660690136544,0.0317346865842327,0.0526791232824609,0.0543227792867439,0.01743934662503,0
GTTCATTCAGACGCAA.3,0.145581510320109,0.112368864877226,0.108378328910039,0.0826050260012524,0.0376474045773484,0.0392734795568804,0.0228322440087146,0.0310460106841289,0.206969968623935,0.0664731997257739,0.0550538760197182,0.0325014132461777,0.0577093139352446,0.05950991831972,0.0569781407638722,0.040499639682921
CTACCCAAGCAGCGTA.3,0.145803979730565,0.187290969899666,0.072847076050151,0.0584007187780773,0.0332170015796628,0.029685901143391,0.0306436918201624,0.0308599000516974,0.208116908798481,0.0698211540125532,0.0796056362605244,0.0415916725687292,0.0470593828745305,0.048527695792436,0.00413163583953879,0.0188806149411482
CGTAGCGCAGCCTATA.3,0.122852552218514,0.215390332447189,0.0882904731399286,0.115290370007351,0.0504022629587451,0.0482270765671575,0.0339393939393939,0.0371049457177322,0.214787618319403,0.0690690290932568,0.0660210269161977,0.0464649352505832,0.0433223981362621,0.0446741123520587,0.0231563776122988,0.122027384098006
ACGAGCCCAAGCGAGT.3,0.170102583117044,0.0802675585284281,0.0374759769378603,0.0206920961637943,0.0152823187979868,0.0382168438848601,0.0236799366211131,0.0264208168188868,0.217635193925172,0.0561364740650022,0.0872311652052524,0.0276996250836577,0.0204535729567822,0.021091750585882,0,0
CGAACATGTCTAGTGT.3,0.12924236806328,0.248663636623503,0.104694792715292,0.0960548885077187,0.0475662172587341,0.0277172220492059,0.0263893840364429,0.025524728588661,0.229618741266116,0.0777816974061674,0.0650263927060158,0.0364130187588125,0.068711073075643,0.0708549464126374,0.0537593081912083,0
AACCATGTCATGCAAC.3,0.179557533061426,0.159677557670869,0.0654571245538574,0.0748999428244711,0.0201535579148452,0.0282288561640788,0.0305010893246187,0.0355195588488713,0.180570569778786,0.067897577891521,0.066998211403394,0.0419620405325501,0.0557885227975087,0.0575291960424777,0.0352630314676916,0.0381455680999279
ATCCGAATCATTGCGA.3,0.13417377332839,0.120001143412515,0.0897318568683079,0.115018105584143,0.0429888688879909,0.0635538550518308,0.0236244800950683,0.0207203170773738,0.183945474200438,0.0664532318075625,0.0620250403524844,0.0264390744699515,0.0503874863310037,0.0519596403322122,0.0343021859236128,0
CGTTGGGGTACCGAGA.3,0.191014707699913,0.233084641111397,0.0763704584973003,0.0573525007487272,0.0212556482127769,0.0492948347199359,0.014006734006734,0.0390694468378425,0.250421863052707,0.0784073588434582,0.0895345286393578,0.0318321518378698,0.0461750582418105,0.0476157791004383,0.0339178477059813,0
GCTTGAAAGCAGGCTA.3,0.0983191200098875,0.152474058828574,0.0850187608675757,0.0591630591630592,0.0387421476066272,0.029174267028518,0.0137294513765102,0.0153024297777012,0.162206343765655,0.0497733641283005,0.0322732626619552,0.0406560061338133,0.0732753292445205,0.0730415853622663,0.0359356233485467,0
AGACGTTGTGTTGGGA.2,0.112124582869855,0.192522082154189,0.103413562734511,0.0386070952108688,0.024451710076779,0.0383503136539574,0.0227609427609428,0.0264070308461141,0.14133730587708,0.077369027096465,0.0556907909086943,0.0539047829448802,0.0318071601768649,0.0324858064579391,0,0
GAGTCCGAGCTAGTGG.3,0.127351378074404,0.230511962953435,0.104511759860895,0.171744398159492,0.0748760148414827,0.0247363972060328,0.0262547039017627,0.0336653455109426,0.220805758430669,0.0589852303964963,0.0639096104349343,0.0725726278581686,0.071478153378025,0.0737083631585656,0.104491952918568,0
CGCGGTAAGAAGGCCT.3,0.116882956371277,0.27421890632593,0.107989384094445,0.0744643197473386,0.045516329304581,0.0444231881478845,0.0332422261834027,0.0246906772359125,0.247673161599916,0.0618073628370418,0.0798324826593378,0.0333136236931534,0.0610279085246993,0.0629320573036683,0.0744655296661062,0
GATCAGTGTTCTCATT.3,0.115029044617476,0.205156790441071,0.0911961197034868,0.120204742846252,0.070085595679806,0.0389954175379277,0.0361576549811844,0.020175771152852,0.248160940754608,0.0819217124486658,0.0737861536448109,0.0366599307346931,0.0772975799933438,0.0797093633252601,0.0662022579870286,0
GCTGGGTGTATCAGTC.3,0.0829563712767272,0.201040505388331,0.102155211860529,0.195077459228403,0.116336651849675,0.0260488499354896,0.0337967914438503,0.0178528347406514,0.177795501885201,0.0446682330389175,0.0719713824543035,0.0473226294825895,0.086949080017116,0.0896620024906112,0.13840980062455,0.03012250780687
TTAACTCCATATACGC.3,0.167779013718947,0.241059943401081,0.0634437631554864,0.0796509570094476,0.0456118437970684,0.0582817991724874,0.0326559714795009,0.0400896088230226,0.247903867956865,0.0768232373320199,0.0799284561357588,0.0267379679144385,0.0689773213521609,0.0711295019758195,0.0567379293778525,0
TCTCTAATCTGACCTC.3,0.145754542083797,0.321842037561101,0.0704905280497849,0.0938495466797354,0.0399470996656993,0.0321884593139654,0.0500376312141018,0.0439427882129933,0.210799694149287,0.0654015881150951,0.0675478776774419,0.0433590425013483,0.0448343079922027,0.0462331957286999,0.0509248138361758,0
AGAATAGTCGGACAAG.3,0.171956494870844,0.140525398050482,0.0799167200512492,0.0821830161452803,0.0358399764887403,0.0403746051519331,0.0297563874034462,0.04905049112528,0.23659925646637,0.0731624523265953,0.0662304235920255,0.0536838617033028,0.0651072124756335,0.0671386407538511,0.0550564496757146,0.0249339418688446
CGATTGATCACCATAG.1,0.111160548757879,0.292027556241603,0.106090418230072,0.117305126739089,0.052819514345542,0.0456800284735507,0.0305882352941176,0.0143443046699983,0.19756374087062,0.059364620842513,0.0347947476333813,0.012975874100883,0.0634431607473969,0.065422668483963,0.0805668988710065,0
GACTAACGTGCCTGCA.3,0.0807811148189346,0.16142126175571,0.0978768188889906,0.207737754907566,0.121060945593476,0.0536882146193887,0.0216755793226381,0.0149646734447699,0.186924882010177,0.0566822638294474,0.0688915063473367,0.0413902443778793,0.0603052346312937,0.0621868350607454,0.0763391784770598,0
CAAGTTGTCAGCAACT.3,0.0991595600049438,0.239373409941972,0.118696806076691,0.0851098586947644,0.037309430219316,0.0472038083374116,0.0386611210140622,0.0350715147337584,0.23628285917684,0.0661869928980771,0.0808358417310125,0.0282324351368737,0.0672086720867209,0.0693056685918241,0.0846504924333413,0
CGATTGACACAGGAGT.3,0.172784575454208,0.207100591715976,0.080625972362039,0.0645266683002532,0.0305719848646266,0.0529096409663211,0.0235373341255694,0.031321730139583,0.252485037044849,0.0738280496003088,0.0817083278802949,0.0270238659917739,0.0564921789568773,0.0582548071737446,0.0367042997838098,0.0153254864280567
TGCTACCCACTATCTT.3,0.112594240514152,0.202298259154446,0.086734693877551,0.116175229382777,0.0747805003489953,0.0292410019130667,0.0393028322440087,0.0251594003101844,0.177202256967332,0.0698877137399245,0.0690049295467434,0.063482368535617,0.0757381258023107,0.0781012521694792,0.098438625990872,0.0354071582993034
ACTTTCAAGCGTCTAT.3,0.171907057224076,0.183460537975588,0.084652695158781,0.0557053009883199,0.0289261966863818,0.0502958579881657,0.0341295306001188,0.0545166293296571,0.259412819363514,0.065987313715963,0.0786895258037779,0.0238140103053261,0.0623306233062331,0.064275418452095,0.0596685082872928,0.048426615421571
CCTAGCTGTGCAACTT.3,0.0830058089234952,0.237801217734328,0.135490070467649,0.235604018622887,0.102935233826825,0.0396627663834142,0.0264923747276688,0.0106151990349819,0.183701584623092,0.041945940189429,0.0616236967238145,0.0463804653640977,0.0582227927542433,0.0600394183344283,0.116262310833534,0.0152774441508527
TTCTACAAGGACATTA.3,0.146088246199481,0.21942086156133,0.0914020316646838,0.0658199243104903,0.0296168399397524,0.05197535258264,0.0320301049712814,0.036905049112528,0.243441347852453,0.0646760870867473,0.0815251057889456,0.0280829884146302,0.0677696952408121,0.0698841963856721,0.0702378092721595,0.031755945231804
GGATGTTAGGAACTGC.3,0.0814608824619948,0.262413172112169,0.141141209847168,0.119292657028506,0.0704603063811028,0.0501178982960359,0.0260724896019014,0.0113182836463898,0.228959580246263,0.0558169873736197,0.0703485582166383,0.0378100207276106,0.0667332287357961,0.0688153908004275,0.115445592121067,0
CTACATTTCCCTGACT.3,0.12214806575207,0.282651573621473,0.114509929532351,0.094326009420349,0.0628191469821094,0.0444231881478845,0.0290671420083185,0.0346303636050319,0.231761014580642,0.0664465758348254,0.0701740609867818,0.0370822801671204,0.0529548804259972,0.0546071404057539,0.0654335815517656,0.0407398510689407
ATTATCCTCGGTGTCG.1,0.085551847732048,0.0901294914672841,0.0471995973277203,0.216028206594244,0.103669960692113,0.0655781465498065,0.0220083184789067,0.00872652076512149,0.221168296991589,0.0640304577312451,0.0523491689569428,0.0349250492199531,0.0579945799457995,0.0598040849945579,0.111361998558732,0
GGGCATCTCTTCAACT.3,0.1146829810901,0.25592430609153,0.117667246270706,0.138010836124044,0.0832665956430697,0.0510633091604752,0.0426302238066944,0.0287023953127693,0.226349302607641,0.0718911615338024,0.0645814247698818,0.0367184098868753,0.0611229971948842,0.0630301128619476,0.0488109536392025,0
AGGGAGTCAGTTCCCT.3,0.19864046471388,0.106423119801046,0.0502653976388762,0.0559231125268861,0.0232981888982771,0.0437892067446723,0.0347395523866112,0.050635877994141,0.254099981543491,0.079771833254571,0.0820136980325437,0.0362440789858415,0.0477820567679361,0.0492729180353588,0.0279125630554888,0
ACTGCTCTCCTCTAGC.3,0.0983314794215795,0.1187433896464,0.0439965223757664,0.175433581093958,0.0798941993313985,0.0690706055078525,0.0250742721330957,0.015846975702223,0.228531125583358,0.0693352680027423,0.0814465820355102,0.0421049895712179,0.0530214424951267,0.0546757792965494,0.0433821763151573,0
TCGCGTTAGTGAAGAG.3,0.13683104684217,0.167395592144756,0.066944266495836,0.0818290723951101,0.0310054737151464,0.0480824843173021,0.0264686076450782,0.0309219369291746,0.235702797479368,0.0742939676919083,0.0747284386860359,0.0265625304578918,0.0653164075500404,0.0673543629820656,0.0433341340379534,0.0212346865241412
GCATACACAGTCAGAG.3,0.14972191323693,0.122602406883343,0.0383453829962478,0.0842794522039805,0.0250394915690092,0.0445121679939494,0.0150366409189939,0.027385834912976,0.194762306536241,0.0695416031575935,0.0665794180517384,0.0364974886452979,0.0713450292397661,0.0735710853769746,0.083305308671631,0.0342061013692049
CTCGAAAGTCGCGGTT.3,0.133222098628105,0.357373581453849,0.109568042463622,0.104005009665387,0.0393152345615517,0.0500956533345197,0.0337571796395326,0.0367327244528692,0.236348775278825,0.0799049527093137,0.075661998865768,0.0277710996029915,0.0475538439594922,0.0490375846954885,0.0565938025462407,0
GTACTCCGTTCGGCAC.3,0.0695587690025955,0.185718777692022,0.104923583783289,0.202088268126004,0.0956393960545167,0.0501290207767941,0.0212715389185977,0.0112907117008444,0.206337174044876,0.0426048814904054,0.0456484753304541,0.049440874328302,0.0502828887938002,0.051851779218105,0.0530867163103531,0.00586115781888061
CACCACTCATTACGAC.3,0.136596218020022,0.13809564645685,0.0989978951221744,0.185112581338996,0.0959920649498549,0.0385282733460871,0.0322994652406417,0.030480785800448,0.195322593403117,0.0741209124007428,0.0426558478384156,0.0734888012423571,0.0824799125184234,0.0850533912514831,0.0570261830410761,0
ACTATCTTCGTGGTCG.3,0.0475095785440613,0.170511391247177,0.103642353802508,0.225802499387405,0.128246574335991,0.0594162922098145,0.0237116260645672,0.0152334999138377,0.115807999578137,0.0374997504010224,0.0669109627884657,0.0395254091916232,0.0807778253221129,0.0832981967582832,0.0643766514532789,0
TACGGTATCCACTGGG.3,0.0690891113582993,0.151502158191121,0.0794591379152558,0.183315636145825,0.107395025899122,0.0568914890777239,0.0266745890275302,0.0142202309150439,0.23005378753922,0.0477499484162113,0.0615538978318719,0.0422739293441888,0.0774687395996767,0.0798858633301629,0.127552245976459,0
TGAGCCGGTTCCATGA.3,0.096527005314547,0.208501272046423,0.0830969158964034,0.127950665686515,0.068880643620734,0.0388730702495885,0.0274509803921569,0.0246148543856626,0.231602815935877,0.0566622959112359,0.0674868036469921,0.0386677149596169,0.062501782912566,0.0644519184569977,0.117367283209224,0
CGATGTAGTAAGTGTA.3,0.0966382400197751,0.189863648057628,0.0712684176809737,0.122396471453075,0.064171044414239,0.0531320905814833,0.0144503862150921,0.0243529209029812,0.254455928494213,0.071678170406214,0.0614666492169437,0.025321472894913,0.0657728331669282,0.0678250296618064,0.0672111458083113,0.0308911842421331
TATCAGGTCCTGCTTG.3,0.0895192188851811,0.140182374296087,0.0573807998535737,0.135410710882409,0.0705411263362845,0.0502847355074076,0.0161457714398891,0.0134688953989316,0.257593534948717,0.0643832242863133,0.0812371853596824,0.0503570477124905,0.0728664479627252,0.0751399743094437,0.103915445592121,0
GGACGTCGTTCCAACA.3,0.170040786058584,0.242603550295858,0.0873981879747415,0.093209725285197,0.0508945299584879,0.0288294701250167,0.0385264408793821,0.0498362915733241,0.251252405937722,0.0777484175424817,0.106670156611264,0.0291096224196074,0.0639281129653402,0.0659227518311876,0.0716790775882777,0
AAAGATGGTGTTAAGA.3,0.0923989618094179,0.189377697738902,0.105015100210488,0.170233330610689,0.0873443297454171,0.0576589402500334,0.0262388591800356,0.00877477166982595,0.207358873625649,0.0571881177574697,0.0531605810757754,0.0316697097484747,0.0785717681738221,0.081023307806203,0.109776603411002,0.00811914484746577
AGGCCACCACCAACCG.3,0.124867136324311,0.075550981905497,0.0857051340715659,0.143565030357483,0.0851328018809008,0.03574765315656,0.0290671420083185,0.0203825607444425,0.171157750415271,0.066772718498945,0.0746324652096148,0.0329497534129083,0.0885655874102601,0.0913289469813596,0.0398270478020658,0.0144126831611818
TGGGAAGCATGCTGGC.3,0.134828822148066,0.190120915873424,0.0731902626521461,0.123839472896077,0.0474927445722053,0.0500066734884549,0.0195444642503466,0.028109598483543,0.234555857304822,0.0749928448293076,0.0908170832788029,0.0274981968928077,0.0728379213616698,0.0751105576419599,0.0994475138121547,0
CTGAAACCATAAGACA.3,0.165789148436534,0.199668410370752,0.0719090326713645,0.0924473849002151,0.040931633665185,0.0428994082840237,0.0508536343830461,0.0327899362398759,0.251278772378517,0.0729694291172183,0.0696331195742268,0.0246002300179986,0.0617600912851234,0.063687085102419,0.0906557770838338,0.0212827288013452
ACACCCTTCAACGAAA.3,0.0923989618094179,0.238487265243118,0.101308684908941,0.114391897410765,0.0668087138606223,0.0324998887751924,0.0329411764705882,0.0181699121144236,0.243250191156696,0.0592315013877703,0.0520088993587227,0.0248016582088485,0.0687586174107355,0.0709039741917771,0.0645688205620946,0
AAACGGGTCGGGAGTA.1,0.107168458781362,0.329359974844925,0.177953692687837,0.155258787334259,0.0792255978839866,0.0443786982248521,0.0339314715785304,0.0190453213854903,0.221656076146281,0.0638840263310281,0.0600968459625703,0.0208705596454864,0.0573194503874863,0.0591078905307747,0.0719673312515013,0
ACGAGGAGTCTGGAGA.3,0.149079223828946,0.124260355029586,0.060835544980324,0.061872090173977,0.0310569045957165,0.0270387507229613,0.0377025153495742,0.0256350163708427,0.209191341260843,0.0699209936036102,0.0551672992191249,0.0767766291317145,0.072381495744782,0.0746398909622192,0.0513571943310113,0
CAACTAGTCGGTTAAC.3,0.138672599184279,0.219506617499929,0.104786309142491,0.126425984916551,0.0687410455163293,0.039851848556302,0.0312616359675183,0.0375529898328451,0.244383948110845,0.0672452925632817,0.0718928587008681,0.0320140869779923,0.0780868159558789,0.0805232244589785,0.137689166466491,0
CACAGTAAGGATTCGG.3,0.089432703003337,0.156047222936855,0.0456895762789421,0.170056358735604,0.0728187796186768,0.0471148284913467,0.0342404436522084,0.0162054109943133,0.221405594958737,0.0535007088610965,0.065462635780657,0.0277905926537189,0.070593828745305,0.072796446466568,0.112082632716791,0
CCCTCCTTCGGTGTTA.3,0.124372759856631,0.125803961924363,0.080694609682438,0.108225108225108,0.071599133022299,0.0440005338790764,0.0202495543672014,0.0261037394451146,0.208373981596224,0.0695416031575935,0.0861929066876063,0.0320140869779923,0.0776208814719726,0.0800427522234098,0.0540475618544319,0.0296420850348307
CTCTGGTAGTGGAGTC.3,0.123285131627735,0.344938970357031,0.127528141301364,0.0666367175801138,0.0573160427611036,0.0454242114161143,0.0479936621113092,0.0323694640703085,0.253638568829594,0.0686763267017658,0.0899969462984775,0.027322759436261,0.0615128607426425,0.0634321406508928,0.0748018256065338,0
TGCTACCTCTTCAACT.3,0.120405388703498,0.184661121115971,0.102338244714926,0.13615943804623,0.0751184747070277,0.0383503136539574,0.0261675579322638,0.0181354471824918,0.224510243362249,0.0685964550289202,0.0646512236618244,0.0573355598729053,0.0795131460086531,0.0819940578331683,0.0759548402594283,0
GGCCGATGTCATATGC.3,0.0868125077246323,0.261984392419175,0.116363137183124,0.151937161371124,0.0756621725873407,0.0492614672776616,0.0366963755199049,0.0216508702395313,0.205855986500382,0.0573877969395837,0.0767351568293853,0.0280504999967512,0.0595920696049066,0.0614514183736505,0.0598606773961086,0
TGACAACAGTCAAGGC.3,0.0719935731059202,0.0897578824000229,0.0754552942253134,0.106918238993711,0.0839498916277874,0.0668016194331984,0.0314438502673797,0.0163225917628813,0.200819996308698,0.048322362071605,0.0565458273349911,0.0407404760202988,0.0788760519184139,0.0813370855926968,0.0898390583713668,0
CCGTTCAAGTACGACG.3,0.0632431096279817,0.153303032901695,0.0887938134895214,0.189890821966294,0.137643730943022,0.0372936779819371,0.0172786690433749,0.0175081854213338,0.143044532918501,0.0426181934358797,0.0467827073245212,0.0487976036542972,0.0710977986972852,0.0679525018875695,0.0792697573865001,0
CTCATTAGTAGGCATG.3,0.107267334074898,0.18923477117457,0.0919053720142766,0.195104685670723,0.0989603614856177,0.0373381679049695,0.0311269558328382,0.0138824745821127,0.167183009465552,0.081049780020101,0.0835579985167735,0.0348340816498918,0.0696429420434555,0.0718158908837747,0.0693730482824886,0
AAAGTAGCATTAGCCA.3,0.114349276974416,0.278821141697396,0.106708154113663,0.122845707751368,0.0664486976966313,0.0413200160163723,0.0435254505842741,0.0372565914182319,0.209863685501094,0.0518034358131269,0.0561619334293068,0.0366469353675415,0.0626729425188989,0.0646284184619005,0.116358395387941,0.00490031227480183
CCTTCCCAGAGCAATT.3,0.0926461500432579,0.214504187748335,0.15136817058662,0.121606904625773,0.0755446162888946,0.05238688437069,0.036609229550406,0.0245321385490264,0.217266063754054,0.0683435280649091,0.0542948130698425,0.0313383278861086,0.0631198592687681,0.0650892795858133,0.0685082872928177,0
ACTGAGTCACACGCTG.3,0.0733654678037325,0.240431066518023,0.128878008602544,0.284189604944322,0.15581352632159,0.0292854918360991,0.0400316894434542,0.00658280199896605,0.11782503229889,0.0418394446256348,0.0405095319111809,0.041299276807818,0.0572814149194124,0.059068668307463,0.0552966610617343,0
TACTTGTTCGCCAAAT.3,0.0876776665430725,0.244918960638024,0.0943305573350416,0.156089193825043,0.086807979133757,0.0469479912799751,0.0332897603485839,0.0117111838704119,0.189060563714504,0.0473838699156688,0.0643022292021114,0.055912567169804,0.0744639376218324,0.0767873076885363,0.100168147970214,0.00917607494595244
TAGGCATTCACATGCA.3,0.121876158694846,0.182574393276734,0.0970531710442024,0.0999618829807509,0.0604680210131883,0.060083641055301,0.0262071697365815,0.0364638979838015,0.221787908350252,0.0697545942851818,0.0652532391048292,0.0382778539450686,0.0734369799838349,0.0757283076591197,0.0672591880855153,0.0274321402834494
AGACGTTCATCCCACT.1,0.053405017921147,0.19129291370094,0.0702846160885879,0.179817038307604,0.079747253958341,0.037382657828002,0.0349376114081996,0.0108288816129588,0.220726659108287,0.0427646248360967,0.0487196265759281,0.0214748442180363,0.0692625873627157,0.0714236686506575,0.112370886380014,0
CTCAGAAAGTGACTCT.3,0.117624521072797,0.19014950118629,0.0663951679326439,0.125105502463993,0.0515043532566768,0.0309316189882992,0.0388037235096059,0.0193968636911942,0.247271073377805,0.0732157001084924,0.072791519434629,0.032293487371752,0.0633765986782675,0.0653540295931675,0.0597165505644968,0.0233965889983185
CAGCGACTCGCAGGCT.3,0.143999505623532,0.112826229883086,0.0646334767090693,0.126875221214844,0.0543771352999522,0.0362704097521911,0.022483660130719,0.0245872824401172,0.174315131700372,0.0526753682416917,0.0842123631287353,0.0458606506780333,0.0684353159321067,0.0705705852936274,0.0749459524381456,0.0942109055969253
CGTCTACTCACCATAG.1,0.118971696947225,0.210130634879799,0.0831197950032031,0.157191864739035,0.0870724808052606,0.0462027850691818,0.0273479897009309,0.0224366706875754,0.226289978115854,0.0743538714465426,0.0643545783710684,0.0610262441439627,0.0935767603290068,0.0964964749026799,0.110593322123469,0
CCAGCGAGTGTTTGGT.3,0.0811271783463107,0.203727524797759,0.0812665873524298,0.178496555855046,0.0900995554902465,0.0559572006940428,0.0341929094870271,0.0137652938135447,0.201255042581802,0.0568952549570357,0.0485974785150286,0.0312408626324715,0.0830789711405886,0.0856711412686428,0.0997838097525823,0
TGAGGGACACACATGT.3,0.125460388085527,0.16690964182603,0.0816555321680242,0.115303983228512,0.0584034385217296,0.0484717711438359,0.0355793226381462,0.0328795450628985,0.262075829883724,0.0698278099852903,0.0717707106399686,0.0379334767155509,0.0666571577996482,0.0646088073502446,0.114773000240211,0.0210425174153255
GACTAACAGGGCTTGA.1,0.067779013718947,0.168824857788068,0.0506772215612702,0.165890713060524,0.0727673487381066,0.0595275170173956,0.0303188750247574,0.00615543684301223,0.263394151923432,0.0647160229231701,0.0659337783012695,0.0262766323805563,0.0530975134312747,0.0547542237431729,0.070622147489791,0
TCAGATGCAATGACCT.3,0.0982944011865035,0.149100991910356,0.0800539946920472,0.171390454409322,0.0947650710848242,0.0313876406993816,0.0252089522677758,0.0130553162157505,0.172146491945052,0.0425316657902969,0.0437988046939755,0.0477319835478652,0.0746255883611468,0.0769540021376112,0.0640883977900552,0
CAGCATAAGTAAGTAC.3,0.11431219873934,0.262756195866564,0.0719547908849639,0.158144790220262,0.0890195069982734,0.0484050362592873,0.0242661913250149,0.0280475616060658,0.252162048145121,0.0615278119820821,0.0831741046110893,0.042267431660613,0.0840298578424381,0.086651696851436,0.144559212106654,0
TCTTCGGAGATACACA.3,0.15176121616611,0.202869965411771,0.107966504987645,0.0886356829753056,0.0474633554975938,0.03615918494461,0.0290354525648643,0.012145442012752,0.260869565217391,0.0705666229591124,0.0659512280242551,0.0320335800287198,0.0654305139542623,0.0674720296520008,0.0934902714388662,0.0713908239250541
AGTGAGGTCTGCCAGG.1,0.167247559016191,0.0985049881370952,0.0370641530154663,0.0635056767132239,0.0362587708019544,0.0474151354718156,0.0368944345414934,0.0495054282267793,0.216178448071295,0.0932102422108479,0.119984295249313,0.0315462537605344,0.0428564636523558,0.04419364011649,0,0
GTACGTACATGGAATA.3,0.182820417748115,0.265357459337392,0.0668298709618377,0.069604399793079,0.015091289813012,0.0459803354540197,0.0274034462269756,0.0346234706186455,0.287829250929417,0.0798383929819423,0.111006412773197,0.0237230427352649,0.0456520705557933,0.047076473529902,0.0349747778044679,0
TTAGTTCGTATGCTTG.1,0.253998269682363,0.222450904725152,0.0412967877734053,0.0401181627596722,0.020645824914588,0.0300751879699248,0.0307942166765696,0.0682336722384973,0.204913386241991,0.0853495384082907,0.0971077084151289,0.0296684232071267,0.0400228212808444,0.0412715844797662,0.0205140523660822,0
CTGAAGTGTATTCGTG.1,0.193362995921394,0.164251207729469,0.094719502150636,0.0882000598981731,0.0327835127291429,0.0445344129554656,0.0206694394929689,0.0542340168878166,0.22621747040367,0.0838186646787495,0.0960520001744972,0.052741697584811,0.0575381543289117,0.0593334183148172,0.0392024981984146,0
ACTTGTTGTGCTAGCC.1,0.221802002224694,0.134122287968442,0.0483664317745035,0.0806311089329957,0.032114911281731,0.0272055879343329,0.0302713408595762,0.0744511459589867,0.19192132254067,0.0679108898369952,0.0814029577280461,0.0436579359458353,0.0501307469215043,0.0516948903248581,0.0788854191688686,0
CTCCTAGGTGACGCCT.1,0.18414287479916,0.1758282594403,0.0673103322046307,0.0453864793487435,0.0339737702509092,0.0576366952885171,0.034589027530204,0.0606307082543512,0.234760197220977,0.0870667793744717,0.107054050516948,0.014977160642231,0.0422193695621167,0.0435366678760186,0.0416526543358155,0
TCTTTCCTCGCAAGCC.1,0.251032010876282,0.146156704685133,0.0261279399652238,0.0612322687794386,0.0196612909151023,0.0352360190416871,0.0464250346603288,0.0585421333792866,0.188869407018747,0.0955664565597939,0.0857915630589364,0.0478749325865329,0.0722103361384491,0.0744633909573164,0,0
AAGGAGCAGGGCATGT.1,0.127994067482388,0.0905582711602779,0.0306122448979592,0.0512129380053908,0.0196759854524081,0.052898518485563,0.0163438304614775,0.0402826124418404,0.259920373348802,0.0820947677398313,0.101539938053483,0.0300387911709476,0.0549897779679551,0.0537050292695841,0.0537593081912083,0
CCTTCCCGTTAGATGA.1,0.123421085156347,0.138495840836978,0.0525533083188432,0.172057502246181,0.076242606810918,0.0278506918183032,0.0319667260843731,0.0290401516457005,0.19052390117858,0.0671321410267504,0.0750076342538062,0.0371732477371817,0.0702895450007132,0.0724826686800741,0.0933941868844583,0
TGTTCCGAGGATGGTC.1,0.145124212087505,0.138524426149844,0.0559622952319941,0.0896430613411745,0.0264501671503619,0.0473706455487832,0.0288057040998217,0.045679820782354,0.160215677485696,0.0704534714225811,0.0668586136195088,0.032793809007089,0.0592592592592593,0.0611082239196729,0.073024261349988,0
CTAGCCTGTGGCCCTA.1,0.170646397231492,0.191550181516737,0.0954287544614258,0.0893299572544856,0.0460820689908527,0.0355029585798817,0.0233630421865716,0.050890918490436,0.213917525773196,0.0705266871226895,0.0592156349517951,0.0399087725225957,0.0487044168687301,0.0502240569506682,0,0
TTATGCTAGCGAAGGG.1,0.204387591150661,0.208244004230626,0.0517982977944541,0.0901603637452694,0.0381911024576614,0.033178360101437,0.04297880768469,0.052379803549888,0.153406544150605,0.088211606685259,0.0690660035771932,0.0353084125509256,0.0445110065135739,0.0458998068305502,0.0212346865241412,0
TCCACACGTTCACGGC.1,0.163255469039674,0.154960981047938,0.0527363411732406,0.0484358408886711,0.031152419088204,0.041186546247275,0.0222063775004951,0.0451973117353093,0.256057689772458,0.0957328558782223,0.104183571085809,0.0614226028420868,0.0602386725621642,0.0595491405430317,0.0290655777083834,0
GGACAGAGTTCCACGG.1,0.194561858855518,0.187033702083869,0.0342500228791068,0.0808353072504016,0.0313801844164432,0.0414201183431953,0.0244484056248762,0.0379183181113217,0.210931526353258,0.0904413575521995,0.0799284561357588,0.153982105379432,0.105377264298959,0.105370502926958,0.076195051645448,0
CTCGTACTCTTGTACT.1,0.156618464961068,0.0954177743475402,0.0468564107257253,0.0793242397015982,0.0204915322728776,0.0604618054010767,0.0144979203802733,0.0482440117180769,0.239387507580352,0.0732223560812295,0.122383632159839,0.0373096990922736,0.0509199828840394,0.0525087514585764,0.0257506605813116,0
TACAGTGGTCCTAGCG.1,0.196341614139167,0.132921704828059,0.0547725816784113,0.0779901440278799,0.0257742184342971,0.0207990390176625,0.0430104971281442,0.0471755988281923,0.141422996809661,0.0893830578869949,0.0587968416001396,0.0434110239699547,0.0395759045309751,0.0408107233558534,0.0176795580110497,0
CAGTCCTGTTGGAGGT.1,0.189395624768261,0.105365463224995,0.061247368902718,0.1037599716845,0.039241761875023,0.0449570672242737,0.0141255694196871,0.0549784594175427,0.21132702296517,0.0961921179970847,0.0839069929764865,0.140590379529698,0.0748252745685352,0.0712177519782709,0.0479942349267355,0
GGTGAAGAGTGGTAAT.1,0.194364108268446,0.109624674842066,0.0372014276562643,0.0972392387486727,0.0318651041475332,0.0459247230502291,0.0272846108140226,0.0539582974323626,0.236876104094708,0.0833194667234643,0.0998124154779043,0.0894146236866557,0.0726287262872629,0.0748948354137454,0.078549123228441,0
CAGCTGGCAGGTCGTC.1,0.159782474354221,0.202012406025784,0.0943534364418413,0.103188216395764,0.0340619374747438,0.036459491925079,0.0296375519904932,0.0480992590039635,0.21033168982519,0.0713120919056716,0.073384810016141,0.05317704238439,0.0482004469167499,0.0497043624917878,0.0359356233485467,0
TTCTTAGAGAGATGAG.1,0.159720677295761,0.209330246119544,0.108446966230438,0.143251926270794,0.057529113552037,0.0438336966677048,0.0285125767478709,0.0544683784249526,0.193430801276136,0.070007521249193,0.0671727086332504,0.0325988784998148,0.0617600912851234,0.063687085102419,0.0430458803747298,0
TGAGAGGGTCGAAAGC.1,0.110925719935731,0.121859188748821,0.06666971721424,0.0954831332189823,0.0311891554314684,0.0576811852115496,0.011986531986532,0.0229536446665518,0.211623645424104,0.0656345471608948,0.0957030057147843,0.0445156301778416,0.055237008510436,0.0569604738044576,0.0374249339418688,0
CACAGTAAGCTCCTCT.1,0.231899641577061,0.336763570877283,0.113297336871969,0.0898608728797408,0.0263473053892216,0.0375383725586155,0.0396672608437314,0.073300017232466,0.201933978432251,0.0616010276821906,0.0823103433232997,0.0372382245729397,0.0528597917558123,0.0545090848474746,0.0361277924573625,0
GATGAAACATCGGGTC.1,0.12856260042022,0.11759997713175,0.0219410634208841,0.0472787170900378,0.0193012747511113,0.0390510299417182,0.0188076846900376,0.0521936929174565,0.237713238589923,0.0691821806297881,0.0857304890284867,0.0458541529944575,0.044377882375315,0.0424482511791181,0.053999519577228,0
TGTGGTAGTCTCCACT.1,0.198282041774812,0.173427093159535,0.0708794728653793,0.0941898772087451,0.0291980456265383,0.05115228900654,0.0205585264408794,0.0786076167499569,0.262036280222533,0.0829533882229218,0.113309776207303,0.0153410309224761,0.0376741311272762,0.038849612190267,0,0
AGCTTGAGTTACCAGT.1,0.190149548881473,0.140068033044622,0.0734190537201428,0.10200386615481,0.0413724697843577,0.0505961649686346,0.0294632600514953,0.0535860761674996,0.216257547393677,0.0759978967126151,0.0943332024604109,0.0668286755771567,0.0516902011125374,0.0533030014806389,0.00999279365841941,0
CTGATAGAGGCCATAG.1,0.138190582128291,0.10387902695595,0.0526219456392422,0.049688257235427,0.0214025935858345,0.0381278640387952,0.00918201624083977,0.045817680510081,0.223383078018298,0.0753855472207986,0.0939144091087554,0.0162831950409679,0.0580135976798364,0.0598236961062138,0.0158059092000961,0
GTAGTCAGTCGCATCG.1,0.15576566555432,0.0874710573707229,0.0609270614075227,0.109926760870157,0.0340766320120495,0.0489166703741603,0.0149891067538126,0.0202447010167155,0.187069897434545,0.0808301329197756,0.0894472800244296,0.0411433324019987,0.0445965863167404,0.0459880568330016,0.0189766994955561,0
CTCGAAACACATCCGG.1,0.269225064886911,0.197095732212789,0.0856593758579665,0.0886084565329848,0.0343558282208589,0.0393624594029452,0.0513923549217667,0.0880234361537136,0.154283228307011,0.0923449657550203,0.0647471971382454,0.0450614355982092,0.0502068178576523,0.0517733347714815,0.0249819841460485,0
GAATAAGAGGCTAGCA.1,0.114818934618712,0.128776834462453,0.0600576553491352,0.0680388793596341,0.0222916130928327,0.050229123103617,0.0202970885323826,0.0457901085645356,0.289154164579323,0.0801379117551135,0.108336605156393,0.026088199556858,0.0557790139304902,0.0575193904866497,0.0352149891904876,0
TTTGTCAGTGGTGTAG.1,0.152688172043011,0.107395020438499,0.0331289466459229,0.0950611233630102,0.048234818706146,0.0335231570049384,0.013800752624282,0.0518559365845252,0.210239407282411,0.0721241205796021,0.0648867949221306,0.0250615655518808,0.0388532306375695,0.0400655011129306,0.00629353831371607,0
GTAGTCAGTGCAACGA.1,0.217982944011865,0.122488065631878,0.0424407431133888,0.0691007106101446,0.0246868226736711,0.0499288161231481,0.0317765894236482,0.084094433913493,0.201815329448678,0.0784739185708295,0.0718230598089255,0.0383948122494331,0.0431702562639662,0.0445172234588118,0.0442949795820322,0
CCTTTCTGTCCCTTGT.1,0.163650970213818,0.106708972929709,0.0409993593850096,0.0817610062893082,0.0368024686822674,0.0444454331094007,0.0250901168548227,0.0455764259865587,0.230330635167559,0.072856277580687,0.0739432011516817,0.049473362746181,0.0527171587505349,0.0543620015100556,0.0656257506605813,0
AGTGGGATCGTGGTCG.1,0.280027190705722,0.1940371037361,0.0995241145785669,0.0574069536333687,0.0246060027184894,0.0325110112559505,0.0382333135274312,0.064408064794072,0.16904184354154,0.0922917179731232,0.0754962264974044,0.029557962586338,0.0465934483906243,0.0480472235568673,0.0426134998798943,0
GTGAAGGGTAATCGTC.1,0.205512297614634,0.22742474916388,0.0620023794271072,0.0918484031691579,0.0266338488666838,0.0470925835298305,0.02291146761735,0.0718869550232638,0.230093337200411,0.0832262831051444,0.0986956332068228,0.0433070610327418,0.0514239528360196,0.0530284459174568,0.0148931059332212,0
CTGAAACGTCGAACAG.1,0.264750957854406,0.253208701369237,0.0492129587260913,0.0846333959541507,0.0292127401638441,0.0411754237665169,0.040958605664488,0.0629053937618473,0.187979539641944,0.0938824954572986,0.0905029882650613,0.0707792671912463,0.0491893690866733,0.0507241402978928,0.039682920970454,0
GTCCTCAAGGAATCGC.3,0.183191200098875,0.159791898922334,0.0591424910771483,0.0605924473849002,0.0248190735094229,0.0502402455843751,0.0415844721727075,0.0443563673961744,0.24679647744351,0.0675780912001384,0.0819438991406011,0.0277451088686883,0.0446441306518328,0.0433111400919761,0.0509728561133798,0
TGACTAGAGCGAAGGG.1,0.254813990854035,0.301489294800332,0.0963439187334127,0.0655068202238014,0.0280445244480364,0.0293855941629221,0.0483105565458507,0.0785869377907979,0.204089434967174,0.0744869909012853,0.0790472451249836,0.0205131870488171,0.0382541720154044,0.0394477510957709,0.0208983905837137,0
CTGGTCTTCTTCAACT.1,0.139105178593499,0.11691392962296,0.0409993593850096,0.0860763973971521,0.0375004592042908,0.0286737553944032,0.00764507823331353,0.038256074444253,0.208973818124291,0.0759113690670323,0.0760022684639881,0.108966153566254,0.0825369657205344,0.0781502799486189,0.0518856593802546,0
ATTATCCGTCACCTAA.1,0.223730070448647,0.0924163164965841,0.0221240962752814,0.0710065615725993,0.0235994269130451,0.0441562486096899,0.0268251138839374,0.0643253489574358,0.213554987212276,0.0826472134770136,0.0748593116084282,0.0495903210505455,0.0414776779346741,0.0427718345214399,0.0126351189046361,0
ACAGCCGGTAGCTTGT.1,0.169583487825979,0.157733756395964,0.0709481101857783,0.0724495630156008,0.0328569854156717,0.034201628331183,0.0211685482273718,0.0466310529036705,0.209112241938461,0.0669990215720076,0.065558609257078,0.0229888044911989,0.0527076498835164,0.0543521959542277,0.0518376171030507,0
ACAGCTACAATGGACG.1,0.193078729452478,0.142069004945259,0.0538116591928251,0.0864439543684827,0.0255097167627934,0.0384837834230547,0.0257635175282234,0.0433706703429261,0.220390486988161,0.0886176210222243,0.113135278977446,0.0838980903307971,0.0699091903199734,0.0720904464469568,0.0195051645447994,0
AGCTTGAAGACAAGCC.1,0.215906562847608,0.114312666152131,0.0416399743754004,0.0642816303193662,0.0317989787296572,0.0445455354362237,0.0203208556149733,0.0399034981905911,0.238563556305534,0.0851565151989137,0.107420494699647,0.0821762041832087,0.085047306613417,0.0877008913250248,0.0506846024501561,0
TGACTAGAGCCGGTAA.3,0.214522308738104,0.309293085212818,0.100782465452549,0.0714557978708922,0.0302266632379413,0.0447234951283534,0.0258110516934046,0.0535653972083405,0.247600653887732,0.0842446469339262,0.102735244078,0.026387093001345,0.0546379498882708,0.0563427237872979,0.0647609896709104,0
GACTACAAGATGTAAC.1,0.20086515881844,0.222936855043878,0.0788414020316647,0.0682294644558795,0.0264134308070975,0.0320216221025938,0.0363477916419093,0.0484163363777357,0.167084135312574,0.0951737541683029,0.070017013479911,0.128082338646273,0.093253458850378,0.0908975025249306,0.037280807110257,0
GTCAAGTTCTTACCTA.1,0.124768261030775,0.0556556041505874,0.0212546902168939,0.0622804868087887,0.0171632195731237,0.0384281710192641,0.0163913646266587,0.032693434430467,0.258008806391225,0.0711190686962946,0.0845788073114339,0.0460295904510042,0.0465078685874578,0.0479589735544159,0.0303146769156858,0
AGCGTCGGTATGCTTG.1,0.181201334816463,0.0785238544435869,0.0313443763155486,0.0744234800838574,0.0263032217773043,0.0459469680117453,0.0163200633788869,0.0491952438393934,0.225439660400243,0.0914397534627698,0.0910352048161235,0.133494909064918,0.0780392716207864,0.0804741966798388,0.0670670189766995,0
CTACCCATCACTCTTA.1,0.214102088740576,0.115055884286654,0.0463988285897319,0.0661738680606605,0.0269424341501047,0.0439115540330115,0.0293919588037235,0.0627261761158022,0.266525166767738,0.0848636523984798,0.0976835492736553,0.0353928824374111,0.0498835163790234,0.0514399458733318,0.0314196492913764,0
GATGAAATCGCGTTTC.1,0.173550858979113,0.0684332390018009,0.0364692962386748,0.106264804378012,0.0305719848646266,0.0354473461760911,0.0259615765498118,0.0474857832155781,0.197688981464392,0.0817286892392889,0.0785412031583999,0.122039492920774,0.0725146198830409,0.0704038908445525,0.060293057890944,0
TAGTTGGGTATAGGGC.1,0.274613768384625,0.199039533487694,0.037567493365059,0.0700672493125323,0.0178465155578414,0.057825777461405,0.0295583283818578,0.0532483198345683,0.173880085427268,0.122356746826765,0.0800942285041225,0.120876407560705,0.065154756810726,0.0671876685329908,0.112178717271199,0
AGCGGTCGTACTCAAC.1,0.111185267581263,0.0581425263699511,0.0429898416765809,0.0719322606115059,0.0314610043716248,0.03368999421631,0.0147039017627253,0.0319627778735137,0.219026023677064,0.0660538734433344,0.0835143742093094,0.0663283539418197,0.0517852897827224,0.0534010570389183,0.0244054768196013,0
CAAGGCCGTCCAGTTA.1,0.195661846496107,0.167938713089215,0.0745401299533266,0.103256282501566,0.0411447044561184,0.0432664501490412,0.0221826104179045,0.0442943305186972,0.168283808368708,0.0909738353711703,0.0746586397940933,0.162766973573921,0.0857319450387486,0.0880342802231745,0.0641364400672592,0
GAACCTAAGGGTCGAT.3,0.247966876776665,0.363176399965698,0.0891598791983161,0.0589724740668137,0.0311671136255097,0.0532210704275482,0.0295741731035849,0.0578321557814923,0.280215941150104,0.0825140940222709,0.115691663394844,0.0294215112312461,0.0529643892930157,0.0546169459615818,0.0629834254143646,0
AACCGCGGTCTTCTCG.1,0.256915090841676,0.237972729611526,0.0592797657179464,0.0524925807944676,0.0270820322545094,0.043544512167994,0.0368072885719945,0.0688402550404963,0.226777757270546,0.0814757622752777,0.114190987218078,0.0365169816960254,0.0415157134027481,0.0428110567447516,0.0266634638481864,0
AGGGAGTCAAGCGATG.1,0.142281547398344,0.161507017694309,0.0603093255239315,0.048885077186964,0.0271481576723853,0.0385060283845709,0.0267379679144385,0.0419369291745649,0.221913148944024,0.0861282872185355,0.135706495659381,0.0555421992059831,0.0580611420149289,0.0598727238853534,0.0736007686764353,0.00331491712707182
TGCGTGGAGCGACGTA.1,0.241972562106044,0.241660234971272,0.0837146517799945,0.0801274197500613,0.0224532530031961,0.0473928905102994,0.0358011487423252,0.09014647596071,0.212922192633216,0.0859019841454729,0.098390263054574,0.0175372479710983,0.0415632577378405,0.0428600845238912,0.0194090799903915,0
GTAACTGCACCCTATC.1,0.24935113088617,0.26278478117943,0.0719319117781642,0.0682975305616815,0.0255464531060578,0.0412755260933399,0.0324896019013666,0.055219713941065,0.244687162179977,0.0924248374278659,0.106713780918728,0.0407469737038746,0.0556458897922313,0.0573821127050587,0.0350228200816719,0
GCTCTGTCAAACCTAC.1,0.151600543814114,0.200383043192408,0.0787270064976663,0.11420131231452,0.0483597222732449,0.0433331850335899,0.0250901168548227,0.0499672583146648,0.231332559917737,0.0773091233418308,0.0957728046067269,0.054678007290401,0.0613702277373651,0.0632850573134738,0.0323804948354552,0
ATCGAGTTCGCACTCT.1,0.274292423680633,0.247720321298917,0.0670586620298344,0.0710065615725993,0.0287131258954484,0.0362815322329492,0.035016835016835,0.0725073237980355,0.197675798243995,0.0988012593100419,0.0832613532260175,0.0361531114157803,0.0450244853325726,0.0464293068452585,0.0533269276963728,0
CAGCTGGTCGTTACGA.1,0.270893585465332,0.247634565360318,0.0761645465361032,0.0691415502736257,0.0308658756107417,0.0344352004271033,0.0256367597544068,0.0663794589005687,0.239690721649485,0.0841714312338177,0.0977009989966409,0.0424298737500081,0.0573765035895973,0.0591667238657423,0.016670670189767,0
TACTCGCTCCCATTAT.1,0.177196885428254,0.193293885601578,0.114418413105152,0.0976067957200033,0.0426508945299585,0.0403746051519331,0.0417746088334324,0.0521799069446838,0.184400295304137,0.082174639412677,0.075661998865768,0.0345416858889806,0.0379689060048495,0.0391535844209329,0,0
AGGTCATTCTCTGTCG.1,0.206117908787542,0.243432524368979,0.105289649492084,0.0908818644667701,0.0443481135887734,0.0276838546069315,0.023339275103981,0.0505876270894365,0.196113586626941,0.0681571608282693,0.0687257339789731,0.0844698864854679,0.0561118242761375,0.0578625849406274,0.0209464328609176,0
CAGCTAAGTAGGCATG.1,0.236608577431714,0.177086013206415,0.0790473139928617,0.0769419259985298,0.0331582234304397,0.0342572407349735,0.027894632600515,0.0847285886610374,0.190425027025602,0.0910670189894902,0.0822579941543428,0.0312603556831989,0.0374554271858508,0.0386240844062246,0.0188325726639443,0
CATCGAAGTCAAACTC.1,0.115523421085156,0.123602892833662,0.0366523290930722,0.0814342889814588,0.0260607619117593,0.0339903011967789,0.0218023370964547,0.0505118042391866,0.232202652463944,0.0703935676679468,0.0684029141037386,0.0205001916816655,0.0326059050064185,0.0336232509339792,0.0213788133557531,0
GACGGCTTCAGGATCT.1,0.199246075886788,0.221221736271904,0.0771483481284891,0.0390018786245201,0.0258697329267845,0.0439782889175602,0.0343355119825708,0.0603687747716698,0.219566535713344,0.0840183438608635,0.113711119835973,0.0292460737746993,0.0443113203061855,0.0456938901581636,0,0
CGATGTATCCAGTATG.1,0.150945494994438,0.231884057971014,0.0943534364418413,0.098260230335702,0.0329157635648947,0.0338568314276816,0.0485244602891662,0.0550267103222471,0.209969151264271,0.0669258058718992,0.0480652619639663,0.0331576792873341,0.0584890410307612,0.0603139738976104,0.0668268075906798,0
ATTGGTGAGGACTGGT.3,0.200160672351996,0.322470914444159,0.0877184954699368,0.0822238558087615,0.0475735645273869,0.0439004315522534,0.0282036046741929,0.0508495605721179,0.244430089382234,0.0626659833201323,0.102674170047551,0.0221246125756168,0.0548281272286407,0.0565388349038565,0.0393946673072304,0
TTATGCTGTGTCAATC.2,0.0967000370782351,0.179887373867307,0.0610185778347213,0.123226877943859,0.0807538297637853,0.0525203541397873,0.0381540899187958,0.0208168188867827,0.192455242966752,0.063384828375743,0.0508746673646556,0.0338919175314001,0.0385014025578852,0.0397026955472971,0.0295460004804228,0
AGAATAGAGCCACTAT.5,0.0575207020145841,0.1369522339422,0.114143863823556,0.141604726510387,0.0742808860805995,0.0204097521911287,0.01592394533571,0.0014613131139066,0.182304163261001,0.0806837015195586,0.0494525149413253,0.0798760241973736,0.0445585508486664,0.0459488346096898,0.043670429978381,0
TTTCCTCGTGATAAGT.2,0.0839451242120875,0.200325872566675,0.0894801866935115,0.202496664760816,0.108210572719591,0.0557013836366063,0.0372271736977619,0.0250491125280028,0.134244733303451,0.0465452173507897,0.0412511451380709,0.0317736726856876,0.0293728902201303,0.0302893619524823,0.0219553206822003,0
TCCCGATAGACCTTTG.2,0.0836855765665554,0.263327902123889,0.189713553582868,0.141577500068066,0.0802542154953896,0.0265938514926369,0.0389067142008318,0.0159710494571773,0.193345110343555,0.0697545942851818,0.073332460847184,0.0507469087270388,0.0477630390338991,0.0452722512575625,0.0870045640163344,0
GCTCTGTCACAACGCC.2,0.0869978989000124,0.191092816510877,0.117003752173515,0.142843529635982,0.0670511737261673,0.0392623570761223,0.0234105763517528,0.0096708599000517,0.154850106784085,0.0680906011008979,0.0557954892466082,0.0688819435871112,0.0422098606950982,0.0435268623201906,0,0
GACAGAGCACCCATGG.2,0.102002224694105,0.216648086213304,0.103871144870504,0.0779493043643987,0.0502038867051174,0.03080927169996,0.0369895028718558,0.0237876960193004,0.18208664012445,0.0665064795894596,0.0531954805217467,0.0599216379360758,0.048048305044454,0.0495474735985409,0.0440067259188086,0
TGAGCCGCACATGACT.2,0.0774811518971697,0.207843809850499,0.0974649949665965,0.113370905823736,0.0752874618860439,0.0349023446189438,0.0206535947712418,0.0140341202826124,0.190332744482822,0.0485286972264562,0.0350913929241373,0.0434370147042579,0.0390909523130319,0.0399576399988233,0.0137881335575306,0
ACACCCTGTCTCTTAT.2,0.0665677913731306,0.264528485264271,0.181499954241786,0.119564921451714,0.0684030711582969,0.0371045958090492,0.0529847494553377,0.0211683611924866,0.191420360165581,0.036601194081509,0.0253806220826244,0.0290251525331219,0.0585365853658537,0.0524597236794368,0.105068460245016,0
TGCTACCAGGCTATCT.2,0.0618217772834013,0.257839522053569,0.158666605655715,0.0902828827357129,0.0729804195290401,0.0326222360635316,0.0408001584472173,0.0116008960882302,0.178896300788357,0.0564493047836476,0.0311128560834097,0.0392200180635603,0.0258641182903057,0.0266711118519753,0.0146048522699976,0
GATCGATTCAGGCCCA.2,0.0692745025336794,0.217762913415087,0.184382721698545,0.114977265920662,0.0654053855479226,0.0206210793255328,0.0503307585660527,0.0114423574013441,0.160182719434703,0.0655812993789977,0.0465209614797365,0.0418710729624889,0.044339846907241,0.0419971956110332,0.0576507326447274,0
AGTGGGAAGCTGGAAC.2,0.0730935607465085,0.196924220335592,0.123753088679418,0.126262626262626,0.0865802138055178,0.0248476220136139,0.0315706080411963,0.0192383250043081,0.201235267751206,0.0565624563201789,0.0527766871700912,0.050474006016855,0.044396900109352,0.0446054734612632,0.024597645928417,0
AGTGAGGGTCATACTG.2,0.10845383759733,0.307920990195238,0.154228058936579,0.125500285877644,0.0753682818412255,0.0406192997286115,0.0393503664091899,0.0253179389970705,0.196640915442824,0.0837787288423267,0.0736378309994329,0.0343792437995855,0.0404221936956212,0.0416834178245394,0.00725438385779486,0
TCAGGATTCGCCTGAG.2,0.0869237424298603,0.266529457164909,0.135764619749245,0.116461107027145,0.0776826714668822,0.0235574142456734,0.045410972469796,0.0290746165776323,0.192152028897619,0.0549849907814778,0.0524102429873926,0.0366209446332382,0.061560405077735,0.0634811684300325,0.0601008887821283,0
AGGGTGAGTCCAGTGC.2,0.0804844889383265,0.230540548266301,0.152649400567402,0.146287674589561,0.0823481870614599,0.0300529430084086,0.0266983561101208,0.0196932621058073,0.193865847549239,0.050778416011608,0.0452122322558129,0.0362440789858415,0.0324252365330671,0.0334369453732485,0.0244054768196013,0
TCACGAATCACAGTAC.2,0.0770609318996416,0.172054998141955,0.118811201610689,0.105978926733644,0.0519451893758495,0.0291297771054856,0.0216835016835017,0.0193003618817853,0.216389379597648,0.0727165021532072,0.0790995942939406,0.0779657052260869,0.0411924119241192,0.0392418344233843,0.0272880134518376,0
CAGCGACGTGAGTGAC.2,0.0648127549128661,0.255209673269874,0.129244074311339,0.0806719485964769,0.0604606737445355,0.040263380344352,0.0366329966329966,0.0159503704980183,0.187478577266855,0.0625661437290753,0.0385377132138027,0.0444961371271142,0.0475443350924737,0.0461155290587647,0.0469373048282489,0
GGAGCAAAGATAGTCA.2,0.0651340996168582,0.213589457736615,0.10691406607486,0.0930191401889515,0.0680577495316116,0.0194754638074476,0.0419330560507031,0.0102567637428916,0.17341867271337,0.0593845887607244,0.0468001570475069,0.0791352882697318,0.0536490277183474,0.0496259180451644,0.0719192889742974,0
CGGGTCAAGACGACGT.2,0.0666295884315907,0.273218420375611,0.155669442664958,0.088649296196466,0.0650453693839315,0.0378386795390844,0.0434699940582293,0.01226262278132,0.208143275239275,0.074766541756245,0.0686035859180736,0.0322415059031455,0.0319878286502163,0.0329858898051636,0.0196492913764112,0
ACTTGTTTCAGGTAAA.2,0.110295389939439,0.183917902981448,0.111283975473598,0.151692123390237,0.0833621101355571,0.0267384437424923,0.0583006535947712,0.0163088057901086,0.138173332981781,0.0758581212851352,0.0460759935436025,0.0661399211181214,0.0378072552655351,0.0362217232283812,0.0568820562094643,0
TACAGTGTCGTGGGAA.2,0.0878259794833766,0.273018323185547,0.180996613892194,0.125786163522013,0.0781308548547078,0.0466143168572318,0.0299069122598534,0.0209271066689643,0.214682152556226,0.057500948476115,0.0683592897962745,0.0322999850553278,0.0481529025816574,0.0496553347126482,0.0381455680999279,0
CTGTTTAGTAGCTAAA.2,0.0440489432703003,0.142097590258125,0.173881211677496,0.197241961392905,0.0989162778737005,0.0325221337367086,0.0702871855813032,0.0111252800275719,0.128042028106626,0.0305841947271384,0.0321685643240414,0.0505519782197647,0.0437217705510388,0.0450859456968318,0.0891664664905116,0
TAGACCACATGATCCA.5,0.117513286367569,0.219163593745534,0.128122998078155,0.139766941653734,0.0873884133573344,0.0430773679761534,0.0385185185185185,0.0159434775116319,0.229684657368102,0.0805638940102901,0.0764210618156437,0.0391485435442265,0.0544477725479009,0.0523420570095016,0.0395868364160461,0
TCGTACCTCCACTCCA.2,0.0868990236064763,0.262613269302232,0.141804703944358,0.142435133001171,0.0746262077072848,0.0479156471059305,0.0335195088136265,0.0187144580389454,0.209560471431961,0.0752923636024787,0.0670767351568294,0.0646129654778072,0.0483430799220273,0.0487041957973388,0.0576026903675234,0
ATTGGACAGCTGAAAT.2,0.0752935360276851,0.222050710345025,0.136450992953235,0.109804241879714,0.0660960288012931,0.0334230546781154,0.0541414141414141,0.0102085128381871,0.241635246658054,0.0784339827344067,0.0629149762247524,0.0379529697662783,0.0387771597014216,0.0388888344135787,0.0346384818640404,0
ACGAGGAAGGACATTA.2,0.078568780126066,0.292170482805934,0.197995790244349,0.150848103678292,0.0951030454428566,0.03163233527606,0.056335908100614,0.0146820610029295,0.187208321248715,0.0549650228632663,0.0470880774767701,0.0515656168575903,0.0522607331336471,0.0538913348303149,0.0924333413403795,0
CGATGTAGTGCTTCTC.2,0.0919293041651217,0.232455764228339,0.107257252676855,0.10444063274252,0.0651482311450718,0.0476931974907683,0.0377342047930283,0.0262140272272962,0.207405014897039,0.0658342263430089,0.054469310299699,0.046536409769917,0.0700518233252508,0.0668346685231852,0.0371366802786452,0
GACCTGGTCCTCATTA.2,0.085860833024348,0.187005116771003,0.119749244989476,0.0859947180701898,0.0582124095367547,0.0399408284023669,0.0317448999801941,0.0126003791142512,0.214781026709205,0.0831863472687216,0.0693277494219779,0.0326183715505422,0.0193885798507108,0.0199935283331536,0.0352630314676916,0
GGGAGATGTCAGGACA.2,0.053491533802991,0.221879198467827,0.158712363869315,0.111682866399848,0.0666764630248705,0.0383836810962317,0.049863339275104,0.0137928657590901,0.213554987212276,0.036255083499178,0.0432142389739563,0.028388379542693,0.0508248942138544,0.0511457791984939,0.0594282969012731,0
GATGAAACAAGACGTG.2,0.0919540229885057,0.25112197353,0.119520453921479,0.115862125296088,0.065375996473311,0.0453685990123237,0.0488730441671618,0.0178114768223333,0.236909062145701,0.0687162625381886,0.0647995463072024,0.0427547579287984,0.0405933533019541,0.0418599178294422,0.0456882056209464,0
GTCACGGAGCCGGTAA.2,0.064355456680262,0.238087070862991,0.124553857417406,0.0998393639903074,0.0655817199955916,0.0409752191128709,0.0351911269558328,0.0146544890573841,0.179272022569673,0.0393234869309975,0.0318021201413428,0.0429496884360725,0.0492464222887843,0.0468509457458596,0.0467451357194331,0
GGGCACTAGAGATGAG.2,0.0591645037696206,0.157819512334563,0.0848357280131784,0.10272536687631,0.0646853532199405,0.0283623259331761,0.0276015052485641,0.0075064621747372,0.163979486909062,0.0529216392329657,0.0408585263708939,0.0781736311005127,0.0590405553178339,0.0608826961356305,0.0343502282008167,0
CTTACCGTCATCTGTT.2,0.100593251761216,0.270502815653317,0.177999450901437,0.110253478178006,0.0657654017119136,0.0395849090181074,0.0548068924539513,0.0237394451145959,0.198723864265563,0.0671521089449618,0.0652968634122933,0.0399347632568989,0.060600009508867,0.0624908072914113,0.0797021378813356,0
CGAGCCACAGCTGTGC.2,0.0697688790013595,0.210216390818398,0.0821588725176169,0.0795284380190041,0.0590573454318357,0.0242803754949504,0.0343117448999802,0.0180113734275375,0.198631581722783,0.0633582044847944,0.0597478515028574,0.0486416592484779,0.0314458232301621,0.0324269731229715,0.00562094643286092,0
TGGCGCACAAATACAG.2,0.0782227165986899,0.28290884143727,0.1805847899698,0.137779411364317,0.0572352228059219,0.0349913244650087,0.0517171717171717,0.0268826469067724,0.173042950932054,0.0594311805698844,0.0562230074597566,0.0357827434519594,0.0502543621927447,0.0518223625506212,0.141388421811194,0
GAAGCAGGTTTGGCGC.2,0.0756890372018292,0.217391304347826,0.13333943442848,0.116760597892673,0.0603651592520481,0.0407972594207412,0.0359120617944147,0.016846458728244,0.20198671131384,0.0720043130703337,0.06318544693103,0.0613186399048739,0.0526601055484239,0.054303168175088,0.0233005044439106,0
GCACTCTGTCCCTACT.5,0.0988011370658757,0.198410656604637,0.0766450077788963,0.0715783168613357,0.0419014731273649,0.0353138764069938,0.0228401663695781,0.0174323625710839,0.131911303293168,0.0909139316165361,0.0529511843999476,0.0323519665239342,0.0274330813483573,0.0282890285635841,0,0.0282008167187125
GGTGCGTTCCTTTCTC.2,0.0790260783586701,0.213189263356487,0.144504438546719,0.112799150535,0.0807317879578267,0.0422320594385372,0.0271261635967518,0.0113113906600034,0.234595406966014,0.0808434448652498,0.084526458142477,0.0395513999259264,0.0499025341130604,0.0497631958267554,0.0199855873168388,0
AGGCCGTAGGAGTCTG.2,0.104535904090965,0.288911757139182,0.153221378237394,0.092338479130932,0.0548914441056537,0.0296302887396005,0.0599643493761141,0.0218369808719628,0.20843989769821,0.0517169081675441,0.0367054923003097,0.0409873879961794,0.0448057813911472,0.0462037790612161,0.0490031227480183,0
CGATCGGAGACAAAGG.2,0.0711284142874799,0.287711173998799,0.154205179829779,0.0996351656729015,0.0775210315565189,0.0296747786626329,0.0559160229748465,0.0151163191452697,0.223224879373533,0.060343048834872,0.0438337041399468,0.0398502933704134,0.0404792468977321,0.041742251159507,0.0184962767235167,0
GTTAAGCGTTAAGATG.2,0.108466197009022,0.225080753508847,0.136199322778439,0.110185412072205,0.0682561257852393,0.0382835787694087,0.0443335313923549,0.02029295192142,0.179634561130593,0.0737015861183033,0.0493303668804258,0.0380374396527638,0.0439785099605382,0.0397517233264368,0.0494835455200577,0
TGCGCAGAGCGTGAAC.2,0.109442590532691,0.248120515679044,0.129770293767731,0.0944757548531133,0.0563315087616179,0.0592828224407172,0.039469201822143,0.022546958469757,0.255629235109553,0.0843777663886689,0.0810626881298259,0.0379399743991267,0.037037037037037,0.0381926399497956,0.0304107614700937,0
CCACGGATCATCACCC.2,0.0869361018415523,0.176800160077752,0.128214514505354,0.148928639494677,0.0761617868557364,0.0443453307825777,0.0405941770647653,0.0168051008099259,0.163669681229731,0.0693286120300051,0.0614840989399293,0.0648533797701119,0.0404792468977321,0.041742251159507,0.0187364881095364,0
GCGCGATCATATACCG.2,0.060795946112965,0.22399451161993,0.131303193923309,0.124438454627134,0.0713640204254068,0.0193976064421409,0.0452525252525253,0.0126210580734103,0.180847417407124,0.0651553171238211,0.06055926362169,0.044970468028148,0.0465934483906243,0.0480472235568673,0.0767235166946913,0
AGCAGCCAGAATGTTG.2,0.0896551724137931,0.311122545236258,0.14306305481834,0.0830678755207057,0.0542595790015062,0.039128887307025,0.0634977223212517,0.0203067378941927,0.171757586943339,0.0476035170159943,0.0422545042097457,0.0263740976341934,0.0466885370608092,0.0481452791151466,0.0785010809512371,0
TTCCCAGGTTCGTCTC.2,0.0648251143245581,0.143784123717234,0.129381348952137,0.117931334912467,0.0855001653135447,0.0363816345597722,0.0266112101406219,0.0126693089781148,0.226935955915311,0.0736217144454576,0.0639619596038913,0.0903827785394507,0.0501687823895783,0.0517341125481698,0.0443430218592361,0
CTAATGGAGAAGAAGC.2,0.0941169200346064,0.197524511905783,0.104946462890089,0.100383892836723,0.0686308364865361,0.0425546113805223,0.0238066943949297,0.0141719800103395,0.22712052100087,0.0673051963179159,0.07625528944728,0.0531835400679658,0.0438263680882423,0.0451938068109391,0.02536632236368,0
TAAACCGCACGGATAG.5,0.0583735014213323,0.141240030872138,0.143360483206736,0.15633423180593,0.0807758715697439,0.00947635360590826,0.00616359675183205,0.00663105290367052,0.179852084267145,0.0730759246810125,0.0527941368930768,0.0832483219732165,0.0710977986972852,0.0671876685329908,0.00398750900792698,0
CATGCCTGTCATGCAT.2,0.0548263502657274,0.246433982219935,0.162967877734053,0.124356775300172,0.0778663531832041,0.0349690795034925,0.0541176470588235,0.0164397725314493,0.179344530281857,0.040035676013871,0.0297168782445579,0.0561919675635636,0.0633195454761565,0.0652951962581999,0.0914724957963007,0
CGGACGTTCACTCTTA.2,0.0793721418860462,0.240288139953692,0.141850462157957,0.107054371205315,0.0635171375041328,0.0342906081772479,0.0322915428797782,0.0115526451835258,0.155304927887784,0.0594844283517815,0.0393840247786066,0.0253799520470952,0.0521561355964437,0.0533912514830903,0,0
CCATGTCCAAGTTAAG.2,0.0870720553701644,0.177257525083612,0.107714834812849,0.129788450543168,0.0582638404173249,0.0357921430795925,0.0444682115270351,0.0248078580044804,0.219625860205131,0.056322841301642,0.050508223181957,0.0378684998797929,0.0519944848571293,0.0536167792671328,0.0823444631275522,0
AAATGCCTCCCTAACC.2,0.116833518724509,0.19357973873024,0.0856364967511668,0.0676032562825016,0.0484331949597737,0.0377608221737776,0.0403327391562686,0.030342926072721,0.217879083502518,0.076583622313483,0.0616324215853073,0.0353409009688046,0.0442923025721485,0.0434190012060834,0,0
CCACGGAGTTGGTGGA.2,0.107798788777654,0.220621444701712,0.134643543516061,0.0976067957200033,0.0546195951654972,0.0189860746540908,0.0345494157258863,0.0122970877132518,0.194366809924328,0.0646827430594844,0.0696331195742268,0.0503830384467937,0.0449959587315171,0.0463998901777747,0.0858995916406438,0
CATGGCGTCCACTGGG.2,0.118180694598937,0.328816853900466,0.135101125652055,0.107666966157532,0.083428235553433,0.0307536592961694,0.0592592592592593,0.026248492159228,0.176292614759934,0.0690024693658855,0.0730968895868778,0.0248276489431518,0.0265582655826558,0.0273869174274144,0.00485226999759789,0
GCTGCGATCCGAAGAG.2,0.0744901742677049,0.251636509161593,0.174361672920289,0.15875738517248,0.097615811322141,0.0365818392134182,0.0578570013864131,0.0147992417714975,0.147830041922641,0.0687628543473486,0.0476813680582821,0.0408704296918149,0.0344125897399325,0.0354863065412863,0.056353591160221,0
CACATAGTCCTGCAGG.2,0.0988505747126437,0.1940371037361,0.125743570970989,0.114596095728171,0.0471400756768671,0.0384615384615385,0.0352782729253317,0.0236153713596416,0.213258364753342,0.0644697519318961,0.0608820834969245,0.0302337216782217,0.0496172681025056,0.0511653903101497,0.0343502282008167,0
CGGACTGGTTTGACTG.2,0.0917809912248177,0.262270245547838,0.12709343827217,0.103269895722726,0.0585356893574814,0.0282733460871113,0.0404753416518122,0.0242426331207996,0.220825533261265,0.0727764059078414,0.053675347903852,0.0464649352505832,0.028983026672372,0.0298873341635371,0.0249339418688446,0
TACCTTAAGGAATCGC.2,0.0640093931528859,0.197581682531515,0.130273634117324,0.192681532304174,0.106998273391867,0.0352582640032033,0.0240126757773817,0.0191073582629674,0.202013077754634,0.0696480987213876,0.0569646206866466,0.0357567527176562,0.0461180050396995,0.0469490013041389,0.062695171751141,0
TACAGTGCAAAGGAAG.2,0.10166852057842,0.310293571163136,0.137938134895214,0.1169920226524,0.0889974651923148,0.0238910886684166,0.040324816795405,0.01277270377391,0.210806285759485,0.0769031090048655,0.0829821576582472,0.0370432940656656,0.0360195882660581,0.0371434454762068,0.0578909440307471,0
GAATAAGTCGTACCGG.2,0.089185514769497,0.25478089357688,0.167818248375583,0.130305752947262,0.0835898754637963,0.0348912221381857,0.0213982966924143,0.0191142512493538,0.233343001028291,0.0797851452000453,0.0728525934650787,0.0491939623524214,0.0580135976798364,0.0590882794191189,0.0796060533269277,0
CTGCCTATCGATAGAA.2,0.0573476702508961,0.253008604179173,0.203257984808273,0.168109668109668,0.0979023547996032,0.0285291631445478,0.0566765696177461,0.0133723935895227,0.17202125135128,0.0636377553397541,0.0454914278235833,0.0474460854705298,0.045205153805924,0.0465273624035378,0.0637040595724237,0
ATGGGAGAGAGCCTAG.2,0.0871091336052404,0.254695137638281,0.1666742930356,0.168735876283046,0.085720583373131,0.0425991013035547,0.0425351554763319,0.0179010856453558,0.203733488016453,0.0710991007780832,0.0674868036469921,0.0416241609866083,0.0321114439214568,0.0331133620309267,0.00245015613740091,0
CAGAGAGAGTAGGCCA.2,0.0551847732047955,0.194122859674699,0.149194655440652,0.131231451986169,0.0876823041034495,0.030097432931441,0.047312339077045,0.0194933655006031,0.139227990613547,0.0399691162864997,0.0339309863455918,0.0467573310114944,0.05066324347454,0.045487973485777,0.053951477300024,0
GACCTGGTCCCACTTG.2,0.0674947472500309,0.244290083754967,0.194541045117599,0.128304609436685,0.0830755666580949,0.0365039818481114,0.0346682511388394,0.0177976908495606,0.172977034830068,0.057447700694218,0.0400820136980325,0.0416566494044873,0.0396519754671231,0.0371532510320347,0.042853711265914,0
CACATTTCATCACGTA.2,0.0991719194166358,0.22445187662579,0.0759357554681065,0.0849601132620001,0.0582050622681018,0.0288517150865329,0.0529530600118835,0.024387385834913,0.145951433016057,0.0779880325610186,0.0532129302447324,0.0442882112526884,0.0391765321161984,0.0391830010884167,0,0
ACCGTAATCGTGGACC.2,0.0585588925967124,0.258153960495098,0.161274823830878,0.121361866644886,0.079203556078028,0.0295413088935356,0.0581976629035453,0.0140754782009306,0.168000369130171,0.0563161853289049,0.0386598612747023,0.0446390861657819,0.0367612798935007,0.0341723620603434,0,0
CAGCGACCATGGTCAT.2,0.067914967247559,0.276820169796758,0.122700649766633,0.107884777696098,0.0766614011241321,0.034301730658006,0.0407130124777184,0.0128760985697053,0.150321670577689,0.0601100897890722,0.0332678968721372,0.0524233110895966,0.0551038843721771,0.0536167792671328,0.0641844823444631,0
TCTTTCCGTCTTCGTC.2,0.075108144852305,0.212045850841837,0.141209847167567,0.131558169294018,0.0774769479446016,0.0396293989411398,0.0293681917211329,0.0152128209546786,0.218076831808474,0.0692820202208452,0.0632901452689439,0.0382323701600379,0.0402415252222698,0.0414971122638087,0.0249819841460485,0
ATGTGTGTCAGGATCT.2,0.0899765171177852,0.220907297830375,0.151734236295415,0.113983500775954,0.0729804195290401,0.0256261956666815,0.0453396712220242,0.0182250560055144,0.186535977008464,0.0604362324531919,0.0414169175064346,0.0293175482940332,0.0366852089573527,0.0378298343841621,0.0279125630554888,0
TTCTACATCCGCATCT.2,0.0841552342108516,0.237515364605666,0.132721698544889,0.136445315690599,0.0618933911318467,0.0393735818837033,0.0453555159437512,0.0193279338273307,0.208018034645503,0.0633914843484801,0.0618330933996423,0.0422739293441888,0.0557695050634717,0.0575095849308218,0.0870526062935383,0
TGGTTCCGTATCTGCA.2,0.0861945371400321,0.250264414144013,0.143223208565938,0.109300552696779,0.0599757540134455,0.0361369399830938,0.0512893642305407,0.0152955367913148,0.211729111187281,0.071285468014723,0.0731230641713563,0.0329367580457567,0.0442352493700376,0.0456154457115402,0.0381936103771319,0
ACGATGTGTCACACGC.2,0.0830305277468792,0.198239144727439,0.123501418504622,0.0665822646954722,0.0472723265126189,0.0427436935534102,0.0378688849277085,0.0224022057556436,0.245458380573206,0.0741275683734799,0.0636827640361209,0.035327905601653,0.0617886178861789,0.0586078071835502,0.0704299783809753,0
TCATTACTCGGACAAG.2,0.0767519466073415,0.235428636766429,0.17777065983344,0.108796863513845,0.057771573417582,0.0309872313920897,0.0406971677559913,0.0151438910908151,0.237192501384238,0.0726632543713101,0.0749727348078349,0.0325468970312084,0.0385679646270147,0.0397713344380926,0.0384818640403555,0
GTGGGTCTCTGCCAGG.2,0.0994067482387838,0.283080353314467,0.128306030932552,0.0964905115848512,0.0489034201535579,0.0602838457089469,0.0420915032679739,0.0194382216095123,0.223877448783189,0.0702205123767813,0.0624961828730969,0.0435929591100773,0.047106927209623,0.0445368345704676,0.030170550084074,0
GCTGGGTTCTACTTAC.2,0.0896057347670251,0.231226595775091,0.110643360483207,0.0917803370633559,0.0674405789647698,0.0396850113449304,0.0291938997821351,0.0197346200241255,0.223152371661349,0.0771360680506653,0.0789687213715482,0.0363740326573577,0.0544097370798269,0.0561073904474275,0.0485707422531828,0
TTGGAACCAATGGAAT.2,0.0537881596835991,0.214332675871137,0.155646563558159,0.179027471480302,0.0935674662944051,0.0245361925523869,0.0307625272331155,0.0135585042219542,0.211412713897751,0.0697013465032847,0.0499498320464163,0.0488950689079343,0.0598488090144059,0.0617161683810047,0.104155656978141,0
ACGCCGAGTCGACTAT.2,0.0855147694969719,0.267844381556756,0.120664409261462,0.0931688856217158,0.0672275081738364,0.0352026515994127,0.0374093879976233,0.0189901774943994,0.220436628259551,0.0757782496122896,0.0628277276098242,0.0637812619801041,0.0435030666096135,0.0448604179127894,0.00821522940187365,0
ACACCCTGTTTAGGAA.2,0.0992831541218638,0.239544921819169,0.112153381531985,0.0865392469166054,0.0539362991807795,0.0502180006228589,0.0487145969498911,0.0264346027916595,0.255200780446648,0.0700408011128786,0.0778083147930027,0.019116185080019,0.0357913754576142,0.0369081121363364,0.000816718712466971,0
CATCGAACAAGACGTG.2,0.0937214188604622,0.227596261041077,0.130502425185321,0.0972664651909935,0.077087542705999,0.0492169773546292,0.0424717765894237,0.0217887299672583,0.245814327523928,0.0552246058000146,0.0787854992801989,0.0252110122741243,0.0503209242618742,0.051851779218105,0.0853230843141965,0
CATGGCGGTAGAAAGG.2,0.0670003707823508,0.233942200497384,0.14377230712913,0.159900895749952,0.103405459020609,0.0398407260755439,0.0414181025945732,0.018314664828537,0.186245946159728,0.0564359928381733,0.0449243118265498,0.0427547579287984,0.0511672134265202,0.0527636959101027,0.0809992793658419,0
TTGCGTCGTTCTGGTA.2,0.0600173031763688,0.228711088242861,0.154067905188981,0.114881973372539,0.0673744535468939,0.0230012902077679,0.0491820162408398,0.0136205410994313,0.171269807788647,0.0545789764445125,0.0339484360685774,0.0390120921891346,0.0350306660961346,0.0285831952384221,0.067451357194331,0
CTGTGCTGTCAGGACA.2,0.0924360400444939,0.19220764371266,0.150498764528233,0.114405510631926,0.064171044414239,0.0254927258975842,0.0304931669637552,0.0164259865586765,0.185883407598808,0.0625461758108639,0.0689962046852506,0.0500711496351551,0.0457281414919412,0.0471549179765255,0.0330050444391064,0
GTGGGTCAGCTGCGAA.2,0.0652329749103943,0.139725009290227,0.0774228974100851,0.102589234664706,0.0645016715036185,0.0187413800774125,0.0296771637948109,0.0142753748061348,0.196278376881905,0.0478364760617941,0.035702133228635,0.0394864230901684,0.0392621119193648,0.0342606120627948,0,0
GTTCTCGAGCGTAATA.2,0.0716845878136201,0.15707629420004,0.132996247826485,0.135152059680362,0.0896954557143382,0.0237576188993193,0.0366488413547237,0.00782353954850939,0.184505761067314,0.0630586857116233,0.0413732931989705,0.0842879513453454,0.0524223838729615,0.0540580292793897,0.0617343262070622,0
CAGTAACAGACCCACC.2,0.0997898900012359,0.232684446731269,0.154228058936579,0.178918565711019,0.0757062561992579,0.0195310762112382,0.0447534165181224,0.0212510770291229,0.187491760487252,0.0661071212252315,0.0647908214457096,0.0236450705323552,0.0274711168164313,0.0283282507868959,0.0199855873168388,0
CCGTTCACAATCCGAT.2,0.0765294771968854,0.286624932109882,0.146586437265489,0.102412262789621,0.0781822857352779,0.0344352004271033,0.0548227371756784,0.0261933482681372,0.163379650380995,0.0449877197303,0.0411377219386642,0.0438073826680788,0.0514524794370751,0.0530578625849406,0.106125390343502,0
TGGACGCTCGGCGGTT.2,0.0817698677542949,0.192979447160049,0.0880616820719319,0.120871790683111,0.0757503398111752,0.037493882635583,0.0341849871261636,0.0204859555402378,0.201835104279273,0.0622533130104299,0.0464773371722724,0.0408574343246633,0.0435981552797984,0.0449584734710687,0.0117703579149652,0
ATTATCCCATCTGGTA.2,0.107971820541342,0.192036131835463,0.107280131783655,0.126330692368428,0.0617244039528305,0.0521310673132536,0.0449593979005744,0.0154265035326555,0.199290742742637,0.0731158605174353,0.0606901365440824,0.0483882495890215,0.0362192744734465,0.0373493621485934,0.0474657698774922,0
TCTTTCCCATTCCTCG.2,0.0917933506365097,0.224108852871395,0.13333943442848,0.129897356312451,0.0711436023658205,0.0407082795746763,0.0442226183402654,0.0205342064449423,0.159516966804651,0.066573039316831,0.0509793657025695,0.0394084508872587,0.0282888793800219,0.0267887785219105,0.0373768916646649,0
CGAGAAGGTAGTGAAT.2,0.0666666666666667,0.180144641683103,0.128145877184955,0.0919436957172806,0.0665295176518129,0.0224006762468301,0.0378055060408002,0.0104084094433914,0.150097555830938,0.0567421675840816,0.030205470488156,0.0438268757188062,0.0408976370465459,0.042173695615936,0.0723997117463368,0
TTGCCGTGTCAGTGGA.2,0.0984056358917316,0.285338593030901,0.153541685732589,0.102439489231942,0.0695272032621873,0.0233572095920274,0.0406971677559913,0.0304669998276753,0.212289398054157,0.0655147396516264,0.0657854556558915,0.0253734543635194,0.0537536252555508,0.0511850014218056,0.0399711746336776,0
CCAGCGATCCTCAATT.2,0.0477444073662094,0.298687934139439,0.185297885970532,0.134580304391625,0.0885713236104478,0.0341793833696668,0.0457040998217469,0.0109047044632087,0.175251140348564,0.0643898802590505,0.0511625877939188,0.0472446572796798,0.0424380735035421,0.0431738623103851,0.0359356233485467,0
TTCGGTCCATACAGCT.2,0.109714497589915,0.216362233084641,0.114212501143955,0.107299409186202,0.0608647735204438,0.0393624594029452,0.0486353733412557,0.0337825262795106,0.204794737258417,0.063045373766149,0.0704358068315666,0.0294345065983977,0.0406123710359911,0.0381141955031721,0.0693250060052847,0
AAGTCTGAGAAACGCC.2,0.0843406253862316,0.215018723379927,0.132721698544889,0.0872607476381061,0.0542008008522832,0.0319548872180451,0.0363240245593187,0.0201619851800793,0.242927202256967,0.0739611690550516,0.07962308598351,0.0455162734485156,0.0500166405172824,0.0497828069384113,0.0375210184962767,0
AGCTCCTCAGGATTGG.2,0.0703126931158077,0.233913615184518,0.130456666971721,0.147948487571129,0.08239961794203,0.038717355518975,0.0383917607447019,0.0196587971738756,0.208809027869328,0.062992125984252,0.0592679841207521,0.0489470503765408,0.0444444444444444,0.0458311679397547,0.0526543358155177,0
AGGCCACAGGATGCGT.2,0.105759485848474,0.211559900523111,0.110323052988011,0.0862261428299164,0.0526137908232615,0.0397628687102371,0.025565458506635,0.0265862484921592,0.221827458011443,0.0654548358969922,0.0666404920821882,0.0315332583933828,0.0343555365378215,0.0354274732063187,0.0137881335575306,0
GCGACCAAGCAGGCTA.2,0.0716845878136201,0.213875310865277,0.100942619200146,0.10898744861009,0.0586458983872745,0.0342238732926992,0.0480253515547633,0.0235050835774599,0.198789780367548,0.0742473758827484,0.0635693408367142,0.040032228510536,0.0360386060000951,0.0371630565878627,0.0130194571222676,0
TGTATTCGTTGCGCAC.2,0.0780496848350019,0.236972243661207,0.130982886428114,0.0712107598900052,0.0522537746592704,0.0447123726475953,0.0359199841552783,0.017335860761675,0.243705012260395,0.0695615710758049,0.0583867731099769,0.0560815069427749,0.0404792468977321,0.0380945843915162,0.0267595484025943,0
ACACTGAGTCTAACGT.2,0.0870102583117044,0.175256553182975,0.113343095085568,0.106768493560946,0.0675948716064803,0.045602171108244,0.0314438502673797,0.0223815267964846,0.235307300867456,0.075844809339661,0.0796841600139598,0.0367898844062092,0.0586031474349831,0.0604316405675456,0.0467451357194331,0
AAAGCAAAGTTCGCGC.2,0.0508095414658262,0.234942686447703,0.149789512217443,0.151242887091944,0.0722897762756695,0.0449570672242737,0.0591721132897603,0.0101947268654144,0.164783663353284,0.04494112792114,0.0366705928543384,0.0467573310114944,0.0472020158798079,0.048674779129855,0.074609656497718,0
CTGCGGATCCAAGCCG.2,0.064182424916574,0.205556984821199,0.115425093804338,0.130278526504942,0.0745747768267147,0.0297971259509721,0.0345335710041592,0.0140961571600896,0.187478577266855,0.0472973422700861,0.047733717227239,0.049473362746181,0.049854989777968,0.0482139180059422,0.0339178477059813,0
GGACGTCCAGACGCTC.2,0.0660363366703745,0.227739187605408,0.138601628992404,0.111941517601895,0.0648396458616509,0.0335231570049384,0.0716656763715587,0.0313906600034465,0.186180030057743,0.0574410447214808,0.0435370588491908,0.0336190148212162,0.0617125469500309,0.0636380573232794,0.0870045640163344,0
TGCCAAAGTTATCGGT.2,0.0736497342726486,0.245833690649744,0.162853482200055,0.109504751014185,0.0715477021417288,0.0379165369043912,0.0254703901762725,0.0146544890573841,0.21516334010072,0.0820548319034085,0.0767875059983423,0.0429366930689209,0.0350591926971901,0.0351333065314807,0.0455921210665386,0
GATCGTATCGTCTGAA.2,0.128834507477444,0.25043592602121,0.174247277386291,0.134430558958861,0.0789537489438301,0.0474040129910575,0.0467419290948703,0.0318662760641048,0.196891396630369,0.0773623711237279,0.0731492387558347,0.0473486202168927,0.030770693671849,0.0317307786591883,0.0392985827528225,0
CGGAGTCCATAAGACA.2,0.0708565072302558,0.269473744390132,0.147799029925872,0.0666639440224346,0.0574409463282025,0.0271722204920585,0.0437393543275896,0.0161295881440634,0.196133361457537,0.0700274891674044,0.0467216332940715,0.0558280972833185,0.0496553035705796,0.04737064020474,0.0374729762190728,0
TGAGAGGGTAGCACGA.2,0.0882709183042887,0.189349112426035,0.0862999908483573,0.106455389474257,0.0632158994893648,0.0345575477154424,0.0291384432560903,0.0298190591073583,0.199758747066733,0.0705533110136381,0.0624089342581687,0.0333331167438808,0.0441021252317786,0.0454781679299491,0.0390103290895988,0
GATCAGTAGGGAGTAA.2,0.0970213817822272,0.197181488151388,0.107211494463256,0.105965313512483,0.0624885198927299,0.029063042220937,0.0414577143988909,0.0228571428571429,0.195961979592375,0.0676845867639326,0.0476551934738036,0.0464974236684622,0.0450815385346836,0.0464881401802261,0.0554888301705501,0
CGACCTTTCAGCCTAA.2,0.0884563094796688,0.271617642855101,0.152214697538208,0.105012388031256,0.0603578119833952,0.0365595942519019,0.0438265002970885,0.029832845080131,0.220317979275978,0.0705599669863752,0.0751821314836627,0.029622939422096,0.0496077592354871,0.0511555847543218,0.052414124429498,0
TCACGAATCCGTAGGC.2,0.109751575824991,0.152445473515708,0.0964125560538117,0.0456451305507909,0.0317622423863929,0.0376162299239222,0.0219211725094078,0.0354023780803033,0.170023993461123,0.0583196331227827,0.0619116171530777,0.0314682815576247,0.0281462463747445,0.029024445250679,0.000816718712466971,0
CGGGTCATCCTCCTAG.2,0.0668273390186627,0.200554555069605,0.101468838656539,0.0808353072504016,0.0497189669740274,0.0216443475552787,0.0582055852644088,0.0058590384283991,0.198829330028739,0.0575741641762235,0.0384155651529032,0.0366339400003899,0.0387391242333476,0.0399478344429954,0.021426855632957,0
CTCGGAGAGTTTCCTT.2,0.0656161166728464,0.259526055512678,0.183261645465361,0.115725993084484,0.077631240586312,0.0350914267918317,0.0353891859774213,0.0171773220747889,0.209132016769056,0.0586324638414281,0.0403873838502814,0.0301037680067056,0.0564065991537108,0.0581665571712933,0.0407398510689407,0
GGATGTTGTACCGTAT.1,0.1443579285626,0.125861132550096,0.0616820719319118,0.0827003185493752,0.0288380294625473,0.0393735818837033,0.0339077044959398,0.041743925555747,0.22215703852137,0.078593726080098,0.0643894778170397,0.0358802087055965,0.0540959444682166,0.0557838071051058,0.0802786452077828,0
CACAGTACAAGGTGTG.2,0.096391051785935,0.204956693251008,0.143223208565938,0.154292248631871,0.0886741853715881,0.0147706544467678,0.0477005347593583,0.0255178356022747,0.139590529174467,0.0594578044608329,0.0330148758888453,0.0597916842645597,0.0465934483906243,0.0429091123030309,0.0386259908719673,0
ACGCCAGCATAACCTG.2,0.0977258682486714,0.203012891976103,0.105998901802874,0.131217838765009,0.0558245472245693,0.043544512167994,0.0406020994256288,0.0295019817335861,0.216389379597648,0.0606026317716203,0.0609518823888671,0.0279920208445689,0.0651832834117815,0.0665503074041752,0.0728320922411722,0
ACATACGGTGGTGTAG.2,0.0765047583735014,0.1963239287654,0.132790335865288,0.128903591167742,0.0655302891150215,0.0366374516172087,0.0246702317290553,0.0128278476650009,0.236797004772326,0.0646694311140102,0.0590324128604458,0.035763250401232,0.0313126990919032,0.0322896953413804,0.0209944751381215,0
TGCCCATTCGGCGGTT.2,0.0667408231368187,0.201097676014064,0.13471218083646,0.146913882762939,0.103478931707138,0.0192752591538017,0.0525648643295702,0.0122005859038428,0.156669391198882,0.04896133545437,0.0455001526850761,0.0310654251759248,0.0329957685541768,0.0340252787229244,0.0739851068940668,0
ATTGGTGAGTCGATAA.2,0.0885922630082808,0.312923419946831,0.135261279399652,0.100819515913856,0.0550898203592814,0.0339680562352627,0.0638621509209745,0.0214992245390315,0.198875471300129,0.0756717540484954,0.0463377393883872,0.0371862431043333,0.0364855227499643,0.0376239177117755,0.0701897669949556,0
TTGCGTCGTACTTGAC.2,0.0745148930910889,0.185261412686162,0.0936670632378512,0.113575104141142,0.0699974284559715,0.0227899630733639,0.0262943157060804,0.0156677580561778,0.192382735254568,0.0621002256374758,0.0507874187497274,0.079596623803614,0.0601721104930348,0.061098418363845,0.109200096084554,0
GAGCAGAGTGTATGGG.2,0.0738722036831047,0.241402967155476,0.156790518898142,0.133504859919954,0.0816869328827009,0.0320104996218357,0.04763715587245,0.0232362571083922,0.214866717641786,0.0706664625501694,0.0493390917419186,0.0294215112312461,0.0438739124233348,0.0452428345900787,0.068268075906798,0
GCAGCCAAGAACAATC.2,0.0813620071684588,0.293028042191922,0.172760135444312,0.0939448392278581,0.0653392601300467,0.0398184811140277,0.0496415131709249,0.0237532310873686,0.247014000580062,0.082374318594791,0.0772499236574619,0.0331576792873341,0.034403080872914,0.0354765009854584,0,0
TTTGCGCCACGGTAGA.2,0.159016190829317,0.314638538718806,0.161755285073671,0.0911269024476572,0.049439770765218,0.0397295012679628,0.0428520499108734,0.0269584697570222,0.180484878846205,0.0748597253745649,0.0418008114121188,0.0389861014548314,0.0279370513003376,0.026857417412706,0.00648570742253183,0
CACATTTAGCTAAGAT.2,0.075071066617229,0.16393676928794,0.0829825203624051,0.10548885077187,0.0400499614268396,0.0348356097343952,0.0390572390572391,0.0163019128037222,0.232472908482084,0.0573145812394752,0.0527679623085983,0.0463479769462187,0.0406408976370465,0.039428139984115,0.0210905596925294,0
CAAGAAATCGCCTGAG.2,0.0896922506488691,0.305376897350142,0.21941063420884,0.158294535653026,0.0879468057749532,0.0390510299417182,0.036181422063775,0.0243735998621403,0.209303398634218,0.0721640564160249,0.0762116651398159,0.035860715654869,0.0426567774449674,0.0439877234441034,0.0167187124669709,0
GAATAAGCAATGTAAG.1,0.121381782227166,0.0546265328874025,0.0385284158506452,0.0464346973780936,0.0193380110943757,0.0561462828669306,0.00455535749653397,0.0257453041530243,0.219599493764337,0.0735551547180863,0.0759411944335384,0.0387261941117991,0.0606475538439595,0.0598629183295255,0.0334374249339419,0
AAATGCCGTACAGCAG.2,0.103052774687925,0.255066746705543,0.108767273725634,0.0786435786435786,0.0471547702141729,0.0340459136005695,0.0545850663497722,0.0183491297604687,0.205091359717352,0.077222595696248,0.0592592592592593,0.0288627104437268,0.038938810440736,0.040153751115382,0.0644246937304828,0
GGCGACTCAGACGCAA.2,0.108787541713014,0.260012005831404,0.131120161068912,0.100901195240818,0.0573160427611036,0.0441228811674156,0.0218261041790454,0.0252421161468206,0.240679463179265,0.0734553151270292,0.0689962046852506,0.038498775186646,0.0298198069699995,0.0307502230763951,0.0264232524621667,0
TTTGTCAGTTTGGGCC.2,0.0665430725497466,0.242460623731527,0.140889539672371,0.114759454382096,0.0642592116380735,0.0407416470169507,0.052517330164389,0.0240772014475271,0.171217074907058,0.0610352699995341,0.0551934738036034,0.0428587208660113,0.0376931488613132,0.0388692233019229,0.0198895027624309,0
ATCATGGCACGCCAGT.2,0.0686936101841552,0.27010262127319,0.147982062780269,0.11105665822647,0.081194665882958,0.0307647817769275,0.028853238265003,0.0192865759090126,0.179865267487542,0.0794124107267657,0.0599834227631636,0.0311823834802893,0.0505396282032996,0.046507751291882,0.0640883977900552,0
AATCGGTTCGCATGGC.2,0.0888888888888889,0.261927221793443,0.137777981147616,0.133559312804596,0.0828551485985085,0.0210771010366152,0.0545692216280452,0.0228502498707565,0.179054499433122,0.0700940488947757,0.049269292849976,0.0316372213305956,0.0451195740027576,0.0465273624035378,0.0394427095844343,0
GAACGGAAGATCACGG.2,0.0967371153133111,0.329560072034988,0.167497940880388,0.0940401317759808,0.0671099518753903,0.0213217956132936,0.048270944741533,0.021802515940031,0.184499169457115,0.0601766495164436,0.0573136151463596,0.0323844549418132,0.0436171730138354,0.0449780845827246,0.0291616622627913,0
ATAGACCTCCTTTCGG.2,0.0726980595723644,0.186576337078009,0.119062871785485,0.111818998611451,0.0536130193600529,0.0381389865195533,0.025034660328778,0.0158400827158366,0.22075961715928,0.0737415219547261,0.0637525629280635,0.0824426092098167,0.0474967907573813,0.0489787513605209,0.0169589238529906,0
CACAAACTCTGCCAGG.5,0.124409838091707,0.320441357230655,0.144916262469113,0.117958561354788,0.0723999853054627,0.052486986697513,0.0535234699940582,0.0227744270205066,0.213686819416247,0.0695416031575935,0.0763338132007154,0.0353344032852288,0.0496457947035611,0.0511948069776335,0.0757146288734086,0
ATCACGAGTTCCACGG.2,0.0869608206649364,0.195352028127948,0.107463164638053,0.104998774810096,0.0524521509128981,0.0344240779463452,0.0385660526836997,0.0205755643632604,0.223923590054579,0.0628323826385607,0.0554290450639096,0.0546520165560977,0.04624162031094,0.0454781679299491,0.0256545760269037,0
GAGCAGATCAGTGCAT.2,0.107119021134594,0.226538604465026,0.169694335133156,0.10064254403877,0.0623636163256309,0.0367931663478222,0.0541968706674589,0.0153920386007238,0.198578848841195,0.0672253246450703,0.0575230118221873,0.0366014515825108,0.0412114296581562,0.0424972789582578,0.0399711746336776,0
GCAAACTTCGACAGCC.2,0.060548757879125,0.232655861418403,0.146403404411092,0.118884260393694,0.075280114617391,0.0325332562174667,0.0396038819568231,0.00877477166982595,0.21227621483376,0.0584860324412111,0.0588055664616324,0.0560880046263507,0.0545428612180859,0.0562446682290186,0.0534710545279846,0
GAATGAAAGCTAGTCT.2,0.0760721789642813,0.222593831289483,0.137663585613618,0.107721419042174,0.0594908342823555,0.0328001957556613,0.03119825708061,0.022898500775461,0.221682442587075,0.0591849095786104,0.0464075382803298,0.0233591724550198,0.0406123710359911,0.041879528941098,0.0486668268075907,0
TAAGTGCCAATGTAAG.2,0.0741070325052527,0.242860818111654,0.167772490161984,0.0966947099022571,0.0617097094155248,0.0236575165724963,0.0627530204000792,0.0180251594003102,0.136993434756242,0.0514307013398473,0.0306155389783187,0.0703114339737883,0.0433414158702991,0.0446937234637145,0.0667787653134759,0
AACGTTGGTTTACTCT.2,0.0718699789890001,0.261126833033188,0.140798023245173,0.122450924337717,0.0750229602145402,0.0352805089647195,0.0727193503664092,0.0173841116663795,0.20157803148153,0.0526487443507431,0.0501766784452297,0.0322545012702971,0.0462130937098845,0.04765500132375,0.0901273120345904,0
CCGTGGACATATACCG.2,0.0545173649734273,0.219763885315725,0.112016106891187,0.138705110403224,0.0851548436868594,0.0124571784490813,0.0343592790651614,0.0110770291228675,0.169160492525114,0.0484155456899249,0.0302316450726345,0.0464974236684622,0.0484571863262492,0.049969112499142,0.0367042997838098,0
ATTACTCTCACGCGGT.2,0.0757755530836732,0.199353971929223,0.145396723711906,0.128617713523374,0.102509092244958,0.0196534234995773,0.0482313329372153,0.0186868860934,0.123770664697972,0.0493873177095467,0.0514766828076604,0.0361141253143254,0.0273379926781724,0.0276908896580803,0.0348306509728561,0
CGATGGCCAGCCTTTC.2,0.0717958225188481,0.230797816082097,0.155188981422165,0.142230934683765,0.0984093163366519,0.0265271166080883,0.0498078827490592,0.00796829226262278,0.162733672581538,0.0544991047716669,0.0391310037953147,0.0497657585070922,0.0630247705985832,0.0621378072816058,0.0687965409560413,0.00317079029546
GGAGCAATCCAGAAGG.2,0.0770362130762576,0.123574307520796,0.062848906378695,0.101840507500885,0.0605414936997171,0.037593984962406,0.0417270746682511,0.0127933827330691,0.198414058586231,0.0666395990442023,0.0517646032369236,0.0457761807915478,0.0511862311605572,0.0527833070217585,0.0558731683881816,0
TCTTCGGTCAGGCGAA.2,0.064182424916574,0.29471457565103,0.145671272993502,0.069672465898881,0.0516439513610815,0.0222672064777328,0.0486353733412557,0.0132276408754093,0.168679304980621,0.0622133771740071,0.0401779871744536,0.0373161967758494,0.0474492464222888,0.0484198346783287,0.0363199615661782,0.00187364881095364
CGGAGTCAGTCCGTAT.2,0.0923124459275738,0.238287168053054,0.126933284524572,0.0798415421056931,0.0743470114984754,0.0305868220847978,0.0261437908496732,0.0244838876443219,0.192679357713502,0.0537869156887933,0.0328403786589888,0.0522998551016563,0.0363143631436314,0.0329760842493357,0.0385779485947634,0
CTACCCATCGGCATCG.2,0.082091212458287,0.279450018580453,0.112908392056374,0.0935908954776879,0.0512031152419088,0.0319326422565289,0.0522400475341652,0.0182388419782871,0.208815619479526,0.0724169833800361,0.064372028094054,0.0303766707168894,0.0268340227261922,0.0276320563231127,0,0
GTCGGGTTCCAATGGT.2,0.0699295513533556,0.219020667181202,0.139333760409994,0.115576247651719,0.0785276073619632,0.0213440405748098,0.0250505050505051,0.00752714113389626,0.195902655100588,0.0587323034324851,0.0364873707629891,0.0731834101142943,0.0655065848904103,0.0675504740986243,0.0612058611578189,0
ACATGGTAGACTCGGA.2,0.0951056729699666,0.2054712288826,0.0708794728653793,0.0781398894606442,0.0356342529664597,0.0396182764603817,0.0476213111507229,0.0218714458038945,0.176463996625096,0.0632117730845774,0.0511276883479475,0.0430796421075886,0.0365615936861123,0.0356431954345332,0.0295460004804228,0
CATGCCTTCGGCGCAT.2,0.0716475095785441,0.238601606494583,0.190743113388853,0.15738244983528,0.0868373682083685,0.0360257151755127,0.0683145177262824,0.0106634499396864,0.133605347114193,0.0459661477226589,0.0363739475635824,0.0657760508378763,0.0475062996243998,0.0489885569163488,0.0643286091760749,0
ATTACTCTCCAGAGGA.2,0.075108144852305,0.232884543921333,0.139356639516793,0.126589343570476,0.0705999044855075,0.0518418828135427,0.0250267379679144,0.0181699121144236,0.212263031613363,0.071724762215374,0.0708458753217293,0.0723127205151363,0.0541339799362906,0.0558230293284175,0.0284890703819361,0
GGCCGATAGATAGTCA.2,0.116413298726981,0.264900094331532,0.146060217809097,0.103542160145934,0.0727159178575365,0.0499288161231481,0.0565973460091107,0.0234154747544374,0.209277032193424,0.0693419239754794,0.0696331195742268,0.0352239426644401,0.0343935720058955,0.0354666954296304,0.042853711265914,0
TGTGGTAAGCGAAGGG.2,0.0839945618588555,0.207243518280308,0.109385009609225,0.137085137085137,0.086506741118989,0.0322329492369978,0.0307149930679342,0.0132345338617956,0.206146017349118,0.063923962167451,0.0585263708938621,0.0334760657825485,0.0520515380592402,0.050116195836561,0.0532308431419649,0
CAAGGCCAGGATTCGG.2,0.0731553578049685,0.167567104021954,0.0714743296421708,0.0916305916305916,0.0639065427427354,0.029174267028518,0.0376153693800753,0.0167706358779941,0.208947451683497,0.064270072749782,0.0471229769227414,0.0639372063859234,0.0486663814006561,0.0501848347273565,0.030170550084074,0
TCTCTAAGTTACTGAC.2,0.0662711654925226,0.274790612583255,0.152992587169397,0.146628005118571,0.0829580103596488,0.0351692841571384,0.0254228560110913,0.0138962605548854,0.211175415930604,0.0640304577312451,0.061946516599049,0.0570171733776909,0.0421718252270242,0.0434876400968789,0.0326207062214749,0
GTGGGTCGTATGCTTG.2,0.0877765418366086,0.235514392705028,0.100896860986547,0.0771869639794168,0.0546122478968444,0.019408728922899,0.0335670429788077,0.018962605548854,0.19025364516044,0.0736283704181948,0.0406578545565589,0.0536188848675447,0.041610802072933,0.0429091123030309,0,0
TCGTACCCAGCCAGAA.2,0.0793474230626622,0.269330817825801,0.164683810744029,0.124166190203926,0.0860952940744278,0.0287182453174356,0.0524460289166171,0.0203687747716698,0.182528278007752,0.0525954965688461,0.0357283078131135,0.0572640853535714,0.0428564636523558,0.04419364011649,0.0652894547201537,0
GAGCAGATCACAATGC.2,0.124879495736003,0.293571163136381,0.150887709343827,0.0994854202401372,0.0541126336284486,0.0411086888819682,0.0400396118043177,0.0313148371531966,0.221181480211986,0.0852230749262851,0.0869083453300179,0.0278750625402044,0.0458422478961632,0.0466646401851289,0.0308431419649291,0
AAGACCTCAAGCCGTC.5,0.0657273513780744,0.135808821427551,0.150361489887435,0.134593917612786,0.0736269791704934,0.021154958401922,0.0210814022578728,0.00636911942098914,0.217397895958025,0.0753056755479529,0.0652183396588579,0.0802398944776187,0.0786573479769885,0.0741790298383064,0.0395387941388422,0
ACGCCAGGTTCCACTC.2,0.096341614139167,0.136351942372009,0.107760593026448,0.134199134199134,0.0733918665736013,0.0166837211371624,0.0611843929490988,0.0157366879200414,0.15554881746513,0.0431107354184277,0.0550887754656895,0.0477969603836232,0.0521466267294252,0.0537736681603797,0.11121787172712,0.0111938505885179
GTCACGGGTCTTTCAT.2,0.0921146953405018,0.21873481405254,0.128580580214148,0.111805385390291,0.0649865912347085,0.0316100903145438,0.0481362646068528,0.0261450973634327,0.186397553194294,0.0645962154139017,0.051895476159316,0.0404675733101149,0.0577188228022631,0.0595197238755479,0.0769156858035071,0
GAATAAGCAAACGTGG.2,0.0646891607959461,0.230769230769231,0.144298526585522,0.107136050532277,0.0627750633701921,0.0262712995506518,0.0509883145177263,0.0145786662071342,0.218083423418673,0.0618606106189389,0.0411202722156786,0.0396358698124119,0.0331764370275282,0.0342115842836551,0.0362238770117704,0
CGGCTAGAGTCAAGCG.2,0.0874922753676925,0.161592773632907,0.128397547359751,0.0991450897111274,0.0630469123103486,0.0384726609422966,0.0233155080213904,0.00915388592107531,0.229908772114852,0.0717713540245339,0.0549317279588187,0.0544310953145204,0.0507868587457804,0.0506260847396135,0.0303627191928897,0
ACACCGGTCTGCAGTA.2,0.0577431714250402,0.212131606780436,0.17225679509472,0.152631435650304,0.09230373608611,0.0166169862526138,0.0418855218855219,0.0104428743753231,0.205328657684499,0.0719310973702252,0.0750076342538062,0.0440412992768078,0.0481624114486759,0.0432032789778689,0.0521258707662743,0.00874369445111698
AGAGCGAGTAAGTGGC.2,0.0687059695958472,0.247949003801847,0.15141392880022,0.137806637806638,0.0851034128062893,0.0417871602082128,0.0453159041394336,0.00902291917973462,0.160360692910064,0.0606225996898317,0.0466256598176504,0.0251915192233969,0.0403651404935102,0.0375356677093241,0.0238770117703579,0
CTAGCCTTCGCACTCT.2,0.0764800395501174,0.197067146899923,0.107440285531253,0.0934275368237632,0.0668674920098453,0.031843662410464,0.0319667260843731,0.0141099431328623,0.212243256782767,0.0606825034444659,0.074126423243031,0.0623972553784576,0.0563210193505444,0.0580783071688419,0.0847465769877492,0
GCGAGAAAGGAATGGA.2,0.0842788283277716,0.216505159648972,0.146723711906287,0.129311987802554,0.0694610778443114,0.0386728655959425,0.0357773816597346,0.0275650525590212,0.214589870013447,0.0553044774728603,0.0558827378615364,0.0286352915185736,0.0319783197831978,0.0276516674347685,0,0
GCGGGTTCAGGAACGT.2,0.0789642813002101,0.281822599548352,0.118879838931088,0.0950747365841706,0.0650968002645017,0.0215442452284558,0.0570489205783323,0.010890918490436,0.188704616763783,0.0707596461684893,0.0372115342668935,0.0302857031468282,0.0298007892359625,0.0307306119647392,0.0211386019697334,0
GAATGAACAGCGTAAG.2,0.0974416017797553,0.226853042906555,0.141370000915164,0.122709575539764,0.0694537305756585,0.0272278328958491,0.0257952069716776,0.0291642254006548,0.21358135365307,0.0580733621315087,0.0511451380709331,0.0328652835264228,0.0591641705890743,0.0549111126364198,0.0619745375930819,0
ACGATGTCAGGTCTCG.2,0.0864293659621802,0.153788983220421,0.129266953418139,0.108497372648316,0.0678887623525954,0.029685901143391,0.0407763913646267,0.016357056694813,0.203318216573945,0.0613214768272309,0.055114950050168,0.0773354299192338,0.0535444301811439,0.0518910014414167,0.0229161662262791,0
CCTAAAGGTAGTAGTA.2,0.0907180818193054,0.275876854472172,0.146723711906287,0.1093277791391,0.0626795488777047,0.0309316189882992,0.0408476926123985,0.0296329484749268,0.259478735465499,0.0694550755120107,0.0739432011516817,0.0379009882976719,0.0482194646507869,0.0497239736034437,0.0803747297621907,0
CACATAGTCATGTCCC.2,0.0773451983685577,0.173655775662465,0.135307037613252,0.140297857278989,0.0761544395870835,0.0289184499710816,0.0505684293919588,0.00927795967602964,0.159233527566114,0.0379523565471476,0.0287745932033329,0.0461790371732477,0.0586031474349831,0.0604316405675456,0.0632236368003843,0
CGCCAAGAGGATGGTC.2,0.0842788283277716,0.282079867364148,0.129358469845337,0.0925699038906586,0.0562947724183535,0.028651510432887,0.0321251733016439,0.0366362226434603,0.187313787011891,0.0613880365546023,0.076455961261615,0.0402596474356892,0.0455189464175344,0.046213584617044,0.0252702378092722,0
ACGGCCAGTCTGATTG.2,0.0988876529477197,0.303232998885173,0.110666239590006,0.0970622668735876,0.0536497557033173,0.0301530453352316,0.0430501089324619,0.0239393417198001,0.219678593086719,0.0673651000725501,0.0618505431226279,0.0403636103729021,0.031693053772643,0.0296814174911505,0.0489070381936104,0
CGCTATCCACGTGAGA.2,0.0829192930416512,0.250607437898408,0.15695067264574,0.13682648588309,0.0713640204254068,0.0303310050273613,0.04763715587245,0.0221264863001896,0.204155351069159,0.064270072749782,0.042437726301095,0.0300128004366443,0.0593353301954072,0.0555876959885471,0.0726399231323565,0
TTGCGTCTCAGTCCCT.2,0.0671610431343468,0.168396078095075,0.111489887434795,0.101037327452422,0.0649278130854855,0.0312875383725586,0.0253119429590018,0.0157504738928141,0.192514567458539,0.0472640624064004,0.0405182567726737,0.0767636337645629,0.0643560119811724,0.064706862908524,0.0414124429497958,0
TCGGTAACACTTAAGC.2,0.0975775553083673,0.132978875453792,0.0871465177999451,0.118435024095401,0.070570515410896,0.0194532188459314,0.043509605862547,0.0180665173186283,0.173253882458407,0.0844576380615145,0.050508223181957,0.0412018115541809,0.0296866828317406,0.030612945294804,0.0403555128513092,0
CCTTACGTCCATGCTC.2,0.0698183166481275,0.221536174713432,0.172439827949117,0.138405619537695,0.088380294625473,0.0283400809716599,0.0459734600911072,0.0196243322419438,0.186127297176154,0.0524557211413662,0.043772630109497,0.0584271707136406,0.056140350877193,0.0517341125481698,0.0871967331251501,0
CTAAGACAGTGCGTGA.2,0.0969225064886911,0.291770288425807,0.202297062322687,0.133926869775926,0.0751331692443334,0.0462139075499399,0.0311824123588829,0.0189143546441496,0.178032799852348,0.077908160888173,0.0730445404179209,0.0257178315930371,0.0348880330908572,0.0359765843326829,0.0162382896949315,0
CTAGCCTAGTCAAGCG.2,0.0627610925719936,0.229397135751651,0.111970348677588,0.10584279452204,0.0500716358693656,0.0409974640743872,0.0408160031689443,0.0193486127864897,0.217912041553511,0.0513242057760531,0.0572089168084457,0.031357820936836,0.054352683877716,0.0499887236107979,0.0316118184001922,0
AGTAGTCGTTCGCGAC.2,0.0940922012112223,0.238487265243118,0.134597785302462,0.0920526014865637,0.0499614268395724,0.0375050051163411,0.0406971677559913,0.0196725831466483,0.238444907321961,0.0565424884019675,0.0630196745626663,0.0287652451900897,0.0562069129463224,0.0579606404989067,0.0604852269997598,0
CTCTAATAGCTCAACT.2,0.103868495859597,0.246291055655604,0.132309874622495,0.125949522175937,0.0696521068292862,0.0439894113983183,0.0524697959992078,0.0243046699982768,0.213462704669497,0.0609487423539513,0.0696505692972124,0.0457956738422752,0.0582608282223173,0.0541168626143573,0.0946432860917607,0
GGCTGGTGTCTTGTCC.2,0.089148436534421,0.249349684132293,0.154113663402581,0.11631136159438,0.0826494250762279,0.042732571072652,0.0445395127748069,0.0185421333792866,0.194834814248425,0.0701273287584614,0.0466867338481002,0.0303181915647072,0.0323016212618267,0.030044223056784,0.0212827288013452,0
AAACCTGAGACACGAC.2,0.100791002348288,0.183031758282594,0.0997300265397639,0.0806719485964769,0.0572352228059219,0.0253926235707612,0.0343038225391167,0.0244838876443219,0.185105597595381,0.0721906803069735,0.043179339527985,0.0284923424799059,0.039842152807493,0.0380749732798604,0,0
TTGAACGCATTTCAGG.5,0.0736373748609566,0.150387330989338,0.124530978310607,0.123090745732255,0.0649425076227912,0.0283623259331761,0.0187363834422658,0.00504566603480958,0.182719434703509,0.0675980591183498,0.0526109148017275,0.0959967771489464,0.0580516331479104,0.0598629183295255,0.0187845303867403,0
GTCGGGTTCCTACAGA.2,0.0811518971696947,0.252837092301975,0.115425093804338,0.0761387459500667,0.0472429374380074,0.0365484717711438,0.0301841948900772,0.0207341030501465,0.247389722361378,0.0733022277540751,0.0833747764254242,0.0448989935088141,0.0617981267531974,0.0621181961699499,0.0669709344222916,0
CTTTGCGGTAGGGTAC.2,0.0912866147571376,0.233113226424263,0.0994554772581678,0.132347736121321,0.0733183938870725,0.0389509276148952,0.0404753416518122,0.0176736170946062,0.22296780657579,0.0723304557344533,0.0635606159752214,0.0482907843353844,0.0414016069985261,0.0426933900748164,0.0668268075906798,0
CCTTACGAGCTCTCGG.2,0.132060313929057,0.277391876054083,0.126224032213782,0.112036810150018,0.0744131369163513,0.0213774080170841,0.045204991087344,0.0346165776322592,0.160031112400137,0.0516902842765956,0.0414169175064346,0.0328717812099986,0.0354585651119669,0.0365649176823588,0.0620706221474898,0
GATGAAAGTACGACCC.2,0.0842788283277716,0.230883572020696,0.119062871785485,0.100343053173242,0.0674405789647698,0.039651643902656,0.0342959001782531,0.0212579700155092,0.206152608959317,0.0715650188696827,0.0657418313484273,0.0774458905400225,0.0666381400656112,0.0687173352421482,0.053182800864761,0
CCGTACTGTACTCTCC.2,0.0844889383265357,0.211559900523111,0.129221195204539,0.111750932505649,0.0680136659196943,0.0320772345063843,0.0486353733412557,0.00987764949164225,0.204531072850476,0.0793724748903429,0.0722418531605811,0.0531965354351174,0.0505206104692626,0.0514399458733318,0.0207542637521018,0
AAGTCTGTCCAAGTAC.1,0.0956618464961068,0.130720635737358,0.0481833989201062,0.0649895178197065,0.0196025127658793,0.0370601058860168,0.0230065359477124,0.0242770980527313,0.25419885569647,0.0679707935916295,0.0902063429743053,0.0607663368009305,0.0511672134265202,0.0458115568280988,0.0168628392985828,0
CCGTGGATCCGTACAA.2,0.107934742306266,0.20844410142069,0.0886336597419237,0.070924882245637,0.0399177105910878,0.032666725986564,0.0303267973856209,0.0263381009822506,0.232631107126849,0.0809366284835697,0.0736378309994329,0.0419230544310953,0.0483335710550088,0.0498416402733789,0.0320922411722316,0
AGGGTGACACCAGGTC.2,0.0671116054875788,0.2031844038533,0.151619840761417,0.17478014647826,0.10468388376621,0.0236575165724963,0.0394612794612795,0.0146269171118387,0.155660874838506,0.0363416111447607,0.0361296514417834,0.0313448255696844,0.0240954690248657,0.02484727846798,0.0375210184962767,0
GCTTCCAAGGGAAACA.2,0.0954022988505747,0.292770774376126,0.15834629816052,0.116828663998475,0.0735167701407002,0.0428882858032656,0.0282115270350564,0.0314526968809237,0.225400110739051,0.0612216372361739,0.0643196789250971,0.0343337600145548,0.0349070508248942,0.0353980565388349,0.0520778284890704,0
AAGGAGCCATACCATG.2,0.0718205413422321,0.194780321870623,0.162670449345658,0.131558169294018,0.0879321112376474,0.0244249677448058,0.0369340463458111,0.012241943822161,0.214148232130145,0.0810630919655753,0.0689613052392793,0.073891657624057,0.0574525745257453,0.054303168175088,0.0237328849387461,0
GGGCACTCAACGATGG.2,0.0788159683599061,0.248492124746305,0.103642353802508,0.100506411827167,0.0732228793945851,0.0282844685678694,0.050394137452961,0.00849905221437188,0.200688164104728,0.0739877929460001,0.0652881385508005,0.0673614856303728,0.0408881281795274,0.0414873067079807,0.0481864040355513,0
GTTTCTAGTAGGGTAC.2,0.140168087999011,0.238830288997513,0.111238217259998,0.120858177461951,0.0648029095183865,0.0404413400364817,0.0276807288571994,0.0198724797518525,0.191183062198434,0.0875326974660712,0.0728525934650787,0.0182974769494675,0.0284695478533733,0.0293578341488287,0.0288253663223637,0
CTCCTAGCATAGACTC.2,0.07131380546286,0.181831175142212,0.0906470211402947,0.102453102453102,0.0607692590279564,0.0447902300129021,0.0344543473955239,0.0206582801998966,0.211603870593509,0.0714452113604143,0.0643022292021114,0.0555746876238621,0.0543431750106975,0.056038751556632,0.0655777083833774,0
AGCGTATCATCAGTAC.2,0.0625139043381535,0.229225623874453,0.116431774503523,0.106727653897465,0.0736196319018405,0.0419206299773101,0.0448009506833036,0.0151783560227469,0.230857963983442,0.0639439300856624,0.047786066396196,0.0517475519977128,0.0465078685874578,0.0479589735544159,0.0464088397790055,0
CGTCACTGTCCTGCTT.2,0.113274008157212,0.211302632707315,0.113388853299167,0.103460480818971,0.0466404614084714,0.0386728655959425,0.0503307585660527,0.0136550060313631,0.217167189601076,0.0780812161793385,0.0785761026043712,0.0490315202630262,0.0441877050349451,0.0445662512379514,0.0603891424453519,0
TTCCCAGAGGTGTGGT.2,0.0817698677542949,0.135751650801818,0.110185778347213,0.136731193334967,0.0930972411006208,0.0267384437424923,0.0464567241037829,0.0177839048767879,0.160189311044902,0.0584860324412111,0.0583256990795271,0.0268484285352272,0.0417724528122474,0.0430758067521057,0.035695411962527,0
CTCATTATCACAATGC.2,0.0773822766036337,0.28405225395192,0.174819255056283,0.138065289008685,0.0703427500826568,0.0324109089291276,0.054743513567043,0.0214647596070998,0.189581300920189,0.0583063211773085,0.0597216769183789,0.0334695680989727,0.0483811153901013,0.0498906680525186,0.0471294739370646,0
CTGCGGACAACACCTA.2,0.0988505747126437,0.276820169796758,0.0968015008694061,0.0879005690326445,0.0526725689724845,0.0562686301552698,0.0386452762923351,0.018590384283991,0.236322408838031,0.0690889970114682,0.0629411508092309,0.0498957121786083,0.0357248133884848,0.0368394732455409,0.0305068460245016,0
CAGCTAAGTTAAGGGC.2,0.0888270918304289,0.276705828545293,0.165187151093621,0.104481472406001,0.0687336982476764,0.0392734795568804,0.0404911863735393,0.0152817508185421,0.218663485116144,0.0687428864291372,0.0729572918029926,0.0308185132000442,0.0687776351447725,0.0709235853034329,0.0921931299543598,0
GGAACTTCAACACCCG.2,0.0731553578049685,0.254666552325415,0.141781824837558,0.101649922404639,0.0582858822232835,0.0376718423277128,0.0280926916221034,0.0160124073754954,0.211353389405964,0.0563361532471163,0.0575840858526371,0.0663933307775778,0.0593448390624257,0.0585195571810988,0.0871486908479462,0
CCGGGATCACCAGGTC.2,0.078506983067606,0.248492124746305,0.151322412373021,0.0942579433145471,0.0712758532015723,0.0389842950571695,0.0513923549217667,0.0142202309150439,0.215400638067867,0.0646095273593759,0.0608122846049819,0.0611302070811756,0.0346122759473209,0.0356922232136729,0.0130674993994715,0
TGGCTGGAGCCGTCGT.2,0.0788654060066741,0.25866849612669,0.164638052530429,0.109749788995072,0.0638183755189008,0.0311318236419451,0.0506476530005942,0.00909874202998449,0.182884224958473,0.0585392802231082,0.0385028137678314,0.0303116938811314,0.0559311558027861,0.0555582793210633,0.0560653374969974,0
ACTTTCATCAGAGCTT.2,0.0945494994438265,0.191721693393934,0.0978310606753912,0.102248904135697,0.0649057712795268,0.0486386083552075,0.0293285799168152,0.0131311390660003,0.236724497060142,0.0828868284955505,0.076455961261615,0.0668416709443084,0.0327390291446774,0.0337605287155702,0.0196012490992073,0
GCGAGAATCGAGCCCA.2,0.085860833024348,0.272789640682617,0.163997437540038,0.129352827466035,0.0783439256456412,0.0372158206166303,0.0447613388789859,0.016963639496812,0.179937775199726,0.0498665477466204,0.0459363957597173,0.0381284072228251,0.0263585793752674,0.0213859172607199,0.00288253663223637,0
CCACCTAGTCTAGCGC.2,0.0808181930540106,0.243746962810508,0.11039169030841,0.104005009665387,0.0590499981631828,0.0456911509543088,0.0421548821548822,0.0248836808547303,0.205163867429536,0.056469272701859,0.051153862932426,0.0367184098868753,0.0555603099890648,0.0572938627026073,0.0798462647129474,0
ATTTCTGGTGTTGGGA.2,0.121937955753306,0.267272675299431,0.129015283243342,0.114160472651039,0.0712170750523493,0.0344352004271033,0.0357298474945534,0.0283508530070653,0.21574999340839,0.0875460094115454,0.059372682458666,0.0398632887375651,0.0375314981219988,0.038702528852848,0.0286812394907519,0
AACTCTTGTACAGCAG.1,0.0618094178717093,0.216190721207444,0.0816784112748238,0.0930735930735931,0.0319606186400206,0.0531654580237576,0.0215884333531392,0.0157366879200414,0.263196403617476,0.0657144188337405,0.0734807834925621,0.028056997680327,0.0552845528455285,0.0570095015835973,0.0783089118424213,0
GTCTTCGTCTGATACG.2,0.0581757508342603,0.258268301746563,0.161846801500869,0.0960140488442375,0.0699386503067485,0.0278062018952707,0.0633471974648445,0.0140547992417715,0.136116750599837,0.0494139416004952,0.0469572045543777,0.0396293721288361,0.0221271335520373,0.022817528411598,0.00509248138361758,0
GAGGTGACACAAGACG.2,0.0681127178346311,0.290826973101221,0.168893566395168,0.120585913038743,0.0850078983138018,0.0268607910308315,0.0376153693800753,0.0173703256936068,0.191328077622802,0.0649955737781298,0.0371330105134581,0.0487651152364182,0.0385489468929777,0.038712334408676,0,0
AGAGCGACAAGAGGCT.2,0.0745890495612409,0.240945602149616,0.118284982154297,0.107054371205315,0.0672642445171008,0.0301752902967478,0.0318795801148742,0.00998793727382388,0.236441057821605,0.065887474124906,0.0583082493565415,0.0404220895250843,0.028079684305615,0.0289558063598835,0.0195532068220034,0
TGTTCCGGTAGGCATG.2,0.0815350389321468,0.225480947888975,0.1319438089137,0.101432110866073,0.0610851915800301,0.0359701027717222,0.0326559714795009,0.015123212131656,0.245115616842882,0.0717846659700082,0.0783318064825721,0.0405715362473278,0.0585936385679646,0.0559897237774923,0.0389622868123949,0
TCCACACCACAAGCCC.2,0.10043257940922,0.233170397049996,0.161023153656081,0.0752266601323205,0.0604386319385768,0.0325666236597411,0.0407605466428996,0.0242426331207996,0.195625807472249,0.0664066399984026,0.0534048771975745,0.0961137354533109,0.0573955213236343,0.0591863349773982,0.091280326687485,0
GGGAATGTCTCAAGTG.1,0.12091212458287,0.179401423548581,0.0543836368628169,0.0657926978681696,0.0255464531060578,0.038105619077279,0.0323786888492771,0.032810615199035,0.217720884857753,0.0666928468260994,0.07066265323038,0.0123585941611815,0.0480673227784909,0.0495670847101968,0.0289694931539755,0
GATCGTACAACGATGG.2,0.111481893461871,0.251722265100192,0.0974192367529972,0.073225516621743,0.0530472796737813,0.0382724562886506,0.0506714200831848,0.0291159744959504,0.202421757586943,0.061228293208911,0.0545216594686559,0.0434305170206821,0.0609518375885513,0.0586862516301737,0.0788854191688686,0
GCGAGAATCGGACAAG.2,0.0895315782968731,0.178915473229854,0.131120161068912,0.127256391407335,0.0585430366261342,0.0346798950037816,0.0440879382055853,0.0191487161812855,0.193055079494819,0.0619072024280989,0.0649129695066091,0.0331576792873341,0.0462796557790139,0.0477236402145456,0.0609176074945952,0
CGGTTAATCTGCTTGC.2,0.0879990112470646,0.311465568990653,0.156012629266953,0.0831631680688285,0.0460526799162411,0.0413867509009209,0.0497761933056051,0.016612097191108,0.188849632188151,0.0689758454749369,0.0510491645945121,0.0484012449561731,0.0620643750297152,0.0640008628889129,0.074561614220514,0
CAGAATCGTTCCTCCA.1,0.0752688172043011,0.117943000886145,0.0200649766633111,0.0878188897056822,0.0362073399213842,0.0565244472127063,0.0331709249356308,0.0130622092021368,0.248886017876447,0.0362284596082294,0.0462766653579374,0.0359061994398997,0.0699377169210289,0.0721198631144406,0.083305308671631,0
TGCCCTACATGTCCTC.5,0.0763070077864294,0.169711002486922,0.119817882309875,0.0939856788913393,0.0505639028691084,0.0215331227476976,0.0380669439492969,0.0220161985180079,0.15821182798534,0.0718512256973795,0.0728002442961218,0.0262311485955257,0.0271287976037655,0.0279752507770903,0.0258947874129234,0.000960845544078789
TGACGGCTCACAATGC.2,0.0996415770609319,0.271045936597776,0.131852292486501,0.101595469519998,0.056507843209287,0.0336566267740357,0.034810853634383,0.018824745821127,0.241714345980436,0.0753123315206901,0.0695458709592985,0.0348210862827402,0.0405172823658061,0.0396242511006736,0.0392024981984146,0
TGTATTCGTAAATACG.2,0.107242615251514,0.208558442672155,0.0603322046307312,0.0490620490620491,0.0403291576356489,0.0326889709480803,0.0263339275103981,0.0212028261244184,0.18289740817887,0.08202820801246,0.081900274833137,0.0484467287412038,0.0194266153187848,0.0200327505564653,0.00533269276963728,0
TCAGCTCTCGTGACAT.2,0.0957236435545668,0.230483377640568,0.105083737530887,0.0650167442620273,0.0370228867418537,0.0384615384615385,0.0401742919389978,0.0173151818025159,0.239723679700477,0.0751525881749988,0.066500894298303,0.0525922508625675,0.0486093281985451,0.0494592235960895,0.0402594282969013,0
CCCTCCTAGAGTAATC.2,0.0634655790384378,0.268844867507075,0.1597419236753,0.12849519453293,0.0773593916461555,0.0408306268630155,0.0518676965735789,0.0156677580561778,0.185988873361985,0.0687695103200857,0.052584740217249,0.0598761541510451,0.0541054533352351,0.0557936126609337,0.0863800144126832,0
CCCTCCTAGAATTCCC.2,0.0629588431590656,0.20684332390018,0.145350965498307,0.176740450325356,0.0934278681900004,0.0347688748498465,0.0446187363834423,0.0127658107875237,0.160228860706093,0.0376728056921879,0.0432665881429132,0.0479594024730184,0.0598488090144059,0.0585391682927547,0.0902714388662023,0
CCTTCGAGTTCCCTTG.2,0.0880113706587566,0.194322956864763,0.104809188249291,0.0760570666231044,0.0409610227397965,0.0378053120968101,0.039691027926322,0.0170739272789936,0.202184459619796,0.0705200311499524,0.0515377568381102,0.0545675466696123,0.0629106641943612,0.0628928350803565,0.0721114580831131,0
GCGCCAATCATCGGAT.2,0.0815226795204548,0.26667238372924,0.150361489887435,0.126834381551363,0.0754931854083245,0.0591271077101037,0.0387720340661517,0.0143994485610891,0.226369077438237,0.0739611690550516,0.0662653230379968,0.0329562510964841,0.0468121523320496,0.0439975289999314,0.0432860917607495,0
TATCTCAGTATATGAG.2,0.0922630082808058,0.233713517994454,0.122860803514231,0.136894551988892,0.0632746776385879,0.0472260532989278,0.049760348583878,0.0214992245390315,0.198137210957893,0.0575275723670636,0.0439122278933822,0.0404545779429633,0.0527742119526458,0.0544208348450232,0.0712947393706462,0
AGTGAGGGTGAGCGAT.2,0.0686070943023112,0.210130634879799,0.113526127939965,0.0969397478831441,0.0730759340215275,0.0216332250745206,0.0653990889285007,0.0100637601240738,0.18032668020144,0.0477699163344227,0.0379967718012477,0.0389016315683459,0.0411733941900823,0.042458056734946,0.0357914965169349,0
TCTGGAATCTTGCCGT.2,0.0558274626127796,0.129091272903982,0.070627802690583,0.119183751259223,0.0803423827192241,0.0334341771588735,0.0523509605862547,0.0107048078580045,0.168310174809502,0.0490744869909013,0.027038345766261,0.0419750358997018,0.0464508153853468,0.0479001402194483,0.0651453278885419,0
AACTCTTAGGGTCGAT.2,0.115449264615004,0.315896292484921,0.150796192916629,0.0978926733643715,0.0584401748649939,0.0395849090181074,0.039572192513369,0.021919696708599,0.225980172436523,0.0849169001803769,0.087545260218994,0.024320829624239,0.0399467503446964,0.0411931400331428,0.0697573865001201,0
CGTAGGCCATAAAGGT.2,0.0878754171301446,0.235771660520824,0.150064061499039,0.0890576928312777,0.0647955622497337,0.0314654980646883,0.0330837789661319,0.0285507496122695,0.194208611279563,0.0613148208544938,0.0478122409806744,0.0411303370348471,0.0435696286787429,0.0449290568035849,0.0416046120586116,0
CGATTGAAGTACGCCC.2,0.0864293659621802,0.261584198039048,0.143840944449529,0.0994854202401372,0.0615701113111201,0.0340792810428438,0.040308972073678,0.0224987075650526,0.222480027421098,0.074573518546868,0.0765170352920647,0.0341063410894016,0.0471639804117339,0.0486355569065432,0.0480422772039395,0
CGAATGTTCACTTCAT.2,0.101124706463972,0.1643941342938,0.106204813764071,0.102807046203273,0.0735094228720473,0.0297526360279397,0.0415765498118439,0.0180596243322419,0.211333614575368,0.0809366284835697,0.0751821314836627,0.0630925075210687,0.0421147720249132,0.0410264455840679,0,0
CGGGTCACAGGACGTA.2,0.0827091830428872,0.237286682102736,0.137228882584424,0.0863622750415203,0.0484038058851622,0.0377830671352939,0.0432085561497326,0.0153989315871101,0.225980172436523,0.0801046318914278,0.0700780875103608,0.0320400777122956,0.0375885513241097,0.0387613621878156,0.0411722315637761,0
TGCCCTAGTTTAAGCC.2,0.085860833024348,0.268530429065546,0.155600805344559,0.102167224808734,0.0632085522207119,0.0307981492192019,0.0378847296494355,0.0207134240909874,0.181447253935191,0.0433303825187532,0.0481263359944161,0.0257568176944919,0.0485712927304712,0.0500867791690772,0.0728320922411722,0
TCATTACTCGTAGGTT.2,0.0930169323940181,0.184946974244633,0.0922485586162716,0.128154864003921,0.0764556776018515,0.0422320594385372,0.0291067538126362,0.0186937790797863,0.154731457800512,0.0763772871586318,0.0518169524058806,0.0496812886206068,0.0489611562782295,0.0494494180402616,0.0164304588037473,0
GCGGGTTTCAACACTG.5,0.0640217525645779,0.120286996541177,0.113640523473964,0.118053853902911,0.0768818191837184,0.0220558793433287,0.0139195880372351,0.00233672238497329,0.169219817016901,0.0716582024880026,0.0451511582253632,0.0568352382375683,0.0464032710502544,0.0478511124403087,0.0181599807830891,0
TTTACTGGTGGGTCAA.2,0.0854282536151279,0.236600634593946,0.145465361032305,0.102276130578017,0.0712097277836964,0.0265271166080883,0.0373063973063973,0.0240013785972773,0.200569515121154,0.062945534175092,0.0470270034463203,0.0283493934412382,0.0213093709884467,0.0219742506103958,0,0
CGCGTTTCACAGCGTC.2,0.089123717711037,0.22948289169025,0.13748055275922,0.104195594761632,0.0617831821020536,0.0403301152289007,0.0320301049712814,0.0161158021712907,0.235386400189838,0.0631718372481546,0.0777385159010601,0.0432420841969838,0.045224171539961,0.0466352235176451,0.0454479942349267,0
CCTACACCACGCCAGT.2,0.0624150290446175,0.214961552754195,0.160199505811293,0.156361458248251,0.0891517578340252,0.0333007073897762,0.0515824915824916,0.0129105635016371,0.197530782819627,0.0550981423180091,0.0430397417440998,0.0401946705999311,0.0685589312033471,0.0655501407097261,0.0956041316358395,0
TGACAACTCGGCTACG.2,0.0579285626004202,0.173026898779407,0.113960830969159,0.130618857033951,0.064112266265016,0.0249477243404369,0.0485561497326203,0.00051008099259004,0.106731352334748,0.0680240413735265,0.005793308031235,0.0332486468573953,0.0279750867684115,0.0288479452457763,0,0
TGGACGCAGAGACTTA.2,0.0985415894203436,0.309836206157276,0.194929989933193,0.160077867625037,0.0976966312773227,0.0450126796280642,0.0326797385620915,0.0193003618817853,0.214734885437815,0.0767899574683342,0.068481437857174,0.041299276807818,0.0497313745067275,0.0512830569800849,0.0776843622387701,0
CTCCTAGCAAGCCTAT.2,0.0755901619082932,0.209444587371009,0.129793172874531,0.114786680824417,0.0695125087248815,0.0379832717889398,0.0344543473955239,0.0183077718421506,0.212922192633216,0.0700341451401415,0.0822928936003141,0.0475240576734394,0.0564161080207293,0.0581763627271212,0.0582272399711746,0
AGAGCTTCAATCCGAT.2,0.0746755654430849,0.194322956864763,0.124096275281413,0.122083367366386,0.0803570772565299,0.0536659696578725,0.0371637948108536,0.0158125107702912,0.220449811479948,0.0736816182000919,0.0676787505998342,0.0331186931858792,0.0472780868159559,0.0487532235764784,0.0381936103771319,0
AAGGAGCCAGTCTTCC.5,0.0771350883697936,0.12240230969328,0.111032305298801,0.135764654632579,0.0704603063811028,0.0246919072830004,0.00923747276688453,0.00554196105462692,0.189469243546814,0.0721507444705506,0.0765606595995289,0.07359276417957,0.0732087671753911,0.0754929743192493,0,0
GTGTTAGTCCTTTCGG.2,0.0993449511803238,0.297858960066318,0.135764619749245,0.0994037409131749,0.0619154329378054,0.0414757307469858,0.0423450188156071,0.0275443735998621,0.214174598570939,0.077076164296031,0.070758626706801,0.0240349315469035,0.0346312936813579,0.0357118343253287,0.0208983905837137,0
CAAGTTGCAACGATGG.2,0.082004696576443,0.260698053340194,0.116889356639517,0.0767921805657655,0.0532897395393263,0.0274057925879788,0.062071697365815,0.0229329657073927,0.236032377989295,0.0725301349165674,0.0611961785106661,0.0431121305254677,0.0454999286834974,0.0469195846366551,0.0732644727360077,0
CAGGTGCTCAGGCGAA.2,0.0710171795822519,0.242489209044393,0.159284341539306,0.112976122410085,0.0668160611292752,0.0306313120078302,0.0597187561893444,0.0142478028605894,0.199673056134152,0.0661869928980771,0.0524974916023208,0.0333006283260018,0.0464508153853468,0.0479001402194483,0.0553927456161422,0
GATTCAGAGTTAAGTG.2,0.0743542207390928,0.217505645599291,0.128580580214148,0.126507664243513,0.0553984056427023,0.0471037060105886,0.0381065557536146,0.010773737721868,0.265800089645899,0.0714452113604143,0.0684552632726955,0.0457826784751236,0.0422669138972092,0.0435856956551582,0.0500600528465049,0
TTATGCTCATGTCGAT.2,0.0888641700655049,0.277134608238287,0.169534181385559,0.129802063764328,0.0704896954557143,0.0332450949859857,0.0597900574371163,0.0180251594003102,0.195751048066022,0.068243688473852,0.0615887972778432,0.0515851099083177,0.037094090239148,0.0382514732847631,0.0859476339178477,0
CCAGCGACACCATCCT.2,0.107316771721666,0.281679672984021,0.172737256337513,0.0941218111029432,0.0653539546673524,0.0393847043644614,0.0358169934640523,0.0281509564018611,0.208927676852902,0.074473678955811,0.0632203463770013,0.0601620522283806,0.0474302286882518,0.0489101124697253,0.0479461926495316,0
CCGTACTCATGGATGG.2,0.0809788654060067,0.3287882685876,0.149446325615448,0.145484494541098,0.0724293743800742,0.036971126039952,0.0535551594375124,0.0174668275030157,0.208848577530519,0.0665331034804081,0.0659774026087336,0.0333201213767292,0.0431987828650216,0.0445466401262956,0.0720153735287053,0
CATATTCTCATCGCTC.2,0.0564825114324558,0.203813280736358,0.115150544522742,0.105720275531596,0.0674185371588112,0.0268719135115896,0.0493959199841553,0.0153093227640875,0.122623724523427,0.0363149872538122,0.0414169175064346,0.0561659768292604,0.0499786050492084,0.0515380014316111,0.0456401633437425,0
CGCCAAGTCATGGTCA.2,0.0666913854900507,0.279106994826058,0.14445868033312,0.114990879141823,0.0678961096212483,0.0361369399830938,0.0457833234303823,0.0167361709460624,0.191044638384264,0.0700541130583529,0.0473759979060332,0.040565038563752,0.0338705843198783,0.0337115009364306,0.0179197693970694,0
GTTCTCGGTTGATTGC.2,0.096366332962551,0.265557556527456,0.136405234739636,0.0939992921124997,0.0620917673854745,0.0451350269164034,0.0409744503862151,0.0276615543684301,0.212513512800907,0.0576207559853835,0.0723901758059591,0.0363740326573577,0.0327770646127514,0.033799750938882,0.01109776603411,0
CCGGGATAGAATGTGT.2,0.0667779013718947,0.272875396621216,0.144138372837924,0.128971657273544,0.0753462400352669,0.0350580593495573,0.0567557932263815,0.0198449078063071,0.217648377145569,0.0547453757629409,0.0693539240064564,0.0405130570951456,0.0523938572719061,0.0540286126119059,0.102906557770838,0
TTTACTGGTCCGAACC.2,0.0695464095909035,0.165623302747049,0.0876727372563375,0.101881347164366,0.0963814701884574,0.0181185211549584,0.0386531986531987,0.0101120110287782,0.192758457035885,0.0673983799362358,0.0470008288618418,0.0620138920474851,0.0373318119146104,0.0362021121167253,0.0438625990871967,0
GCTCTGTAGGATGTAT.2,0.0603757261154369,0.201269187891261,0.14306305481834,0.0988319856244385,0.0505932919437199,0.0500845308537616,0.0428520499108734,0.0185490263656729,0.15505444670024,0.0493473818731238,0.0423068533787026,0.0478879279536845,0.0667807730708886,0.0631575850877107,0.0622147489791016,0
GAACCTAAGTGCAAGC.2,0.089420343591645,0.21827744904668,0.100919740093347,0.132715293092652,0.0583593549098123,0.0387062330382168,0.0344701921172509,0.0237945890056867,0.2021646847892,0.0544392010170326,0.0732888365397199,0.0230992651119876,0.0411448675890268,0.0424286400674622,0,0
CTGCCTACATTGGTAC.2,0.0796811271783463,0.223479975988337,0.150544522741832,0.132021018813472,0.0575658498953014,0.0231570049383815,0.0391681521093286,0.0110012062726176,0.153604292456561,0.0722971758707676,0.0486847271299568,0.0457761807915478,0.0356677601863738,0.0298677230518812,0.0163343742493394,0
AAAGATGCAAGTACCT.2,0.128105302187616,0.267615699053826,0.118651047863091,0.100438345721365,0.0560890488960729,0.0401966454598034,0.0454585066349772,0.0338032052386697,0.202322883433965,0.0740410407278972,0.059023687998953,0.0372772106743946,0.0381685922122379,0.0393595010933195,0.0519337016574586,0
GAGGTGAAGGTTCCTA.2,0.100704486466444,0.343309607523654,0.110551844056008,0.0960685017288791,0.0596157378494545,0.0437113493793656,0.0694949494949495,0.0169016026193348,0.172047617792074,0.0732556359449152,0.0569646206866466,0.0491614739345423,0.0525745257452574,0.0499887236107979,0.079365841940908,0
GGCCGATAGAACTCGG.2,0.057236435545668,0.189492038990367,0.149881028644642,0.138773176509026,0.0814150839425444,0.0367264314632736,0.04349376114082,0.0130553162157505,0.219217180372821,0.0545390406080897,0.0503337259521005,0.0477839650164716,0.0530499690961822,0.0547051959640332,0.0283449435503243,0
CAGGTGCAGACATAAC.2,0.108750463477938,0.153245862275963,0.0641758945730759,0.0960276620653979,0.0527827780022777,0.0387507229612493,0.0346761734997029,0.0176736170946062,0.242492155983864,0.0756384741848097,0.0750250839767919,0.0601165684433499,0.0514239528360196,0.0530284459174568,0.0283929858275282,0
ACGAGCCCAGAGCCAA.2,0.0594734890619207,0.21599062401738,0.184977578475336,0.133967709439408,0.0751478637816392,0.0268496685500734,0.0363557140027728,0.0170118904015165,0.200740896986316,0.0515904446855386,0.0413994677834489,0.0606038947115353,0.0373888651167213,0.038555445515429,0.0486187845303867,0
ATCATGGTCTGGGCCA.2,0.0931652453343221,0.196867049709859,0.134483389768463,0.136758419777288,0.0800778810477205,0.0391956221915736,0.0322440087145969,0.0168395657418577,0.160723231470984,0.0645030317955818,0.0617720193691925,0.0378490068290654,0.0585746208339276,0.0604022239000618,0.050828729281768,0
GGCTCGAGTACCATCA.2,0.0829810901001112,0.169853929051253,0.0832570696440011,0.100370279615563,0.0518643694206679,0.0378164345775682,0.0328461081402258,0.0169153885921075,0.215308355525088,0.0645562795774789,0.0546612572525411,0.0423843899649775,0.0449674321304617,0.0406244177951227,0.0173913043478261,0
CCGTGGACACTATCTT.2,0.0497589914720059,0.178915473229854,0.159101308684909,0.141999509924038,0.086146724954998,0.0327000934288384,0.0411249752426223,0.00555574702739962,0.17242993118359,0.050532145020334,0.0418880600270471,0.0591549112741308,0.0449674321304617,0.0451840012551111,0.0465529666106173,0
GGGAATGGTGGGTCAA.2,0.0685576566555432,0.25546694108567,0.156996430859339,0.113711236352746,0.065074758458543,0.0466031943764737,0.0328857199445435,0.0205548854041013,0.20433332454452,0.0715184270605228,0.0472102255376696,0.0480698630938071,0.0285646365235582,0.027151584087544,0.0356473696853231,0.00581311554167668
AGCGTCGGTCCGTCAG.2,0.0827462612779632,0.243632621559043,0.136039169030841,0.102112771924093,0.0689026854266926,0.0405303198825466,0.0441117052881759,0.0250628985007755,0.227127112611069,0.0676978987094069,0.0956506565458273,0.0294994834341557,0.0393001473874388,0.0405263622368434,0.0387701177035792,0
CTTAGGAGTGGCTCCA.2,0.132727722160425,0.298516422262242,0.12013818980507,0.0697269187835226,0.0588075382976379,0.0490056502202251,0.0367042978807685,0.0305841805962433,0.20392464471221,0.0899554715423886,0.0795707368145531,0.035561822210382,0.0374554271858508,0.0377710010491945,0.0275762671150613,0
ATAAGAGTCTCCCTGA.2,0.0768261030774935,0.215247405882857,0.139493914157591,0.126575730349315,0.0699386503067485,0.0476042176447035,0.0325054466230937,0.0126210580734103,0.225446252010441,0.0742873117191712,0.0604632901452689,0.0780241843782691,0.0654305139542623,0.067305335202926,0.0719673312515013,0
CACAGTAGTTATCCGA.2,0.0530589543937709,0.238458679930252,0.172851651871511,0.1315990089575,0.0806068843907277,0.0387952128842817,0.0307229154287978,0.00567982078235395,0.192389326864767,0.0524157853049434,0.0361645508877547,0.0513706863503161,0.0441496695668711,0.0437818067717169,0.0219553206822003,0
AACTCCCCAGCGATCC.2,0.0660734149054505,0.237515364605666,0.150979225771026,0.105693049089276,0.0533852540318137,0.0370378609245006,0.050512972865914,0.0222850249870757,0.217839533841327,0.0563095293561678,0.0552021986650962,0.0373681782444559,0.0463272001141064,0.0477726679936852,0.0458323324525583,0
AGTGTCATCCTTGGTC.2,0.0840810777406995,0.195009004373553,0.132927610506086,0.102058319039451,0.0491752690937144,0.0452240067624683,0.0396593384828679,0.0189212476305359,0.220390486988161,0.0731424844083839,0.0676264014308773,0.0621113573011221,0.0385774734940332,0.0397811399939206,0.0343021859236128,0
AGCGGTCGTCCTCTTG.2,0.0476578914843653,0.125089329102707,0.0795735334492541,0.0971711726428708,0.0399103633224349,0.0173733149441651,0.05708853238265,0.0144545924521799,0.161033037150315,0.0591715976331361,0.0315229245735724,0.0345806719904354,0.0406123710359911,0.0373591677044213,0.00297862118664425,0
TTAACTCGTCATGCCG.2,0.0792485477691262,0.158934339536346,0.100919740093347,0.124792398377304,0.0656331508761618,0.0387507229612493,0.049554367201426,0.0148061347578839,0.179515912147019,0.0636111314488056,0.0554552196483881,0.0481673283474441,0.0346408025483764,0.0304462508457292,0.0471294739370646,0
TGCGTGGCAAAGCAAT.2,0.0703497713508837,0.249492610696624,0.183376040999359,0.13856897819162,0.0692039234414606,0.0197980157494328,0.0540542681719152,0.00824401171807686,0.186384369973897,0.0604362324531919,0.0597391266413646,0.060915783523174,0.0464508153853468,0.0447819734661659,0.0371366802786452,0
CTGATAGGTCAAGCGA.2,0.0544555679149672,0.218334619672412,0.144023977303926,0.206158621252961,0.0894750376547518,0.0262156871468612,0.03119825708061,0.0119179734620024,0.188104780235716,0.0522294180683036,0.0485887536535358,0.0398697864211409,0.04801026957638,0.0495082513752292,0.0917127071823204,0
ATTGGTGAGCGATTCT.2,0.102644914102089,0.272017837235229,0.122815045300631,0.124969370252389,0.0703941809632269,0.0545224006762468,0.0315547633194692,0.0326382905393762,0.223910406834181,0.0836389534148468,0.0902150678357981,0.024821151259576,0.0478581277040841,0.0493513624819823,0.0312755224597646,0
TGTTCCGAGCTACCGC.2,0.0979236188357434,0.208101077666295,0.135673103322046,0.14936426257181,0.0987840270379486,0.0504070827957468,0.047740146563676,0.0178941926589695,0.190616183721359,0.0697279703942333,0.0794922130611177,0.0568222428704167,0.0473446488850853,0.0469097790808272,0.0417487388902234,0
GGTGCGTTCACCACCT.2,0.0777530589543938,0.167395592144756,0.117529971629908,0.11944240246127,0.082524521509129,0.0336343818125195,0.0419885125767479,0.0139651904187489,0.200912278851478,0.0544525129625069,0.0587881167386468,0.0826635304513941,0.0496648124375981,0.0495768902660247,0.0661061734326207,0
CGAACATAGCGATGAC.2,0.0962180200222469,0.280993625475231,0.168619017113572,0.110008440197119,0.0758385070350097,0.0359033678871736,0.0331075460487225,0.0132552128209547,0.172996809660664,0.0731824202448067,0.0838022946385726,0.0420400127354598,0.0441496695668711,0.0404283066785641,0.0386740331491713,0
TGGTTCCAGTTCGCGC.2,0.096576442961315,0.187062287396736,0.0929349318202617,0.0956192654305862,0.0575364608206899,0.0443786982248521,0.0379084967320261,0.0237876960193004,0.222822791151422,0.080310967046279,0.0739432011516817,0.0737227178510861,0.0544287548138639,0.0561270015590834,0.0225798702858515,0
ACGAGCCCACCACCAG.2,0.0531701890989989,0.225566703827573,0.191109179097648,0.185657110185412,0.105925572168546,0.0351359167148641,0.0343751237868885,0.00980182664139238,0.218927149524086,0.0737015861183033,0.0569646206866466,0.0450874263325125,0.062501782912566,0.06297127952698,0.0819120826327168,0
CGTGTAACATGTCCTC.2,0.119540229885057,0.256896206728983,0.130319392330923,0.0989408913937216,0.0795341831674075,0.025470480936068,0.0419568231332937,0.0186110632431501,0.161593324017191,0.0923715896459688,0.0680975439514898,0.062884581646643,0.0358294109256882,0.0327211397978094,0,0
TACACGACACGCCAGT.2,0.0887034977135088,0.239859360260698,0.135764619749245,0.107544447167089,0.0554939201351897,0.0315099879877208,0.0390651614181026,0.023291400999483,0.226659108286972,0.0743472154738054,0.0801116782271081,0.042299920078492,0.0450339941995911,0.0464391124010865,0.0377131876050925,0
CAACCAACAACACCTA.2,0.0651217402051662,0.246634079409999,0.121305024251853,0.119959704865365,0.100628191469821,0.0450460470703386,0.048904733610616,0.015357573668792,0.172265140928626,0.0411405674882356,0.0390961043493435,0.0491614739345423,0.0556744163932867,0.0574115293725425,0.0920009608455441,0
CTCGGGAAGCTATGCT.2,0.128426646891608,0.229368550438785,0.106159055550471,0.0660649622913774,0.0595936960434958,0.0357365306758019,0.0371954842543078,0.028226779252111,0.182119598175442,0.0811163397474724,0.082842559874362,0.0380114489184606,0.0416583464080255,0.0429581400821706,0.0195051645447994,0
AGGTCATCACAACTGT.2,0.060684711407737,0.20913014892948,0.145259449071108,0.171458520515124,0.092546195951655,0.0414423633047115,0.0461794414735591,0.00525934861278649,0.23763413926754,0.0565558003474418,0.0588230161846181,0.0450809286489367,0.0456710882898303,0.0470960846415579,0.0627912563055489,0
TATGCCCTCTTGAGGT.2,0.125386231615375,0.218791984678272,0.094307678228242,0.117495711835334,0.0716726057088277,0.0464919695688926,0.0269994058229352,0.0300189557125625,0.23131937669734,0.0726965342349958,0.0766130087684858,0.0302727077796765,0.0357438311225218,0.0368590843571968,0.00773480662983425,0
AACCGCGGTCTCGTTC.2,0.109183042887159,0.255895720778664,0.140912418779171,0.0914536197555065,0.0601300466551559,0.0558570983672198,0.036609229550406,0.0123108736860245,0.214991958235558,0.0878388722119794,0.0724512498364088,0.0867180850026965,0.0509770360861503,0.052567584793544,0.0210905596925294,0
ACACCAACATGCCTTC.2,0.0801384254109504,0.226710116342223,0.137709343827217,0.112036810150018,0.0810330259725947,0.0292298794323086,0.0388987918399683,0.0104497673617095,0.178810609855776,0.0577472194673891,0.0412947694455351,0.0982579710333266,0.0406789331051205,0.0386829177411922,0.0449675714628873,0
TGCCAAAGTAATCACC.2,0.113854900506736,0.249121001629363,0.145533998352704,0.107503607503608,0.0580801587010029,0.04744850291409,0.047534165181224,0.0256901602619335,0.218169114351254,0.0744603670103367,0.0575928107141299,0.0326378646012696,0.0433889602053915,0.0447427512428542,0.0600048042277204,0
TGGCTGGTCTATGTGG.2,0.105438141144482,0.238601606494583,0.137869497574815,0.131449263524735,0.0810403732412476,0.0414757307469858,0.0333293721529016,0.0226503532655523,0.181671368681942,0.0807369493014557,0.0557693146621297,0.0337229777584291,0.0523272952027766,0.0539599737211104,0.0940187364881095,0
GGGCACTGTATTACCG.2,0.0933877147447782,0.268844867507075,0.115127665415942,0.105611369762313,0.0604827155504941,0.0325888686212573,0.0526123984947514,0.0199000516973979,0.238299891897593,0.0721041526613907,0.0734982332155477,0.0381089141720976,0.0531545666333856,0.0548130570781405,0.0832572663944271,0
CCAGCGACAAACCTAC.2,0.0957730812013348,0.231741131406683,0.118696806076691,0.0815159683084211,0.0555894346276772,0.0421542020732304,0.0439374133491781,0.034692400482509,0.19526326891133,0.0669923655992705,0.0608820834969245,0.0518125288334709,0.0430371321257072,0.0443799456772207,0.0374729762190728,0
CTGAAGTTCGACAGCC.2,0.103052774687925,0.293371065946317,0.186876544339709,0.124683492608021,0.0723926380368098,0.0477154424522846,0.0335195088136265,0.0199896605204205,0.189647217022174,0.0655147396516264,0.0655411595340924,0.034359750748858,0.0570722198450055,0.0588333349675926,0.0507326447273601,0
AGCGTATGTACTTGAC.2,0.0758249907304412,0.259383128948346,0.131440468564107,0.0848375942715565,0.0563682451048823,0.0355252035413979,0.0651614181025946,0.025524728588661,0.193799931447254,0.0639705539766109,0.0564411289970772,0.0315722444948376,0.0392811296534018,0.0405067511251875,0.0433821763151573,0
TCAATCTCAAAGGTGC.2,0.0968977876653071,0.199496898493554,0.092706140752265,0.0957826240845109,0.0672789390544065,0.0348356097343952,0.0276015052485641,0.0131587110115458,0.200055369525668,0.0794124107267657,0.0468612310779566,0.0828714563258198,0.0504540484001331,0.0485963346832315,0.0537593081912083,0
AGCTTGAGTTCCACAA.2,0.0797923618835743,0.192121887774062,0.117484213416308,0.111015818562988,0.0736931045883693,0.0355474485029141,0.0623885918003565,0.0219541616405308,0.178612861549819,0.0782143356340812,0.0628277276098242,0.0434630054385612,0.0324632720011411,0.0334761675965602,0.0498198414604852,0
CATGGCGGTGACGGTA.2,0.0807316771721666,0.204470742932281,0.14166742930356,0.172043889025021,0.0732449212005437,0.0376384748854384,0.036609229550406,0.0210167154919869,0.198077886466106,0.067751146491304,0.0633773938838721,0.0446195931150545,0.0527837208196643,0.0544306404008511,0.0970453999519577,0
TTCTACATCCTTTCTC.2,0.0655543196143864,0.236743561158277,0.161343461151277,0.13997113997114,0.0670879100694317,0.0393847043644614,0.0561140819964349,0.0136067551266586,0.144389221399003,0.0645895594411645,0.0364524713170178,0.0381349049064009,0.051528550373223,0.0531363070315641,0.0136440067259188,0
GCGGGTTGTGACAAAT.2,0.0977135088369794,0.216362233084641,0.123936121533815,0.114636935391652,0.0726057088277433,0.0380833741157628,0.0358407605466429,0.0173703256936068,0.193753790175864,0.0835590817420012,0.0638310866814989,0.0490964970987843,0.0427518661151524,0.0419481678318935,0.0170069661301946,0
TTATGCTCAGCGAACA.2,0.110418984056359,0.269302232512935,0.156515969616546,0.143932587328814,0.0758017706917453,0.0521199448324954,0.0489126559714795,0.0312183353437877,0.201729638516097,0.0786203499710465,0.0890895607032238,0.0413252675421212,0.0491513336185993,0.0506849180745811,0.076963728080711,0
TGACAACTCGCTAGCG.2,0.0692868619453714,0.194808907183489,0.12846618468015,0.0939992921124997,0.0663972668160611,0.0366596965787249,0.0320459496930085,0.0181354471824918,0.222025206317399,0.0590318222056562,0.0495223138332679,0.0765752009408646,0.0669329149431845,0.0613533628153712,0.0477540235407158,0
ACTTGTTTCGCAGGCT.2,0.133172660981337,0.278964068261727,0.0910817241694884,0.0617223447412127,0.0413136916351346,0.0312875383725586,0.0395246583481878,0.0370015509219369,0.195428059166293,0.0818751206395059,0.0483619072547223,0.0759644186847389,0.0599058622165169,0.0617750017159723,0.0742253182800865,0
AGTGAGGTCGAATCCA.2,0.0847608453837597,0.312751908069634,0.136977212409628,0.0879822483596068,0.0658829580103596,0.0355696934644303,0.0520657555951674,0.0191142512493538,0.177156115695942,0.0684300557104918,0.0638659861274702,0.0767376430302597,0.0546759853563448,0.0563819460106096,0.0642325246216671,0
CGCTGGACAATCGGTT.2,0.110196514645903,0.162821942086156,0.088404868673927,0.117522938277655,0.0624885198927299,0.0234906793611247,0.0427094474153298,0.0160261933482681,0.168949560998761,0.0691688686843139,0.0415303407058413,0.0450224494967544,0.0463747444491989,0.0410950844748635,0.0334374249339419,0
GGAATAAGTGCAGGTA.2,0.0661846496106785,0.200240116628077,0.112999908483573,0.105978926733644,0.0695345505308402,0.0278062018952707,0.027585660526837,0.0194657935550577,0.226771165660348,0.0615078440638707,0.0584827465863979,0.0504090291810969,0.0556078543241573,0.054156084837669,0.0624069180879174,0
AGATCTGTCCGCGTTT.2,0.0752317389692251,0.202241088528714,0.0874439461883408,0.0815431947507419,0.0593144998346865,0.0415424656315345,0.0268568033273916,0.00798897122178184,0.221814274791046,0.0716515465152655,0.0692143262225712,0.0906556812496345,0.0674749203632387,0.0667464185207338,0.0536632236368004,0
TCTCTAATCCGCAGTG.2,0.0851563465579038,0.230054597947575,0.160474055092889,0.165196438781344,0.0974468241431248,0.0184410730969435,0.0476530005941771,0.00955367913148372,0.155093996361431,0.0576407239035949,0.0599746979016708,0.0629885445838559,0.0546854942233633,0.0563917515664375,0.0790295460004804,0
GCTTGAACACTATCTT.2,0.103856136447905,0.315639024669125,0.1319438089137,0.0792153339323151,0.0380515043532567,0.0373492903857276,0.0550049514755397,0.0172462519386524,0.186898515569383,0.0684699915469146,0.0442873969375736,0.0560555162084717,0.0481814291827129,0.049684751380132,0.0117703579149652,0
CATCAGATCTTCGGTC.5,0.0526387343962427,0.216590915587571,0.174132881852292,0.135723814969098,0.0768450828404541,0.0460804377808426,0.0396593384828679,0.00816129588144063,0.198651356553379,0.051417389394373,0.0429612179906644,0.0803048713133768,0.0541434888033091,0.0558328348842454,0.0216190247417728,0
CAACCAAGTTGGGACA.2,0.0621554813990854,0.2602692736472,0.168550379793173,0.120354488279017,0.082825759523897,0.0354251012145749,0.0324183006535948,0.0151163191452697,0.215506103831044,0.0653217164422494,0.0502901016446364,0.0610522348782659,0.0327865734797699,0.0315444730984576,0.0221474897910161,0
GCCTCTACACTCTGTC.2,0.0660734149054505,0.204499328245148,0.15761416674293,0.0789566827302676,0.0504610411079681,0.0366819415402411,0.0485799168152109,0.0120351542305704,0.20780710311915,0.0578204351674976,0.0339048117611133,0.105957726070656,0.0623781676413255,0.059647196101311,0.0653855392745616,0
CTGAAGTTCGGCATCG.2,0.106760598195526,0.19540919875368,0.0733732955065434,0.0637507146941109,0.0455383711105397,0.050940961872136,0.0290354525648643,0.025131828364639,0.261423260474069,0.0801046318914278,0.0725035990053658,0.0592718695784953,0.0411353587220083,0.039428139984115,0.0236848426615422,0
TTTATGCTCGGCTACG.2,0.10542578173279,0.242917988737387,0.116202983435527,0.106046992839446,0.0678887623525954,0.0318770298527384,0.0210259457318281,0.0179355505772876,0.219243546813616,0.0817885929939231,0.0662653230379968,0.0879916309835544,0.0801217134978367,0.0822980300638342,0.0725918808551525,0
GGCTCGACAAGTCTAC.2,0.0640093931528859,0.122945430637738,0.109293493182026,0.0878461161480029,0.0757576870798281,0.0162499443875962,0.0583719548425431,0.00903670515250732,0.129564690062488,0.0582530733954114,0.0214020852418968,0.0777252909337821,0.0491703513526363,0.0507045291862369,0.100504443910641,0.00802306029305789
CGGGTCACAGACACTT.2,0.0815844765789148,0.179315667609982,0.103161892559714,0.0862533692722372,0.0502038867051174,0.0390176624994439,0.0357298474945534,0.0146682750301568,0.234859071373955,0.0606026317716203,0.0664136456833748,0.0685440640411693,0.0485903104645082,0.0501063902807331,0.0425174153254864,0
GCATGTAGTTCCACAA.2,0.0896304535904091,0.165251693679787,0.0735792074677405,0.0756350567671322,0.0425921163807355,0.0382279663656182,0.0267538126361656,0.0211476822333276,0.24652622142537,0.0839318162152808,0.0792217423548401,0.0614291005256626,0.0434079779394285,0.0447623623545101,0.0435263031467692,0
AAAGTAGAGAATAGGG.2,0.100580892349524,0.131978389503473,0.0969845337238034,0.102779819760952,0.0424304764703721,0.0295746763358099,0.0644642503466033,0.011283818714458,0.172588129828354,0.0668858700354763,0.0336256161933429,0.0792717396248238,0.0661626967146864,0.0682270574507516,0.0632236368003843,0
GCTTGAATCCGTACAA.2,0.0673340748980348,0.207815224537633,0.150956346664226,0.123458302703586,0.0753241982293082,0.0425879788227966,0.0239968310556546,0.0184456315698776,0.23095683813642,0.0683102482012234,0.0588142913231252,0.0749767707812165,0.0569390957067465,0.0524499181236088,0.0561614220514052,0
GTGGGTCAGGCAAAGA.2,0.0745766901495489,0.166137838378641,0.0851789146151734,0.0844291976367448,0.0557363800007347,0.0244583351870801,0.0253832442067736,0.0180734103050146,0.221867007672634,0.061814018809779,0.034515552065611,0.0924490419165567,0.0237436409451814,0.0244844729023465,0.0128272880134518,0
ACTGAACCACAGGAGT.2,0.0583858608330243,0.23039762170197,0.108561361764437,0.114051566881756,0.0845009367767532,0.0287182453174356,0.0601307189542484,0.0108702395312769,0.186364595143302,0.0538800993071132,0.0411289970771714,0.119219498248874,0.0537155897874768,0.0553915848719885,0.0814797021378813,0
GGTATTGTCGTCACGG.2,0.0769373377827215,0.0874996426835892,0.0668298709618377,0.116188842603937,0.0641563498769332,0.0427548160341683,0.0263260051495346,0.00836119248664484,0.209758219737918,0.0709526693778662,0.0666230423592026,0.099278107354728,0.0641087814386916,0.0620887795024661,0.0244535190968052,0
ACCGTAAGTAGCTTGT.2,0.0992089976517118,0.247405882857388,0.128832250388945,0.133886030112445,0.0698872194261783,0.0451350269164034,0.0390255496137849,0.0191762881268309,0.235557782055,0.0783607670342982,0.0689613052392793,0.0543921092130655,0.0563590548186184,0.0581175293921536,0.0482344463127552,0
CGTGTAACAATTCCTT.2,0.064306019033494,0.170311294057113,0.132538665690491,0.0939039995643769,0.0515704786745527,0.0373159229434533,0.0328144186967716,0.0145028433568844,0.220904632583648,0.0699143376308731,0.0631941717925228,0.0849832034879565,0.0635667760186374,0.0655501407097261,0.0527984626471295,0
ATCCACCCACATGTGT.2,0.0442343344456804,0.101277763485121,0.0848814862267777,0.133681831795039,0.0844495058961831,0.022078124304845,0.0473757179639533,0.00593486127864898,0.172752920083318,0.0456932528404364,0.0270208960432753,0.0923385812957681,0.0629391907954167,0.062530029514723,0.0530386740331492,0
TGAGCCGGTATTACCG.2,0.0557038684958596,0.148815138781694,0.106616637686465,0.0876691442729179,0.0563094669556592,0.0202095475374828,0.0496335908100614,0.00874719972428054,0.115214754660268,0.0462856344140414,0.0446974654277363,0.0648338867193845,0.0392145675842723,0.040438112234392,0.0548642805668989,0.00859956761950516
ATCATCTAGTGCTGCC.2,0.0588184402422445,0.134408141097104,0.0529651322412373,0.0756758964306134,0.0581756731934903,0.0152377986386084,0.059520697167756,0.012028261244184,0.147553194294302,0.0502592501381114,0.0384591894603673,0.0660489535480601,0.0631959302049161,0.0651677240324368,0.0620225798702859,0
GACAGAGTCCTTTACA.2,0.053615127919911,0.195837978446674,0.116386016289924,0.152576982765662,0.0805995371220749,0.0237576188993193,0.037448999801941,0.00985007754609685,0.199429166556807,0.044302154538375,0.0344370283121755,0.068355631217471,0.0454333666143679,0.0468509457458596,0.0551525342301225,0
GGACAAGTCGTTACGA.2,0.0767766654307255,0.19815338878884,0.0771712272352887,0.0784802199896539,0.0560376180155027,0.043655736975575,0.0354763319469202,0.0139927623642943,0.232367442718907,0.0696946905305476,0.0617283950617284,0.0652692315189635,0.0522131887985547,0.0538128903836914,0.0526543358155177,0
TGGCTGGTCCCAACGG.2,0.0663947596094426,0.120286996541177,0.0722064610597602,0.0942851697568679,0.0585650784320929,0.0424989989767318,0.0541255694196871,0.00758228502498708,0.159727898331004,0.0499264515012547,0.0408934258168652,0.0860228328600854,0.0604003233014786,0.0613043350362315,0.0909920730242613,0
TCAGCAAGTTGGGACA.2,0.0622667161043134,0.151016207872395,0.0924773496842683,0.104944321925454,0.0681459167554462,0.0317658050451573,0.0496098237274708,0.0158883336205411,0.180161889946476,0.0586457757869024,0.0297779522750076,0.101903171519353,0.0490752626824514,0.0506064736279576,0.0257987028585155,0
TCGGTAAAGCTAACTC.2,0.0862934124335682,0.25432352857102,0.128855129495744,0.0852187644640475,0.0494765071084824,0.0277728344529964,0.0522242028124381,0.0278476650008616,0.191136920927044,0.0596042358610499,0.0355450857217642,0.0880825985536156,0.0528788094898493,0.0545286959591304,0.067451357194331,0
ATTTCTGAGATATACG.2,0.0708565072302558,0.22262241660235,0.120389859979866,0.131381197418933,0.0824216597479887,0.0330893802553722,0.0268726480491186,0.0133172496984318,0.187709283623804,0.0650954133691868,0.0588230161846181,0.0962566844919786,0.0586221651690201,0.0572742515909514,0.0721114580831131,0
CGATGGCTCTGTCTAT.2,0.0665925101965146,0.182174198896607,0.142239406973552,0.111451441640121,0.0628338415194152,0.0388841927303466,0.0176747870865518,0.0118766155436843,0.229526458723337,0.0706265267137466,0.0616149718623217,0.0846973054106211,0.0500451671183378,0.0516066403224067,0.0496276723516695,0
TCTCATAGTGTTTGTG.2,0.082264244221975,0.166309350255839,0.0893657911595131,0.0846878488387922,0.0551265567025458,0.0498509587578413,0.0410695187165775,0.0200516973978976,0.222822791151422,0.0710724768871347,0.063778737512542,0.0815134404584766,0.0602101459611087,0.0620887795024661,0.0230602930578909,0
CCTTCCCAGTGCCAGA.5,0.0954146582622667,0.333619186461996,0.163311064336048,0.121715810395056,0.0804672862863231,0.0377719446545357,0.0339393939393939,0.0184938824745821,0.215229256202705,0.0920521029545863,0.071849234393404,0.06511978479672,0.073265820377502,0.0669523351931204,0.0430939226519337,0
CACCACTTCCCTTGCA.2,0.0782227165986899,0.196695537832662,0.112908392056374,0.105624982983474,0.0705778626795489,0.0265382390888464,0.0396989502871856,0.0140341202826124,0.187340153452685,0.0663134563800827,0.0471666012302055,0.0769455689046855,0.0564446346217848,0.058205779394605,0.0678837376891665,0
AATCCAGCAACACGCC.2,0.089197874181189,0.31140839836492,0.126658735242976,0.0886356829753056,0.0632012049520591,0.0400965431329804,0.0386690433749257,0.0311700844390832,0.220792575210272,0.0661936488708142,0.0669109627884657,0.0648338867193845,0.0629582085294537,0.0606767794632439,0.0688445832332453,0
GCGGGTTAGGAATGGA.2,0.0877641824249166,0.203098647914701,0.0944907110826393,0.0706253913801084,0.0587193710738033,0.0481603416826089,0.0397306397306397,0.0252972600379114,0.240626730297677,0.0774622107147849,0.0895170789163722,0.0724686649209557,0.0675129558313127,0.069619446378318,0.0414604852269998,0
CGCCAAGTCAATAAGG.2,0.0623655913978495,0.147585970328445,0.0819529605564199,0.117155381306325,0.0742000661254179,0.0304867197579748,0.0353654188948307,0.0108771325176633,0.179232472908482,0.053034790769497,0.0676700257383414,0.0963801404799189,0.0788189987163029,0.0768167243560201,0.0482824885899592,0
GTACGTATCCAGTATG.2,0.119095291064145,0.27261812880542,0.117072389493914,0.0605652209425794,0.0479262334227251,0.0301752902967478,0.0330362448009507,0.0279303808374978,0.235946687056714,0.0674649396636071,0.0628015530253457,0.0614096074749352,0.0364760138829458,0.0376141121559476,0.0192649531587797,0
TTTGCGCAGACTAAGT.2,0.0907675194660734,0.244833204699425,0.104534638967695,0.080154646192382,0.0473090628558833,0.0349023446189438,0.0331313131313131,0.0178321557814923,0.221544018772906,0.0657077628610033,0.0585699952013262,0.0565038563752022,0.0457566680929967,0.0471843346440093,0.0291616622627913,0
CCCAGTTGTTCGTTGA.2,0.0853046594982079,0.301232026984535,0.147730392605473,0.102997631299518,0.0608059953712208,0.0261267073007964,0.050188156070509,0.0208099259003963,0.19128852796161,0.0675847471728756,0.0518780264363303,0.0528001767369933,0.0402415252222698,0.0414971122638087,0.0631755945231804,0
TAAGCGTGTGTTTGTG.2,0.0876776665430725,0.221393248149101,0.120641530154663,0.0912358082169403,0.0564858014033283,0.032766828313387,0.0331630025747673,0.0214234016887817,0.217813167400533,0.0612615730725967,0.0520961479736509,0.0714420309159784,0.037978414871868,0.0382514732847631,0.0238770117703579,0
TTAGGCATCAGTCCCT.2,0.0698801137065876,0.245776520024012,0.196142582593576,0.116542786354107,0.08137834759928,0.0248921119366463,0.0570409982174688,0.015729794933655,0.176918817728795,0.0492009504729069,0.0324564847533045,0.0597786888974081,0.029905386773166,0.0308384730788465,0.0457362478981504,0
ACTGCTCAGTGCCAGA.2,0.0957607217896428,0.292170482805934,0.121968518349044,0.076220425277029,0.0553322802248264,0.0371490857320817,0.033749257278669,0.0288195760813372,0.216165264850898,0.0748197895381421,0.0584565720019195,0.0574200297593908,0.0563115104835259,0.0545188904033025,0.0437665145327889,0
TAGTTGGAGCCGTCGT.5,0.0788159683599061,0.179515764800046,0.0849730026539764,0.113901821448991,0.0768303883031483,0.0375494950393736,0.0300653594771242,0.00978804066861968,0.213765918738629,0.0770695083232939,0.0610827553112594,0.122734745063385,0.0826891075928303,0.0828863634135101,0.0927696372808071,0
TCTCATAAGTTTGCGT.2,0.0594240514151526,0.213989652116742,0.197629724535554,0.132905878188897,0.0876235259542265,0.0390065400186858,0.018783917607447,0.00526624159917284,0.21827458011443,0.0680639772099493,0.0526632639706845,0.0958798188445819,0.0636143203537299,0.0632360295343342,0.0459764592841701,0
GGACAAGCAAGCGATG.2,0.12763564454332,0.240316725266558,0.113365974192368,0.0795284380190041,0.0534660739869953,0.0242803754949504,0.0580392156862745,0.0270618645528175,0.164955045218446,0.0897691043057488,0.0435894080181477,0.0992521166204248,0.0513383730328531,0.0503417236206034,0.011866442469373,0
GATCTAGAGGAGTTGC.2,0.078420467185762,0.173026898779407,0.132813214972087,0.0964224454790493,0.0812167076889166,0.0174734172709881,0.031404238463062,0.00881612958814406,0.193450576106731,0.0659740017704887,0.0637438380665707,0.0709677000149447,0.0478296011030286,0.0493219458144985,0.0599567619505165,0
AGTTGGTGTACTTGAC.2,0.0939809665059943,0.202555526970243,0.0716344833897685,0.0812981567698549,0.0424084346644135,0.0361480624638519,0.0286868686868687,0.0231121833534379,0.2382669338466,0.07143189941494,0.0613968503250011,0.0426637903587371,0.0540388912661056,0.0557249737701382,0.02853711265914,0
GCACTCTAGCTGCCCA.2,0.0557285873192436,0.118028756824743,0.0517754186876544,0.121198507990961,0.077814922302634,0.0334341771588735,0.0392949098831452,0.00674134068585215,0.176951775779787,0.0573811409668466,0.0514854076691533,0.118342310966141,0.0742737602814625,0.0765911965719777,0.066682680759068,0
CCATGTCTCGACGGAA.2,0.0565566679026078,0.196838464396993,0.117713004484305,0.118870647172534,0.0737298409316337,0.0266272189349112,0.0359199841552783,0.0121730139582974,0.202975452843621,0.0573811409668466,0.0437551803865114,0.0751717012884907,0.0382446631483859,0.0394379455399429,0.0503002642325246,0
AGAGTGGAGTATGACA.2,0.0651958966753182,0.183460537975588,0.129747414660932,0.149228130360206,0.0847654384482569,0.030609067046314,0.0498554169142404,0.00533517146303636,0.171131383974477,0.0496202767553464,0.0392967761636784,0.0998758942437021,0.0442162316360006,0.0447819734661659,0.0433341340379534,0
CAGTCCTCAGCCTATA.2,0.0754912866147571,0.199897092873682,0.113937951862359,0.105761115195077,0.0759487160648029,0.0430217555723629,0.0448643295702119,0.017473720489402,0.203127059878187,0.0506918883660253,0.038921607119487,0.078894873977427,0.0592877858603147,0.060510085014169,0.0670189766994956,0
TAGTGGTCAAGCCCAC.2,0.0705351625262638,0.208158248292028,0.183696348494555,0.090391788504996,0.0709158370375813,0.0389398051341371,0.0187522281639929,0.00792004135791832,0.228669549397527,0.0669923655992705,0.0507088949962919,0.0863996985074821,0.0642038701088765,0.0638733906631497,0.0565457602690368,0
CCATGTCCAGACGTAG.2,0.0762946483747374,0.218077351856616,0.136954333302828,0.0883498053309374,0.0685647110686602,0.0269942607999288,0.0494117647058823,0.0114699293468895,0.168165159385135,0.0647892386232786,0.0576189852986084,0.0687130038141403,0.0505871725383921,0.048233529117598,0.0324285371126591,0
TACTTACAGGGTGTTG.2,0.10098875293536,0.233599176742989,0.0906012629266953,0.0844428108579052,0.049020976452004,0.061729768207501,0.0319112695583284,0.0178183698087196,0.250171381865162,0.0819217124486658,0.0933996422806788,0.0531575493336625,0.0434840488755765,0.0429875567496544,0.0355993274081191,0
ACGTCAACACTCTGTC.2,0.0651835372636262,0.159105851413544,0.0932552393154571,0.0997304582210243,0.0620844201168216,0.0321328469101748,0.0407605466428996,0.0181561261416509,0.204346507764917,0.0559234829374139,0.0291061379400602,0.06665323812061,0.0420577188228023,0.0420756400576567,0.0588517895748258,0
CATGACATCGTTACAG.2,0.046446669138549,0.147814652831375,0.0908529331014917,0.155354079882382,0.0911502149076081,0.044367575744094,0.0246623093681917,0.00529381354471825,0.22513644633111,0.0606292556625688,0.0562666317672207,0.115736739852243,0.0673227784909428,0.0694233352617593,0.0689406677876531,0
TTGCGTCTCCACGTGG.2,0.0613891978741812,0.155103907612269,0.0966413471218084,0.142952435405266,0.0935895081003637,0.0483605463362548,0.0293048128342246,0.0102360847837326,0.210621720673926,0.0613015089090195,0.054120315839986,0.0781996218348159,0.0772024913231588,0.0796113077669808,0.0545760269036752,0
AGTGGGAAGACAGACC.2,0.0686812507724632,0.191378669639539,0.0954058753546261,0.0784529935473332,0.0325190110576393,0.0318214174489478,0.0447058823529412,0.0157160089608823,0.198677722994173,0.0598172269886383,0.0475504951358897,0.0657110740021182,0.0439404744924642,0.0441838345606621,0.0799903915445592,0
AAGCCGCGTCGCATAT.2,0.0575824990730441,0.103278735385759,0.0600576553491352,0.0537041574777424,0.0585724257007458,0.0126128931796948,0.0596395325807091,0.0136550060313631,0.154019563899069,0.0389174725940323,0.0488853989442918,0.0773224345520822,0.0384823848238482,0.0396830844356412,0.0741772760028825,0
GTAACTGTCCTTAATC.2,0.0936225435669262,0.260012005831404,0.11945181660108,0.112976122410085,0.0644796296976599,0.0356141833874627,0.0492374727668845,0.0290194726865414,0.156893505945632,0.0665796952895681,0.0465209614797365,0.0485961754634473,0.0442923025721485,0.0456742790465078,0.0350228200816719,0
CAACCTCCACGGTTTA.2,0.046384872080089,0.160620872995455,0.102406882035325,0.134376106074219,0.0771536681238749,0.0230457801308004,0.0438502673796791,0.00939514044459762,0.170861127956337,0.0514706371762701,0.0367665663307595,0.0982319802990234,0.0676841154376456,0.0697959463832207,0.0507326447273601,0
CGTCCATGTGTTGGGA.2,0.0701520207638116,0.135551553611754,0.0919282511210762,0.117577391162297,0.081797141912494,0.0227899630733639,0.0278233313527431,0.0213889367568499,0.179311572230865,0.0476567647978914,0.0379007983248266,0.0787584226223351,0.0522892597347026,0.0520282792230078,0.0754744174873889,0
ACTGCTCCAGTCTTCC.2,0.0766283524904215,0.206671812022983,0.108652878191635,0.0792970132592774,0.0590206090885713,0.0270053832806869,0.0444999009704892,0.0243115629846631,0.183233580298995,0.0519032754041839,0.0387994590585874,0.0874133371453077,0.0477535301668806,0.0464489179569144,0.0837376891664665,0
GGGACCTAGTGCTGCC.2,0.0902113459399333,0.223279878798273,0.103390683627711,0.0656837920988864,0.0391682891884942,0.0367820438670641,0.0282669835611012,0.0225814234016888,0.240751970891449,0.0782609274432412,0.0760284430484666,0.0421894594577033,0.0412399562592117,0.0423011678416991,0.0303627191928897,0
GGACAGAGTAACGCGA.2,0.100383141762452,0.21095960895292,0.102521277569324,0.0757711889787362,0.0471180338709085,0.029786003470214,0.0386531986531987,0.0219679476133035,0.23479315527197,0.0745934864650794,0.0599485233171923,0.0766466754601984,0.0500356582513194,0.0489983624721767,0.0334374249339419,0
AAGTCTGAGAGTACAT.2,0.0738474848597207,0.186805019580939,0.075066349409719,0.08391189523265,0.0474853973035524,0.0489722827779508,0.0229986135868489,0.0130553162157505,0.240178500804176,0.0879054319393508,0.0754089778824761,0.0941124489119629,0.0563685636856369,0.0535089181530255,0.0437184722555849,0
AGCCTAACACACATGT.2,0.0913113335805216,0.275762513220707,0.119680607669077,0.102766206539791,0.0746555967818963,0.043444409841171,0.0420518914636562,0.018824745821127,0.19950167426899,0.0681571608282693,0.0517907778214021,0.0718773757155574,0.0634146341463415,0.0653932518164792,0.0589959164064377,0
ACTGAGTGTTATCCGA.2,0.0581510320108763,0.201955235400051,0.12290656172783,0.117291513517929,0.0635906101906616,0.0374605151933087,0.0383996831055655,0.00998104428743753,0.191993830252854,0.0530880385513941,0.0424813506085591,0.0873613556767013,0.0459373365663481,0.0447231401311983,0.0243093922651934,0
CCTATTAGTCTTGCGG.2,0.0744407366209368,0.242489209044393,0.108561361764437,0.068175011571238,0.0598361559090408,0.0197868932686746,0.0591721132897603,0.0206238152679648,0.137942626624832,0.0481226828894909,0.0567028748418619,0.0808116906322896,0.0604193410355156,0.0562838904523303,0.0733605572904156,0.0164785010809512
CACAGTAGTACTTAGC.2,0.0918798665183537,0.275076465711917,0.137617827400018,0.0918075635056767,0.0592630689541163,0.0413533834586466,0.0372667855020796,0.0221127003274169,0.232565191024864,0.0688161021292457,0.0629673253937094,0.0496617955698793,0.0503209242618742,0.0493513624819823,0.0270478020658179,0
ATTACTCCAGCTGGCT.2,0.074996910147077,0.189577794928966,0.090830053994692,0.107707805821013,0.0615627640424672,0.0414201183431953,0.0366013071895425,0.0112700327416853,0.197596698921613,0.0701472966766728,0.0639445098809056,0.0818903061058733,0.0736747016592973,0.075973446554818,0.0400192169108816,0
GACCAATTCTGGTTCC.2,0.0707823507601038,0.239087556813309,0.16180104328727,0.0992403822592502,0.0717828147386209,0.0383614361347155,0.0232679738562091,0.0150680682405652,0.239591847496506,0.06750487550003,0.0606116127906469,0.0663218562582439,0.0553891503827319,0.0560289460008041,0.0600048042277204,0
GCACATATCTACTCAT.2,0.0624273884563095,0.179201326358517,0.0926832616454654,0.103147376732282,0.066588295801036,0.0344463229078614,0.0422578728461081,0.0168188867826986,0.193602183141298,0.0633648604575316,0.0367054923003097,0.0785894828493642,0.0512052488945942,0.0528029181334144,0.0415085275042037,0
GCGCGATGTCAGAAGC.2,0.075095785440613,0.164822913986794,0.0716116042829688,0.144776607040758,0.0796370449285478,0.0507185122569738,0.0375203010497128,0.00630708254351198,0.220153189021014,0.0862148148641183,0.0560834096758714,0.0955029531971852,0.073360909047687,0.0756498632124962,0.0752342061013692,0
GCAGTTACAGCTGTTA.2,0.106822395253986,0.228911185432925,0.127551020408163,0.0820877235971576,0.0504757356452739,0.0513302486986697,0.0223648247177659,0.0196932621058073,0.250085690932581,0.0868005404649863,0.0710465471360642,0.0647624122000507,0.0575381543289117,0.0593334183148172,0.0401153014652895,0
CTTAGGACAAGAAGAG.2,0.057211716722284,0.145499242489209,0.107051340715658,0.116352201257862,0.0651335366077661,0.0345909151577168,0.063339275103981,0.012496984318456,0.152833074063332,0.0572014297029439,0.032630981983161,0.0912144820371538,0.083183568677792,0.0857790023827501,0.0834974777804468,0
GACGTGCAGTAGCGGT.2,0.0938326535656903,0.299774176028357,0.150613160062231,0.0876827574940783,0.0575585026266485,0.0301085554121991,0.0376470588235294,0.0205755643632604,0.198367917314842,0.0611351095905911,0.0440867251232387,0.0686935107634128,0.0517187277135929,0.0533324181481227,0.0355993274081191,0
ACCCACTAGAGGTACC.2,0.0699789890001236,0.240974187462482,0.141758945730759,0.100547251490648,0.0715550494103817,0.0165724963295814,0.0454188948306595,0.0207203170773738,0.194300893822343,0.0592248454150332,0.0477162675042534,0.0836836667727955,0.0364569961489089,0.033211417589206,0.0488109536392025,0
GTCACGGCAGGACCCT.2,0.0967989123717711,0.250378755395478,0.147501601537476,0.0646628005118571,0.0535175048675655,0.0270387507229613,0.0399603881956823,0.0173082888161296,0.190780973976323,0.0626327034564466,0.0445578676438512,0.0652042546832054,0.0344125897399325,0.0354863065412863,0.0202257987028585,0
GACGTTAGTTTGACTG.2,0.109553825237919,0.303547437326702,0.130250755010524,0.0820741103759972,0.0595936960434958,0.043655736975575,0.0445236680530798,0.0300740996036533,0.215097423998734,0.0676845867639326,0.0502290276141866,0.0660359581809085,0.0569771311748205,0.0585097516252709,0.0871967331251501,0
GATGAGGAGGTGTGGT.2,0.0862563341984922,0.272418031615356,0.135833257069644,0.0721909118135533,0.0601667829984203,0.0426102237843129,0.0412755000990295,0.0303084611407892,0.213475887889894,0.064123641349565,0.0429350434061859,0.0514876446546806,0.0490942804164884,0.0461351401704206,0.0219072784049964,0
AGCTTGACAGGAATGC.2,0.0676183413669509,0.200583140382471,0.134460510661664,0.114310218083803,0.0637889864442893,0.0343350981002803,0.0351277480689245,0.0165845252455626,0.204359690985314,0.0536404842885764,0.0438075295554683,0.0616760125015432,0.0545618789521229,0.0529794181383172,0.0490511650252222,0
TAAACCGAGGTGTGGT.2,0.0794586577678903,0.185547265814824,0.121854122815045,0.12848158131177,0.0762352595422652,0.0282733460871113,0.0530956625074272,0.0140823711873169,0.171678487620956,0.0582730413136228,0.0551236749116608,0.0848792405507437,0.0560928065421005,0.0578429738289715,0.0849867883737689,0
TCAGCAACACAACGTT.2,0.0528117661599308,0.170425635308578,0.0952457216070285,0.153148738054398,0.102538481319569,0.0241802731681274,0.0226341849871262,0.0108840255040496,0.165310992169167,0.0553444133092831,0.0575840858526371,0.112292967557066,0.0936718489991917,0.0893874469274291,0.100696613019457,0
TGGGCGTCAAACTGTC.2,0.0753429736744531,0.189034673984507,0.131371831243708,0.120504233711781,0.0796664340031593,0.0300751879699248,0.075016835016835,0.010773737721868,0.15180478287236,0.0505055211293855,0.0335994416088645,0.0721632737928928,0.054371701611753,0.0529598070266613,0.0789334614460726,0
ACACTGATCTTCCTTC.2,0.0842541095043876,0.295372037846954,0.121831243708246,0.0745187726319802,0.0540538554792256,0.0263602793967166,0.0535393147157853,0.0224159917284163,0.174486513565534,0.0471375989243948,0.0404659076037168,0.0492524415046036,0.0530975134312747,0.0497828069384113,0.0525582512611098,0
GGCAATTTCTGCCAGG.2,0.0710913360524039,0.19609524626247,0.100462157957353,0.102875112309075,0.0775430733624775,0.032355296525337,0.0389780154486037,0.00616232982939859,0.130520473541277,0.0710991007780832,0.0519478253282729,0.089070246457138,0.0675319735653497,0.0696390574899738,0.153495075666587,0
GCAAACTGTTTGACAC.2,0.108626869361018,0.29723008318326,0.149446325615448,0.071101854120722,0.0431064251864369,0.0281843662410464,0.0376232917409388,0.0328588661037394,0.199732380625939,0.0710192291052376,0.0437813549709898,0.0808181883158654,0.0465649217895688,0.0480178068893835,0.0305068460245016,0
ACATACGGTGACTACT.2,0.0454949944382647,0.103707515078753,0.0421661938317928,0.116597239238749,0.0729730722603872,0.0339680562352627,0.0366884531590414,0.00909184904359814,0.140368339177894,0.0436099333737129,0.0386162369672381,0.0935666434915952,0.0586887272381496,0.0579704460547346,0.0886380014412683,0
AGGGAGTCACATGACT.2,0.0796069707081943,0.230026012634708,0.109316372288826,0.0651528764736312,0.0564711068660226,0.0359812252524803,0.0444602891661715,0.0155574702739962,0.211610462203707,0.0636444113124913,0.0561183091218427,0.0647299237821717,0.0436742262159464,0.0406930566859182,0.0519817439346625,0
TATGCCCCATATGAGA.2,0.0648745519713262,0.154246348226281,0.0978310606753912,0.0828636772032998,0.0498953014216965,0.0397851136717534,0.0317528223410576,0.0142478028605894,0.222796424710628,0.0563494651925906,0.0412860445840422,0.0993365865069103,0.0491703513526363,0.0476157791004383,0.0220514052366082,0
GTACGTAAGGACGAAA.2,0.0717093066370041,0.272532372866821,0.111375491900796,0.0703122872934194,0.0499761213768781,0.0370934733282911,0.0529609823727471,0.0229950025848699,0.223613784375247,0.0688959738020913,0.0561881080137853,0.0695771957297224,0.0494080730280987,0.0509496680819352,0.0337256785971655,0
CCTCTGACACGTCTCT.2,0.0645779260907181,0.174113140668325,0.0978081815685916,0.095891529853794,0.04714742294552,0.0311318236419451,0.0344464250346603,0.0146475960709978,0.206304215993883,0.0728695895261613,0.0855559917986302,0.0992326235696974,0.0621784814339371,0.064118529558848,0.0540475618544319,0
ATCCGAAAGCCACTAT.2,0.0763193671981214,0.189777892119029,0.0891141209847168,0.0969125214408233,0.0638477645935124,0.0366930640209992,0.0351435927906516,0.0177770118904015,0.218696443167137,0.0640171457857709,0.0725123238668586,0.0927219446267406,0.0776494080730281,0.0774246688173519,0.0736007686764353,0
AACTTTCTCGTGGGAA.2,0.0882709183042887,0.214790040876997,0.133293676214881,0.102248904135697,0.047029866647074,0.0335676469279708,0.024091899386017,0.0155712562467689,0.216250955783479,0.0810764039110496,0.0698250665270689,0.071922859500588,0.0494651262302097,0.0510085014169028,0.0491472495796301,0
GGAACTTAGAATGTTG.2,0.118032381658633,0.29631535317154,0.119611970348678,0.0567262925753492,0.0369126777120605,0.0335120345241803,0.0352703505644682,0.0325693606755127,0.229645107706911,0.0706265267137466,0.0705841294769445,0.0739111506747844,0.0480673227784909,0.0477040291028897,0.0426134998798943,0
GTACTCCAGAGATGAG.2,0.0932517612161661,0.273189835062745,0.155349135169763,0.0962590868251246,0.0574850299401198,0.0519531076211238,0.0455456526044761,0.0276064104773393,0.223864265562792,0.0801711916187991,0.0699297648649828,0.0472186665453766,0.0442067227689821,0.0455860290440564,0.00538073504684122,0
ACGGGCTAGCCTCGTG.2,0.0842170312693116,0.232227081725409,0.113709160794363,0.0482452557924256,0.0509312663017523,0.0279063042220937,0.0410299069122599,0.0200516973978976,0.199996045033881,0.0702471362677299,0.0581948261571348,0.0581737610541842,0.0553701326486949,0.0570977515860487,0.0764352630314677,0
TCGCGTTGTGAAAGAG.2,0.0696576442961315,0.153588886030358,0.123066715475428,0.135655748863296,0.0731200176334448,0.0253481336477288,0.0563913646266587,0.00538342236774082,0.149214280064334,0.0369739285547886,0.0400296645290756,0.108862190629041,0.0411258498549898,0.0424090289558064,0.0574585635359116,0
CGGGTCATCCAAGCCG.2,0.0556420714373996,0.187319555212532,0.178891736066624,0.122587056549321,0.0867712427904926,0.0339569337545046,0.0373301643889879,0.0140823711873169,0.189442877106019,0.0531679102242397,0.0312873533132662,0.0869195131935465,0.0474492464222888,0.0429091123030309,0.0270478020658179,0
CCCAATCTCAGCTTAG.2,0.0618588555184773,0.151273475688191,0.057357920746774,0.0902828827357129,0.0553028911502149,0.0363037771944655,0.035959595959596,0.0168395657418577,0.218900783083292,0.0748064775926678,0.0539545434716224,0.0961397261876141,0.0782960110302857,0.080738946687193,0.0368484266154216,0
CATCAGAGTTCGTTGA.2,0.0598071931776047,0.192236229025527,0.0669671456026357,0.0740286966702061,0.0514235333014952,0.0294856964897451,0.0342483660130719,0.0138204377046355,0.190682099823345,0.0577738433583376,0.0575666361296514,0.0813574960526572,0.054333666143679,0.0560289460008041,0.0545760269036752,0
AGCGTATCAGCCTTGG.2,0.04984550735385,0.199239630677758,0.0940560080534456,0.0960276620653979,0.0683736820836854,0.0373270454242114,0.0331233907704496,0.0174943994485611,0.189067155324703,0.0483090501261307,0.0291759368320028,0.0883490035802237,0.05527504397851,0.0569996960277693,0.0526543358155177,0
CGAGAAGCACGCTTTC.2,0.0818316648127549,0.260669468027328,0.149423446508648,0.100479185384846,0.0744866096028801,0.0207211816523557,0.0674034462269756,0.0142684818197484,0.179179740026894,0.0671521089449618,0.0474806962439471,0.0604544479892918,0.0519184139209813,0.0489493346930371,0.0577468171991352,0
CGAACATTCAGCTCGG.2,0.0434556915090842,0.11439842209073,0.0905326256062963,0.162623539982031,0.0926564049814481,0.0277950794145126,0.0297326203208556,0.00576253661899018,0.204293774883329,0.0569351907934585,0.0464686123107796,0.129193442537735,0.0405743355679171,0.0418403067177863,0.0514052366082152,0
CACTCCAGTAGGGACT.2,0.0828204177481152,0.134065117342709,0.0987691040541777,0.116706145008032,0.0784908710186988,0.0203875072296125,0.0296692414339473,0.0133517146303636,0.167875128536399,0.0685298953015488,0.0457444488068752,0.0729754842398685,0.0473731754861408,0.0467528901875803,0.029401873648811,0
TATGCCCTCCGCGTTT.2,0.0663453219626746,0.292141897493068,0.171067081541137,0.0879822483596068,0.0701811101722934,0.0233015971882369,0.0531907308377897,0.0203480958125108,0.182983099111451,0.0502991859745342,0.0321598394625485,0.049440874328302,0.0439499833594827,0.0453212790367022,0.0221474897910161,0.0134518376171031
ATTGGTGAGAAGATTC.2,0.0961685823754789,0.147643140954178,0.0868262103047497,0.123226877943859,0.0719297601116785,0.0580815945188415,0.0214616755793226,0.0156332931242461,0.196950721122156,0.0791062359808574,0.0598699995637569,0.0978876030695057,0.066058099177483,0.0612258905896081,0.0362238770117704,0
GTTACAGAGTGGCACA.2,0.0725126683969843,0.183546293914187,0.107829230346847,0.116923956546598,0.069299437933948,0.0457801308003737,0.0270073281837988,0.0129174564880234,0.186074564294566,0.0602831450802378,0.0552981721415173,0.0826115489827876,0.0745019730899063,0.0768265299118481,0.0445351909680519,0
GATCAGTAGCGATCCC.2,0.10690891113583,0.276248463539433,0.135787498856045,0.0930872062947535,0.0619227802064582,0.0339791787160208,0.0313170924935631,0.0280062036877477,0.204096026577372,0.0702138564040442,0.0486323779609999,0.082598553615636,0.0593543479294442,0.0612062794779522,0.0742253182800865,0
CGTAGCGCACTCGACG.2,0.0698677542948956,0.190235257124889,0.134414752448064,0.135478776988211,0.085059329194372,0.0418538950927615,0.0298593780946722,0.00934688953989316,0.236737680280539,0.0735551547180863,0.07403044976661,0.0722217529450751,0.0496362858365426,0.0511850014218056,0.0165265433581552,0
CGTCAGGAGTGTCTCA.2,0.071338524286244,0.17194065689049,0.0887938134895214,0.0938087070162542,0.0456559274089857,0.0345575477154424,0.0357298474945534,0.0127313458555919,0.201393466395971,0.0619404822917845,0.0479692884875453,0.065418678241207,0.0462511291779584,0.0431346400870733,0.0504924333413404,0
TCAACGAGTAGCTAAA.2,0.0518724508713385,0.165366034931252,0.122609133339434,0.121770263279697,0.0663825722787554,0.0261489522623126,0.0441592394533571,0.0113182836463898,0.188361853033459,0.0519232433223954,0.0358068315665489,0.061149700131903,0.0451100651357391,0.0465175568477099,0.0594763391784771,0
GGCGACTGTTACGACT.2,0.0814238042269188,0.158762827659149,0.0803743021872426,0.0729940918620164,0.0381837551890085,0.0412310361703074,0.0345018815607051,0.0189832845080131,0.244469639043426,0.0875326974660712,0.0715438642411552,0.0591094274891001,0.0479437075072505,0.0466940568526127,0.00951237088638001,0
CACACTCCATGGTAGG.2,0.0935360276850822,0.182002687019409,0.0827537292944083,0.0815295815295815,0.0520186620623783,0.0435000222449615,0.0325371360665478,0.0173496467344477,0.215367680016875,0.0847904366983713,0.0676874754613271,0.108270901423642,0.0605239385727191,0.0610788072521891,0.0448714869084795,0
AAGGCAGGTTCTGGTA.2,0.0742553454455568,0.168253151530743,0.0880616820719319,0.113534264477661,0.073590242827229,0.045702273435067,0.0222380669439493,0.00904359813889368,0.22278983310043,0.0768831410866541,0.0590934868908956,0.0923970604479503,0.052450910474017,0.0510183069727307,0.0294499159260149,0
GTGCAGCTCTATCCCG.2,0.0724014336917563,0.0984192321984964,0.0624599615631006,0.0896022216776934,0.0670364791888615,0.042621346265071,0.0294632600514953,0.0134413234533862,0.213871384501806,0.0705067192044781,0.0503250010906077,0.113202643257679,0.0648789996671897,0.0669033074139808,0.0493394186884458,0
GGAAAGCGTAGGAGTC.2,0.0988505747126437,0.210102049566933,0.103001738812117,0.0741512156606496,0.0553175856875207,0.0327557058326289,0.0435412953060012,0.0259727727037739,0.23628285917684,0.0811629315566323,0.0779479125768878,0.0616370264000884,0.0516711833785004,0.0532833903689831,0.0204179678116743,0
AAGGAGCCATTAACCG.2,0.081979977753059,0.210530829259926,0.136679784021232,0.0636554221459882,0.0477719407810147,0.0375272500778574,0.0403010497128144,0.0148337067034293,0.224688216837609,0.0631518693299432,0.0456833747764254,0.0692458138673563,0.0402320163552513,0.0414873067079807,0.00984866682680759,0
TTAACTCTCAGCTTAG.2,0.0542825361512792,0.181345224823486,0.108561361764437,0.133409567371832,0.0815326402409904,0.0411086888819682,0.0414418696771638,0.0147234189212476,0.209487963719777,0.0585126563321597,0.0426383981154299,0.0746388912352746,0.0734655065848904,0.0730415853622663,0.0640883977900552,0
AGCTCCTAGCTGTTCA.2,0.0939562476826103,0.218163107795215,0.114098105609957,0.099893816874949,0.0628117997134565,0.0298304933932464,0.0396276490394137,0.0168188867826986,0.211004034065441,0.0679108898369952,0.0379531474937835,0.0600645869747435,0.0363809252127609,0.0375160565976682,0.0402113860196973,0
ATTCTACAGGTCATCT.2,0.0674700284266469,0.241860332161336,0.142170769653153,0.139862234201857,0.0829727048969546,0.01910842194243,0.0446504258268964,0.0144614854385663,0.157328552218736,0.0371203599550056,0.0308860096845963,0.0800579593374962,0.0567774449674321,0.0537932792720355,0.0589959164064377,0
TAGAGCTTCGTCCGTT.2,0.0851934247929799,0.201097676014064,0.0910817241694884,0.105066840915898,0.0612909151023107,0.0351804066378965,0.0261200237670826,0.0250904704463209,0.206614021673214,0.0796719936635139,0.0609693321118527,0.0520529431257757,0.0377026577283317,0.0388790288577508,0.0478981503723276,0
AGACGTTTCGCCGTGA.2,0.0788159683599061,0.236171854900952,0.100393520636954,0.0530371096408832,0.0495058961830939,0.0370378609245006,0.0240522875816993,0.0107806307082544,0.247218340496216,0.0568952549570357,0.0524800418793352,0.0496423025191519,0.0378928350687016,0.0387417510761598,0.0423252462166707,0
GATCGATAGGTGTGGT.2,0.0646891607959461,0.169768173112655,0.105060858424087,0.126153720493343,0.0633114139818522,0.0288405926057748,0.0278470984353337,0.0123246596587972,0.199238009861049,0.0599969382525409,0.0581512018496706,0.0781671334169369,0.0602006370940902,0.0576958904915525,0.0594282969012731,0
AGGGATGGTTACGCGC.2,0.0622790755160054,0.175942600691765,0.110345932094811,0.111573960630564,0.0633408030564638,0.01375850869778,0.0267617349970291,0.0119869033258659,0.17666833654125,0.0411405674882356,0.0285913711119836,0.0620008966803335,0.0429135168544668,0.0442524734514576,0.0583713668027864,0
TGTGGTACAATAAGCA.2,0.126585094549499,0.273046908498414,0.0875354626155395,0.0630019875302894,0.0418500422467948,0.0500289184499711,0.0353733412556942,0.0276408754092711,0.2405212645345,0.0925246770189229,0.0676962003228199,0.0615265657792997,0.0522702420006656,0.0539011403861428,0.0367042997838098,0
TGGTTAGTCGGAGGTA.2,0.114596465208256,0.254380699196753,0.101857783472133,0.0688420594080972,0.0471547702141729,0.0481047292788183,0.027585660526837,0.0328450801309667,0.242564663696048,0.0778815369972245,0.0743619945033373,0.0528001767369933,0.0504350306660961,0.0475765568771266,0.013499879894307,0
TCAGATGGTCTAAACC.2,0.101619082931652,0.170454220621445,0.0861627162075593,0.0918347899479975,0.055964145328974,0.0213329180940517,0.0282669835611012,0.0235533344821644,0.226177920742479,0.0694084837028508,0.0494263403568468,0.0673939740482518,0.0344696429420435,0.0355451398762539,0.0237328849387461,0
CATCGAATCCTCTAGC.2,0.0515016685205784,0.203784695423491,0.12432506634941,0.110185412072205,0.0822747143749311,0.0421542020732304,0.027379679144385,0.00989143546441496,0.236579481635774,0.0735019069361892,0.0744928674257296,0.0768675967017758,0.0737888080635192,0.0746300854063913,0.0656257506605813,0
CCTTCCCAGGTAAACT.2,0.0680385613644791,0.164022525226539,0.132126841768097,0.0989136649514008,0.0647073950258991,0.0198536281532233,0.0371875618934442,0.0135998621402723,0.200609064782345,0.0569285348207214,0.0434323605112769,0.0974327652191994,0.0694337469690486,0.0660894462802624,0.0520297862118664,0
TGTGGTACACCATCCT.2,0.0523050302805586,0.134493897035703,0.0809462798572344,0.175773911622968,0.0881157929539694,0.0480936067980602,0.0181976629035453,0.00535585042219542,0.170136050834498,0.0533875573245652,0.048623653099507,0.129563810501556,0.0871107307564304,0.0874557524293265,0.111602209944751,0
GTGTGCGCAGTCCTTC.2,0.0598937090594488,0.125746791298631,0.0895717031207102,0.0934139236026029,0.0590573454318357,0.0281843662410464,0.0147039017627253,0.00792004135791832,0.185276979460543,0.0617940508915675,0.0377001265104916,0.091974711015523,0.0421147720249132,0.043320945647804,0,0
TATCAGGCATCACCCT.2,0.101841552342109,0.285367178343767,0.107897867667246,0.0737428190258379,0.0510341280628926,0.030709169373137,0.0547514359279065,0.0211201102877822,0.186872149128589,0.0668659021172649,0.05907603716791,0.0657435624199973,0.0458042124280892,0.047233362423149,0.0327648330530867,0
TCATTTGAGTGTTTGC.2,0.0718823384006921,0.187977017408456,0.143955339983527,0.139154346701517,0.0891737996399838,0.0260266049739734,0.0352465834818776,0.0095123212131656,0.190774382366124,0.0630187498752005,0.0467390830170571,0.0922021299406762,0.0436171730138354,0.0449780845827246,0.0073024261349988,0
AACCATGGTCAAAGAT.2,0.0736126560375726,0.118943486836463,0.0692550562826027,0.176590704892592,0.09230373608611,0.0302642701428127,0.0245672410378293,0.00961571600896088,0.21773406807815,0.0685565191924974,0.0727217205426864,0.0988752509730281,0.080568630247706,0.0830824745300687,0.0604371847225558,0
CCTATTACATCACCCT.2,0.060857743171425,0.205900008575594,0.158941154937311,0.161248604644831,0.0877116931780611,0.0322329492369978,0.0614616755793226,0.0129519214199552,0.13736256492736,0.0567554795295558,0.0566592505343978,0.0536968570704544,0.0664099272571673,0.0641577517821598,0.0344463127552246,0
TCATTTGTCGCGATCG.2,0.0522432332220986,0.173055484092273,0.0971446874714011,0.134580304391625,0.0842070460306381,0.0288517150865329,0.0357456922162805,0.00552817508185421,0.177545020697656,0.0533343095426681,0.0299524495048641,0.134846427248686,0.0702895450007132,0.0724826686800741,0.0751381215469613,0
CGAATGTGTAGCGCTC.2,0.0650723025583982,0.169024954978132,0.0984487965589823,0.0813117699910153,0.0575438080893428,0.0300418205276505,0.04414339473163,0.0108426675857315,0.209995517705065,0.0694417635665364,0.048178685163373,0.0953600041585175,0.0639376218323587,0.0613141405920595,0.068220033629594,0
AGGCCGTGTTCGAATC.2,0.064355456680262,0.179715861990109,0.0940102498398463,0.0893980233602875,0.0464420851548437,0.0260599724162477,0.0374410774410774,0.0126830949508875,0.187781791335988,0.0549650228632663,0.0415565152903198,0.105158510990832,0.0435030666096135,0.0422815567300432,0.0381455680999279,0
TAAACCGAGGTCATCT.2,0.085885551847732,0.269988280021725,0.129610140020134,0.0872879740804269,0.0616729730722604,0.0430662454953953,0.0348821548821549,0.0219128037222126,0.24706673346165,0.0759978967126151,0.0695894952667626,0.0635278523206477,0.0602767080302382,0.0610591961405332,0.0597645928417007,0
TGCCCTAGTATTAGCC.2,0.0699666295884316,0.164279793042335,0.105609956987279,0.140924065452367,0.0883362110135557,0.0263825243582329,0.0438423450188156,0.0119937963122523,0.164447491233158,0.0652218768511924,0.0473498233215548,0.10280634953639,0.0648504730661342,0.066873890746497,0.0729281767955801,0
ATCCGAATCCATGAGT.2,0.0658880237300705,0.300717491352943,0.154067905188981,0.0882953524462958,0.0631497740714889,0.0370378609245006,0.0453555159437512,0.0249319317594348,0.191868589659082,0.0514307013398473,0.0537015224883305,0.0551328451407073,0.0584510055626872,0.0554308070953002,0.0672591880855153,0
CGTTAGAAGCAATATG.2,0.121863799283154,0.153102935711631,0.126475702388579,0.138038062566364,0.067131993681349,0.0437669617831561,0.0190849673202614,0.0150267103222471,0.174835868906056,0.0798849847911023,0.0629586005322166,0.0981085243110831,0.0663623829220748,0.0684329741231382,0.105212587076627,0
ACGTCAACAATGAATG.2,0.0450871338524286,0.190178086499157,0.126018120252585,0.136254730594353,0.0682561257852393,0.0321328469101748,0.0457437116260646,0.0105049112528003,0.186727133704221,0.0544924487989297,0.0431706146664922,0.0852885946160194,0.0566918651642657,0.0529892236941451,0.0385779485947634,0
CGTTCTGGTGGCTCCA.2,0.0645037696205661,0.201640796958523,0.157842957810927,0.104358953415557,0.0781969802725837,0.0200649552876274,0.0594810853634383,0.0110218852317767,0.155522451024336,0.0508915675481393,0.0442873969375736,0.0834497501640665,0.0470784006085675,0.0485473069040919,0.0680759067979822,0
TTTGGTTCACGGTTTA.2,0.0674453096032629,0.260297858960066,0.142674110002745,0.0943532358626698,0.0751919473935564,0.0316100903145438,0.0475975440681323,0.0136756849905221,0.169351649220872,0.0574277327760066,0.0511713126554116,0.0826635304513941,0.055256026244473,0.0508221958561721,0.0489070381936104,0
TGGGAAGTCGAACTGT.2,0.0621184031640094,0.206414544207186,0.110048503706415,0.103868877453783,0.0685573638000073,0.03533612136851,0.0551871657754011,0.00514906083060486,0.171909193977905,0.0569618146844071,0.0309209091305676,0.0874653186139141,0.0496172681025056,0.0465567790710216,0.02536632236368,0
TCTATTGCATACGCCG.2,0.0984797923618836,0.220449932824515,0.10210945364693,0.120953470010074,0.0679475405018184,0.037493882635583,0.0278787878787879,0.0246699982767534,0.202349249874759,0.0692154604934738,0.0478296907036601,0.0633784055984042,0.0584605144297057,0.0602845572301266,0.0715349507566659,0
TTAGGCACACAGCGTC.2,0.102471882338401,0.215733356201584,0.116912235746316,0.0813662228756568,0.0574262517908967,0.0435667571295102,0.0388591800356506,0.0286541444080648,0.228847522872887,0.0813226749023236,0.0615364481088863,0.0609027881560224,0.040802548376361,0.0420756400576567,0.0220514052366082,0
GCTCTGTGTAGAAAGG.2,0.117327895192189,0.228396649801332,0.102292486501327,0.0746549048435841,0.0525550126740384,0.0379387818659074,0.0293048128342246,0.0311149405479924,0.250909642207398,0.0766368700953801,0.0666055926362169,0.0539892528313656,0.0437788237531498,0.0451447790317994,0.0127792457362479,0
TTGACTTTCTCGTATT.2,0.0516623408725745,0.218220278420947,0.155898233732955,0.146178768820278,0.0892031887145953,0.0294189616051964,0.03702119231531,0.0156401861106324,0.193331927123158,0.0525089689232633,0.0347947476333813,0.0787259342044561,0.0657157799648172,0.0677661963268388,0.0388181599807831,0
CCGTTCAGTTTGCATG.2,0.0655296007910024,0.285081325215104,0.14374942802233,0.0889215606196738,0.0666911575621763,0.0229568002847355,0.0350802139037433,0.0112079958642082,0.19697708756295,0.0661736809526028,0.0601666448545129,0.102351511686084,0.0580706508819474,0.0598825294411814,0.0494355032428537,0
CTTTGCGGTTGACGTT.5,0.102298850574713,0.191550181516737,0.0622311704951039,0.0577881238258597,0.050953308107711,0.0430996129376696,0.0435492176668647,0.016239875926245,0.189133071426688,0.0657676666156375,0.0768573048902849,0.0755160785180083,0.0602291636951457,0.0577351127148642,0.026183041076147,0
GCTGCTTAGCCGTCGT.2,0.0905079718205413,0.276991681673956,0.111878832250389,0.0860491709548313,0.0590573454318357,0.0274057925879788,0.0463061992473757,0.0164397725314493,0.195269860521528,0.0769630127594997,0.0569297212406753,0.0846518216255905,0.0486853991346931,0.0480080013335556,0.0661542157098246,0
GCGACCACAGGATTGG.2,0.0550858979112594,0.195980905011005,0.118353619474696,0.0905143074954396,0.0583079240292421,0.028039773991191,0.0598772034066152,0.00896777528864381,0.164005853349856,0.0511311825666762,0.0396544954848842,0.0974067744848961,0.0623401321732516,0.0619024739417354,0.100984866682681,0
GACGTGCAGTGTGAAT.2,0.074836237795081,0.152188205699911,0.0702159787681889,0.0876691442729179,0.0454795929613166,0.0464697246073764,0.0354525648643296,0.0152541788729967,0.229058454399241,0.071285468014723,0.0670069362648868,0.0731834101142943,0.0564256168877478,0.0581861682829491,0.0257026183041076,0
CAGCCGAGTTATTCTC.2,0.0615251514027932,0.182259954835206,0.15834629816052,0.097457050287239,0.0775798097057419,0.0290852871824532,0.0571439889086948,0.00591418231948992,0.176866084847206,0.0455468214402194,0.0268551236749117,0.0923645720300713,0.0544858080159749,0.0507829736328604,0.0748018256065338,0
ACACTGACAGTCCTTC.2,0.106006674082314,0.282851670811537,0.128946645922943,0.0665958779166326,0.0479041916167665,0.0312764158918005,0.0375916022974846,0.0266138204377046,0.190497534737786,0.0632517089210003,0.049862583431488,0.071390049447372,0.0673227784909428,0.0675798907661081,0.0615901993754504,0
ATCACGATCTGCGGCA.2,0.0825237918675071,0.21164565646171,0.128374668252951,0.0932505649486782,0.0657360126373021,0.0365818392134182,0.0140384234501882,0.0142271239014303,0.234997495188125,0.0785071984345152,0.0739257514286961,0.070421894594577,0.0639186040983217,0.0659129462753596,0.0192169108815758,0
TAGACCACATACGCTA.5,0.071536274873316,0.193208129662979,0.0996156310057655,0.0826458656647336,0.0529517651812939,0.0376162299239222,0.0436601307189542,0.0105738411166638,0.226415218709626,0.0684833034923889,0.0460759935436025,0.0842814536617696,0.039842152807493,0.0409872233607562,0.0213307710785491,0
CTCTAATTCCAGGGCT.2,0.0649363490297862,0.183832147042849,0.103916903084104,0.0781535026818046,0.0505639028691084,0.0375161275970993,0.0448643295702119,0.0177494399448561,0.203773037677644,0.0536671081795249,0.0362256249182044,0.103508099362577,0.0564921789568773,0.0582548071737446,0.0430939226519337,0
CCCAATCCAACGATGG.2,0.0685700160672352,0.298087642569248,0.135535828681248,0.0902828827357129,0.0631791631461004,0.0171397428482449,0.0430184194890077,0.0152266069274513,0.157546075355288,0.0673451321543387,0.0389303319809798,0.064184118361804,0.0491893690866733,0.0507241402978928,0.0184482344463128,0
CGGACTGCATTCCTGC.2,0.135829934495118,0.232084155161078,0.0821588725176169,0.066922595224482,0.0422321002167444,0.0296080437780843,0.034897999603882,0.0387730484232294,0.174348089751364,0.0636111314488056,0.0682109671508965,0.0806882346443493,0.0437883326201683,0.0398890011080278,0.0441508527504204,0
CGTCCATTCGAATGCT.2,0.082190087751823,0.285653031472429,0.122357463164638,0.0786844183070598,0.0560670070901143,0.0378164345775682,0.0472885719944543,0.016846458728244,0.229796714741477,0.0701739205676214,0.0642062557256904,0.0534564427781496,0.0532686730376076,0.0514791680966436,0.0581791976939707,0
TTCTTAGTCCTGTACC.2,0.0654060066740823,0.175713918188835,0.0935755468106525,0.0901875901875902,0.0592630689541163,0.0387507229612493,0.0244642503466033,0.00696191625021541,0.209547288211564,0.0719976570975965,0.0728962177725429,0.0690963671451128,0.0618361622212713,0.0637655295490425,0.0392024981984146,0
TTAACTCGTATGCTTG.2,0.0826103077493511,0.196952805648458,0.124508099203807,0.110934139236026,0.0714668821865471,0.043144102860702,0.0188393741334918,0.0151783560227469,0.234470166372241,0.0725501028347788,0.0616760458927715,0.073826680788299,0.0644986449864499,0.0650108351391899,0.0357914965169349,0
CGACTTCAGACTAAGT.2,0.0517117785193425,0.164994425863991,0.145717031207102,0.135029540689918,0.0816648910767422,0.0282066112025626,0.0385660526836997,0.00904359813889368,0.22400928098716,0.0690690290932568,0.0547223312829909,0.0928389029311051,0.0504825750011886,0.0520576958904915,0.0209464328609176,0
TGGGAAGAGCCACGCT.2,0.0729081695711284,0.174999285367178,0.141232726274366,0.121212121212121,0.0816869328827009,0.0416092005160831,0.0252168746286393,0.0154540754782009,0.236757455111135,0.0704401594771068,0.0669807616804083,0.10054515565201,0.0490752626824514,0.0506064736279576,0.0246456882056209,0
CTGAAACGTCGAGTTT.2,0.100506735879372,0.255981476717263,0.127894207010158,0.0838302159056876,0.0562727306123948,0.0334675446011478,0.0369340463458111,0.0256556953300017,0.213304506024732,0.0560432904466823,0.052637089386206,0.0734888012423571,0.0586506917700756,0.0604806683466852,0.0331972135479222,0
ATTATCCGTAGCTGCC.5,0.078704733654678,0.261669953977646,0.183719227601354,0.12814125078276,0.0800337974358032,0.0261600747430707,0.0393899782135076,0.0141788729967258,0.213284731194136,0.0767833014955971,0.0565022030275269,0.0729494935055653,0.0619027242904008,0.0634615573183766,0.0278164785010809,0
GTGGGTCAGTTCCACA.2,0.0944382647385984,0.241288625904011,0.119497574814679,0.0771052846524545,0.0478013298556262,0.029374471682164,0.0404674192909487,0.0220644494227124,0.229249611094998,0.0637043150671255,0.0715089647951839,0.0571666200999344,0.0317215803736985,0.0327113342419815,0,0
TCTCATACATAGGATA.2,0.0615375108144852,0.195723637195209,0.123112473689027,0.119347109913148,0.0624370890121597,0.0333896872358411,0.0626183402653991,0.00981561261416509,0.151231312785087,0.0607224392808887,0.0527156131396414,0.0754251109479471,0.0623971853753625,0.0599119461086652,0.0702858515493634,0
TAGTGGTCAGTAAGAT.2,0.0878012606599926,0.191893205271132,0.0984945547725817,0.0945302077377549,0.0562433415377833,0.0344352004271033,0.0233551198257081,0.0248561089091849,0.201729638516097,0.0703003840496269,0.0557518649391441,0.0663933307775778,0.051585603575334,0.0531951403665317,0.0316598606773961,0
CGAACATCATCACGAT.5,0.057051044370288,0.195723637195209,0.15695067264574,0.143551417136323,0.075096432901069,0.028651510432887,0.028013468013468,0.00535585042219542,0.190827115247713,0.064562935550216,0.051546481699603,0.107660119167517,0.061579422811772,0.0594608905405803,0.0216670670189767,0
GTCACAATCTACTCAT.2,0.071338524286244,0.188491553040048,0.0951770842866295,0.102534781780065,0.0666985048308291,0.0371268407705655,0.0202416320063379,0.0153713596415647,0.20482769530941,0.0651486611510839,0.0509968154255551,0.0843854165989825,0.0537631341225693,0.0533226125922948,0.0155176555368724,0
TTGGAACTCCGTTGCT.2,0.0849585959708318,0.267444187176629,0.140431957536378,0.0977837675950883,0.0517688549281805,0.0386394981536682,0.0451178451178451,0.0145579872479752,0.219408337068579,0.0705067192044781,0.0650961915979584,0.04603608813458,0.0577853848713926,0.0579802516105625,0.0775882776843622,0
GCATACAGTGCACTTA.2,0.0593746137683846,0.190206671812023,0.150475885421433,0.133246208717907,0.093207450130414,0.0459692129732616,0.023236284412755,0.0116008960882302,0.221609934874891,0.0655413635425749,0.0531954805217467,0.0969844250524688,0.0514239528360196,0.0507437514095486,0.0370405957242373,0
CCAGCGACAACGATGG.2,0.0511926832282783,0.166566618071635,0.150064061499039,0.141822538048953,0.082766981374674,0.0325443786982249,0.0357615369380075,0.00521109770808203,0.178481029345849,0.0462057627411958,0.0392008026872573,0.0729300004548379,0.0403746493605287,0.0416343900453997,0.028585154936344,0
TGATTTCGTACTTCTT.2,0.0687306884192312,0.144527341851757,0.114189622037156,0.0985597212012306,0.0443481135887734,0.0333118298705343,0.0358645276292335,0.00659658797173876,0.161665831729375,0.0702205123767813,0.0476900929197749,0.085769423200629,0.0518803784529073,0.0534991125971976,0.0363680038433822,0
ACTGATGCACTTAAGC.1,0.101137065875664,0.0639453448817997,0.0369955156950673,0.057243594979444,0.039785459755336,0.0481825866441251,0.01941770647653,0.0188729967258315,0.186852374297994,0.0693552359209537,0.0649565938140732,0.111201356716331,0.0711643607664147,0.0733847798162439,0.0451597405717031,0
CGATTGAAGAGTGACC.2,0.0684340625386232,0.195352028127948,0.10135444312254,0.0783304745568897,0.0563755923735351,0.053098723139209,0.0300019805902159,0.0136067551266586,0.199442349777204,0.083106475595876,0.0680888190899969,0.0940474720762048,0.0674273760281462,0.0660796407244345,0.0392505404756185,0
ATCCACCCACAGGTTT.2,0.0705969595847238,0.285367178343767,0.1458314267411,0.0790111356149092,0.0620623783108629,0.0285402856253059,0.0718399683105565,0.00926417370325694,0.170663379650381,0.0480561231621195,0.0405793308031235,0.0613056445377223,0.0455474730185898,0.0469686124157948,0.0297862118664425,0
GCGACCACAACGATCT.2,0.0908293165245334,0.179458594174313,0.100370641530155,0.0670859538784067,0.047389882811065,0.0280286515104329,0.0275777381659735,0.0280682405652249,0.242788778442798,0.0684433676559661,0.0692405008070497,0.0794016932963399,0.0550563400370846,0.0538325014953473,0.0330050444391064,0
TAGGCATCAAGACGTG.2,0.0722654801631442,0.170025440928451,0.0898233732955065,0.0902012034087506,0.0594761397450498,0.0224117987275882,0.0234343434343434,0.0116973978976392,0.165291217338571,0.0732689478903894,0.0467652576015356,0.0828714563258198,0.0466505015927352,0.0481060568918349,0.0838337737208744,0
AACCGCGAGGTTCCTA.2,0.0627981708070696,0.178572449475459,0.105404045026082,0.0944349151896322,0.0661474596818633,0.0283178360101437,0.0335115864527629,0.015729794933655,0.221649484536082,0.0602831450802378,0.0478471404266457,0.0891027348750171,0.0682071031236628,0.0689232519145348,0.0742253182800865,0
ACAGCTAAGTAGGTGC.2,0.0668149796069707,0.11897207214933,0.0964811933742107,0.0616134389719295,0.0495205907203997,0.0142478978511367,0.0461794414735591,0.019824228847148,0.119011522134627,0.0394233265220546,0.0400994634210182,0.058648091955218,0.0588408691104455,0.0572350293676397,0.0225798702858515,0
ACTATCTGTCCGAAGA.2,0.0695216907675195,0.178829717291256,0.106136176443672,0.0893027308121648,0.0658388743984424,0.0356141833874627,0.032996632996633,0.00851973117353093,0.213785693569225,0.0600235621434895,0.0467129084325786,0.0667247126399439,0.0374554271858508,0.0386240844062246,0.0259908719673313,0
GTGCTTCCAGTGGAGT.2,0.106463972314918,0.223279878798273,0.110231536560813,0.0801410329712216,0.0629367032805555,0.0596053743827023,0.0249712814418697,0.0249801826641392,0.229137553721623,0.0676579628729841,0.0616585961697858,0.0568547312882957,0.0530594779632007,0.050400556955571,0.0386740331491713,0
CTAGTGATCCACGTGG.2,0.123878383388951,0.285738787411028,0.104992221103688,0.0484494541098315,0.0388303148304618,0.0396071539796236,0.0358486829075064,0.0355471307944167,0.227285311255834,0.0670323014356933,0.0537102473498233,0.0689989018914757,0.0504635572671516,0.0520380847788357,0.0308431419649291,0
TCCCGATGTCGGCATC.2,0.0813990854035348,0.246233885029872,0.119795003203075,0.103351575049688,0.0694390360383527,0.0272500778573653,0.029708853238265,0.0160330863346545,0.206086692857331,0.0597173873975812,0.0485974785150286,0.0656460971663602,0.0345742404792469,0.0356530009903611,0,0
CTTACCGCACGCCAGT.2,0.114843653442096,0.256095817968728,0.0941704035874439,0.0977429279316072,0.059887586789611,0.0351470391956222,0.0436284412755001,0.023291400999483,0.199270967912042,0.083499177987367,0.0591894603673167,0.0709417092806414,0.0537250986544953,0.0554013904278164,0.0584194090799904,0
CACAGTATCCCTGACT.2,0.074885675441849,0.130863562301689,0.100324883316555,0.113629557025783,0.0699606921127071,0.0280953863949815,0.0140146563675975,0.0111252800275719,0.164546365386137,0.0583861928501541,0.0509270165336125,0.102650405130571,0.0598773356154614,0.0591275016424306,0.0739370646168628,0
CACACAAAGCACAGGT.2,0.0712149301693239,0.231198010462225,0.160062231170495,0.117917721691307,0.0761691341243893,0.0370489834052587,0.0546722123192711,0.0116284680337756,0.136703403907507,0.0552379177454889,0.043126990359028,0.0742685232714537,0.0473826843531593,0.0488610846905857,0.0465049243334134,0
GAAATGATCGCAAGCC.2,0.0557038684958596,0.192750764657119,0.123730209572618,0.093835933458575,0.0597847250284707,0.0260043600124572,0.032671816201228,0.0108978114768223,0.185158330476969,0.0536072044248907,0.0285477468045195,0.0633914009655558,0.0465744306565873,0.0457527234931312,0.0296420850348307,0
ATTCTACAGATGTGGC.2,0.0595105672969967,0.17102592687877,0.131074402855313,0.0982193906722209,0.0674111898901583,0.0237020064955288,0.0365141612200436,0.00936067551266586,0.213653861365254,0.0554642208185515,0.0362430746411901,0.0903892762230265,0.0547235296914373,0.0525871959051999,0.0667307230362719,0
TACGGTAAGAACTCGG.2,0.0696329254727475,0.17102592687877,0.0793218632744578,0.0789566827302676,0.0461775834833401,0.0472149308181697,0.0338918597742127,0.00936067551266586,0.264732248793735,0.0747332618925593,0.0487196265759281,0.0822736694368458,0.0620358484286597,0.0611376405871567,0.0508767715589719,0
TCCCGATCATACCATG.2,0.0575948584847361,0.178057913843867,0.0866202983435527,0.110171798851044,0.0521141765548657,0.0144147350625083,0.0667538126361656,0.0179562295364467,0.146004165897645,0.0443687142657464,0.0310343323299743,0.073423824406599,0.0585460942328722,0.0547051959640332,0.0550564496757146,0
GATGCTAAGATCCGAG.2,0.0703374119391917,0.105451219163594,0.0503340349592752,0.102766206539791,0.0507181955108189,0.0199870979223206,0.0588789859378095,0.0100913320696192,0.104219948849105,0.0469246077968065,0.0588317410461109,0.0557176366625298,0.0684638425331622,0.0706000019611112,0.100168147970214,0
CCTTCCCAGAAGGGTA.2,0.0789766407119021,0.271989251922362,0.159856319209298,0.0686650875330121,0.0554131001800081,0.0316212127953019,0.0607724301841949,0.0140892641737033,0.175158857805785,0.0653683082514094,0.0570693190245605,0.0652952222532667,0.0382066276803119,0.0393987233166312,0.0758587557050204,0
CTGCTGTTCCAATGGT.2,0.0660116178469905,0.216305062458909,0.121213507824655,0.0935772822565275,0.060306381102825,0.0436446144948169,0.0263101604278075,0.0155367913148372,0.21457668679305,0.0747865096744564,0.0625572569035467,0.0503765407632179,0.061598440545809,0.059362834982301,0.0600528465049243,0
GTATTCTAGGTAAACT.2,0.0526016561611667,0.185175656747563,0.200878557701107,0.159778376759509,0.0841996987619852,0.0324776438136762,0.0222222222222222,0.0108013096674134,0.217437445619216,0.0731358284356467,0.0637002137591066,0.0743010116893328,0.066904388342129,0.0606179461282763,0.0492913764112419,0
CTGGTCTCACCTATCC.2,0.0544555679149672,0.082325701054798,0.0455751807449437,0.147703449590242,0.0931339774438852,0.0488276905280954,0.0247969895028719,0.00627261761158022,0.207497297439819,0.0615610918457678,0.052637089386206,0.106685466631146,0.0796367612798935,0.0821215300589314,0.084890703819361,0
CTCGTCAGTCTGATCA.2,0.0706834754665678,0.164051110539405,0.0787041273908667,0.0843339050886221,0.0555894346276772,0.0224451661698625,0.0576906318082789,0.0125728071687058,0.161349434439845,0.065102069341924,0.0585961697858046,0.0919032364961891,0.0565587410260067,0.0583234460645402,0.066634638481864,0
TACGGATCAAACGTGG.2,0.06421950315165,0.0676614355544121,0.0398554040450261,0.163127229164965,0.0732081848572793,0.0408973617475642,0.0219053277876807,0.00882302257453042,0.190385477364411,0.0503258098654828,0.0546001832220913,0.129095977284098,0.0682926829268293,0.0704235019562084,0.0879654095604132,0
TCACAAGCATTAGCCA.2,0.0699171919416636,0.194151444987565,0.138487233458406,0.100383892836723,0.0798574629881342,0.023724251457045,0.044674192909487,0.0114285714285714,0.171454372874206,0.0664532318075625,0.0509182916721197,0.0768546013346242,0.0499976227832454,0.051557612543267,0.0606773961085755,0
TTCTTAGCAACACCCG.2,0.0348535409714498,0.168167395592145,0.154777157499771,0.201489286394947,0.114764336357959,0.0307314143346532,0.02886908298673,0.00191625021540582,0.176266248319139,0.0385780179844383,0.0302316450726345,0.107289751203696,0.0817477297579993,0.0793563633154545,0.0836416046120586,0
TCTGGAAAGGCTACGA.2,0.057199357310592,0.221364662836235,0.140500594856777,0.121579678183452,0.0829359685536902,0.0300863104506829,0.0225549613784908,0.00946407030846114,0.20514409259894,0.0430375197183192,0.0342625310823191,0.0611886862333578,0.0446916749869253,0.0460861123912809,0.044439106413644,0
CATGACATCAAACGGG.2,0.0593746137683846,0.116513735242832,0.115242060949941,0.124955757031229,0.0700341647992359,0.0211327134404057,0.0348821548821549,0.00562467689126314,0.182521686397553,0.0520696747226123,0.0454041792086551,0.102176074229537,0.0602767080302382,0.0598335016620417,0.0590920009608455,0
CCTATTATCACAGGCC.2,0.0601408972932888,0.150301575050739,0.108035142308044,0.126153720493343,0.0724808052606443,0.0334897895626641,0.0286393345216875,0.00745131828364639,0.165924011917631,0.0566556399384988,0.0525323910482921,0.0931832801606227,0.0590880996529264,0.0609317239147701,0.0154696132596685,0
AGGTCCGTCGTCTGAA.2,0.0507106661722902,0.157848097647429,0.105015100210488,0.0971847858640311,0.0713860622313655,0.0369600035591938,0.0485403050108932,0.0116422540065483,0.182066865293854,0.0572147416484182,0.0473934476290189,0.0898694615369621,0.0574525745257453,0.0580390849455301,0.0937785251020898,0
ACGCAGCTCTCCAGGG.2,0.0864170065504882,0.253666066375096,0.16180104328727,0.0974978899507201,0.0655449836523272,0.0409752191128709,0.0310318875024757,0.0176529381354472,0.222783241490231,0.0740410407278972,0.0767875059983423,0.0820852366131474,0.0475538439594922,0.0490375846954885,0.0419889502762431,0
GTAACTGAGCTGCCCA.2,0.0755654430849092,0.178458108223995,0.0704676489429853,0.115412888997795,0.0694904669189229,0.0420540997464074,0.0287106357694593,0.00582457349646734,0.22166266775648,0.0798916407638394,0.0639532347423985,0.104554226418282,0.0745209908239433,0.0768461410235039,0.0620225798702859,0
GACGGCTGTACATGTC.2,0.0719688542825361,0.26804447874682,0.106822549647662,0.0858449726374255,0.0613864295947981,0.0205765894025003,0.0366250742721331,0.0198655867654661,0.20225696733198,0.0712255642600888,0.0435719582951621,0.0726376046939266,0.0548946892977702,0.0566074737946521,0.0426615421570982,0
TACAGTGCACAGCGTC.2,0.0556544308490916,0.174256067232656,0.131806534272902,0.149200903917885,0.0806142316593806,0.0431552253414602,0.0424796989502872,0.00508702395312769,0.184373928863343,0.0472906862973489,0.0403961087117742,0.102539944509782,0.0509770360861503,0.052567584793544,0.0838818159980783,0
CACATAGGTCTAGAGG.5,0.071264367816092,0.20181230883572,0.12983893108813,0.0954831332189823,0.065618456338856,0.040163278017529,0.0283620518914637,0.0144408064794072,0.236368550109421,0.0669324618446363,0.0681237185359682,0.0775823418951144,0.0577378405363001,0.0546659737407215,0.0458803747297622,0
TATGCCCCATCTACGA.2,0.0824001977505871,0.245662178772547,0.108035142308044,0.0881319937923711,0.0534072958377723,0.040363482671175,0.0303980986333927,0.0229329657073927,0.218030690537084,0.0683169041739605,0.0692143262225712,0.0770300387911709,0.0694052203679932,0.0692370297010286,0.0319481143406197,0
AGCTCCTCAGCCAATT.2,0.0599802249412928,0.162964868650487,0.102338244714926,0.0846742356176318,0.0584842584769112,0.0282177336833207,0.0210655575361458,0.0125865931414785,0.216013657816331,0.0723837035163504,0.0649129695066091,0.105814777031988,0.0649360528693006,0.0668248629673573,0.0382416526543358,0
CTGTGCTAGATCGATA.2,0.12109751575825,0.225252265386045,0.0807403678960373,0.0693185221487108,0.0381102825024797,0.0430773679761534,0.0311903347197465,0.0344649319317594,0.231233685764759,0.0762641356221005,0.0620075906294988,0.0508833600821307,0.049721865639709,0.048959140248865,0.0396348786932501,0
TCATTTGTCCGATATG.2,0.0568532937832159,0.118085927450476,0.0833714651779995,0.117168994527485,0.0765658866316447,0.0353249988877519,0.0234184987126164,0.00586593141478546,0.241048593350384,0.0688227581019828,0.0530209832918902,0.100896030565104,0.0665335425284077,0.0661678907268859,0.0155176555368724,0
GATCAGTAGTAACCCT.2,0.0835125448028674,0.184203756110111,0.101057014734145,0.115753219526804,0.0684691965761728,0.0499065711616319,0.0365458506634977,0.0115871101154575,0.219329237746197,0.0614612522547108,0.0569995201326179,0.101682250277776,0.065249845480911,0.0672857240912701,0.0205620946432861,0
TTGGCAAGTACTTCTT.2,0.0650970213817822,0.188262870537118,0.084652695158781,0.0839935745596123,0.0652804819808236,0.0250478266672599,0.0333452168746286,0.011656039979321,0.223053497508371,0.0774023069601507,0.0620512149369629,0.0807402161129557,0.0688537060809205,0.0703940852887246,0.0720153735287053,0
AAACGGGGTAGCGCAA.2,0.0483870967741935,0.0872995454935254,0.0639013452914798,0.121743036837376,0.080232173689431,0.0293633492014059,0.0329253317488612,0.0106220920213683,0.165264850897777,0.048668472653936,0.0386511364132094,0.105606851157562,0.0517472543146484,0.0533618348156065,0.10281047321643,0
CCATTCGGTCAGTGGA.2,0.0527994067482388,0.22285109910528,0.127505262194564,0.105761115195077,0.0591969435362404,0.0235462917649152,0.0336383442265795,0.0140823711873169,0.198717272655364,0.0565890802111275,0.0462679404964446,0.0438853548709885,0.045224171539961,0.044919251247757,0.0533749699735767,0
GGACGTCTCCTTGACC.2,0.0544184896798912,0.253666066375096,0.141850462157957,0.121212121212121,0.0736343264391462,0.0283178360101437,0.0421786492374728,0.0167706358779941,0.185375853613521,0.0475502692340972,0.037534354142128,0.0741125788656344,0.061503351875624,0.0598138905503858,0.045255825126111,0
TCCACACAGGCTACGA.2,0.053405017921147,0.17422748191979,0.101011256520545,0.0933730839391217,0.0601153521178502,0.034201628331183,0.0540384234501882,0.0129932793382733,0.188249795660084,0.0541263702983873,0.0439035030318894,0.0963736427963431,0.047087909475586,0.0485571124599198,0.0705260629353831,0
ATTTCTGCACAGCGTC.2,0.0505870720553702,0.155618443243861,0.118559531435893,0.126289852704947,0.0812607913008339,0.0108110512968813,0.0311428005545653,0.00791314837153197,0.178902892398555,0.0612349491816482,0.0373162326048074,0.130778877330232,0.0739599676698521,0.0762676132296559,0.0735046841220274,0
ATTTCTGGTCCATGAT.2,0.0906810035842294,0.197381585341452,0.118170586620298,0.0883089656674562,0.0569192902538481,0.0348244872536371,0.0306991483462072,0.0136618990177494,0.209824135839903,0.0683768079285947,0.0616760458927715,0.102968791625785,0.0374173917177768,0.0385848621829128,0.0240211386019697,0
CGATGGCGTTCAGTAC.2,0.0944753429736745,0.156933367635709,0.0794133797016564,0.0978518337008903,0.0630542595790015,0.0376384748854384,0.0351277480689245,0.0167637428916078,0.225492393281831,0.0814957301934891,0.0764646861231078,0.0802788805790736,0.0577188228022631,0.0570879460302207,0.0479942349267355,0
CTTGGCTAGACCCACC.2,0.071585712520084,0.222994025669611,0.119268783746683,0.0704484195050233,0.0551559457771573,0.0497397339502603,0.0261041790453555,0.00447354816474238,0.193766973396261,0.0700141772219301,0.0682894909043319,0.0786544596851223,0.0562734750154519,0.053008834805801,0.0363199615661782,0
TTCGAAGTCGGCGGTT.2,0.0386725991842788,0.204356401680816,0.172714377230713,0.138392006316535,0.0837147790308953,0.0191195444231881,0.0475262428203605,0.00908495605721179,0.187570859809634,0.0541796180802843,0.0472538498451337,0.0626116789364592,0.0470974183426045,0.0466842512967848,0.0663944270958443,0
CGTTCTGCACTCAGGC.3,0.173711531331109,0.172941142840808,0.0895259449071108,0.0977973808162487,0.0519451893758495,0.0479156471059305,0.0262467815408992,0.0438876443219025,0.181783426055317,0.0750594045566789,0.0638659861274702,0.113800430146653,0.0747682213664242,0.0771010854750302,0.0439586836416046,0.158107134278165
TTCCCAGTCACTATTC.3,0.106612285255222,0.198181974101707,0.0796192916628535,0.0922295733616488,0.0475735645273869,0.0502624905458914,0.0314121608239255,0.0239324487334138,0.215980699765339,0.0729494611990069,0.0653055882737862,0.113209140941254,0.0798079208862264,0.0819842522773403,0.0506365601729522,0
CCACCTACACACCGCA.3,0.142417500926956,0.128119372266529,0.0785897318568683,0.109041901494732,0.0711289078285147,0.0464363571651021,0.0241235888294712,0.022174737204894,0.19878318875735,0.0821879513581512,0.064223705448676,0.147075067738351,0.109133266771264,0.112538364237177,0.0990631755945232,0.095267835695412
GTAGGCCAGGGTTTCT.1,0.118341366950933,0.231569619529486,0.0948567767914341,0.108075362792344,0.0540465082105727,0.0428771633225075,0.0287977817389582,0.0233741168361192,0.230851372373243,0.0902683022610339,0.0641626314182262,0.105795283981261,0.0876812627775401,0.0869556690821019,0.0959884698534711,0
TACTTGTGTGGGTCAA.3,0.131701890989989,0.154360689477746,0.0689805070010067,0.081720166625827,0.0459057345431836,0.0251590514748409,0.0282590612002377,0.0327554713079442,0.210278956943602,0.0643299765044162,0.0550800506041967,0.120460555811853,0.0873674701659297,0.0850239745839993,0.103579149651693,0
TAGTTGGGTGAGTATA.3,0.147027561488073,0.212017265528971,0.102818705957719,0.145266683002532,0.0766467065868263,0.0387729679227655,0.0250821944939592,0.035926245045666,0.212592612123289,0.0794124107267657,0.0773895214413471,0.10102598423662,0.0816050967527219,0.0841512801153133,0.0598606773961086,0
TTTACTGGTGACCAAG.3,0.138944506241503,0.157790927021696,0.092706140752265,0.116610852459909,0.0608427317144851,0.048994527739467,0.0289799960388196,0.0309426158883336,0.190134996176866,0.0868471322741462,0.0676962003228199,0.127945887291181,0.0945086292968193,0.0974574193738172,0.0916166226279126,0
TTCTCAAAGATGCGAC.3,0.113298726980596,0.119743875596718,0.0871693969067448,0.150902556562934,0.0735828955585761,0.0362481647906749,0.0358486829075064,0.0149784594175427,0.18194821631028,0.0763107274312604,0.053230379967718,0.124235709969396,0.0908001711596063,0.0936332526009237,0.137016574585635,0
GTGAAGGAGGTGACCA.3,0.104980842911877,0.165165937741189,0.0838976846343919,0.144014266655776,0.0869255354322031,0.0482493215286738,0.0241711229946524,0.0222436670687575,0.192323410762781,0.0640371137039823,0.062391484535183,0.112474902697188,0.0987210573860125,0.099791141660865,0.155032428537113,0
CACACTCTCATGCTCC.3,0.165368928439006,0.213332189920819,0.0675391232726274,0.0464891502627352,0.0358767128320047,0.0384615384615385,0.0344701921172509,0.0286817163536102,0.214827167980594,0.0657876345338489,0.0725646730358156,0.0888688182662881,0.0729995721009842,0.0752772520910348,0.0545279846264713,0
GACTGCGGTCGAACAG.3,0.125349153380299,0.157276391390104,0.0934840303834538,0.0996623921152223,0.0522023437787003,0.0447346176091115,0.0270469399881165,0.0260761674995692,0.223086455559364,0.0824608462403738,0.06318544693103,0.109109102604921,0.0842770883849189,0.0869066413029623,0.0869565217391304,0
CTCGTCAGTTGATTCG.3,0.0684958595970832,0.0716347940428208,0.0628717854854946,0.117495711835334,0.0856838470298666,0.0544445433109401,0.0334798970093088,0.0119248664483888,0.166629314208875,0.0541796180802843,0.0464249880033154,0.121461199082527,0.116578709646746,0.115332947648137,0.157963007446553,0
AAAGATGCATCGGTTA.3,0.160956618464961,0.154589371980676,0.0584789969799579,0.0755397642190095,0.0440027919620881,0.0521310673132536,0.0222856011091305,0.0301912803722213,0.207049067946318,0.0785870701073608,0.0707237272608297,0.108836199894738,0.0818903627632768,0.0844454467901513,0.0457842901753543,0.150516454479942
TTATGCTCATGGTCTA.3,0.112483005808923,0.182402881399537,0.0959092157042189,0.0903645620626753,0.0582124095367547,0.0420985896694399,0.0217864923747277,0.033182836463898,0.212651936615076,0.0851498592261766,0.070165336125289,0.137653426553434,0.0943850140255788,0.0922408636733573,0.0593322123468652,0
TTGGAACAGCACGCCT.3,0.130836732171549,0.219821055941457,0.0989750160153748,0.0803043916251463,0.0428933543955035,0.0478155447791075,0.0275302040007922,0.0236153713596416,0.221603343264693,0.0830865076776646,0.077345897133883,0.120824426092098,0.107241002234584,0.110587058627418,0.11390823925054,0.0603891424453519
TCTTCGGAGAATGTTG.3,0.130700778642937,0.178543864162593,0.0738766358561362,0.0980424187971358,0.0561625215826017,0.042621346265071,0.0292572786690434,0.0333896260554885,0.185257204629947,0.0792926032174972,0.0774156960258256,0.0971988486104704,0.0797984120192079,0.0822882245080062,0.0913764112418929,0.0388181599807831
ACTGAGTCAATGTTGC.3,0.11276727227784,0.107566532315696,0.0623913242427016,0.0983963625473059,0.0643473788619081,0.0425879788227966,0.0222459893048128,0.024290884025504,0.18781474938698,0.078593726080098,0.0629062513632596,0.14411862171136,0.115951124423525,0.119568947765804,0.088109536392025,0
AAGACCTAGTATGACA.3,0.106192065257694,0.276848755109625,0.107600439278851,0.101200686106346,0.0505565556004555,0.0491391199893224,0.0237829273123391,0.0193968636911942,0.201063885886044,0.0809166605653583,0.0469048553854208,0.125145385670009,0.103057100746446,0.102732808409245,0.0971895267835695,0
TCAATCTTCTTGAGAC.3,0.110184155234211,0.210616585198525,0.0755239315457124,0.115154237795747,0.0772271408104037,0.0395181741335588,0.0191245791245791,0.0230501464759607,0.192217944999605,0.0845508216798344,0.0550364262967325,0.12471004087043,0.102239338182856,0.105429336261926,0.149363439827048,0.00360317079029546
GTGTTAGGTAGGCTGA.3,0.150228649116302,0.142526369951119,0.0695296055641988,0.0766560483541616,0.0441350427978399,0.0362926547137073,0.0192196474549416,0.0314526968809237,0.199758747066733,0.0854959698085077,0.0504733237359857,0.124066770196425,0.0991489564018447,0.102242530617848,0.083305308671631,0
CAACCTCCAGTGGAGT.3,0.139735508589791,0.112083011748564,0.0653884872334584,0.0766288219118408,0.0607839535652621,0.0444676780709169,0.0269360269360269,0.0366155436843012,0.188348669813062,0.0747798537017192,0.0653666623042359,0.114027849071806,0.0975419578757191,0.100585391682928,0.0401153014652895,0
ACACCCTGTGCGCTTG.3,0.146162402669633,0.175456650373038,0.0931637228882584,0.096272700046285,0.0392711509496345,0.0415090981892601,0.0257952069716776,0.0304049629501982,0.222335011996731,0.0842313349884519,0.0772237490729835,0.104879110597072,0.108172871202396,0.111548003098556,0.0965649771799183,0
ACGATACAGTGGGTTG.3,0.166753182548511,0.173855872852528,0.068683078612611,0.0705028723896648,0.0462216670952573,0.0485607509899008,0.0289641513170925,0.0379389970704808,0.211676378305693,0.0736217144454576,0.0859224359813288,0.104911599014951,0.0888223268197594,0.0915936969887138,0.0667307230362719,0.0139803026663464
CAGATCATCGTCCGTT.3,0.105462859967866,0.143298173398508,0.0651825752722614,0.12570448419505,0.0670438264575144,0.0480379943942697,0.0305248564072093,0.0151438910908151,0.164131093943629,0.0692620523026338,0.0380927452776687,0.154144547468827,0.0978367327532925,0.100889363913593,0.0901753543117944,0.0155176555368724
CTGCCTACACCGTTGG.3,0.138363613891979,0.11256896206729,0.0628260272718953,0.0717008358517792,0.0325043165203336,0.0295969212973262,0.0179441473559121,0.0235671204549371,0.180557386558388,0.0710325410507119,0.0454739781005977,0.0901488619307217,0.0584510055626872,0.0602747516742987,0.0450636560172952,0.14609656497718
GGAGCAACATCCCACT.3,0.179878877765418,0.19426578623903,0.0494875080076874,0.0830814887418661,0.0426949781418758,0.0516861680829292,0.0350722915428798,0.0409305531621575,0.208314657104437,0.0824608462403738,0.0678619726911835,0.0963086659605851,0.0657157799648172,0.0677661963268388,0.0212827288013452,0.0950756665865962
TACCTTAGTCGAATCT.3,0.155431961438636,0.185089900808964,0.0910817241694884,0.0572708214217648,0.023481870614599,0.053410152600436,0.0309288968112498,0.0320730656556953,0.18221847232842,0.0792526673810744,0.064721022553767,0.0914224079115795,0.0767460657062711,0.0765715854603218,0.0439106413644007,0.084122027384098
ATGCGATGTCACCCAG.3,0.142775923866024,0.134293799845639,0.0917680973734785,0.179830651528765,0.100613496932515,0.0492280998353873,0.0363240245593187,0.0362915733241427,0.176088274843779,0.0829733561411332,0.0576800593290582,0.112052553264761,0.100271002710027,0.103399586205544,0.0900792697573865,0
TCCACACTCATCTGCC.3,0.11289086639476,0.191464425578138,0.116157225221927,0.126875221214844,0.0831416920759708,0.0384281710192641,0.0320934838581897,0.0220989143546441,0.216422337648641,0.0586457757869024,0.0588142913231252,0.129654778071617,0.101754385964912,0.10318386397733,0.146288734085996,0
CAGCCGAGTATTCGTG.3,0.0910517859349895,0.111339793614041,0.0563054818339892,0.0873015873015873,0.0509459608390581,0.0528762735240468,0.0231649831649832,0.0112907117008444,0.202191051229994,0.0648957341870728,0.0730619901409065,0.143696272278933,0.105348737697903,0.10863575301766,0.147826086956522,0.0228200816718712
ACACCCTTCGCCAAAT.3,0.146607341490545,0.236915073035474,0.0888395717031207,0.0782896348934085,0.0440983064545755,0.0523090270053833,0.0249871261635968,0.0343684301223505,0.207925752102724,0.0797918011727824,0.0753915281594905,0.144839864588274,0.100813008130081,0.101399252816646,0.0886380014412683,0
GAACCTAGTTGAGGTG.3,0.144864664441973,0.130606294485893,0.078818522924865,0.0772550300852188,0.0422982256346203,0.0345797926769587,0.0281639928698752,0.0171428571428571,0.17622010704775,0.0713919635785172,0.0790821445709549,0.12797837570906,0.0789711405885989,0.0796995577694322,0.0484746576987749,0.143310112899351
CCTTCGAGTGTTTGTG.3,0.145890495612409,0.197353000028585,0.0825249382264116,0.1037599716845,0.0513059770030491,0.039128887307025,0.0297167755991285,0.0272341892124763,0.188170696337701,0.0850100837986968,0.0781834838371941,0.114820566468054,0.0812532686730376,0.0780424188345116,0.0578429017535431,0.0268556329570022
CAACCAAGTAAATGTG.3,0.148065752070201,0.146642655003859,0.0565571520087856,0.0773230961910207,0.0363616325630947,0.0503069804689238,0.0317765894236482,0.017570222298811,0.225505576502228,0.0819416803668772,0.0676787505998342,0.0986413343642991,0.0758902676746066,0.0782581410627261,0.0527023780927216,0.187028585154936
CGTTCTGCAAGCGAGT.3,0.11381782227166,0.133036046079524,0.0744028553125286,0.124846851261946,0.0777194078101466,0.0430440005338791,0.0261675579322638,0.0250697914871618,0.172983626440267,0.0831730353232473,0.0560921345373642,0.123111610710782,0.0986449864498645,0.0975162527087848,0.0284890703819361,0
GACGTTATCCTATTCA.3,0.146941045606229,0.193551153417374,0.105243891278484,0.0988319856244385,0.0540685500165314,0.0447123726475953,0.0319271142800555,0.027130794416681,0.234654731457801,0.0862880305642268,0.0737250796143611,0.109875829266866,0.0670945656824989,0.0674033907612053,0.0482824885899592,0.134134037953399
CTCGAAACAGACTCGC.3,0.154097144975899,0.137752622702455,0.0540404502608218,0.0843475183097825,0.0501304140185886,0.0507741246607643,0.0248128342245989,0.0386765466138204,0.219302871305402,0.0863013425097011,0.0986781834838372,0.122916680203507,0.0983692293063281,0.101438475039958,0.0672591880855153,0
GATCTAGTCTAGCACA.3,0.136781609195402,0.153846153846154,0.0733961746133431,0.0723678836886384,0.0434150104698578,0.0524981091782711,0.0195444642503466,0.0367809753575737,0.21223007356237,0.0873796100931171,0.070610304061423,0.10474265924198,0.0668663528740551,0.0689526685820186,0.0102330050444391,0.142973816958924
AACTGGTAGTAACCCT.3,0.169200346063527,0.195437784066547,0.1041914523657,0.0890713060524381,0.0361044781602439,0.046113805223117,0.0337571796395326,0.0308736860244701,0.211650011864898,0.0665131355621967,0.0630894734546089,0.0882515383265866,0.0803879617743546,0.082896168969338,0.0736007686764353,0.0617343262070622
CTGAAACAGTACGATA.3,0.133938944506241,0.188462967727182,0.0872609133339434,0.080467750279071,0.0362367289959957,0.0495506517773724,0.0223727470786294,0.0173151818025159,0.199086402826482,0.074766541756245,0.0472712995681194,0.113150661789072,0.09690486378548,0.0999284194424561,0.126062935383137,0
CGTCTACCATGCTAGT.1,0.170745272525028,0.275905439785038,0.104969341996888,0.0825369598954505,0.0534660739869953,0.0238910886684166,0.0309051297286591,0.0340306737894193,0.157638357898067,0.0659074420431174,0.0561881080137853,0.0962241960740996,0.0654400228212808,0.0674818352078288,0.0509248138361758,0.0120105693009849
AGAGTGGCACTACAGT.3,0.0948461253244346,0.141868907755195,0.0926146243250664,0.132402189005963,0.0813563057933213,0.0351804066378965,0.0182848088730442,0.0135791831811132,0.200819996308698,0.0710192291052376,0.0628626270557955,0.117094755719586,0.10321875148576,0.106439308512203,0.103483065097286,0
TGTGTTTGTCAGCTAT.3,0.099888765294772,0.133750678901181,0.0701015832341905,0.123893925780718,0.0698284412769553,0.0575254704809361,0.0308338284808873,0.0347475443735999,0.187188546418119,0.0726299745076244,0.0501156044147799,0.129544317450829,0.0871963105595968,0.0842983634527323,0.088878212827288,0
TGTGGTATCGTCGTTC.3,0.145680385613645,0.122116456564617,0.0669213873890363,0.0712107598900052,0.053363212225855,0.0472038083374116,0.0281402257872846,0.0240289505428227,0.169061618372136,0.077269187505408,0.0531518562142826,0.104950585116406,0.1080207293301,0.107439475206652,0.0809992793658419,0.0167667547441749
AGAATAGGTCGCATCG.3,0.0923248053392658,0.145613583740674,0.0725038894481559,0.119714666884478,0.0698725248888726,0.0547670952529252,0.0247653000594177,0.0163501637084267,0.219217180372821,0.0708128939503864,0.0581512018496706,0.109401498365833,0.0975990110778301,0.0963395860094329,0.0963247657938986,0
TGCCCATTCACCATAG.3,0.140291682115931,0.145156218734814,0.0974878740733962,0.0985461079800702,0.0546710260460674,0.0407972594207412,0.0289245395127748,0.0308736860244701,0.197998787143723,0.0747066380016107,0.0576800593290582,0.118030422154502,0.0907050824894214,0.0935351970426444,0.105404756185443,0.0397309632476579
CTCACACAGAAGGTTT.3,0.113175132863676,0.137295257696595,0.0720920655257619,0.100166081298157,0.061276220565005,0.0413533834586466,0.0247732224202812,0.0202584869894882,0.230073562369816,0.0907275643798963,0.0759673690180168,0.145509125996582,0.119260210145961,0.117823558828432,0.172183521498919,0.00980062454960365
TGCGCAGGTACGAAAT.3,0.104461747620813,0.0895291998970929,0.0468792898325249,0.123907539001879,0.0672715917857536,0.0413088935356142,0.0307546048722519,0.0319007409960365,0.198559074010599,0.0845907575162572,0.0586223443702831,0.133819793243709,0.0920648504730661,0.0949373915260387,0.0781647850108095,0.153879413884218
GTAACGTTCCGCATAA.3,0.11270547521938,0.165280278992654,0.10350507916171,0.0982193906722209,0.0469784357665038,0.0351692841571384,0.0309605862547039,0.0242357401344132,0.190121812956469,0.0697679062306561,0.0542075644549143,0.101896673835778,0.0910664194361242,0.0939078081641058,0.0416526543358155,0.112611097766034
TGAGCCGTCACGCATA.3,0.126721048078111,0.169367978732527,0.0865059028095543,0.0875874649459555,0.0520333565996841,0.0229123103617031,0.0369498910675381,0.020665173186283,0.193358293563952,0.066672878907888,0.0468961305239279,0.109687396443168,0.0737507725954453,0.0760518910014414,0.0480422772039395,0.0208983905837137
GATGAAAAGCCACTAT.3,0.078692374242986,0.190864134007947,0.148279491168665,0.159846442865311,0.0985929980529738,0.0387618454420074,0.0209467221231927,0.0149302085128382,0.178553537058033,0.060343048834872,0.0478471404266457,0.157107491179395,0.128512337754956,0.129668670268574,0.134806629834254,0
CATCAGAGTTCCACAA.3,0.129168211593128,0.141325786810737,0.0599432598151368,0.107095210868796,0.0642959479813379,0.0405970547670953,0.0189978213507625,0.0358228502498708,0.204280591662931,0.0755253226482784,0.0665706931902456,0.139745680664843,0.0922645366804545,0.091858446996068,0.126255104491953,0.0307470574105213
GGGAATGAGTTCGCAT.3,0.089272030651341,0.0973615756224452,0.0624828406699002,0.107503607503608,0.056507843209287,0.0506851448146995,0.0248762131115072,0.0157229019472687,0.187834524217576,0.0839717520517036,0.0682894909043319,0.129940676148953,0.0940236770788761,0.0969573360265927,0.0837857314436704,0.0520297862118664
TCAACGATCCACTCCA.3,0.0862810530218762,0.152616985392905,0.0591882492907477,0.0994173541343353,0.0713419786194482,0.0399741958446412,0.025034660328778,0.0130208512838187,0.202461307248135,0.0694417635665364,0.0621471884133839,0.122942670937811,0.0763466932914943,0.0731004186972339,0.0408839779005525,0.138265673792938
TGAGAGGAGTACATGA.3,0.0874799159560005,0.150415916302204,0.0746774045941246,0.111124724332271,0.0600271848940157,0.0451795168394359,0.0258031293325411,0.0158538686886093,0.199000711893901,0.0678576420550981,0.0667102909741308,0.101136444857408,0.072400513478819,0.0746595020738751,0.080951237088638,0.02695171751141
ACCTTTACAGCGTAAG.3,0.136077122728958,0.15113054912386,0.0830740367896037,0.0970894933159084,0.055420447448661,0.0243248654179828,0.048389780154486,0.0364225400654834,0.0878397975057347,0.0591982215240846,0.0388954325350085,0.112975224332525,0.042533162173727,0.0438602512183403,0.063511890463608,0.132596685082873
CTTAGGAAGACCTAGG.3,0.110962798170807,0.143869879655833,0.072641164088954,0.0747093577282257,0.0687263509790235,0.034412955465587,0.0297959992077639,0.0233327589178011,0.164585915047328,0.0729694291172183,0.0499585569079091,0.137075132715187,0.112927304711644,0.116450781012522,0.103386980542878,0.0140763872207543
TCGCGTTCATGGTCTA.3,0.175923866023977,0.20935883143241,0.0857737713919649,0.0945846606223965,0.0401528231879799,0.0478377897406237,0.020804119627649,0.0320041357918318,0.210793102539088,0.0911668585805473,0.0825110151376347,0.0923905627643745,0.0643750297152094,0.0663836129551004,0.0162382896949315,0.0955080470814317
GGGTTGCCATAGGATA.3,0.19222593004573,0.201440699768459,0.0702388578749886,0.0506684091589752,0.0187796186767569,0.0408639943052898,0.0312457912457912,0.0403791142512494,0.212375088986738,0.0812827390659008,0.0715613139641408,0.110597072143781,0.0905719583511625,0.0892795858133218,0.0552005765073264,0.0164304588037473
GGAATAATCTTAGAGC.3,0.105932517612162,0.179229911671383,0.0722522192733596,0.0857360668681423,0.0454208148120936,0.0445900253592561,0.0239017627252921,0.0101533689470963,0.215875234002162,0.0715184270605228,0.0619726911835275,0.106724452732601,0.0883373746018162,0.0910936136414893,0.0995435983665626,0.123852990631756
AAGTCTGTCGTGACAT.3,0.174650846619701,0.150330160363605,0.0763018211769012,0.071237986332326,0.0354138349068734,0.0257707879165369,0.0297009308774015,0.0437497845941754,0.215815909510375,0.0709792932688148,0.0768834794747633,0.0870169784471836,0.0839347691722531,0.0865536412931567,0.0478501080951237,0.208839779005525
GGTATTGCATGGATGG.3,0.103744901742677,0.15113054912386,0.0853390683627711,0.0796781834517684,0.0421586275302156,0.036047960137029,0.0248524460289166,0.0216784421850767,0.162700714530546,0.0720375929340193,0.0836452471317018,0.122721749696233,0.0709361479579708,0.0721296686702686,0.00735046841220274,0.226903675234206
AACGTTGGTTATGTGC.3,0.0945989370905945,0.151730840694051,0.0790930722064611,0.124833238040785,0.0740016898717902,0.0488610579703697,0.0258031293325411,0.0233327589178011,0.182244838769215,0.0661803369253399,0.0567988483182829,0.14157802743322,0.0854276612941568,0.0856613357128149,0.0894066778765314,0
GCAGTTATCGTGACAT.3,0.0647015202076381,0.189091844610239,0.12080168390226,0.106741267118626,0.0617244039528305,0.0425991013035547,0.0309685086155674,0.0116905049112528,0.211432488728347,0.0647226788959072,0.0391048292108363,0.0927609307281954,0.0716302952503209,0.0738652520518126,0.0327167907758828,0.0247417727600288
GTAGTCACACAAGCCC.3,0.192683228278334,0.159448875167939,0.0759586345749062,0.0812164774428925,0.0406965210682929,0.0552008720024914,0.0475816993464052,0.0406548337067034,0.137210957892794,0.0686563587835544,0.0638310866814989,0.0463674699969461,0.0604668853706081,0.0623535295098203,0.0432860917607495,0.149651693490271
CTCGAGGAGTAGCCGA.3,0.255098257322951,0.138724523339908,0.0617049510387115,0.0729532521985352,0.0184930751992947,0.0427881834764426,0.0298197662903545,0.0747061864552818,0.178665594431408,0.0747266059198222,0.0809667146534049,0.0531900377515416,0.0426757951790044,0.0440073345557593,0.0653374969973577,0.218448234446313
CTCATTATCTGCCAGG.3,0.193449511803238,0.171054512191636,0.0654113663402581,0.0363473004982439,0.0376033209654311,0.0358032655603506,0.023545256486433,0.0384146131311391,0.166958894718802,0.0845574776525715,0.0517384286524451,0.0458476553108817,0.0381876099462749,0.0393791122049753,0.016670670189767,0.239058371366803
TAGACCATCGCCATAA.3,0.175923866023977,0.121916359374553,0.0439507641621671,0.0557053009883199,0.016781161603174,0.0392846020376385,0.0292097445038621,0.0479545062898501,0.160993487489124,0.0646561191685359,0.0525236661867993,0.0535409126646351,0.0564541434888033,0.0582155849504329,0.0816718712466971,0.183089118424213
CAGCTGGTCTCCAGGG.3,0.262093684340625,0.0581996969956836,0.0292623775967786,0.0673446050804541,0.0302707468498586,0.0516194331983806,0.0236244800950683,0.0463691194209891,0.176569462388272,0.0920720708727977,0.0665183440212887,0.0573030714550263,0.0611325060619027,0.0630399184177755,0.0742253182800865,0.123132356473697
CTTACCGCAGTTAACC.3,0.247114077369917,0.178915473229854,0.10142308044294,0.075730349315255,0.0309540428345762,0.0302531476620545,0.0299227569815805,0.0748716181285542,0.16791467819759,0.0791861076537031,0.0640143087728482,0.0624752275813672,0.0494270907621357,0.0509692791935911,0.0708143165986068,0.199375450396349
TGCGTGGTCCCTTGCA.3,0.19919663824002,0.14701426407112,0.0489155303376956,0.0762748781616706,0.0329231108335476,0.0540775014459225,0.0399524658348188,0.0623332758917801,0.182429403854774,0.0840849035882349,0.0868210967150897,0.0550483752542219,0.0482099557837684,0.0497141680476158,0.0533269276963728,0.158587557050204
CGGACTGTCTTCAACT.3,0.164701520207638,0.180287568247434,0.072709801409353,0.0597348144517956,0.0263766944638331,0.0338568314276816,0.0261517132105367,0.0294330518697226,0.225235320484088,0.0714052755239915,0.087004318806439,0.0498177399756987,0.0420387010887653,0.0433503623152878,0.0202257987028585,0.157770838337737
TTCTACACAGTATAAG.3,0.126127796316895,0.169911099676986,0.0562597236203899,0.123036292847614,0.0616803203409133,0.0492614672776616,0.0369895028718558,0.0220093055316216,0.154507343053761,0.0668126543353678,0.0575579112681586,0.0385767473895556,0.0534398326439405,0.0551072237529784,0.0315157338457843,0.130530867163104
GCATGATTCGTCTGCT.3,0.283660857743171,0.118600463082068,0.0487096183764986,0.0664189060415476,0.01189522794901,0.0314766205454465,0.0392869875222816,0.0833982422884715,0.174690853481689,0.0835191459055784,0.0907734589713388,0.0343727461160096,0.0393667094565682,0.0405950011276389,0.00811914484746577,0.221859236127792
CCACTACTCTCTTGAT.3,0.19975281176616,0.113883886459137,0.0415713370550014,0.103800811347981,0.0334521141765549,0.046525337011167,0.0374965339671222,0.0840461830087886,0.179805942995755,0.0757383137758668,0.0706452035073943,0.0421504733562485,0.0495316882993391,0.0510771403076983,0.0264712947393706,0.233149171270718
GAACATCGTATAATGG.3,0.202434804103325,0.0744647400165795,0.0464217076965315,0.081407062539138,0.026141581866941,0.0366263291364506,0.0279976232917409,0.0696191625021541,0.173570279747937,0.0716315785970541,0.0564411289970772,0.0531120655486319,0.0457566680929967,0.0471843346440093,0.0696132596685083,0.212010569300985
TGAGCCGTCAGTACGT.3,0.208985292300087,0.200983334762599,0.0930493273542601,0.0754716981132075,0.0256419675985452,0.0421542020732304,0.0357140027728263,0.053985869377908,0.208907902022306,0.0677910823277268,0.0684727129956812,0.0431836050448015,0.0431797651309846,0.0445270290146397,0.0516454479942349,0.107758827768436
TACCTTAGTCTAAACC.3,0.160128537881597,0.223222708172541,0.104031298618102,0.106959078657192,0.046001249035671,0.0516750456021711,0.0341216082392553,0.0230225745304153,0.252485037044849,0.0806770455468214,0.0847271299568119,0.0358152318698384,0.0474872818903628,0.0489689458046929,0.0547201537352871,0.16987749219313
TCACAAGCAAGTAATG.3,0.215782968730688,0.172569533773547,0.0701244623409902,0.0709793351302785,0.0258256493148672,0.0487164657205143,0.0335432758962171,0.0682750301568154,0.187214912858913,0.0655613314607863,0.0758277712341317,0.0333396144274566,0.046108496172681,0.0475471402096428,0.0261349987989431,0.199855873168388
CTGAAGTCAAGAGTCG.3,0.216697565195897,0.143183832147043,0.0542006040084195,0.0577745106046993,0.0195510818853091,0.0353472438492681,0.027910477322242,0.0597346200241255,0.208202599731062,0.0857422407997817,0.062740478994896,0.0926829585252857,0.0648599819331527,0.0668836963023249,0.0740811914484747,0.233965889983185
GCTGCGAGTATTAGCC.3,0.215708812260536,0.113455106766144,0.0425551386473872,0.0257698276566201,0.00992615995003857,0.0256150731859234,0.0226579520697168,0.0431569877649492,0.141462546470852,0.0916594005630953,0.0663438467914322,0.0339374013164307,0.0375790424570912,0.0387515566319877,0.0222916166226279,0.134182080230603
CCTTACGGTACCGGCT.3,0.133840069212705,0.117657147757482,0.0768966779536927,0.0910996760053364,0.0653245655927409,0.0167059660986786,0.0432481679540503,0.0306668964328795,0.0869301552983363,0.0943816934125838,0.0716660123020547,0.091506877798065,0.0779156563495459,0.0803467244540757,0.0734566418448235,0.200672591880855
CTTCTCTGTGCTGTAT.3,0.18729452478062,0.176199868507561,0.0690491443214057,0.110661874812818,0.0483817640792036,0.0364817368865952,0.035959595959596,0.024897466827503,0.173543913307143,0.0756850659939697,0.0610391310037953,0.0574720112279972,0.0417724528122474,0.0430758067521057,0.0441508527504204,0.217823684842662
TCTGGAAGTTCGAATC.3,0.180954146582623,0.171311780007432,0.0434245447057747,0.0745187726319802,0.0206237831086294,0.0385727632691195,0.0415210932857992,0.0279028088919524,0.22919687821341,0.0796120899088797,0.0854425685992235,0.036263572036569,0.0504635572671516,0.0520380847788357,0.0597645928417007,0.154503963487869
ACGGGCTTCTACCAGA.3,0.119453714003213,0.16645227682017,0.0508373753088679,0.0758256418633777,0.0397928070239888,0.049406059527517,0.0328619528619529,0.0435636739617439,0.175382972552535,0.0572480215121039,0.0644680015704751,0.0324754225118745,0.0454428754813864,0.0468607513016875,0.0370405957242373,0.212779245736248
CGTCTACAGTATCTCG.3,0.225077246323075,0.11668524712003,0.0459412464537384,0.0629203082033271,0.0126666911575622,0.0431329803799439,0.0364270152505447,0.0659865586765466,0.149557043794658,0.0831530674050359,0.0689002312088296,0.0498047446085471,0.0586982361051681,0.0605296961258249,0.045255825126111,0.221282728801345
TTATGCTAGAGATGAG.3,0.14145346681498,0.201069090701198,0.106822549647662,0.081720166625827,0.0423937401271077,0.0384059260577479,0.023030303030303,0.0194726865414441,0.195632399082448,0.0600768099253865,0.0562928063516992,0.0444376579749319,0.041591784338896,0.042889501191375,0.0188325726639443,0.127023780927216
GGTGTTACAATGAATG.3,0.214818934618712,0.125861132550096,0.054932735426009,0.0363745269405647,0.00582638404173249,0.0406081772478534,0.023236284412755,0.0408478373255213,0.177881192817782,0.0942219500668925,0.0796318108450028,0.0424818552186146,0.0426472685779489,0.0439779178882755,0.0539034350228201,0.153014652894547
GATCGCGGTCAGAATA.3,0.230985045111853,0.128719663836721,0.0664409261462433,0.0502736257453239,0.018412255244113,0.0485607509899008,0.0282907506436918,0.051869722557298,0.164763888522688,0.0737614898729375,0.089281507656066,0.0536058895003931,0.047896163172158,0.049390584705294,0.022243574345424,0.201201056930098
GCTGCGACAAGTACCT.3,0.224496353973551,0.0413343624045965,0.0371327903358653,0.043453401943968,0.0143198266044598,0.0345241802731681,0.0302317290552585,0.0371807685679821,0.156695757639676,0.0693752038391651,0.0719452078698251,0.0528911443070545,0.0471734892787524,0.0486453624623712,0.00999279365841941,0.122844102810473
TCACAAGCAGTATCTG.3,0.255852181436164,0.149186747848955,0.0603093255239315,0.0464074709357728,0.00958818559200617,0.0378498020198425,0.0345573380867499,0.0697708082026538,0.189904289819917,0.085216418953548,0.0944640753828033,0.0432550795641354,0.0438929301573718,0.0452624457017346,0.0187845303867403,0.233245255825126
TTCTACAGTCATCGGC.3,0.175998022494129,0.100820398479261,0.0437448522009701,0.0506003430531732,0.0129752764409831,0.0341348934466343,0.0366488413547237,0.0586317422023091,0.171612571518971,0.073248979972178,0.0697727173581119,0.0440997784289901,0.0515760947083155,0.0531853348107037,0.0116262310833534,0.0764352630314677
ATCCGAATCTTCATGT.3,0.268532937832159,0.113397936140411,0.0526448247460419,0.0558686596422446,0.0163256309466956,0.0460025804155359,0.0295424836601307,0.0760985697053248,0.164928678777652,0.0842113670702405,0.0765257601535576,0.0488625804900553,0.0389483193077545,0.0401635566712099,0,0.119481143406197
CAACCTCCAAACCTAC.3,0.197318007662835,0.0497098590744076,0.005902809554315,0.0452367339159792,0.0143639102163771,0.0336677492547938,0.0209863339275104,0.036022746855075,0.171553247027184,0.0690956529842054,0.0650351175675086,0.0399282655733231,0.0478010745019731,0.0492925291470147,0.00989670910401153,0.165745856353591
AGCGTCGGTAGATTAG.3,0.175701396613521,0.20135494382986,0.0627573899514963,0.0644313757521305,0.0302927886558172,0.0387729679227655,0.0227926322043969,0.0437497845941754,0.175508213146307,0.064709366950433,0.0695807704052698,0.0499217029129116,0.0303237769219797,0.0312699175352755,0.0615421570982465,0.219841460485227
CGCTTCACACTTCTGC.3,0.184909158324064,0.137009404567933,0.0900292852567036,0.0946663399493588,0.0465963777965541,0.0428549183609912,0.0299782135076253,0.0382078235395485,0.175659820180874,0.0709792932688148,0.0801553025345723,0.0444311602913561,0.041572766604859,0.0428698900797192,0.0458323324525583,0.18755705020418
CATGCCTTCGTCGTTC.3,0.164441972562106,0.129834491038504,0.0527820993868399,0.0796509570094476,0.0452297858271188,0.0458913556079548,0.0343355119825708,0.0292055833189729,0.238194426134416,0.0623731205196984,0.0974392531518562,0.0335475403018824,0.0520895735273142,0.0537148348254121,0.0742253182800865,0.23828969493154
GCGACCAAGCAGCCTC.3,0.209343715239155,0.191149987136609,0.0920884048686739,0.0871110022053418,0.0316152970133353,0.0396293989411398,0.0401980590215884,0.0381940375667758,0.171546655416985,0.0808234769470384,0.0681586179819395,0.0410913509333922,0.0359340084628916,0.0370551954737554,0,0.242085034830651
TACTCGCGTCCGAATT.1,0.154121863799283,0.230083183260441,0.0646792349226686,0.0812981567698549,0.0492046581683259,0.0535324998887752,0.0316498316498317,0.0381664656212304,0.224853007092573,0.0782276475795555,0.0844653841120272,0.0351199797272272,0.0574906099938192,0.0592843905356775,0.0663463848186404,0.155272639923132
TTGCGTCGTCGACTGC.3,0.174292423680633,0.214790040876997,0.0695753637777981,0.0980696452394566,0.0352668895338158,0.0394736842105263,0.0430976430976431,0.0404411511287265,0.19458433306088,0.0703802557224726,0.0690311041312219,0.0469457638351928,0.0385204202919222,0.039722306658953,0.0123468652414124,0.163631996156618
CGCGGTAAGACGCTTT.3,0.202249412927945,0.151788011319784,0.0600576553491352,0.0732119034005826,0.0170530105433305,0.0278618142990613,0.0297880768469004,0.0559917284163364,0.210298731774198,0.0736483383364062,0.0601317454085416,0.040097205346294,0.0466219749916797,0.0480766402243511,0.0331972135479222,0.181743934662503
CGTCTACTCCGCAGTG.3,0.212396489927079,0.12125889717863,0.0763704584973003,0.0676849356094639,0.0299107306858675,0.0225230235351693,0.0349772232125173,0.0602447010167155,0.190583225670367,0.0454602937946366,0.0816385289883523,0.0351979519301369,0.0557695050634717,0.0565976682388241,0,0.197597886139803
ACCCACTCACATCCAA.3,0.19117538005191,0.156761855758511,0.0708565937585797,0.0775136812872662,0.0365747033540281,0.0427103261111358,0.0203367003367003,0.0350025848698949,0.191644474912332,0.0769164209503398,0.079178118047376,0.0507339133598872,0.0314172966291066,0.0323975564554877,0.0308431419649291,0.219457122267595
GGCCGATGTTCGGGCT.3,0.247361265603757,0.094474459022954,0.0237027546444587,0.0851779248005663,0.0196098600345322,0.0364038795212884,0.0330441671618142,0.0733896260554885,0.0960133941519234,0.102189149433244,0.0682022422894037,0.0523388412031111,0.0342604478676366,0.033799750938882,0.0387220754263752,0.295748258467451
TATGCCCAGGCAGTCA.3,0.161735261401557,0.133150387330989,0.0694838473505994,0.0746276784012633,0.0201094743029279,0.0358366330026249,0.0319667260843731,0.0249112528002757,0.2129947003454,0.0716914823516883,0.0690398289927147,0.0425663251051,0.0509865449531688,0.052577390349372,0,0.118472255584915
CTCGAGGTCCCTCTTT.3,0.17828451365715,0.0846696967098305,0.0439278850553674,0.070611778158948,0.0306821938944198,0.0436001245717845,0.0302317290552585,0.0399310701361365,0.158343660189311,0.0810231561291525,0.0777036164550888,0.0633719079148284,0.0517092188465744,0.0531068903640803,0.0552486187845304,0.276147009368244
ATCTACTCATTCACTT.3,0.148807316771722,0.147100020009719,0.0620252585339068,0.0781943423452857,0.0249145880019103,0.0469146238377008,0.0282590612002377,0.0373599862140272,0.187478577266855,0.0603497048076091,0.0562579069057279,0.0430861397911644,0.0473921932201778,0.0488708902464136,0.0392505404756185,0.154503963487869
AGGGTGATCTGCGTAA.3,0.233716475095785,0.206100105765658,0.125583417223392,0.08147512864494,0.0276183828661695,0.0348022422921208,0.041489403842345,0.0515319662243667,0.184505761067314,0.0886708688041214,0.094874143872966,0.0488950689079343,0.0283744591831883,0.0292597785905494,0.0223877011770358,0.149171270718232
GAGTCCGGTCGGATCC.3,0.189346187121493,0.0879855930023154,0.0262652146060218,0.086838737782134,0.0352007641159399,0.0502624905458914,0.016129926718162,0.0497466827503016,0.171395048382419,0.0750660605294161,0.0526894385551629,0.0528521582055997,0.0399277326106594,0.0411735289214869,0,0.18280086476099
CATCCACCACCAGGTC.3,0.142973674453096,0.242832232798788,0.0902351972179006,0.095646491872907,0.0422100584107858,0.0479045246251724,0.0287898593780947,0.0269860417025676,0.229210061433807,0.0708994215959691,0.0689700301007722,0.0409548995783003,0.0456710882898303,0.0470960846415579,0.0388181599807831,0.143069901513332
GAACGGACACTTAACG.3,0.207304412309974,0.174141725981191,0.0625285988834996,0.07834408777805,0.0371992211895228,0.0504960626418116,0.0330679342444048,0.0485473031190763,0.225195770822897,0.0729893970354297,0.0897962744841426,0.0407469737038746,0.0441496695668711,0.0455271957090888,0,0.11731924093202
CATATTCAGGAATTAC.3,0.15588925967124,0.247806077237515,0.0816097739544248,0.0890985324947589,0.0493148671981191,0.0519197401788495,0.0412992671816201,0.0318593830777184,0.218735992828328,0.0740077608642115,0.0785063037124286,0.0434760008057128,0.0635477582846004,0.0655305295980703,0.0522699975978861,0.112226759548403
ACTGATGTCCTATGTT.3,0.168298109010011,0.152988594460166,0.0421433147249931,0.0648533856081026,0.0169795378568017,0.0486608533167238,0.0240285204991087,0.0616715491986903,0.176470588235294,0.0707729581139636,0.0581512018496706,0.0400582192448392,0.0431036941948367,0.0444485845680162,0.0354071582993034,0.228008647609897
TTCGGTCGTCTCATCC.3,0.168607094302311,0.176428551010491,0.0545209115036149,0.079909608211495,0.0283163733881929,0.0425657338612804,0.0242503466032878,0.0246217473720489,0.179410446383843,0.067950825673418,0.0725559481743227,0.0425078459529178,0.041572766604859,0.0428698900797192,0.0446312755224598,0.181791976939707
AGCTCTCGTCCCTACT.3,0.182350760103819,0.0700340165223108,0.0408849638510113,0.0792697868169566,0.0362146871900371,0.0403412377096588,0.0314755397108338,0.0503946234706186,0.152516676773802,0.0665663833440938,0.051302185577804,0.0446260907986303,0.0351447725003566,0.0362413343400371,0.00326687484986788,0.212779245736248
CAGCAGCGTCGAGTTT.3,0.214176245210728,0.196495440642598,0.0802370275464446,0.0719867134961475,0.0237390250174498,0.0482048316056413,0.0302951079421668,0.052124763053593,0.217865900282121,0.0691489007661025,0.0682633163198534,0.0331576792873341,0.0420387010887653,0.0433503623152878,0.00711025702618304,0.190343502282008
TAAGTGCGTGTATGGG.3,0.149116302064022,0.185918874882086,0.0965498306946097,0.0930191401889515,0.0462363616325631,0.0400965431329804,0.0282036046741929,0.0306393244873341,0.215169931710918,0.0735019069361892,0.083784844915587,0.038830157049012,0.044301811439167,0.0456840846023357,0.0332452558251261,0.122363680038434
AAGGAGCAGAGCTGGT.3,0.232950191570881,0.117056856187291,0.0796879289832525,0.0825777995589316,0.0236288159876566,0.0375494950393736,0.0295820954644484,0.0769326210580734,0.172634271099744,0.0736549943091433,0.0883043231688697,0.0406300153995101,0.0375314981219988,0.038702528852848,0.02695171751141,0.0370405957242373
CGACTTCGTTCACGGC.3,0.214818934618712,0.1392390589715,0.0623913242427016,0.0568624247869531,0.037485764666985,0.0267718111847666,0.0331313131313131,0.0494778562812338,0.166925936667809,0.0712055963418774,0.064223705448676,0.0642945789825927,0.0551038843721771,0.0568231960228666,0.0636560172952198,0.110929618063896
ATTGGACTCTCCAACC.3,0.26341614139167,0.184403853300174,0.0581129312711632,0.0650031310408669,0.0174277212446273,0.0243359878987409,0.033733412556942,0.0704118559365845,0.199257784691644,0.0705133751772153,0.0651049164594512,0.0434500100714095,0.0452717158750535,0.0466842512967848,0.0404035551285131,0.257410521258708
ATAGACCCAGTACACT.3,0.127932270423928,0.122459480319012,0.0515695067264574,0.0765063029213973,0.0232614525550127,0.0387729679227655,0.023030303030303,0.0183835946924005,0.268594932370079,0.0736949301455661,0.0853029708153383,0.0244247925614518,0.0520990823943327,0.05372464038124,0.0296901273120346,0.110785491232284
GGAATAAGTGATGTCT.3,0.1850080336176,0.191921790583998,0.104717671822092,0.12257344332816,0.0708350170823996,0.0548783200605063,0.0331154684095861,0.0271376874030674,0.174901785008042,0.0779480967245958,0.0787942241416918,0.0469587592023444,0.0470213474064565,0.0484884735691243,0.0217631515733846,0.109200096084554
ATCCGAAAGCTAGGCA.3,0.190779878877765,0.130720635737358,0.043401665598975,0.0659696697432546,0.0156496822306308,0.0439004315522534,0.0270865517924341,0.0692400482509047,0.200589289951749,0.0678909219187838,0.0658465296863412,0.0291616038882139,0.0320924261874198,0.0330937509192709,0,0.0841700696613019
TCGCGAGCACCTATCC.3,0.181102459522927,0.176685818826287,0.0781779079344742,0.0926379699964606,0.036339590757136,0.0412199136895493,0.0256129926718162,0.0259314147854558,0.200483824188573,0.077908160888173,0.0968197879858657,0.0408899227425423,0.0370085104359816,0.0381632232823118,0.0284890703819361,0.26207062214749
GCCTCTACAGCTGTGC.3,0.224990730441231,0.221736271903496,0.108675757298435,0.0690054180620218,0.0297197017008927,0.0488610579703697,0.0480332739156269,0.0523522316043426,0.175086350093601,0.0755186666755413,0.0902150678357981,0.0511822535266178,0.0337850045167118,0.0348391398566428,0.0265193370165746,0.238625990871967
CGGACACGTAAACACA.3,0.196007910023483,0.127490495383472,0.0625972362038986,0.0659560565220943,0.0361706035781198,0.0508964719491035,0.0281481481481481,0.0485059452007582,0.16755213963667,0.0882914783581046,0.0702351350172316,0.0768805920689274,0.066904388342129,0.0689918908053303,0.0288253663223637,0.22378092721595
GGGCATCCAACTGGCC.3,0.238289457421827,0.16096389674985,0.0739452731765352,0.0610961365678347,0.0109915139047059,0.0379499043466655,0.0368785898197663,0.0815371359641565,0.177261581459119,0.0647426468141186,0.0799633555817301,0.0364390094931157,0.031616982836495,0.0326034731278743,0.00816718712466971,0.230795099687725
ACACCAAGTAGGGACT.3,0.217154863428501,0.301918074493325,0.101880662578933,0.0429224863187127,0.026861614194923,0.0460025804155359,0.0457754010695187,0.0508150956401861,0.262313127850871,0.0635911635305942,0.102709069493522,0.030090772639554,0.0413920981315076,0.0426835845189885,0.049963968292097,0.085707422531828
ACGCCAGTCCGAAGAG.3,0.176615993078729,0.190035159934825,0.0685915621854123,0.0944893680742737,0.0319459241027148,0.0428215509187169,0.026951871657754,0.0480234361537136,0.200780446647507,0.0787335015075778,0.0795532870915674,0.0437813919337756,0.0412019207911377,0.0424874734024298,0.0120586115781888,0.10915205380735
GCTCTGTCAAATCCGT.3,0.228797429242368,0.125089329102707,0.0500594856776791,0.0646900269541779,0.0134822379780317,0.0312430484495262,0.0325292137056843,0.0493399965535068,0.199343475624225,0.0677245226003554,0.0766653579374427,0.0490445156301778,0.0548471449626777,0.0565584460155124,0.0530867163103531,0.0191208263271679
AAGGTTCAGGGCTTGA.3,0.250661228525522,0.149844210044879,0.0504255513864739,0.0566173868060661,0.0154660005143088,0.0464474796458602,0.0249950485244603,0.0714182319489919,0.198407466976033,0.0764305349405289,0.0822667190158356,0.0474655785212572,0.0460609518375885,0.0474981124305031,0.0647609896709104,0.11938505885179
CAACCAACACATCCAA.3,0.222593004572982,0.154932395735071,0.0498993319300814,0.0601976639712489,0.0192498438705411,0.0380500066734885,0.025684293919588,0.0498225056005514,0.186430511245287,0.070939357432392,0.0776338175631462,0.0486351615649021,0.0402985784243807,0.0415559455987763,0.0371366802786452,0.206437665145328
CGCTGGAGTACTCAAC.3,0.301705598813496,0.113912471772004,0.0598975016015375,0.061490919981486,0.0126446493516035,0.0382502113271344,0.0217944147355912,0.0763260382560744,0.134936852374298,0.100644963758228,0.0798324826593378,0.0468482985815557,0.041572766604859,0.0428698900797192,0.0299303386980543,0.230602930578909
TGTCCCACAGCTCCGA.3,0.190372018291929,0.210559414572793,0.092568866111467,0.0847286885022734,0.0328716799529775,0.0481269742403346,0.0417825311942959,0.0356367396174393,0.187524718538245,0.0697013465032847,0.0629760502552022,0.0383948122494331,0.0443303380402225,0.0457135012698195,0.0626471294739371,0.2097525822724
GGCTGGTAGACTGGGT.3,0.240415276232851,0.0886144698853729,0.0263338519264208,0.0194260665958779,0.010624150472062,0.0266383414156694,0.0423687858981977,0.0442322936412201,0.177307722730509,0.0737548339002004,0.0698948654190115,0.0380894211213702,0.0380449769409975,0.0392320288675564,0.0375690607734807,0.273072303627192
AGGCCGTGTATCTGCA.3,0.253343220862687,0.0884715433210417,0.0431499954241786,0.0383892836723025,0.020645824914588,0.0374160252702763,0.0427490592196475,0.0473548164742375,0.127943153953648,0.0969375869436439,0.0560834096758714,0.0437813919337756,0.0303142680549613,0.0312601119794476,0,0.255296661061734
GATGAAACACACCGAC.3,0.157545420837968,0.14907240659749,0.0771483481284891,0.0863350485991995,0.0428713125895448,0.0369933710014682,0.0345573380867499,0.0273996208857488,0.208762886597938,0.0702471362677299,0.0564236792740915,0.0462180232747026,0.0369704749679076,0.038124001059,0,0.0750900792697574
GCTGCAGTCGACAGCC.3,0.289766407119021,0.154703713232141,0.0767594033128947,0.0505731166108525,0.0182873516770141,0.0517862704097522,0.0259853436324025,0.0745476477683957,0.192560708729929,0.0994868245019668,0.0863761287789556,0.0420854965204904,0.0405267912328246,0.0417912789386466,0.00744655296661062,0.243430218592361
GAATAAGAGCCAGAAC.3,0.172599184278828,0.218391790298145,0.08263933376041,0.0817065534046666,0.0486021821387899,0.0405970547670953,0.0304297880768469,0.0529450284335688,0.195764231286419,0.0701273287584614,0.0592592592592593,0.0445936023807513,0.0437598060191128,0.0451251679201436,0.0293057890944031,0.183569541196253
CTCGAGGGTTGCCTCT.3,0.256964528488444,0.132521510447932,0.0744486135261279,0.0681886247923984,0.0251276587928438,0.0485496285091427,0.0364190928896811,0.0691917973462002,0.187933398370554,0.077122756105191,0.0845526327269555,0.0397723211675038,0.0443113203061855,0.0456938901581636,0.0194571222675955,0.239106413644007
AGCAGCCAGATCCTGT.3,0.147138796193301,0.159648972358002,0.0485494646289009,0.0975931824988429,0.0332316961169685,0.0360257151755127,0.0297880768469004,0.0267103222471136,0.240435573601919,0.0606092877443574,0.0717619857784758,0.0396488651795635,0.0570912375790425,0.0588725571909044,0.0633677636319962,0.104299783809753
CAAGGCCCACAGACTT.3,0.22850080336176,0.181002201069091,0.0733961746133431,0.0446922050695636,0.0191616766467066,0.0369155136361614,0.0251772628243216,0.0539720834051353,0.193397843225143,0.0814491383843292,0.0880949264930419,0.0373096990922736,0.0353539675747635,0.0364570565682516,0.0126351189046361,0.132644727360077
CTTGGCTCAGTGACAG.3,0.205512297614634,0.199468313180688,0.0667154754278393,0.0711835334476844,0.0101686198155836,0.0304867197579748,0.0321330956625074,0.0661864552817508,0.181921849869486,0.076237511731152,0.0561357588448283,0.0342882762295242,0.0412494651262302,0.0425365011815695,0.0273360557290416,0.0826807590679798
TACTTACCACGTAAGG.3,0.232023235693981,0.0467655718491839,0.00837375308867942,0.0543848185357619,0.0120201315161089,0.0407861369399831,0.0241315111903347,0.0483956574185766,0.161580140796794,0.0615078440638707,0.0705056057235091,0.028622296151422,0.0394617981267532,0.0406930566859182,0.0167187124669709,0.258995916406438
ATAGACCGTAGCGATG.3,0.191954022988506,0.107480776377097,0.0456666971721424,0.0617359579623731,0.0230189926894677,0.0388730702495885,0.0384234501881561,0.0541513010511804,0.180293722150447,0.0637109710398626,0.0576451598830869,0.0539307736791834,0.0746446060951838,0.076973613249267,0.0588998318520298,0.0471775162142686
CACAAACTCCGAAGAG.3,0.252972438511927,0.153846153846154,0.0682254964766175,0.0697133055623622,0.0199478343925646,0.0330337678515816,0.0339710833828481,0.0727416853351715,0.200411316476389,0.0857222728815703,0.0746673646555861,0.0413187698585454,0.0519754671230923,0.0535971681554769,0.0299783809752582,0.196925294258948
CGACCTTTCAACACGT.3,0.242491657397108,0.137666866763857,0.0386199322778439,0.0819379781643933,0.00814077366738915,0.0337567291008587,0.0426460685284215,0.0648492159227985,0.180768318084742,0.0789731165261147,0.0887667408279894,0.0491549762509665,0.0322540769267342,0.0332604453683457,0,0.0840739851068941
GCACATAAGGAGTTGC.3,0.186293412433568,0.161306920504245,0.0691406607486044,0.128753845734978,0.0547444987325962,0.0438114517061885,0.0283462071697366,0.0573220747889023,0.223343528357107,0.0619205143735731,0.0851808227544388,0.0398567910539893,0.0509770360861503,0.052567584793544,0.0762430939226519,0.0669709344222916
TAAGTGCAGAGGTTGC.3,0.162464466691385,0.11142554955264,0.0487782556968976,0.0560456315173296,0.0216377061827266,0.0370378609245006,0.0303743315508021,0.040372221264863,0.165113243863211,0.0647226788959072,0.0611700039261877,0.0577968954067875,0.0444254267104075,0.0458115568280988,0.0354552005765073,0.157914965169349
CGCCAAGTCTGAGTGT.3,0.115041404029168,0.189777892119029,0.103116134346115,0.148384110648262,0.0520627456742956,0.0691484628731592,0.0313646266587443,0.0287092882991556,0.208927676852902,0.0610951737541683,0.0610740304497666,0.0390770690248926,0.0561878952122855,0.0579410293872508,0.0583713668027864,0.125822723997117
GGACGTCAGAGACGAA.3,0.150723025583982,0.189577794928966,0.0791845886336597,0.0766424351330012,0.0238639285845487,0.0333007073897762,0.0378371954842543,0.0352507323798035,0.159378542990482,0.0782343035522926,0.072590847620294,0.0543206346937317,0.0505966814054105,0.0521753625604267,0.053182800864761,0.176507326447274
CATATGGAGTGGGTTG.3,0.237992831541219,0.149872795357745,0.0725267685549556,0.0597620408941164,0.0099188126813857,0.032143969390933,0.0314517726282432,0.0823918662760641,0.177096791204155,0.0739079212731545,0.0869868690834533,0.048206314448899,0.0347834355536538,0.0358687232185756,0.00932020177756426,0.185587316838818
CGAATGTTCACAGGCC.3,0.188592263008281,0.195609295943744,0.0783151825752723,0.0651528764736312,0.0175746666176849,0.0411309338434845,0.0334640522875817,0.0605548854041013,0.230923880085427,0.0821014237125685,0.0826331631985342,0.0403701080564779,0.0412970094613227,0.0425855289607091,0.0250780687004564,0.155705020417968
TACGGGCGTGGGTCAA.3,0.234890619206526,0.0929022668153103,0.03749885604466,0.0550246399303003,0.0108004849197311,0.042732571072652,0.0372667855020796,0.0800206789591591,0.163406016821789,0.080018104245845,0.0601666448545129,0.0421829617741275,0.0456615794228118,0.04708627908573,0.035743454239731,0.224405476819601
GACGTGCAGAGTAATC.3,0.268916079594611,0.101077666295058,0.0358515603550837,0.0461488197337254,0.0155982513500606,0.0421764470347466,0.0345414933650228,0.0893606755126659,0.163590581907348,0.0867739165740377,0.0762291148628016,0.0408964204261181,0.0390529168449579,0.0402714177853172,0,0.206822003362959
GATGCTAAGCGCCTCA.3,0.208663947596094,0.0868421804876654,0.0505628260272719,0.0780037572490403,0.0282575952389699,0.0243026204564666,0.0308892850069321,0.0280337756332931,0.0750850317715612,0.0769962926231854,0.0712821183963705,0.0735732711288426,0.0439309656254457,0.0384671955129777,0.0541436464088398,0.222723997117463
TCTATTGAGTTAACGA.3,0.203843777036213,0.0935025583855015,0.023885787498856,0.0945574341800757,0.0243488483156387,0.0369488810784357,0.0297801544860368,0.0509943132862313,0.147658660057479,0.0693286120300051,0.0670680102953366,0.0564323818558684,0.0451576094708315,0.0465665846268496,0.0295460004804228,0.267739610857555
GTTACAGTCCCAACGG.3,0.185947348906192,0.183203270159792,0.0894573075867118,0.0966130305752947,0.0429374380074207,0.0366596965787249,0.0347791641909289,0.0460382560744443,0.153479051862789,0.0550781743997977,0.055062600881211,0.0451069193832399,0.0437407882850758,0.0451055568084877,0.0392505404756185,0.135815517655537
AAACGGGTCACATGCA.3,0.247250030898529,0.0979046965669039,0.0578155028827675,0.0330392877562689,0.0147018845744095,0.0448903323397251,0.0327431174489998,0.0434602791659486,0.138456772220318,0.0704667833680553,0.0677659992147625,0.0404025964743569,0.0468977321352161,0.0483610013433611,0.0034110016814797,0.152726399231324
CGCTGGAGTGCACGAA.3,0.220739092819182,0.0938455821398965,0.0446142582593576,0.053064336083204,0.0373535138312332,0.0460581928193264,0.0337809467221232,0.0542133379286576,0.214451446199278,0.0728962134171098,0.0834533001788597,0.0264390744699515,0.059753720344221,0.0616181128227254,0.0370405957242373,0.143502282008167
CGGGTCACAGCTCGCA.3,0.206278581139538,0.0780664894377269,0.0327628809371282,0.0364153666040459,0.0088681532640241,0.0579703697112604,0.0157734204793028,0.0337342753748061,0.214148232130145,0.0760844243581978,0.0763948872311652,0.0433265540834692,0.0365711025531308,0.0377121677142269,0.0165265433581552,0.183425414364641
TGACGGCCACGGCCAT.3,0.209838091706835,0.12651859474602,0.0498764528232818,0.0659696697432546,0.0217038316006025,0.0369488810784357,0.0327272727272727,0.0496432879545063,0.214141640519946,0.0625195519199153,0.0740478994895956,0.043969824757474,0.0341178148623592,0.0313973897610386,0.0274321402834494,0.118472255584915
GGCGACTCACGGCCAT.3,0.203522432332221,0.183746391104251,0.0628717854854946,0.0739606305644041,0.0264281253444032,0.0379165369043912,0.0300257476728065,0.0446734447699466,0.199495082658792,0.0729694291172183,0.0802949003184574,0.0372512199400914,0.0391765321161984,0.0403988900110803,0.0192649531587797,0.140571703098727
TTAGGCATCCCTGACT.3,0.187282165368928,0.0807249235342881,0.0430127207833806,0.0618448637316562,0.0159215311707873,0.0410530764781777,0.0203604674192909,0.0404962950198173,0.195322593403117,0.0643233205316791,0.0691358024691358,0.055945055587683,0.0407169685731945,0.0419873900552053,0.0395868364160461,0.104491952918568
GTGCAGCTCATACGGT.3,0.308713385242862,0.0783809278792556,0.0260135444312254,0.0375861036238395,0.00618640020572352,0.0435000222449615,0.0366329966329966,0.0581905910735826,0.136261766024204,0.0747798537017192,0.0641451816952406,0.0461140603374897,0.0515951124423525,0.0532049459223596,0.0352149891904876,0.0945472015373529
GTCACAATCCTGCCAT.3,0.144184896798912,0.157190635451505,0.09860895030658,0.0553921969016309,0.0211527864516366,0.0348467322151533,0.0435967518320459,0.0382905393761847,0.184459619795924,0.0591715976331361,0.0676002268463988,0.0425273390036452,0.0541910331384016,0.0558818626633851,0.0350228200816719,0.0986788373768917
ACTATCTTCCACGACG.3,0.212989741688296,0.117171197438756,0.0444541045117599,0.0483405483405483,0.026259138165387,0.0498287137963251,0.0287660922955041,0.0676339824228847,0.125860205130909,0.0561630979559508,0.0628975265017668,0.0377125554739735,0.0449198877953692,0.0463214457311513,0.0375690607734807,0.21926495315878
CGGACACAGATGTGGC.3,0.236546780373254,0.206014349827059,0.0942847991214423,0.0657926978681696,0.0197861944822012,0.0496841215464697,0.0273163002574767,0.057473720489402,0.229743981859889,0.0829267643319733,0.09794529511844,0.0312408626324715,0.0463081823800694,0.0477530568820294,0.0429978380975258,0.051597405717031
CCATTCGCACCAGGCT.3,0.180694598937091,0.218191693108081,0.0843552667703853,0.0617359579623731,0.0294845891040006,0.0486942207589981,0.0372984749455338,0.053241426848182,0.255886307907296,0.081096371829261,0.0833747764254242,0.0278425741223254,0.0390434079779394,0.0402616122294892,0.0118184001921691,0.120345904395868
GCGGGTTTCAACTCTT.3,0.220615498702262,0.166137838378641,0.0797794454104512,0.0861853031664352,0.0247162117482826,0.0418316501312453,0.0360467419290949,0.0530001723246597,0.195843330608801,0.081389234629695,0.0773982463028399,0.0427872463466774,0.0437122616840203,0.0450761401410039,0.0257506605813116,0.238529906317559
CGTGTCTAGATGTGTA.3,0.246051167964405,0.0598004745161936,0.0485494646289009,0.0499877481009556,0.0220858895705521,0.0293411042398897,0.0298356110120816,0.0716250215405825,0.120923089092203,0.064709366950433,0.0686733848100161,0.0469262707844653,0.0387771597014216,0.0399870566663071,0.0576987749219313,0.175882776843622
GTTAAGCGTGGCAAAC.3,0.202793227042393,0.0790098047623131,0.0166788688569598,0.0653979144545182,0.0261856654788582,0.0265271166080883,0.033852247969895,0.0442874375323109,0.167974002689377,0.0637242829853369,0.0547397810059765,0.0510587975386775,0.0400988922169923,0.0413500289263897,0.0537112659140043,0.157242373288494
TGACGGCCACAGCCCA.3,0.182956371276727,0.101792299116714,0.0451862359293493,0.125459446214163,0.0474560082289409,0.0343573430617965,0.0256209150326797,0.0366775805617784,0.193964721702217,0.058725647459748,0.0565807267809624,0.0461595441225203,0.0564065991537108,0.0581665571712933,0.057170309872688,0.123708863800144
CACACTCAGAGGTTGC.3,0.210678531701891,0.13855301146271,0.0540633293676215,0.0802771651828256,0.0221593622570809,0.0335454019664546,0.0381461675579323,0.0579906944683784,0.205796662008595,0.0730825806537496,0.0728525934650787,0.0479529047894426,0.0584414966956687,0.0602649461184707,0.0496276723516695,0.0626471294739371
GATGCTAGTTACCAGT.3,0.196391051785935,0.16508018180259,0.0836460144595955,0.0830134226360641,0.0407626464861688,0.0375828624816479,0.0452683699742523,0.0443425814234017,0.151659767447992,0.0749196291291991,0.0646163242158531,0.0423843899649775,0.0655826558265583,0.0676289185452477,0.035743454239731,0.218400192169109
TCTTTCCCATGCCTTC.3,0.260758867877889,0.11462710459366,0.0579985357371648,0.0882953524462958,0.022093236839205,0.0480936067980602,0.0336541889483066,0.0553644666551784,0.124765997837952,0.0875792892752311,0.0832439035030319,0.0515331284397112,0.0658203775020206,0.067874057440946,0.029353831371607,0.178477059812635
CGTTCTGTCTTGCATT.3,0.242170312693116,0.0774090272418032,0.0183261645465361,0.044011544011544,0.0206605194518938,0.0321106019486586,0.0302475737769855,0.0911597449595037,0.149227463284731,0.0763107274312604,0.109339964228068,0.027322759436261,0.0411733941900823,0.042458056734946,0.00336295940427576,0.194763391784771
CCTCAGTCACAACGTT.3,0.142664689160796,0.104364977274676,0.0298572343735701,0.0625119115685153,0.0308364865361302,0.0534546425234684,0.0341216082392553,0.0232500430811649,0.119004930524429,0.0558635791827797,0.0299611743663569,0.0531315585993593,0.0638235154281367,0.0658148907170803,0.00307470574105213,0.0975738650012011
GGCGACTAGGGTTTCT.3,0.216091954022989,0.135151359231627,0.0495332662212867,0.0805085899425522,0.0187061459902281,0.0487609556435467,0.0296930085165379,0.0669377907978632,0.185026498272998,0.0760711124127236,0.0751385071761986,0.0438788571874127,0.0466980459278277,0.0481550846709746,0.0239730963247658,0.224213307710785
CATCGGGTCTGCGACG.3,0.247633172660981,0.239859360260698,0.0789786766724627,0.0462713387241689,0.0166562580360751,0.0307981492192019,0.0288770053475936,0.0625400654833707,0.193022121443826,0.0682104086101663,0.0537713213802731,0.0213708812808234,0.0417819616792659,0.0430856123079337,0.0196492913764112,0.119433101128994
CGACTTCCAACAACCT.3,0.234816462736374,0.13946774147443,0.0940560080534456,0.0863758882626807,0.0400720032327982,0.0393179694799128,0.0303584868290751,0.0644907806307083,0.16769056345084,0.0676779307911955,0.0755224010818828,0.058212747155639,0.0332144724956022,0.0342508065069668,0.0131635839538794,0.265625750660581
CTACACCGTTAAGGGC.3,0.246063527376097,0.160535117056856,0.0771483481284891,0.0433444961746849,0.0179346827816759,0.0368487787516128,0.0339393939393939,0.0658280199896605,0.166194267935771,0.0705067192044781,0.0920211141648126,0.0418450822281856,0.0240479246897732,0.0247982506888403,0.0049963968292097,0.196685082872928
CAGAGAGTCATGCAAC.3,0.182548510690891,0.0838407226367093,0.0576782282419694,0.0617631844046938,0.0322177730428713,0.0407416470169507,0.0296137849079026,0.0483956574185766,0.138371081287737,0.0796719936635139,0.0586485189547616,0.0564973586916264,0.0518518518518519,0.0534696959297138,0.0457362478981504,0.138073504684122
CGAATGTAGAGCCTAG.3,0.147262390310221,0.276305634165166,0.0958634574906196,0.102480328895423,0.0504610411079681,0.0444231881478845,0.027894632600515,0.0159021195933138,0.210832652200279,0.0712122523146145,0.0612485276796231,0.0347171233455273,0.0558550848666381,0.0575978349332732,0.0570742253182801,0.16377612298823
AAGGCAGCATACTACG.3,0.257149919663824,0.105794242917989,0.0387800860254416,0.0284380190040567,0.00858895705521472,0.0287071228366775,0.03119825708061,0.068481819748406,0.138291981965354,0.0797385533908853,0.0499672817694019,0.0350225144735902,0.0268054961251367,0.0276418618789406,0.0257026183041076,0.262887340859957
AGCTCCTTCAGCTCTC.3,0.174860956618465,0.155875711059658,0.100873981879747,0.0412344468948243,0.0352375004592043,0.0458357432041643,0.0517013269954446,0.0516629329657074,0.11479948321776,0.046558529296264,0.0398377175762335,0.0354968453746239,0.0204535729567822,0.021091750585882,0.000960845544078789,0.271727119865482
GCTTCCAAGACCCACC.3,0.273414905450501,0.12057284966984,0.0682941337970166,0.0506411827166544,0.0108813048749128,0.0500511634114873,0.0406496335908101,0.0784835429950026,0.187610409470826,0.085023395744171,0.0866117000392619,0.0394279439379861,0.0646032425236533,0.0666189462949707,0.0783089118424213,0.143502282008167
CGCGTTTGTGCGGTAA.3,0.16353973550859,0.156018637623989,0.0601720508831335,0.0716327697459773,0.0252599096285956,0.0536548471771144,0.0226817191523074,0.0290815095640186,0.219830200121286,0.0767433656591743,0.0964184443571958,0.026919903054561,0.0437598060191128,0.0451251679201436,0.0287292817679558,0.175402354071583
ATCTGCCGTCGCCATG.3,0.224521072796935,0.0864134007946717,0.049098563192093,0.0786027389800975,0.0198155835568128,0.0332339725052276,0.0280372350960586,0.0480923660175771,0.177222031797928,0.0795788100451941,0.0803472494874144,0.0314033047218667,0.0727903770265773,0.0750615298628203,0.0685563295700216,0.106317559452318
ACGTCAAAGGGAAACA.3,0.264973427264862,0.100248692221936,0.0634895213690858,0.0808897601350431,0.0235773851070864,0.0443230858210615,0.0254307783719548,0.0579079786317422,0.160129986553115,0.0835391138237898,0.0747807878549928,0.0666012566520036,0.0484952217943232,0.0500083347224537,0.0496276723516695,0.179918328128753
AACCATGTCGCTTAGA.3,0.154900506735879,0.232370008289741,0.0932323602086575,0.0847286885022734,0.0412843025605231,0.0415202206700182,0.0389542483660131,0.0288609339996553,0.221827458011443,0.088457877676533,0.0778519391004668,0.0512472303623758,0.0590310464508154,0.0608728905798025,0.0579870285851549,0.207782848907038
TCCACACCACACTGCG.3,0.235891731553578,0.137924134579653,0.0614075226503157,0.0851370851370851,0.0331802652363984,0.0377274547315033,0.0309526638938404,0.0512493537825263,0.161692198170169,0.0655147396516264,0.0766217336299786,0.0426313019408581,0.0531735843674226,0.0548326681897963,0.0622147489791016,0.283881815998078
ATGAGGGTCGCTTGTC.3,0.218427882832777,0.0659463167824372,0.0110963667978402,0.0452503471371396,0.0139304213658572,0.0303087600658451,0.0259061200237671,0.045700499741513,0.145700951828513,0.0678043942732011,0.0613183265715657,0.0449769657117238,0.0505966814054105,0.0520773070021474,0.057170309872688,0.218400192169109
CCTTCCCTCGGCGGTT.3,0.142170312693116,0.257553668924906,0.0775601720508831,0.0781535026818046,0.0461849307519929,0.040163278017529,0.0357615369380075,0.0116077890746166,0.235300709257257,0.0851498592261766,0.0838982681149937,0.0477969603836232,0.0401464365520848,0.0413990567055294,0.037280807110257,0.203843382176315
TGGCCAGAGGAATGGA.3,0.242924236806328,0.115856273046909,0.0695296055641988,0.0552016118053854,0.0211748282575952,0.0475930951639454,0.0296850861556744,0.0664759607099776,0.160255227146887,0.0779680646428072,0.0757056231732321,0.0545155652010058,0.036266818808539,0.0373983899277331,0.0209464328609176,0.252654335815518
AACTCCCTCTTGTTTG.3,0.156643183784452,0.104622245090473,0.0399697995790244,0.0391243976149637,0.0253774659270416,0.0233572095920274,0.040855614973262,0.0421575047389281,0.130698447016637,0.0689492215839884,0.0508921170876412,0.0574330251265424,0.0465459040555318,0.0479981957777277,0.045255825126111,0.305164544799424
ATCCACCAGTGCGATG.3,0.175862068965517,0.144384415287425,0.0486638601628992,0.0517030139671649,0.0187649241394512,0.04950616185434,0.0281956823133294,0.034906083060486,0.233488016452659,0.0804307745555474,0.0775989181171749,0.0340868480386742,0.033537773974231,0.0345841954051165,0.0241172231563776,0.124669709344223
AATCGGTAGCCACGTC.3,0.252070201458411,0.12125889717863,0.0641987736798755,0.0784802199896539,0.0209544101980089,0.0338679539084397,0.0467656961774609,0.0666482853696364,0.140981358926359,0.0775553943331048,0.0693451991449636,0.0523518365702627,0.0346122759473209,0.0356922232136729,0,0.216190247417728
CAGCCGAGTGTGCGTC.3,0.258942034359165,0.211588485835977,0.0794591379152558,0.0639004601268752,0.0188163550200213,0.0379165369043912,0.0325133689839572,0.0615543684301224,0.206917235742347,0.0750327806657304,0.0818741002486586,0.0284598540620269,0.0388722483716065,0.0400851122245865,0.000624549603651213,0.160653374969974
TCTTCGGCATTATCTC.3,0.214485230503028,0.0871566189291942,0.0413425459870047,0.0621307413760244,0.0214760662723632,0.035536326022156,0.0276807288571994,0.0624228847148027,0.15835025179951,0.071871193615591,0.0525062164638136,0.0453408359919689,0.0493129843579138,0.0508516125236559,0.0560172952197934,0.232716790775883
CATGCCTGTACTTGAC.3,0.228401928068224,0.0682617271246034,0.0072984350690949,0.0227885322224945,0.00864038793578487,0.0299194732393113,0.023133293721529,0.0435016370842668,0.159714715110607,0.0698877137399245,0.0698861405575187,0.0529951072442674,0.0532496553035706,0.0549111126364198,0.0850828729281768,0.141484506365602
AGGTCCGCAAGTTCTG.3,0.154060066740823,0.152759911957236,0.0623684451359019,0.0858721990797462,0.0466845450203887,0.0330004004093073,0.0205347593582888,0.018197484059969,0.200470640968176,0.0906410367343135,0.0685686864721022,0.0460750742360349,0.0420387010887653,0.0433503623152878,0.0251741532548643,0.0976699495556089
CTCGGGAGTGTTGGGA.3,0.180632801878631,0.243432524368979,0.0815182575272261,0.0968852949985025,0.0276698137467397,0.0397406237487209,0.0453159041394336,0.0379527830432535,0.167209375906346,0.0829866680866075,0.0655062600881211,0.0433070610327418,0.046070460704607,0.0475079179863311,0,0.185202978621187
GCATGCGCAACACGCC.3,0.145408478556421,0.199125289426293,0.0890226045575181,0.0921206675923657,0.0385437713529995,0.0451461493971615,0.0235135670429788,0.0312734792348785,0.229361668468373,0.075112652338576,0.0831304803036252,0.0374071643459107,0.0558645937336566,0.0576076404891011,0.0567379293778525,0.139082392505405
ATCATCTAGCACCGTC.3,0.232529971573353,0.170654317811508,0.0554589548824014,0.051566881755561,0.0181257117666507,0.0548783200605063,0.0423212517330164,0.0607892469412373,0.244232341076278,0.0842246790157147,0.0949875670723727,0.0447430491029948,0.0405267912328246,0.0417912789386466,0.0152294018736488,0.097621907278405
AGGTCATTCGTTTAGG.3,0.15040168087999,0.0905868564731441,0.0392605472682346,0.0823191483568842,0.0316667278939054,0.0321995817947235,0.0231966726084373,0.0330174047906255,0.139102750019775,0.0583995047956284,0.0513894341927322,0.0657045763185424,0.0605144297057006,0.0624025572889599,0.0601008887821283,0.114340619745376
CGAGCCAAGGCATGTG.3,0.16452848844395,0.194608809993425,0.0968930172966047,0.0498924555528329,0.0206899085265053,0.0367931663478222,0.0366171519112696,0.0420885748750646,0.203944419542806,0.0640437696767194,0.0710901714435283,0.0386677149596169,0.0405933533019541,0.0418599178294422,0.0427095844343022,0.148402594282969
AAACCTGTCTAACTGG.3,0.154912866147571,0.195294857502215,0.109339251395626,0.114963652699502,0.0718489401564968,0.0466031943764737,0.0367993662111309,0.0273306910218852,0.203786220898041,0.0838519445424352,0.0746499149326004,0.0536968570704544,0.0546379498882708,0.0563427237872979,0.0584674513571943,0.191208263271679
CGAGCCACAACTGGCC.3,0.202113459399333,0.0916445130491953,0.0305893657911595,0.0485311334367938,0.0129973182469417,0.0490835075855319,0.0355000990295108,0.0424607961399276,0.190464576686793,0.0729960530081669,0.0491035204816124,0.04623751632543,0.0702705272666762,0.0724630575684183,0.0729762190727841,0.161758347345664
GCATACATCTGAGGGA.3,0.240155728587319,0.108109653260155,0.0639471035050792,0.0312151161207765,0.0116821571580765,0.0353917337723006,0.0274747474747475,0.0629881095984835,0.178078941123738,0.0768432052502313,0.0855123674911661,0.036263572036569,0.0495411971663576,0.0510869458635263,0.0504924333413404,0.203795339899111
TAAACCGAGTGTGAAT.3,0.137238907428006,0.143098076208444,0.0808776425368354,0.0861716899452749,0.0340178538628265,0.0508074921030387,0.0341849871261636,0.0276546613820438,0.190517309568381,0.0509048794936136,0.0687431837019587,0.0369783172299075,0.0442732848381115,0.0456546679348519,0.0390583713668028,0.263127552245976
TATGCCCCACCGTTGG.3,0.261871214930169,0.178915473229854,0.068683078612611,0.077540907729587,0.0183975607068072,0.0412755260933399,0.0331313131313131,0.0814544201275202,0.177202256967332,0.085269666735445,0.0898398987916067,0.0395773906602296,0.0482194646507869,0.0497239736034437,0.0133557530626952,0.165697814076387
GAGTCCGAGCCTCGTG.3,0.175639599555061,0.154274933539148,0.0487553765900979,0.0622532603664679,0.0141434921567907,0.0521533122747698,0.0362923351158645,0.0402619334826814,0.204320141324123,0.0834059943690471,0.0954325350085067,0.0323844549418132,0.0344791518090619,0.0355549454320818,0.0128272880134518,0.0947393706461686
CAAGGCCAGGACAGCT.3,0.136756890372018,0.0887288111368379,0.0682026173698179,0.0978382204797299,0.0400720032327982,0.0408306268630155,0.0229352346999406,0.041998966052042,0.170004218630527,0.0739079212731545,0.0563364306591633,0.0402271590178101,0.0557695050634717,0.0575095849308218,0.0490511650252222,0.107038193610377
TGGCTGGGTAGGCTGA.3,0.191682115931282,0.139267644284367,0.0708794728653793,0.0778812382585967,0.0253774659270416,0.0422876718423277,0.0334006734006734,0.0373668792004136,0.177821868325995,0.0773823390419393,0.0812808096671465,0.0517540496812886,0.0365615936861123,0.0377023621583989,0.0310353110737449,0.250252221955321
GTATCTTAGCACAGGT.3,0.152391546162403,0.208415516107824,0.096458314267411,0.0421601459337308,0.0166709525733808,0.0397739911909952,0.0314913844325609,0.0355057728760986,0.175007250771218,0.0624197123288583,0.05382367054923,0.0331576792873341,0.0371986877763514,0.0383593343988704,0,0.121498919048763
TGTGTTTTCCTTTCGG.3,0.195513533555803,0.170883000314438,0.0506772215612702,0.0687059271964932,0.0220197641526762,0.0480379943942697,0.02705486234898,0.0441771497501292,0.230831597542648,0.0851565151989137,0.0912795009379226,0.0751132221363084,0.0666001045975372,0.0686781130188365,0.0264232524621667,0.0970934422291617
AGGGTGAGTCGCTTTC.3,0.19438882709183,0.160763799559786,0.0714285714285714,0.0859538784067086,0.0363910216377062,0.040875116786048,0.0310714993067934,0.0468585214544201,0.193826297888048,0.0730892366264868,0.0551934738036034,0.045802171525851,0.0421528074929872,0.043468028985223,0.0340619745375931,0.181743934662503
TCTGAGACACAGACAG.3,0.214386355209492,0.182717319841066,0.0881989567127299,0.106033379618285,0.0364865361301936,0.0429438982070561,0.0352465834818776,0.0489884542478029,0.189133071426688,0.0725700707529902,0.0652794136893077,0.0377710346261558,0.0491608424856178,0.050694723630409,0.0242133077107855,0.0806629834254144
CACATAGCAGGACGTA.3,0.28698553948832,0.132521510447932,0.0577926237759678,0.0754580848920472,0.0239520958083832,0.0358811229256573,0.0300019805902159,0.0732586593141479,0.159002821209165,0.0760977363036721,0.0668847882039873,0.0510717929058291,0.0458042124280892,0.047233362423149,0.0360797501801585,0.188710064857074
ACGCAGCTCCTTGACC.3,0.208972932888395,0.131892633564874,0.0715658460693695,0.134866182035993,0.0504830829139267,0.036770921386306,0.040736779560309,0.0577907978631742,0.12432435995465,0.0698877137399245,0.0662216987305327,0.0590899344383727,0.0521276089953882,0.0537540570487238,0.0429017535431179,0.263607975018016
CCCATACAGTGGTCCC.3,0.257162279075516,0.0409627533373353,0.00535371099112291,0.00718778077268643,0.00747217221997722,0.0338234639854073,0.0145929887106358,0.0312459072893331,0.122656682574419,0.093263489992745,0.0521659468655935,0.054775472544038,0.0500356582513194,0.0509202514144514,0.0410281047321643,0.100936824405477
GACACGCGTTCCACAA.3,0.214349276974416,0.132064145442072,0.0570376132515787,0.0621715810395056,0.0194849564674332,0.0519308626596076,0.0311428005545653,0.0594726865414441,0.22477390777019,0.0844576380615145,0.0843868603585918,0.0454902827142124,0.0451100651357391,0.0465175568477099,0.041268316118184,0.213451837617103
CGAGCACGTCGACTGC.3,0.212334692868619,0.220764371266044,0.0978081815685916,0.071483024313213,0.0299915506410492,0.0379276593851493,0.033218459100812,0.0378011373427537,0.212236665172568,0.0934365452839105,0.0816385289883523,0.0338529314299452,0.0423049493652831,0.0436249178784699,0.0227720393946673,0.184674513571943
CAGCGACGTCATGCAT.3,0.265900383141762,0.102907126318498,0.0248695890912419,0.0474012360804814,0.0181624481099151,0.0445121679939494,0.0361655773420479,0.0651938652421162,0.131786062699396,0.0792460114083373,0.0782271081446582,0.047705992813562,0.0740835829410926,0.076395085455419,0.0871006485707422,0.228152774441509
TTAGGACTCTGACCTC.3,0.23664565566679,0.10913872452334,0.0464674659101309,0.0375861036238395,0.0226589765254767,0.029274369355341,0.0133887898593781,0.0537928657590901,0.140196957312732,0.077022916514134,0.0666666666666667,0.057679937102423,0.0399087148766225,0.041153917809831,0.0429497958203219,0.139851068940668
ACAGCCGAGCTCTCGG.3,0.185774317142504,0.05273990223823,0,0.0618448637316562,0.0260387201058007,0.0325777461404992,0.0189106753812636,0.028109598483543,0.121872280960793,0.0481958985895994,0.0555250185403307,0.0597786888974081,0.0530214424951267,0.0546757792965494,0.0508767715589719,0.180014412683161
ACTTGTTAGTGGAGTC.3,0.222840192806822,0.05205385472944,0.00114395533998353,0.0731029976312995,0.0226295874508651,0.0513969835832184,0.0401267577738166,0.0523039806996381,0.164579323437129,0.0730759246810125,0.0657505562099202,0.0532875030051787,0.0382541720154044,0.0394477510957709,0.038866202257987,0.102858515493634
TGTATTCCACATTTCT.3,0.220022246941046,0.282251379241346,0.117713004484305,0.0648397723869422,0.0345762462804452,0.0359033678871736,0.0417508417508418,0.0585559193520593,0.201907611991457,0.0758181854487124,0.0705405051694804,0.0417086308730937,0.0462130937098845,0.04765500132375,0.0433821763151573,0.217967811674273
GGGAATGGTCCGTTAA.3,0.159288097886541,0.118343195266272,0.0652283334858607,0.0695091072449563,0.0213878990485287,0.0427993059572007,0.0232838185779362,0.0261657763225918,0.200127877237852,0.0787601253985264,0.059669327749422,0.050707922625584,0.0248086340512528,0.0255826951550749,0.0121066538553927,0.158923852990632
CCACGGAAGACCACGA.3,0.204746014089729,0.14312666152131,0.0655486409810561,0.0558686596422446,0.0214246353917931,0.0563464875205766,0.0318954248366013,0.0418679993107014,0.208341023545232,0.0749928448293076,0.0841076647908214,0.0293110506104574,0.0500927114534303,0.0516556681015463,0.0384818640403555,0.202209944751381
TATCTCAAGGTGATAT.3,0.196292176492399,0.0673469971128834,0.00148714194197859,0.0365378855944894,0.0157084603798538,0.0181852560395071,0.0439136462665874,0.0708805790108565,0.086290769109078,0.0610485819450084,0.0511364132094403,0.0383623238315541,0.0287357961298911,0.0296323897120108,0.0409320201777564,0.219505164544799
GGCTGGTAGCTAGTTC.3,0.223161537510814,0.151559328816854,0.0522558799304475,0.0821421764817991,0.0230336872267734,0.0476042176447035,0.0464171122994652,0.0580871962777873,0.190306378042028,0.0801911595370105,0.069127077607643,0.0512342349952242,0.0425807065088195,0.04390927899748,0.0400672591880855,0.203891424453519
TCATTACAGTCTCGGC.3,0.285799035965888,0.170825829688706,0.0718175162441658,0.0598164937787579,0.0159803093200103,0.0491502424700805,0.0487145969498911,0.0798759262450457,0.171197300076463,0.0958393514420165,0.0872398900667452,0.0375761041188816,0.0446916749869253,0.0460861123912809,0.0242613499879894,0.249819841460485
TGCTGCTGTCTTGTCC.3,0.319812136942282,0.0816110682331418,0.0375446142582594,0.0555283291132348,0.0262811799713457,0.0314988655069627,0.0285204991087344,0.0718524900913321,0.147823450312442,0.0973436012806091,0.0871875408977883,0.0409484018947245,0.0383872961536633,0.0395850288773619,0.0349747778044679,0.249771799183281
CGCTGGATCGCATGGC.3,0.129786182177728,0.150272989737873,0.0578841402031665,0.0826458656647336,0.0342750082656772,0.0567357743471104,0.0329015646662705,0.0267447871790453,0.221675850976877,0.0732223560812295,0.0666666666666667,0.0273487501705642,0.0338325488518043,0.0348881676357824,0.0177756425654576,0.124717751621427
ATTCTACCAGCCAATT.3,0.154838709677419,0.208072492353429,0.0916537018394802,0.0693321353698712,0.0365526615480695,0.0387396004804912,0.0235927906516142,0.0297570222298811,0.15938513460068,0.0748996612109877,0.0572001919469528,0.0503115639274599,0.0475728616935292,0.0490571958071443,0.0348786932500601,0.121739130434783
CCACCTACAGGTTTCA.3,0.263267828451366,0.116399393991367,0.0557106250571978,0.0467750279071034,0.0105286359795746,0.0492503447969035,0.0363081798375916,0.0766155436843012,0.14354549529359,0.082767020986282,0.069275400253021,0.0454447989291817,0.0371416345742405,0.0380847788356883,0.0497237569060773,0.229497958203219
GCATGCGGTAAGCACG.2,0.0550982573229514,0.0445645027584827,0.0557106250571978,0.208282283753982,0.0907461151316998,0.0520643324287049,0.0140384234501882,0.00181285541961055,0.198473383078018,0.0463854740050985,0.0372551585743576,0.0511367697415871,0.0525174725431465,0.054156084837669,0.0585154936343983,0
CCATTCGCACATTAGC.2,0.0862563341984922,0.171997827516222,0.138075409536012,0.108374853657873,0.0753095036920025,0.0479045246251724,0.0205664488017429,0.0221333792865759,0.223771983020012,0.0692687082753709,0.0676787505998342,0.0410978486169681,0.0393667094565682,0.0405950011276389,0.0450156137400913,0
CTACCCAAGCCACCTG.2,0.049857866765542,0.122573821570477,0.0716573624965681,0.144286531078984,0.0801954373461666,0.03080927169996,0.0369261239849475,0.00814061692228158,0.234575632135418,0.0603896406440319,0.0564062295511059,0.0539307736791834,0.0447011838539438,0.0460959179471088,0.0337256785971655,0
TCAGGATGTCCAACTA.2,0.0631689531578297,0.0920161221164566,0.0563054818339892,0.168899234936971,0.0797839903016054,0.0418983850157939,0.0198059021588433,0.0135240392900224,0.192791415086877,0.0590717580420791,0.0458753217292675,0.0592978603127985,0.0683687538629772,0.0705019464028318,0.104155656978141,0
CCTATTAGTCATCCCT.2,0.078680014831294,0.242203355915731,0.195662121350782,0.178755207057094,0.103838947871129,0.0527539262357076,0.0324024559318677,0.0138549026365673,0.176061908402985,0.0646095273593759,0.060410940976312,0.0419555428489743,0.0469167498692531,0.0446152790170911,0.0606293538313716,0
GAACCTAGTAAGTTCC.2,0.0610554937584971,0.189892233370494,0.170609499405143,0.155884995507637,0.0818706145990228,0.0367597989055479,0.0208437314319667,0.011263139755299,0.22355445988346,0.0683568400103833,0.0550713257427038,0.0507014249420082,0.043360433604336,0.0447133345753704,0.0354552005765073,0
TCAGATGTCTACCTGC.2,0.0503275244098381,0.182231369522339,0.167772490161984,0.157872525797054,0.0952499908159142,0.0259153801663923,0.0361893444246385,0.00906427709805273,0.202336066654362,0.0551247662089576,0.0330236007503381,0.0689274273721418,0.0333951409689535,0.0307796397438789,0.0186884458323325,0
ATAACGCGTGTTGAGG.2,0.0875540724261525,0.150587428179401,0.113823556328361,0.195907865719186,0.0959112449946732,0.0517529029674779,0.031404238463062,0.0098569705324832,0.169892161257152,0.0528284556146458,0.0395846965929416,0.0397463304332006,0.0401464365520848,0.0413990567055294,0.0629834254143646,0
CTTCTCTAGGTACTCT.2,0.0744901742677049,0.27376154132007,0.171867850279125,0.166557760897384,0.104331214870872,0.0361925523868844,0.0308100613982967,0.0181836980871963,0.171052284652095,0.0694084837028508,0.0491907690965406,0.029122617786759,0.0482860267199163,0.0465861957385054,0.0784049963968292,0
GGTGTTAGTCAGAAGC.2,0.0704362872327277,0.219821055941457,0.130502425185321,0.141346075308339,0.08982770655009,0.0282399786448369,0.0324816795405031,0.0214027227296226,0.198526115959607,0.0785205103799895,0.05159883086856,0.0579593374961826,0.0510816336233538,0.0475863624329545,0.0195051645447994,0
ACGGGCTAGTAGCCGA.2,0.210901001112347,0.141411542749335,0.074860437448522,0.146491872906967,0.0638845009367768,0.0519308626596076,0.0355951673598732,0.0203549887988971,0.162931420887494,0.100931170585925,0.0783667059285434,0.0552563011286476,0.0505681548043551,0.0471941401998372,0.0803266874849868,0
GTCATTTGTAGCGCAA.5,0.0554690396737115,0.0612011548466398,0.0514093529788597,0.25207601622696,0.101517210976819,0.0396627663834142,0.0165339671222024,0,0.239407282410947,0.0766435260681172,0.0771103258735768,0.0329757441472115,0.0600009508867018,0.0618730572742516,0.00595724237328849,0
TTCCCAGCATGGGACA.2,0.0696329254727475,0.238430094617386,0.180310240688204,0.123771406790275,0.0788729289886485,0.038005516750456,0.0244484056248762,0.014240909874203,0.202276742162575,0.06750487550003,0.0520961479736509,0.0453733244098479,0.0514049351019826,0.0516066403224067,0.0475618544319001,0
TCACAAGTCACTTACT.2,0.128364849833148,0.181916931080811,0.115150544522742,0.095020283699529,0.0488005583924176,0.0498732037193576,0.0263497722321252,0.0332104084094434,0.177940517309568,0.0762241997856777,0.0783405313440649,0.032858785842847,0.0324727808681596,0.0334859731523881,0,0
AACACGTTCGACGGAA.2,0.0640835496230379,0.208158248292028,0.167040358744395,0.166462468349261,0.113912053194225,0.0508964719491035,0.056232917409388,0.00831983456832673,0.160327734859071,0.0507917279570823,0.0477686166732103,0.0519619755557144,0.0430941853278182,0.0444387790121883,0.120057650732645,0
CGTAGGCAGACTTGAA.2,0.0850451118526758,0.231340937026556,0.165873524297611,0.142598491655095,0.0993424194555674,0.0355140810606398,0.0683937413349178,0.0173772186799931,0.173616421019327,0.0600035942252781,0.0530035335689046,0.0397528281167764,0.0462130937098845,0.04765500132375,0.0728801345183762,0.015085275042037
GATCGATGTCTCTTTA.2,0.0493387714744778,0.145356315924878,0.17774778072664,0.144041493098097,0.104022629587451,0.0380722516350047,0.023973063973064,0.0101326899879373,0.215347905186279,0.0472041586517662,0.0412947694455351,0.0651912593160538,0.0695668711073076,0.0674818352078288,0.0480903194811434,0
ATAGACCAGCTCAACT.2,0.0887282165368928,0.181859760455078,0.174155760959092,0.122382858231915,0.0680577495316116,0.0390176624994439,0.0231887502475738,0.0184387385834913,0.180544203337991,0.0686297348926059,0.0384591894603673,0.0537618339062124,0.0386535444301811,0.0299461674985047,0,0
GCACTCTGTTGGGACA.2,0.0561488073167717,0.160192093302461,0.115562368445136,0.144068719540418,0.0918335108923258,0.0300195755661343,0.0170964547435136,0.0124625193865242,0.210957892794052,0.0484554815263477,0.0393316756096497,0.0733133637858104,0.0629201730613797,0.0628732239687007,0.0321883257266394,0
CCATGTCAGGGTGTGT.2,0.0903102212334693,0.22285109910528,0.137297519904823,0.109218873369817,0.0780941185114434,0.0458468656849224,0.0266349772232125,0.02029295192142,0.246137316423656,0.0839051923243322,0.0751821314836627,0.0645934724270797,0.0553986592497504,0.0531657236990479,0.0598606773961086,0
GTACTCCGTTCGCGAC.2,0.131294030404153,0.204642254809479,0.122082913883042,0.0951019630264913,0.0528562506888064,0.0255928282244072,0.0335511982570806,0.0163915216267448,0.157183536794368,0.0731691082993324,0.0601317454085416,0.0370497917492414,0.0228783340464984,0.0235921673220046,0.00196973336536152,0
GCACATAGTCTAGGTT.2,0.116079594611297,0.200468799131006,0.103413562734511,0.0804949767213918,0.0340986738180082,0.0514192285447346,0.0385660526836997,0.0165431673272445,0.194505233738498,0.0778282892153274,0.0572350913929241,0.0533849682588157,0.0495031616982837,0.0510477236402145,0.0292577468171991,0
ACTGTCCAGCAGACTG.2,0.0917686318131257,0.233170397049996,0.133636862816876,0.19882109504751,0.100848609529407,0.0251145615518085,0.0262784709843533,0.021802515940031,0.180860600627521,0.0551047982907462,0.0472538498451337,0.0276866297165061,0.0408596015784719,0.0421344733926243,0.0262791256305549,0
GAACGGAAGGAGTCTG.5,0.0885922630082808,0.164222622416602,0.1389219364876,0.232173486890468,0.119018404907975,0.0503181029496819,0.0174450386215092,0.0148061347578839,0.219632451815329,0.0842978947158232,0.0627492038563888,0.0417931007595792,0.0565207055579328,0.0582842238412284,0.0975258227239971,0
TCATTACCATGCCCGA.2,0.0538375973303671,0.224766315067318,0.225885421433147,0.163154455607286,0.103464237169832,0.0170062730791476,0.03236284412755,0.00592796829226262,0.154889656445276,0.0342183558416145,0.0309034594075819,0.065418678241207,0.0556173631911758,0.0517439181039977,0.0622627912563056,0
ATTGGTGTCTTGTTTG.2,0.0925843529847979,0.185232827373296,0.120023794271072,0.153448228919927,0.0902685426692627,0.0247920096098234,0.0323549217666865,0.0108150956401861,0.133157117620692,0.0553311013638088,0.0550015268507612,0.0445611139628722,0.0361241858032615,0.0372513065903141,0,0
GACGCGTAGTCGCCGT.2,0.10610554937585,0.231798302032416,0.172348311521918,0.11245882000599,0.0892619668638184,0.0430551230146372,0.0440641711229947,0.0310597966569016,0.216613494344398,0.0658009464793232,0.0555250185403307,0.0227808786167731,0.039899206009604,0.0411441122540031,0,0
CATTCGCCATTTGCCC.5,0.0766777901371895,0.00394477317554241,0.0181888899057381,0.094326009420349,0.0318944932221447,0.0473261556257508,0.014434541493365,0.00157160089608823,0.208881535581512,0.0609753662448999,0.0435108842647123,0.0446390861657819,0.0594114011315552,0.0610297794730494,0.0118184001921691,0
ACCTTTACACATTAGC.2,0.122543566926214,0.155589857930995,0.0914249107714835,0.116120776498135,0.0710627824106388,0.020743426613872,0.0294711824123589,0.0216301912803722,0.152562818045192,0.0625195519199153,0.0671029097413079,0.0387456871625266,0.0455855084866638,0.0470078346391065,0.066682680759068,0
TTTCCTCAGTTAGGTA.2,0.0859844271412681,0.193322470914444,0.0933467557426558,0.12536415366604,0.0858160978656185,0.0406415446901277,0.0421390374331551,0.0218507668447355,0.190411843805205,0.0721773683614992,0.060061946516599,0.0414162351121825,0.0577188228022631,0.0546267515174098,0.0620706221474898,0
TTTACTGGTCCTAGCG.5,0.0653689284390063,0,0,0.12954341256228,0.055119209433893,0.058960270498732,0.00776391364626659,0.00483887644321902,0.167519181585678,0.0630054379297262,0.0376128778955634,0.0443986718734771,0.0604098321684971,0.0622946961748527,0.00816718712466971,0
CCTACCACAGCAGTTT.2,0.060659992584353,0.151959523196981,0.165804886977212,0.142448746222331,0.0985636089783623,0.0325777461404992,0.0241711229946524,0.0229260727210064,0.188111371845915,0.0504123375110656,0.0374034812197356,0.0474655785212572,0.0318927399800314,0.0309953619720934,0.0132596685082873,0
GATCGATAGGGTATCG.2,0.105252749969101,0.197667438470114,0.114212501143955,0.150153829399112,0.0965137210242093,0.0494727944120657,0.0224678154089919,0.0127037739100465,0.189047380494107,0.0812294912840037,0.0546612572525411,0.0417151285566695,0.0488280321399705,0.0503515291764314,0.0300744655296661,0
GGACAGAAGTTACCCA.2,0.0633172660981337,0.101906640368179,0.0326713645099295,0.230471834245419,0.0951618235920796,0.0418538950927615,0.0227450980392157,0.00580389453730829,0.226520684472803,0.0724436072709846,0.0522793700650002,0.0378165184111864,0.0524794370750725,0.0541168626143573,0.066682680759068,0
CTAATGGCACGAGGTA.5,0.126226671610431,0.0516250750364463,0.0273176535188066,0.0328487026600234,0.0123581058741413,0.0300084530853762,0.0118043176866706,0.014730311907634,0.138456772220318,0.0689758454749369,0.0435370588491908,0.0440997784289901,0.0360576237341321,0.0371826676995185,0.0316118184001922,0
GATCGATTCCTTTACA.2,0.0618959337535533,0.122030700626018,0.0926832616454654,0.186691714993602,0.0734212556482128,0.0491391199893224,0.0240839770251535,0.00816129588144063,0.19196746381206,0.0522893218229378,0.0382148933385682,0.0736967271167829,0.0613987543384206,0.0633144739809576,0.027768436223877,0
TGTCCCATCACAACGT.2,0.0621307625757014,0.217191207157762,0.148027820993868,0.186773394320564,0.108849785092392,0.0237909863415936,0.0275935828877005,0.0145855591935206,0.171137975584676,0.0619671061827331,0.0438162544169611,0.0470757175067089,0.0328341178148624,0.0338585842738496,0.0189286572183522,0
TAGCCGGTCAACACTG.2,0.074947472500309,0.254952405454078,0.111123821726,0.155503825315146,0.103758127915947,0.0318881523334965,0.0298752228163993,0.0174806134757884,0.171625754739368,0.0438295804740384,0.027631636347773,0.0326963437534519,0.0292587838159083,0.0301716952825471,0.0797501801585395,0
TGCACCTGTGACGCCT.2,0.0761957730812013,0.244204327816368,0.225633751258351,0.165101146233222,0.106131295690827,0.0559127107710104,0.0339156268568033,0.0121661209719111,0.230653624067287,0.0688493819929314,0.0659163285782838,0.0420140220011566,0.0526601055484239,0.054303168175088,0.0628873408599568,0
GTTCTCGCATCGTCGG.2,0.0561858855518477,0.159963410799531,0.18612153381532,0.153284870266002,0.10187722714081,0.0405970547670953,0.0268726480491186,0.0171152851973117,0.202085585466818,0.0509315033845621,0.0510578894560049,0.0449639703445722,0.0377502020634241,0.0389280566368905,0.0624069180879174,0
CCCAGTTAGGAGTTGC.2,0.0564330737856878,0.112540376754424,0.0409078429578109,0.177148846960168,0.0825906469270049,0.045813498242648,0.032996632996633,0.013241426848182,0.180616711050175,0.0601699935437064,0.0758539458186101,0.0591354182234034,0.0509390006180764,0.0525283625702323,0.0594282969012731,0
GTTTCTACAAACCTAC.2,0.0545050055617353,0.24243203841866,0.12983893108813,0.154836777478287,0.0821498108078322,0.0389175601726209,0.0452762923351159,0.0084094433913493,0.216277322224273,0.0614346283637622,0.0631069231775946,0.0372187315222123,0.0553320971806209,0.0570585293627369,0.0757626711506125,0
CGTCACTTCACCGGGT.2,0.0610060561117291,0.17742903696081,0.109888349958818,0.140338696942471,0.0828698431358143,0.0473706455487832,0.0264606852842147,0.00545924521799069,0.207846652780341,0.0670988611630647,0.0641190071107621,0.0570171733776909,0.0422003518280797,0.0433111400919761,0.0551525342301225,0
CTGAAGTGTGGACGAT.2,0.0792979854158942,0.185061315496098,0.187654433970898,0.135642135642136,0.0847727857169097,0.0208657739022112,0.0525648643295702,0.00840255040496295,0.164407941571967,0.0728895574443727,0.0529424595384548,0.0797590658930091,0.0572719060523939,0.0590588627516351,0.039682920970454,0
GACGGCTGTAGCGCTC.2,0.0349524162649858,0.0341022782494354,0.0393291845886337,0.195199978218846,0.0947062929356012,0.0589936379410064,0.0193939393939394,0,0.215895008832758,0.0567821034205044,0.0412773197225494,0.0399542563076263,0.0474967907573813,0.0489787513605209,0.0248378573144367,0
ATCATGGCACCCAGTG.2,0.0470028426646892,0.180287568247434,0.215566944266496,0.174153938304882,0.111546232687998,0.0445121679939494,0.0413230342642107,0.0154609684645873,0.178619453160018,0.0594045566789358,0.0305108406404048,0.0642425975139863,0.0711548518993962,0.06904091858447,0.121162623108335,0
TCCCGATTCGCCGTGA.2,0.0541589420343592,0.0257267815796244,0.0322137823739361,0.113221160390972,0.0733698247676426,0.0565022022511901,0.00681323034264211,0.0123108736860245,0.17224536609803,0.0475436132613601,0.0361907254722331,0.0646129654778072,0.047049874007512,0.0428404734122354,0.0700936824405477,0
TGGTTCCAGCACAGGT.2,0.0735879372141886,0.0921876339936541,0.0255788414020317,0.135383484440088,0.0796370449285478,0.0448792098589669,0.0122875816993464,0.0175564363260383,0.228643182956733,0.0713120919056716,0.0668760633424944,0.036763893671906,0.0446631483858698,0.0460566957237971,0.0675954840259428,0
GTCAAGTTCGGTGTTA.2,0.0886540600667408,0.135694480176086,0.0892285165187151,0.171267935418879,0.0952059072039969,0.020954753748276,0.0451812240047534,0.0145373082888161,0.151976164737522,0.0618805785371503,0.0563189809361776,0.0356722828311707,0.0439690010935197,0.0433797789827716,0.011914484746577,0
GCAGTTATCGTACCGG.2,0.060808305524657,0.208644198610754,0.142079253225954,0.161425576519916,0.0754564490650601,0.0289295724518397,0.0327985739750446,0.0166465621230398,0.17874469375379,0.0659007860703803,0.0375256292806352,0.0615135704121481,0.0540864356011981,0.0555582793210633,0.0613980302666346,0
GGAATAAAGTGGGTTG.2,0.0855271289086639,0.0706628934053683,0.0549784936396083,0.141073810885132,0.0687263509790235,0.0389954175379277,0.0138403644285997,0.00352920902981217,0.136307907295594,0.0460593313409788,0.0344806526196397,0.0501556195216405,0.0526030523463129,0.0542443348401204,0.102666346384819,0
GGTATTGTCTGGCGAC.2,0.21486837226548,0.255895720778664,0.113251578658369,0.117822429143184,0.0822747143749311,0.037382657828002,0.0334561299267182,0.0324521799069447,0.153037413979487,0.110815290100572,0.0781224098067443,0.0350679982586208,0.0391955498502353,0.0404185011227361,0.0260869565217391,0
CATTATCCAAGTTCTG.2,0.131467062167841,0.139181888345768,0.0663036515054452,0.114351057747284,0.0611072333859888,0.0556457712328158,0.0256129926718162,0.0331276925728072,0.20699633506473,0.0707663021412264,0.0864633773938839,0.0305326151227088,0.0496648124375981,0.0499102791641744,0.0299303386980543,0
ACTGAGTTCTGCTGTC.2,0.0663947596094426,0.218649058113941,0.164340624142033,0.114010727218274,0.0654421218911869,0.0224562886506206,0.05294513765102,0.00925728071687058,0.195454425607087,0.0583396010409941,0.0634908170832788,0.043566968375774,0.0562829838824704,0.0578821960522832,0.0773000240211386,0
CATTCGCCAAGCCCAC.5,0.0848967989123718,0.032787353857588,0.0255330831884323,0.0631789594053745,0.0254288968076118,0.0273946701072207,0.00476926123984947,0.00405307599517491,0.241351807419516,0.0506186726659168,0.053675347903852,0.0436319452115321,0.0595445252698141,0.0614023905945109,0,0
GTATTCTGTATGCTTG.2,0.0817822271659869,0.163107795214819,0.077011073487691,0.114977265920662,0.0730906285588332,0.0414534857854696,0.058680926916221,0.0114423574013441,0.184591451999895,0.0682769683375377,0.0516511800375169,0.0562049629307152,0.0559406646698046,0.051841973662277,0.11621426855633,0
TCTCATAGTTTGCATG.2,0.0625633419849215,0.193894177171769,0.196623043836369,0.149759045985461,0.0882186547151097,0.0523201494861414,0.0281323034264211,0.00846458728244012,0.245735228201545,0.074866381347302,0.0703921825241024,0.0333201213767292,0.040688441972139,0.0419579733877215,0.0225798702858515,0
CCAATCCGTCTCTCTG.2,0.131355827462613,0.0704627962153046,0.0322137823739361,0.0831767812899888,0.0479629697659895,0.0473039106642346,0.0219449395919984,0.0118076856798208,0.2292430194848,0.086640797119295,0.0709767482441216,0.0284208679605721,0.0291732040127419,0.0295343341537315,0,0
ATAGACCTCTTGGGTA.5,0.0673093560746508,0.0259268787696881,0.0144595954973918,0.195880639276866,0.077087542705999,0.0507518796992481,0.026833036244801,0.00998104428743753,0.197464866717642,0.0664598877802997,0.0543471622387995,0.0297269023593089,0.0376551133932392,0.0388300010786111,0,0
CAGCGACAGCTCCCAG.2,0.0745519713261649,0.214761455564131,0.163814404685641,0.183451768357429,0.092847433966423,0.0389842950571695,0.0498554169142404,0.0150680682405652,0.148278271416142,0.0485286972264562,0.0517122540679667,0.0280764907310544,0.0461370227737365,0.0475765568771266,0.0742253182800865,0
GTATTCTTCCCAGGTG.2,0.122296378692374,0.110710916730984,0.0642674110002746,0.0758528683056985,0.0479997061092539,0.03286693064021,0.0276965735789265,0.0189970704807858,0.172106942283861,0.0565092085382818,0.0602538934694412,0.0581867564213358,0.0547520562924928,0.0527440847984468,0,0
TATGCCCAGCTAGGCA.2,0.100939315288592,0.202183917902981,0.124439461883408,0.0782624084510877,0.0666544212189119,0.0372603105396628,0.0273876015052486,0.0184800965018094,0.227034830068289,0.0893298101050978,0.0753915281594905,0.0680502400894081,0.0566062853610992,0.0583724738436798,0.0414124429497958,0
CGTGAGCGTCAATACC.2,0.057137560252132,0.174398993796987,0.0847670906927794,0.116256908709739,0.0696888431725506,0.0393179694799128,0.0238542285601109,0.0087540927106669,0.169470298204445,0.060489480235089,0.0543122627928282,0.0489860364779956,0.0273760281462464,0.0282301952286165,0.048378573144367,0
ATAACGCCAACTGGCC.2,0.123767148683723,0.218134522482349,0.0996842683261645,0.126344305589589,0.0863230594026671,0.0468701339146683,0.0334402852049911,0.0204997415130105,0.190444801856197,0.081242803229478,0.0749291105003708,0.0528196697877207,0.0464793419864023,0.0479295568869321,0.0756665865962047,0
ATGGGAGCAGAAGCAC.2,0.089111358299345,0.21942086156133,0.126155394893383,0.158471507528111,0.0841041842694978,0.0347466298883303,0.0299544464250347,0.0164811304497674,0.191914730930472,0.0782808953614526,0.0564585787200628,0.0388626454668911,0.0435315932106689,0.0448898345802732,0.0485707422531828,0
GCGCAACAGGATGGAA.2,0.0659374613768385,0.0811537032272818,0.0397867667246271,0.146682458003213,0.0771830571984865,0.0248364995328558,0.0283065953654189,0.00903670515250732,0.154012972288871,0.0368474650727831,0.0295685555991799,0.0567377729839312,0.0372747587124994,0.0384377788454939,0.0608695652173913,0
AAACCTGTCCTTTACA.2,0.0579162031887282,0.0919875368035903,0.0478630914249108,0.22630618857034,0.109481650196539,0.0408083819014993,0.0269994058229352,0.00886438049284853,0.142246948084478,0.0545922883899868,0.0306329887013044,0.0434889961728644,0.0530024247610897,0.0546561681848936,0.0593802546240692,0
GTACTCCGTGTCCTCT.2,0.074984550735385,0.0971043078066489,0.0448430493273543,0.246140651801029,0.114962712611587,0.0672576411442808,0.0306040800158447,0.0143718766155437,0.225854931842751,0.0560100105829966,0.0421847053178031,0.0406560061338133,0.0503209242618742,0.0518910014414167,0.0478501080951237,0
ACATGGTAGAATGTGT.2,0.0653936472623903,0.209901952376869,0.0919511302278759,0.16052710392333,0.089710150251644,0.0389842950571695,0.063030303030303,0.0128760985697053,0.192738682205289,0.0695549151030677,0.0522793700650002,0.0434240193371063,0.0513764085009271,0.0529794181383172,0.0423732884938746,0
ACGTCAAAGTTAAGTG.2,0.0831417624521073,0.133865020152646,0.0645190811750709,0.126262626262626,0.0741045516329305,0.0480936067980602,0.0248762131115072,0.0151438910908151,0.181862525377699,0.0634647000485886,0.059372682458666,0.0416826401387905,0.0446346217848143,0.0460272790563133,0.0179678116742734,0
AGTGAGGAGCTAAACA.2,0.103992089976517,0.127147471629077,0.073121625331747,0.162351275558823,0.0644869769663128,0.0351359167148641,0.0366171519112696,0.023174220230915,0.213706594246843,0.0756185062665983,0.0591109366138813,0.0462245209582784,0.0508344030808729,0.052420501456125,0.0788854191688686,0
AGCGTATTCCCTGACT.2,0.112668396984304,0.151673670068319,0.0670357829230347,0.113479811593019,0.0531427941662687,0.0398963384793344,0.0278233313527431,0.0163156987764949,0.198631581722783,0.0914597213809812,0.049862583431488,0.0363675349737818,0.0446156040507774,0.0460076679446574,0.0758587557050204,0
GATCGATCAATAGCAA.5,0.0990236064763317,0.171826315639025,0.0833485860711998,0.177448337825696,0.0878292494765071,0.0633425279174267,0.0382729253317489,0.0153300017232466,0.198980937063306,0.0618606106189389,0.0687431837019587,0.0329172649950293,0.0439119478914087,0.0429875567496544,0.0413644006725919,0
GTCTCGTTCCCGACTT.2,0.0709553825237919,0.160906726124117,0.113434611512767,0.12605842794522,0.0745894713640204,0.0346465275615073,0.0277995642701525,0.00883680854730312,0.19277823186648,0.0702271683495184,0.0740827989355669,0.034827583966316,0.0309893976132744,0.0319563064432307,0.0323804948354552,0
CATCGGGTCTGTGCAA.2,0.0693857372389074,0.180201812308836,0.130914249107715,0.175324675324675,0.0937144116674626,0.0349468345419762,0.0294632600514953,0.00727210063760124,0.190807340417117,0.0601100897890722,0.0428652445142433,0.0586740826895212,0.047049874007512,0.0441446123373503,0.073792937785251,0
ACTATCTGTCGCGGTT.2,0.140341119762699,0.218992081868336,0.0997071474329642,0.142680170982058,0.0647441313691635,0.0447012501668372,0.0211210140621905,0.0419645011201103,0.215176523321117,0.0809632523745183,0.0773371722723902,0.0206886245053638,0.0384443493557743,0.0396438622123295,0.0258467451357194,0
ACATACGCAGGTCCAC.2,0.0443332097392164,0.125689620672898,0.0677450352338245,0.274946227776416,0.109569817420374,0.0438781865907372,0.0341849871261636,0.00594864725142168,0.192587075170723,0.0302780199812302,0.0434410853727697,0.0558086042325911,0.0640232016355251,0.0660208073894669,0.0732644727360077,0
CGGGTCACACGTTGGC.2,0.0543566926214312,0.237744047108596,0.199963393429121,0.207125159955349,0.112898130120128,0.0374493927125506,0.0385581303228362,0.015123212131656,0.197438500276848,0.0645895594411645,0.059372682458666,0.0437554011994724,0.0607996957162554,0.0601472794485355,0.104251741532549,0
CTCGAAACACATAACC.2,0.0438511926832283,0.074636251893777,0.0473826301821177,0.206308366685725,0.115491715954594,0.048582995951417,0.0105525846702317,0.00367396174392556,0.223066680728768,0.0468846719603837,0.0475330454129041,0.0394864230901684,0.062463747444492,0.064412696233686,0.0684122027384098,0
AAATGCCCAGCTGCAC.2,0.117525645779261,0.16279335677329,0.110002745492816,0.115685153421002,0.0762352595422652,0.034713262446056,0.0547752030104971,0.037277270377391,0.183154480976613,0.0649023901598099,0.0622693364742835,0.0288172266586962,0.0339276375219893,0.0333879175941088,0.0259428296901273,0
ATTGGACTCTGTGCAA.2,0.103510072920529,0.166509447445902,0.136748421341631,0.149228130360206,0.106579479078653,0.0190528095386395,0.0357694592988711,0.0251938652421161,0.138160149761384,0.067751146491304,0.0419491340574968,0.0327678182727857,0.033556791708268,0.0346038065167724,0.0318520297862119,0
TGCCCTAGTATGAATG.2,0.0665183537263626,0.186147557385016,0.174270156493091,0.143496964251681,0.079144777928805,0.0368599012323709,0.0223093681917211,0.0126279510597967,0.237897803675482,0.0600302181162266,0.0613445011560441,0.0485182032605376,0.0507963676127989,0.0506162791837855,0.0594763391784771,0
CTGAAGTCATCGATTG.2,0.0984056358917316,0.177686304776606,0.122037155669443,0.178782433499415,0.0964549428749862,0.0398629710370601,0.0515191126955833,0.0278132000689299,0.132629788804809,0.0456200371403279,0.0450726344719278,0.0304546429197991,0.0431132030618552,0.0444583901238442,0.0893105933221235,0
AGAGTGGAGCTGCGAA.2,0.0522308738104066,0.135551553611754,0.133179280680882,0.134825342372512,0.0864185738951545,0.0267829336655248,0.0180788274905922,0.00931931759434775,0.227726949139136,0.0461591709320359,0.0294289578152947,0.0731444240128394,0.0480578139114725,0.0495572791543689,0,0
TTCTCCTCATATACGC.2,0.0733160301569645,0.127747763199268,0.110094261920015,0.192804051294617,0.0936776753241982,0.0674244783556524,0.0349772232125173,0.00543167327244529,0.217022174176708,0.0607823430355229,0.0639881341883698,0.0448340166730561,0.0549612513668996,0.0566761126854476,0.0527023780927216,0
GGACAGAAGACGACGT.2,0.0611543690520331,0.158105365463225,0.166994600530795,0.11593019140189,0.0917967745490614,0.0264047693197491,0.012105367399485,0.00819576081337239,0.171329132280433,0.0529216392329657,0.0336168913318501,0.0881800638072527,0.0420767365568393,0.0433895845385996,0.049243334134038,0
CACAAACCAGTCTTCC.2,0.0533802990977629,0.183860732355716,0.180287361581404,0.185139807781317,0.123926380368098,0.0313653957378654,0.0359358288770053,0.00615543684301223,0.163135760803649,0.0489546794816328,0.0368363652227021,0.0402531497521134,0.0537250986544953,0.0554013904278164,0.0778284890703819,0
TCGCGAGAGGATATAC.2,0.0653071313805463,0.0687762627561959,0.0391461517342363,0.157654714258488,0.0703207082766981,0.0384726609422966,0.0250821944939592,0.00937446148543857,0.281975901073114,0.0708195499231235,0.0476900929197749,0.0229433207061683,0.0388532306375695,0.0399576399988233,0.0220033629594043,0
CGTCACTCAAAGAATC.2,0.0782721542454579,0.219506617499929,0.133751258350874,0.144422663290588,0.0914073693104588,0.0333451973128086,0.0177619330560507,0.0178597277270377,0.211162232710206,0.0771626919416138,0.0607948348819962,0.060447950305716,0.0472495602149004,0.0487238069089946,0.0770598126351189,0
TTAGTTCGTAAGTAGT.2,0.0590409096527005,0.0669182174198897,0.0449803239681523,0.215211413324621,0.0809375114801073,0.0333340748320505,0.054006734006734,0.00863691194209892,0.188302528541672,0.041260374997504,0.0529948087074118,0.0359646785920819,0.0493985641610802,0.0509398625261073,0.0100888782128273,0
CTCCTAGTCGGAGCAA.2,0.0945865776789025,0.174627676299917,0.0533540770568317,0.0715647036401753,0.0395503471584438,0.0472371757796859,0.0218261041790454,0.0259520937446149,0.205625280143433,0.0793258830811829,0.072590847620294,0.0212929090779137,0.0271478153378025,0.0279948618887462,0,0
GCGCGATGTCTCAACA.2,0.0418984056358917,0.16119257925278,0.105609956987279,0.136377249584797,0.0778222695712869,0.0294856964897451,0.0237750049514755,0.00363260382560744,0.226191103962876,0.0538534754161647,0.04297866771365,0.0530990701814803,0.0330433128892692,0.0340743065020641,0.00374729762190728,0
TCTGAGAGTCTTGATG.2,0.135607465084662,0.201212017265529,0.150086940605839,0.186160799368347,0.0820910326586092,0.035847755483383,0.0218974054268172,0.0186041702567637,0.176602420439265,0.0940888306121498,0.054120315839986,0.0306430757434974,0.050701278942614,0.052283223674534,0.0313235647369685,0
CGTGAGCTCCTGTACC.2,0.0565937461376838,0.160420775805391,0.102292486501327,0.129665931552724,0.0899526101171889,0.0282399786448369,0.045941770647653,0.00870584180596243,0.198967753842909,0.0476168289614686,0.0460236443746456,0.0705258575317899,0.0537536252555508,0.0554308070953002,0.129377852510209,0
ATTGGTGAGCTACCGC.2,0.122321097515758,0.189120429923106,0.105312528598884,0.249421438100683,0.0954336725322361,0.0423099168038439,0.0208595761536938,0.0209960365328278,0.196021304084162,0.082374318594791,0.0461457924355451,0.0257178315930371,0.0447106927209623,0.0434876400968789,0.035695411962527,0
GCATGCGCACTATCTT.2,0.0725621060437523,0.10090615441786,0.0515923858332571,0.161684227721964,0.0768671246464127,0.0413867509009209,0.0327035056446821,0.0110701361364811,0.188117963456113,0.0661736809526028,0.0528028617545696,0.0527676883191142,0.0513098464317977,0.0529107792475216,0.0350228200816719,0
AGCGGTCTCTCAACTT.2,0.0779384501297738,0.202584112283109,0.0864372654891553,0.161779520270086,0.0979464384115205,0.0351359167148641,0.0430184194890077,0.015867654661382,0.180122340285285,0.0671454529722246,0.0545652837761201,0.054242662490822,0.0572719060523939,0.0590588627516351,0.0840259428296901,0
CACAGGCGTCTTGATG.2,0.0723890742800643,0.142154760883858,0.0769195570604924,0.159206621470772,0.0788361926453841,0.0505405525648441,0.0203287779758368,0.0175633293124246,0.220581643683919,0.0695149792666449,0.066998211403394,0.0188692731041384,0.0570722198450055,0.0588529460792485,0.0559212106653855,0
ATTCTACCACAACGCC.2,0.053652206154987,0.0505960037732613,0.0653198499130594,0.332747964823437,0.130605047573565,0.0557569960403968,0.0324737571796395,0.00690677235912459,0.146261238695389,0.0543526733714499,0.0433712864808271,0.0308315085671958,0.0483620976560643,0.0498710569408627,0.030939226519337,0
GAACATCGTAGCTTGT.2,0.103238165863305,0.0842980876425692,0.0803971812940423,0.076288491382831,0.0464788214981081,0.0365818392134182,0.01113091701327,0.0176115802171291,0.183543385978327,0.0563028733834306,0.0433102124503773,0.0552173150271928,0.0481433937146389,0.0440171401115872,0.0393466250300264,0
ACACCGGGTCGGCACT.2,0.102397725868249,0.159563216419404,0.0937585796650499,0.113112254621689,0.0558025054186106,0.0416870578813899,0.0151554763319469,0.0180182664139238,0.207886202441532,0.0893431220505721,0.0669894865419011,0.0334565727318211,0.0384538582227928,0.0369963621387878,0.00960845544078789,0
ACAGCCGCAAGTCATC.5,0.124323322209863,0.084498184832633,0.0161068911869681,0.111179177216913,0.0381690606517027,0.038005516750456,0.0435175282234106,0.031693951404446,0.120784665278034,0.0872398346656372,0.0578196571129433,0.0424233760664323,0.046203584842866,0.0476451957679221,0.0177756425654576,0
GCAGTTAAGCTAGTCT.2,0.0851439871462118,0.19975416630935,0.160862999908484,0.131122546216886,0.0824510488226002,0.0380833741157628,0.0440641711229947,0.0224573496467344,0.189653808632373,0.0550515505088491,0.0396893949308555,0.0352109472972885,0.0388342129035325,0.0400458900012747,0.0431900072063416,0
CGATGGCGTCTAGAGG.5,0.0521690767519466,0.0292141897493068,0.00482749153473048,0.15180102915952,0.0818559200617171,0.0506851448146995,0.0245513963161022,0.00863691194209892,0.219817016900889,0.0611950133452253,0.0559438118919862,0.0449964587624512,0.0465363951885133,0.0479883902218997,0.0153735287052606,0
GCTCTGTAGAGGACGG.2,0.0617599802249413,0.150787525369465,0.0676992770202251,0.112581338996433,0.0653539546673524,0.0201761800952084,0.0289086947910477,0.0171083922109254,0.219962032325256,0.0627192311020294,0.0576277101601012,0.0342947739131,0.04977891884182,0.0513320847592246,0.0671150612539034,0
GACGTGCAGGTTACCT.2,0.0594364108268446,0.195523540005145,0.14933193008145,0.187440442157423,0.0667131993681349,0.0149041242158651,0.0301445830857596,0.0244563156987765,0.162081103171883,0.0534541170519366,0.0567639488723117,0.0465494051370686,0.0318356867779204,0.0328290009119167,0.0549603651213067,0
GGCAATTCAGCGAACA.5,0.0508342602892102,0.0587999885658749,0.0632149720874897,0.193634457785401,0.0842070460306381,0.0633202829559105,0.0183164983164983,0.00698948819576081,0.204682679885042,0.0851897950625994,0.0662740478994896,0.0475500484077426,0.0376170779251652,0.0387907788552994,0,0
CGTCAGGTCAGGTTCA.2,0.0574465455444321,0.220364176885916,0.157842957810927,0.15738244983528,0.104228353109731,0.0237131289762869,0.0392077639136463,0.00414268481819748,0.156886914335434,0.0691888366025253,0.0462766653579374,0.0413577559600003,0.0363714163457424,0.0375062510418403,0.0135959644487149,0
CTGCTGTGTGCTGTAT.2,0.113051538746756,0.26987393877026,0.136405234739636,0.145321135887174,0.0991073068586753,0.0236575165724963,0.0575242622301446,0.0227675340341203,0.140229915363725,0.0734286912360807,0.0517820529599093,0.0263156184820112,0.0313222079589217,0.0322995008972084,0.0362719192889743,0
AACCGCGAGACCTAGG.2,0.117290816957113,0.16599491181431,0.0942847991214423,0.158648479403196,0.0917894272804085,0.0171286203674868,0.0583323430382254,0.0172255729794934,0.145694360218314,0.0990075944648931,0.0581512018496706,0.0314877746083521,0.0283649503161698,0.0249649451379151,0.00797501801585395,0
CAAGAAATCCGAGCCA.2,0.111976269929551,0.169853929051253,0.112016106891187,0.137330175066024,0.0704162227691855,0.0399964408061574,0.0210576351752822,0.0339548509391694,0.176002583911198,0.0545456965808268,0.0440169262312961,0.0244637786629067,0.0404697380307136,0.0404773344577037,0.0322844102810473,0
CGAGCACTCTCGAGTA.5,0.102966258806081,0.05319726724409,0.0675162441658278,0.103719132021019,0.0488299474670291,0.0489389153356765,0.0295345612992672,0.00838876443219025,0.174539246447122,0.0568553191206129,0.0620424900754701,0.0460555811853074,0.041610802072933,0.0429091123030309,0.0431419649291376,0
TCTGAGATCTGTACGA.2,0.0460017303176369,0.121430409055827,0.0397867667246271,0.151583217620953,0.0647294368318578,0.0341682608889087,0.0179996038819568,0.0105255902119593,0.217186964431671,0.0623731205196984,0.0561968328752781,0.0440412992768078,0.052412875005943,0.0516850847690301,0.0826327167907759,0
GGAGCAACATCCAACA.2,0.0538499567420591,0.17925849698425,0.0979912144229889,0.204878978463884,0.0980860365159252,0.0434221648796548,0.0292572786690434,0.0157504738928141,0.210456930418963,0.0522227620955665,0.0429350434061859,0.0471731827603459,0.0544192459468454,0.0561171960032554,0.0462647129473937,0
GGATGTTAGTTGTCGT.2,0.0744654554443208,0.16690964182603,0.0903953509654983,0.152713114977266,0.0863157121340142,0.0452907416470169,0.0298356110120816,0.0116973978976392,0.216672818836185,0.0709526693778662,0.0811063124372901,0.0546065327710671,0.0387201064993106,0.0399282233313395,0.0129714148450637,0
TGCCCATTCACATACG.2,0.158595970831788,0.16370808678501,0.0842408712363869,0.0774592284026246,0.0613423459828809,0.0292966143168572,0.0419489007724302,0.0312803722212649,0.170920452448124,0.0877523445663967,0.0521223225581294,0.0389731060876797,0.0527361764845719,0.0474000568722238,0.0271438866202258,0
GCATGTAGTATGAAAC.2,0.0600420219997528,0.110139210473659,0.0631463347670907,0.197514225816113,0.0842952132544726,0.0506962672954576,0.0208516537928303,0.0138617956229536,0.174084425343423,0.0582331054772,0.0343410548357545,0.0323454688403584,0.0552274996434175,0.0569506682486297,0.107758827768436,0
TCGGTAATCATGTCCC.2,0.0806204424669386,0.197953291598777,0.147066898508282,0.15772278036429,0.109224495793689,0.0275615073185923,0.0359912854030501,0.0166879200413579,0.177670261291428,0.0680306973462637,0.0485625790690573,0.0664972937147907,0.0403746493605287,0.0416343900453997,0.0779726159019938,0
TAAGCGTCACACAGAG.2,0.142207390928192,0.0477660577995026,0.0519355724352521,0.0398186718941436,0.0322324675801771,0.0291520220670018,0.00918201624083977,0.0148337067034293,0.146709468188889,0.0440292596561524,0.037089386205994,0.0363935257080851,0.040707459706176,0.0412127511447986,0.010329089598847,0
CGGACACGTTCAACCA.2,0.092707947101718,0.229911671383243,0.113091424910771,0.213618666448855,0.111788692553543,0.0388730702495885,0.0323390770449594,0.0176942960537653,0.175995992300999,0.0594711164063072,0.0311826549753523,0.052507780976082,0.0560928065421005,0.0537540570487238,0.0810953639202498,0
TCAGCAAAGATGTGGC.2,0.149338771474478,0.240488237143756,0.118902718037888,0.116937569767758,0.0734579919914772,0.042009609823375,0.0313170924935631,0.0298810959848354,0.180148706726079,0.0716116106788427,0.0759324695720455,0.0259517482017661,0.0403080872913992,0.0415657511546042,0.0140763872207543,0
CGAACATAGACGACGT.2,0.0637745643307379,0.221193150959037,0.182895579756566,0.1344169457377,0.102457661364388,0.0280286515104329,0.0321964745494157,0.0119869033258659,0.213515437551085,0.0558369552918311,0.0560136107839288,0.0406949922352681,0.0539438025959207,0.0503221125089476,0.0768196012490992,0
CGGAGCTAGGAACTGC.2,0.0477567667779014,0.195580710630878,0.135833257069644,0.136227504152032,0.0772565298850152,0.0410085865551453,0.0458546246781541,0.012614165087024,0.22274369182904,0.0497068044009292,0.040457182742224,0.0469327684680411,0.0548946892977702,0.0504986125138503,0.0822003362959404,0
CAGCATAGTCGCATCG.2,0.0734149054505006,0.150415916302204,0.0822961471584149,0.142013123145199,0.0794313214062672,0.0221226142278774,0.0308496732026144,0.0200723763570567,0.181987765971472,0.052249385986515,0.058578720062819,0.0545415559353091,0.0519564493890553,0.053577557043821,0.107518616382417,0
GGGCACTCACCAGGCT.2,0.0954764553207267,0.0905868564731441,0.0419374027637961,0.14936426257181,0.0843539914036957,0.0410419539974196,0.0330441671618142,0.0216922281578494,0.224642075566219,0.0777351055970075,0.0576277101601012,0.0528391628384481,0.0503304331288927,0.0519008069972446,0.0118184001921691,0
CATCAAGCACGAAATA.2,0.071548634285008,0.139610668038762,0.062848906378695,0.14553894742574,0.0830241357775247,0.0389731725764114,0.0155278272925332,0.00874030673789419,0.211386347456957,0.0559634187738367,0.044662565981765,0.0631249959389478,0.0355441449151334,0.0348293343008148,0,0
CACACTCGTTCAGTAC.2,0.0710666172290199,0.22719606666095,0.142170769653153,0.128277382994364,0.0896513721024209,0.0263046669929261,0.0159160229748465,0.0114354644149578,0.205163867429536,0.0844576380615145,0.0553156218645029,0.0663998284611536,0.0390529168449579,0.0402714177853172,0.00168147970213788,0
CGTCTACCACGAAGCA.2,0.144963539735509,0.0896435411485579,0.0424865013269882,0.0461760461760462,0.0241725138679696,0.0552676068870401,0.0125886314121608,0.0266276064104773,0.220706884277691,0.0687096065654515,0.0571303930550103,0.0292395760911235,0.0317691247087909,0.0327603620211212,0,0
AGCGTATGTCTCTCTG.2,0.0612285255221851,0.199554069119286,0.113297336871969,0.177189686623649,0.0912898130120128,0.0259709925701829,0.0311348781937017,0.0145924521799069,0.198407466976033,0.0603230809166606,0.0466518344021289,0.0538852898941527,0.0482860267199163,0.0497926124942392,0.0635599327408119,0
GAGTCCGCATGGGACA.2,0.0659498207885305,0.187862676156991,0.129449986272536,0.148751667619592,0.0995701847838066,0.0156048405036259,0.0252406417112299,0.0228847148026883,0.185501094207293,0.0423785784173428,0.0284343236051128,0.0620008966803335,0.064213378975895,0.0662169185060255,0.134614460725438,0
TCATTACTCTCTGCTG.2,0.0705598813496478,0.19083554869508,0.105884506268875,0.119701053663318,0.107027662466478,0.0257040530319883,0.0262705486234898,0.00749956918835085,0.178922667229151,0.0656012672972092,0.0443571958295162,0.0794926608664011,0.068768126277754,0.070913779747605,0.122123468652414,0
AGTCTTTAGTTAGGTA.2,0.0920281794586578,0.213675213675214,0.140065891827583,0.0979743526913338,0.0551118621652401,0.0126685055834853,0.0500772430184195,0.00855419610546269,0.156023413399425,0.0370937360640571,0.0308074859311608,0.0342557878116451,0.0509485094850948,0.0434190012060834,0.0474177276002883,0
GACTAACTCCTCGCAT.5,0.0383018168335187,0,0.0126063878466185,0.216082659478886,0.0966533191286139,0.0592272100369266,0.0205585264408794,0.0140961571600896,0.133328499485854,0.073588434581772,0.0705317803079876,0.0532355215365722,0.0396139399990491,0.0408499455791652,0.0345423973096325,0
TTCTCAAGTAAACGCG.2,0.089432703003337,0.230883572020696,0.129907568408529,0.144953578915843,0.0894750376547518,0.0434888997642034,0.024297880768469,0.0228640358435292,0.215782951459383,0.0767100857954886,0.0670505605723509,0.0530146002949948,0.0429230257214853,0.0442622790072855,0.0709584434302186,0
CCTACACTCGTGGGAA.2,0.039253491533803,0.104822342280536,0.0510890454836643,0.2263198017915,0.11400022041806,0.0356253058682208,0.0545771439889087,0.00826469067723591,0.203140243098584,0.0619072024280989,0.0522008463115648,0.0473096341154378,0.0557409784624162,0.057480168263338,0.0886860437184723,0
AAACGGGTCGCCCTTA.2,0.0556173526140156,0.0772946859903382,0.0550928891736067,0.277614419123853,0.118335108923258,0.0528873960048049,0.0235848682907506,0,0.228221319904026,0.0614213164182879,0.0426209483924443,0.0481478352967167,0.0514714971711121,0.0530774736965965,0,0
GATCGCGTCAGAGGTG.2,0.0741193919169447,0.183746391104251,0.0997529056465636,0.151161207764981,0.0918922890415488,0.0404190950749655,0.0204634581105169,0.0118972945028434,0.227476467951591,0.0865143336372894,0.0712733935348776,0.0544830767831268,0.0603908144344601,0.0622750850631968,0.0552966610617343,0
CGCGTTTTCAGCTCTC.2,0.148473612656038,0.122945430637738,0.0700558250205912,0.0927877154292249,0.037669446383307,0.0358588779641411,0.0238859180035651,0.0229260727210064,0.180214622828064,0.0718845055610652,0.0793438904157397,0.0472641503304072,0.0637284267579518,0.065716835158801,0.0365601729521979,0
CAGCTGGAGGCATGGT.2,0.10536398467433,0.0887573964497041,0.0449345657545529,0.0648942252715838,0.0377649608757944,0.0346687725230235,0.0168112497524262,0.00960193003618818,0.19499301289319,0.0544924487989297,0.0777734153470314,0.0416956355059421,0.0450910474017021,0.046497945736054,0.0418928657218352,0
TTAGGACTCTGCGGCA.2,0.107971820541342,0.25226538604465,0.130914249107715,0.187807999128754,0.104918996363102,0.0359589802909641,0.0425589225589226,0.0161089091849044,0.198829330028739,0.0621335055011615,0.0515115822536317,0.0284013749098446,0.0346693291494318,0.0357510565486405,0.0199375450396349,0
GGAACTTCATAGGATA.2,0.0743912989741688,0.205757082011263,0.100896860986547,0.194791581584034,0.0927078358620183,0.0495728967388886,0.0301841948900772,0.0144132345338618,0.208097133967886,0.0728695895261613,0.0791257688784191,0.037062787116393,0.0639851661674511,0.0659815851661551,0.0947874129233726,0
AGATTGCCACTACAGT.5,0.085761957730812,0.0364748592173341,0.0403587443946188,0.0544801110838847,0.0236728995995739,0.059983538728478,0.0178094672212319,0.00315009477856281,0.216639860785193,0.0664598877802997,0.0466780089866073,0.0496228094684245,0.0556553986592498,0.0573919182608866,0.0231563776122988,0
TGCCAAATCCGAACGC.2,0.0397725868248671,0.17148329188463,0.0974192367529972,0.157831686133573,0.0989824032915764,0.0385393958268452,0.0267142008318479,0.0116077890746166,0.180135523505682,0.0402220432505108,0.0237490729834664,0.0639307087023476,0.0596301050729806,0.0598433072178696,0.0910401153014653,0
CGTTAGATCTTGTCAT.2,0.0827709801013472,0.216762427464769,0.137640706506818,0.208146151542378,0.0970647661731751,0.0355140810606398,0.0278550207961973,0.012869205583319,0.195704906794632,0.0649689498871813,0.0583344239410199,0.033859429113521,0.0422574050301907,0.0416638067128835,0.0529906317559452,0
GGATGTTTCACGATGT.2,0.11326164874552,0.253208701369237,0.117438455202709,0.135914400065343,0.0773667389148084,0.0387952128842817,0.0317924341453753,0.018569705324832,0.197214385530097,0.0706331826864837,0.0627753784408673,0.0341128387729774,0.02179432320639,0.0204445839012384,0,0
GCCAAATCACTTCTGC.2,0.0701149425287356,0.12377440471086,0.0820215978768189,0.121062375779357,0.0611292751919474,0.0385838857498777,0.0224282036046742,0.0110839221092538,0.149154955572547,0.0466916487510067,0.0368014657767308,0.0753536364286132,0.0459753720344221,0.0431542511987292,0.0260869565217391,0
GGCCGATAGGGCACTA.2,0.0495736002966259,0.144155732784495,0.0804200604008419,0.168613357292603,0.0893942176995702,0.0253258886862126,0.0215329768270945,0.0114837153196622,0.19968623935455,0.0619338263190474,0.0527941368930768,0.035860715654869,0.0580801597489659,0.0570585293627369,0.0459764592841701,0
CGTGTAAAGCGTTGCC.2,0.12948955629712,0.210816682388589,0.0948338976846344,0.0601840507500885,0.0423129201719261,0.0152377986386084,0.0343434343434343,0.0285162846803378,0.0964945816964168,0.0937160961388702,0.0672774069711643,0.0166990467898194,0.0321304616554937,0.0318778619966073,0,0
CGTGAGCTCCGCAAGC.2,0.157162279075516,0.231626790155218,0.114784478813947,0.103691905578698,0.0482054296315345,0.0445455354362237,0.0400713012477718,0.0188523177666724,0.131937669733963,0.0760578004672493,0.0460236443746456,0.0251980169069727,0.0505871725383921,0.0521655570045988,0.0723036271919289,0
GCTTCCAGTCAAGCGA.2,0.0833889506859473,0.15250264414144,0.111055184405601,0.151188434207302,0.0884096837000845,0.0321662143524492,0.0282669835611012,0.0151301051180424,0.174769952804071,0.0750394366384675,0.0573048902848667,0.0527611906355384,0.0373603385156659,0.0385260288479452,0.0161422051405237,0
TAGGCATAGTTCCACA.2,0.0694598937090594,0.150130063173541,0.0763704584973003,0.150793650793651,0.0956100069799052,0.0349802019842506,0.0352307387601505,0.0108013096674134,0.168316766419701,0.0556772119461399,0.0543558871002923,0.0773419276028096,0.0666096134645557,0.0686879185746644,0.0747537833293298,0
GCATACATCCCAACGG.2,0.0629959213941416,0.106880484806906,0.0447286537933559,0.166149364262572,0.0939201351897432,0.0448792098589669,0.0448722519310755,0.00590039634671722,0.186410736414691,0.0516503484401728,0.0478384155651529,0.043969824757474,0.0553891503827319,0.0513124736475687,0.107278404996397,0
CGACCTTGTTACGACT.2,0.0483994561858856,0.167538518709087,0.251578658369177,0.191047945764927,0.138312332390434,0.0362481647906749,0.0337967914438503,0.00745821127003274,0.145865742083476,0.0443820262112206,0.0325524582297256,0.140616370264001,0.0450339941995911,0.0427620289656119,0.0256065337496997,0
GGTGCGTAGAACAACT.2,0.136484983314794,0.234228053626047,0.0823190262652146,0.0838846687903292,0.0511443370926858,0.0547559727721671,0.0401980590215884,0.0326658624849216,0.18470350937327,0.0909205875892732,0.0589102647995463,0.0452173800040286,0.0445014976465554,0.0427130011864723,0.0195532068220034,0
CAAGGCCCATTGGGCC.2,0.0970584600173032,0.150558842866535,0.0939644916262469,0.161411963298756,0.0755666580948532,0.0421208346309561,0.0249871261635968,0.0193692917456488,0.196265193661508,0.0706930864411179,0.0609518823888671,0.0565558378438087,0.0594114011315552,0.0612651128129198,0.0535190968051886,0
ACACCCTCACGAAACG.2,0.0900383141762452,0.0684046536889346,0.0810377962844331,0.150671131803207,0.0731200176334448,0.0466365618187481,0.0142047930283224,0.0128623125969326,0.182159147836634,0.0526487443507431,0.0580988526807137,0.0509938207029194,0.0405838444349356,0.03755527882098,0.0291616622627913,0
CAACCTCGTACACCGC.2,0.0450006179705846,0.202755624160306,0.243204905280498,0.187385989272782,0.105580250541861,0.0322107042754816,0.0232045949693009,0.0036532827847665,0.203779629287842,0.0473971818611431,0.0501156044147799,0.056978187276236,0.0575952075310227,0.0593922516497848,0.0647129473937065,0
TACGGGCCATGCCTTC.2,0.0477814856012854,0.120172655289712,0.162693328452457,0.181110294317841,0.109430219315969,0.0158829025225786,0.0317132105367399,0.017942443563674,0.132616605584412,0.0454336699036881,0.0154342799808053,0.0455747526006978,0.05704369324395,0.0588235294117647,0.0494355032428537,0
AGCCTAAAGACTAGAT.2,0.0511926832282783,0.171426121258897,0.110757756017205,0.148629148629149,0.0868447154770214,0.0339791787160208,0.0561457714398891,0.0112562467689126,0.171665304400559,0.0572147416484182,0.036347772979104,0.0781541380497853,0.0809204583273903,0.0788856966357138,0.066682680759068,0
TCAGGATAGGCCCTTG.2,0.10043257940922,0.175885430066032,0.14793630456667,0.176672384219554,0.0894089122368759,0.0207211816523557,0.0322360863537334,0.0105807341030501,0.154797373902497,0.0625927676200238,0.0441477991536884,0.0424363714335839,0.0468596966671421,0.0483217791200494,0.0911842421330771,0
GCGACCACAGGGATTG.5,0.0459522926708689,0.00866134979847354,0.00258533906836277,0.152958152958153,0.0586312038499688,0.031532232949237,0.0244800950683304,0.00322591762881268,0.167097318532971,0.0480361552439081,0.0301792959036775,0.0576994301531504,0.0526315789473684,0.0542737515076042,0.0298822964208503,0
GAGCAGACATACGCTA.2,0.0615004325794092,0.0908441242889403,0.053125285988835,0.231642571265213,0.109393482972705,0.0346242825999911,0.0365458506634977,0.00647251421678442,0.166240409207161,0.047443773670303,0.0367316668847882,0.067621392973405,0.0519374316550183,0.0535579459321652,0.0601008887821283,0
TCGCGAGAGAGCTGGT.2,0.0791867507106662,0.209473172683875,0.142902901070742,0.100465572163685,0.0792549869585981,0.0410753214396939,0.0288928500693207,0.0116422540065483,0.227384185408812,0.0774755226602592,0.0563800549666274,0.0574395228101182,0.0354205296438929,0.0347606954100193,0.0236368003843382,0
CCGTGGAAGATACACA.2,0.0511679644048943,0.195437784066547,0.169168115676764,0.197827329902802,0.109797582748613,0.0326889709480803,0.0276648841354724,0.00359813889367568,0.192705724154296,0.0660139376069116,0.0452471317017842,0.0508443739806759,0.0572719060523939,0.0590588627516351,0.116982944991593,0
GTCACAATCAGTCAGT.2,0.105104437028797,0.19563788125661,0.120893200329459,0.170083585177925,0.0834502773593916,0.0269164034346221,0.0182610417904536,0.0196174392555575,0.178527170617238,0.0630653416843605,0.0635169916677573,0.0383428307808266,0.0259116626253982,0.026720139631115,0.0201777564256546,0
TCAGCAAGTGGTCTCG.5,0.060721789642813,0.0106909070119772,0.0128351789146152,0.153693266900814,0.0815473347782962,0.0647550829737065,0.0167003367003367,0.00503877304842323,0.199903762491101,0.0636510672852284,0.0329101775509314,0.0570561594791457,0.0619407597584748,0.0638733906631497,0.0239250540475619,0
GTACTCCCAGTGGGAT.5,0.0459893709059449,0.05434067975874,0.0368124828406699,0.210351493370361,0.101201278424746,0.0474151354718156,0.0254466230936819,0,0.140585862314446,0.0407944569059045,0.051694804344981,0.0822411810189667,0.0682261208576998,0.0703548630654129,0.0315157338457843,0
CTGAAGTAGTATGACA.2,0.0828698553948832,0.109767601406397,0.0485952228425002,0.263388603011245,0.0924653759964733,0.0447123726475953,0.0352465834818776,0.00960193003618818,0.216943074854325,0.0686297348926059,0.0743445447803516,0.0409678949454519,0.0683117006608663,0.0704431130678643,0.0949795820321883,0
CGTGTCTAGTATCGAA.2,0.164615004325794,0.0787811222593831,0.0465818614441292,0.0466388956954995,0.0171191359612064,0.0289295724518397,0.0183798772034066,0.038373255212821,0.210371239486382,0.0802444073189076,0.0622780613357763,0.0424948505857662,0.0433319070032806,0.0446839179078866,0.0245015613740091,0
TTAACTCGTTTCCACC.2,0.119663824001978,0.247091444415859,0.156515969616546,0.13577826785374,0.0958818559200617,0.0456689059927926,0.0248524460289166,0.0238290539376185,0.225920847944736,0.0946612442675435,0.0732713868167343,0.050538982852613,0.0452717158750535,0.0466842512967848,0.0548642805668989,0
ACTGTCCAGCCCAACC.2,0.0616981831664813,0.266329359974845,0.213141758945731,0.145974570502872,0.103207082766981,0.0360702050985452,0.0431134878193702,0.00829226262278132,0.18208664012445,0.050971439220985,0.0534746760895171,0.0436709313129869,0.0306470784006086,0.0316033064334252,0.0575546480903195,0
TACGGATCATCACCCT.2,0.0946854529724385,0.195209101563617,0.122105792989842,0.0562770562770563,0.030968737371882,0.0356920407527695,0.0581897405426817,0.0157573668792004,0.145061565639254,0.0506985443387624,0.0615713475548576,0.030058284221675,0.0414871868016926,0.0418108900503025,0.0093682440547682,0
ACGATACGTAAACACA.2,0.074848597206773,0.211817168338907,0.126338427747781,0.136812872661929,0.0964475956063333,0.0435333896872358,0.02938403644286,0.0140341202826124,0.217028765786906,0.0763706311858947,0.0754089778824761,0.0460425858181558,0.0358674463937622,0.0369865565829599,0.0713427816478501,0
CGAGCACCATCACGTA.2,0.130527746879249,0.189434868364634,0.110849272444404,0.138650657518582,0.0764556776018515,0.0283956933754505,0.0472172707466825,0.0170877132517663,0.135444406359586,0.0792260434901259,0.0324477598918117,0.024385806459997,0.0364189606808349,0.03755527882098,0.0636079750180158,0
ATGAGGGGTACCGTAT.2,0.0993202323569398,0.214447017122602,0.125125835087398,0.111151950774592,0.0850372873884134,0.0233794545535436,0.0591800356506239,0.0238566258831639,0.16204814512089,0.0662868324891341,0.0543297125158138,0.0481478352967167,0.0568725336376171,0.0586470294068619,0.070622147489791,0
TCTATTGGTCAAAGAT.5,0.0795575330614263,0.011005345453506,0.0214834812848906,0.0638460072422337,0.031997354983285,0.061729768207501,0.0226975638740345,0.00362571083922109,0.216639860785193,0.0499197955285175,0.0438511538629324,0.0383038446793718,0.046973803071364,0.0484394457899846,0,0
TGGCTGGAGCCATCGC.2,0.0687677666543073,0.196724123145528,0.178800219639425,0.178088159220235,0.102604606737445,0.0429661431685723,0.0306040800158447,0.0116698259520937,0.162179977324861,0.0723703915708761,0.0516860794834882,0.0340998434058258,0.0332334902296391,0.0298775286077091,0.00494835455200577,0
CTGATAGGTCCTCTTG.2,0.0596218020022247,0.157276391390104,0.0812437082456301,0.0880639276865692,0.0669336174277212,0.0149152466966232,0.0425430778371955,0.0119593313803205,0.171447781264007,0.059610891833787,0.0474196222134974,0.0529561211428126,0.0424190557695051,0.0437425845484051,0.0183041076147009,0
TTGACTTTCCACGTTC.5,0.0505870720553702,0.0500528828288026,0.0679738263018212,0.243486073674753,0.122515704786746,0.0894803576989812,0.0267775797187562,0.000923660175771153,0.177788910275002,0.0399158685046026,0.0394974479780133,0.0484272356904763,0.0713925735748586,0.0736201131561142,0.0423732884938746,0
AGCCTAATCACGACTA.2,0.103089852923001,0.222107880970757,0.126292669534181,0.126766315445561,0.0931119356379266,0.03451305779241,0.0454743513567043,0.0207961399276236,0.189957022701506,0.0717979779154825,0.0508223181956986,0.0810261141902912,0.071516188846099,0.0737475853818774,0.0529906317559452,0
GGCGTGTGTGCAACGA.2,0.148028673835125,0.201212017265529,0.0914935480918825,0.102847885866754,0.0704750009184086,0.0402967477866263,0.0342721330956625,0.0356091676718939,0.181111081815066,0.0704534714225811,0.0741700475504951,0.0336060194540646,0.0502163267246708,0.0517831403273095,0.0543838577948595,0
AGCTTGATCTTGACGA.2,0.0491533802990978,0.0738072778206557,0.0436762148805711,0.182594135424324,0.0857867087910069,0.0438448191484629,0.0263973063973064,0.0065759090125797,0.209197932871042,0.0556039962460314,0.0553330715874885,0.0627286372408236,0.0499881139162269,0.0515478069874391,0.0182080230602931,0
GCCTCTATCATGCTCC.2,0.107563959955506,0.186118972072149,0.078955797565663,0.0959051430749544,0.0704896954557143,0.041698180362148,0.0256050703109527,0.0205273134585559,0.177485696205869,0.0919988551726892,0.0662216987305327,0.0487846082871456,0.0610849617268103,0.0624319739564437,0.0806629834254144,0
TCAGATGTCATAACCG.5,0.0910394265232975,0.29951690821256,0.135032488331656,0.0979062865855319,0.0671393409500018,0.0422543044000534,0.0467894632600515,0.0136205410994313,0.194544783399689,0.083059883786716,0.0658378048248484,0.0490705063644811,0.0430656587267627,0.0444093623447045,0.0225318280086476,0
CGAGCCAAGTAAGTAC.2,0.132962550982573,0.0703198696509733,0.0441795552301638,0.0444880067521577,0.0224679475405018,0.0228122080348801,0.0372034066151713,0.0335688437015337,0.101477839006513,0.0716382345697912,0.0407974523404441,0.0487586175528424,0.0590310464508154,0.0587941127442809,0.0153254864280567,0
ATGGGAGTCTCGAGTA.2,0.156124088493388,0.140982763056342,0.0357142857142857,0.0710337880149201,0.045215091289813,0.0380833741157628,0.02356110120816,0.0291297604687231,0.187465394046458,0.0868404763014091,0.0814029577280461,0.0294410042819735,0.0417914705462844,0.0430954178637616,0.0615421570982465,0
TCTCTAAAGTCCAGGA.2,0.0910517859349895,0.210302146756996,0.0760501510021049,0.102643687549348,0.0666764630248705,0.0214330204208747,0.0423450188156071,0.0266138204377046,0.179496137316424,0.0515371969036415,0.0399075164681761,0.0478814302701087,0.0625968715827509,0.0645499740152771,0.0907518616382417,0
TCAGATGCAACACGCC.5,0.0654430849091583,0.0201240602578395,0.0128580580214148,0.0416292303084756,0.0122919804562654,0.04827156649019,0.00758169934640523,0.00793382733069102,0.197267118411686,0.0604562003714033,0.0425249749160232,0.033092702451576,0.0404697380307136,0.041732445603679,0.00398750900792698,0
GCATGATTCGGCGCTA.2,0.0768755407242615,0.0781808306891919,0.046947927152924,0.0789839091725884,0.0821277690018736,0.0419206299773101,0.0119706872648049,0.0095123212131656,0.167295066838927,0.0575608522307493,0.0559699864764647,0.0881475753893737,0.0634431607473969,0.065422668483963,0.0675474417487389,0
TTAACTCAGTCTCCTC.2,0.0648498331479422,0.218849155304005,0.161366340258076,0.158621252960876,0.0975790749788766,0.0325777461404992,0.0344543473955239,0.0127933827330691,0.211940042713634,0.0702671041859413,0.0692666753915282,0.0508768623985549,0.0585936385679646,0.0589411960816999,0.0681719913523901,0
GCGACCAAGCCATCGC.2,0.0710048201705599,0.147500214389847,0.100896860986547,0.143537803915162,0.0828771904044671,0.0218556746896828,0.0451099227569816,0.00628640358435292,0.160103620112321,0.0569019109297728,0.0416088644592767,0.0761073677234066,0.0524984548091095,0.0541364737260132,0.0258467451357194,0
CATCGAAAGCCCAGCT.2,0.148757879124954,0.113512277391876,0.021391964857692,0.0806447221541561,0.0370228867418537,0.0514081060639765,0.0410932857991682,0.0200999483026021,0.122696232235611,0.0538068836070047,0.0282511015137635,0.0248276489431518,0.0287548138639281,0.0296520008236667,0,0
TCGTACCAGAGACTAT.2,0.0907428006426894,0.126318497555956,0.0774228974100851,0.147567317378638,0.0651114948018074,0.0429216532455399,0.0409348385818974,0.015102533172497,0.128173860310597,0.0758780892033466,0.0431880643894778,0.0612731561198433,0.049721865639709,0.051273251424257,0.0260389142445352,0.0166226279125631
CCGTACTCACCCTATC.2,0.124409838091707,0.106680387616842,0.0938272169854489,0.0423915706934575,0.0316079497446824,0.017662499443876,0.0369419687066746,0.00242633120799586,0.140684736467424,0.0412803429157154,0.0442437726301095,0.0588365247789163,0.0305234631293681,0.0293088063696891,0.0115781888061494,0
GCATACAGTAGCAAAT.2,0.162106043752317,0.193379641540177,0.0783151825752723,0.0367556971330556,0.0351272914294111,0.0475819726831873,0.0237433155080214,0.0199069446837843,0.184644184881483,0.0891966906503551,0.0695109715133272,0.0306430757434974,0.0247991251842343,0.0255728895992469,0,0
GTTCTCGTCATGGTCA.2,0.0666295884315907,0.172026412829088,0.103871144870504,0.125990361839418,0.085603027074685,0.0291520220670018,0.0291463656169539,0.0130759951749095,0.193905397210431,0.0542461778076557,0.0481874100248659,0.0819227945237523,0.0726667617553368,0.0749340576370572,0.0736007686764353,0
CATCAGATCCACTGGG.2,0.0701520207638116,0.171054512191636,0.144984899789512,0.164624683492608,0.0924874178024319,0.032967032967033,0.057722321251733,0.0145442012752025,0.195461017217286,0.0648957341870728,0.0426383981154299,0.0422089525084307,0.0538772405267912,0.0530970848082524,0.0506846024501561,0
GGGCATCTCATAACCG.2,0.0914967247559016,0.103335906011491,0.0658689484762515,0.0873424269650685,0.0668160611292752,0.0239022111491747,0.038629431570608,0.0240427365155954,0.157262636116751,0.0660938092797572,0.0384417397373817,0.0521828967972918,0.0366186468882233,0.0377611954933665,0.0903194811434062,0
ATAGACCTCTTGCCGT.2,0.0781362007168459,0.20341308635623,0.118330740367896,0.180089302730812,0.105014510855589,0.0336343818125195,0.0482630223806694,0.0180113734275375,0.149154955572547,0.0665663833440938,0.0429001439602146,0.0499476936472148,0.0592592592592593,0.0574409460400263,0.101561374009128,0
CATCCACGTTGACGTT.2,0.0661970090223705,0.0959894806048652,0.0595085567859431,0.171526586620926,0.100422467947541,0.0602059883436402,0.031404238463062,0.00962260899534723,0.217859308671922,0.0670589253266419,0.0546001832220913,0.0822736694368458,0.0711738696334332,0.0695115852642107,0.0942109055969253,0
AAAGATGCATTTGCCC.5,0.0518971696947225,0.0276991681673956,0.0634437631554864,0.184064363309646,0.0921347489070938,0.0633314054366686,0.0218736383442266,0.007306565569533,0.191413768555383,0.0600768099253865,0.0733062862627056,0.0616045379822093,0.0550183045690106,0.0567349460204152,0.0552966610617343,0
TCTCTAACACTTAAGC.5,0.0591892225930046,0.0722636709258783,0.0717717580305665,0.203177325818835,0.0735094228720473,0.0477265649330427,0.0146880570409982,0.00607961399276236,0.210608537453529,0.0809632523745183,0.0593552327356803,0.0569846849598118,0.0573099415204678,0.0590980849749468,0.0353110737448955,0
ACTGTCCGTACGCACC.2,0.159510567296997,0.283594888946059,0.114212501143955,0.0836804704729233,0.0648396458616509,0.0361369399830938,0.0387244999009705,0.0212372910563502,0.165726263611675,0.0802044714824848,0.0664921694368102,0.0224300037036796,0.0347834355536538,0.0358687232185756,0.0188806149411482,0
CCTACACAGCAAATCA.2,0.0817575083426029,0.245805105336878,0.134780818156859,0.138106128672166,0.0863083648653613,0.0303087600658451,0.0574767280649634,0.0343960020678959,0.182732617923906,0.0413535586158239,0.0263578065698207,0.0271668150304416,0.0520230114581848,0.0536461959346166,0.0487148690847946,0
GGTATTGAGCAAATCA.2,0.189284390063033,0.171368950633165,0.0586162716207559,0.0986141740858722,0.0446346570662356,0.0273279352226721,0.0258823529411765,0.0208306048595554,0.168046510401561,0.0811762435021066,0.0598002006718143,0.0490185248958746,0.0399467503446964,0.0371336399203789,0.0378573144367043,0
CTCATTATCCGATATG.2,0.15163762204919,0.0956750421633365,0.0708794728653793,0.120871790683111,0.051673340435693,0.0625639542643591,0.0184036442859972,0.0203687747716698,0.159932238247159,0.0740210728096858,0.0652881385508005,0.0312473603160473,0.0283078971140589,0.0291911396997539,0.0280086476098967,0
GAATAAGAGTATGACA.2,0.104152762328513,0.298773690078038,0.140431957536378,0.17235699311171,0.0883288637449028,0.0489834052587089,0.0410774410774411,0.0250353265552301,0.222328420386532,0.075898057121558,0.0588491907690965,0.0322609989538729,0.069766557314696,0.0719433631095379,0.0942109055969253,0
CATCGGGCATCTCCCA.2,0.102224694104561,0.200811822885401,0.106296330191269,0.10689101255139,0.074251497005988,0.0100436001245718,0.0284491978609626,0.0178941926589695,0.11863580035331,0.0822145752490998,0.0784539545434716,0.0476994951299862,0.0507773498787619,0.0523616681211574,0.0303627191928897,0
CTTCTCTAGCCACCTG.2,0.0961562229637869,0.153160106337364,0.107829230346847,0.135533229872853,0.0809301642114544,0.0272945677803977,0.0266904337492573,0.00727899362398759,0.181407704274,0.0617940508915675,0.0582384504645989,0.0410523648319374,0.0439975276945752,0.0453703068158419,0.0997838097525823,0
CCCAATCAGAGGTACC.2,0.0861698183166481,0.194523054054827,0.154800036606571,0.128005118571156,0.0896881084456853,0.0431329803799439,0.0540938799762329,0.0179562295364467,0.224530018192844,0.0792060755719145,0.0590062382759674,0.0497657585070922,0.0403841582275472,0.0416441956012277,0.0453038674033149,0
GCAGTTAAGGTGCTAG.2,0.0735384995674206,0.141097104307807,0.0673332113114304,0.163168068828446,0.0799676720179273,0.0416203229968412,0.0260645672410378,0.0132207478890229,0.208446489308408,0.0569950945480927,0.0524974916023208,0.0292330784075477,0.027081253268673,0.0279262229979506,0.0335815517655537,0
GCTGCTTCAGTGACAG.2,0.132492893338277,0.132407169196467,0.0638555870778805,0.0595442293555501,0.0305058594467507,0.0318659073719802,0.0244800950683304,0.0216301912803722,0.187715875234002,0.051364141612476,0.0468088819089997,0.045301849890514,0.0372177055103884,0.0343096398419344,0.0416046120586116,0.0235407158299303
CTACATTTCTGTCTAT.2,0.0574712643678161,0.200182946002344,0.299441749794088,0.216191565248169,0.134807685243011,0.0320549895448681,0.0228401663695781,0.0105945200758229,0.164579323437129,0.0435833094827644,0.0242725646730358,0.0550808636721009,0.0390434079779394,0.0402616122294892,0.067499399471535,0
GACACGCTCCACGACG.2,0.17859349894945,0.118200268701941,0.0646792349226686,0.148819733725394,0.048536056720914,0.0508519820260711,0.0363636363636364,0.0320386007237636,0.124601207582988,0.076237511731152,0.054617632945077,0.0380049512348848,0.0206817857652261,0.0182775560632654,0,0
CTGTTTACATTTGCTT.2,0.0352366827339019,0.0989337678300889,0.0702617369817882,0.353630646083476,0.142235773851071,0.0473817680295413,0.040324816795405,0.00464587282440117,0.169417565322857,0.0278485899321756,0.0304323168869694,0.0222935523485877,0.044415917843389,0.0444093623447045,0.041268316118184,0
ATGGGAGCACGTAAGG.2,0.0629341243356816,0.173598605036732,0.211952045392148,0.118353344768439,0.102832372065685,0.0400520532099479,0.0206377500495148,0.0114699293468895,0.195329185013315,0.0599303785251696,0.0509444662565982,0.0411433324019987,0.0381400656111824,0.0393300844258357,0.00869565217391304,0
GATCTAGTCCAAGTAC.2,0.0588678778890125,0.149787039419146,0.201633568225496,0.170369462822293,0.115432937805371,0.035947857810206,0.0241790453555159,0.00505255902119593,0.152213462704669,0.0631052775207833,0.0417310125201762,0.135710619164268,0.0466505015927352,0.0481060568918349,0.0421811193850588,0
GGCTCGAGTCTTTCAT.2,0.0697318007662835,0.20387045136209,0.164043195753638,0.133858803670124,0.0986958598141141,0.0400965431329804,0.0197583679936621,0.00405307599517491,0.230185619743191,0.0656278911881577,0.0513807093312394,0.0479853932073216,0.0475633528265107,0.0490473902513164,0.00917607494595244,0
CCCTCCTTCCCTAACC.2,0.0419725621060438,0.0936168996369665,0.0406561727830146,0.243649432328678,0.124749274457221,0.0240023134759977,0.025256486432957,0.00287437532310874,0.160657315368998,0.0489213996179472,0.0461545172970379,0.084599840156984,0.0703275804687871,0.0716491964346999,0.109920730242613,0
ACGATACTCAACGGGA.2,0.0401310097639352,0.232427178915473,0.19028553125286,0.196057611151951,0.0936115499063223,0.0256373181474396,0.0326797385620915,0.00633465448905738,0.160228860706093,0.0482491463714965,0.0270296209047681,0.0472966387482862,0.0337659867826748,0.0312306953119638,0.0321883257266394,0.00350708623588758
CAGAGAGGTAAGAGGA.2,0.109356074650847,0.129720149787039,0.0442024343369635,0.175215769555392,0.0765511920943389,0.0323219290830627,0.0255337690631808,0.0230846114078925,0.131924486513566,0.0748331014836163,0.0667364655586093,0.0312213695817441,0.0388056863024771,0.0400164733337909,0.0410761470093682,0
TCAGGATGTTATCGGT.2,0.0466073414905451,0.169396564045393,0.111672920289192,0.101050940673582,0.0641416553396275,0.0284290608177248,0.0408952267775797,0.00970532483198346,0.198664539773776,0.0517901238676526,0.0497578850935741,0.0362375813022657,0.0373508296486474,0.0385162232921173,0.071438866202258,0
ACGGAGACATGTCGAT.2,0.0916079594611297,0.151616499442586,0.0967786217626064,0.0936045086988483,0.0718122038132324,0.0414089958624372,0.0197346009110715,0.010773737721868,0.18109130698447,0.0635645396396456,0.0491558696505693,0.0496617955698793,0.0547805828935482,0.0564898071247169,0.0818159980783089,0
CATATTCCAGCCTATA.2,0.0739587195649487,0.214361261184004,0.187059577194106,0.161411963298756,0.104132838617244,0.0369155136361614,0.0261517132105367,0.0124556264001379,0.197425317056451,0.0689159417203027,0.0583867731099769,0.091272961189336,0.0634621784814339,0.0654422795956189,0.0560653374969974,0
CGAGCACGTGTTTGGT.2,0.0781979977753059,0.140239544921819,0.0648165095634666,0.152141359688529,0.0803644245251828,0.0449570672242737,0.0275302040007922,0.004583835946924,0.251502887125267,0.0780612482611271,0.0560659599528857,0.0605519132429289,0.0522417153996101,0.053871723718659,0.0615421570982465,0
AACTTTCCACTAGTAC.2,0.101446051167964,0.13992510648029,0.121785485494646,0.218723624384002,0.107674222107931,0.0452684966855007,0.0380669439492969,0.019314147854558,0.157822922983626,0.0626060795654981,0.0390786546263578,0.0383233377300992,0.0591926971901298,0.0610395850288774,0.088878212827288,0
GGACGTCAGGCCATAG.5,0.0554937584970955,0,0,0.127378910397778,0.0561625215826017,0.0433220625528318,0.0253832442067736,0.00743753231087369,0.170584280327999,0.0458197163224419,0.0455961261614972,0.0839565694829793,0.0660676080445015,0.0681290018924723,0.0514052366082152,0
ACATCAGCACTTGGAT.2,0.0670127301940428,0.162421747706029,0.236547085201794,0.165414250319911,0.107321553212593,0.0156270854651421,0.0190295107942167,0.0120696191625022,0.16421678487621,0.0495071252188151,0.0335470924399075,0.064950845023749,0.0304283744591832,0.0300050008334722,0.0411722315637761,0
CGAGCCACAAGGCTCC.2,0.0692250648869114,0.175628162250236,0.138578749885604,0.179544773884397,0.0978068403071158,0.0325110112559505,0.0231174489998019,0.00605204204721696,0.188216837609091,0.0726832222895215,0.0642586048946473,0.047738481231441,0.0543051395426235,0.0541756959493249,0.0930578909440307,0
GTGCGGTGTGGACGAT.5,0.100766283524904,0.0784952691307206,0.0810377962844331,0.115480955103597,0.0445611843797068,0.0524091293322063,0.0101168548227372,0.00847837325521282,0.179298389010467,0.0625794556745496,0.0501417789992584,0.0353538963359562,0.0467931345980126,0.0447819734661659,0.00192169108815758,0
CCGGTAGGTGTAATGA.2,0.0887652947719689,0.0795243403939056,0.0506543424544706,0.113016962073566,0.0668601447411925,0.0485162610668684,0.0150287185581303,0.0128485266241599,0.160275001977483,0.0613880365546023,0.0394538236705492,0.0480308769923522,0.0522036799315362,0.0538325014953473,0.0351669469132837,0
GGATGTTTCTTGTTTG.2,0.0665430725497466,0.210845267701455,0.18264390958177,0.191987258024994,0.0921788325190111,0.0360034702139965,0.0344939591998416,0.0122005859038428,0.208545363461386,0.0601633375709693,0.0527941368930768,0.0433265540834692,0.0418770503494509,0.043183667866213,0.0327167907758828,0
CGGAGCTAGAGTTGGC.2,0.0824867136324311,0.0916730983620616,0.0522787590372472,0.0785074464319747,0.0417692222916131,0.0413756284201628,0.00771637948108536,0.0143029467516802,0.220766208769478,0.0610618938904826,0.0560397853684073,0.0443921741899013,0.0438834212903533,0.0452526401459067,0.0200336295940428,0
TAGAGCTAGCCCAATT.2,0.0354838709677419,0.153360203527428,0.0748375583417223,0.148860573388875,0.0997979501120458,0.0444676780709169,0.0283620518914637,0.00891952438393934,0.160189311044902,0.0644497840136847,0.0396806700693626,0.0758734511146776,0.0563875814196738,0.0581469460596374,0.0901273120345904,0
GGACGTCCATCTCCCA.2,0.0721048078111482,0.232627276105537,0.17914340624142,0.16296387051104,0.125726461188053,0.0198091382301909,0.0541731035848683,0.0148199207306566,0.170960002109315,0.0705466550409009,0.0553330715874885,0.0588235294117647,0.0459563543003851,0.0448310012453056,0.00677396108575546,0
TTTATGCAGTGCAAGC.2,0.0658138672599184,0.205614155446931,0.156287178548549,0.188175556100084,0.0953528525770545,0.0440227788405926,0.0455218855218855,0.0117387558159573,0.169529622696232,0.0630786536298347,0.0558914627230293,0.0300777772724024,0.0598297912803689,0.0616965572693488,0.0993033869805429,0
CCGTACTGTCACAAGG.5,0.0514522308738104,0.0808392647857531,0.067012903816235,0.20997032317787,0.110135557106646,0.0460804377808426,0.01941770647653,0,0.205361615735492,0.0647759266778043,0.0764472364001221,0.0302662100961007,0.0499881139162269,0.0515478069874391,0.0453038674033149,0
GTTAAGCTCGTCCGTT.2,0.067976764306019,0.222479490038018,0.175139562551478,0.120422554384819,0.075581352632159,0.0366152066556925,0.0426856803327392,0.0166327761502671,0.226164737522082,0.050485553211174,0.0664136456833748,0.0448859981416625,0.0451290828697761,0.0465371679593658,0.0343982704780207,0
CCTACCACATAAGACA.2,0.092893338277098,0.119143584026527,0.116386016289924,0.122600669770481,0.0726718342456192,0.0446122703207723,0.021334917805506,0.0232431500947786,0.212691486276268,0.0754920427845928,0.0516511800375169,0.0655551295962989,0.0559787001378786,0.0552837237578812,0.0251741532548643,0
TAAGTGCGTGTTAAGA.2,0.0943517488567544,0.24563359345968,0.194495286903999,0.1643524190694,0.102994011976048,0.0282622236063532,0.0509566250742721,0.0203963467172152,0.164882537506262,0.079625401854354,0.0426383981154299,0.037498131915972,0.0374649360528693,0.0386338899620525,0.0585635359116022,0
ATCCGAAAGTCAATAG.2,0.0685329378321592,0.131378097933282,0.0614075226503157,0.21899588880721,0.0860438631938577,0.0442452284557548,0.0502277678748267,0.00792004135791832,0.15361088406676,0.0653084044967752,0.047288749291105,0.0421244826219453,0.0409832168497124,0.0422619456183874,0.0361758347345664,0
CACAGGCCACTCTGTC.2,0.0453466814979607,0.0644884658262585,0.074860437448522,0.223855808761469,0.123639836890636,0.0458579881656805,0.00819964349376114,0.00290194726865414,0.130428190998497,0.0394765743039516,0.0290276141866248,0.0732678800007797,0.0610374173917178,0.0629418628594962,0.0149891904876291,0
ACACCGGGTTGATTGC.2,0.0667779013718947,0.244089986564903,0.182369360300174,0.156061967382722,0.093207450130414,0.0374493927125506,0.0241235888294712,0.0171773220747889,0.21746381206001,0.0583063211773085,0.0645901496313746,0.054177685655064,0.0499405695811344,0.0514987792082994,0.0903675234206101,0
ATAGACCGTCACACGC.5,0.0646644419725621,0.19037818368922,0.0983572801317837,0.213713958996978,0.0945005694133206,0.047248298260444,0.035119825708061,0.00754092710666896,0.182047090463258,0.0549184310541064,0.0523840684029141,0.0648013983015055,0.0518328341178149,0.0527735014659306,0.080182560653375,0
TGAAAGAGTCCAGTAT.2,0.135113088616982,0.114055398336335,0.0502196394252768,0.0878733425903237,0.0471841592887844,0.0265271166080883,0.0146880570409982,0.0215199034981906,0.157776781712237,0.0654881157606778,0.0717707106399686,0.0493369113910891,0.0365520848190938,0.037692556602571,0.0233485467211146,0
GGCTGGTTCAAGGTAA.2,0.085724879495736,0.218877740616871,0.131211677496111,0.129842903427809,0.110532309613901,0.0343462205810384,0.0383204594969301,0.0198518007926934,0.168712263031613,0.069175524657051,0.0473149238755835,0.0768481036510484,0.0671516188846099,0.0692468352568565,0.0446312755224598,0
CTTAGGAAGATCACGG.2,0.060771227289581,0.136037503930481,0.0628946645922943,0.19671104576765,0.108688145182029,0.0289184499710816,0.0458704693998812,0.00630708254351198,0.171935560418699,0.0612083252906996,0.0399336910526545,0.0710586675850059,0.0550563400370846,0.0567741682437269,0.0699975978861398,0
CTCTACGTCACTTACT.5,0.0692003460635274,0.237915558985793,0.118994234465086,0.161439189741077,0.0880349729987877,0.0569471014815144,0.0361655773420479,0.00827158366362226,0.217885675112717,0.0730892366264868,0.0772324739344763,0.0394019532036829,0.0520135025911663,0.050841806967828,0.0584674513571943,0
TCTTTCCTCCCTGACT.2,0.0844147818563836,0.134894091415831,0.0672874530978311,0.0947616324974816,0.0480217479152125,0.0362259198291587,0.0374806892453951,0.0214647596070998,0.20974503651752,0.0532145020333997,0.0569558958251538,0.0457112039557898,0.0467075547948462,0.0481648902268025,0.0439106413644007,0
GCAATCATCGATGAGG.2,0.107304412309974,0.0836692107595118,0.0265855221012172,0.0652345558005935,0.0268910032695346,0.0340236686390533,0.0121132897603486,0.0224918145786662,0.207147942099296,0.0644697519318961,0.0478994895956027,0.037595597169609,0.0175818951171968,0.0159144171087338,0.0143646408839779,0
AGGGAGTTCCGCAGTG.2,0.161154369052033,0.138810279278507,0.0906470211402947,0.125037436358191,0.0611366224606003,0.0524536192552387,0.0170013864131511,0.013241426848182,0.218617343844754,0.0839251602425437,0.071552589102648,0.0429107023346177,0.0381971188132934,0.0350156398615456,0.00619745375930819,0
CTACATTAGCCGTCGT.5,0.0650846619700902,0.032101306348798,0.02569323693603,0.194192599852977,0.0577421843429705,0.0454464563776305,0.00811249752426223,0.0135102533172497,0.15622775331558,0.0455002296310594,0.0436766566330759,0.0581867564213358,0.0463367089811249,0.0477824735495132,0,0
TGGCTGGAGACTGTAA.2,0.164862192559634,0.177143183832147,0.094376315548641,0.0954695199978219,0.0595643069688843,0.076934199403835,0.0204872251931075,0.0241116663794589,0.151501568803227,0.0857289288543074,0.0867949221306112,0.0440218062260804,0.0359530261969286,0.0370748065854113,0.0342541436464088,0.00744655296661062
AACTCTTAGTGACTCT.2,0.0852428624397479,0.137352428322328,0.0432186327445776,0.179748972201802,0.107358289555858,0.0608844596698848,0.0239096850861557,0.0189557125624677,0.173787802884489,0.0722505840616077,0.0563800549666274,0.0608638020545675,0.0509960538201873,0.0525871959051999,0.0314196492913764,0
TACTCATTCTGAAAGA.5,0.0724137931034483,0.0388188548723666,0.0304978493639608,0.2109913147649,0.0900995554902465,0.0491168750278062,0.0107268766092296,0.00716870584180596,0.224101563529939,0.0841314953973949,0.079527112507089,0.0421439756726727,0.0464698331193838,0.0455075845974329,0,0
ACGGGCTCAACGATCT.2,0.125200840439995,0.118686219020667,0.0755925688661115,0.134117454872172,0.0927960030858528,0.0446233928015305,0.0234184987126164,0.0203825607444425,0.177248398238722,0.0516037566310128,0.0506914452733063,0.0442232344169304,0.0525935434792944,0.0483511957875332,0.0528465049243334,0
ACACCAACATATACCG.2,0.116994191076505,0.0798673641483006,0.0465361032305299,0.0939720656701789,0.0403805885162191,0.0384392935000222,0.0279342444048326,0.0127933827330691,0.125919529622696,0.0569152228752471,0.0307464119007111,0.0683621289010468,0.0515570769742785,0.0531657236990479,0.0319000720634158,0
TGCGGGTGTATGAAAC.2,0.120022246941046,0.16302203927622,0.0923858332570696,0.168463611859838,0.0958598141141031,0.0358255105218668,0.0192909487027134,0.00985007754609685,0.175910301368418,0.0784672625980924,0.0737861536448109,0.04103287178121,0.0465363951885133,0.0455860290440564,0.0319961566178237,0
GGATGTTTCATCTGTT.2,0.138684958595971,0.101963810993911,0.0607897867667246,0.0425413161262218,0.0251056169868851,0.0388174578457979,0.0136264606852842,0.015102533172497,0.145463653861365,0.0637708747944968,0.06392706015792,0.0518580126185015,0.0368468596966671,0.0379965288332369,0.030939226519337,0
TGACTAGAGACTTTCG.2,0.10851563465579,0.141926078380928,0.0745401299533266,0.160241226278962,0.102266632379413,0.0443564532633359,0.0356902356902357,0.0145855591935206,0.231734648139848,0.076829893304757,0.0666143174977097,0.0622283156054866,0.0592782769932962,0.0611278350313288,0.0991112178717271,0
CGAGCACGTTCCCGAG.2,0.082054134223211,0.171540462510362,0.164935480918825,0.110675488033979,0.0915028838029463,0.0338345864661654,0.00873836403248168,0.0211476822333276,0.1899833891423,0.0538135395797419,0.0508746673646556,0.0745024398801827,0.0402415252222698,0.0414971122638087,0.0358395387941388,0
TGACTAGTCAGGCCCA.2,0.0923989618094179,0.125575279421433,0.0509517708428663,0.161670614500803,0.0781602439293193,0.0482381990479156,0.0447375717963953,0.0174323625710839,0.189508793208005,0.073588434581772,0.0550102517122541,0.0336385078719437,0.0553320971806209,0.0570585293627369,0.0765793898630795,0
CGTCACTTCAGCTCGG.2,0.0650599431467062,0.206671812022983,0.182941337970166,0.150181055841433,0.093692369861504,0.0500956533345197,0.0401901366607249,0.0160261933482681,0.191525825928758,0.0545789764445125,0.0581599267111635,0.0658800137750892,0.0599438976845909,0.0569212515811459,0.0377131876050925,0
AACCATGAGCTGGAAC.2,0.0942157953281424,0.215447503072921,0.158277660840121,0.126507664243513,0.109804930017266,0.0178627040975219,0.0464250346603288,0.016081337239359,0.159484008753658,0.059118349851239,0.0376128778955634,0.0710001884328237,0.0566538296961917,0.0584215016228195,0.0606293538313716,0
GGGATGAAGTTGAGAT.2,0.0843653442096156,0.226681531029357,0.103093255239315,0.120068610634648,0.0597553359538592,0.052075454909463,0.0252010299069123,0.0197277270377391,0.191703799404118,0.0752324598478445,0.0479256641800811,0.0205911592517268,0.047953216374269,0.045644862379024,0.0232524621667067,0
CTTAGGAAGGTCGGAT.2,0.0903349400568533,0.196838464396993,0.160725725267686,0.12952979934112,0.0827449395687153,0.0345797926769587,0.0374806892453951,0.0156884370153369,0.168336541250297,0.0507384801751852,0.034515552065611,0.0554057478508912,0.0490942804164884,0.0506260847396135,0.0437665145327889,0
AGATCTGAGTCGATAA.2,0.0732789519218885,0.052854243489695,0.0334492541411183,0.0815568079719023,0.0376988354579185,0.0599612937669618,0.0109962368785898,0.0100913320696192,0.206660162944604,0.0661803369253399,0.0397417440998124,0.032891274260726,0.0373603385156659,0.0385260288479452,0.0291136199855873,0
TCAACGACACGAAAGC.2,0.133345692745025,0.229397135751651,0.161366340258076,0.171540199842087,0.0927078358620183,0.0271833429728167,0.0410457516339869,0.0106427709805273,0.164065177841643,0.0779214728336473,0.0568424726257471,0.0515461238068629,0.0577473494033186,0.0550091681946991,0.125582512611098,0
CACACTCGTTCTGGTA.2,0.0974539611914473,0.16690964182603,0.0651596961654617,0.107530833945928,0.075221336468168,0.0357810205988344,0.0264052287581699,0.00862312596932621,0.165179159965196,0.0851831390898623,0.0457967979758321,0.0351069843600756,0.049854989777968,0.051410529205848,0.0599567619505165,0
TTCGGTCGTAGGAGTC.2,0.0734396242738846,0.163765257410742,0.0601949299899332,0.141523047183425,0.0666397266816061,0.0472260532989278,0.026096256684492,0.0144614854385663,0.225241912094286,0.0792792912720229,0.054120315839986,0.0366534330511173,0.0489421385441925,0.048674779129855,0.0440067259188086,0
CGCGTTTTCAAGCCTA.2,0.0524780620442467,0.197324414715719,0.153770476800586,0.123676114242152,0.0790051798244003,0.0239911909952396,0.0304139433551198,0.0074926762019645,0.197853771719356,0.053673764152262,0.0465035117567509,0.0589664784504324,0.0682071031236628,0.0656383907121775,0.0797982224357435,0
CCCAGTTTCAGCCTAA.2,0.0592139414163886,0.238229997427322,0.204676489429853,0.150643905360886,0.0969986407552992,0.0184744405392179,0.0419726678550208,0.0214854385662588,0.188368444643658,0.0550515505088491,0.0565196527505126,0.050474006016855,0.0367422621594637,0.0378886677191297,0.0662503002642325,0
CCTTCCCGTCGAACAG.2,0.0706587566431838,0.175799674127433,0.088473505994326,0.14240790655885,0.0859189596267588,0.0373937803087601,0.0303822539116657,0.0123315526451835,0.19422179449996,0.065201908932981,0.0567726737338045,0.0439113456052917,0.0390909523130319,0.0403106400086289,0.0474177276002883,0
GTGAAGGAGGCAGTCA.2,0.0508960573476702,0.205528399508333,0.166742930355999,0.124057284434643,0.074853973035524,0.0302086577390221,0.0511071499306793,0.00732724452869206,0.173543913307143,0.0460726432864531,0.0390437551803865,0.0502790755095808,0.0344316074739695,0.0355059176529422,0.0483305308671631,0
TTCTACACAGCTTCGG.2,0.15700160672352,0.250807535088472,0.116980873066715,0.0615181464238068,0.0538701737629036,0.0229345553232193,0.0453396712220242,0.022057556436326,0.182772167585098,0.0914730333264555,0.0652881385508005,0.0435084892235918,0.020890980839633,0.0215428061539668,0,0
GGAACTTTCGCGGATC.2,0.0520578420467186,0.206014349827059,0.179349318202617,0.120585913038743,0.0928327394291172,0.0210993459981314,0.0477084571202218,0.00711356195071515,0.200826587918897,0.0466517129145839,0.0358417310125202,0.0583816869286099,0.0570912375790425,0.0569506682486297,0.0534230122507807,0
GAGCAGAAGCCAGGAT.2,0.0840563589173155,0.0568847726038361,0.0221012171684817,0.137262108960222,0.0598581977149995,0.0744538861947769,0.00896019013666072,0.0153506806824057,0.252089540432937,0.076537030504323,0.0616236967238145,0.0313838116711392,0.0476489326296772,0.0491356402537678,0,0
ACTGATGCAATGGTCT.2,0.0767148683722655,0.164565646170997,0.13608492724444,0.171022897437992,0.0815105984350318,0.0396182764603817,0.0306516141810259,0.010284335688437,0.169865794816358,0.068143848882795,0.0742223967194521,0.0407599690710262,0.0356011981172443,0.0367120010197778,0.051597405717031,0
CCATTCGTCGTCCGTT.2,0.115029044617476,0.190263842437755,0.102887343278118,0.112322687794386,0.0737518827375923,0.0372380655781466,0.0231966726084373,0.0219610546269171,0.182745801144304,0.0878122483210309,0.067390830170571,0.044236229784082,0.0405172823658061,0.0367120010197778,0.0466490511650252,0
TGAGCCGAGAGCCCAA.5,0.152984797923619,0.265814824343252,0.150315731673835,0.111587573851725,0.0816942801513537,0.0296302887396005,0.0325767478708655,0.0182801998966052,0.196139953067735,0.098708075691722,0.0876063342494438,0.0314098024054425,0.0445490419816479,0.0430660011962778,0.0117223156377612,0
GAAACTCGTTGCGCAC.2,0.126461500432579,0.185204242060429,0.104694792715292,0.10271175365515,0.0691451452922376,0.0450015571473061,0.0293919588037235,0.0255936584525246,0.177703219342421,0.0832329390778815,0.0693190245604851,0.0217542446117959,0.0411163409879713,0.0423992233999784,0.0398270478020658,0
CTGCGGAGTAAGAGAG.2,0.148498331479422,0.102907126318498,0.0462157957353345,0.0464755370415748,0.018471033393336,0.035124794234106,0.0121132897603486,0.0171359641564708,0.171849869486118,0.089389713859732,0.114950050167954,0.0526377346475981,0.0489706651452479,0.0440759734465548,0.0312274801825607,0
CATGCCTGTGACTACT.2,0.0590161908293165,0.101620787239516,0.0792761050608584,0.229341936889107,0.109268579405606,0.0348800996574276,0.0341453753218459,0.00525245562640014,0.189989980752498,0.0667261266897851,0.0580377786502639,0.076360777382863,0.0610183996576808,0.0629222517478403,0.0576987749219313,0
GTCACAAAGATGGGTC.2,0.112791991101224,0.116628076494297,0.0937585796650499,0.151664896947916,0.0813636530619742,0.0434221648796548,0.0158922558922559,0.0277994140961572,0.20690405252195,0.0742540318554855,0.0715089647951839,0.0327873113235132,0.0307611848048305,0.0317209731033604,0.0224357434542397,0.00120105693009849
CTGATAGGTGAACCTT.2,0.0684587813620072,0.160678043621187,0.123158231902627,0.16851806474448,0.0870283971933434,0.0372269430973884,0.0415290156466627,0.0104980182664139,0.179456587655232,0.0444552419113291,0.0415652401518126,0.0651067894295684,0.0407550040412685,0.0380063343890648,0.0256065337496997,0
ACCCACTTCGCGCCAA.2,0.103003337041157,0.162393162393162,0.078887160245264,0.0970078139889461,0.0565592740898571,0.0222338390354585,0.0205981382451971,0.0208374978459418,0.14503519919846,0.0626859512383437,0.0443571958295162,0.0612471653855401,0.0540293823990871,0.0513222792033966,0.0212346865241412,0
ACTGAGTAGTGGTAAT.2,0.105870720553702,0.11622788211417,0.0831884323236021,0.0897519671104577,0.0607251754160391,0.0347577523690884,0.0183006535947712,0.0130346372565914,0.137131858570412,0.0537935716615305,0.0450028355799852,0.0800254709196172,0.0605524651737745,0.0608630850239746,0.0290175354311794,0
GACGTTATCCGCATCT.2,0.0717340254603881,0.186461995826544,0.186327445776517,0.131748754390264,0.0899599573858418,0.0244805801485963,0.0346682511388394,0.0105118042391866,0.201406649616368,0.0574543566669551,0.0502290276141866,0.0579268490783036,0.0342699567346551,0.0353392232038673,0.0151813595964449,0
GTAACTGCATGCAATC.2,0.0732789519218885,0.139810765228825,0.0617049510387115,0.234310762612649,0.116336651849675,0.0291853895092761,0.0300495147553971,0.010029295192142,0.183662034961901,0.0670389574084305,0.041198795969114,0.0461725394896719,0.0582988636903913,0.0601178627810517,0.102378092721595,0
CAAGATCGTGTGGCTC.2,0.0813620071684588,0.208043907040563,0.107257252676855,0.0905279207166,0.0521729547040888,0.0311874360457356,0.0433986928104575,0.0111804239186628,0.174203074326997,0.0527086481053774,0.0405095319111809,0.140590379529698,0.0745304996909618,0.0737770020493612,0.0988229642085035,0
TCGTAGACACGTCAGC.2,0.0826226671610431,0.166738129948832,0.0624142033495012,0.0954150671131803,0.0549649167921825,0.0369377585976776,0.0513765102000396,0.0145028433568844,0.207424789727635,0.0768631731684427,0.0508484927801771,0.141909409295586,0.0890315218941663,0.0868870301913064,0.122699975978861,0
GATCAGTAGCTCCTTC.2,0.0880731677172167,0.22239373409942,0.0739910313901345,0.104699283944567,0.0606663972668161,0.03451305779241,0.0344068132303426,0.0138824745821127,0.205196825480528,0.0650022297508669,0.0456659250534398,0.170479723978402,0.0836114676936243,0.0839453634429268,0.0768196012490992,0
TCTCATATCATAACCG.2,0.0483870967741935,0.183146099534059,0.137869497574815,0.153747719785456,0.092906212115646,0.0320327445833519,0.0355238661121014,0.00370153368947096,0.174723811532681,0.0557238037552998,0.0336605156393142,0.157230947167335,0.076051918413921,0.078424835511801,0.110449195291857,0
TTTGTCATCCGAAGAG.2,0.105994314670622,0.22033559157305,0.0723437357005583,0.0722725911405157,0.0391609419198413,0.0198758731147395,0.0472489601901367,0.0199758745476478,0.155186278904211,0.0733022277540751,0.0490860707586267,0.132845140707338,0.0831645509437551,0.0857593912710942,0.108191208263272,0
CATCGGGAGTGCGATG.2,0.111494252873563,0.198725095046165,0.110757756017205,0.103474094040132,0.059101429043753,0.0437335943408818,0.0434541493365023,0.0228433568843702,0.231115036781185,0.0707596461684893,0.064572699908389,0.106022702906414,0.0755859839300147,0.0741201965033388,0.102185923612779,0
TGAGCCGAGGAGTTGC.2,0.0612285255221851,0.0697767487065146,0.049373112473689,0.146859429878298,0.0795415304360604,0.0452017618009521,0.025359477124183,0.00449422712390143,0.176964959000185,0.0631651812754175,0.0428565196527505,0.208868038544259,0.132582132838872,0.13082572585627,0.190920009608455,0
CACAGGCAGATGAGAG.2,0.139822024471635,0.116027784924106,0.0539260547268235,0.117631844046938,0.0692039234414606,0.0393624594029452,0.0268805704099822,0.0245803894537308,0.16597674479922,0.0877456885936595,0.0664747197138245,0.163800105262474,0.113003375647792,0.110116391947678,0.167667547441749,0
TGCTACCAGATCGGGT.2,0.0697318007662835,0.229654403567447,0.14095817699277,0.0866073130224074,0.0613864295947981,0.0364150020020465,0.0297563874034462,0.00900913320696192,0.181209955968044,0.077954752697333,0.0597827509488287,0.142806089629047,0.0803879617743546,0.082896168969338,0.0521739130434783,0
TATTACCAGCGTTGCC.2,0.0716969472253121,0.189949403996227,0.112176260638785,0.128658553186855,0.0787406781528967,0.0452462517239845,0.0199247375717964,0.00814061692228158,0.194768898146439,0.0752457717933187,0.0580465035117568,0.15537910734823,0.0814814814814815,0.082758891187747,0.0899831852029786,0
CATCCACCACCACCAG.2,0.0623285131627734,0.1643941342938,0.10135444312254,0.144572408723352,0.0878219022078542,0.0397628687102371,0.0329094870271341,0.00832672755471308,0.194492050518101,0.0688161021292457,0.0563451555206561,0.154164040519555,0.0797698854181524,0.0821901689497269,0.0790295460004804,0
GATGAGGGTTACGCGC.2,0.0957483623779508,0.26644370122631,0.122426100485037,0.0855590949930573,0.0592557216854634,0.0277060995684477,0.0387561893444246,0.0220299844907806,0.201769188177288,0.0600035942252781,0.0560397853684073,0.108959655882678,0.0695098179051966,0.0711785297549592,0.0561614220514052,0
TCTATTGGTTCTGTTT.2,0.123828945742183,0.221421833461967,0.0825935755468107,0.0850690190312832,0.0584328275963411,0.0487387106820305,0.0362606456724104,0.0226227813200069,0.228893664144277,0.0798849847911023,0.0623740348121974,0.157952190044249,0.0785622593068036,0.0810135022503751,0.0861398030266635,0
TCTTCGGGTTGACGTT.2,0.106439253491534,0.244147157190635,0.130433787864922,0.111533120967083,0.0674699680393814,0.0411420563242426,0.0260170330758566,0.0173703256936068,0.194775489756638,0.0880518633395678,0.0806177201936919,0.0931832801606227,0.0487804878048781,0.0503025013972917,0.0447754023540716,0
GATGAGGGTGAGGGTT.2,0.0566802620195279,0.182631563902467,0.0827308501876087,0.0827956110974979,0.0546195951654972,0.0390399074609601,0.0311903347197465,0.0152059279682923,0.176239881878345,0.0543659853169241,0.0446102168128081,0.127016718539841,0.0546569676223078,0.0508123903003442,0.046024501561374,0
CCACTACTCTATCCTA.2,0.0800024718823384,0.256410256410256,0.111650041182392,0.085273217348689,0.0589104000587782,0.0391622547492993,0.0239334521687463,0.0130415302429778,0.227489651171988,0.0768232373320199,0.0680888190899969,0.0942229095327516,0.0516331479104265,0.0524989459027485,0.0167667547441749,0
CAAGATCAGCACCGCT.2,0.0637498455073539,0.134551067661436,0.0980598517433879,0.13929047891312,0.112332390433856,0.0358811229256573,0.0217548029312735,0.006562123039807,0.1678685369262,0.0682636563920634,0.0488592243598133,0.188205404773198,0.0966195977749251,0.0996342527676181,0.137208743694451,0
GTCACGGGTCGCTTCT.2,0.0812384130515387,0.243375353743247,0.187402763796101,0.127256391407335,0.0876969986407553,0.0316657027183343,0.0661517132105367,0.0171773220747889,0.161566957576397,0.0538867552798504,0.047934389041574,0.128686623218822,0.0656206912946322,0.0671386407538511,0.0946913283689647,0
CCCATACAGTCTTGCA.2,0.0754665677913731,0.17674298945202,0.0546581861444129,0.0813253832121757,0.056625399507733,0.0290741647016951,0.0455694196870667,0.0173841116663795,0.23443061671105,0.0690690290932568,0.0557344152161584,0.13205242331109,0.0550183045690106,0.0567349460204152,0.0364160461205861,0
AGCTTGAAGGACACCA.5,0.0990854035347917,0.233370494240059,0.102704310423721,0.0836940836940837,0.0604680210131883,0.0487943230858211,0.0264369182016241,0.0123660175771153,0.214359163656498,0.0718379137519053,0.0743445447803516,0.102072111292324,0.0645842247896163,0.0630497239736034,0.0135479221715109,0
ACTTGTTGTCCCGACA.5,0.105759485848474,0.294971843466827,0.125331747048595,0.0822510822510823,0.052217038316006,0.0377052097699871,0.0453317488611606,0.0291228674823367,0.16872544625201,0.0858886721999987,0.0992452994808707,0.148667000214424,0.0859981933152665,0.0868183913005109,0.0853230843141965,0
GGATGTTGTAGCGCAA.2,0.110567296996663,0.230426207014836,0.10066806991855,0.073293582727545,0.0501524558245472,0.0409640966321128,0.0340503069914835,0.0267034292607272,0.218492103250982,0.0849435240713254,0.0579767046198142,0.138861995698533,0.0892216992345362,0.0909465303040703,0.0976699495556089,0
CGGACACAGCGTGAGT.2,0.0782474354220739,0.085870279850213,0.0493959915804887,0.132157151025076,0.0605194518937585,0.0379721493081817,0.0289245395127748,0.0171773220747889,0.185171513697366,0.0797784892273081,0.0664921694368102,0.150167965120435,0.0925688204250464,0.0954570859849191,0.0807110257026183,0
CTTAACTAGTTAAGTG.2,0.0924236806328019,0.139324814910099,0.0571062505719777,0.0949658308148874,0.0647294368318578,0.0210993459981314,0.0417270746682511,0.0202584869894882,0.199791705117726,0.0601766495164436,0.0481088862714304,0.0950871014483337,0.0514429705700566,0.0504201680672269,0.0358395387941388,0
AACTCCCGTAGGCATG.2,0.10080336175998,0.299030957893834,0.110323052988011,0.086212529608756,0.0525550126740384,0.03410152600436,0.0432085561497326,0.0248078580044804,0.212434413478525,0.0738080816820974,0.0698163416655761,0.114775082683023,0.0948224219084296,0.086514419069845,0.102378092721595,0
ACCGTAAAGGTGTGGT.2,0.0578544061302682,0.10204956693251,0.060835544980324,0.138201421220289,0.0593732779839095,0.0417537927659385,0.0182451970687265,0.00588661037394451,0.220403670208559,0.0729960530081669,0.0615102735244078,0.119083046893782,0.0840298578424381,0.0848965023582362,0.11073744895508,0
GGGCATCAGATGCCTT.2,0.15700160672352,0.242632135608724,0.0946966230438364,0.084088867107735,0.0584328275963411,0.0432664501490412,0.0361972667855021,0.0338859210753059,0.210048250586653,0.0886642128313842,0.0770318021201413,0.10474265924198,0.08060666571578,0.0817685300491258,0.0562094643286092,0
GTACTTTAGAAGATTC.5,0.107180818193054,0.253751822313695,0.0914477898782832,0.0738653380162814,0.0484038058851622,0.0413533834586466,0.0326401267577738,0.0256970532483198,0.16150763308461,0.0967911555434269,0.0891244601491951,0.155619521640535,0.093158370180193,0.0931037525862154,0.0916646649051165,0
CCTCTGAGTCCTCTTG.2,0.154987022617723,0.261498442100449,0.118651047863091,0.0762612649405102,0.0616876676095661,0.0278284468567869,0.0502594573182808,0.0194451145958987,0.125207635721254,0.103167577425603,0.0474632465209615,0.168465442069902,0.0789901583226359,0.081454752262632,0.0933461446072544,0
TGTTCCGAGACTAGAT.2,0.0976269929551353,0.200154360689478,0.0789786766724627,0.0775136812872662,0.0538995628375152,0.0543889309071495,0.0299386017033076,0.0181423401688782,0.248839876605057,0.0806171417921872,0.0703223836321598,0.135561172442024,0.0764227642276423,0.0788072521890903,0.0904155656978141,0
AGCGTCGAGATAGTCA.5,0.0888270918304289,0.194437298116228,0.0904639882858973,0.0973753709602766,0.0559421035230153,0.0384059260577479,0.0295820954644484,0.00978804066861968,0.214174598570939,0.0733621315087093,0.0657680059329058,0.145541614414461,0.0894689297770171,0.0871223635311768,0.0918568340139323,0
TACCTTACAAGAAAGG.2,0.0659992584352985,0.182917417031129,0.133064885146884,0.125255247896757,0.0737739245435509,0.0285958980290964,0.0327827292533175,0.00772703773910047,0.195203944419543,0.0659540338522773,0.0472015006761768,0.137926329263618,0.0650406504065041,0.0629810850828079,0.0550084073985107,0
GGCCGATTCCGCGGTA.2,0.11542454579162,0.227481919789612,0.116248741649126,0.0949930572572082,0.0526211380919143,0.0391400097877831,0.0371162606456724,0.0202515940031018,0.212223481952171,0.0867273247648778,0.0773371722723902,0.128394227457911,0.0637949888270812,0.0630889461969152,0.076147009368244,0
GGTGCGTGTTAGGGTG.2,0.151464590285502,0.218534716862476,0.0519355724352521,0.0581692940183506,0.0422982256346203,0.040363482671175,0.0281243810655575,0.0270205066344994,0.168844095235584,0.0822212312218369,0.0778170396544955,0.203559431062826,0.147358912185613,0.144788837355245,0.150900792697574,0
CAGCATACAAGTAGTA.2,0.0915956000494376,0.186319069262213,0.114715841493548,0.106142285387568,0.0607178281473862,0.0431107354184277,0.0247256882551,0.012496984318456,0.216363013156854,0.0887707083951784,0.0615451729703791,0.172338061481082,0.0871677839585413,0.084484669013463,0.0867163103531107,0
CGGACACCACCAGCAC.5,0.0773204795451737,0.140268130234685,0.0830282785760044,0.0349042990552424,0.0522390801219647,0.05197535258264,0.0276490394137453,0.019314147854558,0.190069080074881,0.094488188976378,0.0764995855690791,0.138628079089804,0.103076118480483,0.0970063638057323,0.0894066778765314,0
GTCTTCGAGTTACGGG.2,0.0669880113706588,0.0662893405368322,0.0281184222567951,0.197269187835226,0.106072517541604,0.0415647105930507,0.0183085759556348,0.00660348095812511,0.1962981517125,0.0598305389341125,0.0474545216594687,0.140538398061091,0.0794180573384681,0.0760126687781297,0.0336295940427576,0
AGTTGGTTCGCTGATA.2,0.0881349647756767,0.202183917902981,0.0932781184222568,0.0975251163930409,0.0626060761911759,0.0329892779285492,0.0305723905723906,0.0145717732207479,0.209692303635932,0.0768032694138085,0.0604371155607905,0.162143195950644,0.0940522036799315,0.0937705303825147,0.111698294499159,0
TCTCATACAAGCTGAG.2,0.0564083549623038,0.153331618214561,0.136313718312437,0.144817446704239,0.088622754491018,0.0369933710014682,0.0487621311150723,0.0112976046872307,0.206383315316265,0.0543193935077642,0.0364350215940322,0.142286274942983,0.065116721342652,0.0671484463096791,0.0891664664905116,0
AAAGCAATCTTTCCTC.2,0.106204424669386,0.183146099534059,0.0499222110368811,0.0641318848866019,0.0302193159692884,0.0580037371535347,0.0274430580312933,0.0258073410305015,0.246875576765892,0.0761177042218835,0.0756881734502465,0.110018778305534,0.0928255598345457,0.0957218359922732,0.12414124429498,0
TGGCCAGAGATGAGAG.2,0.0789766407119021,0.0396192436326216,0.0484808273085019,0.14170001905851,0.0774622534072958,0.0243137429372247,0.0289958407605466,0.00193692917456488,0.137566904843515,0.0470311033606006,0.0329014526894386,0.169089219693179,0.0753292445205154,0.0776796132688782,0.0981023300504444,0
GTTCTCGTCTTAGAGC.2,0.0944753429736745,0.0836692107595118,0.0518440560080534,0.0978246072585695,0.0645090187722714,0.0359144903679317,0.0365854624678154,0.0160261933482681,0.178237139768503,0.0785138544072524,0.0692492256685425,0.115970656460972,0.0614462986735131,0.0551464459762902,0.0303146769156858,0
GCTCTGTTCTACCTGC.2,0.0538375973303671,0.232713032044136,0.158735242976114,0.11560347409404,0.070085595679806,0.0154936156960448,0.0458546246781541,0.00585214544201275,0.187689508793208,0.0553244453910717,0.048327007808751,0.0889013066841671,0.054314648409642,0.0560093348891482,0.0607734806629834,0
TGGTTCCTCCTTGGTC.2,0.067853170189099,0.166337935568705,0.102406882035325,0.147540090936317,0.0910620476837736,0.0341348934466343,0.0355714002772826,0.00570049974151301,0.198400875365834,0.0707529901957522,0.0545740086376129,0.177776622634031,0.107050824894214,0.108027808556328,0.11755945231804,0
GTCGTAAAGTTGAGTA.2,0.137906315659375,0.212674727724895,0.109842591745218,0.0732119034005826,0.047448660960288,0.0392846020376385,0.035444642503466,0.0118007926934344,0.153044005589685,0.0724569192164589,0.0530297081533831,0.120915393662159,0.0539723291969762,0.0489101124697253,0,0
CGTGTAAAGTCATCCA.2,0.100234828822148,0.19243632621559,0.0787041273908667,0.0988455988455988,0.0519304948385438,0.0372714330204209,0.0293048128342246,0.0160261933482681,0.22513644633111,0.0846040694617315,0.0704445316930594,0.110174722711353,0.0891361194313698,0.091132835864801,0.0639923132356474,0
TCAGCAATCACTCCTG.2,0.108626869361018,0.221078809707572,0.0987004667337787,0.0778676250374364,0.0474560082289409,0.0423544067268764,0.0475816993464052,0.0217887299672583,0.240132359532787,0.0805838619285015,0.0617109453387427,0.170427742509795,0.0847905672039177,0.0874361413176706,0.0988229642085035,0
CCTACCATCTTGGGTA.2,0.105092077617105,0.233141811737129,0.0816326530612245,0.0774183887391435,0.0560008816722383,0.0468256439916359,0.0406417112299465,0.0215819403756678,0.243619321327814,0.0683169041739605,0.0554464947868953,0.105314455396651,0.0636143203537299,0.0655991684888658,0.0728320922411722,0
AACTTTCTCTCTAGGA.2,0.0973674453096033,0.171168853443101,0.0944220737622403,0.116011870728852,0.085000551045149,0.0300529430084086,0.0223569023569024,0.00807858004480441,0.180919925119308,0.103899734426688,0.0633424944379008,0.20488495851229,0.112594494365996,0.108027808556328,0.0798462647129474,0
GATCAGTCATTAACCG.2,0.0835619824496354,0.205385472944001,0.150567401848632,0.118353344768439,0.080048491973109,0.0365818392134182,0.0273004555357497,0.0143029467516802,0.20311387665779,0.0598970986614839,0.0484317061466649,0.0911689982521231,0.0684733514001807,0.0655599462655541,0.0556329570021619,0
ATTTCTGGTCAGCTAT.5,0.0599802249412928,0.19289369122145,0.10345932094811,0.0748046502763484,0.0519451893758495,0.0316990701606086,0.0394612794612795,0.00848526624159917,0.221972473435811,0.064316664558942,0.0559787113379575,0.160928129121968,0.0830789711405886,0.0817881411607817,0.0419409079990392,0
ACACCGGTCATCTGCC.2,0.112569521690768,0.221164565646171,0.104511759860895,0.0843747447521032,0.0477792880496675,0.0302865151043289,0.0454901960784314,0.0164397725314493,0.181921849869486,0.0736949301455661,0.0470531780307988,0.105561367372532,0.036114676936243,0.0325642509045625,0.0320922411722316,0
TCAGCTCGTCGAGTTT.2,0.0646026449141021,0.185861704256353,0.090761416674293,0.101813281058564,0.0573160427611036,0.029474574008987,0.0460922955040602,0.00953989315871101,0.178533762227437,0.049846579828409,0.0418793351655542,0.126457917752321,0.0533637617077925,0.055028779306355,0.0376651453278885,0
CATCGGGGTACAGACG.5,0.145420837968113,0.271074521910642,0.082776608401208,0.0655612731084429,0.0402997685610374,0.0555567913867509,0.044555357496534,0.0329140099948303,0.164355208690379,0.0856690250996732,0.101705710421847,0.138641074456956,0.0831170066086626,0.0797387799927439,0.0782128272880134,0
GTCTTCGCACCAACCG.2,0.0945494994438265,0.262270245547838,0.165347304841219,0.111138337553432,0.0739869953344844,0.0174178048671976,0.0393345216874629,0.0121799069446838,0.167183009465552,0.0635445717214342,0.0267940496444619,0.13064242597514,0.076917225312604,0.0793171410921428,0.087292817679558,0
TTAGGCAGTATGGTTC.2,0.0761957730812013,0.168195980905011,0.100050334034959,0.129271148139073,0.0698872194261783,0.0266717088579437,0.0326005149534561,0.0179217646045149,0.175666411791072,0.0606359116353059,0.0473236487370763,0.1218445624135,0.0652688632149479,0.0588235294117647,0.0465529666106173,0
TTCTTAGTCTTCGGTC.2,0.108219008775182,0.162507503644627,0.0836688935663952,0.0812164774428925,0.0464420851548437,0.0452907416470169,0.0382808476926124,0.0200448044115113,0.238247159016004,0.078400702870721,0.0641364568337478,0.125795154027589,0.0661436789806495,0.0617848072718002,0.0766274321402834,0
TCTATTGCAGGTCGTC.2,0.0621554813990854,0.218620472801075,0.136862816875629,0.0977565411527676,0.0840380588516219,0.0335120345241803,0.0322440087145969,0.0067620196450112,0.195157803148153,0.0623997444106469,0.0467739824630284,0.140064067160057,0.0563875814196738,0.0576468627124129,0.0767235166946913,0
ATTATCCTCACGCATA.2,0.0880608083055247,0.254152016693823,0.116980873066715,0.102589234664706,0.069299437933948,0.0383058237309249,0.0352703505644682,0.0174323625710839,0.205790070398397,0.0647892386232786,0.0523055446494787,0.146431797064347,0.0810535824656492,0.080582057793946,0.11755945231804,0
GAATAAGCAGCAGTTT.2,0.0990606847114077,0.209273075493811,0.0991351697629725,0.0699311171009284,0.0511516843613387,0.0404190950749655,0.0385422856011091,0.0210305014647596,0.211801618899465,0.075551946539227,0.0564324041355843,0.114911534038115,0.0621879903009556,0.064128335114676,0.071438866202258,0
CTGATAGAGACCTTTG.2,0.0840439995056235,0.214761455564131,0.103596595588908,0.0840616406654142,0.0532162668527975,0.0297637585086978,0.0163596751832046,0.0213544718249181,0.168119018113745,0.0586524317596395,0.0452035073943201,0.104937589749254,0.0784101174345077,0.0808566133571282,0.0709104011530147,0
TCTCTAAAGTGAACAT.2,0.0867136324310963,0.217219792470629,0.0978996979957902,0.0927741022080645,0.0602329084162962,0.0469146238377008,0.0262705486234898,0.0188936756849905,0.226085638199699,0.066626287098728,0.0608384591894604,0.0957238744387626,0.0539342937289022,0.052861751468382,0.0148931059332212,0
CCTAAAGTCACTCCTG.5,0.135805215671734,0.226309921962096,0.110048503706415,0.101772441395083,0.0675948716064803,0.059883436401655,0.0435888294711824,0.0150611752541789,0.2120916497482,0.0921386306001691,0.0800593290581512,0.1107530165496,0.0688727238149574,0.0702175852838218,0.0845063656017295,0
GACGTTATCTGCCCTA.2,0.109714497589915,0.29883086070377,0.113686281687563,0.0649214517139045,0.0506300282869843,0.0354473461760911,0.0405070310952664,0.0280613475788385,0.226224062013869,0.0794057547540285,0.067242507525193,0.122305897947382,0.0708220415537489,0.0665405018483473,0.073840980062455,0
TGACTTTAGGGTCGAT.2,0.067952045482635,0.172741045650745,0.120275464445868,0.144068719540418,0.0887182689835054,0.0245361925523869,0.0218023370964547,0.00914699293468895,0.197273710021884,0.0624796160834925,0.0496619116171531,0.101981143722263,0.0602767080302382,0.0568526126903504,0.0258947874129234,0
CTGATCCAGTGCAAGC.5,0.120318872821654,0.230226109824772,0.0801455111192459,0.0826050260012524,0.0645237133095772,0.0430217555723629,0.03585660526837,0.021547475443736,0.22536056107786,0.0862148148641183,0.0690223792697291,0.109206567858558,0.0659439927732611,0.0680015296667092,0.0778284890703819,0
CATCGAACATGTAGTC.2,0.0783339513039179,0.146642655003859,0.0777203257984808,0.0798687685480138,0.0573601263730208,0.0324665213329181,0.0429550406020994,0.0129312424607961,0.216178448071295,0.0669923655992705,0.0460934432665881,0.119355949603966,0.0625398183806399,0.0576174460449291,0.0284410281047322,0
CAGTAACTCTGAGTGT.2,0.0707947101717958,0.0991910356458851,0.0491443214056923,0.190612322687794,0.0850960655376364,0.0410975664012101,0.0222856011091305,0.00719627778735137,0.215862050781765,0.0701606086221471,0.0485713039305501,0.169907927823731,0.11313649978605,0.110842003078945,0.186163824165265,0
ATGCGATGTTCAGTAC.2,0.0664936349029786,0.169682417174056,0.0984945547725817,0.114609708949332,0.0704309173064913,0.050940961872136,0.0250505050505051,0.0131173530932276,0.217081498668495,0.0769962926231854,0.0768747546132705,0.0964256242649495,0.0688537060809205,0.0680113352225371,0.0608695652173913,0
AGCTCCTAGATCTGCT.2,0.0508589791125942,0.147757482205643,0.148119337421067,0.0985461079800702,0.06797692957643,0.0300195755661343,0.0334085957615369,0.00472169567465104,0.184189363777784,0.0632716768392117,0.0440256510927889,0.138127757454467,0.0740645652070556,0.067736779659355,0.0732164304588037,0
TCAGGATGTCGCATAT.2,0.0726609813372883,0.215218820569991,0.158117507092523,0.117291513517929,0.078476176481393,0.0321550918716911,0.0401267577738166,0.0087678786834396,0.214233923062726,0.0722572400343448,0.0630632988701304,0.0985633621613895,0.0657823420339467,0.0644617240128257,0.0855152534230122,0
GGCTGGTAGGTGCTAG.2,0.100506735879372,0.20181230883572,0.103116134346115,0.0861989163875956,0.0646853532199405,0.0468923788761845,0.0362051891463656,0.0148612786489747,0.195863105439397,0.0976031842173574,0.0749291105003708,0.198965568774732,0.121979746113251,0.119794475549847,0.142349267355273,0
GACCTGGAGCTCCTTC.2,0.0466938573723891,0.143298173398508,0.0861855953143589,0.105638596204634,0.0904228353109731,0.0218334297281666,0.0202812438106556,0.00454937101499225,0.160729823081182,0.0480095313529596,0.0406578545565589,0.131175236028356,0.0536585365853659,0.0527833070217585,0.0110497237569061,0
TGACAACCATTCCTCG.2,0.0397973056482511,0.128605322585256,0.0982886428113846,0.144667701271475,0.0816428492707836,0.0304644747964586,0.0199722717369776,0.00213682577976908,0.185995464972183,0.0506253286386539,0.0407363783099943,0.167867655180928,0.095098179051966,0.0934567525960209,0.0701897669949556,0
CACTCCATCTTGCAAG.2,0.0753800519095291,0.182774490466798,0.117781641804704,0.113806528900869,0.0614305132067154,0.0462695199537305,0.0253198653198653,0.00847837325521282,0.231826930682627,0.0768698291411798,0.0557344152161584,0.140921761392064,0.0779061474825275,0.0803369188982477,0.146192649531588,0
AACTTTCGTAGAAGGA.2,0.0663082437275986,0.121830603435955,0.0603550837375309,0.137629665931553,0.0848462584034385,0.0423544067268764,0.0259853436324025,0.00847148026882647,0.207879610831334,0.0674050359089729,0.0549579025432971,0.158790391225528,0.0991965007369372,0.0990557249737701,0.131059332212347,0
ACATCAGAGTGCCATT.2,0.0819058212829069,0.203470256981963,0.0799853573716482,0.0839663481172915,0.0594761397450498,0.0414423633047115,0.0310239651416122,0.0139100465276581,0.193806523057452,0.0802909991280676,0.0585961697858046,0.184462739033535,0.0962012076261114,0.0960160026671112,0.0976699495556089,0
ATTGGTGAGACGCTTT.2,0.0816215548139909,0.200611725695338,0.105152374851286,0.0936998012469711,0.0488519892729878,0.0437002268986075,0.0345494157258863,0.0140892641737033,0.230363593218551,0.0748730373200391,0.07962308598351,0.120499541913308,0.0791613179289688,0.0812978633693851,0.074561614220514,0
AGCTTGACATAACCTG.2,0.0763811642565814,0.175256553182975,0.0916308227326805,0.0813117699910153,0.0616509312663018,0.0258264003203274,0.0369657357892652,0.0154333965190419,0.189607667360983,0.0596375157247356,0.0437551803865114,0.15840053021098,0.0789806494556174,0.0814449467068041,0.0907518616382417,0
CTTACCGCATATGCTG.2,0.0800395501174144,0.174170311294057,0.131440468564107,0.12710664597457,0.0761103559751662,0.0474707478756062,0.0417270746682511,0.0115871101154575,0.207741187017165,0.0758847451760838,0.0567988483182829,0.165099641977635,0.0902962012076261,0.0891815302550425,0.121258707662743,0
CCAATCCTCTGCTGTC.2,0.0978000247188234,0.208015321727696,0.100599432598151,0.0934819897084048,0.0724293743800742,0.037905414423633,0.0324975242622301,0.0171290711700844,0.197082553326127,0.0549783348087406,0.0647733717227239,0.117965445318744,0.0713069937716921,0.0666973907415942,0.0789334614460726,0
CTTACCGGTACCATCA.2,0.060647633172661,0.106108681359517,0.0659375857966505,0.183533447684391,0.108835090555086,0.0491391199893224,0.034795008912656,0.00846458728244012,0.15821182798534,0.0652152208784553,0.050953191118091,0.230550808636721,0.115532734274711,0.118480531068904,0.172375690607735,0
GCTGCAGGTATCGCAT.2,0.075009269558769,0.262298830860704,0.101148531161343,0.0582781997876338,0.0575144190147313,0.0282511011255951,0.0613428401663696,0.0208374978459418,0.177940517309568,0.0667327826625222,0.0341927321903765,0.137367528476098,0.0621404459658632,0.0619416961650471,0.0558251261109777,0
GATGAAAGTTGGTGGA.2,0.0831170436287233,0.146299631249464,0.0636496751166834,0.093209725285197,0.0489621983027809,0.0335565244472127,0.0302554961378491,0.0142615888333621,0.22017296385161,0.0638041546581825,0.0648780700606378,0.0889662835199252,0.0514239528360196,0.0496553347126482,0.0176795580110497,0
GGTGAAGTCTTCGGTC.2,0.106216784081078,0.148900894720293,0.101331564015741,0.0677257752729451,0.0506300282869843,0.0408417493437736,0.0294078035254506,0.0151852490091332,0.220271838004588,0.0762308557584148,0.0626183309339964,0.12935588462713,0.0595825607378881,0.061088612808017,0.053999519577228,0
TGGGAAGGTAATTGGA.2,0.0729699666295884,0.127204642254809,0.0675391232726274,0.121035149337036,0.0680504022629587,0.0419317524580682,0.021113091701327,0.00929863863518869,0.227252353204841,0.0889836995227668,0.062688129825939,0.172143130973808,0.10429325345885,0.103478030652168,0.116934902714389,0
AATCGGTAGCTAGGCA.2,0.071289086639476,0.174627676299917,0.0999359385009609,0.0821966293664407,0.0744498732596157,0.0280064065489167,0.0281481481481481,0.0122764087540927,0.212843093310834,0.0664665437530368,0.052933734676962,0.107829058940488,0.0721152474682642,0.0743653353990371,0.0512130674993995,0
TAAACCGAGCTTATCG.2,0.057285873192436,0.212931995540691,0.186441841310515,0.142435133001171,0.101179236618787,0.0335787694087289,0.0170013864131511,0.003094950887472,0.220146597410816,0.0796387137998283,0.0484317061466649,0.159492141051715,0.0710597632292112,0.0671876685329908,0.0457362478981504,0
CTGCGGAAGGCAAAGA.2,0.0773575577802497,0.151959523196981,0.110300173881212,0.217212556835198,0.0944711803387091,0.0256039507051653,0.0298673004555358,0.00614165087023953,0.162008595459699,0.0656678270245805,0.0611787287876805,0.149186814900488,0.09583036181239,0.0943392526205348,0.138746096564977,0
GCATGATTCGCCAAAT.2,0.102521319985169,0.299574078838293,0.117621488057106,0.0673854447439353,0.0602402556849491,0.0353694888107844,0.0450544662309368,0.0246148543856626,0.209593429482954,0.064662775141273,0.0651747153513938,0.112357944392824,0.0698331193838254,0.0720120020003334,0.10598126351189,0
TTGCCGTCACAACGTT.5,0.120281794586578,0.298945201955235,0.123684451359019,0.0812845435486945,0.0663899195474082,0.0367597989055479,0.028972073677956,0.0240220575564363,0.189462651936615,0.0841847431792919,0.0657680059329058,0.158186106652978,0.0775353016688062,0.0745712520714237,0.0914244535190968,0.0214748979101609
ACATCAGAGCCACTAT.2,0.0604869608206649,0.161507017694309,0.143978219090327,0.125881456070135,0.082943315822343,0.0301196778929572,0.0192830263418499,0.00965707392727899,0.213212223481952,0.0551181102362205,0.0493914409108755,0.0871794205365787,0.0604003233014786,0.0595589460988596,0.00941628633197213,0
AAACGGGCATATACCG.2,0.0571869978989,0.19083554869508,0.103642353802508,0.104780963271529,0.0563315087616179,0.0327334608711127,0.0377421271538919,0.0109253834223677,0.220977140295831,0.0486285368175132,0.0425162500545304,0.115171441381148,0.0617696001521419,0.0590294460841513,0.0868123949075186,0
TGCCCATGTGCAACTT.2,0.0810159436410827,0.160392190492525,0.0866202983435527,0.104917095483133,0.0707615443958708,0.0180629087511679,0.0309526638938404,0.0195622953644667,0.151712500329581,0.0546921279810438,0.0391484535183004,0.15118160375826,0.0843056149859744,0.0844258356784954,0.111938505885179,0
GACCTGGAGCTGTTCA.2,0.0474230626622173,0.0891004202040991,0.0603093255239315,0.135410710882409,0.0822453253003196,0.0319771321795613,0.031610219845514,0.00629329657073927,0.191822448387692,0.0578670269766575,0.0382236182000611,0.162961904081195,0.102981029810298,0.100712863908691,0.146192649531588,0
GGACAAGAGACGCAAC.2,0.0761710542578173,0.207929565789098,0.0891598791983161,0.092515451006017,0.0594100143271739,0.0471593184143791,0.0221350762527233,0.00952610718593831,0.214991958235558,0.082420910403951,0.0627492038563888,0.153163397248881,0.0825369657205344,0.0811801966994499,0.10828729281768,0
AAGACCTCACCAGCAC.2,0.126980595723644,0.198210559414573,0.115585247551936,0.0604290887309755,0.0425994636493883,0.0256150731859234,0.044349376114082,0.0211890401516457,0.173477997205157,0.0672519485360188,0.0429524931291716,0.088836329848409,0.0437217705510388,0.0450859456968318,0.0320922411722316,0
ACTGAACGTCGCGGTT.2,0.0846125324434557,0.167738615899151,0.0755239315457124,0.155680797190231,0.0829873994342603,0.0333896872358411,0.0338997821350763,0.0171221781836981,0.158587549766657,0.0708128939503864,0.0404484578807311,0.19269530412408,0.101659297294727,0.100134336114843,0.170357914965169,0
CATGGCGGTATATCCG.2,0.078766530713138,0.130263270731498,0.0800768737988469,0.0955375861036238,0.059586348774843,0.0324776438136762,0.0296930085165379,0.00792004135791832,0.229005721517652,0.0707197103320665,0.0647733717227239,0.0954249809942755,0.053468359244996,0.0505280291813341,0.0259908719673313,0
AGAGCGACATCCTAGA.2,0.081979977753059,0.25203670354172,0.133774137457674,0.107666966157532,0.0709525733808457,0.0242025181296436,0.0569142404436522,0.017198001033948,0.180194847997469,0.0647825826505415,0.0411551716616499,0.123144099128661,0.0665240336613892,0.068599668572213,0.0330530867163104,0
CCTTTCTGTTATGTGC.2,0.0735261401557286,0.174284652545522,0.112725359201977,0.124179803425086,0.0736563682451049,0.0330782577746141,0.032774806892454,0.00929863863518869,0.198974345453107,0.0700940488947757,0.0566330759499193,0.177159342694329,0.100394617981268,0.097771197160311,0.147537833293298,0
ACACTGAAGCAAATCA.2,0.0561982449635397,0.150187233799274,0.100942619200146,0.129352827466035,0.0781014657800962,0.0434666548026872,0.0244404832640127,0.00842322936412201,0.190537084398977,0.0643366324771534,0.0435632334336692,0.178757772853978,0.0950886701849475,0.0960160026671112,0.0958923852990632,0
AGTGGGAAGCTTATCG.2,0.106315659374614,0.190263842437755,0.101674750617736,0.0913719404285442,0.0616729730722604,0.0304088623926681,0.0359041394335512,0.0205617783904877,0.189930656260711,0.0548052795175751,0.053971993194608,0.130882840267445,0.0582798459563543,0.0579900571663905,0.0459284170069661,0
TGCACCTTCCGAAGAG.2,0.0561611667284637,0.173941628791127,0.115013269881944,0.139998366413461,0.078961096212483,0.043344307514348,0.0382253911665676,0.003839393417198,0.215097423998734,0.0766435260681172,0.0604458404222833,0.13617195469815,0.0837160652308278,0.0797387799927439,0.0922411722315638,0
AGGGATGCAAGACGTG.2,0.0830676059819553,0.188434382414316,0.140477715749977,0.112635791881075,0.0649645494287499,0.0480379943942697,0.012105367399485,0.00539031535412718,0.190016347193292,0.0880185834758821,0.0760633424944379,0.158686428288315,0.0821280844387391,0.0846905856858496,0.0668268075906798,0
CTCTACGCAACAACCT.2,0.0811024595229267,0.182602978589601,0.125469021689393,0.103011244520678,0.0774181697953786,0.0280286515104329,0.0224440483264013,0.0181905910735826,0.226125187860891,0.0810165001564154,0.0595908039959866,0.134528040753471,0.0670470213474065,0.0607061961307277,0.0542877732404516,0
CCTTCCCCAAACGTGG.2,0.0798047212952663,0.140897007117743,0.070627802690583,0.0668273026763593,0.0494103816906065,0.044478800551675,0.0153060011883541,0.0119110804756161,0.21443826297888,0.0753256434661644,0.0595297299655368,0.138576097621198,0.0621024104977892,0.0637459184373866,0.0553927456161422,0
CCATGTCGTTCCACGG.2,0.0803485354097145,0.16027784924106,0.0840120801683902,0.0923248659097716,0.0595055288196613,0.0366819415402411,0.0476292335115865,0.0107048078580045,0.209171566430248,0.0758581212851352,0.0722854774680452,0.115249413584057,0.0964199115675367,0.0949570026376945,0.102185923612779,0
AGATCTGTCCCTCAGT.2,0.0801013471758744,0.219963982505789,0.131394710350508,0.0945574341800757,0.0683075566658095,0.0474596253948481,0.0283937413349178,0.0127037739100465,0.215123790439529,0.0883913179491617,0.0599223487327139,0.175905289764199,0.0980934721627918,0.097055391584872,0.109344222916166,0
TTTATGCAGTATCTCG.2,0.0669385737238907,0.173798702226796,0.0827537292944083,0.100356666394402,0.05656662135851,0.044367575744094,0.0225708061002179,0.00607961399276236,0.216297097054869,0.0580733621315087,0.0422719539327313,0.150661789072196,0.0667807730708886,0.0671484463096791,0.0313235647369685,0
ATCATGGAGGATGCGT.2,0.0890495612408849,0.142497784638253,0.102246728287728,0.111002205341828,0.0813195694500569,0.0514081060639765,0.0213982966924143,0.0129519214199552,0.198183352229283,0.0725035110256188,0.0555162936788378,0.127867915088271,0.0940331859458945,0.0942804192855672,0.0486668268075907,0
GACGGCTGTAGCTAAA.2,0.0803238165863305,0.170740073750107,0.0958863365974192,0.107735032263334,0.0710701296792917,0.0254259910130355,0.0242741136858784,0.0172393589522661,0.207517072270414,0.0593979007061987,0.0504907734589713,0.0946322635980273,0.0689297770170684,0.0676779463243874,0.0637040595724237,0
AGCGTATCATCACGTA.2,0.092942775923866,0.228968356058657,0.121739727281047,0.0965041248060116,0.0575144190147313,0.0456911509543088,0.0286155674390969,0.0213544718249181,0.209797769399109,0.0750926844203646,0.0531605810757754,0.145210232552095,0.0828032139970522,0.0814253355951482,0.109440307470574,0
TACAGTGGTGTAACGG.2,0.0634655790384378,0.118200268701941,0.0674704859522284,0.101227912548667,0.0556555600455531,0.0398407260755439,0.0165815012873836,0.00727210063760124,0.204636538613653,0.0559833866920481,0.0460934432665881,0.158348548742373,0.0913231588456235,0.0883186413421845,0.0993033869805429,0
GGCTCGACACTGTTAG.2,0.0758126313187492,0.147185775948318,0.0612931271163174,0.104889869040812,0.0666250321443004,0.0349134670997019,0.0210655575361458,0.00971911080475616,0.196621140612229,0.0702404802949927,0.0519042010208088,0.179427034262285,0.0918176199305853,0.0900640302795564,0.134566418448234,0
TCGCGTTCACCAGGCT.2,0.0698924731182796,0.159048680787811,0.0941246453738446,0.0837076969152441,0.0662797105176151,0.0407082795746763,0.0358249158249158,0.0118214716525935,0.202270150552377,0.0796320578270911,0.0589538891070104,0.120525532647611,0.0668092996719441,0.0650206406950178,0.0442949795820322,0
GCATACAGTGCAACTT.2,0.0647880360894821,0.143841294342967,0.0724581312345566,0.0880503144654088,0.0483450277359392,0.0256373181474396,0.0298989898989899,0.0141857659831122,0.205130909378543,0.0480561231621195,0.0396806700693626,0.119180512147419,0.0551324109732325,0.0568526126903504,0.0427576267115061,0
GGTATTGGTGATAAAC.2,0.0593993325917686,0.180258982934568,0.105221012171685,0.135478776988211,0.075397670915837,0.0424322640921831,0.034897999603882,0.00924349474409788,0.156867139504838,0.062745854992978,0.0366531431313528,0.197347645564356,0.103038083012409,0.101526725042409,0.151429257746817,0
GTCATTTCAGGCTCAC.5,0.0878012606599926,0.20181230883572,0.0974192367529972,0.0958234637479921,0.0766246647808677,0.0348467322151533,0.0386769657357893,0.00879545062898501,0.128865979381443,0.0900020633515485,0.0809143654844479,0.230297398977265,0.120173061379737,0.119951364443093,0.151285130915205,0
GACTACAGTCCGAAGA.2,0.093004572982326,0.251464997284395,0.123020957261829,0.0767921805657655,0.0483009441240219,0.0328780531209681,0.0296454743513567,0.0221678442185077,0.213297914414533,0.0659207539885917,0.042141081010339,0.129667773438769,0.0835544144915133,0.0788464744124021,0.104732164304588,0
GTATTCTAGCTGAACG.2,0.0621802002224694,0.172655289712146,0.0994554772581678,0.172425059217512,0.107336247749899,0.0329781554477911,0.0167003367003367,0.00861623298293986,0.184934215730219,0.0519898030497667,0.0336692405008071,0.136522829611244,0.0695003090381781,0.0668150574115294,0.0980542877732404,0
AGAATAGGTTGCCTCT.2,0.0865406006674082,0.13946774147443,0.090486867392697,0.100370279615563,0.0778810477205099,0.0448903323397251,0.0257397504456328,0.00849905221437188,0.204985893954175,0.0718845055610652,0.0440343759542817,0.0884269757831333,0.0522226976655731,0.0531363070315641,0.0318039875090079,0
ACCAGTACAGACGCCT.2,0.0796564083549623,0.0937312408884315,0.0550242518532077,0.142299000789567,0.0750743910951104,0.0433887974373804,0.0294078035254506,0.0107461657763226,0.186878740738788,0.084876964343954,0.0570867687475461,0.175275014457346,0.0799220272904483,0.0791112244197562,0.0815277444150853,0
TGGTTCCGTATCACCA.2,0.0517612161661105,0.180116056370237,0.135627345108447,0.120613139481064,0.0787921090334668,0.0370378609245006,0.0158605664488017,0.00711356195071515,0.210865610251272,0.0766701499590658,0.0580465035117568,0.17413791983158,0.0854847144962678,0.0831118911975525,0.0875810713427816,0
TTATGCTTCCCATTTA.2,0.0690273142998393,0.170482805934311,0.110368811201611,0.121756650058537,0.0719297601116785,0.030709169373137,0.0423212517330164,0.0115112872652077,0.202810662588657,0.0707663021412264,0.0527592374471055,0.148433083605695,0.0807112632529834,0.0832295578674877,0.120634158059092,0
GCCTCTAGTATCGCAT.2,0.053392658509455,0.144870365606152,0.13263018211769,0.136758419777288,0.0854707762389332,0.0294189616051964,0.0309685086155674,0.00487334137515078,0.179133598755504,0.0653283724149866,0.0517820529599093,0.15650970429042,0.0586697095041126,0.0605002794583411,0.067499399471535,0
TCAACGACAGACACTT.2,0.0960820664936349,0.195009004373553,0.105495561453281,0.0666231043589534,0.0473237573931891,0.038717355518975,0.0281243810655575,0.0219817335860762,0.208196008120864,0.0742873117191712,0.0674780787854993,0.116490471147036,0.0810345647316122,0.082758891187747,0.0496757146288734,0
CCGTACTTCAACACGT.2,0.0707329131133358,0.0819826773004031,0.0574036789603734,0.199283944566963,0.104918996363102,0.0398963384793344,0.0240522875816993,0.00580389453730829,0.183424736994753,0.0666462550169395,0.0434236356497841,0.23320186353565,0.129482242190843,0.127736975770472,0.173192409320202,0
GACCAATCAATCACAC.2,0.0695587690025955,0.095046165280279,0.0779033586528782,0.127011353426448,0.0777341023474523,0.0443342083018196,0.0216914240443652,0.00580389453730829,0.168000369130171,0.0630254058479376,0.0542860882083497,0.201577637572206,0.136927685066324,0.135365698204603,0.171510929618064,0
AGTAGTCAGCACCGTC.2,0.0993820294153998,0.197838950347312,0.0950169305390318,0.0999210433172697,0.0548547077623893,0.0399297059216088,0.0330045553574965,0.0140479062553851,0.195909246710787,0.0695083232939078,0.0561619334293068,0.0946387612816031,0.0725431464840964,0.070629418628595,0.081767955801105,0
GAATAAGCAATAACGA.5,0.103423557038685,0.278420947317268,0.127001921844971,0.0552288382477062,0.0516512986297344,0.0501290207767941,0.0449435531788473,0.0149302085128382,0.213983441875181,0.0955464886415825,0.0719713824543035,0.123494974041754,0.0884419721390196,0.087240030201112,0.0804227720393947,0
CATTATCGTCGGCTCA.5,0.126535656902731,0.160935311436984,0.0758213599341082,0.0709929483514389,0.0423570037838434,0.0369377585976776,0.0280055456526045,0.0333275891780114,0.170729295752366,0.0853495384082907,0.0736116564149544,0.14105171506358,0.0555032567869538,0.0497828069384113,0.0416526543358155,0
GTCGTAATCTTGAGAC.2,0.0815103201087628,0.207186347654575,0.127917086116958,0.109899534427836,0.0742661915432938,0.0373381679049695,0.0275143592790652,0.0207685679820782,0.226883223033723,0.0746400782742394,0.0504471491515072,0.121916036932833,0.0639186040983217,0.0659129462753596,0.0627912563055489,0
CTAACTTCAAACTGTC.2,0.0941169200346064,0.213646628362347,0.131303193923309,0.12221949957799,0.0730391976782631,0.0555901588290252,0.032465834818776,0.00825779769084956,0.198097661296702,0.0719976570975965,0.0606116127906469,0.170180830533915,0.0873484524318927,0.0783856132884893,0.0686524141244295,0
CGACTTCTCCTCAATT.5,0.105475219379558,0.356573192693594,0.187448522009701,0.145266683002532,0.0910987840270379,0.0370712283667749,0.0613586848880967,0.0296467344476995,0.128094760988214,0.066033905525123,0.0487981503293635,0.0433655401849241,0.0431036941948367,0.0440955845582107,0.0363199615661782,0
CACACCTTCCCAAGAT.5,0.0831541218637993,0.174599090987051,0.0892513956255148,0.0880503144654088,0.0500055104514897,0.0500845308537616,0.0443097643097643,0.0060451490608306,0.218755767658924,0.0872598025838486,0.0734284343236051,0.161610385897428,0.0743593400846289,0.0703058352862732,0.0807590679798222,0
GTCACAATCGCTTGTC.5,0.0576690149548881,0.10365034445302,0.0564885146883866,0.104018622886547,0.0471253811395614,0.0322996841215465,0.0374331550802139,0.00975357573668792,0.146610594035911,0.07408097656432,0.0622257121668194,0.108023989447762,0.0557219607283792,0.0514791680966436,0.0601969733365362,0
GTGCTTCGTCCTAGCG.5,0.0846125324434557,0.26827316124975,0.129358469845337,0.0875602385036347,0.0583887439844238,0.0267273212617342,0.0364507823331353,0.0162950198173359,0.195889471880191,0.0993337371290127,0.0769358286437203,0.0996029915335183,0.0803784529073361,0.0762676132296559,0.0726399231323565,0
ACACTGAGTTATCGGT.5,0.0844147818563836,0.222565245976617,0.121945639242244,0.0942307168722263,0.0706954189779949,0.0284957957022734,0.0314200831847891,0.023525762536619,0.141383447148469,0.0563627771380648,0.0696069449897483,0.0257373246437645,0.0285266010554842,0.0289361952482276,0.0547201537352871,0
GGGATGAAGGGTGTTG.3,0.123692992213571,0.115656175856845,0.0292852567035783,0.0623485529145906,0.0314977407148892,0.0407527694977088,0.0201782531194296,0.0361881785283474,0.20699633506473,0.0748264455108792,0.0659512280242551,0.0926699631581341,0.0760043740788285,0.0718158908837747,0.0693730482824886,0.0433341340379534
GTTCTCGAGAAGGTTT.5,0.100482017055988,0.154246348226281,0.127871327903359,0.0892891175910044,0.0552294184636861,0.0435111447257196,0.0290196078431373,0.0135171463036361,0.185099005985182,0.0807901970833527,0.0651747153513938,0.0773744160206886,0.0534873769790329,0.0551562515321181,0.092097045399952,0
CTACACCTCTCCCTGA.5,0.0902978618217773,0.15684761169711,0.0890454836643177,0.115167851016908,0.0693949524264355,0.0443898207056102,0.0143790849673203,0.0150956401861106,0.173220924407414,0.089043603277401,0.0763338132007154,0.184202831690502,0.102353444587077,0.101977780610494,0.160845544078789,0
AGGTCATAGCATGGCA.2,0.110258311704363,0.267501357802361,0.173377871327903,0.106319257262653,0.0512104625105617,0.0535658673310495,0.035547633194692,0.0393451662932966,0.204768370817623,0.0664598877802997,0.0696505692972124,0.0401296937641731,0.0242856463652356,0.0250433895845386,0,0
AAAGATGTCAGTTTGG.2,0.0818934618712149,0.13763828145099,0.0851789146151734,0.100860355577337,0.0420998493809926,0.0538439293500022,0.0330679342444048,0.012517663277615,0.163406016821789,0.0387311053573925,0.042088731841382,0.0413642536435761,0.0465744306565873,0.0480276124452115,0.0462647129473937,0
CCCAATCTCTCGCTTG.2,0.0690767519466073,0.0686047508789984,0.0379793172874531,0.139685262326772,0.0727673487381066,0.0173955599056814,0.0289403842345019,0.00918835085300707,0.1448572257231,0.042977615963685,0.0331544736727304,0.0510717929058291,0.0578234203394666,0.0596275849896551,0.063463848186404,0
GTAGGCCCAAAGGCGT.5,0.0758126313187492,0.244804619386559,0.103322046307312,0.13508399357456,0.063142426802836,0.0322774391600303,0.035959595959596,0.0192934688953989,0.152852848893928,0.0653416843604609,0.0598874492867426,0.0593888278828598,0.0593828745304997,0.061235696145436,0.0549603651213067,0
GTCTTCGCAACTGCTA.5,0.0899641577060932,0.21987822656719,0.140866660565572,0.213877317650903,0.0835017082399618,0.0359367353294479,0.0237750049514755,0.0114078924694124,0.185547235478683,0.0779214728336473,0.0642760546176329,0.0601750475955322,0.0392335853183093,0.0404577233460479,0.0308431419649291,0.0171030506846024
TGCCAAATCCAGGGCT.5,0.0761216166110493,0.0666037789783609,0.0462615539489338,0.0744643197473386,0.0689026854266926,0.0496507541041954,0.0220241632006338,0.0207409960365328,0.217767026129143,0.0690024693658855,0.0803646992104,0.0640281739559847,0.0468121523320496,0.0444583901238442,0.0281047321643046,0
GCTTCCAGTACCGGCT.5,0.109047089358547,0.192064717148329,0.120733046581861,0.124479294290615,0.0698945666948312,0.0155492280998354,0.0371558724499901,0.0147854557987248,0.167360982940913,0.0786003820528351,0.0732015879247917,0.0189602406741996,0.0174487709789379,0.0179931949442554,0,0
GCGAGAAGTTCCGGCA.5,0.0847114077369917,0.227796358231141,0.121282145145054,0.112336301015546,0.0538775210315565,0.0493615696044846,0.0301683501683502,0.0160055143891091,0.143149998681678,0.0574210768032694,0.0596344283034507,0.0215333233702185,0.0268625493272477,0.0277006952139082,0,0
TGACTAGTCGCTTGTC.2,0.106797676430602,0.185318583311894,0.0812437082456301,0.0724359497944404,0.0466992395576944,0.0269608933576545,0.0256446821152704,0.0178804066861968,0.154190945764231,0.0634580440758515,0.0485189547615932,0.0550288822034945,0.054352683877716,0.0518811958855888,0.0193610377131876,0
TATCAGGTCGGAGGTA.5,0.0839080459770115,0.168310322156476,0.106708154113663,0.106169511829889,0.0492046581683259,0.0436446144948169,0.0347395523866112,0.0153300017232466,0.154546892714952,0.0495470610552379,0.0595995288574794,0.0413057744913938,0.0427138306470784,0.0405655844601551,0,0
ATTCTACTCGCACTCT.2,0.143010752688172,0.294028528142241,0.163837283792441,0.0574069536333687,0.0539877300613497,0.0414534857854696,0.0224678154089919,0.0276339824228847,0.233296859756901,0.0848170605893198,0.0960083758670331,0.0435799637429256,0.0329482242190843,0.0339762509437848,0.0337737208743694,0
GTCCTCACATCGGACC.5,0.106315659374614,0.179144155732784,0.0740596687105335,0.0344686759781099,0.0306895411630726,0.0379610268274236,0.0266904337492573,0.0261244184042737,0.226612967015583,0.0785604462164123,0.0815600052349169,0.0629755492167042,0.0504825750011886,0.049253306923703,0.0683161181840019,0
GTTAAGCTCTCGGACG.5,0.0813620071684588,0.160477946431124,0.0876956163631372,0.052438127909826,0.036640828771904,0.0413422609778885,0.0261675579322638,0.0135722901947269,0.197873546549951,0.0703802557224726,0.0638398115429918,0.0740995834984828,0.047011838539438,0.0484786680132963,0.0102330050444391,0
TTTGTCAAGCTCCTTC.5,0.107699913484118,0.14221193150959,0.0738079985357372,0.0988592120667592,0.0704529591124499,0.0280175290296748,0.0187284610814023,0.0138893675684991,0.172871569066892,0.0877723124846081,0.0811499367447542,0.177243812580815,0.0930727903770266,0.0887893080219252,0.0956041316358395,0
GTTTCTATCTGTGCAA.5,0.111321221109875,0.234056541748849,0.119337421067082,0.0982874567780228,0.0550457367473642,0.0482493215286738,0.0188076846900376,0.0281992073065656,0.189106704985894,0.0764172229950546,0.0559350870304934,0.113657481107985,0.0674559026292017,0.0633831128717531,0.0679317799663704,0
ATTGGTGTCTCTTATG.5,0.0996786552960079,0.147157190635452,0.108401208016839,0.133559312804596,0.0599904485507513,0.0360145926947546,0.0538086749851456,0.0184732035154231,0.149833891422997,0.0550781743997977,0.0855210923526589,0.0259062644167354,0.0180573384681215,0.0186207505172431,0.00576507326447274,0
CACCACTTCTGCGGCA.5,0.0977382276603634,0.199468313180688,0.142788505536744,0.0956737183152278,0.0560963961647258,0.0219668994972639,0.00532382650029709,0.0124556264001379,0.16051229994463,0.0840050319153893,0.0824586659686777,0.0668091825264293,0.0484857129273047,0.0442818901189414,0.00384338217631516,0
GACTACAAGGCGTACA.2,0.103497713508837,0.258096789869365,0.159307220646106,0.135968852949985,0.088380294625473,0.0312096810072519,0.0386452762923351,0.0134344304669998,0.142200806813088,0.0694084837028508,0.0486934519914496,0.0433850332356515,0.0526315789473684,0.0542737515076042,0.0963728080711026,0
TGTGTTTTCGGAAATA.5,0.139945618588555,0.237401023354201,0.0711997803605747,0.0830814887418661,0.0420043348885052,0.032255194198514,0.0383838383838384,0.0431500947785628,0.199837846389116,0.0938625275390872,0.0750425336997775,0.0241908759527229,0.0356011981172443,0.0307502230763951,0.0440067259188086,0
TACTCGCTCGTTGACA.2,0.135150166852058,0.183689220478518,0.111375491900796,0.102521168558904,0.043466441350428,0.0468812563954264,0.0464567241037829,0.0201550921936929,0.198038336804915,0.0730293328718526,0.0957989791912053,0.0220921241577378,0.0330528217562877,0.034084112057892,0.00845544078789335,0
TCAATCTGTCTTTCAT.2,0.129044617476208,0.236829317096876,0.088748055275922,0.0596395219036728,0.0436721648727086,0.0350358143880411,0.0221905327787681,0.0222298810959848,0.13181242914019,0.0749462530201476,0.0403786589887886,0.124801008440491,0.0881662149954833,0.0909171136365865,0.108383377372087,0
GTGTTAGCATTACGAC.5,0.145618588555185,0.177143183832147,0.0875812208291388,0.0583734923357565,0.0522317328533118,0.0283289584909018,0.0141889483065954,0.0388902291917973,0.156728715690669,0.0683634959831205,0.0702176852942459,0.0722412459958025,0.0559311558027861,0.0576762793798967,0,0
CGTCACTCATCGTCGG.5,0.128908663947596,0.280336163279307,0.122860803514231,0.105284652454464,0.0614672495499798,0.0262601770698937,0.0272053872053872,0.0321419955195588,0.200233343001028,0.0890901950865609,0.0782969070366008,0.0673679833139486,0.0382636808824229,0.0368002510222292,0.0163824165265434,0
TACTTACCAGTATAAG.5,0.0791002348288221,0.198639339107567,0.103413562734511,0.19114323831305,0.0866022556114764,0.0427548160341683,0.0222539116656764,0.0106083060485956,0.182027315632663,0.0986814518007734,0.0868472712995681,0.0351004866764998,0.0595350164027956,0.0613925850386829,0.0915205380735047,0
GGAGCAACAGCCTATA.5,0.07859349894945,0.224337535374325,0.149217534547451,0.120994309673555,0.068094485874876,0.0567913867509009,0.0372667855020796,0.0200654833706703,0.151013789648535,0.0634780119940629,0.0572874405618811,0.0658410276736344,0.0472115247468264,0.0437033623250934,0.0453038674033149,0
CGATGTAAGCTAAGAT.2,0.113830181683352,0.160792384872652,0.0833485860711998,0.114936426257181,0.0800925755850263,0.0399297059216088,0.0335828877005348,0.0219472686541444,0.141350489097477,0.0901285268335541,0.083880818392008,0.0438983502381401,0.0137022773736509,0.0141298059480502,0,0
CCACCTATCTTTACGT.5,0.0844518600914596,0.093331046508304,0.0423263475793905,0.0746957445070653,0.0449799786929209,0.0536437246963563,0.0216676569617746,0.0124211614682061,0.200892504020882,0.0747465738380336,0.0891419098721808,0.0518255242006225,0.0582608282223173,0.06007864055774,0.00422772039394667,0
GACTAACTCTAACCGA.5,0.0691509084167594,0.197981876911643,0.0899148897227052,0.0858177461951047,0.0501598030932001,0.0277394670107221,0.0470905129728659,0.0219265896949854,0.162687531310148,0.0763440072949461,0.0858962613968503,0.117354663062618,0.0645271715875053,0.0635988350999676,0.0588037472976219,0
TTTGCGCCATTCTCAT.5,0.10622914349277,0.253122945430638,0.0939416125194472,0.11105665822647,0.05904265089453,0.0500289184499711,0.0398098633392751,0.0155023263829054,0.205210008700925,0.092970627192311,0.0855298172141517,0.0977186632965348,0.0821090667047021,0.0764833354578704,0.0527504203699255,0
GAAGCAGTCCACTGGG.5,0.104189840563589,0.224480461938656,0.0920655257618743,0.0734161017179885,0.0479997061092539,0.0211994483249544,0.0212873836403248,0.0173289677752886,0.198545890790202,0.0791594837627545,0.0721546045456528,0.132637214832912,0.0661626967146864,0.0581567516154653,0.0772039394667307,0
CTCGTACTCTTCGAGA.5,0.125757013966135,0.153131521024498,0.0791617095268601,0.0827139317705355,0.0519378421071967,0.0306201895270721,0.025137651020004,0.0264966396691367,0.137870118912648,0.0768831410866541,0.0567203245648475,0.0437294104651692,0.0386060000950887,0.0398105566614044,0.0775402354071583,0
TCACGAAGTGCTGTAT.5,0.0753306142627611,0.151502158191121,0.0516839022604558,0.0927060361022625,0.0607031336100805,0.0416314454775993,0.0238463061992474,0.0174392555574703,0.210549212961742,0.0599570024161181,0.0705492300309733,0.0488690781736311,0.0738934056007227,0.0761989743388604,0,0
GATCGTAGTAGCGTGA.5,0.0611914472871091,0.252751336363376,0.126979042738172,0.087778050042201,0.0514823114507182,0.0431552253414602,0.0352782729253317,0.00942271239014303,0.198044928415113,0.0712388762055631,0.0688740566243511,0.0989597208595136,0.0441401606998526,0.0399576399988233,0.0347345664184482,0
GCGCCAAAGTCCGGTC.5,0.0924731182795699,0.2260526541463,0.137915255788414,0.101268752212148,0.0600271848940157,0.0502736130266495,0.0305090116854823,0.020175771152852,0.183088564874628,0.0752058359568959,0.0763599877851939,0.0503700430796421,0.0662102410497789,0.0652265573674044,0.0485707422531828,0
TACTCATTCGCCTGAG.5,0.071400321344704,0.147328702512649,0.113343095085568,0.196670206104168,0.0948458910400059,0.0439671664368021,0.0241711229946524,0.00911942098914355,0.158587549766657,0.0759246810125066,0.0512934607163111,0.0750482453005503,0.0557504873294347,0.0565584460155124,0.0750420369925534,0
GACTACATCGCCTGTT.2,0.112458286985539,0.262670439927965,0.110986547085202,0.0652617822429143,0.0489034201535579,0.0423321617653601,0.035222816399287,0.0271376874030674,0.257995623170828,0.0880917991759906,0.0818741002486586,0.036296060454448,0.0457376503589597,0.0471647235323534,0.0250300264232525,0
TACTTACGTTCCGGCA.5,0.0947225312075145,0.2191921790584,0.122723528873433,0.102970404857197,0.0659564306968884,0.0339124438314722,0.0318716577540107,0.0134068585214544,0.182983099111451,0.0835790496602126,0.0804606726868211,0.0631964704582816,0.0528502828887938,0.0544992792916466,0,0
TCGAGGCCAATCCAAC.2,0.0904956124088493,0.281165137352428,0.136977212409628,0.0556236216613575,0.0342235773851071,0.0276727321261734,0.0345414933650228,0.0238014819920731,0.232552007804466,0.0742873117191712,0.0567203245648475,0.0270303636753497,0.0441591784338896,0.040291028896973,0.0375690607734807,0
TCGTAGATCACGCGGT.5,0.0886911383018168,0.197124317525655,0.133430950855679,0.122165046693349,0.0537379229271518,0.0412977710548561,0.0439374133491781,0.0167982078235395,0.132959369314736,0.0640970174586165,0.0312699035902805,0.0278815602237802,0.0229068606475538,0.0236215839894884,0,0
AAGGCAGTCAACACTG.2,0.089321468298109,0.342795071892062,0.154067905188981,0.0700672493125323,0.0520553984056427,0.0605507852471415,0.0466072489601901,0.0245666034809581,0.173946001529254,0.0846905971073142,0.0872137154822667,0.0264065860520724,0.0425997242428565,0.0408401400233372,0,0
TTATGCTAGATGTGGC.5,0.105722407613398,0.139639253351628,0.127734053262561,0.0974162106237578,0.0694978141875758,0.0530876006584509,0.0189502871855813,0.0132552128209547,0.172706778811928,0.091106954825913,0.0695894952667626,0.0871079460172448,0.0573860124566158,0.0591765294215703,0.0767235166946913,0
CACACAACAAGCTGTT.5,0.117093066370041,0.19792470628591,0.128214514505354,0.0845108769637072,0.0409830645457551,0.0303866174311518,0.0357060804119628,0.0246148543856626,0.196139953067735,0.0642367928860963,0.102787593246957,0.0330862047680002,0.0470213474064565,0.042310973397527,0.0208503483065097,0
CCTAAAGTCACAGTAC.5,0.0861327400815721,0.234599662693308,0.0977166651413929,0.0968036156715402,0.0591161235810587,0.0371045958090492,0.0357932263814617,0.0145442012752025,0.136064017718248,0.0575675082034864,0.0485015050386075,0.0486026731470231,0.0606285361099225,0.0625202239588951,0.0383377372087437,0
AGAGCTTGTCTCATCC.5,0.0924978371029539,0.216104965268845,0.0935755468106525,0.0716055433036565,0.0468755740053635,0.0237464964185612,0.0253832442067736,0.0364432190246424,0.175620270519683,0.0647493027868558,0.056746499149326,0.0533329867902093,0.0354775828460039,0.0365845287940147,0.0286812394907519,0
AACTCAGTCTAGCACA.5,0.0759485848473613,0.138867449904239,0.0811293127116317,0.0883770317732582,0.0476029536019985,0.0451127819548872,0.0222301445830858,0.00660348095812511,0.140968175705961,0.0825340619404823,0.074327095057366,0.137893840845738,0.0748062568344982,0.0714334742064854,0.0838337737208744,0
TAGAGCTCATCACCCT.5,0.134767025089606,0.228596746991396,0.10277294774412,0.0566582264695472,0.041592887843944,0.0141589180050719,0.0157179639532581,0.0294950887471997,0.125774514198328,0.0564958965928076,0.0685599616106094,0.0773159368685064,0.0485237483953787,0.0427816400772678,0.0691808791736728,0
ATCATCTGTTATCCGA.5,0.0979606970708194,0.226795872280822,0.133865653884872,0.106414549810776,0.0616656258036075,0.0341237709658762,0.043921568627451,0.0140823711873169,0.149827299812798,0.0552312617727518,0.0507350695807704,0.0361791021500835,0.0355061094470594,0.0366139454614985,0.0552966610617343,0
TGTGTTTCACGCTTTC.5,0.0615004325794092,0.139953691793157,0.0710625057197767,0.107489994282447,0.0746262077072848,0.0301196778929572,0.0374331550802139,0.011518180251594,0.151369736599256,0.0709460134051291,0.0348645465253239,0.109628917290986,0.0783055198973042,0.0737279742702215,0.0268556329570022,0
GGGAATGTCAGCGATT.5,0.131467062167841,0.240631163708087,0.121396540679052,0.134716436603229,0.0618125711766651,0.0443119633403034,0.0310318875024757,0.0245597104945718,0.180082790624094,0.0819949281487743,0.0574793875147232,0.0297074093085815,0.0309323444111634,0.0318974731082631,0.0371366802786452,0
GACCTGGTCGGCCGAT.5,0.0660363366703745,0.144413000600292,0.0692092980690034,0.116447493805984,0.0761177032438191,0.034613160119233,0.0260011883541295,0.00626572462519386,0.149596593455849,0.0531213184150798,0.0576015355756227,0.104378788961735,0.0631959302049161,0.0651677240324368,0.029401873648811,0
CTCACACCACACCGCA.5,0.0855271289086639,0.230226109824772,0.164706689850828,0.116039097171173,0.0769552918702472,0.0305979445655559,0.0360467419290949,0.0120834051352749,0.145753684710101,0.055930138910151,0.0505692972124068,0.039733335066049,0.0267104074549517,0.0275438063206613,0.00941628633197213,0
CGACTTCAGCGAAGGG.5,0.109788654060067,0.191893205271132,0.0769195570604924,0.0565493207002641,0.0530472796737813,0.0318547848912221,0.0293681917211329,0.0361123556780975,0.173069317372848,0.0906011008978907,0.0759062949875671,0.0451134170668157,0.035363476441782,0.0364668621240795,0,0
ATTCTACAGCAATCTC.5,0.0919911012235818,0.271188863162107,0.114441292211952,0.0881864466770127,0.0554645310605782,0.0286737553944032,0.0458150128738364,0.0161709460623815,0.157737232051045,0.0707729581139636,0.0588928150765607,0.122552809923262,0.0664479627252413,0.0685212241255896,0.0321883257266394,0
GCGCCAAAGTTAAGTG.5,0.0840687183290075,0.225423777263242,0.105884506268875,0.0592855781535027,0.0288012931192829,0.0219891444587801,0.0373776985541691,0.0171497501292435,0.169391198882063,0.0706531506046951,0.0588666404920822,0.125444279114496,0.0746541149622023,0.076983418805095,0.0689406677876531,0
TTTGTCAAGCTCAACT.5,0.0866641947843283,0.210445073321328,0.12013818980507,0.111818998611451,0.0613203041769222,0.0309538639498154,0.0299544464250347,0.0169498535240393,0.183464286655944,0.0833993383963099,0.0727566199886577,0.089505591256717,0.0631388770028051,0.0651088906974692,0.0369445111698294,0
CATGCCTTCATTTGGG.2,0.125979483376591,0.201069090701198,0.0519813306488515,0.042446023578099,0.0318063259983101,0.0325888686212573,0.0360229748465043,0.0369877649491642,0.182686476652517,0.0731691082993324,0.0480041879335166,0.0170109356014581,0.0329292064850473,0.0339566398321289,0.0319961566178237,0.00086476098967091
AAACGGGCAGCTCGAC.5,0.0833642318625633,0.147214361261184,0.104374485220097,0.0802771651828256,0.0593953197898681,0.0462917649152467,0.0351277480689245,0.0177839048767879,0.167565322857068,0.0561431300377394,0.0636914888976138,0.031624225963444,0.0353349498407265,0.0364374454565957,0,0
GTAACTGAGGAGCGAG.2,0.0693239401804474,0.293342480633451,0.162670449345658,0.118176372893354,0.0694463833070056,0.0531654580237576,0.028116458704694,0.0254971566431156,0.17446014712474,0.0410939756790756,0.0520874231121581,0.0222935523485877,0.0237721675462369,0.0245138895698303,0.0215709824645688,0
CATCGAACACGCTTTC.5,0.0659621802002225,0.178629620101192,0.112382172599982,0.101636309183479,0.0637816391756365,0.0218890421319571,0.0358169934640523,0.0203067378941927,0.132076093548132,0.0524623771141033,0.0450202853029708,0.0596422375423162,0.0636523558218038,0.0656383907121775,0.023828969493154,0
GGATGTTTCCCGGATG.5,0.0848226424422198,0.164880084612526,0.0823419053720143,0.0641454981077623,0.0450240623048382,0.00950972104818259,0.0518518518518519,0.00785800448044115,0.13804150077781,0.0681638168010064,0.0679055969986476,0.128244780735668,0.064232396709932,0.0629614739711521,0.0527504203699255,0
CCTCTGACAACACGCC.2,0.151946607341491,0.282594402995741,0.107005582502059,0.0352174031419314,0.0318283678042688,0.0208880188637274,0.0439453357100416,0.0357745993451663,0.178902892398555,0.0900486551607085,0.0742049469964664,0.0248796304117582,0.0322255503256787,0.0332310287008619,0.021426855632957,0
CAGTCCTGTCTCGTTC.5,0.0825361512791991,0.22399451161993,0.148256612061865,0.086212529608756,0.0558171999559164,0.0365929616941763,0.0247256882551,0.0241047733930725,0.176286023149735,0.094002302966567,0.109540636042403,0.0454447989291817,0.0442352493700376,0.0456154457115402,0.0302666346384819,0
CCAATCCAGAGGACGG.2,0.0931281670992461,0.307606551753709,0.164477898782832,0.0965449644694928,0.0713713676940597,0.0335454019664546,0.0583006535947712,0.0172255729794934,0.211715927966884,0.0711057567508203,0.0668847882039873,0.0354123754881385,0.0490467360813959,0.047811890216997,0.0365601729521979,0
CCTTTCTCAGGTGGAT.2,0.126412062785811,0.30752079581511,0.104282968792898,0.0652481690217539,0.0492854781235076,0.0394180718067358,0.0268568033273916,0.0351335516112356,0.229552825164131,0.0692088045207367,0.0655760589800637,0.0321115522316294,0.0429515523225408,0.0442916956747693,0.0402594282969013,0
CTCTACGAGTCTTGCA.2,0.109195402298851,0.310436497727468,0.157065068179738,0.118680062076288,0.0664780867712428,0.0487609556435467,0.0319746484452367,0.0218645528175082,0.235056819679911,0.0727764059078414,0.0580377786502639,0.0378360114619138,0.0380449769409975,0.0386535010737084,0.0222916166226279,0
CCCAGTTGTCATATCG.2,0.11319985168706,0.31689677843524,0.193191177816418,0.099893816874949,0.0665662539950773,0.0214552653823909,0.0404832640126758,0.039627778735137,0.140183774092335,0.0595443321064157,0.0179906643982027,0.0452433707383318,0.0325298340702705,0.0335448064873557,0,0
GCACATAAGACTCGGA.2,0.150747744407366,0.256010062030129,0.108515603550837,0.0736475264777152,0.0536130193600529,0.0581705743649064,0.042859972271737,0.0477683956574186,0.202586547841907,0.0887840203406527,0.0897352004536928,0.0217932307132507,0.0359149907288547,0.0370355843620996,0.0449675714628873,0
GCTCTGTCAGGAATCG.2,0.121085156346558,0.31941228596747,0.117918916445502,0.143156633722671,0.0704970427243672,0.0342794856964897,0.0406417112299465,0.0330932276408754,0.191407176945184,0.0658076024520604,0.0724163503904375,0.0216437839910072,0.0323967099320116,0.0334075287057647,0.034110016814797,0
TAAGTGCCACCAGTTA.2,0.165158818440242,0.400766086384815,0.165621854122815,0.0736203000353944,0.0564637595973697,0.0510633091604752,0.051558724499901,0.0379252110977081,0.175877343317426,0.0874528257932256,0.0683505649347817,0.0313968070382908,0.0481243759806019,0.0467725012992361,0.0667787653134759,0
GATCAGTTCTAGAGTC.2,0.0865776789024842,0.27787782637281,0.145442481925506,0.0887990416292303,0.0639212372800411,0.0215887351514882,0.0586571598336304,0.0308736860244701,0.203687346745063,0.0647759266778043,0.0635606159752214,0.0556591575103476,0.045205153805924,0.0466156124059892,0.0246456882056209,0
TACTTACCAGCTGTAT.2,0.0993325917686318,0.286081811165423,0.137663585613618,0.104345340194397,0.0678373314720253,0.0512190238910887,0.0278470984353337,0.0196174392555575,0.252761884673188,0.074427087146651,0.0856955895825154,0.036763893671906,0.0428659725193743,0.0442034456723179,0.0187845303867403,0
ATTCTACCACGTCTCT.2,0.141230997404524,0.323843009461739,0.133911412098472,0.0963952190367285,0.0640681826530987,0.0535881122925657,0.0417112299465241,0.0410339479579528,0.244680570569779,0.0785404782982009,0.0819438991406011,0.0402206613342343,0.0467265725288832,0.0481845013384584,0.0315157338457843,0
CTTAACTAGAGTAATC.2,0.148090470893585,0.25912586113255,0.115608126658735,0.0815840344142231,0.0423055729032732,0.0361258175023357,0.0412200435729847,0.0431638807513355,0.155759748991484,0.0632849887846859,0.045901496313746,0.0309744576058635,0.0413540626634337,0.0426443622956767,0.0356473696853231,0
ACAGCCGGTCTGCCAG.2,0.11598071931776,0.242689306234457,0.109613800677222,0.0674671240708977,0.0550310422100584,0.0172398451750678,0.0585937809467221,0.0289850077546097,0.161303293168455,0.0705799349045866,0.0432142389739563,0.044736551419419,0.0439119478914087,0.0452820568133905,0.0236368003843382,0
TTGCCGTGTGGAAAGA.2,0.0811395377580027,0.239630677757768,0.112267777065983,0.106822946445588,0.0601080048491973,0.0193864839613827,0.0203208556149733,0.0248285369636395,0.163874021145886,0.047051071278812,0.0461894167430092,0.0573810436579359,0.040669424238102,0.0419383622760656,0.0464568820562095,0
CAACCAAAGCCCAATT.2,0.115103201087628,0.284709716147843,0.107531801958452,0.0749407824879523,0.0537673120017633,0.0381945989233439,0.0309130520895227,0.0319145269688092,0.233151844332534,0.0737415219547261,0.064223705448676,0.0365754608482076,0.0635572671516189,0.0616965572693488,0.0149411482104252,0
ACCTTTATCATCGCTC.2,0.108861698183166,0.237915558985793,0.11249656813398,0.0898608728797408,0.0468976158113221,0.029474574008987,0.0378847296494355,0.0265379975874548,0.198334959263849,0.0482025545623365,0.0420538323954107,0.0447105606851158,0.0515951124423525,0.0473314179814283,0,0
TATGCCCTCCTTAATC.2,0.179903596588802,0.232798787982734,0.0886565388487233,0.0652209425794331,0.0580801587010029,0.0208991413444855,0.0364983164983165,0.0269722557297949,0.21696944129512,0.0959791268694963,0.08373249574663,0.0328717812099986,0.0169067655588837,0.0174342782620633,0,0
CTGTGCTAGTTATCGC.2,0.15558027437894,0.342194780321871,0.139905738079985,0.115303983228512,0.0829653576283017,0.0436112470525426,0.0502356902356902,0.0414337411683612,0.189554934479395,0.0769164209503398,0.0787854992801989,0.0288302220258478,0.0400608567489184,0.041310806703078,0.00840739851068941,0
TTAGGACTCGTCCAGG.2,0.0876900259547645,0.260012005831404,0.132515786583692,0.0728715728715729,0.0556188237022887,0.0247475196867909,0.0615171321053674,0.0354850939169395,0.131700371766815,0.0457864364587563,0.0372900580203289,0.0498827168114567,0.0448628345932582,0.0462626123961837,0.0215709824645688,0
GGACGTCTCAGCTCTC.2,0.200889877641824,0.201640796958523,0.0675620023794271,0.0643224699828473,0.0494103816906065,0.0472705432219602,0.0287977817389582,0.0458038945373083,0.235254567985868,0.0945015009218522,0.0817868516337303,0.0267574609651659,0.0428374459183188,0.0441740290048341,0.0429017535431179,0
GGACATTCAAGTTAAG.2,0.127104189840564,0.299030957893834,0.123936121533815,0.0964632851425304,0.0603578119833952,0.0268274235885572,0.0599247375717964,0.0230846114078925,0.180023466132307,0.0645363116592674,0.0537800462417659,0.0627481302915511,0.0553606237816764,0.056764362687899,0.023012250780687,0
CTAGCCTCAGTCACTA.2,0.130812013348165,0.293428236572049,0.159307220646106,0.0811075716736094,0.0409757172771022,0.0461026827423589,0.0369736581501287,0.0216784421850767,0.241681387929443,0.0725168229710931,0.0809841643763905,0.0292395760911235,0.0441211429658156,0.0424972789582578,0.0550084073985107,0
GAAACTCTCACATGCA.2,0.0905203312322333,0.287425320870137,0.15068179738263,0.0968989082196629,0.0762499540795709,0.0336788717355519,0.0532857991681521,0.0259245217990694,0.172528805336568,0.0641835451041993,0.0396806700693626,0.0492199530867246,0.029040079874483,0.0299461674985047,0.0572663944270958,0
TCGGTAACATTATCTC.2,0.122741317513286,0.359088700225824,0.152237576645008,0.0719186473903455,0.0522831637338819,0.0386283756729101,0.0613507625272331,0.0269377907978632,0.233481424842461,0.0712322202328259,0.0814378571740174,0.020682126821788,0.037113107973185,0.038271084396419,0.0401153014652895,0
ACATACGGTGCATCTA.2,0.119824496353974,0.367264099705571,0.167406424453189,0.119387949576629,0.0743984423790456,0.0531432130622414,0.0350722915428798,0.0344028950542823,0.212249848392965,0.0602764891075006,0.0774680451947825,0.0236255774816278,0.0325108163362335,0.0307011952972554,0.029401873648811,0
CGTTAGAGTGTGACGA.2,0.172586824867136,0.294028528142241,0.0819758396632195,0.060306569740532,0.0674773153080342,0.0182519909240557,0.0492691622103387,0.0360503188006204,0.157071479420993,0.0665663833440938,0.0420625572569035,0.0282389328204495,0.0366852089573527,0.0378298343841621,0.0220033629594043,0
GACGTTATCTCTAAGG.2,0.113051538746756,0.187805505531258,0.0761416674293036,0.0413705791064282,0.0493736453473421,0.0334008097165992,0.0349217666864726,0.0571497501292435,0.18059693621958,0.0471176310061834,0.0370283121755442,0.033859429113521,0.0449579232634432,0.046360667954463,0.0567379293778525,0
CAAGGCCGTCTAGTGT.2,0.112359411692003,0.340765514678558,0.143314724993136,0.0661602548395001,0.0553322802248264,0.0407194020554344,0.0381461675579323,0.0313561950715147,0.268871779998418,0.0885643732403272,0.0675827771234132,0.0300128004366443,0.0369799838349261,0.038133806614828,0.0289694931539755,0
ATGCGATTCATATCGG.2,0.118786305771845,0.298201983820713,0.160222384918093,0.10863350485992,0.0798941993313985,0.038517150865329,0.0541572588631412,0.0289505428226779,0.185850449547816,0.0876258810843911,0.0775552938097108,0.0283753841755414,0.0420291922217468,0.0424090289558064,0.0113860196973337,0.00408359356233485
CCGTGGATCGGAAATA.2,0.139834383883327,0.154617957293543,0.0534913516976297,0.0946663399493588,0.0397781124866831,0.0294078391244383,0.0320142602495544,0.034416681027055,0.193925172041026,0.0626260474837095,0.0633424944379008,0.0654056828740554,0.0405743355679171,0.0383201121755587,0.0108095123708864,0.00158539514773
CAGCAGCTCGCCAGCA.2,0.128649116302064,0.27124603378784,0.135169762972454,0.118121920008712,0.0671466882186547,0.035436223695333,0.052636165577342,0.0288195760813372,0.168685896590819,0.0608489027628943,0.046198141604502,0.0338984152149759,0.0422383872961537,0.0415657511546042,0.00677396108575546,0
TGTGTTTTCCTGCAGG.2,0.145148930910889,0.204356401680816,0.0754552942253134,0.0850145661466416,0.0561698688512545,0.0229234328424612,0.0284808873044167,0.0351059796656902,0.224352044717484,0.0889637316045554,0.06466867338481,0.0353733893866836,0.0363619074787239,0.0374964454860124,0.02061013692049,0
CTCTACGTCGTTGCCT.2,0.105932517612162,0.251436411971529,0.112931271163174,0.0833401399439135,0.0478233716615848,0.032967032967033,0.0262467815408992,0.0291986903325866,0.230020829488227,0.0710724768871347,0.0639096104349343,0.0497917492413954,0.0406313887700281,0.0418991400527539,0.0326687484986788,0
TGCCAAAGTTGTCTTT.2,0.0710171795822519,0.355515536117543,0.16944266495836,0.103896103896104,0.0681385694867933,0.0342461182542154,0.0607011289364231,0.0251594003101844,0.161112136472698,0.0617008672732476,0.0364175718710466,0.032527403980481,0.0366661912233157,0.0378102232725062,0.0166226279125631,0
TTTCCTCAGACAGAGA.2,0.127091830428872,0.331132264242632,0.114738720600348,0.0775545209507474,0.0604239374012711,0.0318881523334965,0.0498078827490592,0.0336239875926245,0.172205816436839,0.0585925280050053,0.0567901234567901,0.0319426124586585,0.0451100651357391,0.0465175568477099,0.0490031227480183,0
CCCAATCCAGTACACT.2,0.114917809912248,0.383214704284938,0.131440468564107,0.0687195404176536,0.0602402556849491,0.0152822885616408,0.0671895424836601,0.0274685507496123,0.148403512009914,0.0776485779514247,0.0475592199973825,0.0549054262155542,0.033537773974231,0.0345841954051165,0.0453038674033149,0
GCAGCCAAGATTACCC.2,0.127165986899024,0.353114369836778,0.147753271712272,0.0803588445097879,0.0486021821387899,0.034412955465587,0.063442265795207,0.0452938135447183,0.195546708149867,0.0643898802590505,0.0632465209614797,0.0329367580457567,0.0468692055341606,0.0483315846758774,0.0506365601729522,0
CAGAATCTCCGCATAA.2,0.0986899023606476,0.232713032044136,0.109110460327629,0.0731710637371015,0.0651629256823776,0.0204542421141611,0.0605664488017429,0.0300051697397898,0.117429535686978,0.0615145000366078,0.0418095362736117,0.0517150635798338,0.0443493557742595,0.0392418344233843,0.0372327648330531,0
CTCGGAGGTCTCTTTA.2,0.176442961315041,0.365320298430666,0.189233092340075,0.0769010863350486,0.055839241761875,0.0300751879699248,0.0504495939790057,0.0343753231087369,0.178955625280143,0.0883846619764245,0.0743532696418444,0.0204417125294832,0.0291732040127419,0.0258768618299128,0.0113860196973337,0
GATGAGGTCGGCGCAT.2,0.119243604004449,0.248720807249235,0.0949482932186327,0.0741784421029704,0.0565960104331215,0.0343907105040708,0.0384630619924738,0.0328726520765121,0.176371714082316,0.0668326222535792,0.0483968067006936,0.0737292155346619,0.0558360671326011,0.0543423903983997,0.0459764592841701,0
GCATACATCCCTCAGT.2,0.117154863428501,0.341823171254609,0.14933193008145,0.0603610226251736,0.0501818448991587,0.0371379632513236,0.0464646464646465,0.025386868860934,0.20830147388404,0.0577738433583376,0.0685425118876238,0.0282584258711769,0.044396900109352,0.045782140160615,0.0540475618544319,0
CAGTCCTAGGGCTCTC.2,0.15033988382153,0.283051768001601,0.118925597144687,0.0903373356203545,0.0573380845670622,0.0237020064955288,0.04880174291939,0.0311080475616061,0.206231708281699,0.0655014277061521,0.0374122060812285,0.0550223845199187,0.0516997099795559,0.0530578625849406,0.0560653374969974,0
GCCTCTACATCGGAAG.2,0.110517859349895,0.25409484606809,0.0949940514322321,0.0387568406436331,0.0470445611843797,0.0167170885794368,0.0691859774212715,0.0187764949164225,0.103303715031508,0.0671720768631732,0.0464162631418226,0.0394864230901684,0.0405648267008986,0.0385064177362894,0.0563055488830171,0
ACCAGTACAATTGCTG.2,0.179742924236806,0.258011033930766,0.0948338976846344,0.0972528519698331,0.0589618309393483,0.0315099879877208,0.033749257278669,0.0298259520937446,0.1674203074327,0.0964583569065701,0.0590324128604458,0.0358932040727481,0.0208244187705035,0.0214741672631713,0,0
CGCTGGAGTGATAAAC.2,0.102953899394389,0.336820741503016,0.159673286354901,0.0896702877834953,0.055420447448661,0.0243804778217734,0.0478193701723113,0.0230294675168017,0.213535212381681,0.0801512237005877,0.0662914976224752,0.0435734660593498,0.0465839395236058,0.0480374180010394,0.0403555128513092,0
TGGGAAGAGGAGCGAG.2,0.148597206772958,0.314638538718806,0.107394527317654,0.0706662310435895,0.0407846882921274,0.0458691106464386,0.0392552980788275,0.0214234016887817,0.249209006776175,0.0775687062785791,0.0790472451249836,0.0541192065028817,0.0481148671135834,0.0475079179863311,0.0372327648330531,0
AAGGCAGAGGTGTTAA.2,0.089247311827957,0.352571248892319,0.15072755559623,0.0739470173432438,0.0504830829139267,0.0347466298883303,0.0384947514359279,0.0284335688437015,0.203805995728637,0.052688680187166,0.0585263708938621,0.0495253442147874,0.0400038035468074,0.0412519733681104,0.031755945231804,0
GCTTGAACATCTCGCT.2,0.123964899270795,0.280107480776377,0.11386931454196,0.0947480192763212,0.0575364608206899,0.0158940250033367,0.0389146365616954,0.029088402550405,0.228484984311968,0.0729760850899555,0.0622518867512978,0.0307730294150135,0.0430371321257072,0.043477834541051,0.0254624069180879,0
CAGATCATCAGCCTAA.2,0.0985168705969596,0.232855958608467,0.12155669442665,0.133981322660568,0.0641490026082804,0.0280286515104329,0.054315706080412,0.014730311907634,0.186450286075883,0.0646294952775873,0.042289403655717,0.0279920208445689,0.0369419483668521,0.0355157232087701,0,0
CGATGGCGTTCTGTTT.2,0.144877023853665,0.315581854043393,0.137846618468015,0.0909090909090909,0.0605561882370229,0.0314766205454465,0.0411804317686671,0.0318249181457867,0.181836158936905,0.0829201083592362,0.069423722898399,0.0325403993476326,0.0375029715209433,0.0386731121853642,0.00826327167907759,0
AGTCTTTAGTGTCCAT.2,0.102793227042393,0.263327902123889,0.114487050425551,0.0689918048408614,0.0413945115903163,0.0446345152822886,0.0351752822341058,0.0322729622608995,0.230502017032721,0.0729960530081669,0.0648518954761593,0.0541581926043366,0.0396234488660676,0.0363001676750047,0,0
GAATGAATCCGCTGTT.2,0.159683599060685,0.291141411542749,0.128122998078155,0.0939584524490185,0.0597259468792476,0.0377719446545357,0.0384868290750644,0.0459693262105807,0.206020776755346,0.0935164169567562,0.065907603716791,0.031325332518957,0.0345266961441544,0.0356039732112215,0.0353110737448955,0
CGAGCACTCTGGAGCC.2,0.13479174391299,0.32764485607295,0.131623501418505,0.0898880993220616,0.0602622974909078,0.0451239044356453,0.0458308575955635,0.0393520592796829,0.2148008015398,0.0841647752610805,0.089080835841731,0.0254254358321258,0.0346217848143394,0.0357020287695008,0.0410281047321643,0
CATGACATCCAAATGC.2,0.102014584105797,0.25729640110911,0.109293493182026,0.08983364643742,0.0593585834466037,0.0438448191484629,0.0556308179837592,0.0282129932793383,0.227179845492657,0.0569950945480927,0.0452384068402914,0.0331121955023034,0.0430086055246517,0.0413990567055294,0.0228200816718712,0
CTGCGGAAGATATGGT.2,0.168273390186627,0.307349283937913,0.105976022696074,0.0595442293555501,0.0372433048014401,0.0398963384793344,0.0361655773420479,0.0286886093399966,0.241035410129987,0.0866807329557178,0.0870130436679318,0.0211629554063976,0.0271668330718395,0.0258964729415687,0.0443910641364401,0
TCATTTGTCCAACCAA.2,0.101198862934124,0.312751908069634,0.138052530429212,0.113738462795067,0.053730575658499,0.0455465587044534,0.0556228956228956,0.025993451662933,0.205157275819337,0.067704554682144,0.0624263839811543,0.0439113456052917,0.0437312794180573,0.0450957512526598,0.0283929858275282,0
TCGCGAGTCTTTACGT.2,0.119663824001978,0.354972415173084,0.140180287361581,0.103964170001906,0.0679254986958598,0.0296747786626329,0.0461239849475144,0.0319558848871273,0.198222901890474,0.0693086441117937,0.0734458840465908,0.0254579242500049,0.0333666143678981,0.0344076954002138,0.0153254864280567,0
CCTATTAGTGGTCTCG.2,0.110975157582499,0.287854100563131,0.129472865379336,0.12291377385717,0.0697696631277323,0.00974329314410286,0.0609229550406021,0.0297225572979493,0.160663906979197,0.0473505900519831,0.0492343934040047,0.0304741359705265,0.0415347311367851,0.0373297510369375,0.026999759788614,0
ACCAGTAGTTTGACTG.2,0.159139784946237,0.268816282194209,0.0859110460327629,0.0727082142176482,0.0476103008706513,0.0379499043466655,0.0317845117845118,0.0377597794244356,0.232921137975585,0.0762042318674663,0.06803646992104,0.0377515415754284,0.0416963818760995,0.0412421678122824,0.0336776363199616,0
TGACTAGAGTGACATA.2,0.161389197874181,0.285681616785296,0.0913791525578841,0.0601159846442865,0.0462804452444804,0.0406304222093696,0.0395563477916419,0.0440599689815613,0.222717325388246,0.0857488967725188,0.0735680321074903,0.0391095574427716,0.0458517567631817,0.0442426678956297,0.0286331972135479,0
CCCTCCTAGTGTGGCA.2,0.110975157582499,0.26438555869994,0.0828223666148074,0.066609491137793,0.0362440762646486,0.0264381367620234,0.0315706080411963,0.0452800275719455,0.198367917314842,0.0609687102721627,0.0438598787244252,0.0289276872794849,0.0473921932201778,0.0488708902464136,0.0568340139322604,0
ACATACGAGGACAGAA.2,0.104301075268817,0.251493582597262,0.130410908758122,0.0942307168722263,0.0690275889937916,0.0278173243760288,0.0660883343236284,0.0237256591418232,0.161593324017191,0.0660272495523858,0.0420800069798892,0.0705388528989415,0.0771644558550849,0.077267779924105,0.0725438385779486,0
AGGCCGTTCAGGCAAG.2,0.126424422197503,0.252636995111912,0.102475519355724,0.0655068202238014,0.0602329084162962,0.0222449615162166,0.0403327391562686,0.0325211097708082,0.197919687821341,0.0756850659939697,0.0498800331544737,0.0593368464142533,0.0441496695668711,0.0455271957090888,0.0259908719673313,0
CTCTACGAGATCGGGT.2,0.0970090223705352,0.22353714661407,0.121488057106251,0.0876963707152386,0.0613570405201866,0.0320216221025938,0.0540780352545058,0.0276064104773393,0.110435837266327,0.0379989483563075,0.0368799895301662,0.0356982735654739,0.0268150049921552,0.0262494729513742,0,0
CGAGCACCAACTGGCC.5,0.175441848967989,0.262984878369494,0.0801912693328452,0.0724495630156008,0.0367877741449616,0.03368999421631,0.0293444246385423,0.0427158366362226,0.180708993592955,0.0971971698803922,0.058875365353575,0.0260817018732822,0.0434269956734655,0.0447819734661659,0,0
TCTATTGTCAGTGTTG.2,0.129514275120504,0.307720893005174,0.149881028644642,0.10445424596368,0.0489621983027809,0.0483160564132224,0.0511071499306793,0.0327899362398759,0.174394231022754,0.0391238077488835,0.0402739606508747,0.014145457144528,0.0204535729567822,0.021091750585882,0.0510208983905837,0
TCTTTCCAGTGTCCAT.2,0.137708565072303,0.260926735843124,0.121854122815045,0.0971711726428708,0.0620623783108629,0.0283623259331761,0.0477322242028124,0.0238841978287093,0.197616473752208,0.0627658229111894,0.0725035990053658,0.0302662100961007,0.028925973470261,0.0298285008285695,0.0565938025462407,0
TATGCCCCATTTCACT.2,0.112470646397231,0.360232112740474,0.168710533540771,0.0848920471561981,0.0613423459828809,0.0434777772834453,0.0471301247771836,0.0268343960020679,0.20049700740897,0.0512776139668932,0.0443484709680234,0.0306690664778007,0.0464603242523653,0.0479099457752763,0.0474657698774922,0
CTGCCTACATAGAAAC.2,0.134013100976394,0.330503387359575,0.102452640248925,0.0922976394674508,0.057654017119136,0.037382657828002,0.028750247573777,0.0421437187661554,0.174433780683945,0.0610752058359569,0.0313833267896872,0.0558930741190765,0.0426853040460229,0.0440171401115872,0.0278164785010809,0
CGGACTGGTGACTACT.2,0.0817451489309109,0.251464997284395,0.129518623592935,0.0867978981186528,0.0510782116748099,0.0277172220492059,0.0513844325609032,0.0222988109598484,0.185520869037889,0.0630120939024634,0.0344457531736684,0.0683816219517742,0.0337850045167118,0.0348391398566428,0.0158059092000961,0.0128272880134518
GGATTACAGTAGGTGC.2,0.130799653936473,0.319726724408999,0.126612977029377,0.0912494214381007,0.0637081664891077,0.0429772656493304,0.0555912061794415,0.0296260554885404,0.223448994120284,0.0944815330036408,0.0813157091131178,0.0303376846154346,0.0442542671040745,0.045635056823196,0.0694210905596925,0
AAAGTAGCAAGAAAGG.2,0.121975033988382,0.272761055369751,0.112977029376773,0.109028288273571,0.0648249513243452,0.0269831383191707,0.0540146563675975,0.038648974668275,0.177512062646663,0.0715650188696827,0.042830345068272,0.0326053761833906,0.0453097513431275,0.0435660845435023,0.0438145568099928,0
CTGATCCGTAAGGGAA.2,0.120504263997034,0.340279564359832,0.155806717305756,0.0779084647009175,0.0570074574776827,0.0480824843173021,0.0456803327391563,0.0319558848871273,0.231016162628207,0.0735019069361892,0.0840902150678358,0.0410718578826648,0.0524033661389245,0.049684751380132,0.0615901993754504,0
CTGCCTATCGAACGGA.2,0.130095167470028,0.242489209044393,0.0972590830053995,0.0586593699801247,0.0508945299584879,0.0316768251990924,0.0377262824321648,0.0364845769429605,0.215901600442956,0.0663467362437683,0.0502552021986651,0.0335670333526098,0.0294584700232967,0.0303776119549337,0.00662983425414365,0
GGACGTCCAATAGCGG.2,0.142479297985416,0.195609295943744,0.102361123821726,0.0900922976394675,0.0515410895999412,0.0143368776972016,0.0653436324024559,0.0235050835774599,0.135853086191895,0.065102069341924,0.0283994241591415,0.0280764907310544,0.0464222887842914,0.0442622790072855,0.0569300984866683,0
CGAGCACTCACCATAG.2,0.150661228525522,0.298659348826573,0.0972819621121991,0.0648806120504234,0.0481466514823115,0.0355919384259465,0.0452525252525253,0.0421023608478373,0.188829857357555,0.0898156961149087,0.0622344370283122,0.0314617838740489,0.0343935720058955,0.0354666954296304,0.0236848426615422,0
GATTCAGTCAAGGTAA.2,0.13621307625757,0.318411800017151,0.106319209298069,0.112594952217594,0.0729069468425113,0.0346798950037816,0.0620400079223609,0.0398138893675685,0.172799061354708,0.061228293208911,0.0390786546263578,0.0277126204508093,0.0333571055008796,0.0343978898443858,0,0
CGTAGGCTCAGCACAT.2,0.108045977011494,0.312408884315239,0.113846435435161,0.0799368346538158,0.0546783733147203,0.040463584997998,0.0295107942166766,0.0284473548164742,0.210885385081868,0.0786469738619951,0.0866378746237404,0.0437229127815934,0.038862739504588,0.0400753066687585,0.01426855632957,0
GGGCACTGTCGACTAT.2,0.118526758126313,0.304262070148358,0.141553033769562,0.0690190312831822,0.0429447852760736,0.03410152600436,0.0530402059813825,0.0227261761158022,0.211669786695494,0.077908160888173,0.0613968503250011,0.0333850982124872,0.048913611943137,0.0504397791788828,0.0111938505885179,0
CTGCCTAAGTTGAGAT.2,0.156260042022,0.29631535317154,0.0960693694518166,0.111655639957527,0.0653319128613938,0.0495728967388886,0.0509724697959992,0.0282336722384973,0.184242096659372,0.0683501840376462,0.0415041661213628,0.029590451004217,0.027062235534636,0.0279066118862948,0.0499159260148931,0
GGACAAGGTTCTGTTT.2,0.145544432085033,0.265614727153189,0.119749244989476,0.112295461352065,0.0651776202196833,0.0383614361347155,0.0438027332144979,0.0301774943994486,0.158086587391568,0.0891168189775095,0.0684639881341884,0.0326573576519971,0.0295630675605002,0.0282694174519283,0.0314676915685803,0
CGCTGGATCATGTAGC.2,0.116920034606353,0.314724294657405,0.140935297885971,0.0783985406626916,0.0665662539950773,0.0376051074431641,0.0412438106555754,0.0420472169567465,0.19602789569436,0.0791395158445431,0.0425773240849801,0.0448535097237835,0.0350306660961346,0.0361236676701019,0.0449675714628873,0
GGATTACGTCATGCCG.2,0.0932888394512421,0.308549867078295,0.145465361032305,0.0988183724032781,0.0683516402777267,0.0212773056902612,0.0543553178847297,0.0149715664311563,0.1638081050439,0.0594777723790443,0.0478907647341098,0.0632939357119187,0.052488945942091,0.05372464038124,0.0205620946432861,0
CGGACGTTCTGCCCTA.5,0.152638734396243,0.28405225395192,0.119863640523474,0.0222303901549185,0.0454722456926638,0.035436223695333,0.0413230342642107,0.0302808891952438,0.189627442191579,0.0801778475915363,0.0621995375823409,0.0219426774354942,0.0449484143964247,0.0463508623986351,0.0654816238289695,0.0224837857314437
GCATGCGGTACCAGTT.2,0.163947596094426,0.316868193122374,0.132561544797291,0.0831087151841869,0.0536571029719702,0.0292298794323086,0.0382887700534759,0.0603205238669654,0.201472565718354,0.0617541150551447,0.0662216987305327,0.0357567527176562,0.0234108305995341,0.0241412784483688,0.0320922411722316,0
ATTATCCCAGATGGCA.2,0.113471758744284,0.314095417774348,0.185069094902535,0.11768629693158,0.0662062378310863,0.020643324287049,0.0459496930085165,0.0294881957608134,0.161131911303293,0.0829334203047104,0.0568075731797758,0.0526507300147497,0.0537916607236248,0.0554700293186119,0.0981023300504444,0
GATGAGGGTTCGGCAC.2,0.0827215424545792,0.25203670354172,0.0881760776059303,0.0667592365705573,0.0463171815877448,0.0449236997819994,0.0443097643097643,0.0199276236429433,0.223785166240409,0.0542528337803928,0.0373511320507787,0.0556331667760443,0.0414206247325631,0.0427130011864723,0.0433821763151573,0
GCTTCCACACAGTCGC.2,0.148955629712026,0.140811251179144,0.0509288917360666,0.0834354324920363,0.033385988758679,0.0649219201850781,0.0437472766884532,0.0395795278304325,0.191637883302133,0.0789464926351662,0.101696985560354,0.0215268256866427,0.0325108163362335,0.0335251953756999,0.0154215709824646,0
TACTCGCTCATATCGG.2,0.103510072920529,0.296744132864534,0.141987736798755,0.105938087070163,0.0615039858932442,0.0406304222093696,0.0439532580709051,0.0284128898845425,0.220977140295831,0.0738946093276802,0.0812197356366968,0.0312018765310167,0.0438548946892978,0.0452232234784229,0.00648570742253183,0
AGTCTTTTCACGGTTA.2,0.168570016067235,0.263385072749621,0.115814038619932,0.0735794603719132,0.0533779067631608,0.0481937091248832,0.0398177857001386,0.0387385834912976,0.201004561394257,0.0867273247648778,0.057540461545173,0.0409094157932697,0.0322160414586602,0.0286812507967014,0,0
AGGTCCGGTCCAGTGC.2,0.100506735879372,0.275476660092045,0.106776791434062,0.0725040159002423,0.0497336615113332,0.018385460693153,0.0298593780946722,0.0258831638807513,0.164790254963482,0.0682170645829035,0.0446887405662435,0.0343792437995855,0.0375219892549803,0.0386927232970201,0.0209944751381215,0
CGTGTCTTCGGAAACG.2,0.19975281176616,0.240831260898151,0.0915164271986822,0.0328759291023442,0.0231879798684839,0.0240801708413044,0.0518122400475342,0.0461554368430122,0.183147889366414,0.0869203479742547,0.0686210356410592,0.0399932424090812,0.0318927399800314,0.0328878342468843,0,0
TGGGCGTGTGTTCTTT.2,0.104288715857125,0.257868107366435,0.118422256795095,0.0979335130278527,0.0831710811505823,0.0185856653467989,0.0255971479500891,0.0295433396519042,0.147704801328869,0.0599902822798038,0.0530558827378615,0.0309159784536813,0.0366661912233157,0.0378102232725062,0.0515013211626231,0
GACACGCCACAAGACG.2,0.117735755778025,0.409427436183289,0.211585979683353,0.0898880993220616,0.0712758532015723,0.0391066423455087,0.0514874232521291,0.0301568154402895,0.195289635352124,0.0641169853768279,0.0655062600881211,0.0301622471588879,0.0480007607093615,0.0461449457262485,0.0564496757146289,0
AAGTCTGGTGTTCGAT.2,0.160536398467433,0.265357459337392,0.0793218632744578,0.0708704293609954,0.0502479703170346,0.0253592561284869,0.0313487819370172,0.0305703946234706,0.190616183721359,0.0893697459415206,0.0573136151463596,0.0239439639768423,0.0215851281319831,0.0222586117294059,0.011145808311314,0
TCTGGAATCGTCTGAA.2,0.197800024718823,0.303919046393963,0.151093621305024,0.072041166380789,0.0547885823445134,0.0376384748854384,0.0514715785304021,0.0430880579010856,0.191077596435257,0.0839251602425437,0.0852157222004101,0.0214618488508847,0.0372462321114439,0.0384083621780101,0.030987268796541,0
TACGGATAGTGTACGG.2,0.105314547027561,0.306263042048995,0.124668252951405,0.12152522529881,0.0782778002277653,0.0448903323397251,0.0512418300653595,0.0311080475616061,0.203173201149577,0.0680506652644751,0.0529860838459189,0.0307730294150135,0.0336233537773974,0.0346724454075679,0.0776843622387701,0
GGACAAGTCTCTGTCG.2,0.103917933506365,0.325043592602121,0.166353985540405,0.077472841623785,0.0466184196025128,0.0240468033990301,0.0560348583877996,0.0374358090642771,0.145252722335012,0.0574743245851665,0.0413296688915063,0.0248406443103034,0.0284600389863548,0.0293480285930008,0.0554888301705501,0
CGACTTCAGACAATAC.2,0.176294648374737,0.255638452962868,0.0869863640523474,0.0907457322551662,0.0654862055031042,0.0244583351870801,0.054331550802139,0.0362502154058246,0.176042133572389,0.0860217916547414,0.0456746499149326,0.0262181532283741,0.037940379403794,0.0391241677534491,0.057170309872688,0
GGATTACCATGCTAGT.2,0.152502780867631,0.27719177886402,0.116042829687929,0.117168994527485,0.0696888431725506,0.0269608933576545,0.0461873638344227,0.0398345683267276,0.141568012234029,0.0580201143496116,0.0434498102342625,0.0338984152149759,0.0302381971188133,0.0311816675328241,0,0
GGAATAATCCACGACG.2,0.0985045111852676,0.289369122145042,0.114029468289558,0.0780173704702007,0.0381029352338268,0.0140476931974908,0.0633234303822539,0.0203618817852835,0.18641732802489,0.0431440152821134,0.0487370762989138,0.0595187815543759,0.046108496172681,0.0475471402096428,0.0821042517415325,0
TTTATGCCACAGCCCA.2,0.152910641453467,0.291284338107081,0.114441292211952,0.0834762721555174,0.057169097388046,0.0478377897406237,0.0479223608635373,0.0316043425814234,0.227911514224695,0.0994002968563841,0.072590847620294,0.0324884178790261,0.0380449769409975,0.0392320288675564,0.062695171751141,0
GTCATTTTCCAAGTAC.2,0.214843653442096,0.262270245547838,0.0917680973734785,0.0882000598981731,0.0581683259248374,0.0496396316234373,0.0297643097643098,0.0287506462174737,0.157862472644818,0.0954000572413655,0.0660646512236618,0.0294020181805186,0.0341178148623592,0.0351823343106204,0.0226279125630555,0
ACAGCCGAGAGTAATC.5,0.104338153503893,0.306005774233199,0.193122540496019,0.104495085627161,0.0796664340031593,0.0456911509543088,0.0418538324420677,0.024270205066345,0.228168587022438,0.0637708747944968,0.0734284343236051,0.0360426507949916,0.0481338848476204,0.0458703901630664,0.0318520297862119,0
AGTCTTTGTCGCGAAA.2,0.0895439377085651,0.254809478889746,0.128077239864556,0.117441258950693,0.0836486536130194,0.0550117898296036,0.0485482273717568,0.0232982939858694,0.221168296991589,0.0568020713387158,0.0580203289272783,0.0299218328665831,0.0588789045785195,0.0607160016865556,0.0372327648330531,0
AGCCTAAGTTCCGTCT.2,0.12763564454332,0.273189835062745,0.0978768188889906,0.118884260393694,0.0797325594210352,0.0395626640565912,0.0353971083382848,0.0469619162502154,0.181064940543676,0.0690224372840969,0.063630414867164,0.0366144469496624,0.0399847858127704,0.0412323622564545,0.02061013692049,0
CGAACATGTCCGAACC.2,0.202274131751329,0.370865849126719,0.12016106891187,0.0697813716681641,0.0500495940634069,0.0290407972594207,0.0519152307387601,0.0522143718766155,0.201966936483244,0.0746134543832908,0.0713519172883131,0.0255748825543694,0.0320924261874198,0.0330937509192709,0.0185443190007206,0
CAGATCATCAGAGACG.2,0.121616611049314,0.271731984106566,0.114326896677954,0.0556916877671595,0.0351493332353697,0.033589891889487,0.0376945929887106,0.0297777011890402,0.215084240778337,0.0694417635665364,0.0618418182611351,0.0736772340660554,0.0405172823658061,0.0417814733828187,0.000432380494835455,0
AGTTGGTCAAACCTAC.2,0.114954888147324,0.293342480633451,0.108149537842043,0.0770372185466525,0.0450828404540612,0.018997197134849,0.0394533571004159,0.0445217990694468,0.213574762042872,0.0621268495284243,0.0515813811455743,0.0291031247360316,0.0473066134170114,0.0487826402439622,0.0534230122507807,0
GAACATCTCATCTGCC.2,0.102373007044865,0.31369522339422,0.136862816875629,0.0966266437964551,0.0730318504096102,0.0283845708946924,0.0524064171122995,0.0327623642943305,0.184756242254858,0.0720841847431793,0.0523753435414213,0.0296684232071267,0.0432653449341511,0.0446152790170911,0.0333893826567379,0
ACTGCTCGTTTGTGTG.2,0.0903720182919293,0.383300460223537,0.15900979225771,0.0979062865855319,0.0622827963704493,0.0496173866619211,0.0687344028520499,0.0209684645872824,0.168956152608959,0.0607557191445744,0.0546438075295555,0.0266729910786805,0.0321875148576047,0.0331918064775502,0.0662022579870286,0
TTCTACAAGATCCTGT.2,0.0797552836484983,0.282880256124403,0.157110826393338,0.111002205341828,0.0618346129826237,0.0346465275615073,0.0314517726282432,0.0127313458555919,0.185013315052601,0.0681172249918464,0.0542511887623784,0.0612731561198433,0.0329101887510103,0.0273771118715864,0.0202257987028585,0.000480422772039395
CGTGTAAGTCACCTAA.2,0.183623779508095,0.258182545807964,0.125537659009792,0.0679435868115113,0.0397487234120716,0.0535213774080171,0.0344385026737968,0.030108564535585,0.234081261370528,0.0931836183198994,0.0890023120882956,0.0261596740761918,0.0403366138924547,0.041595167822088,0.0304588037472976,0
GAAGCAGCACAAGTAA.2,0.0954640959090347,0.216590915587571,0.0897547359751075,0.0711835334476844,0.0549208331802652,0.0343907105040708,0.0346682511388394,0.0207892469412373,0.229757165080286,0.0792060755719145,0.051694804344981,0.03776453694258,0.0486853991346931,0.0487826402439622,0.0493394186884458,0
CTGAAACCACGGCGTT.2,0.208404399950562,0.280107480776377,0.104511759860895,0.0753627923439244,0.0620623783108629,0.0236686390532544,0.0421865715983363,0.0347613303463726,0.161903129696522,0.0661204331707057,0.0446189416743009,0.0432095957791047,0.0517567631816669,0.0501946402831845,0.065865962046601,0
CCACGGAAGCCAGAAC.2,0.0832035595105673,0.338936054655118,0.153656081266587,0.115671540199842,0.0724146798427684,0.0309872313920897,0.0675698158051099,0.0263243150094779,0.18194821631028,0.0576074440399092,0.0378222745713912,0.0318646402557488,0.0380449769409975,0.0392320288675564,0.0559692529425895,0.0119625270237809
GGGAGATTCAAACCGT.2,0.187430478309232,0.30637738330046,0.0957033037430219,0.0598437202210787,0.0444730171558723,0.0357142857142857,0.0426460685284215,0.0379803549887989,0.227502834392385,0.0869003800560433,0.0746673646555861,0.0248146535760002,0.0440545808966862,0.0454291401508094,0.0575546480903195,0
TGGCCAGCAATCGGTT.2,0.108985292300087,0.279278506703256,0.141095451633568,0.0685561817637289,0.0544946915983983,0.0411309338434845,0.0297563874034462,0.0244563156987765,0.259168929786168,0.0672918843724416,0.0782183832831654,0.0344637136860709,0.0450815385346836,0.0464881401802261,0.0434302185923613,0
CCCAGTTGTAAATGAC.2,0.210517859349895,0.349855644170025,0.120984716756658,0.0530915625255248,0.0443040299768561,0.0336010143702451,0.0390097048920578,0.0561502671032225,0.209817544229704,0.0901351828062912,0.0742398464424377,0.0306365780599216,0.0545999144201968,0.0563035015639862,0.0395868364160461,0.02536632236368
AAGGCAGAGGATGGAA.2,0.0872945247806204,0.277077437612555,0.0974192367529972,0.0685017288790874,0.0425039491569009,0.0326444810250478,0.0338997821350763,0.0248285369636395,0.198888654520526,0.050825007820768,0.0389914060114296,0.0346131604083144,0.0242856463652356,0.0250433895845386,0,0
GTGGGTCCAGATGAGC.2,0.139204053887035,0.380041734556785,0.169053720142766,0.0848648207138773,0.0656992762940377,0.0371157182898074,0.0530560507031095,0.0369739789763915,0.198717272655364,0.0719111294520138,0.0578196571129433,0.0337359731255807,0.0517282365806114,0.0533422237039507,0.0306029305789094,0
GACGGCTCAGCCTATA.2,0.113842541095044,0.259497470199811,0.107966504987645,0.114636935391652,0.0701370265603762,0.0283623259331761,0.0385581303228362,0.0208719627778735,0.161909721306721,0.0601234017345465,0.04971426078611,0.0362375813022657,0.0227452099082394,0.0234548895404136,0.0297381695892385,0
CGGTTAACACTCTGTC.2,0.0631318749227537,0.294171454706572,0.21389676947012,0.152318331563615,0.097314573307373,0.0169840281176314,0.0667855020796197,0.0240496295019817,0.136136525430432,0.0434768139189702,0.0303276185490555,0.0399607539912021,0.0527647030856273,0.0509692791935911,0.0167667547441749,0
CCGGTAGTCTTGGGTA.2,0.153887034977135,0.265271703398794,0.125217351514597,0.131680688284462,0.0631644686087947,0.0328335631979357,0.0319271142800555,0.0280130966741341,0.180847417407124,0.0830399158685046,0.0702002355712603,0.0289601756973639,0.0300575286454619,0.0293382230371729,0.0125390343502282,0
CTCGAGGCAGGGTATG.2,0.0919911012235818,0.313723808707086,0.082776608401208,0.0485447466579542,0.0327467763858785,0.0201650576144503,0.035753614577144,0.0266827503015682,0.203628022253276,0.0578470590584461,0.0383195916764821,0.0154514915432648,0.0389863547758285,0.0349077787474383,0.0091280326687485,0
ATCTGCCTCGTTACAG.2,0.0908293165245334,0.178086499156733,0.132698819438089,0.0898472596585804,0.0597553359538592,0.0245139475908707,0.0406179441473559,0.0140616922281578,0.1881772879479,0.0708195499231235,0.0520088993587227,0.0481088491952619,0.0442732848381115,0.0456546679348519,0.0357914965169349,0.00278645207782849
CTCTGGTAGTAGCCGA.2,0.0982696823631195,0.2671297487351,0.110803514230804,0.0815431947507419,0.0679181514272069,0.0188081149619611,0.0383363042186572,0.0280337756332931,0.203957602763203,0.068929253665777,0.0689176809318152,0.0456397294364559,0.0331384015594542,0.0307110008530834,0.0139322603891424,0
TGTATTCTCGGAGCAA.2,0.166332962550983,0.325500957607981,0.108652878191635,0.104277274088595,0.0486830020939716,0.0407972594207412,0.0350009902951079,0.0433982422884715,0.208518997020592,0.0830266039230303,0.0676002268463988,0.028654784569301,0.0411068321209528,0.040585195571811,0.0639442709584434,0
CGACTTCAGCGAGAAA.2,0.172216042516376,0.310293571163136,0.10627345108447,0.0942171036510659,0.0581315895815731,0.035847755483383,0.0481521093285799,0.0337687403067379,0.139313681546128,0.0802976551008047,0.0421149064258605,0.0334565727318211,0.0183901488137688,0.0189639449712207,0,0
AACCATGCACAGCGTC.2,0.136756890372018,0.372809650401624,0.178914615173424,0.0814615154237796,0.0716873002461335,0.0233349646305112,0.054331550802139,0.0429364122005859,0.187175363197722,0.0692021485479996,0.0757928717881604,0.0268744192695304,0.0292017306137974,0.0273869174274144,0.0380014412683161,0
CATGGCGTCGAGCCCA.2,0.071536274873316,0.212474630534831,0.141392880021964,0.11768629693158,0.0778516586458984,0.0239467010722071,0.0510516934046346,0.0143649836291573,0.136835236111477,0.038804321057501,0.0361645508877547,0.036562465481056,0.0356962867874293,0.0328290009119167,0.0347826086956522,0
AGCATACCACGGATAG.2,0.100580892349524,0.304233484835492,0.163311064336048,0.108088976013504,0.0681091804121818,0.022389553766072,0.0489522677757972,0.0256005514389109,0.183187439027606,0.0640903614858793,0.0374645552501854,0.0406819968681165,0.063329054343175,0.0619220850533913,0.0687484986788374,0
ACCGTAACAATCACAC.2,0.102570757631937,0.211502729897379,0.0841035965955889,0.081652100520025,0.0539877300613497,0.027216710415091,0.0341057635175282,0.0249457177322075,0.140407888839086,0.0771094441597167,0.0542162893164071,0.0563544096529587,0.0418199971473399,0.043036584528794,0.0509248138361758,0
CTCACACAGGGATCTG.2,0.140242244469163,0.246691250035732,0.113526127939965,0.101050940673582,0.0567062194629147,0.0172954575788584,0.0418459100812042,0.0330587627089437,0.208083950747489,0.0833860264508357,0.0501330541377656,0.0322350082195697,0.0348119621547093,0.0295343341537315,0,0
CATCAAGGTGCGATAG.2,0.118823384006921,0.256438841723123,0.138578749885604,0.0934683764872444,0.0456191910657213,0.0244694576678382,0.0426143790849673,0.0244218507668447,0.182633743770928,0.0667860304444193,0.0742311215809449,0.028589807733543,0.0268815670612846,0.0277203063255641,0.0169108815757867,0
AATCGGTTCCTTGACC.2,0.140229885057471,0.293028042191922,0.113549007046765,0.0676032562825016,0.0456265383343742,0.0455131912621791,0.0313646266587443,0.0401516457004997,0.233876921454373,0.0791661397354917,0.0705666797539589,0.0556071760417411,0.0395283601958827,0.0377121677142269,0.0386259908719673,0
CCAGCGACAAGTCTGT.2,0.0611049314052651,0.20524254637967,0.0933467557426558,0.0954967464401427,0.0713787149627126,0.0392734795568804,0.0407130124777184,0.0259176288126831,0.225248503704485,0.0606225996898317,0.0424115517166165,0.0431186282090435,0.0348975419578757,0.0359863898885108,0.0288253663223637,0
TTATGCTTCAGCAACT.2,0.099851687059696,0.276391390103765,0.143108813031939,0.112281848130905,0.0776459351236178,0.0330893802553722,0.0347791641909289,0.023663622264346,0.181111081815066,0.0532211580061368,0.0282162020677922,0.0770235411075951,0.0428279370513003,0.0441642234490062,0.0407398510689407,0
ATGAGGGTCACCCGAG.2,0.0837844518600915,0.320955892862247,0.137640706506818,0.0706526178224291,0.0513427133463135,0.0201984250567247,0.068116458704694,0.0354713079441668,0.144580378094761,0.0582530733954114,0.0439384024778607,0.0380504350199154,0.0514049351019826,0.0496651402684761,0.0465529666106173,0
CCTTACGTCTAAGCCA.2,0.0880113706587566,0.337392447760341,0.119840761416674,0.0932233385063574,0.0433856213952463,0.0340570360813276,0.0646147752030105,0.0259520937446149,0.176899042898199,0.0373533190008054,0.0340007852375344,0.0415137003658196,0.0446441306518328,0.0460370846121412,0.0582272399711746,0
AGCTCTCAGCCCTAAT.2,0.12677048572488,0.33679215619015,0.171982245813123,0.104522312069482,0.071657911171522,0.0410530764781777,0.0596474549415726,0.0340513527485783,0.204221267171145,0.0753256434661644,0.0612485276796231,0.0424038830157049,0.0586602006370941,0.0602061127835031,0.0511169829449916,0
TGCTACCCACCTATCC.5,0.112915585218144,0.327073149815625,0.131623501418505,0.0786435786435786,0.0531942250468388,0.0202206700182409,0.0436601307189542,0.0353265552300534,0.133420782028634,0.0857355848270445,0.0893251319635301,0.0420854965204904,0.0468596966671421,0.0483217791200494,0,0
CACATTTGTGAACCTT.2,0.108997651711779,0.361575622445188,0.149469204722248,0.104222821203953,0.0600198376253628,0.0293299817591316,0.0434858387799564,0.0373668792004136,0.169569172357423,0.0596907635066327,0.0580988526807137,0.022650924945257,0.0430561498597442,0.0394869733190826,0.0537593081912083,0
CACATAGAGTGGCACA.2,0.179668767766654,0.313523711517023,0.105312528598884,0.0825777995589316,0.0605414936997171,0.058137206922632,0.0231095266389384,0.0377184215061175,0.209501146940175,0.0728496216079499,0.0742921956113947,0.0314942722919279,0.0311225217515333,0.0320935842248218,0.0135959644487149,0
CTACGTCTCCGCGCAA.2,0.172957607217896,0.351170568561873,0.15489155303377,0.157055732527431,0.0740457734837074,0.0442229834942386,0.0294632600514953,0.0412476305359297,0.171322540670235,0.0923050299185975,0.0738385028137678,0.0382128771093105,0.0316645271715875,0.0326525009070139,0.0610136920490031,0
TCTGAGAAGGTGCTTT.3,0.153639846743295,0.197095732212789,0.0651825752722614,0.0565493207002641,0.0198376253627714,0.059371802286782,0.0240285204991087,0.0388626572462519,0.219322646135998,0.0518633395677611,0.0719888321772892,0.0190901943457158,0.0329957685541768,0.0312895286469314,0.0164785010809512,0.015901993754504
TGCTGCTGTGTTAAGA.2,0.13602768508219,0.25455221107395,0.108950306580031,0.0676849356094639,0.0448403805885162,0.0406304222093696,0.0363794810853634,0.0420885748750646,0.167097318532971,0.0757383137758668,0.058081402957728,0.032527403980481,0.0266723719868778,0.0273967229832423,0.0207542637521018,0
CGCTATCAGTACGTTC.2,0.120121122234582,0.220307006260184,0.0751807449437174,0.0760026137384628,0.0576099335072187,0.0135138141211016,0.0430421865715983,0.0323694640703085,0.242841511324386,0.0801046318914278,0.0686559350870305,0.0443271973541432,0.0388151951694956,0.0400262788896189,0.0426134998798943,0
TCAGCTCAGCTATGCT.2,0.133283895686565,0.222307978160821,0.0889997254507184,0.0673309918592937,0.0634510120862569,0.031020598834364,0.0280213903743316,0.0442598655867655,0.15085559100377,0.0687362304564001,0.0660123020547049,0.0301362564245846,0.0459563543003851,0.0473902513163959,0.0391544559212107,0
CTACCCATCTGAGGGA.2,0.104016808799901,0.395620730068891,0.124782648485403,0.044324648098233,0.0536424084346644,0.0455688036659697,0.0488968112497524,0.0219679476133035,0.208604687953173,0.0688027901837714,0.0446800157047507,0.0263675999506176,0.0404412114296582,0.0373297510369375,0.0340619745375931,0.00466010088878213
TCAGCAACATGGTTGT.2,0.130762575701397,0.314038247148615,0.113388853299167,0.0626616570012796,0.0389772602035193,0.0361369399830938,0.0421152703505645,0.0413234533861796,0.219962032325256,0.0669258058718992,0.0790821445709549,0.0395059161408958,0.0445680597156849,0.0459586401655178,0.0345904395868364,0
CTAGTGACACGGCCAT.2,0.132109751575825,0.293885601577909,0.121190628717855,0.0852596041275287,0.0533191286139378,0.0305645771232816,0.0654149336502278,0.0357332414268482,0.208729928546945,0.0741209124007428,0.0710465471360642,0.032793809007089,0.0662863119859269,0.0624613906239275,0.0586115781888061,0
GGGCACTCAGCTCGCA.2,0.161722901989865,0.304290655461224,0.10625057197767,0.0663372267145852,0.0392711509496345,0.0423655292076345,0.0325054466230937,0.0361054626917112,0.227034830068289,0.0875193855205969,0.0688042577324085,0.0374721411816687,0.0363143631436314,0.0374474177068727,0.0318520297862119,0
GGATTACAGTGCCAGA.2,0.10795946112965,0.188805991481577,0.0658689484762515,0.0375724904026791,0.0438191102457661,0.0195978110957868,0.0482947118241236,0.0193417198001034,0.137804202810663,0.0639572420311366,0.0297866771365005,0.0505454805361888,0.0487234346027671,0.0470372513065903,0.0213307710785491,0
GATGAAAAGAATGTTG.2,0.108219008775182,0.240059457450762,0.0825249382264116,0.0745187726319802,0.068336945740421,0.0300751879699248,0.0404674192909487,0.0186317422023092,0.210568987792338,0.0895893930418461,0.0591022117523884,0.0293630320790638,0.0394332715256977,0.0406636400184344,0.0425654576026904,0
TGCGCAGCACATTCGA.2,0.110938079347423,0.298916616642369,0.130868490894115,0.0649078384927441,0.0458249145880019,0.0235129243226409,0.0533571004159239,0.0398759262450457,0.191941097371266,0.0493274139549124,0.0361558260262618,0.0483362681204151,0.0456330528217563,0.0470568624182462,0.0236368003843382,0
CCCAGTTCACTTCTGC.2,0.140118650352243,0.272275105051025,0.0794820170220555,0.0932369517275178,0.0698210940083024,0.022289451439249,0.0627450980392157,0.045679820782354,0.170518364226013,0.0818950885577173,0.0633599441608864,0.0161532413694518,0.0456805971568488,0.0471058901973858,0.0249819841460485,0
AAGGCAGAGACGCACA.2,0.106995427017674,0.313266443701226,0.104031298618102,0.067929973590351,0.0486756548253187,0.0219446545357477,0.0629590017825312,0.0326589694985352,0.197754897566378,0.0647226788959072,0.0526109148017275,0.0378230160947622,0.0302286882517948,0.0264848062912446,0.0167187124669709,0
AGTGAGGTCCTCAATT.2,0.1296749474725,0.361547037132321,0.120527134620664,0.0621307413760244,0.0586826347305389,0.0560239355785914,0.0539354327589622,0.0283370670342926,0.191446726606375,0.0706198707410094,0.042385377132138,0.026822437800924,0.033537773974231,0.030191306394203,0.0177276002882537,0.00432380494835455
CTTCTCTTCAGGCAAG.2,0.100852799406748,0.286310493668353,0.1736066623959,0.06754880339786,0.0549502222548768,0.0344240779463452,0.0542285601109131,0.0175357573668792,0.190688691433543,0.0543193935077642,0.0477075426427605,0.0676018999226776,0.0514239528360196,0.0481354735593187,0.0250300264232525,0
CCACTACGTGGACGAT.2,0.123037943393894,0.22879684418146,0.131783655166102,0.0792017207111547,0.0568164284927078,0.0292298794323086,0.04181422063775,0.036160606582802,0.217154006380679,0.0647626147323301,0.0619377917375562,0.0404090941579327,0.03986117054153,0.0411048900306914,0.038866202257987,0
GTGTGCGCAAAGGAAG.2,0.162513904338153,0.30614870079753,0.0813352246728288,0.0738108851316398,0.0386686749200985,0.0208657739022112,0.04116458704694,0.0367396174392556,0.183866374878055,0.0784406387071439,0.0460934432665881,0.0344832067367983,0.0421908429610612,0.0426835845189885,0.0638001441268316,0
AGCTCTCCATCCCACT.2,0.0985415894203436,0.336449132435755,0.150109819712638,0.106918238993711,0.0828184122552441,0.0409418516705966,0.0298276886512181,0.02985352403929,0.220370712157566,0.0759978967126151,0.0804781224098067,0.0440997784289901,0.0572528883183569,0.0554111959836443,0.0534230122507807,0
TACTTACAGAGTCTGG.2,0.122061549870226,0.345539261927222,0.135741740642445,0.089207438264042,0.0546563315087616,0.0488610579703697,0.0525410972469796,0.030853007065311,0.225881298283545,0.0690823410387311,0.0694149980369062,0.0272447872333513,0.0399277326106594,0.0411735289214869,0.00672591880855153,0
CGTAGGCAGCCACTAT.2,0.136299592139414,0.335362890546837,0.138716024526402,0.0643769228674889,0.0557657690753462,0.0256261956666815,0.051574569221628,0.0319558848871273,0.198565665620798,0.0725767267257273,0.0632465209614797,0.0199283955269946,0.0361432035372985,0.0346822509633959,0.0595724237328849,0
CAAGAAAAGATCCGAG.2,0.123779508095415,0.250464511334077,0.0786583691772673,0.0506820223801356,0.0566694831196503,0.0401299105752547,0.0414497920380273,0.0438531793899707,0.215361088406676,0.0573744849941095,0.0622257121668194,0.0376865647396703,0.0580896686159844,0.0599021405528372,0.0267115061253903,0
CCTATTATCATTGCCC.2,0.0977876653071314,0.318669067832947,0.157705683170129,0.0983419096626644,0.0611954006098233,0.0231013925345909,0.073852247969895,0.0196312252283302,0.148634218366863,0.0372135435733255,0.0236967238145094,0.0498567260771535,0.0404792468977321,0.0359373621093712,0.0282969012731203,0
CGGTTAAAGGTGCACA.2,0.085786676554196,0.310236400537404,0.148119337421067,0.109613656783468,0.0624591308181184,0.0437002268986075,0.0431768667062785,0.0331483715319662,0.221010098346824,0.069321956057268,0.0726606465122366,0.0217802353460991,0.0326914848095849,0.0337115009364306,0,0
GGAGCAACACACGCTG.2,0.110344827586207,0.270845839407712,0.124553857417406,0.0751313675841978,0.0480952206017413,0.0312319259687681,0.0570330758566053,0.0247871790453214,0.166662272259868,0.0685964550289202,0.0498887580159665,0.0572900760878747,0.0559882090048971,0.0577351127148642,0.0399231323564737,0
AGGGATGTCACGACTA.2,0.0703744901742677,0.263956779006946,0.102178090967329,0.0840071877807727,0.0616729730722604,0.0267384437424923,0.0517726282432165,0.0171635361020162,0.195704906794632,0.0488415279451015,0.0368276403612093,0.0625531997842769,0.0526030523463129,0.0542443348401204,0.0784530386740332,0
CGCTTCAGTTGCGTTA.2,0.108836979359782,0.307034845496384,0.118468015008694,0.0575158594026519,0.0693067852026009,0.0282844685678694,0.0543553178847297,0.0246631052903671,0.210305323384396,0.0725900386712016,0.059913623871221,0.034060857304371,0.0364569961489089,0.0343488620652462,0.0324285371126591,0
CTCGAAAAGGAGCGAG.2,0.100605611172908,0.288282880256124,0.139631188798389,0.060306569740532,0.044311377245509,0.0493282021622103,0.0416557734204793,0.0295226606927451,0.204122393018166,0.0705799349045866,0.0825022902761419,0.0355228361089272,0.039842152807493,0.0384083621780101,0,0
GGAGCAAGTATATGAG.2,0.130700778642937,0.340708344052826,0.117072389493914,0.0719050341691851,0.0528342088828478,0.0514748409485252,0.0427728263022381,0.0307082543511977,0.231536899833891,0.073688274172829,0.0769445535052131,0.028654784569301,0.0384728759568297,0.0396732788798133,0.00542877732404516,0
GTGCAGCGTCAGGACA.2,0.105326906439253,0.187090872709602,0.0723437357005583,0.0954286803343407,0.043040299768561,0.0327000934288384,0.0289879183996831,0.0366637945890057,0.23565006459778,0.0627591669384522,0.0460847184050953,0.0305716012241636,0.0392906385204203,0.0405165566810155,0.00869565217391304,0
GGGTCTGGTTGTGGCC.2,0.0854653318502039,0.342537804076266,0.150498764528233,0.0760162269596232,0.0578083097608464,0.0233460871112693,0.0548861160625866,0.0292400482509047,0.227193028713054,0.0647892386232786,0.0528377612005409,0.0289016965451816,0.034403080872914,0.0354765009854584,0.0162863319721355,0
TAGAGCTAGCTGCCCA.2,0.163762204919046,0.240173798702227,0.0761874256429029,0.0672084728688502,0.0412622607545645,0.0498732037193576,0.0505525846702317,0.0347613303463726,0.232960687636776,0.0911402346895987,0.0790385202634908,0.0339763874178855,0.0312081015546998,0.0321818342272732,0.0172952197934182,0
GGCGACTTCAAGGTAA.2,0.109047089358547,0.293714089700712,0.141461517342363,0.0791881074899943,0.0550310422100584,0.0303198825466032,0.0415448603683898,0.0215888333620541,0.208947451683497,0.0784606066253553,0.0692056013610784,0.0345741743068596,0.0354680739789854,0.0353980565388349,0.0184001921691088,0
CGAGCACTCTAGCACA.2,0.128179458657768,0.347082868821999,0.135695982428846,0.0930872062947535,0.0572425700745748,0.0351915291186546,0.0725212913448208,0.0368567982078235,0.185316529121734,0.0642035130224107,0.0485887536535358,0.0376735693725187,0.043474540008558,0.0411245011423473,0.0627432140283449,0.0159980783089118
GCTGGGTGTTCAGACT.2,0.145482635026573,0.160592287682589,0.0625972362038986,0.0815840344142231,0.0423129201719261,0.0249254793789207,0.0177857001386413,0.0466310529036705,0.210048250586653,0.0527485839418002,0.0576451598830869,0.0493174183403617,0.0531640755004041,0.0548228626339684,0.0656257506605813,0
GCCAAATTCGTGGACC.2,0.126239031022123,0.324986421976389,0.138784661846801,0.099444580576656,0.0658462216670953,0.0225007785736531,0.0822024163200634,0.0416405307599517,0.131851978801382,0.071578330815157,0.0349256205557737,0.0531380562829351,0.0635667760186374,0.0655501407097261,0.0608215229401874,0
ACACCCTTCCACGACG.5,0.177444073662094,0.356087242374868,0.130891370000915,0.066364453156906,0.054751846001249,0.0423877741691507,0.0326322043969103,0.0304256419093572,0.195744456455823,0.0882448865489447,0.0805479213017493,0.0466663634414331,0.0305139542623496,0.0314660286518341,0.0148931059332212,0.00744655296661062
ATTACTCGTGTGGTTT.2,0.180867630700779,0.253065774804905,0.0854077056831701,0.0756486699882926,0.0571470555820874,0.0400075632869155,0.0450544662309368,0.0377804583835947,0.169417565322857,0.0755120107028042,0.0656894821794704,0.0278295787551738,0.0200542005420054,0.0206799172411088,0,0
TGTGTTTGTATGGTTC.5,0.1853170189099,0.226538604465026,0.102841585064519,0.0561681505077731,0.0569486793284596,0.0353249988877519,0.0313725490196078,0.0487196277787351,0.146999499037625,0.107820102368861,0.0747022641015574,0.0524687948746272,0.0246945276470309,0.0254650284851397,0.00139322603891424,0
AGAATAGAGGCCATAG.2,0.117191941663577,0.26918789126147,0.15210030200421,0.106033379618285,0.063811028250248,0.0352916314454776,0.044246385422856,0.0262071342409099,0.170439264903631,0.0714385553876771,0.0486672774069712,0.0494603673790294,0.0427803927162079,0.0441151956698665,0,0
AACTCTTAGTGAACGC.2,0.123964899270795,0.303433096075237,0.134094444952869,0.101609082741158,0.0604827155504941,0.032766828313387,0.0400633788869083,0.0276270894364984,0.213930708993593,0.0779015049154359,0.0660908258081403,0.0317281889006569,0.0356677601863738,0.0344175009560417,0.0244054768196013,0
TACTCATTCCATGCTC.2,0.0845136571499197,0.322327987879827,0.124645373844605,0.082659478885894,0.0587854964916792,0.0408862392668061,0.0717686670627847,0.0193417198001034,0.190042713634087,0.0557903634826712,0.0559176373075077,0.0359711762756577,0.0484571863262492,0.0462430012845278,0.0288734085995676,0
CGGTTAAGTACATGTC.2,0.120269435174886,0.283880742074722,0.105106616637686,0.100656157259931,0.0686087946805775,0.0223339413622814,0.0552188552188552,0.0266069274513183,0.183161072586811,0.0660405614978601,0.0420974567028748,0.0492004600359972,0.0521276089953882,0.0537540570487238,0.0644727360076868,0
TGTTCCGGTTGGTGGA.2,0.201099987640588,0.259268787696881,0.0596458314267411,0.0502191728606823,0.0608353844458323,0.0382613338078925,0.0460922955040602,0.0322247113561951,0.175824610435837,0.0976364640810431,0.0620075906294988,0.0301492517917362,0.0413065183283412,0.0425953345165371,0.0178717271198655,0
CCTACCAAGTTACCCA.2,0.0845754542083797,0.271160277849241,0.125446142582594,0.0779629175855591,0.0533485176885493,0.0244805801485963,0.0501406219053278,0.0181630191280372,0.16972077939199,0.053081382578657,0.0242987392575143,0.0613316352720255,0.0469167498692531,0.0460468901679692,0.01902474177276,0
GTAACGTAGAAGATTC.2,0.135273760968978,0.294657405025298,0.109247734968427,0.08739687984971,0.0588736637155138,0.0131022823330516,0.0454822737175678,0.0337480613475788,0.151369736599256,0.0585858720322682,0.0338786371766348,0.030792522465741,0.048875576475063,0.050400556955571,0.0379533989911122,0
GTGCATATCCAGAAGG.2,0.133716475095785,0.238401509304519,0.115493731124737,0.094394075526151,0.0603651592520481,0.0439894113983183,0.0383125371360665,0.0296743063932449,0.162911646056899,0.0773823390419393,0.0481263359944161,0.0480698630938071,0.0492083868207103,0.0507437514095486,0.0425174153254864,0
GGACAAGTCATCGATG.2,0.115202076381164,0.330017437040848,0.125057197766999,0.0916986577363936,0.0628191469821094,0.0330226453708235,0.0450227767874827,0.028109598483543,0.208505813800195,0.07408097656432,0.0674780787854993,0.0256918408587339,0.0424475823705605,0.0385750566270849,0.0490031227480183,0
ATAACGCAGGCATGTG.2,0.116586330490669,0.239573507132036,0.117827400018303,0.0852868305698494,0.0658241798611366,0.0386839880767006,0.0291067538126362,0.0327830432534896,0.184189363777784,0.0647359908413815,0.0544780351611918,0.0347431140798305,0.0496933390386535,0.0446054734612632,0.0116742733605573,0
ACGGCCAGTAAGTGTA.2,0.144246693857372,0.317840093759826,0.116889356639517,0.060061531759645,0.0460673744535469,0.0587266984028118,0.0273321449792038,0.0437084266758573,0.243480897513645,0.0744603670103367,0.0720586310692318,0.0267769540158933,0.0412019207911377,0.0424874734024298,0,0
CAGGTGCTCTGGGCCA.2,0.162810530218762,0.214589943686934,0.0524846709984442,0.0598164937787579,0.0426508945299585,0.0380277617119722,0.0257635175282234,0.0414268481819748,0.234878846204551,0.0742673438009598,0.0538847445796798,0.0299283305501589,0.0395663956639566,0.0408009178000255,0,0
ACGCCAGCAAGGGTCA.2,0.128031145717464,0.279821627647715,0.119017113571886,0.0789839091725884,0.0527680834649719,0.0478266672598656,0.0341849871261636,0.0223125969326211,0.192804598307275,0.0694351075937993,0.06803646992104,0.0355163384253514,0.0410307611848048,0.042310973397527,0.0228681239490752,0
CGACTTCTCCTTGCCA.2,0.0883079965393647,0.346882771631936,0.170678136725542,0.116583626017588,0.0825979941956578,0.0518974952173333,0.0371796395325807,0.0270549715664312,0.20103751944525,0.0507850719843452,0.0620512149369629,0.0323194781060552,0.0443303380402225,0.0425266956257415,0.0194571222675955,0
GCTCCTAAGAGACGAA.2,0.0898900012359412,0.334390989909385,0.137114487050426,0.086593699801247,0.0647073950258991,0.0342349957734573,0.0389225589225589,0.0350784077201448,0.216402562818045,0.0561031942013165,0.0575579112681586,0.0268094424337724,0.0306565872676271,0.0316131119892531,0.0319961566178237,0
TATCTCACACTGTTAG.2,0.0861945371400321,0.234656833319041,0.10210945364693,0.0853685098968118,0.0458028727820433,0.0292410019130667,0.0518439294909883,0.0160882302257453,0.182613968940333,0.0437763326921413,0.0346028006805392,0.0342038063430387,0.040783530642324,0.0420560289460008,0.0448714869084795,0
ACATCAGGTGGCGAAT.2,0.194364108268446,0.278906897635995,0.114487050425551,0.0874377195131912,0.059586348774843,0.0443119633403034,0.0564230540701129,0.0364225400654834,0.213502254330688,0.0948076756677605,0.0760546176329451,0.0325793854490874,0.039785099605382,0.0410264455840679,0.0689406677876531,0
CAGAATCTCCATGCTC.2,0.140501792114695,0.237915558985793,0.0819758396632195,0.0509134471398622,0.0426949781418758,0.0516528006406549,0.0258981976629035,0.0395174909529554,0.234667914678198,0.0752790516570044,0.0667713650045806,0.0272187964990481,0.0261018399657681,0.0269162507476736,0.0126351189046361,0
CCTATTATCAACGGGA.2,0.1149919663824,0.306920504244919,0.13057106250572,0.102738980097471,0.0699459975754013,0.0314543755839302,0.0494038423450188,0.0296053765293814,0.170551322277006,0.0740476967006343,0.0513632596082537,0.045769683107972,0.042571197641801,0.043899473441652,0.0622627912563056,0
TGGCCAGAGCAATATG.2,0.165986899023606,0.2579824486179,0.11945181660108,0.117277900296768,0.0727600014694537,0.0342349957734573,0.037979797979798,0.0353265552300534,0.160637540538403,0.0864877097463409,0.0386162369672381,0.0326118738669664,0.0406123710359911,0.041879528941098,0.0387220754263752,0
TGTCCCACAAGTTGTC.3,0.137807440365839,0.0447074293228139,0.00610872151551203,0.0118162759672194,0.0192351493332354,0.0419873648618588,0.0220875420875421,0.0243667068757539,0.144086007329871,0.0499464194194661,0.0531605810757754,0.0580957888512745,0.0650691770075596,0.0670994185305394,0.0268075906797982,0.0515493634398271
TGGCTGGTCGAGAGCA.3,0.138722036831047,0.0465083040333876,0,0.0351221105938087,0.0107857903824253,0.0358143880411087,0.0300812041988513,0.00711356195071515,0.132577055923221,0.0497733641283005,0.0438773284474109,0.0421699664069759,0.056948604573765,0.0587254738534854,0.0353110737448955,0.0209464328609176
CTGGTCTGTCCGAAGA.3,0.159807193177605,0.0138924620529972,0,0.0351084973726483,0.023481870614599,0.0457133959158251,0.0141334917805506,0.0186248492159228,0.163195085295436,0.0393234869309975,0.0258081402957728,0.0321570360166601,0.028906955736224,0.0298088897169136,0,0.0513571943310113
GATCGCGCACATCCGG.3,0.267667779013719,0.0701483577737758,0.00695524846709984,0.0188543113071415,0.0112192792329452,0.0265048716465721,0.0262626262626263,0.041233844563157,0.130948928204182,0.0422987067444972,0.0558652881385508,0.0443077043034158,0.0618551799553083,0.0619907239441868,0.0469853471054528,0.21450876771559
GGACAGATCCACTCCA.3,0.13479174391299,0.0379041248606466,0.0082364784478814,0.0134090228429851,0.0155394732008376,0.0453241090892913,0.0203446226975639,0.0233947957952783,0.124726448176761,0.0279617414687069,0.0311128560834097,0.0580308120155165,0.0412209385251747,0.0425070845140857,0.0157098246456882,0.267451357194331
CGAGCACCAAAGCGGT.3,0.164083549623038,0.0227253237286682,0.0134986730118056,0.0131639848620981,0.016119907424415,0.034201628331183,0.0187284610814023,0.0201344132345339,0.135365307037203,0.0574077648577951,0.0489028486672774,0.0747753425903665,0.0549802691009366,0.0566957237971034,0.0322844102810473,0.03012250780687
TTGACTTGTTCGCGAC.3,0.188270918304289,0.0573707229225624,0.0164271986821634,0.0633559312804596,0.0253039932405128,0.0210103661520666,0.0235927906516142,0.0450112011028778,0.0904171170933636,0.0606159437170945,0.032482659337783,0.0610262441439627,0.0527932296866828,0.0544404459566791,0.0518856593802546,0.165169349027144
CTGTGCTAGCTACCTA.3,0.161599307872945,0.0713489409141583,0.0196989109545163,0.0155599117863269,0.018713493258881,0.0467922765493616,0.0228163992869875,0.0444321902464243,0.156748490521265,0.0386778575754954,0.0427430964533438,0.0618449522745141,0.0576902962012076,0.0594903072080641,0.0410281047321643,0
TACGGTAAGTGTACCT.3,0.115263873439624,0.0365892004687991,0.0148485403129862,0.0264504887146397,0.0142096175746666,0.0353806112915425,0.0210734798970093,0.0207409960365328,0.172522213726369,0.0414933340433038,0.0455525018540331,0.0395059161408958,0.0519184139209813,0.0535383348205093,0.031755945231804,0.0756185443190007
ATTATCCGTACCAGTT.3,0.190273142998393,0.0393333905039591,0.00656630365150544,0.0518663726210896,0.017207303185041,0.0364038795212884,0.0127312339077045,0.0252007582285025,0.120468267988504,0.0568819430115614,0.0321336648780701,0.0665037913983665,0.0671326011505729,0.0692272241452007,0.0403074705741052,0
CTACCCAAGCTCTCGG.3,0.141861327400816,0.0547122888260012,0.00299716299075684,0.046693348580141,0.0161125601557621,0.028351203452418,0.0273876015052486,0.00917456488023436,0.0801539800142379,0.0280083332778669,0.0420538323954107,0.0742100441192715,0.052507963676128,0.0541462792818411,0.0343021859236128,0
CATTATCAGCCGGTAA.3,0.221060437523174,0.0490523968784838,0.00873981879747415,0.0193852269323967,0.00350464714742295,0.0352360190416871,0.0330045553574965,0.049305531621575,0.130157934980357,0.0703136959951012,0.0415041661213628,0.0382453655271896,0.049854989777968,0.051410529205848,0.0308431419649291,0.22829690127312
GTATTCTAGCCACCTG.3,0.124471635150167,0.0367321270331304,0.0231078978676672,0.0283155000136132,0.0157231549171595,0.0537438270231793,0.0101723113487819,0.00787868343960021,0.132300208294882,0.0268701619398167,0.0302141953496488,0.0414747142643648,0.0516711833785004,0.0532833903689831,0.0433341340379534,0.0683641604612059
GTGCTTCGTGCACTTA.3,0.171239648992708,0.0206957665151645,0.0225587993044752,0.00330801274197501,0.0138422541420227,0.0349913244650087,0.0218577936224995,0.0297845941754265,0.129610831333878,0.068143848882795,0.0397766435457837,0.0488300920721763,0.0523272952027766,0.0539599737211104,0,0.0884458323324526
GTTCTCGCAGCTTAAC.3,0.13528612038067,0.0228968356058657,0.0121259266038254,0.022039805058673,0.0146798427684508,0.0366374516172087,0.0227847098435334,0.00962260899534723,0.154283228307011,0.0368541210455202,0.0375954281725778,0.065418678241207,0.0451290828697761,0.0465371679593658,0.0330530867163104,0.00172952197934182
GTGGGTCCATTGTGCA.3,0.12831541218638,0.0628019323671498,0.031527409169946,0.0457540363200741,0.0280224826420778,0.0415647105930507,0.0154486036838978,0.0212579700155092,0.124225485801672,0.0324012752843764,0.0468088819089997,0.123163592179388,0.101440593353302,0.10460566957238,0.0402113860196973,0.0953158779726159
CAGTCCTTCAGTGTTG.3,0.0995303423557039,0.0288139953691793,0.0171822092065526,0.0432628168477225,0.0175746666176849,0.0212328157672287,0.0201465636759754,0.0174116836119249,0.0739644580378095,0.0390705599669864,0.053579374427431,0.0634888662191929,0.0607521513811629,0.0626476961846582,0,0
GTACTCCGTGGTCTCG.3,0.0903596588802373,0.0315867707172055,0.0296055641987737,0.0676985488306243,0.0503361375408692,0.0371490857320817,0.0346365616953852,0.0100086162329829,0.148983573707385,0.0328871612941873,0.0567901234567901,0.0376085925367606,0.0574620833927637,0.0592549738681937,0.0847465769877492,0.00456401633437425
ACTATCTTCGGGAGTA.3,0.140279322704239,0.0312151616499443,0.00606296330191269,0.0356938658825451,0.0156717240365894,0.0248698669751301,0.0314913844325609,0.0217060141306221,0.16480343818388,0.0527219600508516,0.0508484927801771,0.0512277373116484,0.0555793277231018,0.0573134738142632,0,0.0263271679077588
GTGCAGCAGCTAGCCC.3,0.111185267581263,0.0363319326530029,0,0.025905959868224,0.0142683957238896,0.0359144903679317,0.0267934244404833,0.0120902981216612,0.164302475808791,0.0367010336725661,0.0612310779566374,0.0515851099083177,0.0470784006085675,0.0444976123471559,0,0.00960845544078789
ATCTACTGTTCCAACA.3,0.150685947348906,0.0334162307406455,0,0.0474829154074437,0.0224091693912788,0.0432553276682831,0.0240839770251535,0.0260417025676374,0.0914585915047328,0.0427979046997823,0.0282336517907778,0.0718643803484058,0.0546950030903818,0.0564015571222655,0.053951477300024,0.214412683161182
GAATGAAGTTCCACGG.3,0.197589914720059,0.0374467598547866,0.0108904548366432,0.0187862452013395,0.00671540354873076,0.0302865151043289,0.0200356506238859,0.0142960537652938,0.169964668969336,0.0622666249559042,0.0520176242202155,0.0376605740053671,0.053373270574811,0.0550385848621829,0.0339178477059813,0.162382896949315
GCTCTGTAGTCCGGTC.3,0.163576813743666,0.0297573106937655,0.00837375308867942,0.0389882654033597,0.0166489107674222,0.0247475196867909,0.025462467815409,0.0136205410994313,0.118741266116487,0.0331733681218842,0.0369323386991232,0.0552173150271928,0.0487424523368041,0.05026327917398,0.0296901273120346,0.076147009368244
