Cellname,MES2,MES1,MES,AC,OPC,NPC1,NPC2,NPC
AAACCCAAGAGTTGTA-1,0.159739643365652,0.244095644902479,0.185821399296012,0.529482690994669,0.281293786574668,0.235734385090876,0.129472608094293,0.17940013578817
AAACCCAAGATCCGAG-1,0.184622686283816,0.323050150292675,0.228482569072761,0.679968621526214,0.308469427404067,0.234050650429006,0.17374466293824,0.197458631201992
AAACCCAAGGGATCTG-1,0.438029696928605,0.537923475037856,0.469935869617629,0.569867948922818,0.196316923547905,0.125991788910416,0.109627758734741,0.115193631268554
AAACCCACAAGGTACG-1,0.187888444414311,0.435984360521617,0.286453059453204,0.779159463660531,0.317135489644291,0.174716302241904,0.123928077455048,0.149952740391656
AAACCCACACCTATCC-1,0.201166180758017,0.334791059280855,0.243707507594387,0.601667707773436,0.28369579295647,0.214883753113756,0.152853448794275,0.177443188625744
AAACCCAGTTAGAAAC-1,0.289714556919113,0.457364341085271,0.349408119967212,0.652759417173904,0.273028058731411,0.198657625242181,0.135462144446449,0.162233582278312
AAACGAAGTGCAATAA-1,0.272515650778584,0.53004723484078,0.378531992863687,0.731103912140273,0.305631763002037,0.203282129347726,0.163810211077034,0.17997923239746
AAACGAAGTTCTCTCG-1,0.209370126788257,0.299896038149479,0.233189883793818,0.672167584293331,0.322021924195504,0.25794584371252,0.174021288111131,0.211663138836748
AAACGCTAGCCATTGT-1,0.354826315908423,0.396659660541958,0.352735184917306,0.64922933887299,0.289736132534234,0.230083494787342,0.171832341090865,0.195688059959796
AAACGCTAGTACCCTA-1,0.224478495717224,0.366137817253147,0.271318530305222,0.670366227464881,0.300392092218206,0.211066519051573,0.159648806302243,0.181769772488252
AAACGCTCAACTTCTT-1,0.259068411417723,0.563767035053224,0.391478615169487,0.657408079957,0.271662211965289,0.205196512593413,0.154380900835889,0.170613842405847
AAACGCTGTAGCTTGT-1,0.220410423305535,0.403179876601803,0.286712232990983,0.725075177593445,0.302499735072826,0.190838638250761,0.146779722172109,0.167305669821745
AAACGCTTCCCGAACG-1,0.500904016091486,0.510712590684114,0.487806789141231,0.621540741171173,0.204064571583323,0.135586769997232,0.137326357568104,0.133877817271723
AAAGAACAGCGTGAGT-1,0.169186611521685,0.367132234953782,0.245949660060755,0.740241439923297,0.300191925019722,0.195820647661223,0.119297612604486,0.155850207010397
AAAGAACAGTGGATTA-1,0.244050444097905,0.569157230998712,0.386084189208737,0.67736827578192,0.323540839995761,0.232251591475228,0.144915509050454,0.184944819415046
AAAGAACGTCGGATTT-1,0.160914864284584,0.298517413609962,0.214782535319929,0.543603004198324,0.253482320526558,0.171729403081465,0.16242708521258,0.172797103185697
AAAGAACGTCTAATCG-1,0.232682441747463,0.400445227925057,0.290394908144076,0.681799032497058,0.329592954114613,0.27906172156103,0.184388718503819,0.228130782645739
AAAGAACTCATACAGC-1,0.212952290550772,0.434255429746649,0.29966488258836,0.626654270232578,0.237174581120701,0.150394409078328,0.0820734860785375,0.111159923852124
AAAGGATAGAGGTTTA-1,0.191244604153954,0.355865934413633,0.251181349148946,0.622412365443003,0.305737733871822,0.232378448196328,0.138661374706837,0.179593167991267
AAAGGATCAAATCCCA-1,0.215935543652677,0.55293014215653,0.359817252519408,0.796853436378692,0.334597134076699,0.175166066980349,0.140345180107042,0.16168776708335
AAAGGATGTAGAAACT-1,0.220794630144417,0.477953307568875,0.327137277592941,0.670714877173613,0.310612393881948,0.218135898145585,0.13596728606651,0.172883634862947
AAAGGATGTCGCACAC-1,0.232998847379483,0.443691097701539,0.313364916341193,0.691227101704025,0.261053350445666,0.172144570532337,0.0999338505021348,0.134516820426801
AAAGGGCAGATCACCT-1,0.232512938730309,0.323841164372726,0.252923236414485,0.650289815070384,0.302299567874342,0.248477719346803,0.171880449816585,0.202004872399057
AAAGGGCAGTCGAATA-1,0.174723710082039,0.353255587949465,0.243225324268287,0.624199195200256,0.273958247477305,0.198426976658363,0.124950387876601,0.1595045063035
AAAGGGCCACTCAAGT-1,0.226648134336791,0.520713268696183,0.350191667872125,0.755088106686811,0.298249125740324,0.172490543408063,0.144109687894642,0.161102014191195
AAAGGGCCAGTCGGTC-1,0.43337401405745,0.556342802901892,0.477174646800714,0.489446082775252,0.171048758374642,0.116362210536027,0.12464970834085,0.117250422673962
AAAGGGCGTGCAATGG-1,0.168226094424481,0.293059416457613,0.215108009065047,0.499774830396444,0.217499322963887,0.179363871205831,0.106416501292922,0.138743560046328
AAAGGGCGTGCAGGAT-1,0.188306551856623,0.388896422356318,0.266050677467573,0.693507851881982,0.325424766569723,0.230556324384168,0.13213061519033,0.177483126322936
AAAGGGCGTTCGTACA-1,0.261238050037291,0.504237575428843,0.358195911085395,0.732019117625695,0.28825254035724,0.184726450779592,0.125972698298154,0.153487226593181
AAAGGGCTCACCTTAT-1,0.189583474585848,0.396331954708794,0.269124596171464,0.717956912706829,0.334667781323223,0.249308054248547,0.148559745023754,0.196160656043239
AAAGGGCTCAGAGTGG-1,0.380805478337514,0.488631997649558,0.415280389604127,0.582288594796403,0.200485111092795,0.134099086631608,0.108954236574659,0.117769612737463
AAAGGTACAACCGTGC-1,0.212918389947341,0.407089746197482,0.282999421380009,0.763179685343638,0.335174086589975,0.196178152966141,0.156966744843346,0.179286978979459
AAAGGTACACACTGGC-1,0.209245824575677,0.319185481501571,0.241188099715512,0.637041126138559,0.316511438966666,0.242619245317834,0.151867219917012,0.190675878962152
AAAGGTAGTTTACGTG-1,0.203460121590164,0.372398128686691,0.26531534789527,0.600679866932028,0.268718576693473,0.204631423563059,0.135221600817848,0.164583250129798
AAAGGTATCATTACCT-1,0.22737134720998,0.446742152010306,0.310284970345725,0.70895012856458,0.33085283001095,0.233992988283052,0.166420109447351,0.19643356364072
AAAGGTATCCCTATTA-1,0.287963025741858,0.484044115985265,0.362565697478181,0.651481034908552,0.247547951818578,0.171325768059784,0.12462565397799,0.144374775350453
AAAGGTATCGCTAAAC-1,0.238422943928402,0.413067552602436,0.301846762138965,0.619201882708427,0.261500783006982,0.200168373466187,0.144278068434662,0.166014350945858
AAAGTCCAGCCAACCC-1,0.334678057269419,0.455793613126314,0.371847726505617,0.667475340296643,0.260959154116968,0.16489067257127,0.132744001443262,0.147543165994382
AAAGTCCGTGGAGGTT-1,0.218421587904265,0.433102809230004,0.303088384203674,0.731873846913724,0.32126835356592,0.233439431681889,0.159372181129352,0.19255960701306
AAAGTCCTCCCAGTGG-1,0.256514565959274,0.494135195606482,0.350402623077294,0.704069032642329,0.271426721143543,0.168696374204262,0.131336821215948,0.150558462132407
AAAGTCCTCGAACGCC-1,0.183029357922571,0.306597057427622,0.22305800665413,0.55936487644726,0.282930447785798,0.219381400498201,0.145192134223345,0.1745277367307
AAAGTCCTCTCGTCAC-1,0.1323705561959,0.268006870522295,0.182952408505714,0.463210192193152,0.202722273899375,0.144455208045023,0.140248962655602,0.157114900754822
AAAGTGAAGGACAGTC-1,0.224817501751531,0.386930187357335,0.282252037224553,0.500384967386725,0.208385828162347,0.178464341728942,0.117337182031391,0.141519230001198
AAAGTGAAGGACTATA-1,0.204816145727394,0.381302687187832,0.266183277882251,0.766026991298284,0.334043730645598,0.203109142909863,0.153935895122978,0.179939294700268
AAAGTGAAGGGAGGCA-1,0.23207223088571,0.475772368748164,0.328553691113361,0.703023083516132,0.308045543924926,0.223971307316173,0.142293583498707,0.178594725561457
AAAGTGAGTACCCGAC-1,0.509401767351459,0.46597509435668,0.471129273349728,0.556197974926275,0.187662635848768,0.125011532429191,0.130675326237296,0.123826830144974
AAAGTGATCCGACGGT-1,0.182803353899699,0.366725427712613,0.25402623077294,0.601900140912591,0.254506705601149,0.181531967893717,0.127800829875519,0.151463716602101
AAATGGACATACTTTC-1,0.322451239632065,0.40667163875517,0.341831814455856,0.570623356625071,0.234054327732577,0.16723175569702,0.146851885260689,0.153081193338392
AAATGGAGTTAAACAG-1,0.436617171785658,0.440572242185911,0.42171753700757,0.575533506689716,0.233053491740159,0.196674047421349,0.152420470262794,0.17166553509858
AAATGGATCTGCGGAC-1,0.204318936877076,0.452064546748932,0.302895510873234,0.78616151197757,0.351658444112141,0.211816126948981,0.133249143063323,0.172976822823063
AACAAAGAGCTCTTCC-1,0.207562094605284,0.53263498090266,0.345008197116544,0.781803390618417,0.343227872693662,0.196466463695913,0.140693968368513,0.170127933756673
AACAAAGAGTCATGCT-1,0.192487626279748,0.307738377743124,0.228048604079271,0.597512965411043,0.28515583605129,0.215783282590645,0.142437909675867,0.173795545615506
AACAAAGCAGAATTCC-1,0.205889664836034,0.303500802314281,0.230676503206519,0.663843572497349,0.318524885492588,0.246551803671925,0.176931866017199,0.205492764620525
AACAAAGCATTATGCG-1,0.323626460550998,0.413056252401293,0.349335792468296,0.552958438049305,0.215450552814704,0.172375219116155,0.17728065427867,0.175845680738049
AACAAAGGTATGCTAC-1,0.212624584717608,0.325762198567135,0.247360046289599,0.615090721559626,0.290901812101873,0.217259433527078,0.147717842323651,0.176817498036397
AACAAAGGTCCATACA-1,0.197516215788641,0.340870567496101,0.244629683205555,0.68174092421227,0.304513181598747,0.209059876372359,0.156473630404715,0.178960821119054
AACAAAGTCCTTCTAA-1,0.277306936063462,0.368002350441838,0.301973335262067,0.689178784665224,0.315122043118369,0.274195036442476,0.189596488063022,0.228270564585913
AACAACCGTGAGTCAG-1,0.194193956652428,0.387811603046534,0.26687641641352,0.700960239406133,0.28648635919415,0.189823784481963,0.121342233447592,0.153846665867913
AACAACCTCCATTGCC-1,0.48324180170407,0.509774673989197,0.478633251362168,0.620146142336244,0.201733212448045,0.132323092536212,0.131180467857358,0.127328034932172
AACAACCTCTCGGTCT-1,0.402637466946912,0.420096277713743,0.392382708905926,0.615700858549908,0.236526981360901,0.175938739736138,0.201888267484515,0.190995380539691
AACAAGAAGCAGATAT-1,0.239372160824463,0.415677899066603,0.303763440860215,0.705667010474018,0.28171767005381,0.185280007380755,0.112394010463648,0.146431566755861
AACAAGAAGGCACTAG-1,0.194476461681018,0.380059665062038,0.261656781908482,0.762177317431033,0.342909960084306,0.233174185810499,0.151506404474111,0.191401413794481
AACAAGACATCGATAC-1,0.233575157637806,0.381189685176396,0.284711172187666,0.586762932725133,0.252304866417831,0.197896484915583,0.138072042816766,0.162007268660889
AACACACAGCCTCCAG-1,0.424751960584898,0.489762017763916,0.438612035295819,0.614291732643782,0.212919026480943,0.147384445059507,0.115015936015395,0.128426321604963
AACACACCAATGCTCA-1,0.165717449770606,0.274640088593577,0.202149332176093,0.582332176009995,0.30312378575045,0.247013100839561,0.147513380239341,0.190848942316653
AACACACCAGCGAGTA-1,0.21487332474518,0.374895473139422,0.270004580741598,0.685677760506704,0.325165726665803,0.253967155641664,0.148752179926634,0.196779690349721
AACACACCATCCTTCG-1,0.153422830926391,0.246389585734626,0.191734172332321,0.463718639685053,0.196599512533999,0.136059599594059,0.188044981658548,0.167611858833553
AACACACGTCTTTATC-1,0.321117815897123,0.424672859176893,0.352186701383866,0.581605822450136,0.227696075545456,0.167704585293846,0.122111973059114,0.142530984996738
AACACACGTGCAAGAC-1,0.251124370013786,0.461003005853504,0.33226047543276,0.664584453128405,0.243662353259782,0.154868991604392,0.0915749594082627,0.119706591051293
AACACACTCCAGTACA-1,0.270549415779601,0.445533030487943,0.335219875596702,0.683571335183114,0.284602432620189,0.203270596918535,0.149521919538156,0.173702357655391
AACACACTCCCGAGTG-1,0.32495988428594,0.432424797161389,0.356086359033705,0.635864433371588,0.248466366023384,0.159505028139127,0.136243911239401,0.146930787970766
AACACACTCCCTTGTG-1,0.432402196759102,0.487897484575225,0.440239404021409,0.619986344553075,0.218700326154788,0.147176861334071,0.134151181670575,0.1406339443801
AACAGGGAGGATATAC-1,0.235530092435645,0.567936809275205,0.377639953710401,0.735985008062525,0.288099471323105,0.173182489159517,0.118744362258705,0.144308212521799
AACAGGGCAAAGGGTC-1,0.225303410400705,0.41809614211133,0.295090168281981,0.706742013742609,0.307291973295341,0.215679490727927,0.147982440315112,0.178920883421862
AACAGGGCAGTAGAAT-1,0.17535652134608,0.317264447307162,0.22727711075751,0.573136539942182,0.27453519999058,0.211470154073254,0.130398701064406,0.165162346739087
AACAGGGGTAACAGTA-1,0.242185910909214,0.402513164734332,0.294837022035778,0.717927858564435,0.324765392268836,0.238236922225298,0.165830777557279,0.197778132779531
AACAGGGTCCTACACC-1,0.211166858770086,0.524171130246118,0.342301943198804,0.798204454000029,0.338188369108314,0.179675246793985,0.141836550604366,0.164230467137931
AACCAACAGTAGAATC-1,0.264413406558637,0.496169231812326,0.355345002169825,0.732425875619216,0.303006040339578,0.200145308607805,0.166444163810211,0.182328900248945
AACCAACCAGACGGAT-1,0.204725744118245,0.319671390150745,0.238053908095858,0.656696253468338,0.313591352777025,0.228042254820555,0.156353358590414,0.186695421808645
AACCAACTCCCGAATA-1,0.0985716545754514,0.316970642077429,0.198086937653696,0.412626930284585,0.185178207679356,0.120260171602546,0.137627037103855,0.14557956254909
AACCAACTCTAGATCG-1,0.221992451465636,0.508136144823378,0.34000554510825,0.760303325246597,0.341661858729056,0.236853030722391,0.177954176438752,0.204261352290427
AACCACAAGCTCCATA-1,0.185006893122698,0.277883246321785,0.21574690197213,0.545041184246844,0.234807898362161,0.160220038748962,0.178892296590294,0.175246615280163
AACCACAAGTCGCCCA-1,0.325502293940832,0.454787895224535,0.366302618255461,0.66949460319305,0.285909406680875,0.210236184149829,0.156088760598954,0.1808179240385
AACCACAAGTTTCAGC-1,0.200081361448234,0.427305806043348,0.289080958580452,0.75030870026294,0.305572890296601,0.179190884767968,0.136484454868002,0.159378036929057
AACCACACAGGTTCAT-1,0.310721630845029,0.533798901620449,0.400634071073822,0.639786742594825,0.246029036018321,0.156206753390534,0.107486920440195,0.129251700680272
AACCACAGTAGCACGA-1,0.492903473681832,0.443657197098108,0.449931288876031,0.580371021398376,0.196893876061181,0.129589906817972,0.128534487942751,0.125970153227632
AACCACAGTTTGGGTT-1,0.198137726851538,0.356374443465094,0.251518877477217,0.772593227479408,0.362596992782206,0.233623950548944,0.161068013710987,0.197558475444973
AACCATGAGATGACAT-1,0.179560196171492,0.299997739959771,0.217579198611312,0.661068901898688,0.34972741937383,0.278162192084141,0.154236574658729,0.212115766071595
AACCATGAGCTACTGT-1,0.264492507966642,0.454155083960494,0.334315781860263,0.692040617691067,0.280634412273782,0.19068871667128,0.12837813458416,0.155983332667705
AACCATGAGTCATCGT-1,0.214285714285714,0.375675187018329,0.26879309513477,0.775251681508491,0.359253023113424,0.224305747762709,0.161609236875338,0.193651237402985
AACCATGAGTCATGCT-1,0.242886523380116,0.407089746197482,0.298670379478278,0.759838458968287,0.327344016766947,0.21246194298367,0.172036803175176,0.193012234247907
AACCATGAGTTGCGAG-1,0.172203765227021,0.335186566320881,0.234214523361782,0.631956651219548,0.272427557135961,0.204158593966233,0.112694689999399,0.154192792576913
AACCATGAGTTTCTTC-1,0.150507379031347,0.260187131330938,0.190335840686629,0.544852332321281,0.252210670089133,0.189500876464618,0.132395213181791,0.157487652595285
AACCATGCATGATAGA-1,0.243338531425859,0.484292720410423,0.338661459086745,0.64228539884074,0.234466436670631,0.146680966878863,0.0859462384990078,0.111526019409721
AACCATGGTGCGTCGT-1,0.180554613872127,0.391608470630777,0.263103331886783,0.689847029940294,0.283283684018415,0.197020020297075,0.118335438090084,0.154918327409242
AACCCAAAGATGATTG-1,0.209675232219134,0.551235111984993,0.355965813202179,0.79310545200982,0.337552543889602,0.176976658363318,0.135089301822118,0.158253125124805
AACCCAACACATTGTG-1,0.470540375618686,0.470495174814112,0.452077004677178,0.626320147595043,0.221396696063771,0.146323461573946,0.129701124541464,0.138976529946617
AACCCAACAGGTGACA-1,0.196634800099442,0.313512780527493,0.234624379188968,0.533550270929878,0.233124138986683,0.197123812159793,0.113632810150941,0.149999334371713
AACCCAACAGTGGCTC-1,0.231846226862838,0.338361922842227,0.261301171705482,0.639626944811656,0.317276784137338,0.243115139773042,0.158855012327861,0.19482939947016
AACCCAAGTCTGTGGC-1,0.207878500237304,0.425565575067236,0.292552678528376,0.675058471461569,0.28343675305255,0.208471722483624,0.153575079680077,0.177103718199609
AACCTGAAGCGGACAT-1,0.195403078174792,0.351165050737903,0.252151743092724,0.53493034269361,0.221337823358335,0.183769259156749,0.104323771724096,0.139262750109829
AACCTGACAAGATCCT-1,0.202070196849504,0.323106651298393,0.239669222238295,0.656928686607493,0.349798066620353,0.288218470338592,0.190450417944555,0.234334438276289
AACCTGACACAGTCAT-1,0.21818428368025,0.52730128596289,0.347774723950046,0.807283873498264,0.352941869090652,0.184518867054156,0.152023573275603,0.176045369224011
AACCTGACATGGCTGC-1,0.215133229371483,0.441883065518566,0.302738801292251,0.696950767755713,0.267929682440627,0.177726266260725,0.110890612784894,0.1423845467737
AACCTGATCTCGGGAC-1,0.176407440052433,0.316416932221394,0.227078210135494,0.569098014149367,0.251162735932367,0.198692222529754,0.112406037645078,0.149986021805983
AACCTGATCTTAATCC-1,0.187436436368567,0.307455872714534,0.226626163267274,0.557461830120429,0.253505869608732,0.195232493772488,0.121787239160503,0.153666946230547
AACCTTTCAGACCAGA-1,0.318202364002079,0.42084209098922,0.347003230628285,0.56661388497465,0.242885233548022,0.19564766122336,0.144903481869024,0.163411744345488
AACCTTTGTCGACTGC-1,0.177921667005673,0.336576491061541,0.236245720622981,0.667097636445516,0.325248148453414,0.239666943444967,0.139154489145469,0.185031351092296
AACCTTTGTCGTTTCC-1,0.227506949623703,0.377155513368138,0.27787622354019,0.688844662027689,0.292114589833861,0.200756527354922,0.136977569306633,0.165248878416337
AACGAAAAGAATGTTG-1,0.118550410197302,0.327751033968405,0.213944741790829,0.412162064006276,0.18717987966419,0.0958344865762524,0.130723434963016,0.127660849075442
AACGAAACAAGTCCAT-1,0.179955703211517,0.31886907586955,0.223745117893823,0.712131557156762,0.338659350751804,0.248742965218194,0.167262012147453,0.20565917169216
AACGAAACAAGTTGGG-1,0.481320767509662,0.412536443148688,0.429137132937943,0.566061856269158,0.207879522895595,0.159827936156472,0.155812135426063,0.153074537055527
AACGAAACAGGCATTT-1,0.201821592424345,0.424119149320858,0.291003664593278,0.76779929398434,0.345936017143732,0.248766030076575,0.190414336400265,0.219284582717627
AACGAAACAGTTAGGG-1,0.191301105159672,0.388873821954031,0.266231496214861,0.720804218661476,0.343734177960414,0.259352800073808,0.149606109808166,0.202404249370981
AACGAAACATTAGGCT-1,0.213121793567926,0.421960810902434,0.29348088143112,0.697546377674797,0.315004297707497,0.227350309069102,0.161801671778219,0.189730686795266
AACGAAATCACAAGGG-1,0.174418604651163,0.268153773137162,0.203758619026954,0.510452227726368,0.236468108655465,0.190354276224744,0.116711768597029,0.148967610527577
AACGGGACATGACTAC-1,0.149027052681538,0.272380048364861,0.195187810405516,0.54454726382614,0.246229203216805,0.186029615278162,0.125118768416622,0.151477029167832
AACGGGAGTCGCTGCA-1,0.204838746129681,0.471286188894162,0.312611504894161,0.766375641007017,0.311613229874366,0.171475689639266,0.130976005773047,0.152668503800738
AACGTCAGTAAGACCG-1,0.239383461025606,0.433769521097476,0.314088191330344,0.589900780103723,0.23855220242791,0.172017713811237,0.0986950508148415,0.128978793082791
AACGTCAGTGTAAACA-1,0.177322756345063,0.311885551562818,0.225517141617243,0.53400061013699,0.2304277690777,0.200191438324569,0.106019604305731,0.147137132739593
AACGTCATCTAGGCCG-1,0.231993129477705,0.571134766198838,0.376910651429674,0.738164068742101,0.29229120795017,0.18574130454839,0.129484635275723,0.155910113556186
AACGTCATCTGCGATA-1,0.164429226840238,0.300540149614663,0.213052702637543,0.587518340427386,0.274817788976675,0.217363225389796,0.157519995189127,0.183294061264427
AACGTCATCTGTTGGA-1,0.210974755350645,0.345786154993559,0.256485365736053,0.554149657887473,0.249455427474714,0.19095396254267,0.10558662577425,0.141625730527044
AACTTCTAGGCAGGGA-1,0.19943724998305,0.449069993445883,0.300876368195188,0.689512907302759,0.275288770620165,0.186329458437125,0.100992242467978,0.138883341986501
AACTTCTCACGGGCTT-1,0.30191877415418,0.382003299658734,0.319627272288924,0.557389194764443,0.228061086319161,0.178937171325768,0.139912201575561,0.155896800990455
AACTTCTCATTGCCGG-1,0.221676045833616,0.476721585644224,0.322472153912918,0.780742914421024,0.334879723062794,0.18040178983301,0.15107342594263,0.170467404182808
AACTTCTTCTCCGATC-1,0.167096074310123,0.2839288539336,0.21378200491827,0.449031770704708,0.176359076404997,0.11535888919642,0.170124481327801,0.149426894045289
AAGAACACAACTGATC-1,0.362815558116935,0.436052161728479,0.37701311538647,0.562560832110638,0.211847543242002,0.157152412584187,0.141367490528595,0.145785907317917
AAGAACACATGAAGCG-1,0.161841480778358,0.260379234750379,0.194139061671247,0.531458372677485,0.260970928658056,0.227938462957837,0.125708100306693,0.168856583729382
AAGAACAGTCCGGCAT-1,0.212658485321039,0.377313716184148,0.268172284102416,0.773798974388773,0.364610439308128,0.241096964664637,0.16605929400445,0.201738621084442
AAGACAAAGACTCTTG-1,0.221619544827898,0.385867968449838,0.277966632913834,0.725757949939713,0.320503008395248,0.204389242550051,0.157772565999158,0.180039138943249
AAGACAAAGTGTACAA-1,0.232162632494858,0.415903903089475,0.297856695115483,0.76209015500385,0.331359135277703,0.21363825076114,0.149906789343917,0.18165661567954
AAGACAACACAATGAA-1,0.481637173141682,0.456268221574344,0.450196489705386,0.625884335459128,0.21972471122938,0.145285542946766,0.13201034337603,0.139036436492405
AAGACAAGTACACGTT-1,0.213946708251407,0.589881799896038,0.378170355369111,0.782878393887008,0.33420857422082,0.178591198450042,0.137518792470984,0.160522917581906
AAGACAATCACTACGA-1,0.35254367527742,0.353470291771194,0.330506533584069,0.698447056089022,0.28614489750262,0.236138020112556,0.207216308858019,0.218931799725761
AAGACAATCTGGCCAG-1,0.216105046669831,0.341751983185301,0.25486402430204,0.614654909423711,0.266257697606236,0.195832180090414,0.138745564976848,0.164057403783431
AAGACTCGTCAGTCCG-1,0.334180848419102,0.473241123692002,0.380756063455326,0.656856051251507,0.273828727525345,0.19891133868438,0.143989416080342,0.168184299159977
AAGACTCTCTCTGAGA-1,0.400727732953647,0.424232151332294,0.390821640387675,0.710155875473946,0.275041505257333,0.190112095211735,0.184328582596668,0.183254123567235
AAGATAGAGTGAGGTC-1,0.244999660993966,0.472902117657694,0.337841747432374,0.678617603904877,0.329451659621566,0.290651812897869,0.169258524264839,0.226559899889506
AAGATAGCAACCTATG-1,0.249519741451398,0.44893439103216,0.322454072038189,0.735665412496187,0.315651897467296,0.226220131008396,0.169499067893439,0.195055713087583
AAGATAGCAGACAAGC-1,0.199380748977332,0.335548172757475,0.24386421717537,0.639205659746938,0.282906898703623,0.203789556232125,0.136664862589452,0.165987725814396
AAGATAGGTTGCATTG-1,0.260266232738943,0.492327163423509,0.350836588070784,0.74269651495562,0.291937971717552,0.173124827013562,0.135498225990739,0.154698670074683
AAGCATCAGCGCCTAC-1,0.188351752661197,0.300901756051258,0.222346786248132,0.594723767741186,0.306314686385098,0.244706615001384,0.138324613626797,0.187001610820453
AAGCATCAGTCGAAAT-1,0.27262865279002,0.469557258119195,0.349968658083803,0.651655359762918,0.290218888718812,0.242492388596734,0.149185158458115,0.196440219923586
AAGCATCAGTTAACGA-1,0.245914977286596,0.445001921034194,0.322333526206664,0.682336534131354,0.291620059108196,0.206326690654119,0.15860244151783,0.179506636314017
AAGCATCGTATCGGTT-1,0.237677130652926,0.414694781567112,0.299122426346497,0.729215392884641,0.317418078630385,0.210478365162838,0.141776414697216,0.175592741989164
AAGCATCTCGAGGCAA-1,0.220715528736412,0.38183379664158,0.274060947972419,0.721980911428447,0.33382001436494,0.241500599686318,0.160839497263816,0.197877977022512
AAGCATCTCGTAGCCG-1,0.195097972743915,0.350306235450991,0.247661410868412,0.715153187965774,0.350339695510367,0.263631331303626,0.182488423837874,0.217926701013086
AAGCATCTCTGAGCAT-1,0.197719619409225,0.378364634890501,0.263694006461257,0.717680898354083,0.337199307656984,0.254797490543408,0.143857117084611,0.196533407883701
AAGCCATAGAGAGGGC-1,0.229382783013538,0.416536714353515,0.302148126717778,0.698011243953107,0.31903119075934,0.279476889011901,0.181730711407782,0.227212215610315
AAGCCATAGTAACGTA-1,0.339345040341718,0.362917259927227,0.330518588167221,0.533114458793963,0.227472359264798,0.159009133683919,0.140429370377052,0.14533328008307
AAGCCATGTAGTGGCA-1,0.489411711528465,0.506316812439261,0.480164183422537,0.572511875880704,0.210104911161088,0.131919457514531,0.130735462144446,0.129537920843484
AAGCCATTCTGCTAGA-1,0.447567066693787,0.442911383822632,0.425731713197358,0.610601856559699,0.219312602291326,0.146311929144755,0.129075711107102,0.136453798740631
AAGCGAGAGGCGCTCT-1,0.177119352724478,0.300314145591792,0.22193090312937,0.507837354910876,0.224658243944942,0.201333148814466,0.100823861927957,0.146191940572707
AAGCGAGGTCGAATTC-1,0.29399733315253,0.438187899744615,0.342989054438498,0.675784825021427,0.255071883573338,0.168488790478826,0.118732335077275,0.142158233156276
AAGCGAGTCTGGGTCG-1,0.222557461522815,0.399936718873596,0.287604272144269,0.573165594084577,0.243203146157379,0.193525694252237,0.121775211979073,0.153527164290374
AAGCGTTAGACATAAC-1,0.128878794042534,0.358736185504102,0.235534500216982,0.424161424815143,0.193408611899351,0.0932858197250669,0.135245655180708,0.12618981056219
AAGCGTTCACGTCTCT-1,0.2247836011481,0.350328835853278,0.264266599161001,0.606098464488574,0.300439190382555,0.230637051388504,0.144422394611823,0.180618235552538
AAGCGTTGTCCTGTCT-1,0.183424864962596,0.327638031956969,0.234660542938425,0.589000101689498,0.266905297366035,0.206764922963373,0.105105538517049,0.15045196160656
AAGCGTTGTGTCTTAG-1,0.439137116640676,0.522769905304314,0.464077342205507,0.609279893080756,0.197788741183812,0.132530676261648,0.109086535570389,0.118142364577925
AAGCGTTTCGCTACAA-1,0.161434673537189,0.269792302302981,0.198557066396644,0.570390923485916,0.276419126564542,0.212923240151305,0.134896866919237,0.169868338724922
AAGCGTTTCGTCGGGT-1,0.183029357922571,0.329931972789116,0.234274796277545,0.603948457951392,0.277843846036101,0.211977580957653,0.13967165794696,0.170254403131115
AAGCGTTTCGTGTGGC-1,0.21348340000452,0.539629805410536,0.351475480977868,0.792175719453201,0.331029448127259,0.177818525694252,0.13950327740694,0.161854174154985
AAGCGTTTCTCATTTG-1,0.209754333627139,0.551212511582706,0.355905540286417,0.789110507430597,0.335009243014753,0.17713811237199,0.132347104456071,0.156489210165475
AAGCGTTTCTGCTCTG-1,0.222128053879359,0.372748434922142,0.273331645691692,0.623676220637157,0.268200496885634,0.195878309807178,0.145769438931986,0.166340508806262
AAGGAATAGGGAGGAC-1,0.156959793884331,0.260627839175537,0.192324846906794,0.538562110492903,0.270955739500053,0.220892148722207,0.131156413494498,0.168963084255229
AAGGAATAGGGCAGTT-1,0.199572852396773,0.431419079259611,0.289370268576113,0.732498510975202,0.308504751027329,0.20933665467294,0.148078657766552,0.176890717147916
AAGGAATAGTCGAGGT-1,0.186894026713675,0.329344362329649,0.235263272096051,0.590874093873934,0.293221396696064,0.219023895193284,0.141271273077154,0.173502669169429
AAGGAATCAATCCTAG-1,0.252423893145298,0.553461251610279,0.378688702444669,0.6172843093104,0.227637202840019,0.13817003413599,0.0910698177882013,0.109881917541968
AAGGAATCAATGGCCC-1,0.17018102922232,0.297839401541347,0.214535416365302,0.612795444310473,0.309646881512793,0.240059046037457,0.140850321727103,0.184818350040603
AAGGAATGTGGCACTC-1,0.165898252988903,0.283499446290144,0.207766767925165,0.525938085622558,0.248242649742726,0.208241073899806,0.107210295267304,0.15211603232291
AAGGAATGTTCCACGG-1,0.495355617329988,0.467591023120212,0.463064757220695,0.55596554178712,0.190841761942328,0.124469508257219,0.134608214564917,0.127321378649307
AAGGAATTCACATACG-1,0.157976811987253,0.271476032273374,0.196013549351463,0.58513590075105,0.27010797254177,0.192545437771012,0.135534307535029,0.162140394318197
AAGGAATTCATACGGT-1,0.150473478427916,0.268504079372613,0.191101306716814,0.550546944230574,0.252222444630221,0.187159793338869,0.122003728426243,0.152242501697352
AAGGAATTCGATACAC-1,0.177006350713043,0.311648247338803,0.223853609142196,0.571567616252887,0.290419055917296,0.228019189962174,0.121775211979073,0.169542180864518
AAGGAATTCTCATGCC-1,0.201516486993468,0.299297127488869,0.227686966584696,0.593242006479074,0.272733695204229,0.21233508626257,0.155355102531722,0.178694569804438
AAGGAATTCTCATTTG-1,0.231563721834249,0.383314122991389,0.280395631419066,0.726585992997952,0.323305349174016,0.221930067349386,0.148667989656624,0.183746688499274
AAGGTAAAGGCATGGT-1,0.348362600854295,0.427961217709675,0.365850571387241,0.537879338146636,0.21576846542406,0.169722760402251,0.129159901377112,0.144794121170973
AAGGTAATCTGTAACG-1,0.164158022012792,0.286335796777183,0.207429239596895,0.587213271932246,0.303159109373712,0.230083494787342,0.148788261470924,0.182927965706831
AAGGTAATCTTCCTAA-1,0.406762040364319,0.489445612131896,0.427425382130286,0.532213780379738,0.179243838971376,0.128955623212473,0.123771724096458,0.123999893499474
AAGTACCAGAGTGAAG-1,0.246536488349493,0.472924718059981,0.334080717488789,0.656870578322704,0.27677236279716,0.200491281483532,0.142221420410127,0.166846386304032
AAGTACCGTCTGTAGT-1,0.21483942414175,0.388760819942595,0.27881045373451,0.5920798407833,0.258568922276254,0.198438509087554,0.128750977208491,0.158759002622575
AAGTACCGTGATAGAT-1,0.186995728523968,0.340124754220625,0.2405311249337,0.708906547350989,0.308387005616456,0.214134145216348,0.12837813458416,0.167378888933264
AAGTACCTCACGGAGA-1,0.186385517662214,0.321716726557733,0.231194850282077,0.601536964132661,0.29366882925738,0.227638619798874,0.122039809970533,0.16956880599598
AAGTACCTCTTCCGTG-1,0.293974732750243,0.430842769001288,0.337889965764984,0.60159507241745,0.24745375548988,0.187540363502168,0.130266402068675,0.155171266158127
AAGTCGTCAAGCGCTC-1,0.256299862137546,0.490699934458833,0.348769227060128,0.638087075264756,0.251009666898233,0.188497555125012,0.12841421612845,0.154439075042933
AAGTCGTGTACGGCAA-1,0.21837638709969,0.457590345108143,0.312593423019432,0.720818745732673,0.290160016013376,0.200087646461851,0.134211317577726,0.165382004073645
AAGTCGTGTCTCACGG-1,0.191730512803128,0.374160960065089,0.25996914026713,0.651727995118904,0.320644302888295,0.240866316080819,0.144987672139034,0.187740458218512
AAGTCGTTCACTCACC-1,0.239971071485072,0.552195629082198,0.370913496311298,0.751456338887517,0.302688127730222,0.180228803395147,0.138072042816766,0.162433270764274
AAGTGAAAGAGCAACC-1,0.224455895314937,0.519571948380681,0.348696899561213,0.729041068030274,0.274134865593613,0.166655134237476,0.119069096157316,0.142337952793642
AAGTGAACAATGAGCG-1,0.180351210251542,0.310902434063326,0.225016876416414,0.641413774568909,0.328780510779592,0.270008764646185,0.159949485837994,0.209559753451283
AAGTGAACAGGAATAT-1,0.275465003277058,0.4071462472032,0.314636674863783,0.697720702529163,0.294634341626535,0.220534643417289,0.155679836430333,0.183660156822024
AAGTTCGAGAAGCGCT-1,0.190871697516216,0.359210793952132,0.252760499541926,0.600665339860831,0.2489137985847,0.182789002675524,0.111985086295027,0.143329738940586
AAGTTCGCAGAGGACT-1,0.171243248129817,0.292415304992429,0.212190799942138,0.586428810087598,0.264338447409012,0.186767690746379,0.127860965782669,0.154259355405567
AAGTTCGCATGTGACT-1,0.302122177774764,0.541177932967207,0.399796277544723,0.669247642982698,0.271203004862885,0.165398099455669,0.11303145107944,0.138044650345461
AATAGAGAGCTTCATG-1,0.232241733902863,0.37785612583904,0.281076715367183,0.635414094164475,0.275171025209292,0.202728572746563,0.133922665223405,0.164210498289335
AATAGAGCAAGGCAAC-1,0.123884105137071,0.282403326779217,0.186894257196586,0.471200081351599,0.190359005757751,0.145977488698219,0.1434121113717,0.161195202151311
AATAGAGCAAGGTACG-1,0.173604990168825,0.303986710963455,0.21869424755292,0.618969449569272,0.297401358782041,0.224040501891318,0.122749413674905,0.168044517219804
AATAGAGCAGTAGTTC-1,0.195222274956494,0.398919700770674,0.272475770287863,0.732832633612737,0.306444206337058,0.207791309161362,0.123976186180769,0.163351837799699
AATAGAGCATCCGCGA-1,0.194306958663864,0.307941781363708,0.229211871353489,0.589218007757456,0.263726171272475,0.203143740197435,0.138841782428288,0.166194070583223
AATAGAGCATCGAACT-1,0.230535403530183,0.349221416141207,0.268998023048363,0.541946918081845,0.239894500111858,0.199476427714734,0.108304768777437,0.148881078850327
AATCACGGTCACCCTT-1,0.162214387416096,0.260774741790404,0.194404262500603,0.530107355056147,0.261877568321775,0.226865947043085,0.124757952973721,0.167851485016707
AATCACGGTGTTTGCA-1,0.160575858250277,0.256119058919249,0.18973913882058,0.602917035896393,0.331347360736615,0.282267736876096,0.164976847675747,0.217900075881625
AATCACGTCAATGTCG-1,0.193730648405542,0.429565846272064,0.285699648006172,0.791245986896582,0.349892262949052,0.204827474859304,0.135281736724998,0.171885192433138
AATCGACAGGTGCTGA-1,0.199403349379619,0.325038985693945,0.240103187231786,0.601624126559844,0.26606930494884,0.202186548574592,0.13980395694269,0.166021007228723
AATCGACCACCAGCGT-1,0.202149298257509,0.325976902388863,0.240742080138869,0.647980010750033,0.305737733871822,0.226554571454931,0.156076733417524,0.185557197438662
AATCGACGTACCAATC-1,0.182136642032228,0.296370375392682,0.219978060658662,0.51563839214376,0.251551295788247,0.207987360457607,0.121546695531902,0.159145067028768
AATCGACTCCCATTCG-1,0.207313490180125,0.334632856464845,0.246968272337143,0.628731641413775,0.270861543171355,0.190146692499308,0.127247579529737,0.156529147862668
AATCGTGAGAGCATCG-1,0.22474970054467,0.62151106289692,0.401062008775737,0.756802301088078,0.303312178407847,0.161061906079897,0.123314691202117,0.142504359865277
AATCGTGAGATCGGTG-1,0.154405948425882,0.265656428684431,0.194271662085925,0.510946148147072,0.244722061957635,0.193975458990682,0.110950748692044,0.148022418360691
AATCGTGAGCGTTCAT-1,0.219675910231202,0.36750514159152,0.270004580741598,0.563490564667257,0.265975108620142,0.204954331580404,0.112394010463648,0.152029500645659
AATCGTGAGGCAGCTA-1,0.453533572897598,0.475060456076118,0.445712184772651,0.567369292676903,0.203758433515054,0.133937632622936,0.126129051656744,0.128339789927713
AATGAAGGTCGTTTCC-1,0.20325671796958,0.384884850950347,0.269022132214668,0.633554629051237,0.286203770208056,0.209555770827567,0.131625473570269,0.165901194137146
AATGAAGGTGCGGCTT-1,0.212669785522182,0.514351255452347,0.338661459086745,0.781323997268911,0.330546691942682,0.178591198450042,0.142016958325816,0.164356936512374
AATGAAGTCCAAGCCG-1,0.187617239586865,0.319637489547314,0.234871498143594,0.512427909409184,0.223775153363398,0.190550327520989,0.111600216489266,0.145306654951609
AATGAAGTCCCGAATA-1,0.344712635884919,0.357391461568016,0.328023289454651,0.708659587140637,0.303488796524155,0.244072331395885,0.195273317697997,0.214099338365483
AATGAAGTCGCCACTT-1,0.229156778990666,0.436662372590232,0.30766912580163,0.634368145038279,0.274829563517762,0.201840575698865,0.118852606891575,0.154572200700241
AATGACCAGGAGACCT-1,0.198092526046964,0.410762311569146,0.279401128308983,0.683106468904804,0.298496391103157,0.217397822677369,0.150664501774009,0.180218858580614
AATGACCAGGTATAGT-1,0.193391642371234,0.458189255768753,0.300243502579681,0.773464851751238,0.340755219065337,0.207629855152689,0.13583498707078,0.171019875660636
AATGACCCACACGGAA-1,0.250265554726874,0.49876827807535,0.34937798350933,0.738977584729143,0.31413298166704,0.218343481871021,0.17357628239822,0.193850925888947
AATGACCCAGTAGTTC-1,0.214263113883427,0.336237485027233,0.253176382660688,0.546958757644871,0.262701786197883,0.204481501983578,0.122196163329124,0.156848649440207
AATGACCTCAAGCTGT-1,0.407078445996339,0.537087260153231,0.452077004677178,0.629036709908915,0.22290383732294,0.146092812990128,0.126405676829635,0.133385252339683
AATGACCTCTCACCCA-1,0.198465432684702,0.287816123126992,0.221792275423116,0.591876461786539,0.27440568003862,0.215206661131101,0.154296710565879,0.17821531743813
AATGCCACAAAGCTAA-1,0.22797025787059,0.521877189413972,0.350547278075124,0.745587402123858,0.30166374265563,0.193698680690101,0.150399903782549,0.172264600556465
AATGCCACACGAGGAT-1,0.218511989513413,0.486688363052862,0.328632045903853,0.758748928628499,0.308905085424296,0.181393578743427,0.144338204341812,0.166347165089128
AATGCCACACTATCCC-1,0.212895789545054,0.402072456889733,0.280552341000048,0.764792190246524,0.317677118534305,0.187517298643786,0.14332792110169,0.166733229495321
AATGCCATCAAACTGC-1,0.452765159219834,0.443962302528985,0.428654949611842,0.621409997530398,0.218535482579566,0.16019697389058,0.152348307174214,0.149986021805983
AATGCCATCATCGACA-1,0.177582660971365,0.318563970438674,0.223305125608756,0.716170082949577,0.378563270496532,0.282855890764831,0.171014492753623,0.224223544603751
AATGGAACAATGTGGG-1,0.18753813817886,0.36109792754311,0.248505231689088,0.723796795328094,0.354908217452225,0.272269120767598,0.166985386974562,0.217141259634969
AATGGAACACGTCTCT-1,0.232207833299433,0.528227902456664,0.355302811128791,0.780031087932362,0.33098234996291,0.186836885321524,0.146491069817788,0.170886750003328
AATGGAAGTTGGGATG-1,0.327016520894072,0.437125680837119,0.360407927093881,0.635966122869968,0.236138421505022,0.165548021035151,0.113813217872392,0.137645273373537
AATGGAATCATGGAGG-1,0.191481908377969,0.339503243157728,0.245238439654757,0.521115097985095,0.21912420963393,0.18691761232586,0.107968007697396,0.142005138650372
AATGGAATCTTGGCTC-1,0.287341514678961,0.593204059032251,0.420656733690149,0.628237720993071,0.281670571889461,0.190757911246425,0.13572674243791,0.159331442949
AATGGCTAGAACTCCT-1,0.303161796279974,0.439363120663548,0.347708423742707,0.675247323387132,0.279845518020935,0.186721561029615,0.149930843706777,0.165694849368319
AATGGCTAGATCACCT-1,0.238818450968427,0.50962777137433,0.350523168908819,0.733980272237314,0.285461974119559,0.169584371251961,0.138396776715377,0.155231172703915
AATGGCTGTGATCATC-1,0.146315004407078,0.254876036793455,0.186942475529196,0.529540799279457,0.255684159709875,0.195751453086078,0.12089722773468,0.154605482114568
AATGGCTTCCGAACGC-1,0.350859945307026,0.495412118335706,0.401218718356719,0.666908784519953,0.265009596250986,0.190838638250761,0.150351795056828,0.167512014590572
AATGGCTTCGGTGTTA-1,0.170587836463489,0.279838181119624,0.206488982110999,0.568182808663945,0.289206278185308,0.222229910508349,0.133501713873354,0.170860124871867
AATGGCTTCTGTCCGT-1,0.179435893958912,0.321976631184035,0.229905009884758,0.605386637999913,0.291902648094291,0.219173816772765,0.150700583318299,0.179207103585074
AATTCCTAGTCACGCC-1,0.4325829999774,0.380466472303207,0.385385023385891,0.683222685474381,0.266363668476021,0.185695174831627,0.180395694269048,0.179360198090978
AATTCCTAGTTGTACC-1,0.207347390783556,0.331378398535494,0.24676334442355,0.597106207417523,0.299061569075345,0.226981271334994,0.143003187203079,0.177582970565917
AATTCCTCAGTGAGCA-1,0.218489389111126,0.3421926910299,0.25927600173586,0.550706742013743,0.241472288617551,0.192187932466095,0.123026038847796,0.151676717653793
AATTCCTGTACGTACT-1,0.254265825931702,0.419644269668,0.312195621775399,0.673431439487485,0.254659774635284,0.171498754497647,0.122220217691984,0.143862241569818
AATTCCTTCATTCGGA-1,0.167728885574163,0.253384410242502,0.191384589420898,0.575242965265773,0.310223834026069,0.246286557800535,0.157892837813458,0.194243646578005
AATTTCCAGGGTATAT-1,0.311377042511357,0.523594819987796,0.395462654901393,0.599503174165057,0.205465741972707,0.1422063843528,0.120115460941728,0.128313164796251
AATTTCCCAATCCTTT-1,0.368047551246412,0.501898433792122,0.413833839625826,0.635748216802011,0.227660751922194,0.148018728665006,0.121594804257622,0.133425190036876
AATTTCCCATTCGGGC-1,0.239372160824463,0.345311546545529,0.26747311827957,0.59027848395485,0.293068327661929,0.234246701725251,0.148198929580853,0.184332441391429
AATTTCCGTCGCCACA-1,0.355594729586187,0.490033222591362,0.401489946477651,0.648285079245173,0.239105605859012,0.168096687886336,0.124120512357929,0.143875554135549
AATTTCCTCGAAGCAG-1,0.444425610775872,0.449838407123647,0.427847292540624,0.6234583145692,0.226318454238246,0.158974536396347,0.138348667989657,0.148062356057883
AATTTCCTCTCTCCGA-1,0.203075914751283,0.479761339751848,0.315474468392883,0.790519633336723,0.326543347973013,0.179767506227512,0.134018882674845,0.158539345288017
ACAAAGACATGGAACG-1,0.341424277352137,0.483671209347526,0.390291238728965,0.552566207126981,0.19728243591706,0.144374481040686,0.122556978772025,0.129284982094599
ACAAAGATCCAACTAG-1,0.233970664677831,0.562569213732004,0.373137566902936,0.759388119761175,0.313909265386382,0.170991327613248,0.144759155691864,0.161907424417908
ACAAAGATCCAGCAAT-1,0.21559653761837,0.524510136280426,0.346014754809779,0.717782587852463,0.305937901070306,0.180586308700065,0.107029887545854,0.144095211470107
ACAACCAAGTACAACA-1,0.191617510791692,0.351266752548195,0.250325473745118,0.661228699681857,0.308551849191678,0.216279177045853,0.123230500932107,0.165495160882357
ACAACCAAGTACTGTC-1,0.234275770108708,0.424763260786042,0.304269733352621,0.690529802286561,0.325389442946461,0.284101393117446,0.190077575320224,0.234168031204654
ACAAGCTAGATGTTCC-1,0.403846588469275,0.47074377923927,0.417564733111529,0.594244374391679,0.222515277467061,0.165986253344404,0.13950327740694,0.148335263655364
ACAAGCTAGGAAAGAC-1,0.115860962325129,0.25388161909282,0.167938425189257,0.488603512645815,0.191277419962557,0.152343389611588,0.128654759757051,0.157720622495574
ACAAGCTGTATCACGT-1,0.217528872013922,0.296822383438425,0.235793673754762,0.532329996949315,0.243721225965218,0.200318295045668,0.146611341632089,0.168883208860844
ACAAGCTGTCCCTGTT-1,0.196634800099442,0.425000565010057,0.284427889483582,0.771678021993986,0.336763649636755,0.198173263216164,0.132996572253292,0.165974413248665
ACAAGCTGTCTACACA-1,0.248005514498158,0.448222478360115,0.322863927865374,0.728895797318303,0.311460160840231,0.209797951840576,0.165590233928679,0.187627301409801
ACAAGCTTCACAGAGG-1,0.264503808167785,0.472212805387936,0.344688750663002,0.740604616703226,0.319796535930012,0.214007288495249,0.172842624330988,0.192546294447329
ACAAGCTTCAGCAATC-1,0.149784166158158,0.270210409745293,0.192270601282608,0.532925606868399,0.250809499699749,0.194667404742135,0.133116844067593,0.159710851072327
ACACAGTAGGGCAGAG-1,0.178136370827401,0.353865798811219,0.247932638989344,0.557113180411697,0.241825524850169,0.19577451794446,0.125780263395273,0.157520934009612
ACACAGTCAGCTCCTT-1,0.213392998395371,0.38031956968834,0.271631949467187,0.726411668143586,0.318348267376279,0.206695728388228,0.160021648926574,0.181416989496386
ACACAGTCATGGATCT-1,0.425486473659231,0.441001649829367,0.412767009016828,0.555791216932754,0.215556523684489,0.146104345419319,0.137422575019544,0.141725574770025
ACACAGTGTTACGTAC-1,0.485942549777386,0.416875720387823,0.433428564540238,0.51486845737031,0.16843481025327,0.112083679306209,0.122737386493475,0.110800484577393
ACACAGTTCCGCTAGG-1,0.236479309331706,0.533798901620449,0.360124644389797,0.739122855441115,0.305278526769419,0.215229725989482,0.147369054062181,0.178375068226899
ACACCAAAGATCGCCC-1,0.262774877392818,0.402626166745768,0.308295964125561,0.570158490346761,0.24805425708533,0.191253805701633,0.126201214745324,0.15429929310276
ACACCAAAGATCGGTG-1,0.17046353425091,0.272899857617466,0.20254110612855,0.572657146592675,0.286686526392634,0.232413045483901,0.139166516326899,0.181756459922521
ACACCAAAGGGCAGAG-1,0.192679729699189,0.362668655502068,0.255068952215632,0.633859697546378,0.28760494059744,0.212969369868069,0.124998496602321,0.165049189930375
ACACCAAAGGTTACAA-1,0.278888964223563,0.470845481049563,0.351029461401225,0.560004067579935,0.224034193267317,0.178429744441369,0.128233808407,0.147157101588189
ACACCAACACGGTGCT-1,0.379675458223156,0.383155920175379,0.359124113988138,0.704824440344582,0.295493883125905,0.231467386290248,0.194696012989356,0.207662712834645
ACACCAACACTTTAGG-1,0.298743417632834,0.452516554794675,0.355863349245383,0.718973807690631,0.297789918637921,0.243945474674786,0.185723735642552,0.210504945618169
ACACCAACAGCGTACC-1,0.242468415937804,0.467105114471038,0.329096147355224,0.709691009195636,0.310117863156283,0.228538149275763,0.148631908112334,0.184685224383295
ACACCAACAGTCAGAG-1,0.234806879562456,0.501288222930368,0.342464680071363,0.732658308758371,0.316370144473619,0.221676353907187,0.163148716098382,0.190123407484324
ACACCAAGTGCCGTAC-1,0.138483965014577,0.253836418288246,0.178841795650706,0.488792364571379,0.196022560020723,0.154096318848602,0.131577364844549,0.158239812559075
ACACCAAGTTCTATCT-1,0.226682034940222,0.330350080231428,0.253773084526737,0.711085608030565,0.331476880688575,0.239205646277332,0.157495940826267,0.193684518817312
ACACCAATCCATGATG-1,0.198465432684702,0.364770492914774,0.259040937364386,0.680593285587693,0.304477857975485,0.211078051480764,0.159372181129352,0.181097487918847
ACACCAATCTACTATC-1,0.295805365335503,0.417983140099894,0.333857707700468,0.645830004212851,0.26323164054681,0.186790755604761,0.153587106861507,0.166826417455436
ACACGCGCAAGCTCTA-1,0.270142608538432,0.450493818789974,0.336437388495106,0.679227740895158,0.271473819307892,0.18626026386198,0.15107342594263,0.166353821371993
ACACTGACACGATTCA-1,0.178113770425114,0.319897394173616,0.228084767828728,0.591600447433793,0.273416618587291,0.208760033213396,0.141800469060076,0.169894963856384
ACACTGAGTCCACAGC-1,0.249056433204511,0.505887404795805,0.352843676165678,0.724014701396052,0.289618387123362,0.181024541009318,0.148956642010945,0.163531557437065
ACACTGAGTGAATGAT-1,0.195222274956494,0.309297805500938,0.228253531992864,0.64799453782123,0.309576234266269,0.22745410093182,0.154429009561609,0.186249450856664
ACACTGAGTGTCACAT-1,0.191900015820282,0.31855267023753,0.232641400260379,0.621962026235891,0.28145863014989,0.214272534366639,0.149558001082446,0.176311620538626
ACACTGATCTTTCTAG-1,0.198307229868692,0.299218026080864,0.226493562852597,0.594578497029214,0.286568780981761,0.21298090229726,0.161717481508209,0.181629990548078
ACAGAAAAGAGGATCC-1,0.22355187922345,0.561947702669108,0.369870774868605,0.718305562415561,0.257697606235797,0.156633453270597,0.111540080582116,0.132227059121104
ACAGAAAAGCTCCCTT-1,0.440933848622505,0.560173571089565,0.482532909012006,0.579804465621686,0.190229485805791,0.115658732355383,0.120127488123158,0.115486507714632
ACAGAAACAGCCCAGT-1,0.165333242931724,0.282279024566637,0.203167944452481,0.606621439051673,0.296777308104417,0.227984592674601,0.163112634554092,0.190343064818883
ACAGAAAGTCTCTCCA-1,0.240660383754831,0.337909914796483,0.263006895221563,0.649447244940947,0.312814233065266,0.249527170403174,0.170785976306453,0.203376066669329
ACAGAAAGTTTACTTC-1,0.276210816552535,0.536962957940651,0.382226722599933,0.735999535133722,0.295458559502643,0.177899252698588,0.144362258704673,0.164503374735413
ACAGAAATCCGTATAG-1,0.449646303704206,0.469500757113477,0.439895848401562,0.643345875038134,0.225329392786916,0.15732539902205,0.145504840940526,0.152661847517872
ACAGAAATCGCAGATT-1,0.178927384907451,0.295330756887473,0.215758956555282,0.593387277191046,0.29182022630668,0.223117907556048,0.156160923687534,0.183367280375947
ACAGCCGCAGACCAAG-1,0.282425927181504,0.553506452414853,0.395408409277207,0.713802170344437,0.282800927833838,0.174739367100286,0.140585723735643,0.157780529041362
ACAGCCGGTACTCGAT-1,0.229032476778087,0.396772662553393,0.289273831910893,0.61548295248195,0.263726171272475,0.192245594612049,0.113428348066631,0.146890850273573
ACAGCCGGTGCATGTT-1,0.178249372838837,0.338791330485683,0.236040792709388,0.672893937853189,0.295776472111999,0.202474859304364,0.154489145468759,0.174594299559354
ACAGCCGGTGTCTTCC-1,0.186193414242774,0.324349673424187,0.237481315396114,0.504191060040385,0.215921534458194,0.195267091060061,0.0988153226291419,0.142005138650372
ACAGCCGGTTTGACAC-1,0.154925757678487,0.264402106357493,0.193234967934809,0.526475587256853,0.238387358852689,0.185591382968909,0.115833784352637,0.14818216914946
ACAGCCGTCACATCAG-1,0.364318484869031,0.393778109250345,0.357104971310092,0.504917413600244,0.217393352094102,0.166170772211459,0.123723615370738,0.138111213174115
ACAGCCGTCTGGGCAC-1,0.244875358781386,0.631715144529573,0.416479820627803,0.754260063628572,0.29452837075675,0.161038841221515,0.160105839196584,0.162812678887602
ACAGGGAAGAGATGCC-1,0.308393789409452,0.425927181503831,0.344712859829307,0.64315702311257,0.275806850428005,0.206499677091983,0.13190209874316,0.164975970818856
ACAGGGAAGCACTCTA-1,0.26287657920311,0.429430243858341,0.322176816625681,0.535627642111074,0.217181410354531,0.178164498569979,0.121197907270431,0.143263176111932
ACAGGGACAAACTAGA-1,0.187052229529686,0.29797500395507,0.224239355803076,0.514534334732775,0.230569063570747,0.193525694252237,0.123735642552168,0.153646977381951
ACAGGGACATTGCTGA-1,0.261023346215563,0.567179695798585,0.392925165147789,0.679707134244665,0.284814374359759,0.206960974259618,0.149004750736665,0.174055140647257
ACATCCCAGGTTCCAT-1,0.218737993536285,0.45319456686329,0.308983075365254,0.765983410084693,0.326649318842798,0.181278254451518,0.151903301461303,0.170194496585327
ACATCCCGTGGCTTAT-1,0.436086062331909,0.479467534522114,0.440902406094797,0.635893487513982,0.25669677024338,0.178118368853215,0.141187082807144,0.157141525886284
ACATCCCGTGTCTAAC-1,0.265848532103871,0.479433633918684,0.351614108684122,0.71569068960007,0.275901046756703,0.209278992526986,0.172301401166637,0.190742441790806
ACATCCCTCAAGATAG-1,0.180441611860691,0.301828372545031,0.220436134818458,0.58400278919767,0.275594908688434,0.211354829781345,0.13591917734079,0.169602087410307
ACATCCCTCATCTACT-1,0.406140529301422,0.39875019775352,0.380647572206953,0.696006508127896,0.273699207573385,0.199280376418489,0.182524505382164,0.1851844455982
ACATCCCTCATGCCGG-1,0.186114312834768,0.389427531810066,0.265713149139303,0.722954225198658,0.326731740630409,0.220626902850816,0.123278609657827,0.168117736331323
ACATCGAGTAGGAGTC-1,0.212488982303885,0.417666734467874,0.290286416895704,0.659935790345308,0.268200496885634,0.19421764000369,0.112466173552228,0.148787890890211
ACATCGAGTCATCGGC-1,0.323852464573869,0.59070671457952,0.435869617628622,0.58904368290309,0.218252893593472,0.12903635021681,0.101653737446629,0.11025466938243
ACATCGAGTTGGAGAC-1,0.193606346192962,0.360103509842475,0.253990067023482,0.665281752545869,0.32173933520941,0.243691761232586,0.143869144266041,0.188592462425283
ACATCGATCATGTCTT-1,0.222839966551405,0.609103442041268,0.393431457640195,0.776893240553772,0.316169977275136,0.167785312298182,0.13198628901317,0.15195628153414
ACATCGATCCCGAGAC-1,0.211641467218116,0.515300472348408,0.337793529099764,0.797986547932071,0.345735849945248,0.185845096411108,0.144133742257502,0.169249304418441
ACATGCAAGGTCTTTG-1,0.207923701041879,0.365493705787963,0.26570109455615,0.564928744715778,0.231616997727514,0.173286281022235,0.120127488123158,0.143349707789182
ACATGCACACCTGCGA-1,0.338576626663955,0.360702420503085,0.330596942957713,0.603149469035548,0.218464835333043,0.167727650152228,0.196512117385291,0.184745130929084
ACATGCACAGACACCC-1,0.177978168011391,0.289782358125975,0.214438979700082,0.559713526155992,0.267070140941257,0.200318295045668,0.125623910036683,0.157920310981535
ACATGCACATCCGGCA-1,0.215167129974914,0.492214161412073,0.32684796759728,0.745703618693435,0.333431454509061,0.216221514899899,0.156064706236094,0.186096356350759
ACATTTCAGAGCACTG-1,0.429192939634325,0.436165163739915,0.411513332368967,0.562459142612258,0.221043459831153,0.149621736322539,0.144614829514703,0.145299998668743
ACATTTCAGCATTGTC-1,0.223009469568558,0.460449295997469,0.315148994647765,0.76399320133068,0.333466778132322,0.191668973152505,0.156353358590414,0.177509751454398
ACATTTCCAAGGCCTC-1,0.235326688815061,0.382692611928492,0.285778002796663,0.605633598210265,0.266116403113189,0.196754774425685,0.145180107041915,0.16706604363859
ACATTTCCACTTCTCG-1,0.201697290211766,0.368522159694443,0.262651285018564,0.678123683484173,0.35006888106536,0.281471999261925,0.186505502435504,0.228616691294913
ACATTTCGTTCCGGTG-1,0.213528600809094,0.45956788030827,0.309694295771252,0.809884219242558,0.353754312425673,0.186283328720362,0.145083889590474,0.17099990681204
ACCAAACAGCAAGTCG-1,0.313637082740073,0.381856397043867,0.329325184435122,0.668869939131572,0.304383661646787,0.22575883384076,0.172914787419568,0.192426481355752
ACCAAACCATCACGGC-1,0.217766176237937,0.41626550952607,0.293691836636289,0.726309978645205,0.313968138091818,0.208875357505305,0.161585182512478,0.182442057057657
ACCAAACCATGGAATA-1,0.182814654100843,0.280730897009967,0.211696562032885,0.597338640556677,0.290878263019699,0.217870652274195,0.152107763545613,0.179200447302209
ACCAAACGTAGAATGT-1,0.230467602323321,0.469478156711189,0.324629924297218,0.67356218312826,0.283354331264939,0.204608358704678,0.1208250646461,0.1575808405554
ACCAACAAGATTGTGA-1,0.205448956991434,0.368827265125319,0.263615651670765,0.580850414747883,0.243250244321728,0.18704446904696,0.121991701244813,0.150711556638311
ACCAACAAGGTCGTGA-1,0.275001695030172,0.530849549121974,0.38044264429336,0.6486627830963,0.266363668476021,0.185153150659655,0.131384929941668,0.15656908555986
ACCAACACAATTCTTC-1,0.313230275498904,0.516046285623884,0.390875886011862,0.691997036477476,0.260841408706096,0.166274564074177,0.143123459017379,0.157261338977861
ACCAACATCATCTCTA-1,0.424412954550591,0.413485660044749,0.398355754857997,0.628106977352296,0.252340190041093,0.203316726635298,0.173203439773889,0.182927965706831
ACCAACATCATTTGTC-1,0.212692385924469,0.511175898931001,0.337630792227205,0.779479059226869,0.323823428981855,0.179952025094566,0.141764387515786,0.165561723711011
ACCACAAAGAACAGGA-1,0.266922051212512,0.657603905349515,0.441330343796711,0.683411537399945,0.227637202840019,0.142252514069564,0.111383727223525,0.124106394025321
ACCACAACAACGGCTC-1,0.223619680430312,0.288369832983027,0.236613385409133,0.535714804538257,0.268082751474761,0.231352061998339,0.1245895724337,0.17267729009412
ACCACAAGTCCGGTGT-1,0.20843221009334,0.502395642642439,0.330162977964222,0.767683077414762,0.299909336033628,0.167739182581419,0.124024294906489,0.14557956254909
ACCACAATCAACTGGT-1,0.160914864284584,0.246220082717472,0.193723178552486,0.496927524441797,0.210870256331759,0.144870375495894,0.185555355102532,0.170813530891809
ACCATTTCAGCTGTCG-1,0.222975568965128,0.477614301534567,0.326293456772265,0.696834551186135,0.290136466931201,0.207260817418581,0.154032112574418,0.177496438888667
ACCATTTGTCCTACGG-1,0.266809049201076,0.560365674509006,0.390689039972998,0.66702500108953,0.249667369214285,0.161292554663714,0.124000240543629,0.141166447009332
ACCATTTGTCGAGTTT-1,0.353673695391778,0.377358916988722,0.345809826896186,0.643360402109331,0.278703387535471,0.214307131654212,0.166997414155993,0.183706750802082
ACCATTTGTTTACGTG-1,0.217562772617353,0.508441250254255,0.338052702637543,0.804509202899603,0.34933885951795,0.183077313405296,0.145119971134765,0.169668650238961
ACCATTTTCCGCGAGT-1,0.218602391122562,0.338746129681108,0.254309513477024,0.651103331057425,0.313850392680945,0.233566288402989,0.153478862228637,0.187826989895763
ACCATTTTCTCCGTGT-1,0.255757452482654,0.400332225913621,0.301955253387338,0.737365079826256,0.312814233065266,0.200064581603469,0.165145228215768,0.183054435081273
ACCATTTTCTCGCTTG-1,0.157570004746084,0.306438854611612,0.217494816529244,0.495445763179685,0.201415299838689,0.177472552818526,0.0983823440976607,0.133438502602607
ACCCAAACACGTAACT-1,0.23636630732027,0.419610369064569,0.304354115434688,0.693595014309165,0.297389584240954,0.213315342743796,0.169222442720548,0.1853575089527
ACCCAAATCGCGTCGA-1,0.166395461839221,0.29491264944516,0.212437918896765,0.508113369263623,0.213590175322917,0.181681889473199,0.0996451981478141,0.135235698976264
ACCCTCAAGAGATCGC-1,0.371991321445522,0.525176848147897,0.428697140652876,0.641936749132007,0.214826502137079,0.14338269213027,0.1132960490709,0.12585699641892
ACCCTCAAGCAGGTCA-1,0.285262277668543,0.403541483038398,0.319458508124789,0.737481296395834,0.315498828433162,0.226566103884122,0.184003848698058,0.202790313777174
ACCCTCAAGGAACTAT-1,0.312574863832576,0.520950572920198,0.397023723419644,0.67613347473016,0.293398014812373,0.228284435833564,0.149173131276685,0.188765525779784
ACCCTCAAGTAGATCA-1,0.226772436549371,0.344588333672339,0.261005834418246,0.719569417609716,0.33618669712348,0.265061352523295,0.181598412412051,0.219963523569898
ACCCTCATCATACGAC-1,0.213901507446833,0.374567767306258,0.271059356767443,0.687914929471069,0.304407210728962,0.212115970107944,0.160262192555175,0.182455369623388
ACCCTTGAGCCGTCGT-1,0.296381675593826,0.614075530544444,0.433392400790781,0.577509188372532,0.210564118263491,0.122681981732632,0.0980696373804799,0.105096050161748
ACCCTTGAGTGCCTCG-1,0.184012475422063,0.318292765611228,0.227638748252085,0.658584772723971,0.311106924607613,0.231478918719439,0.155679836430333,0.187733801935647
ACCCTTGCAACTTCTT-1,0.351752661197369,0.423780143286551,0.366489464294325,0.672501706930866,0.289182729103133,0.239147984131377,0.188129171928559,0.20950650318836
ACCCTTGCAATGCAGG-1,0.153750536759554,0.255700951476936,0.190685423598052,0.515972514781295,0.239293998516408,0.188947319863456,0.115593240724036,0.148115606320806
ACCCTTGCACAAAGCG-1,0.171808258186996,0.292517006802721,0.213739813877236,0.571189912401761,0.271874153704859,0.206984039118,0.135053220277828,0.166613416403743
ACCCTTGCACAGTGTT-1,0.166971772097543,0.306359753203607,0.216861950913737,0.547641529991138,0.220537154564401,0.179121690192822,0.0973359793132479,0.133611565957107
ACCCTTGGTTGATGTC-1,0.197335412570344,0.43580355730332,0.290871064178601,0.783924343013205,0.31976121230675,0.178545068733278,0.127800829875519,0.154179480011183
ACCCTTGTCCAGTACA-1,0.208081903857889,0.393981512870929,0.273759583393606,0.753606345424699,0.363409436117227,0.241754313128517,0.159504480125083,0.198896388300917
ACCCTTGTCTGCGTCT-1,0.190487490677334,0.361233529956833,0.249957808958966,0.752139111233784,0.322551778544431,0.207007103976382,0.150279631968248,0.17947335489969
ACCGTTCAGCTTCGTA-1,0.15689199267747,0.259181413429159,0.190998842760017,0.572729781948661,0.286792497262419,0.222033859212104,0.132623729628961,0.172164756313484
ACCGTTCAGTATTAGG-1,0.250231654123443,0.429192939634325,0.314865711943681,0.766869561427721,0.337211082198071,0.216728941784297,0.174803054904083,0.196946097421356
ACCGTTCGTACAGTAA-1,0.204748344520532,0.314642800641851,0.236547085201794,0.593256533550271,0.289041434610086,0.218908570901375,0.149966925251067,0.178095504346553
ACCGTTCTCAAGCCTA-1,0.222444459511379,0.380726376929509,0.276851583972226,0.771445588854831,0.348067209080526,0.22301411569333,0.177617415358711,0.201186149606614
ACCGTTCTCCTTATGT-1,0.274515786380998,0.422853526792777,0.326136747191282,0.582695352789924,0.232841550000589,0.170080265707169,0.119309639785916,0.141186415857928
ACCGTTCTCTTACACT-1,0.195516080186227,0.335841977987208,0.243369979266117,0.567485509246481,0.271367848438107,0.208264138758188,0.110782368152024,0.15387994728224
ACCTACCAGATCCCAT-1,0.231642823242254,0.4133952584356,0.297730121992382,0.772433429696239,0.343781276124763,0.21701725251407,0.173840880389681,0.197159098473049
ACCTACCAGGGTATAT-1,0.189074965534387,0.340192555427487,0.247070736293939,0.488487296076238,0.229791943858988,0.154811329458437,0.167827289674665,0.165421941770837
ACCTACCAGTACAGCG-1,0.216116346870974,0.410355504327977,0.286579632576306,0.756322907738571,0.33347855267341,0.199983854599133,0.154356846473029,0.179020727664843
ACCTACCGTGGGACAT-1,0.233733360453816,0.565066558184736,0.377230097883215,0.785885497624824,0.327461762177819,0.167600793431128,0.157459859281977,0.169562149713114
ACCTACCTCTACACAG-1,0.20524555337085,0.353266888150609,0.25436375910121,0.653747258015312,0.294234007229568,0.211227973060245,0.154284683384449,0.17814209832661
ACCTGAAAGAGGCGTT-1,0.176181436029561,0.341706782380726,0.238463763923044,0.619361680491596,0.275465388736474,0.210628286742319,0.134957002826388,0.167738328207996
ACCTGAAAGCGACAGT-1,0.202194499062083,0.381946798653016,0.264893437484932,0.725351191946192,0.315475279350987,0.221215056739552,0.161356666065308,0.18963749883515
ACCTGAAAGGATTACA-1,0.217777476439081,0.514712861888942,0.342633444235498,0.768801661896945,0.313367636496368,0.179317741489067,0.141788441878646,0.165149034173356
ACCTGAACACGCCAGT-1,0.175966732207833,0.314902705268154,0.227192728675442,0.544242195330999,0.241036630597322,0.194379094012363,0.115881893078357,0.149979365523117
ACCTGAATCATTCGGA-1,0.195640382398807,0.318756073858115,0.231658951733449,0.706640324244229,0.358275736203181,0.283882276962819,0.179746226471826,0.2276382177137
ACCTGTCAGGGTCAAC-1,0.153716636156124,0.253395710443646,0.189395583200733,0.513008992257071,0.238140093489856,0.188359165974721,0.115954056166937,0.14809563747221
ACCTGTCCAGAAGTTA-1,0.218568490519131,0.47269871403711,0.319301798543806,0.799410200909395,0.346536518739182,0.184991696650983,0.142498045583018,0.168383987645939
ACCTGTCGTTACACTG-1,0.470755079440414,0.529346622369878,0.484479724191137,0.581358862239784,0.192454874071283,0.122428268290433,0.111973059113597,0.115426601168843
ACCTGTCTCTGAGGTT-1,0.34143557755328,0.427791714692522,0.361486812286031,0.552842221479728,0.232217499322964,0.17856813359166,0.133225088700463,0.151110933610235
ACCTGTCTCTTCTAAC-1,0.352170768639682,0.426458290957579,0.368044505520999,0.657713148452141,0.260488172473478,0.184334348187102,0.148595826568044,0.16420384200647
ACGATCACACTACTTT-1,0.440504440979049,0.43564535448731,0.41881840975939,0.633772535119195,0.231911361254695,0.164187194390626,0.147621624872211,0.153766790473528
ACGATGTAGAAACCAT-1,0.237259023210613,0.382138902072457,0.287827281932591,0.71028661911472,0.323317123715103,0.239505489436295,0.16591496782729,0.197145785907318
ACGATGTAGGACAGCT-1,0.218082581869957,0.33105069270233,0.249246588552968,0.588520708339992,0.276819460961509,0.20959036811514,0.143604546274581,0.170287684545442
ACGATGTTCAGACCTA-1,0.216297150089272,0.41263814495898,0.288225083176624,0.729622150878161,0.309199448951477,0.20907140880155,0.165097119490048,0.185557197438662
ACGATGTTCTCGGTAA-1,0.164180622415079,0.295432458697765,0.209960702058923,0.592050786640905,0.285238257838901,0.217305563243842,0.143087377473089,0.174374642224796
ACGCACGCAAAGACGC-1,0.211765769430696,0.369516577395078,0.266116977674912,0.712567369292677,0.309152350787128,0.204919734292831,0.155932407240363,0.177729408788956
ACGCACGGTGCAGATG-1,0.195436978778222,0.385257757588085,0.266972853078741,0.671383122448683,0.27466471994254,0.194332964295599,0.107535029165915,0.147283570962632
ACGCACGGTTAACCTG-1,0.148710647049517,0.312416661016566,0.219345195043155,0.452329415866467,0.20355826631657,0.116638988836609,0.149509892356726,0.142577578976796
ACGCACGTCATCCTAT-1,0.322326937419486,0.410479806540556,0.347732532909012,0.508520127257144,0.194821556829823,0.143855521727097,0.171567743099405,0.159444599757711
ACGCACGTCGATTGGT-1,0.190046782832734,0.3513458539562,0.250819711654371,0.538155352499383,0.241672455816035,0.193940861703109,0.0942329665042997,0.139455782312925
ACGGAAGAGGTGAGAA-1,0.446075440142835,0.504373177842566,0.457188147933844,0.522044830541714,0.188816540875319,0.127687056001476,0.123338745564977,0.118508460135522
ACGGAAGGTTACGATC-1,0.449103894049314,0.472359708002802,0.442342928781523,0.510001888519256,0.180550813032062,0.120986714641572,0.12074087437609,0.112950463942916
ACGGAAGTCATCGCTC-1,0.195877686622822,0.320993513684544,0.235528472925406,0.644522567805105,0.325283472076676,0.257138573669158,0.158927175416441,0.201678714538653
ACGGAAGTCTCTATAC-1,0.234682577349877,0.337966415802201,0.260776797338348,0.590089632029287,0.277066726324341,0.206395885229265,0.149966925251067,0.172530851871081
ACGGAAGTCTGGCCGA-1,0.145896896964766,0.249361538635388,0.183115145378273,0.50365355840609,0.252493259075228,0.201436940677184,0.112213602742197,0.152914786266757
ACGGGTCCACGAGAAC-1,0.204996948945691,0.349503921169797,0.255177443464005,0.568502404230283,0.256543701209245,0.190388873512317,0.108461122136027,0.143349707789182
ACGGGTCGTACCTAAC-1,0.165073338305422,0.329084457703347,0.231562515068229,0.520635704635588,0.213590175322917,0.183077313405296,0.111503999037825,0.142504359865277
ACGGGTCTCGTACACA-1,0.174859312495762,0.318326666214659,0.225788369738174,0.647936429536441,0.304595603386358,0.230025832641388,0.126574057369655,0.174208235153161
ACGGGTCTCTTCCCAG-1,0.215969444256108,0.392003977670803,0.278430734365206,0.683905457820649,0.300486288546904,0.212634929421533,0.124854170425161,0.164330311380912
ACGGTCGAGATTACCC-1,0.248920830790788,0.43094447081158,0.315438304643425,0.674404753257696,0.287593166056353,0.200583540917059,0.162848036562632,0.17914054075642
ACGGTCGAGCGCGTTC-1,0.430119556128099,0.391066060975885,0.389194271662086,0.505469442305737,0.205559938301405,0.178487406587324,0.140549642191352,0.155084734480877
ACGGTCGCATCCAATG-1,0.233891563269826,0.493084276900129,0.337257100149477,0.764138472042652,0.313544254612676,0.176423101762155,0.139118407601179,0.160735918633598
ACGGTCGGTGCCTTCT-1,0.225755418446448,0.459364476687685,0.31644486233666,0.71723055914697,0.326307857151268,0.240601070209429,0.176234289494257,0.203742162226926
ACGGTCGTCAAAGACA-1,0.474495446018939,0.436199064343345,0.436520565118858,0.580676089893517,0.21134123797525,0.147488236922225,0.136616753863732,0.141785481315814
ACGGTCGTCATACGGT-1,0.205109950957127,0.434673537188962,0.292552678528376,0.790461525051934,0.342003320420587,0.201460005535566,0.148848397378074,0.179406792071036
ACGGTCGTCCACGTCT-1,0.42911383822632,0.476122674983615,0.435670717006606,0.593256533550271,0.19113612546951,0.129589906817972,0.10956762282759,0.116158792284037
ACGGTTATCGCCTATC-1,0.433735620494045,0.455036499649694,0.424291190510632,0.570652410767465,0.215450552814704,0.143555678568134,0.136231884057971,0.140527443854254
ACGTAACAGCACTCCG-1,0.190860397315072,0.405745022261396,0.273856020058826,0.746749567819632,0.32728514406151,0.217859119845004,0.13198628901317,0.17251753930535
ACGTAACCAGCCTACG-1,0.402321061314891,0.425463873256944,0.393226529726602,0.604340688873716,0.221161205242026,0.158167266352985,0.13970773949125,0.14683760001065
ACGTAACCATCGATGT-1,0.28866363821276,0.36917757136077,0.303010029413183,0.698229150021064,0.310412226683465,0.239482424577913,0.177665524084431,0.202191248319289
ACGTAACTCAAAGACA-1,0.162779397473275,0.302325581395349,0.21701866049472,0.528683702078824,0.243827196835003,0.204320047974905,0.136436346142282,0.16638710278632
ACGTAACTCAAGAGGC-1,0.177876466201098,0.283883653129026,0.212232990983172,0.5308627627584,0.266752228331901,0.21349986161085,0.130567081604426,0.166040976077319
ACGTAACTCCAAAGGG-1,0.206714579519515,0.365900513029132,0.260553787550027,0.724319769891192,0.321315451730269,0.206188301503829,0.158145408623489,0.181124113050308
ACGTACAAGGCGATAC-1,0.218963997559157,0.349424819761792,0.259703939437774,0.641835059633627,0.289253376349657,0.21389196420334,0.150315713512538,0.177602939414513
ACGTACAAGTAACGTA-1,0.477478699120844,0.440753045404208,0.439829548194223,0.575184856980984,0.192949404796948,0.135713626718332,0.135438090083589,0.131042240771064
ACGTACACAACTCCAA-1,0.194182656451285,0.359210793952132,0.252579680794638,0.718814009907463,0.335762813644338,0.242780699326506,0.160598953635216,0.196107405780316
ACGTACACACATGAAA-1,0.248751327773634,0.434492733970665,0.315040503399392,0.750032685910194,0.339012586984422,0.226035612141341,0.164483733237116,0.193471517765619
ACGTACACAGGATGAC-1,0.21487332474518,0.586808145184984,0.376989006220165,0.779348315586095,0.322410484051384,0.17101439247163,0.132286968548921,0.152655191235007
ACGTACAGTGAGCAGT-1,0.388557416322011,0.46278843763419,0.406366025362843,0.542121242936212,0.203499393611134,0.157440723313959,0.115424860184016,0.131947495240758
ACGTACATCTAAACGC-1,0.140178995186114,0.33944674215201,0.229844736968996,0.433298952598167,0.193408611899351,0.102350309069102,0.15489806963738,0.142903736837201
ACGTAGTAGACTAGAT-1,0.200601170700838,0.331706104368658,0.241929456579391,0.619172828566033,0.305172555899634,0.232643694067718,0.160262192555175,0.190469534193325
ACGTAGTAGGATGAGA-1,0.190532691481908,0.372906637738152,0.260523651092145,0.66625506631608,0.319219583416736,0.234338961158778,0.150123278609658,0.186382576513972
ACGTAGTGTACAAACA-1,0.170101927814315,0.297794200736773,0.214240079078065,0.591687609860976,0.274900210764285,0.203616569794261,0.119526129051657,0.157035025360438
ACGTAGTGTACGTTCA-1,0.187052229529686,0.407598255248943,0.272493852162592,0.769150311605677,0.32827420551284,0.195866777377987,0.124204702627939,0.161494734880253
ACGTAGTGTAGGAGGG-1,0.434424932763803,0.478834723258074,0.43737041323111,0.530514113049668,0.208103239176253,0.152977673217086,0.136929460580913,0.138244338831423
ACGTAGTTCCAAATGC-1,0.420819490586932,0.357176757746288,0.368954626549014,0.496070427241164,0.214897149383603,0.170184057569887,0.150592338685429,0.155923426121916
ACGTAGTTCCACTGAA-1,0.404818405767623,0.48734377471919,0.426852789430542,0.594622078242805,0.20764403207385,0.134756435095489,0.120247759937459,0.123726985901993
ACGTAGTTCGAAGAAT-1,0.171582254164124,0.302438583406785,0.215312936978639,0.67109258102474,0.345865369897208,0.285081649598671,0.167117685970293,0.221660875700574
ACGTCCTGTATCACCA-1,0.408095464099261,0.480586254435329,0.425478566951155,0.568792945654227,0.199213460655371,0.13699372635852,0.114486740032473,0.123247733535684
ACGTCCTGTCCATAGT-1,0.379957963251746,0.464472167604583,0.402611022710835,0.573543297935703,0.202333714043495,0.138354553003045,0.118203139094353,0.12358720396182
ACGTCCTGTCTGTAGT-1,0.171830858589283,0.294822247836011,0.213149139302763,0.605895085491814,0.306008548316829,0.24178891041609,0.131529256118829,0.181803053902579
ACGTCCTGTGGAATGC-1,0.195233575157638,0.329344362329649,0.237993635180095,0.680927408225228,0.323576163619023,0.240381954054802,0.167093631607433,0.198696699814955
ACGTCCTTCCACGGAC-1,0.157671706556377,0.270933622618483,0.195953276435701,0.524528959716432,0.235172909135866,0.182858197250669,0.118491791448674,0.148321951089634
ACGTCCTTCCCTCTTT-1,0.239406061427893,0.561755599249667,0.376524904768793,0.778171622819123,0.331253164407917,0.17987129809023,0.143724818088881,0.166813104889705
ACGTTCCAGCAGTAAT-1,0.270346012159016,0.446018939137117,0.333845653117315,0.646919534552639,0.25531914893617,0.179790571085894,0.132828191713272,0.153553789421835
ACGTTCCAGCTTTCTT-1,0.488372093023256,0.475557664926436,0.464258160952794,0.486671412176591,0.178525591965053,0.125242181013009,0.13587106861507,0.123820173862108
ACGTTCCCAGTGAGCA-1,0.178961285510882,0.29522905507718,0.21490910844303,0.650740154277496,0.325730904637992,0.258095765292001,0.1547056347345,0.201126243060825
ACGTTCCGTCGAGATG-1,0.213539901010238,0.461895721743847,0.314136409662954,0.656536455685169,0.256143366812279,0.170080265707169,0.0986709964519815,0.129990548078331
ACGTTCCGTTCAGCGC-1,0.188125748638326,0.289330350080231,0.220484353151068,0.510379592370382,0.183105888447998,0.112648768336562,0.156738228396175,0.144228337127415
ACGTTCCTCGTTCGCT-1,0.274594887789003,0.375968992248062,0.300466512368002,0.594723767741186,0.276760588256073,0.210166989574684,0.13970773949125,0.169615399976037
ACGTTCCTCTTCCGTG-1,0.481151264492508,0.453556173299885,0.45043155407686,0.544634426253323,0.172885586784255,0.108324107389981,0.119874917313128,0.108450816725908
ACTACGACACTGTCCT-1,0.256706669378715,0.470054466969512,0.337419837022036,0.756613449162514,0.301086790142354,0.166401420795276,0.130110048710085,0.150012646937444
ACTACGAGTGTAGTGG-1,0.206940583542387,0.522453499672294,0.339487198032692,0.785798335197641,0.356697947697488,0.213661315619522,0.150315713512538,0.182508619886311
ACTACGAGTGTCTCCT-1,0.2160711460664,0.335333468935747,0.251518877477217,0.618373839650188,0.277490609803483,0.208125749607897,0.15092909976547,0.173522638018025
ACTACGATCCGATCGG-1,0.208861617736796,0.303534702917712,0.233346593374801,0.60246669668928,0.318466012787152,0.257588338407602,0.159179746226472,0.201399150658306
ACTATCTAGCAACAAT-1,0.229586186634122,0.354961918322146,0.267075317035537,0.607318738469137,0.297248289747907,0.223821385736692,0.132467376270371,0.173003447954524
ACTATCTAGGAGACCT-1,0.279092367844148,0.523527018780934,0.376928733304402,0.724058282609643,0.296647788152457,0.199407233139589,0.138156233086776,0.166766510909648
ACTATCTCAAGTGATA-1,0.2064772752955,0.433385314258594,0.292281450407445,0.780132777430742,0.356921663978146,0.222818064397085,0.154212520295869,0.188619087556745
ACTATCTCACGACTAT-1,0.398185187696341,0.52073586909847,0.439455856116496,0.664119586850095,0.238881889578354,0.159481963280745,0.140309098562752,0.151430435187774
ACTATCTCAGAAATCA-1,0.342825502293941,0.519436345966958,0.409554462606683,0.612563011171318,0.220478281858965,0.13230002767783,0.104155391184076,0.113902312392667
ACTATCTCATGCCATA-1,0.191120301941375,0.372477230094696,0.25711823135156,0.709168034632538,0.300521612170166,0.190065965494972,0.144747128510434,0.166373790220589
ACTATCTGTAATTAGG-1,0.185651004587882,0.285533482495988,0.214083369497083,0.587518340427386,0.273852276607519,0.211366362210536,0.145228215767635,0.172417695062369
ACTATCTTCCGTGACG-1,0.2314733202251,0.507017424910163,0.343272337142582,0.77921757194532,0.334290996008431,0.181901005627825,0.150327740693968,0.171465846612618
ACTATCTTCGGCATTA-1,0.422616222568762,0.475263859696703,0.431698731857852,0.593242006479074,0.195115920357004,0.135782821293477,0.116086355162668,0.121630256799393
ACTATGGAGGTTACCT-1,0.20739259158813,0.435498451872443,0.294686339746372,0.804465621686012,0.342968832789742,0.18599501799059,0.141487762342895,0.167325638670341
ACTATGGGTCGACTGC-1,0.135738016136687,0.309456008316948,0.212739283475577,0.401993114168253,0.198777802635142,0.0972645077959221,0.143989416080342,0.13391109868605
ACTATGGTCGACCCAG-1,0.474416344610934,0.511797409993898,0.476788900139833,0.5509246480817,0.184660127871516,0.116673586124181,0.11322388598232,0.113403091177763
ACTATTCAGAAGCTCG-1,0.376556602707528,0.548771668135693,0.442150055451082,0.594229847320482,0.209775224010644,0.124907740566473,0.110397498346263,0.113582810815128
ACTATTCCACCCTTAC-1,0.189255768752684,0.294008633353674,0.221412556053812,0.592036259569708,0.286698300933721,0.219116154626811,0.143712790907451,0.17620512001278
ACTATTCCAGACCAGA-1,0.165141139512283,0.28531877867426,0.206645691691981,0.613332945944768,0.278138209563282,0.194632807454562,0.149425702086716,0.168370675080208
ACTATTCGTGTGAGCA-1,0.182260944244808,0.313049472280607,0.225095231206905,0.734735679939567,0.345794722650685,0.258741581326691,0.169090143724818,0.210172131474899
ACTATTCTCATTGAGC-1,0.217958279657378,0.500994417700635,0.33540069434399,0.693202783386841,0.26383214214226,0.165005996863179,0.0904083228095496,0.123533953698896
ACTCCCAAGCACCGAA-1,0.449115194250458,0.376805207132687,0.392045180577656,0.675988204018188,0.260723663295223,0.181162930159609,0.184088038968068,0.178075535497957
ACTCCCAAGGAACTAT-1,0.228874273962077,0.372285126675255,0.273301509233811,0.707250461234511,0.347407834779639,0.253621182765938,0.167490528594624,0.206511175898931
ACTCCCAGTCTTAGTG-1,0.234094966890411,0.395495739824169,0.28827932880081,0.703880180716766,0.335150537507801,0.252248823692223,0.183534788622286,0.211556638310902
ACTCCCATCCTGTACC-1,0.195312676565643,0.333807941781364,0.242532185737017,0.547496259279167,0.256202239517715,0.198196328074546,0.112033195020747,0.149047485921962
ACTCCCATCGTTTACT-1,0.214025809659412,0.552444233507356,0.358858913158783,0.792553423304328,0.33171237151032,0.172617400129163,0.136857297492333,0.1574077772009
ACTCTCGAGTCATACC-1,0.252220489524714,0.674994914909485,0.442559911278268,0.701061928904514,0.245875966984187,0.147995663806624,0.127175416441157,0.134337100789435
ACTCTCGGTACATTGC-1,0.218511989513413,0.392568987727982,0.279129900188052,0.731336345279428,0.329510532327003,0.23045253252145,0.144855373143304,0.185191101881066
ACTCTCGGTCGTTTCC-1,0.208522611702488,0.383958234456573,0.271366748637832,0.698011243953107,0.287440097022219,0.193018267367838,0.125659991580973,0.156349428225302
ACTCTCGGTTGACGGA-1,0.226410830112776,0.361787239812869,0.26835913014128,0.604703865653646,0.283036418655583,0.216590552634007,0.155415238438872,0.178940852270458
ACTCTCGTCACCTACC-1,0.204590141704522,0.364657490903338,0.26109624379189,0.614524165782936,0.299991757821239,0.228342097979518,0.133766311864814,0.175186708734374
ACTGATGAGAATTCAG-1,0.228399665514046,0.410762311569146,0.293131298519697,0.719990702674434,0.307633434986871,0.207883568594889,0.164784412772867,0.183626875407697
ACTGATGAGACCAGAC-1,0.150315275611906,0.254333627138563,0.187605477602585,0.521405639409039,0.23941174392728,0.186733093458806,0.117252991761381,0.149586644834059
ACTGATGCATGGCCCA-1,0.227913756864872,0.453544873098741,0.314684893196393,0.696587590975783,0.314297825242261,0.234315896300397,0.144711046966143,0.185051319940892
ACTGATGGTACTCGAT-1,0.251531177254955,0.467093814269894,0.337160663484257,0.709080872205355,0.264102956587267,0.182120121782452,0.181706657044922,0.176970592542301
ACTGATGTCGTGAGAG-1,0.182893755508848,0.306224150789884,0.224203192053619,0.590031523744498,0.288146569487454,0.220338592121044,0.152576823621384,0.180165608317691
ACTGCAACAGTTAAAG-1,0.400524329333062,0.493807489773318,0.427636337335455,0.629298197190464,0.221490892392469,0.15967801457699,0.125190931505202,0.138823435440712
ACTGCAACATGCGTGC-1,0.177616561574796,0.296811083237282,0.219574232123053,0.532184726237343,0.258203911502549,0.20724928498939,0.116038246436948,0.154552231851645
ACTGCAACATTACTCT-1,0.237959635681515,0.428119420525685,0.307205024350258,0.75010532126618,0.325966395459737,0.19877294953409,0.160659089542366,0.180531703875288
ACTGCAATCATTCATC-1,0.253395710443646,0.48523063710534,0.344266840252664,0.711753853305635,0.318748601773246,0.239805332595258,0.16969150279632,0.201459057204095
ACTGTCCAGGAAGAAC-1,0.247293601826113,0.422412818948177,0.31030907951203,0.565262867353313,0.234160298602362,0.180667035704401,0.111672379577846,0.140068160336542
ACTGTCCAGTGGTTAA-1,0.374703369719981,0.447804370917802,0.392611745985824,0.597236951058297,0.222962710028377,0.177841590552634,0.117601780022852,0.143609302820933
ACTGTCCAGTTCTCTT-1,0.469048749067733,0.453522272696454,0.442342928781523,0.575882156398449,0.205465741972707,0.136624688624412,0.134957002826388,0.13618089114315
ACTGTCCGTCTTACTT-1,0.35528962415531,0.578592898953601,0.446471623511259,0.641370193355318,0.212271426721144,0.134283605498662,0.117192855854231,0.123174514424165
ACTGTCCTCCAGCCTT-1,0.28055009379167,0.372974438945013,0.301979362553643,0.570608829553874,0.256296435846413,0.201586862256666,0.129460580912863,0.159737476203789
ACTGTCCTCGTCTAAG-1,0.222817366149117,0.606334892761091,0.39192463474613,0.771372953498845,0.312873105770703,0.166309161361749,0.126934872812556,0.148002449512094
ACTGTGAAGCGATGCA-1,0.19214862024544,0.342599498271069,0.24518419403057,0.617197146883217,0.263396484122031,0.19330657809761,0.123807805640748,0.155344329512627
ACTGTGAAGCGTACAG-1,0.222444459511379,0.51679209889936,0.34722021312503,0.758211426994204,0.332524814845341,0.225009225943353,0.172782488423838,0.199848236750669
ACTGTGACAGCAGAAC-1,0.170678238072638,0.278629059597261,0.206061044409084,0.582608190362741,0.291608284567109,0.223083310268475,0.155042395814541,0.183061091364139
ACTGTGACATCAGTGT-1,0.217935679255091,0.427113702623907,0.299032016972853,0.671978732367767,0.308681369143638,0.226958206476612,0.154429009561609,0.185843417601874
ACTGTGATCTATGTGG-1,0.208680814518498,0.43731778425656,0.300014465499783,0.697546377674797,0.313567803694851,0.238375311375588,0.161092068073847,0.195148901047699
ACTTAGGAGCACTCGC-1,0.196126291047981,0.29535335728976,0.223389507690824,0.638886064180601,0.315710770172733,0.249158132669065,0.172024775993746,0.2044011342306
ACTTAGGAGGAGCAAA-1,0.20830790788076,0.436662372590232,0.299417763633734,0.70591397068437,0.303323952948934,0.21010932742873,0.12074087437609,0.160742574916464
ACTTAGGGTACCCGAC-1,0.48523063710534,0.417158225416412,0.432265297266021,0.565829423130003,0.197682770314027,0.14859535012455,0.149810571892477,0.142530984996738
ACTTAGGTCTGGTGGC-1,0.178034669017109,0.302980993061676,0.220562707941559,0.537850284004242,0.26211305914352,0.207180090414245,0.123218473750677,0.1595045063035
ACTTATCAGGAGAGGC-1,0.401224941803964,0.509266164937736,0.435514007425623,0.579296018129785,0.212577564789412,0.151709106006089,0.122845631126346,0.132719624053144
ACTTATCAGGGATCTG-1,0.377087712161276,0.427000700612471,0.380171416172429,0.693275418742827,0.292927033168882,0.226197066150014,0.1848216970353,0.200327489116978
ACTTATCCACAGCTGC-1,0.198702736908717,0.308631093633467,0.229645836346979,0.691735549195927,0.344523072213261,0.267229449211182,0.171170846112214,0.213719930242156
ACTTATCGTACTCGAT-1,0.153761836960698,0.259045811015436,0.190372004436087,0.501314699943344,0.248230875201639,0.208852292646923,0.111888868843587,0.156615679539918
ACTTATCGTATCTTCT-1,0.237959635681515,0.401258842407395,0.293348281016442,0.704664642561413,0.30226424425108,0.206188301503829,0.140838294545673,0.172237975425004
ACTTATCTCGACGCTG-1,0.315874522566502,0.709144122765385,0.494533246540335,0.712916019001409,0.271179455780711,0.155295691484454,0.131012087317337,0.144294899956069
ACTTCCGAGCAACCAG-1,0.222715664338825,0.404377697923023,0.288930276291046,0.760041837965048,0.335550871904768,0.218170495433158,0.171423416922244,0.194955868844602
ACTTCCGCAAGACTGG-1,0.382534409112482,0.452087147151219,0.396716331549255,0.629501576187225,0.257874224352106,0.196593320417013,0.158770822057851,0.174154984890238
ACTTCCGCACACGGAA-1,0.261170248830429,0.425068366216919,0.318494141472588,0.664395601202841,0.286969115378728,0.206234431220592,0.122713332130615,0.160236697418694
ACTTCCGCATGACTGT-1,0.280007684136778,0.543087666960472,0.388724142919138,0.654764152999114,0.269177783795877,0.166113110065504,0.11700042095135,0.140301130236831
ACTTCCGCATGGGTTT-1,0.219788912242638,0.442504576581463,0.305921211244515,0.779711492366024,0.347407834779639,0.209059876372359,0.167490528594624,0.190802348336595
ACTTCCGGTCCGTACG-1,0.41033290392569,0.436255565349063,0.406040551617725,0.455801385882592,0.156295258392304,0.118461112648768,0.112526309459378,0.107432405447502
ACTTCCGGTTTGAACC-1,0.444662914999887,0.523368815964924,0.466072375717248,0.484521405639409,0.174322080796901,0.120294768890119,0.12068073846894,0.117689737343078
ACTTCGCAGCTAAATG-1,0.253068004610482,0.414660880963681,0.310303052220454,0.554977700945712,0.221432019687033,0.174716302241904,0.12060857538036,0.142950330817258
ACTTCGCAGGAGTCTG-1,0.233552557235519,0.394817727755554,0.289623414822315,0.631331987158069,0.29757797689835,0.230936894547467,0.138505021348247,0.180012513811787
ACTTCGCAGTCGAAAT-1,0.205053449951409,0.298867719845413,0.231050195284247,0.540784752386071,0.243320891568251,0.194436756158317,0.139022190149738,0.162533115007255
ACTTCGCCATGAGAAT-1,0.392998395371438,0.371302009175763,0.362083514152081,0.620393102546596,0.268118075098023,0.219554386936064,0.171351253833664,0.191434695208808
ACTTCGCGTGAGATTA-1,0.207855899835017,0.246592989355211,0.217368243406143,0.340369278149832,0.169094184554157,0.144628194482886,0.129003548018522,0.132573185830105
ACTTCGCGTGTGTACT-1,0.201572987999186,0.506147309422108,0.328481363614446,0.779348315586095,0.331194291702481,0.18652550973337,0.131360875578808,0.161235139848503
ACTTCGCTCCTGTAGA-1,0.173763192984835,0.270007006124709,0.208646752495299,0.42520737394134,0.222668346501195,0.12826367746102,0.158169462986349,0.151137558741696
ACTTCGCTCGTGGGAA-1,0.171989061405293,0.275171198047325,0.205144896089493,0.554338509813037,0.263384709580944,0.203651167081834,0.128678814119911,0.161814236457792
ACTTTCAAGACGACTG-1,0.309105702081497,0.507774538386783,0.384963112975553,0.691532170199166,0.257191300969045,0.16696650982563,0.134018882674845,0.148461733029807
ACTTTCATCACTAGCA-1,0.257994892309083,0.388568716523154,0.298212305318482,0.578221014861194,0.244003814951312,0.187540363502168,0.122689277767755,0.150232304272002
ACTTTCATCGTTGTGA-1,0.40165434944742,0.515289172147264,0.437985196971889,0.52818978165812,0.184836745987825,0.123777562505766,0.126321486559625,0.121224223544604
ACTTTGTAGAAGTGTT-1,0.173220783329943,0.327999638393563,0.232123053184821,0.544067870476633,0.227166221196529,0.186075744994926,0.106837452642973,0.141838731578737
ACTTTGTAGCGGGTTA-1,0.405519018238525,0.490078423395936,0.428052220454217,0.566817263971411,0.19483333137091,0.123627640926285,0.110734259426303,0.11259768095105
ACTTTGTAGGGTGGGA-1,0.137636449928809,0.330056275001695,0.226620135975698,0.437991196594855,0.179703046073779,0.0989597748869822,0.149894762162487,0.138850060572174
ACTTTGTCAGACGGAT-1,0.354995818925577,0.458923768843085,0.386711027532668,0.659834100846928,0.273499040374901,0.223890580311837,0.17339587467677,0.193637924837254
ACTTTGTGTGTCCGTG-1,0.205211652767419,0.473534928921735,0.313473407589566,0.797042288304255,0.360371604516714,0.213027032014023,0.145300378856215,0.180025826377518
ACTTTGTTCAGCGCGT-1,0.294991750853165,0.437758492101159,0.346581320217947,0.612998823307233,0.258616020440603,0.175292923701448,0.116687714234169,0.147143789022458
ACTTTGTTCATTGCTT-1,0.287341514678961,0.420277080932041,0.32871642798592,0.670380754536078,0.302028753429335,0.220707629855153,0.155090504540261,0.184492192180199
ACTTTGTTCTCAGTCC-1,0.224433294912649,0.535290528171401,0.355646366748638,0.729215392884641,0.257991969762979,0.159228249838546,0.111071020506344,0.133278751813837
AGAAATGAGGTTGGAC-1,0.262650575180238,0.693165638348363,0.458309224167028,0.689396690733181,0.248996220372311,0.151905157302334,0.140669914005653,0.143516114860817
AGAAATGCATAACAGA-1,0.264311704748345,0.551348113996429,0.383540672163557,0.745195171201534,0.294775636119582,0.169757357689824,0.141235191532864,0.158486095025094
AGAAATGCATAGGCGA-1,0.229744389450132,0.53506452414853,0.358708230869377,0.758080683353429,0.299968208739064,0.173309345880616,0.141175055625714,0.160216728570097
AGAAATGGTCTCAGAT-1,0.229992993875291,0.476563382828214,0.329397511934037,0.746735040748435,0.299614972506447,0.177126579942799,0.140561669372782,0.161421515768734
AGAACAAAGTTTCGAC-1,0.135161705878365,0.28118290505571,0.194422344375332,0.459229774685126,0.204700396802035,0.12291263031645,0.1545853629202,0.151164183873158
AGAACAACAGAGCCCT-1,0.194792867313038,0.317818157163198,0.232400308597329,0.635109025669335,0.300450964923642,0.222944921118184,0.153081965241446,0.183154279324254
AGAACAAGTAGGTAGC-1,0.401869053269148,0.438583406784641,0.398090554028642,0.65704490317707,0.248195551578377,0.185003229080173,0.15862649588069,0.167678421662207
AGAACAAGTCTATGAC-1,0.209720433023708,0.427317106244491,0.291877621871836,0.77207025291631,0.324011821639252,0.18222391364517,0.142281556317277,0.16528881611353
AGAACAAGTGACATCT-1,0.215370533595498,0.367279137568649,0.268871449925262,0.536702645379665,0.228508518880477,0.188520619983393,0.105382163689939,0.142564266411065
AGAACCTAGAGGGTGG-1,0.289884059936267,0.545777114832644,0.394257196586142,0.715182242108169,0.287652038761789,0.192084140603377,0.135005111552108,0.161368265505811
AGAACCTAGCTGAGTG-1,0.401518747033697,0.479433633918684,0.420132359323015,0.556096285427895,0.205183152986612,0.149321893163576,0.117830296470022,0.129464701731965
AGAACCTAGGGTACGT-1,0.279996383935634,0.339480642755441,0.284982400308597,0.699231517933669,0.311813397072849,0.241777377986899,0.183210054723676,0.206185018038527
AGAAGCGAGAAGTCTA-1,0.15951363934278,0.247451804642123,0.193566468971503,0.494501503551869,0.212365623049842,0.143740197435188,0.187215106139876,0.171286126975252
AGAAGCGAGTCTAGCT-1,0.274504486179854,0.393495604221755,0.312575341144703,0.581925418016474,0.246087908723757,0.180159608820002,0.103578086475434,0.135774857888361
AGAAGCGCAAGAGATT-1,0.244705855764233,0.450075711347662,0.322574617869714,0.69526562749684,0.256849839277514,0.164417842974444,0.103926874736905,0.132286965666893
AGAAGCGTCTAACGCA-1,0.232524238931453,0.45331886907587,0.318337431891605,0.627918125426733,0.23511403643043,0.168673309345881,0.109723976186181,0.135721607625438
AGAAGTACACGAAGAC-1,0.165468845345447,0.269690600492689,0.199780606586624,0.419541816174441,0.232570735555582,0.138527539440908,0.152985747790005,0.152149313737237
AGAAGTATCGATGGAG-1,0.190046782832734,0.327434628336384,0.236402430203964,0.573499716722112,0.274947308928635,0.21401882092444,0.137170004209514,0.168337393665881
AGAAGTATCTGCTCTG-1,0.176610843673017,0.353006983524307,0.242893823231593,0.687885875328675,0.286910242673292,0.205876925915675,0.116206626976968,0.157447714898092
AGACAAAAGTCGCCAC-1,0.19470246570389,0.28898004384478,0.218537537971937,0.632072867789125,0.324035370721426,0.258349478734201,0.167610800408924,0.205865516460988
AGACAAAGTAGCGATG-1,0.164169322213935,0.257610685470201,0.193717151260909,0.551709109926348,0.292562022395177,0.230602454100932,0.137494738108124,0.176990561390897
AGACAAAGTATTCCGA-1,0.347797590797116,0.475874070558456,0.390243020396355,0.648749945523483,0.24224940832931,0.171971584094474,0.120969390823261,0.144647682947935
AGACAAAGTGCCGTAC-1,0.410818812574864,0.450753723416277,0.410844303004002,0.589334224327033,0.234395789424107,0.174624042808377,0.148439473209453,0.157154838452015
AGACACTAGAGGGTAA-1,0.221065834971862,0.521899789816259,0.347244322291335,0.763470226767581,0.30583193020052,0.179052495617677,0.141944795237236,0.163897652994662
AGACACTAGCCAACCC-1,0.311128438086198,0.566863290166565,0.417395968947394,0.619841073841103,0.219771809393729,0.133903035335363,0.111299536953515,0.118788024015869
AGACACTAGTATCCTG-1,0.221077135173006,0.497344452731259,0.333550315830079,0.77901419294856,0.335609744610204,0.188532152412584,0.151578567562692,0.173076667066044
AGACACTCAAGGATGC-1,0.438459104572061,0.476857188057947,0.438153961136024,0.629661373970394,0.215721367259711,0.152205000461297,0.138950027061158,0.141346166646698
AGACACTCATCAACCA-1,0.257282979637038,0.341525979162429,0.27375355610203,0.681886194924241,0.310506423012163,0.239747670449303,0.174803054904083,0.200480583622882
AGACACTGTACGCGTC-1,0.371844418830655,0.362668655502068,0.344574232123053,0.707875125295989,0.295069999646764,0.229933573207861,0.197390101629683,0.208494748192819
AGACAGGAGACCGTTT-1,0.396953465771691,0.504983388704319,0.43178311393992,0.556938855557331,0.195363185719837,0.126418488790479,0.109880329544771,0.1130303393373
AGACAGGAGCCGGAAT-1,0.385574163220105,0.498203268018171,0.42078330681325,0.530136409198541,0.18223457240754,0.129163206937909,0.124818088880871,0.123707017053397
AGACAGGAGGCATGCA-1,0.236016001084819,0.505220692928334,0.344646559621968,0.765184421168848,0.320597204723946,0.1768728665006,0.145997955379157,0.165268847264933
AGACAGGGTTCTCCAC-1,0.215234931181775,0.320338102018216,0.243189160518829,0.584685561543937,0.297648624144874,0.238306116800443,0.140585723735643,0.183081060212735
AGACAGGTCAACCTTT-1,0.19366284719868,0.346260763441589,0.247715656492598,0.618402893792583,0.273569687621425,0.202832364609281,0.149377593360996,0.171206251580867
AGACAGGTCCGCGGAT-1,0.335559472958619,0.394670825140688,0.343573701721394,0.696718334616558,0.290160016013376,0.203743426515361,0.161152203980997,0.180178920883422
AGACAGGTCCTGTAGA-1,0.183583067778606,0.425057066015775,0.290009161483196,0.512195476270029,0.155471040516196,0.114171048989759,0.0382584641289314,0.0806075854999534
AGACAGGTCTAGACAC-1,0.20234140167695,0.303715506136009,0.231803606731279,0.59835553554048,0.31004721590976,0.240543408063474,0.149233267183835,0.187474206903897
AGACAGGTCTAGTACG-1,0.22844486631862,0.390478450516419,0.285115000723275,0.663553031073405,0.271603339259852,0.187678752652459,0.136724998496602,0.1598506330125
AGACCATGTGATGGCA-1,0.221190137184442,0.346995276515922,0.259348329234775,0.638987753678981,0.271744633752899,0.197008487867884,0.139346924048349,0.164363592795239
AGACCATTCAATGTCG-1,0.223777883246322,0.36217144665175,0.267635855152129,0.653674622659326,0.273970022018392,0.193156656518129,0.13190209874316,0.158858846865556
AGACCCGAGTTGTAGA-1,0.150812484462223,0.278075349741225,0.201805776556247,0.422708717695425,0.208538897196482,0.113998062551896,0.157447832100547,0.146112065178322
AGACCCGTCGACCCAG-1,0.261068547020137,0.601283702849911,0.409295289068904,0.624358992983425,0.231393281446856,0.136382507611403,0.0969270551446269,0.112757431739819
AGACTCACATCCGATA-1,0.234942481976179,0.536443148688047,0.36193885915425,0.676467597367695,0.258557147735167,0.153312113663622,0.0952071682001323,0.121057816472969
AGAGAATAGAGAGCGG-1,0.175639026374669,0.31504960788302,0.227789430541492,0.501256591658556,0.216051054410154,0.185256942522373,0.102182933429551,0.139515688858714
AGAGAATCACACTGGC-1,0.210500146902615,0.389472732614641,0.277195139592073,0.630256983889478,0.269943128966549,0.200399022050005,0.115376751458296,0.152069438342852
AGAGAATCAGCCGTTG-1,0.169130110515967,0.322756345062942,0.223950045807416,0.640600258581867,0.272545302546833,0.185337669526709,0.130122075891515,0.155231172703915
AGAGAATGTAGAAACT-1,0.490553031843967,0.453239767667865,0.453650127778581,0.571465926754507,0.197741643019463,0.130823876741397,0.1397678753984,0.130083736038447
AGAGAATTCTCTTAAC-1,0.189617375189278,0.377245914977287,0.257745069675491,0.769789502738353,0.34392257061781,0.22784620352431,0.13950327740694,0.181436958344982
AGAGAGCAGGGAGGAC-1,0.182193143037946,0.335638574366624,0.236161338540913,0.627496840362015,0.29096068480731,0.226116339145678,0.154525227013049,0.184578723857449
AGAGAGCCAAATCCCA-1,0.216477953307569,0.379878861843741,0.273783692559911,0.590990310443511,0.260370427062605,0.186490912445798,0.127909074508389,0.152002875514198
AGAGAGCCACGTACTA-1,0.399010102379822,0.467591023120212,0.414267804619316,0.598747766462803,0.2070435304784,0.142875265245871,0.109098562751819,0.123647110507608
AGAGAGCTCTGACAGT-1,0.214330915090289,0.364341085271318,0.272071941752254,0.467757165477868,0.199743315004298,0.102119660485285,0.163557640267003,0.144268274824607
AGAGCAGAGACAGCTG-1,0.196171491852555,0.341910186001311,0.246938135879261,0.627133663582085,0.297683947768136,0.223486945290156,0.126117024475314,0.169675306521826
AGAGCAGCAATCTAGC-1,0.247643908061564,0.406016227088842,0.300719658614205,0.650929006203059,0.292467826066479,0.214053418212012,0.127319742618317,0.165961100682935
AGAGCAGGTCTACTGA-1,0.263927497909463,0.432684701787692,0.32267708182651,0.704955183985357,0.321327226271356,0.225851093274287,0.154236574658729,0.186981641971857
AGAGCAGGTTGCTGAT-1,0.208285307478473,0.348611205279454,0.254285404310719,0.686578438920929,0.31507494495402,0.221226589168742,0.142991160021649,0.178275223983918
AGAGCAGTCACTCCGT-1,0.366070016046286,0.551924424254752,0.438051497179228,0.593387277191046,0.211329463434163,0.125761140326598,0.108208551325997,0.112764088022685
AGAGCCCCACATAGCT-1,0.270289511153299,0.499581892557688,0.360034235016153,0.691038249778462,0.266328344852759,0.176549958483255,0.147597570509351,0.160855731725175
AGATAGAAGCCTCTTC-1,0.244231247316202,0.582898275589306,0.389959737692271,0.751993840521812,0.307021158850334,0.176192453178337,0.150700583318299,0.164975970818856
AGATAGAAGGTGCGAT-1,0.282550229394083,0.423655841073971,0.328463281739717,0.699827127852754,0.316911773363633,0.226116339145678,0.152973720608575,0.186908422860338
AGATAGACAATGTCTG-1,0.373042240151875,0.467715325332791,0.404847147885626,0.556154393712684,0.232606059178843,0.175984869452902,0.13570268807505,0.156003301516301
AGATAGACATTGACAC-1,0.348667706285172,0.481908377969128,0.398000144654998,0.654982059067072,0.276548646516502,0.23944782729034,0.175825365325636,0.20515329419439
AGATAGAGTAGACTGG-1,0.511650507379031,0.464856374443465,0.471551183760066,0.538358731496143,0.181433903613607,0.114378632715195,0.129917613807204,0.116498262710172
AGATAGAGTGGGACAT-1,0.271374330463082,0.473512328519448,0.350933024736005,0.696674753402966,0.293810123750427,0.22327936156472,0.156329304227554,0.185304258689777
AGATAGATCGTCTCAC-1,0.220478224512396,0.460991705652361,0.315384059019239,0.740604616703226,0.320608979265033,0.217824522557432,0.130398701064406,0.170513998162866
AGATAGATCTAGCCAA-1,0.269475896670961,0.46692431125274,0.344803269202951,0.681247003791566,0.27221561539639,0.193641018544146,0.155739972337483,0.172384413648042
AGATCCAAGCATATGA-1,0.204443239089656,0.316518634031686,0.237354742273012,0.609120095297587,0.266222373982974,0.20059507334625,0.140621805279933,0.16622735199755
AGATCCAAGTTGAAGT-1,0.428277623341696,0.45546590729315,0.421868219296977,0.600345744294493,0.212165455851358,0.147603561214134,0.134175236033436,0.14004153520508
AGATCCATCTATCGTT-1,0.166338960833503,0.276154315546817,0.203927383191089,0.521754289117771,0.261218194020888,0.213592121044377,0.135005111552108,0.168210924291439
AGATCCATCTTAGCCC-1,0.216873460347594,0.316778538657988,0.242333285115001,0.580371021398376,0.298884950959036,0.245779130916136,0.141800469060076,0.186282732270991
AGATCCATCTTTGCTA-1,0.242886523380116,0.647851831762605,0.423754761560345,0.753519182997516,0.305584664837688,0.170841406033767,0.142798725118768,0.160356510510271
AGATCGTAGCTCCACG-1,0.316620335841978,0.443137387845504,0.357303871932109,0.736885686476749,0.289088532774435,0.193860134698773,0.18124962415058,0.184971444546507
AGATCGTAGCTCGGCT-1,0.481682373946256,0.46035889438832,0.452987125705193,0.596132893647312,0.201144485393682,0.131815665651813,0.134704432016357,0.128173382856078
AGATCGTCAGCCTATA-1,0.179085587723461,0.316529934232829,0.22648753556102,0.563446983453666,0.280705059520305,0.22236829965864,0.1205845210175,0.165921162985742
AGATCGTCAGCCTTCT-1,0.439860329513865,0.496824643478654,0.449437050966778,0.491044060606941,0.17832542476657,0.121263492942153,0.120368031751759,0.118275490235233
AGATCGTGTTGGGACA-1,0.190397089068185,0.400965037177662,0.269890062201649,0.788689222365879,0.360512899009761,0.241177691668973,0.165253472848638,0.202311061410866
AGATCGTGTTGGTACT-1,0.12107035505232,0.340339458042353,0.223208688943536,0.40581373389311,0.189558336963817,0.0847172248362395,0.130470864152986,0.121104410453027
AGATCGTGTTGTGCAT-1,0.24624268311976,0.472653513232536,0.334351945609721,0.664177695134884,0.286686526392634,0.199268843989298,0.125431475133802,0.15892540969421
AGATGAAAGGTTGGTG-1,0.188600357086356,0.361787239812869,0.252386807464198,0.658933422432703,0.307833602185355,0.2282383061168,0.132768055806122,0.176052025506876
AGATGAAGTACCAATC-1,0.32006689719077,0.467613623522499,0.370545831525146,0.625390415038424,0.24409801128001,0.176676815204355,0.12825786276986,0.149866208714406
AGATGAAGTAGCGATG-1,0.157411801930074,0.272221845548851,0.198261729109407,0.512326219910804,0.239058507694663,0.193456499677092,0.108845991941788,0.146351691361476
AGATGAAGTTCAAACC-1,0.246785092774651,0.364928695730784,0.279702492887796,0.686825399131281,0.303288629325672,0.220269397545899,0.16977569306633,0.190090126069997
AGATGAAGTTCCGCAG-1,0.185752706398174,0.421090695414378,0.2779244418728,0.787410840100527,0.324659421399051,0.180736230279546,0.126742437909676,0.154931639974972
AGATGAATCATAGACC-1,0.212918389947341,0.343458313557981,0.252115579343266,0.728198497900838,0.338200143649401,0.243784020666113,0.171748150820855,0.203535817458099
AGATGAATCCTCCACA-1,0.215280131986349,0.350046330824689,0.257184531558899,0.686941615700859,0.312260829634165,0.226174001291632,0.149305430272416,0.184425629351545
AGATGCTCATCGTCCT-1,0.218986597961444,0.48781838316722,0.327450696754906,0.791463892964539,0.340637473654464,0.184242088753575,0.142413855313007,0.167658452813611
AGATGCTCATCTCATT-1,0.212183876873008,0.388297511695708,0.278093206036935,0.718087656347604,0.298390420233371,0.238029338499862,0.189440134704432,0.210125537494841
AGATGCTTCCGAGATT-1,0.412333039528104,0.486168553800258,0.429317951685231,0.527608698810233,0.196116756349421,0.140038287664914,0.128534487942751,0.129018730779983
AGATGCTTCGTCACCT-1,0.192950934526635,0.336892896693561,0.240332224311683,0.632959019132153,0.299979983280152,0.22966832733647,0.164555896325696,0.190422940213267
AGCATCAAGCCTCTTC-1,0.220308721495243,0.343435713155694,0.257684796759728,0.603323793889914,0.275076828880594,0.209106006089123,0.140645859642793,0.170214465433923
AGCATCAAGGAACTAT-1,0.444086604741564,0.452471353990101,0.429197405853706,0.550343565233813,0.193702975426533,0.144132300027678,0.131805881291719,0.132253684252566
AGCATCAAGGCTGAAC-1,0.249768345876557,0.445860736321107,0.322261198707749,0.723331929049784,0.328815834402854,0.227085063197712,0.163509531541283,0.191953885272309
AGCATCAAGGGCAGGA-1,0.163084502904152,0.267724365493706,0.197568590578138,0.60910556822639,0.325577835603857,0.277920011071132,0.159203800589332,0.213606773433444
AGCATCACAAGATCCT-1,0.155298664316225,0.280776097814541,0.200443608660013,0.51136743321179,0.206808039656654,0.181474305747763,0.0979493655661796,0.134689883781301
AGCATCACACTGGATT-1,0.201866793228919,0.34402332361516,0.24621486089011,0.7001031422055,0.349185790483816,0.274160439154904,0.17736484454868,0.22075562123088
AGCATCAGTGAGACGT-1,0.256085158315818,0.417610233462156,0.312888760306669,0.634658686462222,0.278055787775671,0.199868530307224,0.119598292140237,0.154219417708375
AGCATCAGTTTGGAAA-1,0.230851809162203,0.475354261305851,0.329120256521529,0.747141798741956,0.296671337234631,0.174808561675431,0.13971976667268,0.160030352649866
AGCATCATCGCGGTAC-1,0.198013424638959,0.323004949488101,0.237005159361589,0.646338451704752,0.289206278185308,0.206845649967709,0.148427446028023,0.173156542460428
AGCCAATAGCGGACAT-1,0.25710217641874,0.478970325671797,0.345538598775254,0.719671107108096,0.263808593060085,0.176146323461574,0.183149918816525,0.174394611073392
AGCCAATAGGCGTTAG-1,0.210884353741497,0.350893845910457,0.255659626790106,0.674796984180019,0.331865440544455,0.251245502352616,0.165506043658669,0.203076533940386
AGCCAATTCGTCAGAT-1,0.191854815015707,0.357707867200036,0.24921042480351,0.719336984470561,0.364292526698772,0.269847310637513,0.172385591436647,0.217207822463623
AGCCAATTCTTGGGCG-1,0.20830790788076,0.334576355459127,0.247323882540142,0.652221915539608,0.301440026374972,0.214883753113756,0.158951229779301,0.181969460974214
AGCCACGCAATTAGGA-1,0.289556354103103,0.417542432255294,0.328360817782921,0.614190043145401,0.263043247889414,0.189593135898146,0.134042937037705,0.158765658905441
AGCCACGTCCGAGAAG-1,0.251904083892693,0.405485117635094,0.306361203529582,0.548948966398884,0.224316782253412,0.174024356490451,0.122544951590595,0.143922148115606
AGCCACGTCGTGTGAT-1,0.251440775645806,0.431746785092775,0.317342928781523,0.705667010474018,0.30390090546221,0.229068641018544,0.155583618978892,0.187460894338166
AGCCAGCAGAAGCGCT-1,0.193312540963229,0.379539855809433,0.266454506003182,0.590162267385272,0.281058295752923,0.217051849801642,0.141030729448554,0.17326969926914
AGCCAGCAGGACAACC-1,0.198115126449251,0.29216670056727,0.224721539129177,0.577334863518166,0.268400664084117,0.211054986622382,0.149942870888207,0.174474486467777
AGCCAGCCAAATACGA-1,0.246457386941488,0.362804257915791,0.279979748300304,0.674288536688118,0.297436682405303,0.202371067441646,0.132563593721811,0.163910965560392
AGCCAGCCAGTACTAC-1,0.251519877053812,0.371155106560897,0.287122088818169,0.602016357482168,0.259616856433021,0.195290155918443,0.130410728245836,0.159584381697885
AGCCAGCGTTTCACTT-1,0.209155422966529,0.339028634709698,0.249541925840204,0.641588099423275,0.282824476916012,0.206880247255282,0.149197185639545,0.172956853974467
AGCCAGCTCCTAAGTG-1,0.181097023527019,0.310529527425588,0.221454747094845,0.663044583581504,0.307386169624039,0.235607528369776,0.167755126586085,0.195834498182835
AGCGATTAGGCCGCTT-1,0.154247745609872,0.275159897846182,0.199858961377116,0.554280401528248,0.265186214367295,0.203397453639635,0.122797522400625,0.160050321498462
AGCGATTCAACCACGC-1,0.210906954143784,0.420073677311456,0.291305029172091,0.767813821055537,0.356109220643125,0.241304548390073,0.174887245174093,0.21170307653394
AGCGATTTCGGCAGTC-1,0.199889258028793,0.39461432413497,0.271270311972612,0.695715966703953,0.302817647682182,0.22133038103146,0.158782849239281,0.185397446649893
AGCGATTTCTCGGTCT-1,0.206398173887495,0.404038691888716,0.280600559332658,0.717739006638872,0.282730280587314,0.183158040409632,0.112093330927897,0.146704474353342
AGCGATTTCTTAGTTC-1,0.169209211923972,0.299692634528895,0.217036742369449,0.531705332887837,0.234902094690859,0.180943814004982,0.111131156413494,0.141825419013006
AGCGCCACACTCAAGT-1,0.452674757610685,0.462539833209031,0.438533680505328,0.630591106527013,0.22625958153281,0.151178614263308,0.134596187383487,0.143183300717547
AGCGCCAGTGTGTCGC-1,0.202635206906683,0.42251452075847,0.288574666088047,0.674462861542484,0.26357310223834,0.181901005627825,0.11692825786277,0.147117163890997
AGCGCCATCAGCTTCC-1,0.400829434763939,0.470619477026691,0.414508896282367,0.606505222482095,0.213166291843775,0.158847679675247,0.143628600637441,0.149693145359905
AGCGCCATCGCGTGCA-1,0.414174972314507,0.467139015074468,0.420017840783066,0.647980010750033,0.239764980159898,0.152043546452625,0.137675145829575,0.144501244724896
AGCGCCATCGGAATGG-1,0.284335661174769,0.452979863041562,0.346442692511693,0.566381451835495,0.22170283413204,0.157752098902113,0.103974983462626,0.123700360770531
AGCGCTGAGGGCTGAT-1,0.151456595927408,0.270131308337288,0.192801002941318,0.535496898470299,0.264044083881831,0.215552634006827,0.112911179265139,0.161168577019849
AGCGCTGCAAGGACAC-1,0.193628946595249,0.41658191515809,0.281088769950335,0.678225372982553,0.274229061922312,0.18729818248916,0.121113717000421,0.152428877617583
AGCGCTGCACATACGT-1,0.215969444256108,0.537019458946369,0.352253001591205,0.767087467495678,0.306114519186615,0.165524956176769,0.123603343556438,0.144694276927992
AGCGCTGTCATGCAGT-1,0.204205934865641,0.327332926526092,0.242152466367713,0.6121417261066,0.303559443770679,0.234315896300397,0.133549822599074,0.177523064020129
AGCGCTGTCTGAGTCA-1,0.187074829931973,0.342701200081361,0.243701480302811,0.602757238113224,0.29070164490339,0.221653289048805,0.140369234469902,0.174308079396142
AGCGTATCACAAGTGG-1,0.22355187922345,0.565416864420187,0.371082260475433,0.730566410505978,0.264102956587267,0.158663160808193,0.113993625593842,0.134610008386916
AGCGTATCAGACTCTA-1,0.354702013695844,0.512136416028205,0.411127585708086,0.709502157270073,0.280681510438131,0.184161361749239,0.157147152564796,0.168430581625997
AGCGTATTCAAGAATG-1,0.273690871697516,0.399586412638145,0.314220791745021,0.63240699042666,0.283001095032321,0.209994003136821,0.122148054603404,0.160536230147636
AGCGTATTCGGAAGGT-1,0.197493615386354,0.396151151490497,0.272554125078355,0.679590917675088,0.289135630938784,0.201990497278347,0.131649527933129,0.162852616584794
AGCGTATTCGGAGATG-1,0.209709132822564,0.35910909214184,0.261620618159024,0.57705884916542,0.245581603457005,0.199303441276871,0.103289434121114,0.146491473301649
AGCGTCGGTGCAATAA-1,0.17627183763871,0.344486631862047,0.240229760354887,0.674259482545724,0.299532550718836,0.226762155180367,0.140152745204161,0.17930029154519
AGCGTCGTCAACCTTT-1,0.248875629986214,0.553574253621714,0.381388929070833,0.65437192207679,0.322033698736592,0.234373558446351,0.146022009742017,0.186189544310875
AGCGTCGTCATAGGCT-1,0.283906253531313,0.36444278708161,0.305372727711076,0.56795037552479,0.244156883985447,0.221157394593597,0.176342534127127,0.196999347684279
AGCTACAAGAAGGATG-1,0.205595859606301,0.505593599566072,0.330361878586238,0.788340572657147,0.334173250597558,0.179548390072885,0.130013831258645,0.156575741842725
AGCTACAAGGATATAC-1,0.220286121092955,0.373132641761023,0.273241236318048,0.635661054374827,0.307303747836428,0.235861241811975,0.143845089903181,0.184698536949026
AGCTACAGTTATAGAG-1,0.389924740660384,0.483772911157819,0.416582284584599,0.542978340136845,0.198624733601008,0.136509364332503,0.123988213362199,0.125803746155997
AGCTACAGTTCAGGTT-1,0.174972314507198,0.28989536013741,0.213884468875066,0.551970597207897,0.281282012033581,0.21924301134791,0.134608214564917,0.169488930601595
AGCTCAACACGACTAT-1,0.237270323411757,0.42526046963636,0.308808283909542,0.733893109810131,0.314238952536825,0.250207583725436,0.196656443562451,0.220922028302515
AGCTCAAGTAGCTCGC-1,0.208522611702488,0.310337424006147,0.244762283620232,0.532388105234104,0.219477445866547,0.15706015315066,0.172998977689578,0.167984610674015
AGCTCAAGTGCGGTAA-1,0.207200488168689,0.412943250389857,0.28346352283138,0.751834042738644,0.335586195528029,0.215702555586309,0.143003187203079,0.178275223983918
AGCTCAATCAACCTCC-1,0.183696069790042,0.274673989197008,0.209147017696128,0.663480395717419,0.371239505940256,0.263735123166344,0.162992362739792,0.20800218326078
AGCTCAATCGTGCACG-1,0.212048274459285,0.364894795127353,0.263434832923478,0.630649214811802,0.30583193020052,0.235307685210813,0.143905225810331,0.182934621989696
AGCTCAATCTCGCAGG-1,0.322925848080096,0.50852035166226,0.39434157866821,0.71399102227,0.290972459348397,0.198703754958945,0.156954717661916,0.175133458471451
AGCTCAATCTGCTTAT-1,0.177695662982801,0.30542183650869,0.217802208399634,0.677048680215582,0.319914281340885,0.226739090321985,0.153575079680077,0.18752745716682
AGCTTCCAGGTAGGCT-1,0.221800348046195,0.358916988722399,0.265062201649067,0.727719104551331,0.346124409801128,0.266860411477074,0.176931866017199,0.218272827722087
AGCTTCCGTAGACACG-1,0.23131511740909,0.329773769973106,0.255563190124885,0.614771125993289,0.30106324106018,0.223948242457791,0.157868783450598,0.184705193231892
AGCTTCCTCCCTTGTG-1,0.281363708274007,0.467059913666463,0.349287574135686,0.635007336170955,0.268188722344547,0.192430113479103,0.148391364483733,0.166906292849821
AGCTTCCTCGTAGGAG-1,0.220229620087238,0.594153275928312,0.384040937364386,0.78482502142743,0.324635872316876,0.170599225020758,0.134151181670575,0.155304391815435
AGCTTCCTCTCCACTG-1,0.154880556873912,0.253361809840215,0.190305704228748,0.482632886383776,0.222950935487289,0.182858197250669,0.109627758734741,0.142857142857143
AGGAAATAGACTTCCA-1,0.212296878884444,0.474619748231519,0.316908963788032,0.793294303935384,0.355944377067904,0.206384352800074,0.153370617595766,0.183300717547293
AGGAAATAGCACGTCC-1,0.339537143761159,0.436594571383371,0.366085635758715,0.647965483678836,0.260806085082834,0.187528831072977,0.129689097360034,0.155231172703915
AGGAAATAGCGTGCCT-1,0.201313083372884,0.388421813908288,0.27046868219297,0.627075555297297,0.284449363586054,0.213027032014023,0.119237476697336,0.160842419159445
AGGAAATAGGGAACAA-1,0.216557054715574,0.470031866567225,0.31639664400405,0.781280416055319,0.347937689128566,0.217201771381124,0.164507787599976,0.192213480304059
AGGAAATAGTTTCGAC-1,0.249056433204511,0.390478450516419,0.293914846424611,0.716082920522394,0.304148170825042,0.195659193652551,0.134343616573456,0.163777839903085
AGGAAATCAACTGAAA-1,0.205268153773137,0.361391732772843,0.257112204059984,0.697924081525924,0.33162994972271,0.248858289510102,0.178591617054543,0.208880812599012
AGGAATAAGAGTACCG-1,0.245191764413407,0.385235157185798,0.289044794830995,0.658977003646295,0.316393693555794,0.238225389796107,0.164724276865717,0.195521652888161
AGGACGACAAGACCTT-1,0.227190543991683,0.518046421226298,0.348256907276146,0.718770428693871,0.262030637355909,0.161984500415167,0.112045222202177,0.135209073844802
AGGACGACAGAACATA-1,0.204239835469071,0.340068253214907,0.248655913978495,0.642023911559191,0.297283613371169,0.211400959498109,0.149257321546696,0.175898931000972
AGGACGACAGGAATAT-1,0.257723687481637,0.431871087305354,0.318048121895945,0.696558536833389,0.303806709133512,0.233439431681889,0.163040471465512,0.192825858327675
AGGACGACAGGGACTA-1,0.247259701222682,0.476066173977897,0.337926129514441,0.629908334180746,0.227955115449375,0.156356674970016,0.114594984665344,0.132593154678701
AGGACGAGTCCTTAAG-1,0.206081768255475,0.312755667050873,0.244292154877284,0.481034908552087,0.185684512946108,0.127179629117077,0.17366047266823,0.153314163238681
AGGACGAGTGGCTTAT-1,0.179673198182928,0.299082423667141,0.224564829548194,0.628731641413775,0.305714184789648,0.234719531322078,0.180576101990499,0.207136866488278
AGGACGAGTTAAACAG-1,0.178656180080005,0.307015164869935,0.224167028304161,0.513575548033761,0.247182941044873,0.203581972506689,0.104792831799868,0.148741296910154
AGGACGATCAAAGGTA-1,0.211754469229552,0.382082401066739,0.272662616326727,0.659892209131717,0.331594626099448,0.295599225020758,0.192879908593421,0.241842725348456
AGGACGATCACCTCTG-1,0.18678102470224,0.320880511673108,0.231574569651381,0.566541249618664,0.284237421846484,0.227234984777193,0.120981418004691,0.168796677183594
AGGACGATCTGCTAGA-1,0.148462042624359,0.249598842859403,0.185718935339216,0.481964641108706,0.215344581944919,0.177680136543962,0.111407781586385,0.142743986048431
AGGACTTAGGATAATC-1,0.325796099170565,0.381020182159242,0.333616616037417,0.507140055493412,0.179985635059874,0.131942522372913,0.183606951710867,0.163604776548584
AGGACTTGTTGTTTGG-1,0.243180328609849,0.380782877935227,0.286236076956459,0.704359574066272,0.31460396331053,0.218504935879694,0.170184617234951,0.191321538400096
AGGACTTTCGCGTCGA-1,0.204838746129681,0.466359301195561,0.309857032643811,0.752909046007235,0.289147405479871,0.166897315250484,0.120343977388899,0.143023549928778
AGGAGGTGTAAGGCCA-1,0.284053156146179,0.594718285985491,0.417769661025122,0.647355346688554,0.215992181704718,0.138965771750161,0.114017679956702,0.123154545575569
AGGATAAAGACTCGAG-1,0.21837638709969,0.454403688385653,0.311424128453638,0.729142757528655,0.28713395895395,0.179952025094566,0.131096277587347,0.15288150485243
AGGATAACAAGTTCGT-1,0.21133636178724,0.57092006237711,0.366983702203578,0.785420631346514,0.336092500794782,0.179167819909586,0.136484454868002,0.160023696367001
AGGATAAGTCTCGGGT-1,0.220286121092955,0.539754107623116,0.354808573219538,0.775556750003632,0.323882301687292,0.179698311652366,0.137566901196705,0.161734361063408
AGGATCTAGAAGCTCG-1,0.169344814337695,0.289940560941985,0.215409373643859,0.501096793875387,0.215650720013187,0.174162745640742,0.103361597209694,0.135348855784975
AGGATCTAGACCAGAC-1,0.308495491219744,0.429916152507515,0.350276049954193,0.67330069584671,0.304960614160063,0.266203063013193,0.186697937338385,0.223338258982654
AGGATCTCAAACGGCA-1,0.348430402061157,0.378342034488214,0.342868508606972,0.653166175167424,0.263561327697253,0.190965494971861,0.154044139755848,0.168889865143709
AGGCATTAGGAGCAAA-1,0.19653309828915,0.326587113250616,0.243376006557693,0.532039455525372,0.243415087896949,0.203420518498016,0.117421372301401,0.154339230799952
AGGCATTCAAAGAGTT-1,0.264537708771216,0.382681311727349,0.299267081344327,0.636532678646658,0.300274346807333,0.238559830242642,0.155042395814541,0.189704061663804
AGGCATTCACGTGAGA-1,0.473794833548037,0.447476665084639,0.442499638362505,0.492598457225039,0.160581191348067,0.116489067257127,0.119105177701606,0.11217833513053
AGGCATTCAGCGGATA-1,0.142416435012543,0.306630958031053,0.21407131491393,0.409532664119587,0.200767700078889,0.102373373927484,0.153057910878586,0.140094785468003
AGGCATTGTTTCGTGA-1,0.189978981625873,0.290595972608312,0.219803269202951,0.545055711318041,0.262890178855279,0.211204908201864,0.13970773949125,0.168403956494535
AGGCCACGTAAGATCA-1,0.145682193143038,0.258605103170836,0.187509040937364,0.532533375946076,0.251162735932367,0.192810683642402,0.118612063262974,0.152036156928525
AGGCTGCAGAAGTCAT-1,0.194713765905033,0.368488259091012,0.259462847774724,0.600955881284774,0.267388053550613,0.198369314512409,0.111973059113597,0.148668077798634
AGGCTGCCACGGCACT-1,0.219280403191177,0.325423192532827,0.247721683784175,0.641704315992853,0.335115213884539,0.254982009410462,0.162511275482591,0.201838465327423
AGGCTGCTCCGTGTGG-1,0.372499830496983,0.461839220738129,0.396782631756594,0.549108764182053,0.21714608673127,0.17205231109881,0.142449936857297,0.149420237762424
AGGCTGCTCTAGAGCT-1,0.181662033584198,0.320112097995344,0.228946670524133,0.57232302395514,0.279833743479848,0.211343297352154,0.134548078657767,0.167099325052917
AGGGAGTGTAATTAGG-1,0.160734061066287,0.288528035799037,0.207091711268624,0.508752560396298,0.215803789047322,0.18677922317557,0.100306693126466,0.13810455689125
AGGGAGTGTTCTGACA-1,0.222783465545687,0.44404140393699,0.309627995563913,0.602147101122943,0.223492564377303,0.169549773964388,0.112249684286487,0.137059520481382
AGGGAGTGTTGTTGAC-1,0.318304065812371,0.437668090492011,0.356387723612517,0.554483780525008,0.232523637391233,0.185037826367746,0.136989596488063,0.153646977381951
AGGGCCTAGCACTCCG-1,0.279928582728773,0.697708319208082,0.469339167751579,0.728358295684007,0.280493117780734,0.149517944459821,0.142606290215888,0.147476603165728
AGGGCCTCAGCTATTG-1,0.250299455330305,0.491773453567473,0.347395004580742,0.728721472463937,0.296400522789624,0.191530584002214,0.151855192735582,0.171046500792098
AGGGCCTGTGGTATGG-1,0.174056998214568,0.32050760503537,0.226806982014562,0.611081249909206,0.29942657984905,0.222460559092167,0.146022009742017,0.178162067175207
AGGGCTCAGAAATTCG-1,0.339028634709698,0.425701177480959,0.360347654178119,0.558101021253105,0.230875201639016,0.182673678383615,0.133970773949125,0.15195628153414
AGGGCTCAGCGTACAG-1,0.195041471738197,0.318530069835243,0.235926274169439,0.616223833113006,0.29057212495143,0.21793984684934,0.152564796439954,0.178974133684785
AGGGCTCGTCTTTATC-1,0.184769588898682,0.295635862318349,0.220038333574425,0.552144922062263,0.271132357616362,0.21572562044469,0.14715256479644,0.174121703475911
AGGGCTCGTGTGCTTA-1,0.258695504779985,0.470382172802676,0.34055402864169,0.660458764908407,0.248701856845129,0.163472183780792,0.104035119369776,0.132034026918008
AGGGCTCTCACTGTTT-1,0.501706330372681,0.47377223314575,0.470333670861662,0.477272397112018,0.160251504197624,0.11327151951287,0.122136027421974,0.110973547931893
AGGGCTCTCGTTCATT-1,0.192758831107194,0.381381788595837,0.265297266020541,0.624257303485044,0.269966678048723,0.200122243749423,0.112622526910818,0.150984464235792
AGGGTCCAGAAGGCTC-1,0.204511040296517,0.422943928401926,0.288653020878538,0.728489039324782,0.300957270190394,0.196743241996494,0.146022009742017,0.169635368824634
AGGGTCCAGACTAAGT-1,0.311184939091916,0.477083192080819,0.370190221322147,0.710010604761974,0.300710004827562,0.203974075099179,0.148066630585122,0.174081765778719
AGGGTCCAGCGAGTCA-1,0.224772300946957,0.448098176147535,0.311610974492502,0.627249880151663,0.238646398756608,0.179121690192822,0.118058812917193,0.144800777453839
AGGGTCCAGCGCCGTT-1,0.32524238931453,0.445295726263927,0.363337190799942,0.649142176445807,0.250679979747789,0.181624227327244,0.121246015996151,0.148568233555653
AGGGTCCAGGAACGAA-1,0.199584152597916,0.310857233258752,0.231279232364145,0.675261850458329,0.343333843563447,0.264807639081096,0.164411570148536,0.208887468881878
AGGGTCCCATGACCCG-1,0.172407168847605,0.29503695165774,0.213034620762814,0.580777779391897,0.29452837075675,0.231698034874066,0.127307715436887,0.173695701372526
AGGGTCCGTGATACAA-1,0.217280267588763,0.53478201911994,0.351276580355851,0.76532969188082,0.29525839230416,0.1635875080727,0.12075290155752,0.141698949638564
AGGGTCCTCAAGAAAC-1,0.466845209844735,0.395088932583,0.412568108394812,0.578351758501968,0.248360395153599,0.175350585847403,0.13578687834506,0.151816499593967
AGGGTGAAGAATCGCG-1,0.513063032521979,0.440007232128732,0.457833068132504,0.469834536659064,0.16994195151244,0.118334255927669,0.124300920079379,0.116232011395556
AGGGTGAAGCCAAGTG-1,0.241236694013153,0.447793070716659,0.319928636867737,0.640222554730741,0.251916306561952,0.182419964941415,0.123579289193577,0.148787890890211
AGGGTGAAGGAACGCT-1,0.244683255361945,0.382466607905621,0.28799001880515,0.591353487223441,0.274240836463399,0.209255927668604,0.127596367791208,0.162912523130583
AGGGTGAAGGAGAATG-1,0.428650529979434,0.45900287025109,0.424435845508462,0.556793584845359,0.196517090746388,0.144997232216994,0.1321185880089,0.13273959290174
AGGGTGAAGTTGCTGT-1,0.175842429995254,0.287703121115556,0.212480109937798,0.512587707192353,0.262949051560715,0.218689454746748,0.137939743821036,0.171266158126656
AGGGTGACAGTAGGAC-1,0.256808371189007,0.494293398422492,0.350137422247939,0.716126501735985,0.28549729774282,0.20346664821478,0.15480185218594,0.175026957945605
AGGGTGATCAGACATC-1,0.181051822722444,0.340554161864081,0.239964559525532,0.591978151284919,0.265103792579684,0.193179721376511,0.126910818449696,0.155217860138184
AGGGTGATCATGGAGG-1,0.172373268244175,0.266989852419373,0.201383866145909,0.53369554164185,0.273710982114472,0.217985976566104,0.137037705213783,0.171139688752213
AGGGTTTGTCGCTGCA-1,0.204635342509097,0.338587926865098,0.247854284198852,0.658221595944042,0.334173250597558,0.271058215702556,0.155848216970353,0.208488091909954
AGGGTTTTCGTTAGTG-1,0.200431667683685,0.4350464438267,0.291895703746564,0.757906358499063,0.302935393093054,0.170945197896485,0.124998496602321,0.148554920989922
AGGGTTTTCTACTCAT-1,0.215528736411508,0.405485117635094,0.283421331790347,0.764705027819341,0.334444065042565,0.191242273272442,0.161464910698178,0.179420104636767
AGGGTTTTCTTCTGGC-1,0.433249711844871,0.424672859176893,0.407487101596027,0.653195229309819,0.246817930271168,0.19186502444875,0.16990799206206,0.175925556132433
AGGTAGGAGAGGCGTT-1,0.173797093588266,0.317546952335752,0.22536043203626,0.634004968258349,0.326920133287805,0.249411846111265,0.145011726501894,0.192393199941425
AGGTAGGAGAGGTGCT-1,0.194352159468439,0.349752525594956,0.249596171464391,0.615526533695542,0.255589963381177,0.193237383522465,0.116675687052739,0.150152428877618
AGGTCATCACAACATC-1,0.320812710466246,0.485660044748797,0.379773614928396,0.664526344843616,0.245934839689623,0.162099824707076,0.129412472187143,0.14365589680099
AGGTCATCAGCTATAC-1,0.252909801794472,0.410084299500531,0.3050110902165,0.73472115286837,0.33923630326508,0.236622382138574,0.167887425581815,0.198144228337127
AGGTCATTCAGCACCG-1,0.246796392975795,0.559224354193505,0.378495829114229,0.738294812382876,0.288617551130945,0.178948703754959,0.142341692224427,0.162073831489543
AGGTCTAAGATCGGTG-1,0.202420503084955,0.431678983885913,0.289870533776942,0.797042288304255,0.348879652415547,0.204458437125196,0.152648986709965,0.182428744491926
AGGTCTAAGCGGTAGT-1,0.195267475761069,0.416050805704342,0.283547904913448,0.740909685198367,0.335633293692378,0.224790109788726,0.148547717842324,0.184898225434988
AGGTCTACAAGAAACT-1,0.240321377720523,0.344814337695211,0.266599161001013,0.699275099147261,0.33936582321704,0.260875080727004,0.17345601058392,0.211876139888441
AGGTCTACATCGAAGG-1,0.393179198589735,0.430820168599001,0.392846810357298,0.665703037610587,0.280092783383768,0.238283051942061,0.197702808346864,0.214611872146119
AGGTCTAGTCATAGTC-1,0.284313060772482,0.477704703143716,0.355580066541299,0.707860598224792,0.29130214649884,0.198173263216164,0.145396596307655,0.170607186122981
AGGTCTAGTCGATGCC-1,0.26180306009447,0.423192532827084,0.316227879839915,0.734241759518863,0.315969810076652,0.206972506688809,0.140802213001383,0.174454517619181
AGGTCTAGTTTACGTG-1,0.201685990010622,0.32675661626777,0.239530594532041,0.626654270232578,0.286698300933721,0.216682812067534,0.158265680437789,0.18106420650452
AGGTCTATCATCGCTC-1,0.167129974913553,0.26534002305241,0.200865519070351,0.490855208681378,0.227625428298932,0.189800719623581,0.111058993324914,0.144980497091204
AGGTCTATCTAGAGCT-1,0.225789319049879,0.659683142359934,0.420723033897488,0.753577291282305,0.302087626134771,0.166735861241812,0.140417343195622,0.153627008533355
AGGTGTTAGACATGCG-1,0.18406897642778,0.296890184645287,0.219634505038816,0.585876781382106,0.283330782182764,0.216233047329089,0.142522099945878,0.17368904508966
AGGTGTTCACGTGTGC-1,0.384884850950347,0.432356995954528,0.387355947731327,0.568487877159086,0.235278880005652,0.191876556877941,0.14323170365025,0.163178774445199
AGGTGTTCACTCTCGT-1,0.255452347051777,0.537821773227563,0.373457013356478,0.678515914406497,0.288652874754206,0.179467663068549,0.120187624030308,0.148441764181211
AGGTGTTGTAGCCCTG-1,0.180509413067553,0.325863900377427,0.233973431698732,0.542411784360155,0.232735579130803,0.19225712704124,0.0994287088820735,0.141179759575063
AGGTGTTGTGTACATC-1,0.1939792528307,0.378873143941962,0.26270553064275,0.719293403256969,0.333184189146228,0.244729679859766,0.135113356184978,0.186422514211164
AGGTGTTGTTAAGGAT-1,0.243123827604131,0.42434515334373,0.309477313274507,0.675261850458329,0.309870597793451,0.262674139680782,0.180684346623369,0.2171545722007
AGGTTACCATATGGCT-1,0.32341175672927,0.349820326801817,0.313292588842278,0.650885424989468,0.294022065489998,0.233877663991143,0.174285886102592,0.197964508699762
AGGTTACCATGTAACC-1,0.250751463376048,0.436843175808529,0.319753845412026,0.759446228045964,0.32608414087061,0.211816126948981,0.167466474231764,0.191394757511615
AGGTTACGTCCTGGTG-1,0.375607385811467,0.519425045765815,0.427172235884083,0.571364237256127,0.205206702068787,0.132311560107021,0.121618858620482,0.119952873517313
AGGTTACGTGTGATGG-1,0.16711867471241,0.316496033629399,0.22085201793722,0.62052384618737,0.248113129790766,0.179317741489067,0.100871970653677,0.136613549529401
AGGTTACTCGAACGCC-1,0.223800483648609,0.479829140958709,0.327842470707363,0.754637767479698,0.301958106182812,0.1768728665006,0.140657886824223,0.161900768135043
AGGTTGTAGAGCACTG-1,0.156835491671752,0.257441182453048,0.192547856695115,0.517134680477069,0.246829704812255,0.191830427161177,0.118383546815804,0.151390497490581
AGGTTGTAGCACACAG-1,0.191956516826,0.290607272809456,0.223678817686484,0.479044699798074,0.216651556005605,0.131135252329551,0.183486679896566,0.164476749603951
AGGTTGTCAACACTAC-1,0.155841073971117,0.272312247157999,0.19709846183519,0.58096663131746,0.280292950582251,0.215471907002491,0.136183775332251,0.172038286939042
AGGTTGTCAAGTGGAC-1,0.277804144913779,0.439894230117296,0.333393606249096,0.62679954094455,0.273828727525345,0.20164452440262,0.131000060135907,0.161734361063408
AGGTTGTCAGTGACCC-1,0.152597916242909,0.278403055574389,0.207230338974878,0.445385475834217,0.173921746399934,0.115266629762893,0.174923326718384,0.152229189131621
AGGTTGTCATCTCATT-1,0.202228399665514,0.384986552760639,0.268093929311924,0.765692868660749,0.34663071506788,0.238848140972414,0.154332792110169,0.194589773287006
AGGTTGTGTAACGCGA-1,0.188577756684069,0.348995412118336,0.246805535464584,0.63297354620335,0.313921039927469,0.235423009502722,0.139010162968308,0.182595151563561
AGGTTGTGTTAGTCGT-1,0.207064885754966,0.475410762311569,0.315209267563528,0.760898935165681,0.315298661234678,0.189339422455946,0.152372361537074,0.169841713593461
AGGTTGTTCTCCACTG-1,0.221167536782155,0.348306099848577,0.259209701528521,0.652178334326017,0.306079195563353,0.226681428176031,0.151169643394071,0.184612005271776
AGTAACCAGGGTACAC-1,0.248288019526748,0.355504327977038,0.276327209605092,0.697502796461205,0.303535894688505,0.205115785589076,0.159997594563714,0.180891143150019
AGTAACCAGTGGTCAG-1,0.164271024024228,0.274583587587859,0.202143304884517,0.537530688437904,0.256461279421635,0.215794815019836,0.118744362258705,0.159883914426827
AGTAACCCACACCTAA-1,0.228716071146066,0.492089859199494,0.334671392063262,0.644609730232288,0.236279715998069,0.148756804133223,0.0862228636718985,0.112957120225781
AGTAACCGTAAGCGGT-1,0.241711302461184,0.511243700137862,0.352644775543662,0.684965934018043,0.243403313355862,0.153000738075468,0.112971315172289,0.130636207516275
AGTAACCGTGTCCGTG-1,0.181775035595634,0.305783442945284,0.224317710593568,0.546871595217688,0.265986883161229,0.214814558538611,0.11707258403993,0.159471224889173
AGTAACCGTTCAAACC-1,0.424593757768888,0.488168689402671,0.436954530112349,0.647457036186934,0.235526145368484,0.162676446166621,0.142762643574478,0.153034599358334
AGTACCAAGAATAACC-1,0.197527515989785,0.319287183311863,0.236089011041998,0.639583363598065,0.318148100177796,0.240070578466648,0.159107583137892,0.193165328753811
AGTACTGAGGCGTCCT-1,0.171152846520668,0.275012995231315,0.209568928106466,0.48132544997603,0.209775224010644,0.175431312851739,0.10943532383186,0.138597121823289
AGTACTGCAACACGAG-1,0.403112075394942,0.47102628426786,0.417028304161242,0.589987942530906,0.233288982561905,0.173274748593044,0.136989596488063,0.150059240917502
AGTACTGCAGTCTCTC-1,0.227235744796257,0.360013108233327,0.267744346400501,0.594767348954777,0.287581391515266,0.224201955899991,0.159203800589332,0.183879814156582
AGTACTGGTCCTCAGG-1,0.230930910570208,0.359029990733835,0.268196393268721,0.658323285442422,0.304089298119606,0.21832041701264,0.156918636117626,0.182788183766657
AGTACTGGTTGCTCGG-1,0.205222952968563,0.367708545212105,0.264170162495781,0.514330955736014,0.210046038455651,0.180840022142264,0.115388778639726,0.142677423219777
AGTACTGGTTTGGGAG-1,0.185605803783307,0.320123398196488,0.231285259655721,0.595246742304284,0.302334891497604,0.237268198173263,0.129159901377112,0.178621350692919
AGTACTGTCCAAGCTA-1,0.231993129477705,0.328022238795851,0.254924297217802,0.670337173322486,0.303853807297861,0.21285404557616,0.165337663118648,0.186089700067894
AGTACTGTCCGAGTGC-1,0.200273464867675,0.326688815060908,0.241748637832104,0.599909932158577,0.283507400299073,0.213223083310268,0.158073245534909,0.179480011182555
AGTAGCTAGTGTTCCA-1,0.484835130065315,0.463782855334825,0.456169535657457,0.47988726992751,0.174510473454297,0.114078789556232,0.122665223404895,0.11092029766897
AGTAGCTGTAATGTGA-1,0.3729970393473,0.518408027662892,0.426599643184339,0.626349201737438,0.22883820603092,0.150625057662146,0.113416320885201,0.127055127334691
AGTAGCTTCAGGTAAA-1,0.229586186634122,0.403089474992655,0.292606924152563,0.636096866510743,0.2692484310424,0.191196143555679,0.141391544891455,0.163618089114315
AGTAGTCAGACTGAGC-1,0.450482518588831,0.429328542048048,0.420481942234438,0.51383703531531,0.194350575186332,0.149171971584094,0.122015755607673,0.131268554388487
AGTAGTCGTACCACGC-1,0.1973241123692,0.376816507333831,0.261837600655769,0.742769150311606,0.342921734625393,0.234373558446351,0.154212520295869,0.190709160376479
AGTAGTCGTTCGATTG-1,0.145286686103013,0.240355278323954,0.17957712522301,0.520693812920377,0.2637026221903,0.216740474213488,0.141427626435745,0.174254829133219
AGTAGTCTCAACGTGT-1,0.315953623974507,0.464280064185143,0.369448864458267,0.569897003065212,0.207526286662977,0.15823646092813,0.112923206446569,0.130702770344929
AGTAGTCTCCACGTCT-1,0.207449092593848,0.381291386986688,0.271463185303052,0.597048099132734,0.263078571512675,0.199764738444506,0.130759516507307,0.160489636167579
AGTCAACCATCCGAAT-1,0.279442674079599,0.418672452369652,0.326100583441825,0.570928425120211,0.232087979371004,0.175350585847403,0.126189187563894,0.146511442150246
AGTCAACTCTCTGGTC-1,0.173819693990553,0.293545325106787,0.215523892183808,0.511047837645452,0.254071047580921,0.205727004336193,0.108533285224608,0.151437091470639
AGTCACAAGTTCCATG-1,0.227473049020273,0.476631184035076,0.326637012392111,0.76239522349899,0.328321303677189,0.193075929513793,0.153226291418606,0.173263042986275
AGTCACACAGAGGTAC-1,0.173130381720795,0.327050421497503,0.229537345098606,0.599997094585761,0.289276925431831,0.219588984223637,0.148908533285225,0.178062222932226
AGTCACAGTACGATGG-1,0.246344384930052,0.442640178995186,0.32023000144655,0.562836846463384,0.228155282647859,0.178925638896577,0.113692946058091,0.141612417961314
AGTCACAGTCTCGACG-1,0.179955703211517,0.318383167220377,0.227301219923815,0.609759286430263,0.292915258627795,0.224121228895655,0.159997594563714,0.185590478852989
AGTCACATCACAACCA-1,0.395066332180713,0.439645625692137,0.399109166305029,0.613754231009486,0.252905368013282,0.229483808469416,0.179192976126045,0.201692027104384
AGTCATGAGTTACGTC-1,0.200815874522566,0.368782064320745,0.258643136120353,0.678196318840159,0.29117262654688,0.21793984684934,0.163713993625594,0.185570510004393
AGTCATGCAACAAGTA-1,0.402795669762922,0.46704861346532,0.416974058537056,0.566018275055566,0.215686043636449,0.159205184980164,0.131793854110289,0.13978194017333
AGTCATGCATCACAGT-1,0.32524238931453,0.467297217890478,0.37569313853127,0.600839664715197,0.219771809393729,0.155295691484454,0.111684406759276,0.130003860644062
AGTCATGGTAGAATGT-1,0.21101995615522,0.337525707957602,0.248758377935291,0.594694713598791,0.306255813679662,0.247693514161823,0.145877683564857,0.189757311926728
AGTCATGGTAGCTCGC-1,0.196047189639976,0.38398083485886,0.266400260378996,0.679779769600651,0.289312249055093,0.206615001383891,0.125852426483854,0.163764527337354
AGTCATGTCAGTCCGG-1,0.193007435532352,0.326022103193437,0.235407927093881,0.70056800848381,0.324223763378822,0.232724421072055,0.152468578988514,0.188951901700015
AGTCTCCAGGAAAGGT-1,0.209449228196262,0.340124754220625,0.250415883118762,0.743059691735549,0.345076475644362,0.268924716302242,0.18094894461483,0.221967064712382
AGTCTCCAGGTCCGAA-1,0.20218319886094,0.386229574886433,0.268479675972805,0.752153638304981,0.353177359912397,0.243149737060614,0.15836189788923,0.19802441524555
AGTCTCCCAACCGACC-1,0.263170384432843,0.444425610775872,0.329005737981581,0.671150689309528,0.256602573914682,0.170703016883476,0.130446809790126,0.147569791125844
AGTCTCCCAACGCATT-1,0.394896829163559,0.469003548263159,0.410591156757799,0.600549123291253,0.229061922311578,0.166805055816957,0.141475735161465,0.151863093574025
AGTCTCCCATAAGATG-1,0.207211788369833,0.322778945465229,0.241652201166884,0.597527492482241,0.298555263808593,0.233946858566288,0.159468398580793,0.190283158273094
AGTCTCCTCAGCTCTC-1,0.394433520916672,0.487230772707754,0.419547712040118,0.662100323953688,0.243874294999352,0.165617215610296,0.145228215767635,0.153240944127162
AGTGACTAGCGCCTCA-1,0.377144213166994,0.407360951024928,0.369768310911809,0.645568516931301,0.257250173674481,0.187851739090322,0.157519995189127,0.168676864092016
AGTGATCAGGCACCAA-1,0.338520125658237,0.451974145139784,0.373191812527123,0.559510147159231,0.208809711641489,0.149910047052311,0.125034578146611,0.134423632466685
AGTGATCAGTATGATG-1,0.160767961669718,0.332802223879585,0.234527942523748,0.455176721821114,0.207808875649072,0.119441369129994,0.153671297131517,0.143649240518125
AGTGATCGTAGTTACC-1,0.381935498451872,0.485400140122494,0.412218525483389,0.599139997385127,0.218370639004345,0.159528092997509,0.141716278790066,0.149054142204827
AGTGATCGTTAAACAG-1,0.182012339819649,0.280889099825977,0.210479049134481,0.627119136510888,0.339660186744222,0.262155180367193,0.159083528775032,0.204960261991294
AGTGATCTCCCATACC-1,0.241575700047461,0.413632562659615,0.300544867158494,0.753780670279065,0.320938666415476,0.194286834578836,0.142955078477359,0.170114621190942
AGTGCCGCATCGATGT-1,0.247881212285579,0.391551969625059,0.296271517430927,0.552696950767756,0.231664095891863,0.184980164221792,0.123459017379277,0.149247174407924
AGTGCCGTCATTTGCT-1,0.186950527719393,0.285137975455963,0.217193451950432,0.670148321396923,0.36043047722215,0.292635390718701,0.191376510914667,0.237669235991853
AGTGCCGTCCGGTTCT-1,0.203211517165006,0.418401247542206,0.28710400694344,0.619928236268286,0.234207396766711,0.174093551065596,0.112237657105057,0.139628845667425
AGTGCCGTCTAGCCTC-1,0.229258480800958,0.528589508893258,0.35429022614398,0.805337245957842,0.348950299662071,0.183930713165421,0.148728125563774,0.173209792723352
AGTGTTGGTAGGAGTC-1,0.218771894139716,0.516803399100504,0.342078933410483,0.75041038976132,0.30510190865311,0.188255374112003,0.141223164351434,0.163950903257585
AGTGTTGGTCCGAAGA-1,0.349922028612109,0.415610097859742,0.361269829789286,0.632087394860322,0.27986906710311,0.224836239505489,0.174201695832582,0.193837613323216
AGTGTTGGTGATTAGA-1,0.169661219969715,0.30816778538658,0.219712859829307,0.565887531414791,0.268412438625205,0.211597010794354,0.125539719766673,0.162812678887602
AGTGTTGGTTTACTTC-1,0.166598865459805,0.304529120618347,0.217627416943922,0.568429768874297,0.251833884774341,0.198980533259526,0.137170004209514,0.163578151417123
AGTTAGCCAAGTATCC-1,0.235405790223066,0.432673401586548,0.310604416799267,0.597643709051818,0.236161970587196,0.168027493311191,0.0946058091286307,0.125071555040803
AGTTAGCCAGAGATGC-1,0.347707189187968,0.48595384997853,0.394016104923092,0.680360852448538,0.265668970551873,0.182108589353261,0.148523663479464,0.163598120265719
AGTTAGCCAGAGGAAA-1,0.250107351910864,0.492733970664678,0.349703457254448,0.706553161817046,0.313673774564636,0.198357782083218,0.137747308918155,0.165428598053703
AGTTAGCGTAGGCAAC-1,0.244909259384817,0.623070490654734,0.411796615073051,0.762002992576667,0.317276784137338,0.176607620629209,0.143905225810331,0.162919179413448
AGTTAGCGTCAGTCTA-1,0.172734874680769,0.343277510339684,0.237704325184435,0.671978732367767,0.281658797348373,0.204804410000923,0.11336821215948,0.15539757977555
AGTTAGCGTGCATACT-1,0.231778425655977,0.452267950369517,0.318620714595689,0.722474831849151,0.311471935381319,0.210224651720638,0.160033676108004,0.184292503694237
AGTTAGCGTGCGAGTA-1,0.204138133658779,0.396354555111081,0.273759583393606,0.761959411363075,0.351787964064101,0.239713073161731,0.15842203379638,0.197458631201992
AGTTCCCAGATACCAA-1,0.272154044341989,0.580728636969738,0.403454843531511,0.716489678515914,0.286415711947627,0.185487591106191,0.145324433219075,0.162666240664563
AGTTCCCCACTTGGGC-1,0.171390150744683,0.294652744818858,0.211690534741309,0.615512006624344,0.278774034781994,0.208575514346342,0.142185338865837,0.171299439540983
AGTTCCCCAGACTCTA-1,0.226625533934504,0.428085519922255,0.300707604031053,0.713845751558028,0.338482732635496,0.241754313128517,0.1698839376992,0.200593740431593
AGTTCCCGTACTGTTG-1,0.379935362849459,0.494010893393902,0.415159843772602,0.652236442610805,0.253682487725041,0.175731156010702,0.143676709363161,0.157527590292477
AGTTCCCGTATGGAGC-1,0.218444188306552,0.331378398535494,0.25848642653937,0.468933858244839,0.175252269542795,0.111034228249839,0.169174333994828,0.146830943727785
AGTTCCCGTCGCCTAG-1,0.219585508622053,0.3892806291952,0.279955639133999,0.68307741476241,0.30476044696158,0.209475043823231,0.163100607372662,0.1830877164956
AGTTCCCGTCTTCCGT-1,0.18757203878229,0.302743688837661,0.224359901634601,0.588084896204076,0.286780722721332,0.21819356029154,0.142846833844489,0.174514424164969
AGTTCCCTCGTGGCTG-1,0.179424593757769,0.392885393360002,0.261108298375042,0.778723651524616,0.318477787328239,0.179986622382139,0.122929821396356,0.152455502749045
AGTTCGAAGATGCTTC-1,0.22661423373336,0.498790878477637,0.337914074931289,0.657684094309746,0.275288770620165,0.199061260263862,0.133357387696193,0.161914080700773
AGTTCGAAGGACGCTA-1,0.232738942753181,0.565575067236197,0.374487680216018,0.750613768758081,0.297154093419209,0.176065596457238,0.143833062721751,0.161208514717041
AGTTCGAGTGGTCAAG-1,0.206386873686352,0.424107849119714,0.288888085250012,0.765678341589552,0.354602079383956,0.237418119752745,0.160394491550905,0.19767828853655
AGTTCGAGTGTCGATT-1,0.282211223359776,0.591836734693878,0.414219586286706,0.588695033194358,0.216404290642772,0.126925915674878,0.0937037705213783,0.104936299372978
AGTTCGATCATTACTC-1,0.184905191312405,0.337932515198771,0.239488403491007,0.626814068015747,0.276313155694757,0.207283882276963,0.146863912442119,0.171898504998868
AGTTCGATCGAGAGAC-1,0.297387393495604,0.511797409993898,0.382841506340711,0.731249182852245,0.280422470534211,0.182489159516561,0.176835648565759,0.179965919831729
ATACCGACATCCTTGC-1,0.171774357583565,0.291601690510091,0.214270215535947,0.542005026366634,0.252775848061322,0.196962358151121,0.122773468037765,0.155896800990455
ATACCGATCATGCCAA-1,0.183955974416345,0.383901733450855,0.259366411109504,0.770806397722155,0.323046309270096,0.193468032106283,0.125287148956642,0.159957133538347
ATACCTTAGACATCAA-1,0.445058422039912,0.409846995276516,0.406010415159844,0.680462541946918,0.246158555970281,0.17335547559738,0.182560586926454,0.17218472516208
ATACCTTAGTAGCAAT-1,0.199448550184193,0.40452460053789,0.278442788948358,0.684660865522902,0.326990780534329,0.247751176307777,0.153599134042937,0.196846253178375
ATACCTTAGTCATACC-1,0.261283250841865,0.404264695911587,0.307156806017648,0.668114531429319,0.306550177206843,0.224294215333518,0.149582055445306,0.182774871200927
ATACCTTTCCCTGGTT-1,0.235326688815061,0.333254231925328,0.258944500699166,0.674390226186499,0.320032026751757,0.249861610849709,0.17354020085393,0.205139981628659
ATACCTTTCGCTCCTA-1,0.279533075688747,0.448267679164689,0.342669607984956,0.653209756381016,0.261818695616338,0.20855244948796,0.175007516988394,0.185377477801297
ATACCTTTCTCGTTTA-1,0.248672226365629,0.5341492078559,0.367966150730508,0.691546697270363,0.292962356792144,0.183169572838823,0.123627397919298,0.153680258796278
ATACTTCCAACACTAC-1,0.195866386421678,0.304529120618347,0.22933844447659,0.540392521463748,0.252434386369791,0.205023526155549,0.131589392025979,0.16126842126283
ATACTTCCAATACCTG-1,0.253316609035641,0.657931611182679,0.433928829741068,0.695367316995221,0.238187191654205,0.14911430943814,0.120295868663179,0.13122196040843
ATACTTCCAGACATCT-1,0.250333355933736,0.350520939272719,0.274633540672164,0.676380434940512,0.295611628536778,0.206557339237937,0.161212339888147,0.181397020647789
ATACTTCCAGAGTCAG-1,0.212522882907316,0.468743643636857,0.313485462172718,0.742885366881183,0.33270143296165,0.226750622751176,0.158830957965001,0.191840728463597
ATACTTCCATCGATAC-1,0.21698646235903,0.404016091486428,0.283746805535465,0.760535758385752,0.336304442534352,0.198657625242181,0.160911660352396,0.18224902485456
ATACTTCGTAGTCCTA-1,0.242886523380116,0.497943363391868,0.346822411880997,0.735592777140201,0.293374465730198,0.176757542208691,0.143123459017379,0.161488078597388
ATACTTCGTCTCTCTG-1,0.275272899857617,0.449013492440165,0.337998457013356,0.735069802577102,0.30854007465059,0.197008487867884,0.16609537554874,0.181683240811002
ATACTTCGTTCGTGCG-1,0.198827039121296,0.329287861323932,0.240193596605429,0.576564928744716,0.282212200779475,0.219612049082019,0.150700583318299,0.177103718199609
ATAGACCAGACGGTCA-1,0.240897687978846,0.555009379166949,0.373342494816529,0.750018158838996,0.310035441368673,0.191103884122151,0.140693968368513,0.165774724762704
ATAGACCAGGACGCTA-1,0.173977896806563,0.299082423667141,0.217524952987126,0.569998692563592,0.257532762660575,0.194298367008027,0.122809549582055,0.155091390763742
ATAGACCCACCTCGTT-1,0.25113567021493,0.417508531651863,0.30977867785332,0.760593866670541,0.334043730645598,0.22119199188117,0.17754525227013,0.199488797475938
ATAGACCCAGGGAATC-1,0.180972721314439,0.288290731575022,0.216855923622161,0.522073884684109,0.268742125775648,0.210997324476428,0.124144566720789,0.161141951888387
ATAGACCCATCTGCGG-1,0.209528329604267,0.405586819445386,0.281269588697623,0.778694597382222,0.344805661199355,0.203259064489344,0.168633110830477,0.187906865290147
ATAGACCGTCATGCAT-1,0.181356928153321,0.296392975794969,0.216048266550943,0.619782965556314,0.323788105358594,0.270147153796476,0.167610800408924,0.215344063261312
ATAGACCGTTGTGCCG-1,0.197956923633241,0.355154021741587,0.252959400163942,0.592660923631187,0.28046956869856,0.210801273180183,0.116278790065548,0.157467683746688
ATAGACCTCATATGGC-1,0.187312134155988,0.336316586435239,0.24199575678673,0.599837296802592,0.260229132569558,0.200744994925731,0.152131817908473,0.172357788516581
ATAGAGAAGACGCCAA-1,0.165095938707709,0.269475896670961,0.200630454698877,0.499266382904543,0.234807898362161,0.210697481317465,0.110950748692044,0.154931639974972
ATAGAGAAGAGTGTGC-1,0.173989197007707,0.327570230750107,0.231321423405179,0.608117727384982,0.274711818106889,0.207353076852108,0.132467376270371,0.164929376838798
ATAGAGAAGCTAGAGC-1,0.170124528216602,0.273216263249486,0.201643039683688,0.613027877449627,0.326048817247348,0.266514438601347,0.154056166937278,0.205026824819948
ATAGAGACAGGAATAT-1,0.413033651999006,0.507040025312451,0.440203240271951,0.520054621787701,0.189216875272286,0.120686871482609,0.123699561007878,0.119746528748486
ATAGAGATCAGGAAAT-1,0.162801997875562,0.29503695165774,0.216126621341434,0.480468352775397,0.202215968632623,0.178256758003506,0.105225810331349,0.137452241170441
ATAGGCTAGCACGGAT-1,0.193007435532352,0.321705426356589,0.23827691788418,0.573485189650914,0.253588291396343,0.196962358151121,0.148463527572313,0.168164330311381
ATAGGCTAGCTAATCC-1,0.150496078830203,0.273351865663209,0.193753315010367,0.52458706800122,0.244886905532857,0.1940792508534,0.103987010644056,0.145346592648801
ATAGGCTAGTCCCAAT-1,0.206590277306936,0.460279792980315,0.307271324557597,0.808852797187559,0.349232888648165,0.18913183873051,0.13970773949125,0.168736770637805
ATAGGCTCAATCGTCA-1,0.17216986462359,0.294867448640586,0.214939244900911,0.554614524165783,0.274158414675788,0.214745363963465,0.134969030007818,0.168011235805477
ATAGGCTCAGTCGCTG-1,0.223099871177707,0.388636517730016,0.278689907902985,0.73271641704316,0.348396896230969,0.240416551342375,0.159781105297973,0.197951196134031
ATAGGCTGTACCTGTA-1,0.22140484100617,0.381664293624426,0.279190173103814,0.54207766172262,0.216451388807121,0.164475505120399,0.115761621264057,0.136234141406073
ATAGGCTTCCACGTCT-1,0.285217076863968,0.451149230456302,0.342995081730074,0.728634310036753,0.301440026374972,0.201356213672848,0.159011365686451,0.179466698616824
ATATCCTAGATTGAGT-1,0.337107600515289,0.497672158564422,0.399223684844978,0.693013931461278,0.276466224728891,0.221999261924532,0.172746406879548,0.194603085852736
ATATCCTAGCGAACTG-1,0.164621330259679,0.314179492394965,0.21927286754424,0.597454857126255,0.258686667687127,0.186029615278162,0.129628961452884,0.153220975278565
ATATCCTAGTCCCAGC-1,0.217438470404773,0.525730558003932,0.346400501470659,0.762700291994131,0.300827750238434,0.168569517483163,0.129725178904324,0.149966052957386
ATATCCTCAAGCTACT-1,0.344949940108934,0.507243428933035,0.404961666425575,0.689774394584308,0.276218959366059,0.188255374112003,0.152203980997053,0.168836614880786
ATATCCTCAAGTTCCA-1,0.183537866974032,0.288561936402468,0.2169222238295,0.588767668550344,0.302028753429335,0.232851277793154,0.138492994166817,0.178514850167073
ATATCCTCAGCGCGTT-1,0.182792053698556,0.291601690510091,0.218929311924394,0.531472899748682,0.269483921864145,0.212830980717778,0.129941668170064,0.163464994608411
ATATCCTCATTAAGCC-1,0.21837638709969,0.395766944651615,0.284765417811852,0.728053227188866,0.325330570241025,0.262466555955346,0.201070419147273,0.226633119001025
ATATCCTGTTTGAAAG-1,0.230512803127896,0.408965579587317,0.2925466512368,0.725510989729361,0.347855267340955,0.237475781898699,0.16213843285826,0.197545162879242
ATCACAGAGATGGTCG-1,0.198488033086989,0.351967365019097,0.249993972708424,0.739297180295481,0.323576163619023,0.217916781990959,0.142209393228697,0.179326916676651
ATCACAGAGCGTACAG-1,0.166440662643795,0.272730354600312,0.202040840927721,0.552275665703038,0.27591282129779,0.216809668788634,0.121546695531902,0.161800923892062
ATCACAGAGTTAGTAG-1,0.198804438719009,0.345187244332949,0.25033752832827,0.527753969522205,0.23115779062511,0.192360918903958,0.109748030549041,0.145892407843764
ATCACGAAGGTAACTA-1,0.176305738242141,0.262458471760797,0.199364723467862,0.58991530717492,0.319725888683489,0.259848694529016,0.160069757652294,0.202770344928578
ATCACGACACTCACTC-1,0.254017221506543,0.365335502971953,0.286187858623849,0.735491087641821,0.325719130096904,0.223602269582065,0.174598592819773,0.198823169189398
ATCACGATCCACTGGG-1,0.350487038669288,0.333457635545913,0.321483678094411,0.577494661301335,0.265892686832531,0.21897776547652,0.16598713091587,0.188645712688206
ATCACGATCGACGATT-1,0.271046624629918,0.479275431102674,0.353036549496118,0.646033383209611,0.248690082304042,0.191668973152505,0.164026700342775,0.171805317038753
ATCACGATCTTCGGAA-1,0.21332519718851,0.438040997129749,0.298435315106804,0.806368668012842,0.354507883055258,0.197942614632346,0.160021648926574,0.183373936658812
ATCACGATCTTTGATC-1,0.163005401496147,0.275668406897643,0.20047977240947,0.58580414602612,0.290536801328168,0.233208783098072,0.162535329845451,0.193231891582465
ATCACTTAGACTTCGT-1,0.194691165502746,0.313083372884037,0.230766912580163,0.636968490782573,0.296447620953973,0.215448842144109,0.141427626435745,0.174734081499527
ATCACTTAGAGTGACC-1,0.138822971048885,0.260797342192691,0.182078451227157,0.486874791173352,0.196964523307704,0.154649875449765,0.13201034337603,0.159131754463038
ATCACTTAGCATGCAG-1,0.299839537143761,0.387777702443104,0.319717681662568,0.647457036186934,0.298048958541841,0.231029153980995,0.166841060797402,0.194396741083909
ATCACTTAGTAAACTG-1,0.436549370578796,0.460437995796325,0.428817686484401,0.504626872176301,0.201874506941092,0.14781114493957,0.13953935895123,0.138037994062596
ATCACTTCAATACGCT-1,0.234592175740728,0.480055144981581,0.331392545445779,0.753838778563854,0.317853736650614,0.186756158317188,0.149978952432497,0.170127933756673
ATCACTTTCCTTTGAT-1,0.234637376545303,0.481784075756548,0.334731664979025,0.73204817176809,0.292879935004533,0.180540178983301,0.144686992603283,0.163731245923027
ATCAGGTAGCCATTGT-1,0.247802110877574,0.455398106086288,0.326040310526062,0.704809913273385,0.28184719000577,0.182143186640834,0.144939563413314,0.162632959250236
ATCAGGTAGGTCATCT-1,0.218941397156869,0.501717630573824,0.336057669125802,0.753780670279065,0.298390420233371,0.179513792785312,0.136845270310903,0.158965347391403
ATCAGGTCAATACAGA-1,0.28074219721111,0.53494022193595,0.384390520275809,0.688190943823816,0.297907664048794,0.211689270227881,0.152853448794275,0.178887602007535
ATCAGGTCACTGAATC-1,0.488202590006102,0.459420977693403,0.455416124210425,0.524688757499601,0.184448186131945,0.128955623212473,0.136556617956582,0.129271669528868
ATCAGGTCAGCTATAC-1,0.270334711957873,0.465127579270911,0.342187424658855,0.681711870069875,0.284496461750403,0.200837254359258,0.159708942209393,0.17687074829932
ATCAGGTGTCCATCTC-1,0.283781951318733,0.390896557958732,0.312267949274314,0.608088673242588,0.282742055128401,0.210236184149829,0.15096518130976,0.175712555080741
ATCATTCAGAGTTCGG-1,0.200262164666531,0.360804122313377,0.254918269926226,0.652062117756439,0.290984233889484,0.219773503090691,0.156509711949005,0.182255681137426
ATCATTCCACAAATAG-1,0.378375935091645,0.464054060162271,0.399983123583586,0.634745848889405,0.251798561151079,0.186283328720362,0.155631727704612,0.167385545216129
ATCATTCCAGCTTCGG-1,0.240276176915949,0.484021515582977,0.337564492019866,0.696747388758952,0.25901635483757,0.169434449672479,0.111239401046365,0.13777174274798
ATCCACCAGATGCAGC-1,0.208070603656745,0.428368024950844,0.290913255219635,0.804465621686012,0.347973012751828,0.186848417750715,0.150604365866859,0.173762264201179
ATCCACCAGCAGGTCA-1,0.239033154790155,0.379551156010577,0.283349004291432,0.688931824454872,0.300615808498864,0.201609927115048,0.128690841301341,0.164283717400855
ATCCACCAGGTTCAGG-1,0.172983479105928,0.3267905168712,0.228012440329813,0.691721022124729,0.306067421022266,0.219704308515546,0.126995008719707,0.168963084255229
ATCCACCAGTGTTCAC-1,0.201166180758017,0.377404117793297,0.266032595592844,0.770457748013423,0.375784478799939,0.253575053049174,0.17351614649107,0.210757884367054
ATCCACCGTAGCTGCC-1,0.259068411417723,0.338486225054806,0.275549688991755,0.638174237691939,0.283130614984281,0.214203339791494,0.15855433279211,0.18300118481835
ATCCACCGTGCCTGAC-1,0.19091689832079,0.338237620629647,0.240766189305174,0.641994857416796,0.280775706766829,0.211908386382508,0.149461783631006,0.175266584128759
ATCCACCTCAGCGCAC-1,0.149275657106696,0.253429611047077,0.184814841602777,0.524616122143615,0.245722897950052,0.188705138850447,0.120067352216008,0.152322377091737
ATCCACCTCTTGTGCC-1,0.216150247474405,0.41554229665288,0.288514393172284,0.785798335197641,0.333466778132322,0.181762616477535,0.146839858079259,0.168224236857169
ATCCATTCAACCCTAA-1,0.224840102153818,0.354103103035234,0.263422778340325,0.71008324011796,0.33321951276949,0.238248454654488,0.15838595225209,0.194403397366775
ATCCATTCACGACGCT-1,0.159536239745067,0.274866092616449,0.204144365687835,0.506907622354257,0.226977828539133,0.177737798689916,0.1132960490709,0.14222479598493
ATCCATTTCGAATCCA-1,0.476382579609917,0.459296675480824,0.449485269299388,0.607580225750686,0.210375725606094,0.138043177414891,0.135161464910698,0.132080620898066
ATCCATTTCGGATAAA-1,0.186475919271363,0.33455375505684,0.237842952890689,0.614858288420472,0.275865723133441,0.208206476612234,0.13970773949125,0.169329179812825
ATCCCTGAGCAATAGT-1,0.315162609894456,0.460223291974597,0.363638555378755,0.623865072562721,0.259805249090417,0.192533905341821,0.134656323290637,0.159437943474846
ATCCCTGAGCACTCAT-1,0.226489931520781,0.444335209166723,0.314052027580886,0.710417362755495,0.279845518020935,0.208310268474952,0.180299476817608,0.191115193631269
ATCCCTGAGTGCGCTC-1,0.195052771939341,0.339006034307411,0.245768841313467,0.553742899893952,0.240341932673174,0.19798874434911,0.102267123699561,0.145419811760321
ATCCCTGCATGACTTG-1,0.211392862792958,0.450663321807128,0.303528376488741,0.755189796185191,0.348549965265104,0.227938462957837,0.156978772024776,0.191394757511615
ATCCCTGGTCTGTCCT-1,0.178622279476575,0.311309241304495,0.22349197164762,0.615265046413992,0.30978817600584,0.236380201125565,0.144302122797522,0.183706750802082
ATCCCTGGTTATTCTC-1,0.212149976269578,0.408796076570163,0.283035585129466,0.771648967851591,0.330393622908547,0.190377341083126,0.153707378675807,0.1747008000852
ATCCCTGTCAGACCGC-1,0.133387574298823,0.265453025063846,0.184151839529389,0.457283147144704,0.204394258733766,0.134606513516007,0.156245113957544,0.156675586085706
ATCCGTCAGTCAATCC-1,0.220873731552422,0.495536420548286,0.334587009981195,0.762351642285399,0.306079195563353,0.177553279822862,0.140164772385591,0.16228017625837
ATCCGTCTCCTTATCA-1,0.180339910050399,0.291556489705517,0.212648874101934,0.665979051963334,0.352117651214544,0.272592028784943,0.167863371218955,0.214452121357349
ATCCGTCTCTACCACC-1,0.456042217551472,0.512113815625918,0.464921163026183,0.620189723549835,0.213142742761601,0.13842374757819,0.136532563593722,0.137046207915652
ATCCTATAGCCAAGGT-1,0.396354555111081,0.439645625692137,0.396939341337577,0.600316690152098,0.228791107866571,0.156921764000369,0.136292019965121,0.145033747354128
ATCCTATAGTCACACT-1,0.225574615228151,0.520521165276742,0.347322677081827,0.775818237285181,0.330758633682252,0.181497370606144,0.147814059775092,0.169156116458325
ATCCTATAGTCATCCA-1,0.205731462020024,0.357673966596605,0.256883166980086,0.642546886122289,0.298767205548164,0.215875542024172,0.149257321546696,0.177982347537841
ATCCTATGTGTTTACG-1,0.220783329943273,0.472743914841684,0.321332995805005,0.751122216249982,0.302146498840208,0.187886336377895,0.148956642010945,0.168690176657747
ATCCTATTCGCCAATA-1,0.254344927339707,0.464833774041178,0.334345918318145,0.688931824454872,0.277655453378705,0.188070855244949,0.152648986709965,0.168969740538094
ATCGATGCAGTGGCTC-1,0.434018125522634,0.456358623183493,0.428805631901249,0.499760303325247,0.180798078394895,0.133418673309346,0.126321486559625,0.121483818576354
ATCGATGCAGTGTGGA-1,0.416344610934075,0.476213076592763,0.42790153816481,0.567979429667185,0.245687574326791,0.176815204354645,0.116230681339828,0.141918606973122
ATCGATGTCCTAAGTG-1,0.153953940380139,0.265814631500441,0.19208978253532,0.555239188227261,0.254082822122008,0.183607805148076,0.131072223224487,0.154685357508953
ATCGCCTAGCAGGTCA-1,0.216760458336158,0.497717359368997,0.332393075847437,0.796591949097142,0.343239647234749,0.182581418950088,0.144013470443202,0.168024548371208
ATCGCCTAGCTCCCTT-1,0.353831898207788,0.407168847605487,0.357599209219345,0.590888620945131,0.259958318124551,0.188359165974721,0.150435985326839,0.16453665614974
ATCGCCTAGGATTTAG-1,0.414141071711076,0.39022984609126,0.381129755533054,0.530702964975231,0.225246970999305,0.172213765107482,0.148535690660894,0.155337673229762
ATCGCCTCAACTCATG-1,0.288934843040206,0.393879811060637,0.317469501904624,0.554483780525008,0.241825524850169,0.18599501799059,0.125154849960912,0.150465274172291
ATCGCCTCACAGTCGC-1,0.240230976111375,0.350374036657852,0.271475239886205,0.550881066868109,0.242696840890626,0.197423655318756,0.120307895844609,0.152788316892315
ATCGCCTCACGGCCAT-1,0.218692792731711,0.542398354690714,0.357490717970973,0.783779072301233,0.316617409836452,0.168500322908017,0.165530098021529,0.173362887229256
ATCGCCTCAGACCGCT-1,0.156519086039731,0.287793522724704,0.20342711799026,0.596350799715269,0.262478069917225,0.185176215518037,0.135462144446449,0.157441058615227
ATCGCCTCAGCAGTCC-1,0.165039437701991,0.277589441092051,0.203439172573412,0.570013219634789,0.298107831247277,0.227534827936156,0.14336400264598,0.17805556664936
ATCGCCTCATGCGTGC-1,0.185809207403892,0.274730490202726,0.218416992140412,0.479001118584482,0.199825736791909,0.141410646738629,0.181923146310662,0.167059387355725
ATCGCCTCATGTACGT-1,0.14120731349018,0.247067597803241,0.180378755002652,0.507212690849398,0.251810335692166,0.198530768521081,0.113584701425221,0.152162626302967
ATCGGATAGGATTTCC-1,0.245869776482021,0.457466042895564,0.326697285307874,0.718436306056336,0.266999493694733,0.164314051111726,0.110613987612003,0.136207516274612
ATCGGATAGGTTGGAC-1,0.18419327864036,0.380240468280335,0.2586310815372,0.738236704098087,0.311907593401547,0.205703939477812,0.119321666967346,0.161361609222946
ATCGGATCAATCAAGA-1,0.428187221732547,0.499367188735959,0.443765369593519,0.647253657190174,0.226942504915871,0.157509917889104,0.146695531902099,0.152928098832488
ATCGGATTCGCAATTG-1,0.235236287205912,0.361233529956833,0.272222624041661,0.616020454116246,0.276831235502596,0.209129070947504,0.141884659330086,0.170986594246309
ATCGGCGAGCATTTCG-1,0.182249644043664,0.329039256898773,0.233491248372631,0.630823539666168,0.304006876331995,0.231029153980995,0.126153106019604,0.173709013938256
ATCGGCGAGCCGATAG-1,0.175627726173526,0.294946550048591,0.216608804667535,0.563722997806412,0.276054115790837,0.213038564443214,0.115076071922545,0.157334558089381
ATCGGCGCATACCACA-1,0.187617239586865,0.360408615273352,0.251139158107913,0.652483402821157,0.319478623320656,0.240727926930529,0.146960129893559,0.188998495680072
ATCGGCGCATATACCG-1,0.186860126110245,0.322891947476665,0.230911567577993,0.642532359051092,0.296000188392657,0.218170495433158,0.161813698959649,0.185251008426854
ATCGGCGGTAGGTGCA-1,0.214782923136032,0.415293692227722,0.289056849414147,0.742173540392521,0.303147334832625,0.188624411846111,0.14326778519454,0.165095783910433
ATCGGCGGTCCGCAGT-1,0.302110877573621,0.411756729269781,0.333604561454265,0.63935093045891,0.293256720319326,0.225458990681797,0.164495760418546,0.188985183114342
ATCGGCGGTCGACGCT-1,0.2185345899157,0.431724184690488,0.297886831573364,0.762889143919694,0.328003391067833,0.186202601716025,0.153118046785736,0.17292357256014
ATCGGCGGTGGTACAG-1,0.21392410784912,0.474868352656677,0.319802063744636,0.682016938565016,0.256249337682064,0.166159239782268,0.0912863070539419,0.124778678594726
ATCGGCGTCGGACCAC-1,0.379607657016295,0.458573462607634,0.398711365060996,0.549007074683673,0.213307586336823,0.167646923147892,0.137867580732455,0.145353248931667
ATCGGCGTCTTCGTAT-1,0.192329423463738,0.308936199064343,0.228078740537152,0.66795473364615,0.35475514841809,0.257242365531876,0.161260448613867,0.203682255681137
ATCGTAGTCAAATAGG-1,0.446324044567993,0.473105521278279,0.441908963788032,0.578526083356334,0.198824900799491,0.134571916228434,0.118924769980155,0.123707017053397
ATCGTCCAGAATTCAG-1,0.395868646461907,0.430413361357832,0.392882974106755,0.600026148728155,0.245251916306562,0.189108773872128,0.152829394431415,0.16747207689338
ATCGTCCCACACACGC-1,0.430673265984135,0.441589260288833,0.416220647090024,0.610819762627657,0.223928222397532,0.160485284620352,0.141836550604366,0.15036542992931
ATCGTCCTCATGAAAG-1,0.480315049607883,0.444527312586164,0.443759342301943,0.598907564245972,0.20678449057448,0.141249192729957,0.137434602200974,0.138091244325519
ATCGTCCTCGGACAAG-1,0.238230840508961,0.402682667751486,0.297579439702975,0.629109345264901,0.259699278220631,0.18677922317557,0.103566059294004,0.14105329020062
ATCGTGAAGGACGCTA-1,0.332632720862431,0.422378918344747,0.356894016104923,0.545055711318041,0.244427698430454,0.186052680136544,0.135017138733538,0.154432418760068
ATCGTGAAGTGGCGAT-1,0.243914841684182,0.26868488259091,0.240898789719851,0.491712305882011,0.244604316546763,0.210616754313129,0.145829574839136,0.173595857129545
ATCGTGACAGACACCC-1,0.242807421972111,0.419971975501164,0.306843386855683,0.680665920943679,0.260794310541747,0.164936802288034,0.120368031751759,0.14196520095318
ATCGTGACATTGCTTT-1,0.192013017831717,0.338034217009063,0.239916341192922,0.676917936574807,0.305384497639204,0.220165605683181,0.155764026700343,0.184565411291718
ATCGTGAGTAGAATGT-1,0.239021854589012,0.564558049133275,0.376862433097064,0.748071531298575,0.301098564683441,0.178245225574315,0.148355282939443,0.165015908516048
ATCGTGAGTCGCCACA-1,0.287951725540715,0.422559721563044,0.330862143787068,0.630271510960675,0.261959990109385,0.189996770919827,0.124060376450779,0.152808285740911
ATCGTGAGTTCCACAA-1,0.209449228196262,0.444775917011323,0.30462534355562,0.703328152011273,0.310235608567156,0.248224005904604,0.166600517168802,0.203163065617636
ATCGTGATCGTGCGAC-1,0.235597893642507,0.383698329830271,0.283680505328126,0.688350741606985,0.335739264562164,0.245467755327982,0.164543869144266,0.200314176551247
ATCTCTAAGACATGCG-1,0.219427305806043,0.409022080593035,0.289436568783451,0.655650304342142,0.275076828880594,0.19943029799797,0.11707258403993,0.155490767735666
ATCTCTAAGACCCGCT-1,0.198906140529301,0.295760164530929,0.225010849124837,0.622906285863707,0.298060733082928,0.218666389888366,0.165734560105839,0.18635595138251
ATCTCTAAGAGTATAC-1,0.198646235902999,0.422265916333311,0.285573074883071,0.741025901767945,0.328650990827632,0.22575883384076,0.137699200192435,0.178221973720995
ATCTCTAAGTGAGCCA-1,0.176644744276448,0.298867719845413,0.217332079656685,0.600432906721676,0.287687362385051,0.220753759571916,0.145216188586205,0.177556345434456
ATCTCTAAGTGGCCTC-1,0.186747124098809,0.304099712974891,0.223835527267467,0.613565379083923,0.299132216321869,0.223775256019928,0.148126766492273,0.180079076640441
ATCTCTACAGCGGTTC-1,0.261735258887608,0.497513955748412,0.355007473841555,0.722881589842672,0.320714950134818,0.227938462957837,0.163930482891334,0.191780821917808
ATCTCTAGTAGTACGG-1,0.215121929170339,0.401044138585667,0.282053136602536,0.726498830570769,0.316228849980572,0.207549128148353,0.156942690480486,0.180598266703942
ATCTCTATCCGGTAGC-1,0.240276176915949,0.433961624516916,0.311785765948214,0.675886514519808,0.279115496473525,0.189397084601901,0.151710866558422,0.168250861988631
ATCTCTATCTTCCCAG-1,0.465602187718941,0.517741315795421,0.476234389314817,0.581170010314221,0.187462468650284,0.121632530676262,0.110156954717662,0.113662686209513
ATCTTCAAGACAACAT-1,0.223777883246322,0.407914660880964,0.290913255219635,0.732803579470343,0.339295175970517,0.258833840760218,0.191208130374647,0.220788902645207
ATCTTCAAGATGACCG-1,0.154066942391575,0.266865550206794,0.191661844833406,0.543835437337478,0.256732093866642,0.193087461942984,0.133116844067593,0.160123540609982
ATCTTCAAGCCATTGT-1,0.188363052862341,0.348509503469162,0.2431710786441,0.686491276493746,0.31236680050395,0.23736045760679,0.167129713151723,0.197858008173915
ATCTTCAAGGAGATAG-1,0.257452482654191,0.497457454742694,0.352837648874102,0.713903859842817,0.277949816905886,0.17062228987914,0.140248962655602,0.154778545469068
ATCTTCAAGTTGTAGA-1,0.157942911383823,0.270459014170452,0.196314913930276,0.526722547467205,0.244992876402642,0.189881446627918,0.122701304949185,0.153094505904123
ATCTTCACAGTGGTGA-1,0.203765227021041,0.443306890862657,0.298079704903804,0.768990513822508,0.360501124468674,0.238444505950733,0.156762282759035,0.195648122262604
ATCTTCAGTGAGCTCC-1,0.200239564264244,0.317061043686578,0.234389314817494,0.627075555297297,0.320832695545691,0.249688624411846,0.164808467135727,0.201139555626556
ATCTTCAGTGCTCTCT-1,0.238931452979863,0.597678938685109,0.394570615748107,0.743306651945901,0.288111245864192,0.168165882461482,0.139383005592639,0.156023270364897
ATCTTCAGTGTACAGG-1,0.426311388342712,0.383743530634845,0.386711027532668,0.59655417871203,0.252822946225671,0.183873051019467,0.137639064285285,0.160835762876579
ATGAAAGCAACCGTGC-1,0.150665581847357,0.305150631681244,0.21289599305656,0.418321542193878,0.219065336928493,0.114759202878494,0.147958385952252,0.14088022684612
ATGAAAGCACGTGTGC-1,0.189922480620155,0.37757362081045,0.260728579005738,0.596684922352804,0.255542865216828,0.191726635298459,0.119285585423056,0.151656748805197
ATGAAAGGTGGTAACG-1,0.259339616245169,0.553992361064027,0.383606972370895,0.753112425003995,0.318783925396508,0.193929329273918,0.15839797943352,0.176258370275703
ATGAAAGTCCCGAATA-1,0.173039980111646,0.311399642913644,0.22315444331935,0.599721080233014,0.272239164478564,0.21715564166436,0.120211678393169,0.162706178361756
ATGACCAAGATTGCGG-1,0.227506949623703,0.398411191719213,0.288653020878538,0.676249691299737,0.273192902306633,0.182708275671187,0.132527512177521,0.155271110401108
ATGACCAAGGGAGGAC-1,0.176486541460438,0.290132664361426,0.21495732677564,0.517526911399393,0.238399133393776,0.202890026755236,0.111528053400686,0.151969594099871
ATGACCACAGGTGTGA-1,0.254367527741994,0.634879200849775,0.422561357828246,0.746139430829351,0.291572960943847,0.161684657256204,0.140645859642793,0.153760134190663
ATGACCATCAACTGGT-1,0.177141953126766,0.306732659841345,0.222009257919861,0.584031843340064,0.280139881548117,0.220580773134053,0.112706717180829,0.16110867047406
ATGACCATCTAGTCAG-1,0.391766673446787,0.42907993762289,0.388820579584358,0.713366358208522,0.279963263431808,0.190481132945844,0.184088038968068,0.184412316785814
ATGACCATCTGTGTGA-1,0.22490790336068,0.522736004700884,0.350812478904479,0.74480294027921,0.29426933085283,0.174393394224559,0.140910457634253,0.16034319794454
ATGAGGGAGACGACTG-1,0.333299432729903,0.473670531335458,0.380557162833309,0.682757819196072,0.297742820473572,0.216060060891226,0.158169462986349,0.183826563893659
ATGAGGGGTTTGCAGT-1,0.201776391619771,0.450222613962529,0.300659385698443,0.796751746880311,0.359135277702552,0.229945105637051,0.148716098382344,0.188838744891303
ATGAGGGTCCGTATGA-1,0.218274685289398,0.410830112776007,0.289719851487536,0.666807095021573,0.286592330063936,0.204654488421441,0.121967646881953,0.158219843710478
ATGAGTCAGATTCGCT-1,0.276753226207426,0.439363120663548,0.334894401851584,0.662376338306434,0.250538685254742,0.173943629486115,0.115809729989777,0.141639043092775
ATGAGTCCAAAGGCAC-1,0.244005243293331,0.374590367708545,0.283590095954482,0.616296468468992,0.294175134524132,0.220834486576252,0.129232064465692,0.170187840302462
ATGAGTCCACCAACAT-1,0.331819106380094,0.412310439125816,0.348889772891653,0.57736391766056,0.232747353671891,0.161523203247532,0.140104636478441,0.146950756819362
ATGAGTCCATAGGAGC-1,0.17384229439284,0.275340701064479,0.209641255605381,0.495053532257362,0.219559867654158,0.176238582895101,0.109880329544771,0.139316000372752
ATGAGTCCATCATTGG-1,0.220749429339842,0.419666870070287,0.297724094700805,0.57669567238549,0.218146922723687,0.173136359442753,0.111552107763546,0.137478866301902
ATGAGTCGTGGGCTCT-1,0.229077677582661,0.557845729653988,0.369635710497131,0.726411668143586,0.263679073108126,0.160220038748962,0.114775392386794,0.13584807699988
ATGAGTCGTTCGTTCC-1,0.240965489185708,0.510181481230366,0.354838709677419,0.674927727820794,0.31843068916389,0.239505489436295,0.152793312887125,0.192473075335809
ATGATCGAGATTGATG-1,0.17643004045472,0.262074264921916,0.202987125705193,0.477911588244694,0.172720743209033,0.107828212934773,0.151458295748391,0.140154692013792
ATGATCGAGGTAGTAT-1,0.232942346373765,0.459420977693403,0.321628333092242,0.625797173031945,0.245993712395059,0.183204170126395,0.122160081784834,0.14851498329273
ATGATCGGTATCGCAT-1,0.199674554207065,0.342249192035618,0.249499734799171,0.589755509391751,0.284755501654323,0.214111080357967,0.13195020746888,0.166180758017493
ATGATCGGTCCGAAGA-1,0.287409315885823,0.426684294980451,0.335364530594532,0.689469326089167,0.297530878734001,0.238813543684842,0.180720428167659,0.205499420903391
ATGCATGAGAGTGACC-1,0.200239564264244,0.307263769295093,0.232400308597329,0.591949097142525,0.299308834438178,0.226127871574869,0.14336400264598,0.179673043385652
ATGCATGAGGACAACC-1,0.180012204217235,0.333129929712749,0.236052847292541,0.59742580298386,0.281953160875555,0.214364793800166,0.139984364664141,0.17117297016654
ATGCATGAGTATCTGC-1,0.228851673559789,0.452855560828983,0.315655287140171,0.690064936008251,0.284072578271262,0.187332779776732,0.152179926634193,0.167292357256014
ATGCATGCACCTGCGA-1,0.199934458833367,0.32953646574909,0.242441776363373,0.582898731786684,0.260464623391303,0.194586677737799,0.125034578146611,0.15597667638484
ATGCATGCAGAGCCCT-1,0.274673989197008,0.639015074468326,0.436255364289503,0.713947441056409,0.28145863014989,0.177703201402343,0.144290095616092,0.160283291398751
ATGCATGGTCACCTTC-1,0.206545076502362,0.403247677808665,0.277502531462462,0.783662855731656,0.370262219030013,0.24218101300858,0.168176077936136,0.204447728210658
ATGCATGTCTTGAACG-1,0.231349018012521,0.327434628336384,0.255804281787936,0.592689977773581,0.297118769795947,0.24204262385829,0.15850622406639,0.192100323495347
ATGCCTCAGCAAGGAA-1,0.175017515311773,0.352916581915158,0.246112396933314,0.556808111916557,0.234313367636496,0.188647476704493,0.12088520055325,0.151137558741696
ATGCCTCCAAGAGCTG-1,0.179673198182928,0.282866635026103,0.213342012633203,0.503871464474047,0.236986188463305,0.205046591013931,0.120211678393169,0.156256240265186
ATGCCTCCACCGTCTT-1,0.172407168847605,0.282324225371212,0.212588601186171,0.499963682322007,0.220913939879193,0.177991512132116,0.111311564134945,0.140740444905947
ATGCCTCGTCACCCTT-1,0.39584604605962,0.371561913802066,0.361619412700709,0.525400583988262,0.228473195257215,0.184345880616293,0.144398340248963,0.158958691108537
ATGCCTCGTCCGGCAT-1,0.230750107351911,0.436515469975366,0.310441679926708,0.585978470880486,0.230062758303995,0.155653196789372,0.0849960911660352,0.114854160842419
ATGCCTCTCGAAGTGG-1,0.473975636766334,0.473139421881709,0.455000241091663,0.590656187805976,0.199543147805814,0.131861795368576,0.132635756810391,0.127807287298481
ATGCCTCTCTACTGAG-1,0.166384161638077,0.302924492055959,0.216952360287381,0.544009762191844,0.247171166503786,0.214849155826183,0.119465993144507,0.160496292450444
ATGCGATAGAATTGTG-1,0.20934752638597,0.322236535810337,0.243098751145185,0.594418699246045,0.273581462162512,0.210443767875265,0.153731433038667,0.176191807447049
ATGCGATAGACCATTC-1,0.278843763418989,0.404987908784776,0.318331404600029,0.536702645379665,0.231193114248372,0.183723129439985,0.12086114619039,0.146351691361476
ATGCGATCATGCTGCG-1,0.191120301941375,0.3296946685651,0.239747577028786,0.589087264116681,0.278997751062652,0.214814558538611,0.145144025497625,0.173276355552006
ATGCGATGTACGATTC-1,0.306145049381879,0.463658553122246,0.361866531655335,0.539985763470227,0.214261324164891,0.168846295783744,0.126658247639666,0.141372791778159
ATGGAGGCAATAGAGT-1,0.195719483806812,0.41901145840396,0.280847678287285,0.773392216395253,0.348373347148795,0.214237937079066,0.139840038486981,0.176324933104357
ATGGAGGCAGCGTAGA-1,0.180599814676701,0.319445386127873,0.229977337383673,0.584220695265627,0.259063453001919,0.201413875818802,0.126008779842444,0.159218286140288
ATGGAGGTCGCTTGAA-1,0.435893958912469,0.493875290980179,0.448587202854525,0.574240597353168,0.184554157001731,0.124469508257219,0.104804858981298,0.110820453425989
ATGGATCCAACCGATT-1,0.225167807986982,0.372511130698126,0.275175996914027,0.632276246785885,0.254447832895713,0.180736230279546,0.116158518251248,0.145373217780263
ATGGATCCAGATCACT-1,0.189029764729812,0.390263746694691,0.26658710641786,0.662565190231997,0.271332524814845,0.190746378817234,0.115497023272596,0.150092522331829
ATGGATCTCAGACTGT-1,0.155117861097928,0.285431780685696,0.204493948599257,0.485727152548775,0.201215132640205,0.178325952578651,0.092068073846894,0.130376612484524
ATGGATCTCGTAGTGT-1,0.306698759237914,0.506384613646123,0.383980664448623,0.680854772869242,0.24844281694121,0.162353538149276,0.10957965000902,0.134430288749551
ATGGGAGCAGAACATA-1,0.229461884421543,0.553981060862883,0.368647234678625,0.716809274082252,0.258957482132134,0.159182120121782,0.113801190690962,0.134909541115859
ATGGGAGCATGTGGTT-1,0.17873528148801,0.294505842203991,0.217392352572448,0.560439879715851,0.258898609426698,0.205092720730695,0.136231884057971,0.165388660356511
ATGGGAGGTAACGGTG-1,0.241553099645174,0.45944357809569,0.325449635951589,0.717143396719787,0.263255189628984,0.162111357136267,0.106849479824403,0.132633092375894
ATGGGAGGTGCATGTT-1,0.17229416683617,0.278888964223563,0.208254978542842,0.51944448479742,0.265869137750356,0.213234615739459,0.124998496602321,0.160862388008041
ATGGGAGTCTCAGAAC-1,0.50031640563202,0.467139015074468,0.465626356140605,0.484042012289902,0.154941186167269,0.114978319033121,0.126850682542546,0.115419944885978
ATGGGTTAGAGGCTGT-1,0.158496621239858,0.263961398512894,0.193319350016876,0.624605953193777,0.33605717717152,0.27907325399022,0.160045703289434,0.215097780795293
ATGGGTTAGCCGATCC-1,0.291296585079214,0.648608945239225,0.449581705964608,0.713133925069367,0.265668970551873,0.158547836516284,0.127223525166877,0.143602646538067
ATGGGTTAGCGACAGT-1,0.208545212104775,0.306133749180735,0.239862095568735,0.586356174731612,0.252905368013282,0.182212381215979,0.176450778759998,0.183760001065005
ATGGGTTAGTGCGTCC-1,0.186295116053066,0.313094673085181,0.230863349245383,0.543021921350437,0.241071954220584,0.198634560383799,0.107029887545854,0.147449978034267
ATGGGTTCACTCTGCT-1,0.277476439080616,0.375121477162293,0.305481218959448,0.480134230137862,0.224352105876673,0.147603561214134,0.16993204642492,0.159937164689751
ATGGTTGCATGGGAAC-1,0.22629782810134,0.468924446855154,0.323430493273543,0.750889783110827,0.322681298496391,0.206545806808746,0.15838595225209,0.181383708082059
ATGGTTGGTGAAGCGT-1,0.19852193369042,0.372793635726716,0.261590481701143,0.625550212821593,0.281152492081621,0.204873604576068,0.120404113296049,0.158392907064979
ATGTCCCAGCTTACGT-1,0.227676452640857,0.392049178475377,0.283656396161821,0.67330069584671,0.319678790519139,0.252433342559277,0.176390642852847,0.207902339017799
ATGTCCCCAGCTGTTA-1,0.167570682758153,0.277476439080616,0.201787694681518,0.614059299504627,0.304183494448304,0.230083494787342,0.15854230561068,0.189211496731765
ATGTCCCGTCCGACGT-1,0.207279589576694,0.346328564648451,0.254062394522397,0.590728823161962,0.243050077123244,0.183711597010794,0.118070840098623,0.147875980137652
ATGTCCCTCATCCTGC-1,0.262232467737926,0.448504983388704,0.330361878586238,0.68441390531255,0.261736273828728,0.168984684934035,0.130531000060136,0.148275357109576
ATGTCCCTCATGCCAA-1,0.26379189549574,0.41749723145072,0.314660784030088,0.694829815360925,0.299673845211883,0.201748316265338,0.157592158277708,0.178468256187015
ATGTCTTAGACTTCGT-1,0.233541257034375,0.362420051076909,0.272313033415304,0.672792248354809,0.311048051902177,0.229737521911615,0.151855192735582,0.186422514211164
ATGTCTTAGGAACATT-1,0.236253305308835,0.402660067349199,0.294662230580067,0.669436494908262,0.274311483709922,0.191449856997878,0.126225269108184,0.155757019050282
ATGTCTTCATTGCTGA-1,0.170000226004023,0.2593735168486,0.198038719321086,0.472347719976176,0.244003814951312,0.182961989113387,0.16207829695111,0.180245483712076
ATGTCTTGTGCCAAGA-1,0.162881099283567,0.375177978168011,0.249192342928782,0.557316559408458,0.242626193644103,0.188209244395239,0.0958205544530639,0.136247453971804
ATGTCTTGTTAGGGAC-1,0.294810947634868,0.366363821276019,0.306096002700227,0.583741301916121,0.27367565849121,0.206188301503829,0.149786517529617,0.172411038779504
ATGTCTTTCATACAGC-1,0.233597758040093,0.441600560489977,0.315239404021409,0.737306971541468,0.315969810076652,0.246298090229726,0.192795718323411,0.217434136081047
ATGTCTTTCGAGTGGA-1,0.219449906208331,0.394975930571564,0.282878875548484,0.622630271510961,0.285815210352176,0.209290524956177,0.118347465271514,0.158991972522864
ATTACCTCACAGCATT-1,0.153219427305806,0.259576920469184,0.190570905058103,0.52618504583291,0.242284731952572,0.187551895931359,0.117505562571411,0.149653207662713
ATTACCTGTAGTTCCA-1,0.274662688995864,0.319445386127873,0.280901923911471,0.423740139750425,0.189864475032086,0.14338269213027,0.134054964219135,0.134976103944513
ATTACCTGTCCACGCA-1,0.352679277691143,0.509571270368613,0.408837214909108,0.660560454406787,0.26383214214226,0.190642586954516,0.143664682181731,0.163990840954777
ATTACCTGTGGCATCC-1,0.245067462200827,0.329638167559383,0.264031534789527,0.572424713453521,0.263478905909642,0.196178152966141,0.141307354621444,0.163744558488758
ATTACTCCATAAGCAA-1,0.178757881890298,0.273792573507808,0.207923477506148,0.524194837078896,0.239435293009455,0.192476243195867,0.133970773949125,0.15749430887815
ATTACTCGTAGGAGGG-1,0.324067168395597,0.492496666440663,0.387199238150345,0.591208216511469,0.210281529277396,0.153900267552357,0.11709663840279,0.131228616691295
ATTACTCTCATCACCC-1,0.404987908784776,0.443476393879811,0.402598968127682,0.596016677077734,0.227072024867831,0.162964756896393,0.151879247098442,0.153726852776336
ATTACTCTCTTTCTAG-1,0.35926729495785,0.401710850453138,0.358876995033512,0.53389892063861,0.221467343310294,0.164936802288034,0.140297071381322,0.150724869204042
ATTATCCCACGGTGCT-1,0.243146428006419,0.385054353967501,0.291299001880515,0.570739573194648,0.241448739535377,0.185937355844635,0.133321306151903,0.15522451642105
ATTATCCCAGTTAGGG-1,0.223009469568558,0.308936199064343,0.243014369063118,0.576855470168659,0.25372958588939,0.199776270873697,0.143195622105959,0.166879667718359
ATTATCCCATTATGCG-1,0.182441747463105,0.312247157999412,0.224028400597907,0.645466827432921,0.297001024385075,0.219842697665836,0.153466835047207,0.182275649986022
ATTCACTAGCAGTACG-1,0.20309851515357,0.334779759079712,0.243605043637591,0.644682365588274,0.290583899492517,0.214537780238029,0.153274400144326,0.178834351744612
ATTCACTAGGATTTAG-1,0.433509616471173,0.481546771532533,0.438816963209412,0.522814765315165,0.189829151408824,0.13594427530215,0.129376390642853,0.124073112610994
ATTCACTGTCACTCGG-1,0.467410219901914,0.431046172621873,0.431620377067361,0.517904615250519,0.169164831800681,0.113248454654488,0.114871609838234,0.109103132446716
ATTCACTGTGTACATC-1,0.323716862160146,0.45991818654372,0.370208303196875,0.648895216235455,0.269578118192843,0.193675615831719,0.120103433760298,0.152828254589507
ATTCAGGAGGTGCATG-1,0.404987908784776,0.470675978032409,0.418173489560731,0.598587968679634,0.217169635813444,0.152320324753206,0.122256299236274,0.13642717360917
ATTCAGGCACAAATAG-1,0.359628901394445,0.349854227405248,0.333875789575196,0.572076063744788,0.25690871198295,0.211147246055909,0.161909916411089,0.182215743440233
ATTCAGGTCTGTACAG-1,0.216783058738446,0.339299839537144,0.256153864699359,0.529497218065866,0.235596792615008,0.196893163575976,0.110241144987672,0.147782792177536
ATTCATCAGGAGGGTG-1,0.281838316722038,0.452697358012973,0.347401031872318,0.698752124584163,0.312296153257427,0.230325675800351,0.163653857718444,0.192552950730194
ATTCATCCAAGCTACT-1,0.331457499943499,0.444504712183877,0.366272481797579,0.673780089196217,0.27617186120171,0.190711781529661,0.155727945156053,0.170094652342346
ATTCATCCACGAGGTA-1,0.222015051867923,0.3339209437928,0.261964173778871,0.49604137309877,0.196764356109221,0.141306854875911,0.172590053520957,0.157680684798381
ATTCATCCACTAGAGG-1,0.171039844509232,0.350950346916175,0.24091687159458,0.618141406511033,0.260182034405209,0.196108958390995,0.1170605568585,0.152502096729103
ATTCATCCAGCTCATA-1,0.272651253192307,0.606979004226275,0.421422199720334,0.573674041576478,0.262937277019628,0.157129347725805,0.10559865295568,0.130389925050255
ATTCATCGTAGAATGT-1,0.201753791217484,0.439611725088707,0.294674285163219,0.764516175893778,0.310859659244781,0.175581234431221,0.127788802694089,0.152755035477988
ATTCATCGTCCGAAGA-1,0.231337717811377,0.509729473184623,0.34731664979025,0.744846521492802,0.295611628536778,0.175984869452902,0.141211137170004,0.161547985143177
ATTCATCGTGTTCCTC-1,0.205155151761701,0.406310032318575,0.283300785958822,0.656362130830803,0.268459536789554,0.179179352338777,0.140621805279933,0.157114900754822
ATTCATCTCCGGCTTT-1,0.494542002847651,0.439634325490994,0.448159265152611,0.564304080654299,0.190594496579496,0.129866685118553,0.135185519273558,0.129318263508926
ATTCCATCAGTATTCG-1,0.291443487694081,0.39389111126178,0.317228410241574,0.705085927626131,0.313767970893334,0.217570809115232,0.145745384569126,0.180012513811787
ATTCCATGTAGGTGCA-1,0.212048274459285,0.350995547720749,0.257365350306186,0.634397199180673,0.291702480895807,0.218562598025648,0.12455349088941,0.166653354100936
ATTCCATTCGTAACTG-1,0.223416276809727,0.554839876149795,0.366579873667969,0.760332379388991,0.306844540734025,0.181059138296891,0.141884659330086,0.165947788117204
ATTCCATTCTTGTTAC-1,0.384466743508034,0.411869731281217,0.377760499541926,0.581213591527812,0.217605293833673,0.157602177322631,0.135269709543568,0.142604204108258
ATTCCCGAGAAGTCTA-1,0.241722602662327,0.440142834542455,0.321085876850379,0.637128288565742,0.292538473313003,0.237833287203617,0.172241265259486,0.201419119506903
ATTCCCGCAGCCGTTG-1,0.17062173706692,0.277905846724072,0.207139929601234,0.482749102953354,0.23769266092854,0.205323369314512,0.106873534187263,0.150811400881292
ATTCCCGTCCTATTGT-1,0.191662711596266,0.291217483671209,0.220695308356237,0.608756918517658,0.318183423801057,0.254912814835317,0.151145589031211,0.196526751600836
ATTCCCGTCGAGTGAG-1,0.237711031256356,0.45410988315592,0.320790539563142,0.667606083937417,0.298661234678378,0.211308700064582,0.135329845450719,0.168670207809151
ATTCCTACAAAGACGC-1,0.148880150066671,0.275329400863335,0.198894594724914,0.481049435623284,0.201815634235656,0.183803856444321,0.105418245234229,0.140134723165196
ATTCCTATCAAAGACA-1,0.183164960336294,0.293952132347956,0.21716331549255,0.63487659253018,0.31877215085542,0.243818617953686,0.159901377112274,0.195534965453892
ATTCCTATCCTCATAT-1,0.217980880059665,0.306789160847063,0.241260427214427,0.563258131528103,0.268871645727608,0.216867330934588,0.160105839196584,0.184205972016987
ATTCCTATCTCACTCG-1,0.187718941397157,0.281262006463715,0.214059260330778,0.580385548469573,0.300486288546904,0.235826644524403,0.150279631968248,0.185510603458605
ATTCGTTAGAAGTCCG-1,0.198307229868692,0.305568739123556,0.23590819229471,0.428417856675916,0.23735119923701,0.14806485838177,0.155331048168862,0.156329459376706
ATTCGTTAGTATAGGT-1,0.20051076909169,0.390207245688973,0.268112011186653,0.749277278207941,0.350375019133629,0.254901282406126,0.171002465572193,0.21060478986115
ATTCGTTCATGACGTT-1,0.194442561077587,0.300811354442109,0.22643931722841,0.60683934511963,0.313132145674622,0.240243564904511,0.150351795056828,0.187960115553071
ATTCGTTCATGGCACC-1,0.196747802110878,0.371076005152892,0.259728048604079,0.676859828290018,0.290348408670772,0.199395700710398,0.148487581935174,0.171039844509232
ATTCGTTTCACCTTAT-1,0.253813817885958,0.410299003322259,0.306951878104055,0.653878001656086,0.277514158885657,0.200802657071686,0.165000902038607,0.179360198090978
ATTCTACAGCAATAAC-1,0.250050850905146,0.426119284923272,0.312340276773229,0.702049769745921,0.297036348008336,0.192418581049912,0.14718864634073,0.167578577419226
ATTCTACAGTGAATAC-1,0.1665197640518,0.260842542997265,0.199961425333912,0.484710257564972,0.21589798537602,0.17740335824338,0.109892356726201,0.139728689910406
ATTCTACGTACTGTTG-1,0.310925034465613,0.366375121477162,0.317258546699455,0.538678327062481,0.230934074344452,0.166078512777932,0.142510072764448,0.149480144308213
ATTCTACGTAGCGCTC-1,0.251192171220648,0.561156688589057,0.383492453830947,0.691038249778462,0.296577140905933,0.179329273918258,0.127127307715437,0.151303965813331
ATTCTACTCGCTTACC-1,0.229789590254707,0.383415824801681,0.281203288490284,0.695120356784869,0.304477857975485,0.212692591567488,0.138601238799687,0.172397726213773
ATTCTTGAGGGCAGAG-1,0.189945081022442,0.345311546545529,0.24470201070447,0.582404811365981,0.278032238693497,0.214330196512593,0.115472968909736,0.159231598706019
ATTCTTGCACATTCTT-1,0.20616086966348,0.368782064320745,0.262048555860938,0.75334485814315,0.351152138845388,0.247532060153151,0.163100607372662,0.202497437331097
ATTCTTGTCGTAATGC-1,0.165276741926006,0.261373652451014,0.19748420849607,0.509493441027354,0.240177089097952,0.19056185995018,0.116387034698418,0.148954297961846
ATTGGGTCACCATAAC-1,0.238422943928402,0.465556986914367,0.327703843001109,0.716475151444717,0.281164266622708,0.175546637143648,0.140417343195622,0.157980217527324
ATTGGGTGTACGATGG-1,0.205539358600583,0.450911926232287,0.304034668981147,0.716940017723027,0.29070164490339,0.184149829320048,0.142510072764448,0.161954018397966
ATTGGGTGTATTAAGG-1,0.236230704906547,0.640404999208986,0.41603380105116,0.735679939567384,0.284343392716269,0.174116615923978,0.141596006975765,0.155796956747474
ATTGGGTGTCCCACGA-1,0.173548489163107,0.282358125974642,0.208899898741502,0.578613245783518,0.303606541935028,0.244487498846757,0.153851704852968,0.191920603857982
ATTGGGTGTTCAAGTC-1,0.214364815693719,0.441600560489977,0.304571097931434,0.736043116347313,0.293810123750427,0.176734477350309,0.128089482229839,0.152581972123487
ATTGGGTTCAATCTTC-1,0.195210974755351,0.378850543539675,0.260378996094315,0.74423638450252,0.360183211859318,0.255131930989944,0.167478501413194,0.208374935101242
ATTGGGTTCACAAGGG-1,0.400592130539924,0.482541189233168,0.420385505569217,0.639525255313276,0.241013081515148,0.162941692038011,0.136809188766613,0.147889292703383
ATTGTTCAGCTAATGA-1,0.274504486179854,0.398874499966099,0.313666280920006,0.650958060345454,0.244415923889366,0.154615278162192,0.170389079319262,0.166833073738302
ATTGTTCAGGTCGAGT-1,0.194634664497028,0.290211765769431,0.219706832537731,0.634862065458983,0.304171719907217,0.237602638619799,0.159408262673642,0.193032203096503
ATTGTTCCAATAGAGT-1,0.21790177865166,0.537550568400118,0.353392159699118,0.805235556459462,0.349185790483816,0.182039394778116,0.146924048349269,0.170633811254443
ATTGTTCGTTATTCTC-1,0.22291906795941,0.393020995773725,0.284904045518106,0.687624388047126,0.296141482885705,0.202440262016791,0.158879066690721,0.176730966359146
ATTGTTCTCTTCACAT-1,0.278086649942369,0.589215088028567,0.411127585708086,0.716242718305562,0.274558749072755,0.172017713811237,0.141451680798605,0.157441058615227
ATTTACCCACAGAGAC-1,0.156236581011142,0.262605374375664,0.191312261921983,0.538039135929805,0.247948286215545,0.185533720822954,0.127091226171147,0.153620352250489
ATTTACCCAGGTAGTG-1,0.437091780233688,0.443069586638642,0.420174550364048,0.577886892223659,0.216722203252128,0.14820324753206,0.137927716639606,0.140121410599465
ATTTACCTCACACGAT-1,0.218692792731711,0.401066738987954,0.28420487969526,0.769513488385607,0.340107619305538,0.209832549128148,0.170413133682122,0.191454664057404
ATTTCACCAAGTTCGT-1,0.196487897484575,0.309602910931815,0.232370172139447,0.54521550910121,0.267541122584747,0.211262570347818,0.129448553731433,0.16311886789941
ATTTCACCACGCAGTC-1,0.281962618934617,0.474800551449816,0.353337914074931,0.646498249487921,0.267246759057566,0.181485838176954,0.148932587648085,0.163138836748006
ATTTCACGTCTACACA-1,0.250604560761182,0.400388726919339,0.299261054052751,0.709676482124439,0.332030284119676,0.233658547836516,0.159732996572253,0.193365017239773
ATTTCACTCATCGCAA-1,0.196657400501729,0.347311682147942,0.251886542263369,0.55102633758008,0.224199036842539,0.182004797490543,0.111912923206447,0.141519230001198
ATTTCACTCATTGCTT-1,0.193075236739214,0.299783036138043,0.224167028304161,0.614887342562866,0.324070694344688,0.256135252329551,0.159841241205124,0.201159524475152
ATTTCTGGTGGGTATG-1,0.228772572151784,0.549720885031754,0.363837456000771,0.772186469485887,0.329298590587432,0.17908709290525,0.142028985507246,0.16453665614974
CAAAGAAAGGTCTGGA-1,0.19764051800122,0.391314665401044,0.2676177732774,0.772535119194619,0.33738770031438,0.208690838638251,0.153274400144326,0.182681683240811
CAAAGAAAGTCGAGGT-1,0.211438063597532,0.510791692092119,0.336262597039394,0.742565771314845,0.317429853171473,0.207422271427253,0.14350832882314,0.173203136440486
CAAAGAACACAACATC-1,0.280211087757362,0.373584649806767,0.302027580886253,0.753475601783924,0.321939502407894,0.235111633914568,0.194419387816465,0.212621643569365
CAAAGAACACGTCGGT-1,0.310213121793568,0.426413090153005,0.346496938135879,0.613085985734416,0.227813820956328,0.163564443214319,0.115052017559685,0.136373923346247
CAAAGAATCACTGTTT-1,0.372499830496983,0.44268537979976,0.385818988379382,0.62546305039441,0.235196458218041,0.160462219761971,0.139058271694029,0.149313737236578
CAAAGAATCATCGCTC-1,0.160847063077723,0.28759011910412,0.204638603597088,0.540828333599663,0.260806085082834,0.20841406033767,0.110974803054904,0.15674214891436
CAAAGAATCCGGCTTT-1,0.183955974416345,0.287850023730422,0.216072375717248,0.594970727951538,0.299038019993171,0.225908755420242,0.151338023934091,0.182382150511868
CAAAGAATCGAGTGAG-1,0.20373132641761,0.417610233462156,0.283704614494431,0.723041387625841,0.311825171613936,0.220603837992435,0.163966564435625,0.187813677330032
CAACAACCACATTACG-1,0.213313896987366,0.389461432413497,0.27871401706929,0.66852128942284,0.302311342415429,0.238236922225298,0.168127969210416,0.197278911564626
CAACAACCACCTGCGA-1,0.226693335141366,0.370680498112866,0.27233714258161,0.719540363467321,0.31705306785668,0.209232862810222,0.149762463166757,0.17804225408363
CAACAACCAGATTCGT-1,0.163434809139603,0.33666689267069,0.236462703119726,0.528538431366852,0.234866771067598,0.154119383706984,0.162643574478321,0.163564838851392
CAACAACTCGCAAGAG-1,0.207968901846453,0.456211720568626,0.307578716427986,0.67052602524805,0.256496603044896,0.174739367100286,0.0932347104456071,0.129591171106407
CAACAGTCACATGAAA-1,0.234739078355595,0.38199199945759,0.284216934278413,0.754913781832445,0.334396966878216,0.227004336193376,0.176198207949967,0.201958278419
CAACAGTGTAACCCGC-1,0.317411349922029,0.399337808212986,0.335466994551328,0.581910890945276,0.240141765474691,0.166263031644986,0.144013470443202,0.151230746701812
CAACAGTGTTCGTAAC-1,0.210228942075169,0.490112323999367,0.324780606586624,0.763019887560469,0.297530878734001,0.165847864194114,0.120380058933189,0.142604204108258
CAACAGTTCCGTATAG-1,0.193843650416977,0.297093588265871,0.224444283716669,0.590002469602104,0.279786645315499,0.211873789094935,0.140886403271393,0.171312752106714
CAACCAAAGACTCTTG-1,0.176237937035279,0.277612041494339,0.207025411061285,0.596684922352804,0.294540145297837,0.225113017806071,0.150748692044019,0.182568526432099
CAACCAAAGCTCACTA-1,0.168101792211901,0.255983456505526,0.195006991658228,0.517759344538548,0.23932932213967,0.193917796844727,0.13578687834506,0.159710851072327
CAACCAAAGTCTCGTA-1,0.449024792641309,0.401835152665717,0.407065191185689,0.556517570492613,0.216663330546692,0.171671740935511,0.151289915208371,0.157487652595285
CAACCAAGTGCTCTTC-1,0.263407688656858,0.450380816778539,0.333236896668113,0.584162586980839,0.233724640582133,0.170610757449949,0.131060196043057,0.147363446357016
CAACCTCAGTGGTTCT-1,0.337808212986191,0.519312043754379,0.407655865760162,0.596365326786467,0.218947591517621,0.158697758095765,0.126754465091106,0.139974972376426
CAACCTCCAACAAAGT-1,0.26395009831175,0.412728546568129,0.313485462172718,0.650609410636722,0.302440862367389,0.225378263677461,0.153502916591497,0.183879814156582
CAACCTCTCGTCTAAG-1,0.24229891292065,0.404694103555043,0.299393654467428,0.619129247352441,0.258251009666898,0.187782544515177,0.140188826748452,0.160835762876579
CAACGATGTCTCAGAT-1,0.214161412073135,0.439125816439533,0.300834177154154,0.757063788369627,0.310965630114566,0.182627548666851,0.145300378856215,0.165508473448088
CAACGGCAGGCTTTCA-1,0.449397699279047,0.418378647139919,0.413966440040503,0.531066141755161,0.210375725606094,0.153646554110158,0.14321967646882,0.143016893645912
CAACGGCAGTCGCCAC-1,0.20934752638597,0.348498203268018,0.253146246202806,0.714397780263521,0.316040457323176,0.21793984684934,0.145817547657706,0.180005857528922
CAACGGCCAAATGATG-1,0.181436029561326,0.323174452505255,0.232520854428854,0.592501125848018,0.262607589869185,0.199095857551435,0.12826988995129,0.160775856330791
CAACGGCCATCATTGG-1,0.295556760910344,0.414367075733948,0.332236366266455,0.741142118337522,0.321680462503974,0.212900175292924,0.172974923326718,0.194057270657774
CAACGGCGTGTTCCTC-1,0.210974755350645,0.401247542206251,0.280715077872607,0.708775803710214,0.33098234996291,0.243184334348187,0.166576462805941,0.200400708228497
CAACGGCTCGCAGTCG-1,0.27445928537528,0.67062173706692,0.45184796759728,0.699318680360852,0.243709451424131,0.147315250484362,0.126766492272536,0.134403663618089
CAAGACTGTGGTCTGC-1,0.204454539290799,0.320089497593057,0.237348714981436,0.671034472739951,0.304289465318089,0.232862810222345,0.165265500030068,0.19381764447462
CAAGACTTCACACCCT-1,0.22124663819016,0.542748660926164,0.358111529003327,0.735650885424989,0.270955739500053,0.161246424946951,0.115340669914006,0.136779956601036
CAAGACTTCGCCCAGA-1,0.16926571292969,0.301285962890139,0.216723323207483,0.582608190362741,0.29921463810948,0.225828028415906,0.146839858079259,0.179267010130863
CAAGACTTCTATTGTC-1,0.178136370827401,0.303218297285692,0.221020782101355,0.565248340282116,0.262042411896996,0.206580404096319,0.114859582656804,0.155657174807301
CAAGAGGAGACGAAGA-1,0.229676588243271,0.565337763012182,0.373890978349969,0.722242398709996,0.255142530819861,0.157083218009041,0.111155210776355,0.13198743293795
CAAGAGGAGCATTTGC-1,0.232682441747463,0.407383551427215,0.294143883504508,0.710489998111481,0.313885716304207,0.213522926469231,0.165578206747249,0.186695421808645
CAAGAGGAGGTCTACT-1,0.154541550839605,0.263170384432843,0.193940161049231,0.494516030623066,0.222256237563141,0.18652550973337,0.105153647242769,0.140780382603139
CAAGAGGCATGAAAGT-1,0.197019006938323,0.36352747078898,0.257280968224119,0.677077734357976,0.321221255401571,0.24491419872682,0.133405496421914,0.185251008426854
CAAGAGGGTGAGAACC-1,0.161875381381789,0.254503130155717,0.19901514055644,0.472739950898499,0.198730704470793,0.138827382599871,0.185338865836791,0.167531983439168
CAAGAGGTCACTTGGA-1,0.483580807738378,0.465884692747531,0.456862674188727,0.481775789183143,0.174745964276042,0.115255097333702,0.12461362679656,0.112644274931107
CAAGAGGTCGACCCAG-1,0.219088299771736,0.399473410626709,0.284198852403684,0.640731002222642,0.294622567085448,0.213338407602177,0.12824583558843,0.165628286539665
CAAGCTAGTACGAGCA-1,0.18753813817886,0.342339593644767,0.243460388639761,0.632726585992998,0.293398014812373,0.214249469508257,0.143845089903181,0.173416137492179
CAAGCTAGTTGGCTAT-1,0.266549144574773,0.455206002666847,0.335111384348329,0.641994857416796,0.265657196010785,0.193917796844727,0.137422575019544,0.162639615533102
CAAGCTATCGAACCTA-1,0.226218726693335,0.343119307523674,0.260957616085636,0.700858549907753,0.341767829598841,0.250253713442199,0.160045703289434,0.200380739379901
CAAGGGAAGCAACTCT-1,0.212138676068434,0.304992428865234,0.236420512078692,0.594520388744425,0.30781005310318,0.236264876833656,0.152504660532804,0.186928391708934
CAAGGGAAGCAGCCCT-1,0.175311320541506,0.306224150789884,0.219200540045325,0.631884015863562,0.308151514794711,0.226081741858105,0.153442780684347,0.185370821518431
CAAGGGACAATACAGA-1,0.211189459172373,0.316541234433973,0.239729495154058,0.590888620945131,0.28429629455192,0.212231294399852,0.150520175596849,0.175046926794201
CAAGGGATCCATCCGT-1,0.391043460573598,0.506689719077,0.427913592747963,0.674201374260935,0.245546279833743,0.160566011624689,0.139178543508329,0.147869323854787
CAATACGCACGCTGTG-1,0.158609623251294,0.291398286889507,0.207266502724336,0.585978470880486,0.262466295376138,0.193848602269582,0.139346924048349,0.162746116058948
CAATACGTCAATGCAC-1,0.229190679594097,0.423520238660248,0.301671970683254,0.686128099713817,0.284484687209316,0.181497370606144,0.140417343195622,0.160116884327116
CAATACGTCTATCACT-1,0.26000632811264,0.492044658394919,0.350402623077294,0.750729985327658,0.292326531573432,0.166862717962912,0.130807625233027,0.150205679140541
CAATCGAAGACTCAAA-1,0.348068795624562,0.450753723416277,0.377121606634843,0.638697212255037,0.280045685219419,0.210420703016883,0.156954717661916,0.179799512760094
CAATCGAGTCTGTTAG-1,0.16970642077429,0.273962076524962,0.202221659675008,0.571393291398521,0.259981867206726,0.203132207768244,0.130422755427266,0.161807580174927
CAATGACCAAACTAAG-1,0.215619138020657,0.435340249056433,0.298833116350837,0.736101224632102,0.304654476091794,0.203051480763908,0.14734499969932,0.173529294300891
CAATGACGTTCTCCCA-1,0.236908716975162,0.515582977376997,0.350710014947683,0.735796156136961,0.328686314450894,0.217559276686041,0.163677912081304,0.18787358387582
CAATTTCCAAGAGTAT-1,0.153614934345831,0.258130494722806,0.18885312695887,0.555805744003951,0.26310212059485,0.197550512039856,0.1397678753984,0.165248878416337
CAATTTCCACATGTTG-1,0.394569123330395,0.468020430763668,0.411513332368967,0.593227479407877,0.210787834544149,0.146450318295046,0.119369775693066,0.131441617742988
CAATTTCCACCCAATA-1,0.164858634483694,0.25694397360273,0.197225034958291,0.471679474701105,0.206289959848815,0.175719623581511,0.110493715797703,0.1402878176711
CAATTTCGTACACTCA-1,0.242084209098922,0.323615160349854,0.259312165485317,0.585353806819007,0.253941527628961,0.197942614632346,0.145492813759096,0.167611858833553
CAATTTCGTACCCGCA-1,0.25511334101747,0.504452279250571,0.356279232364145,0.745790781120618,0.318501336410413,0.204296983116524,0.163798183895604,0.182788183766657
CAATTTCGTAGAGGAA-1,0.147219020498565,0.259701222681764,0.185435652635132,0.544968548890858,0.254141694827444,0.190192822216072,0.12065668410608,0.153453945178854
CAATTTCTCTAGTGTG-1,0.213133093769069,0.434775238999254,0.298013404696466,0.770791870650958,0.347325412992029,0.224432604483808,0.157315533104817,0.189724030512401
CACAACAAGTCCCAGC-1,0.206217370669198,0.328700250864465,0.243605043637591,0.642910062902218,0.289088532774435,0.209048343943168,0.152095736364183,0.17552617916051
CACAACAGTAACTGCT-1,0.187074829931973,0.276990530431442,0.21383022325088,0.49824948792074,0.233854160534093,0.197181474305748,0.130422755427266,0.157853748152882
CACAACAGTATAATGG-1,0.181424729360183,0.282279024566637,0.216699214041178,0.494356232839897,0.218617904367177,0.178026109419688,0.112418064826508,0.141086571614947
CACAACAGTATCGATC-1,0.220127918276945,0.537821773227563,0.35467597280486,0.807124075715095,0.348856103333373,0.181820278623489,0.153322508870046,0.175725867646471
CACAACAGTGGACTGA-1,0.219608109024341,0.499638393563405,0.333224842084961,0.7880645583044,0.341061357133606,0.184922502075837,0.143063323110229,0.168463863040324
CACAACAGTGGCTGCT-1,0.240728184961692,0.339028634709698,0.264302762910459,0.602408588404492,0.289700808910973,0.216671279638343,0.157892837813458,0.181030925090193
CACAACATCAAAGACA-1,0.261690058083034,0.576784866770629,0.397288924248999,0.735316762787454,0.296989249843987,0.186790755604761,0.150039088339648,0.169176085306921
CACAACATCATTCTTG-1,0.283951454335887,0.450595520600267,0.344073966922224,0.699246045004867,0.264150054751616,0.18677922317557,0.176126044861387,0.180784642624173
CACACAACAACACGAG-1,0.215856442244672,0.456426424390354,0.309441149525049,0.787178406961373,0.365917413368814,0.218700987175939,0.155138613265981,0.187866927592955
CACACAAGTCCCTAAA-1,0.295895766944652,0.432243993943092,0.340644438015333,0.577988581722039,0.231581674104252,0.176849801642218,0.14720067352216,0.15800018637592
CACACAAGTGGTAACG-1,0.227642552037426,0.503435261147648,0.342000578619991,0.751165797463573,0.296188581050054,0.172098440815573,0.141343436165735,0.159331442949
CACACAATCCTACGAA-1,0.206081768255475,0.393563405428617,0.274458749216452,0.768990513822508,0.33824724181375,0.209451978964849,0.16966744843346,0.18953765459217
CACAGATAGTGCAGGT-1,0.190103283838452,0.312156756390264,0.227066155552341,0.606389005912518,0.294339978099354,0.226992803764185,0.160322328462325,0.186329326251048
CACAGATCAAGTCGTT-1,0.291918096142111,0.472619612629105,0.361589276242827,0.623516422853988,0.258474725947556,0.190342743795553,0.121101689818991,0.151723311633851
CACAGATCACGATAGG-1,0.42892173480688,0.534669017108505,0.463426394715271,0.569955111350001,0.198836675340579,0.127283420979795,0.112369956100788,0.116937577379288
CACAGATCATCGGAAG-1,0.236987818383167,0.475388161909282,0.331971165437099,0.694306840797827,0.256072719565755,0.166482147799613,0.103313488483974,0.133092375893606
CACAGGCAGAGTTCGG-1,0.226094424480756,0.487004768684883,0.331464872944694,0.697546377674797,0.264150054751616,0.177818525694252,0.119189367971616,0.14641825419013
CACAGGCAGCCTCTCT-1,0.217856577847086,0.403756186860126,0.283559959496601,0.728924851460697,0.325059755796018,0.222610480671649,0.149930843706777,0.183527031164716
CACAGGCGTCCACTTC-1,0.151546997536556,0.250480258548602,0.187014803028111,0.510946148147072,0.247606824524014,0.198749884675708,0.122111973059114,0.155890144707589
CACAGGCTCTCTAAGG-1,0.138065857572265,0.278719461206409,0.193174695019046,0.466362566642939,0.213024997350728,0.144132300027678,0.16212640567683,0.160975544816753
CACATGAAGGTTGAGC-1,0.208341808484191,0.481026962279929,0.318271131684266,0.772970931330534,0.327520634883255,0.184714918350401,0.134860785374947,0.160795825179387
CACATGACATCGTGGC-1,0.151965104978869,0.283442945284426,0.201793721973094,0.465737902581461,0.229862591105512,0.161373281668051,0.15092909976547,0.163844402731738
CACATGAGTTTATGCG-1,0.20906502135738,0.466359301195561,0.314546265490139,0.613623487368712,0.275135701586031,0.201321616385275,0.142702507667328,0.166706604363859
CACATGATCCTAAACG-1,0.156654688453454,0.256017357108957,0.193271131684266,0.48626465418307,0.240589198036007,0.205300304456131,0.125659991580973,0.160549542713367
CACATGATCGTTCGCT-1,0.27262865279002,0.437905394716026,0.331097208158542,0.670438862820867,0.249255260276231,0.16944598210167,0.122087918696254,0.14264414180545
CACCAAACATGGCACC-1,0.313885687165232,0.492553167446381,0.384125319446454,0.70998155061958,0.296153257426792,0.240370421625611,0.180058933189007,0.206883927739393
CACCAAATCGAGCTGC-1,0.180712816688137,0.286505299794336,0.211919571821206,0.64722460304778,0.34577117356851,0.264657717501615,0.159456371399363,0.206970459416643
CACCAAATCGCCCAGA-1,0.2497796460777,0.429430243858341,0.313593953421091,0.718654212124294,0.307645209527959,0.198957468401144,0.159119610319322,0.177756033920417
CACCAAATCTCGTCGT-1,0.234580875539585,0.396546658530522,0.290045325232653,0.720019756816828,0.314592188769443,0.205669342190239,0.164243189608515,0.183760001065005
CACCGTTCACATTCTT-1,0.214217913078853,0.374443465093679,0.267641882443705,0.739050220085129,0.33012280846354,0.217317095673033,0.155234830717421,0.185803479904682
CACCGTTCAGAGCTAG-1,0.259746423486338,0.608176825547495,0.413164810260861,0.674753402966428,0.290265986883161,0.17153335178522,0.123699561007878,0.145805876166514
CACCGTTGTGGGTCAA-1,0.203787827423328,0.438007096526318,0.297030956169536,0.719642052965702,0.325118628501454,0.228019189962174,0.146178363100607,0.184339097674295
CACCGTTGTTGCTGAT-1,0.321660225552015,0.411236920017176,0.342217561116737,0.6651219547627,0.295364363173945,0.230671648676077,0.173239521318179,0.197425349787665
CACCGTTGTTGTGCCG-1,0.301048658666124,0.41188103148236,0.333930035199383,0.622107296947862,0.234784349279987,0.16592859119845,0.11303145107944,0.136633518377997
CACGAATAGCTTGTTG-1,0.167740185775307,0.31520781069903,0.222129803751386,0.60683934511963,0.305384497639204,0.224421072054618,0.124733898610861,0.170394185071289
CACGAATCAAGAGCTG-1,0.318586570840961,0.496994146495808,0.384402574858961,0.708572424713453,0.289771456157496,0.194136912999354,0.144229959708942,0.167285700973149
CACGAATTCATCCTGC-1,0.390105543878681,0.442188170949443,0.393636385553788,0.698897395296134,0.267070140941257,0.178602730879232,0.155258885080281,0.165774724762704
CACGGGTGTACATACC-1,0.315558116934481,0.471828598549054,0.371130478808043,0.615105248630823,0.260017190829987,0.192395516191531,0.122725359312045,0.152588628406353
CACGGGTTCGTGGAAG-1,0.241948606685199,0.41948606685199,0.307018178311394,0.60987550299984,0.247936511674457,0.186029615278162,0.126537975825365,0.151982906665602
CACGGGTTCTGTGCTC-1,0.259204013831446,0.426345288946143,0.318397704807368,0.683673024681494,0.264126505669442,0.179894362948611,0.125239040230922,0.149153986447808
CACGTGGAGCGAGGAG-1,0.17062173706692,0.296709381426989,0.214872944693572,0.59665586821041,0.284414039962792,0.219081557339238,0.12460159961513,0.165348722659318
CACGTGGAGCTACAAA-1,0.253271408231067,0.406875042375754,0.30659024060948,0.646367505847146,0.273357745881854,0.196743241996494,0.15113356184978,0.170740311780289
CACGTGGGTTAGTTCG-1,0.141761023346216,0.243519334644157,0.179378224600993,0.49670961837384,0.248289747907075,0.200779592213304,0.10951951410187,0.151184152721754
CACGTTCCAAAGTGTA-1,0.212364680091306,0.471613894727326,0.31498023048363,0.78775948980926,0.34259204747495,0.194632807454562,0.146623368813519,0.174867207156835
CACGTTCCACTTGAGT-1,0.206194770266911,0.315625918141343,0.237505424562419,0.721980911428447,0.337740936546998,0.270066426792139,0.181381923146311,0.222399723098633
CACGTTCCAGAAGCTG-1,0.181695934187629,0.323468257734988,0.233726312744105,0.541932391010648,0.256119817730104,0.200606605775441,0.104456070719827,0.146964069385093
CACGTTCCATGGCCCA-1,0.213065292562208,0.452008045743214,0.305366700419499,0.808649418190799,0.352765250974343,0.18677922317557,0.144133742257502,0.170687061517366
CACGTTCGTAGACGGT-1,0.225947521865889,0.486733563857437,0.330524615458797,0.728329241541613,0.308269260205583,0.213822769628194,0.163160743279812,0.185956574410586
CACGTTCTCAGAACCT-1,0.263079982823694,0.461579316111827,0.340306909687063,0.728111335473655,0.283283684018415,0.196339606974813,0.172289373985207,0.182987872252619
CACTAAGAGCTGGTGA-1,0.194216557054716,0.313896987366375,0.231297314238874,0.637593154844052,0.325142177583629,0.259560383799243,0.159456371399363,0.203422660649387
CACTAAGCACACCGCA-1,0.207980202047596,0.30422401518747,0.234051786489223,0.598544387466043,0.280669735897043,0.219012362764093,0.160911660352396,0.184292503694237
CACTAAGCAGGCACAA-1,0.244050444097905,0.632833864442787,0.416015719176431,0.756366488952162,0.302499735072826,0.163310729772119,0.138721510613988,0.153786759322124
CACTAAGGTCAACACT-1,0.19028408705675,0.30709426627794,0.223244852692994,0.65607158940686,0.346936853136149,0.268451886705416,0.172493836069517,0.215117749643889
CACTAAGTCCACTGAA-1,0.240129274301083,0.436142563337627,0.313419161965379,0.66929122419629,0.275253446996903,0.198173263216164,0.151374105478381,0.169761838199076
CACTGAACAATCGAAA-1,0.479377132912966,0.416536714353515,0.42967356188823,0.561878059764371,0.210104911161088,0.161281022234523,0.128017319141259,0.140554068985716
CACTGAACATCCGTTC-1,0.309456008316948,0.424209550930007,0.343531510680361,0.590598079521188,0.227484133805885,0.160646738629025,0.133297251789043,0.143576021406606
CACTGAATCGGTTAGT-1,0.221529143218749,0.42283092639049,0.299918028834563,0.732905268968723,0.321762884291585,0.247635852015869,0.171615851825125,0.205719078237949
CACTGGGAGCTAATCC-1,0.156914593079757,0.260356634348091,0.19439220791745,0.502665717564682,0.231522801398815,0.187240520343205,0.115436887365446,0.146804318596323
CACTGGGAGGTACCTT-1,0.160474156439985,0.248412321739327,0.187659723226771,0.60997719249822,0.354378363103298,0.265972414429375,0.155776053881773,0.205812266198064
CACTGGGAGGTCACCC-1,0.154066942391575,0.256751870183289,0.191830608997541,0.493121431788137,0.217840784655418,0.179052495617677,0.112887124902279,0.143016893645912
CACTGGGGTTGCTAGT-1,0.225597215630438,0.40471670395733,0.290852982303872,0.616005927045048,0.239046733153575,0.173551526893625,0.098887485717722,0.131847650997777
CACTGGGTCCTTATCA-1,0.176215336632992,0.298325310190521,0.216397849462366,0.606243735200546,0.303842032756773,0.23175569702002,0.157532022370557,0.188792150911245
CACTGTCAGACATAAC-1,0.178113770425114,0.318157163197505,0.229410771975505,0.567935848453593,0.260959154116968,0.201886705415629,0.126742437909676,0.159318130383269
CACTGTCAGCGGTATG-1,0.203957330440482,0.397145569191132,0.276086117942042,0.699304153289655,0.287722686008313,0.194402158870745,0.117974622647183,0.153607039684758
CACTGTCAGTAGATCA-1,0.202296200872376,0.329333062128506,0.241163990549207,0.631695163937998,0.318666179985635,0.257207768244303,0.164700222502856,0.206298174847238
CACTGTCCAGAGTCTT-1,0.260028928514928,0.403518882636111,0.306258739572786,0.596205529003298,0.275406516031038,0.212773318571824,0.145997955379157,0.172544164436812
CACTGTCCAGGTCCGT-1,0.15537776572423,0.245180464212263,0.187159458025941,0.451501372808228,0.207231923135796,0.18286972967986,0.117782187744302,0.147702916783152
CACTGTCCATAGTCGT-1,0.198736637512148,0.410796212172577,0.280335358503303,0.700466318985429,0.281729444594897,0.189270227880801,0.114390522581033,0.15001930322031
CACTGTCGTAGTGTGG-1,0.213121793567926,0.480687956245621,0.322170789334105,0.741824890683789,0.286380388324365,0.173609189039579,0.125804317758133,0.148148887735133
CACTGTCTCACGAACT-1,0.169243112527403,0.316258729405383,0.222196103958725,0.575794993971265,0.227166221196529,0.173159424301135,0.097372060857538,0.130636207516275
CACTGTCTCTGCTAGA-1,0.429000836214885,0.366318620471444,0.376542986643522,0.665165535976292,0.262795982526581,0.192095673032568,0.183210054723676,0.182202430874502
CACTTCGAGCCGTTAT-1,0.191866115216851,0.346125161027866,0.248667968561647,0.595842352223368,0.257061781017085,0.193052864655411,0.144254014071802,0.164430155623893
CACTTCGGTCGGTACC-1,0.15219110900174,0.276538522385698,0.198677612228169,0.55319087118846,0.248454591482297,0.186548574591752,0.124721871429431,0.152515409294833
CAGAGCCAGATCCCAT-1,0.192171220647728,0.30542183650869,0.229320362601861,0.679503755247905,0.349232888648165,0.269881907925085,0.190053520957364,0.22520867446783
CAGAGCCAGGGTTGCA-1,0.193866250819265,0.356702149298257,0.255852500120546,0.582070688728445,0.252363739123268,0.200387489620814,0.106200012027181,0.14734347750842
CAGAGCCGTCAAAGAT-1,0.417000022600402,0.495310416525414,0.436496455952553,0.516568124700379,0.19681145427357,0.142125657348464,0.1319983161946,0.130636207516275
CAGAGCCGTCAGGTAG-1,0.459161073067101,0.524408434470134,0.474179082887314,0.577843311010067,0.195316087555488,0.120871390349663,0.111323591316375,0.114880785973881
CAGATACCAGATCATC-1,0.245903677085452,0.387992406264832,0.290925309802787,0.639670526025248,0.277808522412839,0.202221145862164,0.150231523242528,0.171891848716003
CAGATCAAGATAGTCA-1,0.146168101792212,0.25205098650756,0.182560634553257,0.513502912677775,0.263431807745293,0.218551065596457,0.112141439653617,0.163092242767949
CAGATCAAGCTCACTA-1,0.397789680656316,0.448030374940674,0.404316746226915,0.584859886398303,0.208786162559314,0.160692868345788,0.117794214925732,0.135069291904629
CAGATCAAGCTGTCCG-1,0.239067055393586,0.420570886161774,0.303896041274893,0.653049958597847,0.302935393093054,0.230279546083587,0.146070118467737,0.182382150511868
CAGATCAAGGAGAGGC-1,0.335276967930029,0.531290256966574,0.411519359660543,0.663335125005448,0.249714467378634,0.162734108312575,0.118768416621565,0.139509032575848
CAGATCAAGGTCCCTG-1,0.17384229439284,0.32587520057857,0.229217898645065,0.603440010459491,0.293857221914776,0.225401328535843,0.122280353599134,0.168557051000439
CAGATCACATTAAGCC-1,0.409745293466224,0.4716590955319,0.419698394329524,0.565684152418031,0.193702975426533,0.148825998708368,0.13590715015936,0.13979525273906
CAGATCACATTACGGT-1,0.250254254525731,0.504994688905463,0.35498336467525,0.672545288144457,0.299391256225789,0.200998708367931,0.131661555114559,0.163917621843258
CAGATTGAGCGTGTCC-1,0.219303003593464,0.560772481750175,0.36665822845846,0.759678661185119,0.30106324106018,0.165005996863179,0.122641169042035,0.143695834498183
CAGATTGCACTCATAG-1,0.233044048184058,0.391732772843357,0.288731375669029,0.696180832982262,0.308222162041234,0.214710766675893,0.162836009381202,0.185211070729662
CAGATTGCATAACAGA-1,0.252887201392185,0.413598662056185,0.311412073870486,0.695875764487122,0.305572890296601,0.22276040225113,0.146058091286307,0.180358640520788
CAGATTGGTCTACATG-1,0.201911994033494,0.310732931046173,0.233177829210666,0.627569475718,0.331418007983139,0.254059415075191,0.163798183895604,0.20204481009625
CAGATTGTCGAGGCAA-1,0.360589418491649,0.506814021289579,0.412025652152949,0.550416200589799,0.188863639039668,0.134825629670634,0.122629141860605,0.12535111892115
CAGATTGTCGCGTGCA-1,0.182147942233372,0.324507876240197,0.231050195284247,0.642459723695106,0.334114377892122,0.276293938555217,0.161609236875338,0.213932931293848
CAGCAATAGGTGCAGT-1,0.238174339503243,0.4596017809117,0.325775109696707,0.757267167366387,0.309670430594968,0.213142356305932,0.168813518551927,0.194143802335024
CAGCAATCACGAGGTA-1,0.180113906027527,0.301252062286709,0.216602777375958,0.697924081525924,0.366094031485123,0.282821293477258,0.171688014913705,0.223285008719731
CAGCAATCACGCAGTC-1,0.226320428503627,0.380059665062038,0.276188581898838,0.718901172334646,0.350316146428193,0.250991788910416,0.166504299717361,0.205053449951409
CAGCAATGTACGATCT-1,0.16118606911203,0.297274391484168,0.210002893099957,0.611851184682656,0.266693355626464,0.185695174831627,0.136592699500872,0.158219843710478
CAGCAATGTACTAACC-1,0.39401541347436,0.474269441996068,0.412815227349438,0.589842671818935,0.226212483368461,0.166159239782268,0.143207649287389,0.150325492232118
CAGCAATGTATGCTTG-1,0.231507220828531,0.30406581237146,0.244328318626742,0.570536194197888,0.287616715138527,0.242250207583725,0.150435985326839,0.188532555879495
CAGCAATGTCAATCTG-1,0.45442628878794,0.431735484891631,0.422808476782873,0.618010662870259,0.213354684501172,0.162099824707076,0.153142101148596,0.153733509059201
CAGCAATGTGTATCCA-1,0.17766176237937,0.345763554591272,0.241037417426105,0.663596612286997,0.283990156483651,0.209751822123812,0.121991701244813,0.161461453465926
CAGCAATGTTACACAC-1,0.1881709494429,0.291974597147829,0.216934278412653,0.659151328500661,0.310565295717599,0.244625887997048,0.165229418485778,0.199914799579323
CAGCAATGTTCAACGT-1,0.224388094108075,0.351989965421384,0.26227156564926,0.652512456963552,0.280763932225741,0.193975458990682,0.13578687834506,0.161567953991773
CAGCAATGTTTGTGGT-1,0.464596469817163,0.413112753407011,0.41843266309851,0.64572831471447,0.229756620235726,0.178118368853215,0.174490348186902,0.170327622242635
CAGCAATTCCAACCAA-1,0.198262029064117,0.315851922164215,0.231942234437533,0.645568516931301,0.345971340766994,0.261613156195221,0.170870166576463,0.210385132526592
CAGCACGAGGATGGCT-1,0.250254254525731,0.447623567699505,0.322773518491731,0.68991966529628,0.304148170825042,0.232193929329274,0.161440856335318,0.191101881065538
CAGCACGCAATTGTGC-1,0.194137455646711,0.394975930571564,0.267322435990163,0.760869881023287,0.343828374289112,0.222079988928868,0.157363641830537,0.190789035770864
CAGCACGGTCGAACAG-1,0.267238456844532,0.453183266662147,0.334134963112976,0.734546828014004,0.310294481272592,0.196858566288403,0.160081784833724,0.179513292596882
CAGCAGCAGCGCTGCT-1,0.357165457545144,0.475071756277262,0.393708713052703,0.597963304618156,0.225847472594756,0.165421164314051,0.129677070178604,0.144980497091204
CAGCAGCAGGGAGGGT-1,0.258853707595995,0.41200533369494,0.30958580452288,0.65437192207679,0.293456887517809,0.213419134606514,0.126838655361116,0.165674880519723
CAGCAGCAGGGTTTCT-1,0.197968223834384,0.439295319456686,0.29377019142678,0.731249182852245,0.296906828056377,0.191023157117815,0.141138974081424,0.162792710039006
CAGCAGCAGTCACGAG-1,0.231145614391936,0.513605442176871,0.346647620425286,0.769397271816029,0.322375160428122,0.181416643601808,0.14710445607072,0.168051173502669
CAGCAGCCAAGTGGAC-1,0.215257531584062,0.490677334056546,0.327125223009788,0.622877231721313,0.239859176488596,0.158617031091429,0.0881832942449937,0.118754742601542
CAGCAGCCAGGCTACC-1,0.21805998146767,0.462833638438764,0.313919427166209,0.768888824324128,0.316782253411673,0.174854691392195,0.139358951229779,0.15959103798075
CAGCAGCGTAGCACAG-1,0.378556738309942,0.357007254729134,0.349450311008245,0.598994726673155,0.254895265457029,0.195843712519605,0.135209573636418,0.165901194137146
CAGCAGCTCGCTCATC-1,0.187131330937691,0.362499152484914,0.254689232846328,0.607376846753926,0.23821074073638,0.183434818710213,0.116314871609838,0.146165315441245
CAGCAGCTCGGTTGTA-1,0.18056591407327,0.317908558772346,0.228096822411881,0.586254485233232,0.297954762213143,0.23422363686687,0.127897047326959,0.175266584128759
CAGCAGCTCTGTGCGG-1,0.288426333988745,0.415474495446019,0.328740537152225,0.553786481107544,0.223056906357075,0.174970015684104,0.122268326417704,0.143942116964203
CAGCCAGAGGTACAGC-1,0.393303500802314,0.37738151739101,0.363475818506196,0.70684370324099,0.289488867171402,0.195486207214688,0.183727223525167,0.187128080194896
CAGCCAGGTGACTGTT-1,0.205539358600583,0.446222342757701,0.300225420704952,0.778781759809405,0.354766922959178,0.228307500691946,0.141511816705755,0.183613562841967
CAGCCAGGTGCTAGCC-1,0.248242818722173,0.426684294980451,0.31237041323111,0.680564231445298,0.26052349609674,0.172248362395055,0.121510613987612,0.144101867752972
CAGCCAGGTGGCTGCT-1,0.212771487332475,0.369731281216806,0.265695067264574,0.721457936865349,0.31447444335857,0.203247532060153,0.157628239821998,0.178621350692919
CAGCCAGGTGGGTTGA-1,0.216421452301851,0.532137772052343,0.351059597859106,0.746865784389209,0.290430830458383,0.169791954977396,0.127367851344038,0.149573332268328
CAGCCAGGTTCTCACC-1,0.238863651773002,0.309433407914661,0.259830512560876,0.38652178334326,0.179232064430289,0.135967340160531,0.129340309098563,0.130256799392947
CAGCGTGAGTATGACA-1,0.183198860939725,0.393077496779443,0.263706061044409,0.758211426994204,0.31223728055199,0.184622658916874,0.117349209212821,0.151929656402678
CAGCGTGCAACACGTT-1,0.18283725450313,0.298879020046557,0.222521577703843,0.523991458082136,0.230910525262278,0.190481132945844,0.121751157616213,0.151403810056312
CAGCGTGGTACGTGAG-1,0.194532962686736,0.391970077067372,0.269468151791311,0.661141537254674,0.31692354790472,0.235584463511394,0.137145949846653,0.181929523277021
CAGCGTGGTCACCTTC-1,0.203900829434764,0.486304156213981,0.319301798543806,0.768525647544199,0.343804825206938,0.223440815573392,0.147549461783631,0.183766657347871
CAGCGTGGTTGAGGAC-1,0.146428006418514,0.245383867832847,0.179649452721925,0.527027615962346,0.273122255060109,0.221111264876834,0.116735822959889,0.167132606467244
CAGCGTGTCGACTCCT-1,0.30788528035799,0.578344294528443,0.421144944307826,0.598602495750832,0.22032521282483,0.138112371990036,0.103734439834025,0.117376892048404
CAGGCCAAGAGGATGA-1,0.509898976201776,0.460110289963161,0.467139206326245,0.469921699086247,0.169329675375902,0.108531691115417,0.123014011666366,0.109682229056006
CAGGCCAAGTGGTTAA-1,0.472167604583362,0.38470404773205,0.408487631997686,0.633554629051237,0.229874365646599,0.177876187840207,0.176847675747189,0.171698816512907
CAGGCCACAGCCTTCT-1,0.198024724840102,0.351933464415667,0.250506292492406,0.626363728808635,0.298413969315546,0.221341913460651,0.154958205544531,0.181763116205386
CAGGCCAGTTGCGAAG-1,0.19060049268877,0.307625375731688,0.227765321375187,0.550459781803391,0.263820367601173,0.210328443583356,0.132419267544651,0.164057403783431
CAGGGCTAGCTCACTA-1,0.221472642213031,0.336034081406649,0.257015767394764,0.521652599619391,0.234066102273664,0.190342743795553,0.113452402429491,0.145719344489263
CAGGGCTGTAGTCTTG-1,0.23573349605623,0.414254073722512,0.298983798640243,0.703371733224865,0.317900834814963,0.237002952301873,0.151855192735582,0.189331309823342
CAGGGCTTCCTGTACC-1,0.149354758514702,0.274832192013018,0.19395824292396,0.579557505411334,0.263113895135937,0.191841959590368,0.123014011666366,0.154612138397433
CAGGGCTTCGAGAAAT-1,0.208545212104775,0.490541731642823,0.324129659096388,0.765402327236806,0.309752852382578,0.171302703201402,0.130831679595887,0.152442190183314
CAGGGCTTCTTAATCC-1,0.423960946504848,0.451250932266594,0.416491875210955,0.698258204163459,0.255519316134654,0.160127779315435,0.148379337302303,0.155018171652223
CAGGTATAGACTCCGC-1,0.453465771690736,0.532714082310665,0.474600993297652,0.544532736754943,0.186779545267223,0.112948611495525,0.122039809970533,0.114940692519669
CAGGTATAGATACCAA-1,0.457240038872692,0.411203019413746,0.415780654804957,0.579513924197743,0.218382413545432,0.169988006273641,0.154044139755848,0.157960248678728
CAGGTATCACGAGGTA-1,0.3700928876534,0.644653874838972,0.488885674333382,0.671542920231852,0.219065336928493,0.135413783559369,0.121125744181851,0.12660915638271
CAGTGCGAGACCAAGC-1,0.391890975659367,0.474314642800642,0.411808669656203,0.6136815956535,0.229167893181363,0.15497278346711,0.137085813939503,0.145027091071262
CAGTGCGCAGGTCCCA-1,0.202533505096391,0.464167062173707,0.310206615555234,0.724682946671122,0.286262642913492,0.174647107666759,0.0940285044199892,0.132067308332335
CAGTGCGGTTCTCACC-1,0.222274956494226,0.509989377810925,0.340632383432181,0.80118250359545,0.348043659998352,0.183815388873512,0.143003187203079,0.168829958597921
CAGTGCGTCGGATACT-1,0.320326801817072,0.478778222252356,0.377615844544096,0.649766840507285,0.250055929070164,0.173516929606052,0.112935233627999,0.141193072140794
CAGTTAGAGACAACAT-1,0.180645015481276,0.298743417632834,0.217729880900718,0.611793076397867,0.318242296506494,0.251660669803487,0.146611341632089,0.193944113849062
CAGTTAGAGGACAGCT-1,0.193391642371234,0.351843062806518,0.246492116302618,0.730653572933161,0.357639910984469,0.261255650890304,0.167201876240303,0.210212069172092
CAGTTAGGTTAATGAG-1,0.153501932334396,0.249870047686849,0.188816963209412,0.477824425817511,0.23313591352777,0.199487960143925,0.134066991400565,0.162293488824101
CAGTTAGTCAGAATAG-1,0.203268018170723,0.31246186182114,0.234292878152273,0.645931693711231,0.331253164407917,0.255466371436479,0.16222262312827,0.202104716642038
CAGTTAGTCCCGTTGT-1,0.170248830429182,0.281872217325468,0.20872510728579,0.519981986431715,0.254377185649189,0.203974075099179,0.119971134764568,0.155770331616012
CAGTTCCTCAAAGGTA-1,0.148733247451805,0.255757452482654,0.188774772168378,0.50812789633482,0.22686008312826,0.181751084048344,0.11307955980516,0.144940559394012
CAGTTCCTCTGTCGTC-1,0.230478902524465,0.461568015910683,0.320597666232702,0.699609221784796,0.262007088273735,0.171152781621921,0.105273919057069,0.136700081206651
CATAAGCAGTGCCCGT-1,0.211697968223834,0.275679707098786,0.224317710593568,0.511149527143833,0.250939019651709,0.224017437032937,0.123988213362199,0.167272388407418
CATAAGCAGTTGTCAC-1,0.243474133839582,0.422424119149321,0.309453204108202,0.673939886979386,0.283672243874295,0.202278808008119,0.158169462986349,0.176764247773473
CATAAGCCACAGTCCG-1,0.20202499604493,0.388919022758605,0.267949274314094,0.740749887415198,0.357745881854255,0.252721653289049,0.164363461422816,0.205805609915199
CATAAGCCAGGAAGTC-1,0.222975568965128,0.466653106425294,0.320555475191668,0.733021485538301,0.28640393740654,0.175108404834394,0.129580852727163,0.15195628153414
CATAAGCGTCCCGTGA-1,0.19656699889258,0.37833073428707,0.263037031679445,0.701149091331697,0.323411320043801,0.237371990035981,0.159155691863612,0.193498142897081
CATACAGAGACGAAGA-1,0.191775713607702,0.413056252401293,0.279437292058441,0.704388628208667,0.32767370391739,0.230210351508442,0.142077094232966,0.182588495280695
CATACAGAGATTGAGT-1,0.197674418604651,0.420356182340046,0.282782438883263,0.789735171492076,0.33356097446102,0.190965494971861,0.136292019965121,0.166839730021167
CATACAGAGCATCCCG-1,0.17412479942143,0.296099170565236,0.216150730507739,0.545055711318041,0.271438495684631,0.217386290248178,0.133417523603344,0.16790473527963
CATACAGAGCGAACTG-1,0.170316631636043,0.293748728727371,0.214173778870727,0.522146520040095,0.266634482921028,0.21010932742873,0.115557159179746,0.157021712794707
CATACAGTCACTGGGC-1,0.216251949284697,0.488586796844984,0.326233183856502,0.807879483417348,0.356073897019864,0.188462957837439,0.148403391665163,0.174041828081526
CATACCCAGAATCGAT-1,0.198465432684702,0.380240468280335,0.26737668161435,0.657379025814605,0.272698371580968,0.190054433065781,0.152179926634193,0.16832408110015
CATACCCAGAGAGGTA-1,0.318450968427238,0.382658711325062,0.326643039683688,0.569838894780423,0.258804413098,0.211562413506781,0.150448012508269,0.176478027610261
CATACCCGTCGGCCTA-1,0.257158677424458,0.458008452550455,0.331922947104489,0.76399320133068,0.320032026751757,0.204873604576068,0.170533405496422,0.189071714791592
CATACCCTCCTCTTTC-1,0.216048545664113,0.325445792935114,0.248770432518444,0.543515841771141,0.243897844081527,0.194321431866408,0.134283480666306,0.159244911271749
CATACCCTCGCTGCGA-1,0.233676859448098,0.539675006215111,0.363596364337721,0.789575373708907,0.329145521553297,0.179433065780976,0.157267424379097,0.174567674427892
CATACCCTCTAGTGTG-1,0.332621420661288,0.47285691685312,0.380189498047158,0.617792756802301,0.237127482956352,0.176157855890765,0.153202237055746,0.162027237509485
CATACTTAGTCGAAAT-1,0.169231812326259,0.298234908581373,0.217265779449347,0.532431686447695,0.242108113836263,0.19994925731156,0.131793854110289,0.161794267609196
CATACTTCATGGGCAA-1,0.148066535584333,0.247982914095871,0.18350691933073,0.547568894635153,0.273981796559479,0.214053418212012,0.127885020145529,0.167352263801803
CATACTTGTTGGTACT-1,0.220670327931837,0.385947069857843,0.279895366218236,0.599110943242733,0.263396484122031,0.197931082203155,0.141932768055806,0.163212055859526
CATACTTTCACCGGTG-1,0.354137003638665,0.493728388365313,0.401875693138531,0.543908072693464,0.18657937806874,0.138746655595535,0.123988213362199,0.127168284143403
CATAGACAGAGTTGCG-1,0.216511853911,0.48260899044003,0.324913207001302,0.646338451704752,0.247065195634,0.164867607712889,0.0922605087497745,0.124046487479532
CATAGACAGGAAAGAC-1,0.191820914412277,0.330044974800551,0.237421042480351,0.634251928468701,0.293904320079125,0.213130823876741,0.150568284322569,0.176544590438915
CATAGACGTGCAGATG-1,0.244039143896761,0.472766515243971,0.333122378128164,0.697096038467685,0.290419055917296,0.208021957745179,0.127271633892597,0.16353821371993
CATAGACGTGTGTGTT-1,0.222659163333107,0.606097588537076,0.39144245142003,0.742638406670831,0.31632304630927,0.21272718885506,0.151458295748391,0.179945950983133
CATAGACTCTCATGGA-1,0.245259565620268,0.359244694555563,0.276327209605092,0.666545607740024,0.292361855196694,0.224386474767045,0.171675987732275,0.191328194682961
CATCAAGCAAATGAGT-1,0.212918389947341,0.336632992067259,0.249071797097256,0.676961517788399,0.320820921004604,0.237983208783098,0.156990799206206,0.19239985622429
CATCAAGCACGTATAC-1,0.268718783194341,0.424605057970032,0.320880948936786,0.63240699042666,0.286427486488714,0.209924808561675,0.158758794876421,0.179034040230574
CATCAAGCAGAATTCC-1,0.183255361945443,0.305941645761295,0.223039924779401,0.601580545346253,0.279668899904626,0.216152320324753,0.152600877984244,0.179373510656709
CATCAAGCAGACCAAG-1,0.177560060569078,0.293534024905643,0.214469116157963,0.571988901317605,0.301239859176489,0.234050650429006,0.160081784833724,0.188858713739899
CATCAAGCAGTAGAAT-1,0.421960810902434,0.449476800687052,0.415232171271517,0.577872365152462,0.215992181704718,0.148433896115878,0.137879607913885,0.142897080554335
CATCAAGGTCCAACGC-1,0.203109815354713,0.375505684001175,0.267364627031197,0.637113761494545,0.271532692013329,0.205404096318849,0.160165975103734,0.179193791019343
CATCAAGGTTCGTACA-1,0.166022555201483,0.28575948651886,0.206742128357201,0.538445893923326,0.275194574291467,0.216855798505397,0.144626856696133,0.173669076241064
CATCCACAGAACTGAT-1,0.209539629805411,0.385901869053269,0.27104730218429,0.778476691314264,0.364528017520517,0.231444321431866,0.161416801972458,0.196160656043239
CATCCACAGTTATGGA-1,0.352939182317445,0.463195244875359,0.386656781908482,0.726368086929994,0.298837852794687,0.193698680690101,0.165024956401467,0.180458484763769
CATCCACCACGTCGTG-1,0.171265848532104,0.251180871019504,0.19851487535561,0.39583363598065,0.19358523001566,0.174231940215887,0.112093330927897,0.139169562149713
CATCCACCATTCGGGC-1,0.188137048839469,0.408558772346148,0.272608370702541,0.780481427139474,0.336728326013494,0.195290155918443,0.129677070178604,0.164077372632027
CATCCACGTGTTCCTC-1,0.176260537437566,0.280290189165367,0.20891798061623,0.494196435056728,0.248489915105559,0.211850724236553,0.132876300438992,0.166007694662992
CATCCACTCTTTCTAG-1,0.150292675209619,0.262356769950505,0.191149525049424,0.522291790752066,0.256072719565755,0.199372635852016,0.115064044741115,0.153380726067335
CATCCCAAGACTACCT-1,0.195900287025109,0.346554568671322,0.245340903611553,0.727181602917036,0.330275877497675,0.221607159332042,0.159829214023694,0.190090126069997
CATCCCATCGAGAAGC-1,0.181300427147603,0.327423328135241,0.232743864217175,0.610790708485262,0.303877356380035,0.228630408709291,0.123747669733598,0.171399283783964
CATCCCATCGGTCACG-1,0.27827875336181,0.457669446516148,0.34398355754858,0.752051948806601,0.296859729892027,0.200399022050005,0.181466113416321,0.190862254882383
CATCCGTAGTATTAGG-1,0.238242140710105,0.398106086288336,0.292817879357732,0.659049639002281,0.277561257050006,0.198288587508073,0.154200493114439,0.172104849767696
CATCCGTCACAGGATG-1,0.446956855832034,0.455985716545755,0.431825304980954,0.55499222801691,0.209268918743892,0.13817003413599,0.133754284683384,0.136786612883901
CATCCGTCAGGAATCG-1,0.172949578502497,0.29658507921441,0.210123438931482,0.704243357496695,0.352977192713914,0.269339883753114,0.174791027722653,0.219510896335051
CATCCGTCAGGGCTTC-1,0.225732818044161,0.384896151151491,0.27988933892666,0.673242587561922,0.31684112611711,0.249434910969647,0.164808467135727,0.19928245270711
CATCCGTTCATTGCCC-1,0.213585101814812,0.474924853662395,0.319796036453059,0.681232476720368,0.260923830493706,0.172167635390719,0.0934391725299176,0.12854613469654
CATCCGTTCCCAACTC-1,0.28345424548557,0.529922932628201,0.384734075895656,0.705957551897962,0.276631068304113,0.196454931266722,0.158939202597871,0.176398152215877
CATCCGTTCGATACGT-1,0.227789454652293,0.318688272651253,0.250470128742948,0.569620988712466,0.287169282577212,0.239217178706523,0.155246857898851,0.18895855798288
CATCCGTTCTAGTACG-1,0.231077813185075,0.531414559179153,0.35817180191909,0.739791100716185,0.290254212342074,0.171152781621921,0.139900174394131,0.15782712302142
CATCGCTAGATTAGCA-1,0.432684701787692,0.546353425090967,0.471713920632625,0.487455874021239,0.171943623497274,0.119291447550512,0.123206446569246,0.118075801749271
CATCGCTAGGTGCGAT-1,0.252186588921283,0.523120211539765,0.363156372052654,0.708427154001482,0.289300474514006,0.188070855244949,0.122977930122076,0.152748379195122
CATCGCTCAGCTGGTC-1,0.221077135173006,0.496700341266075,0.335141520806211,0.753199587431178,0.302005204347161,0.178821847033859,0.148271092669433,0.166713260646724
CATCGCTCAGGCTACC-1,0.186136913237056,0.317490451330034,0.231556487776653,0.579179801560207,0.25518962898421,0.193629486114955,0.125347284863792,0.156156396022205
CATCGCTCATCCGTGG-1,0.228614369335774,0.390806156349583,0.285398283427359,0.716852855295844,0.36399816317159,0.24687471168927,0.16979974742919,0.203589067721022
CATCGCTGTGCGTCGT-1,0.227891156462585,0.391845774854792,0.284668981146632,0.609134622368784,0.28145863014989,0.211089583909955,0.122292380780564,0.160815794027983
CATCGGGAGACTCAAA-1,0.19823942866183,0.428887834203449,0.29019600752206,0.695570695991981,0.272498204382484,0.183873051019467,0.120187624030308,0.149992678088848
CATCGGGAGCTCTTCC-1,0.455262503672565,0.431328677650462,0.424236944886446,0.578235541932391,0.215309258321657,0.151628379001753,0.137242167298094,0.143456208315029
CATCGGGAGGCTGAAC-1,0.174859312495762,0.325095486699663,0.228928588649404,0.611226520621178,0.285038090640417,0.221226589168742,0.148812315833784,0.179499980031151
CATCGGGAGTTCGCAT-1,0.214263113883427,0.445894636924537,0.305541491875211,0.629951915394337,0.253034887965242,0.18756342836055,0.118912742798725,0.149872864997271
CATCGGGGTTCTCACC-1,0.130709426627794,0.25129387303094,0.173525724480447,0.480570042273777,0.194338800645245,0.154361564719993,0.12830597149558,0.15824646884194
CATCGGGGTTGGTAGG-1,0.532182972856917,0.436515469975366,0.466307440088722,0.450934817031538,0.155682982255767,0.105648583817695,0.120476276384629,0.107705313044983
CATCGGGTCCCTCTTT-1,0.42437905394716,0.451736840915768,0.4175466512368,0.592297746851257,0.222821415535329,0.150625057662146,0.137194058572374,0.144208368278818
CATCGTCAGACTACCT-1,0.207788098628156,0.305783442945284,0.237981580596943,0.475703473422723,0.22170283413204,0.122532060153151,0.180792591256239,0.158119999467497
CATCGTCAGGGTTGCA-1,0.166451962844939,0.254785635184306,0.192819084816047,0.572831471447042,0.300498063087991,0.250242181013009,0.145697275843406,0.193285141845388
CATCGTCAGTAGTCCT-1,0.257011774809592,0.609058241236694,0.41038020155263,0.749233696994349,0.299438354390138,0.171475689639266,0.145360514763365,0.159817351598174
CATCGTCCAAAGTATG-1,0.195052771939341,0.393292200601171,0.267804619316264,0.779842236006799,0.342156389454721,0.217640003690377,0.150171387335378,0.185317571255508
CATCGTCCAACGACAG-1,0.274866092616449,0.437261283250842,0.333242923959689,0.671513866089458,0.252293091876744,0.18365393486484,0.176510914667148,0.179187134736478
CATCGTCCACCCATAA-1,0.385302958392659,0.427791714692522,0.386921982737837,0.628223193921873,0.264515065525321,0.194436756158317,0.140609778098503,0.163504932305603
CATCGTCGTATCGTGT-1,0.463195244875359,0.441928266323141,0.432789671633155,0.623240408501242,0.206925785067527,0.157532982747486,0.151494377292681,0.14918061157927
CATCGTCTCCATCACC-1,0.397778380455172,0.478495717223767,0.417004194994937,0.590263956883653,0.22527052008148,0.156172156102962,0.137097841120933,0.146984038233689
CATGAGTAGAAGGTAG-1,0.219540307817479,0.364894795127353,0.270028689907903,0.569490245071691,0.250986117816058,0.201852108128056,0.139070298875459,0.163704620791565
CATGAGTCAGAATGTA-1,0.382489208307908,0.39297579496915,0.365157432855972,0.677063207286779,0.270696699596133,0.207018636405572,0.171760178002285,0.184864944020661
CATGCAAAGACGACGT-1,0.179243790539472,0.288290731575022,0.215276773229182,0.546334093583393,0.269966678048723,0.211366362210536,0.129111792651392,0.163178774445199
CATGCAACAACATACC-1,0.233383054218365,0.499694894569123,0.343218091518395,0.716184610020774,0.283860636531691,0.189489344035428,0.154392928017319,0.171738754210099
CATGCAACAGAGTGAC-1,0.174802811490045,0.269871403710986,0.203601909445971,0.534697909554455,0.245699348867878,0.189374019743519,0.132539539358951,0.156688898651437
CATGCAAGTAGCTCGC-1,0.17141275114697,0.329050557099916,0.230067746757317,0.633787062190392,0.312708262195481,0.223982839745364,0.128943412111372,0.172317850819388
CATGCAAGTTCCTAAG-1,0.17077993988293,0.275340701064479,0.20333068132504,0.588564289553583,0.292138138916036,0.227650152228065,0.149594082626736,0.182295618834618
CATGCAATCCCTAGGG-1,0.184091576830068,0.292121499762696,0.216669077583297,0.611749495184276,0.289606612582275,0.217478549681705,0.154404955198749,0.179759575062902
CATGCCTAGACCAAGC-1,0.209957737247723,0.314337695210975,0.24106152659241,0.52942458270988,0.24053032533057,0.200087646461851,0.119550183414517,0.153533820573239
CATGCCTAGCATCAGG-1,0.19457816349131,0.319773091961037,0.233045228795988,0.663727355927771,0.335939431760647,0.259571916228434,0.168597029286187,0.209047219670647
CATGCCTCACCCTTGT-1,0.203595724003887,0.329920672587972,0.241597955542697,0.700684225053387,0.321598040716363,0.224859304363871,0.165325635937218,0.19180744704927
CATGCCTCAGAACGCA-1,0.21408231066513,0.442086469139151,0.301129514441391,0.793526737074538,0.34332206902236,0.185118553372082,0.152324252811354,0.173502669169429
CATGCCTGTGAGTTTC-1,0.208703414920786,0.323084050896106,0.249891508751627,0.48158693725758,0.181916659798184,0.120248639173355,0.171507607192254,0.14918061157927
CATGCCTTCCTGTTGC-1,0.439137116640676,0.510780391890976,0.456802401272964,0.652788471316298,0.234631280245852,0.163518313497555,0.142101148595827,0.151477029167832
CATGCCTTCGTCGCTT-1,0.14423576739666,0.255847854091803,0.184664159313371,0.506268431221581,0.237975249914635,0.192499308054249,0.124782007336581,0.154871733429184
CATGCGGAGCAAATCA-1,0.402716568354917,0.393224399394309,0.379273349727566,0.642358034196726,0.270849768630268,0.204412307408433,0.168404594383306,0.186276075988125
CATGCGGAGGCAGGTT-1,0.215008927158903,0.460415395394038,0.310315106803607,0.761450963871174,0.351587796865617,0.22119199188117,0.155547537434602,0.188412742787918
CATGCGGAGGTGGTTG-1,0.206590277306936,0.324677379257351,0.240959062635614,0.654255705507213,0.30708003155577,0.220073346249654,0.143123459017379,0.179613136839863
CATGCGGAGTTCCGGC-1,0.184317580852939,0.345040341718083,0.239952504942379,0.742420500602873,0.349221114107078,0.247532060153151,0.156172950868964,0.198796544057936
CATGCGGGTGAGAGGG-1,0.188679458494361,0.350792144100165,0.247950720864073,0.606389005912518,0.252775848061322,0.192787618784021,0.106115821757171,0.144248305976011
CATGCGGTCCGATGTA-1,0.176317038443284,0.309489908920379,0.222298567915521,0.610267733922164,0.271167681239624,0.205369499031276,0.136279992783691,0.166307227391935
CATGCTCCATTGAGGG-1,0.266323140551902,0.507853639794788,0.366953565745696,0.628789749698563,0.303665414640464,0.246067441645908,0.160021648926574,0.198130915771397
CATGCTCGTAAGATCA-1,0.180780617894999,0.293692227721653,0.217657553401803,0.55282769440853,0.26172449928764,0.201805978411293,0.125587828492393,0.158585939268075
CATGCTCGTCGCATCG-1,0.203290618573011,0.409474088638778,0.282173682434061,0.672559815215654,0.296341650084188,0.21740935510656,0.146635395994949,0.177729408788956
CATGCTCTCCGAGTGC-1,0.173175582525369,0.29431373878455,0.216409904045518,0.520127257143687,0.233877709616268,0.199338038564443,0.111708461122136,0.149812958451482
CATGCTCTCTACTATC-1,0.171446651750401,0.331039392501187,0.231231014031535,0.619782965556314,0.306314686385098,0.221019005443307,0.125936616753864,0.169262616984171
CATGGATAGCCTAACT-1,0.294991750853165,0.424198250728863,0.337088335985342,0.585963943809289,0.233936582321704,0.172248362395055,0.124204702627939,0.144068586338645
CATGGATAGTCAACAA-1,0.155920175379122,0.250875765588627,0.189570374656444,0.477170707613638,0.22290383732294,0.183550143002122,0.110217090624812,0.14348283344649
CATGGATCATTGTAGC-1,0.313637082740073,0.448956991434448,0.358641930662038,0.640672893937853,0.276407352023455,0.200998708367931,0.13217872391605,0.16126842126283
CATGGATGTGCCAAGA-1,0.186871426311388,0.326858318078062,0.234051786489223,0.636663422287433,0.278326602220678,0.204919734292831,0.140898430452823,0.169468961752999
CATGGTAAGCTAATGA-1,0.229574886432979,0.440877347616788,0.311381937412604,0.742740096169211,0.284990992476068,0.175477442568503,0.111564134944976,0.143249863546201
CATGGTAAGGTCCTGC-1,0.280651795601962,0.400840734965082,0.318048121895945,0.593285587692665,0.246217428675717,0.183665467294031,0.141175055625714,0.159011941371461
CATGGTACAGTATTCG-1,0.218963997559157,0.341458177955568,0.254116640146584,0.66929122419629,0.314168305290301,0.246505673955162,0.174550484094053,0.202876845454424
CATGGTAGTATCAGGG-1,0.254887336994598,0.444527312586164,0.326094556150248,0.625797173031945,0.249184613029707,0.174105083494787,0.0998977689578447,0.130789302022179
CATGGTAGTGAATAAC-1,0.364228083259882,0.445092322643343,0.384028882781233,0.620509319116173,0.232370568357098,0.170645354737522,0.11712069276565,0.140860257997524
CATGGTATCGCTCTCA-1,0.143659457138337,0.240739485162836,0.178811659192825,0.495213330040531,0.228532067962651,0.186444782729034,0.119045041794455,0.150218991706272
CATGGTATCTGGAGAG-1,0.180938820711009,0.343955522408299,0.241206181590241,0.638508360329474,0.328497921793498,0.244683550143002,0.141126946899994,0.188632400122476
CATTCATAGTCATGAA-1,0.24536126743056,0.432526498971682,0.314654756738512,0.623821491349129,0.27096751404114,0.197319863456038,0.120464249203199,0.153007974226873
CATTCATAGTTGAAAC-1,0.220410423305535,0.433396614459737,0.300761849655239,0.722111655069221,0.337882231040045,0.241731248270136,0.170894220939323,0.202703782099924
CATTCATCATGTCTAG-1,0.251214771622935,0.421452301850973,0.31212932156806,0.577945000508447,0.239470616632717,0.182789002675524,0.141102892537134,0.157560871706804
CATTCATTCTCAGGCG-1,0.401360544217687,0.496598639455782,0.428184820868894,0.648125281462004,0.242214084706049,0.173528462035243,0.14732094533646,0.157028369077572
CATTCATTCTCTATGT-1,0.2372816236129,0.471082785273578,0.328089589661989,0.728590728823162,0.320514782936335,0.220661500138389,0.171182873293644,0.192952327702118
CATTCATTCTTCTCAA-1,0.228636969738061,0.468110832372816,0.324563624089879,0.746618824178857,0.298260900281412,0.176907463788172,0.13953935895123,0.16100882623108
CATTCCGCAAGGGCAT-1,0.263848396501458,0.404795805365335,0.308277882250832,0.703880180716766,0.325613159227119,0.237245133314881,0.168103914847555,0.197758163930934
CATTCCGCAGCAGAAC-1,0.183481365968314,0.284968472438809,0.216789623414822,0.494036637273559,0.229521129413981,0.194655872312944,0.11335618497805,0.148148887735133
CATTCCGGTCCGAAGA-1,0.190702194499062,0.335265667728886,0.237216114566758,0.704795386202188,0.317512274959083,0.223071777839284,0.153033856515726,0.185883355299067
CATTCCGGTGCATTTG-1,0.225642416435013,0.521685085994531,0.349191137470466,0.786684486540669,0.335021017555841,0.180378724974629,0.143063323110229,0.1659677569658
CATTCTAAGGCTGAAC-1,0.238648947951274,0.398207788098628,0.295054004532523,0.644115809811584,0.275112152503856,0.1982539902205,0.152059654819893,0.171958411544657
CATTCTAGTGGGCTTC-1,0.207324790381269,0.294867448640586,0.228795988234727,0.626755959730959,0.331512204311837,0.255858474028969,0.159600697576523,0.201232743586671
CATTCTATCGCAAGAG-1,0.270504214975027,0.417711935272448,0.320977385602006,0.557984804683528,0.22269189558337,0.171487222068457,0.122809549582055,0.142810548877085
CATTCTATCTCCTGAC-1,0.389201527787195,0.502293940832147,0.424508173007377,0.563664889521624,0.18778038125964,0.138665928591198,0.12843827049131,0.130709426627794
CATTGAGAGTTAACAG-1,0.184238479444934,0.338045517210206,0.242550267611746,0.558638522887401,0.246382272250939,0.194148445428545,0.138144205905346,0.16219364458112
CATTGAGGTAAGCGGT-1,0.224534996722942,0.403044274188081,0.289804233569603,0.564957798858172,0.231923135795782,0.188958852292647,0.123278609657827,0.151230746701812
CATTGAGGTACGCGTC-1,0.202194499062083,0.255486247655208,0.217470707362939,0.441898978746895,0.216769301416477,0.19095396254267,0.142209393228697,0.161567953991773
CATTGAGGTAGCGATG-1,0.489784618166203,0.525730558003932,0.490091132648633,0.622397838371806,0.208927457052361,0.135010148537688,0.129424499368573,0.129338232357522
CATTGAGGTTCTTGTT-1,0.210669649919769,0.388489615115149,0.275386952119196,0.695643331347967,0.321633364339625,0.248985146231202,0.176282398219977,0.206504519616066
CATTGAGTCCCGATCT-1,0.177526159965647,0.30908310167921,0.223913882057958,0.59084503973154,0.27625428298932,0.215783282590645,0.116314871609838,0.160476323601848
CATTGAGTCGACCACG-1,0.232501638529166,0.547517345808755,0.365012777858142,0.721138341299011,0.290842939396437,0.201460005535566,0.133573876961934,0.164177216875008
CATTGAGTCGCCAATA-1,0.257949691504509,0.460991705652361,0.339432952408506,0.72587416650929,0.304642701550707,0.244314512408894,0.193312887124902,0.21404608810256
CATTGAGTCTGGGTCG-1,0.258808506791421,0.392015277871946,0.299737210087275,0.636808692999404,0.300651132122126,0.22523987452717,0.142702507667328,0.178960821119054
CATTGCCAGAGCAGAA-1,0.258819806992564,0.45363527470789,0.334153044987704,0.729346136525415,0.311118699148701,0.247451333148814,0.195032774069397,0.215750096516102
CATTGCCAGCTGGCTC-1,0.202047596447217,0.336712093475264,0.245678431939824,0.686302424568183,0.303135560291538,0.210489897592029,0.136279992783691,0.170167871453865
CATTGCCAGGATACCG-1,0.1723280674396,0.26792776911429,0.200967983027147,0.579906155120066,0.305879028364869,0.257011716948058,0.15838595225209,0.200274238854054
CATTGCCAGGTTGACG-1,0.276798427012001,0.416310710330644,0.321037658517768,0.680172000522975,0.283789989285168,0.223752191161546,0.164832521498587,0.186941704274665
CATTGCCGTCGGAAAC-1,0.201459985987751,0.441589260288833,0.296946574087468,0.70637883696268,0.323093407434445,0.229864378632715,0.145492813759096,0.184032908662487
CATTGCCGTCTGGTTA-1,0.216025945261826,0.536477049291477,0.351957664303968,0.800456150035591,0.344040316028683,0.182062459636498,0.150351795056828,0.173236417854813
CATTGCCGTCTTGAGT-1,0.234253169706421,0.447567066693787,0.315239404021409,0.716707584583872,0.314050559879429,0.218781714180275,0.146767694990679,0.178960821119054
CATTGCCGTGCTCGTG-1,0.158587022849007,0.299432729902592,0.214975408650369,0.479654836788355,0.199154587949935,0.176273180182674,0.0977809850261591,0.132420091324201
CATTGCCGTGGCTAGA-1,0.330395281036002,0.445566931091373,0.368032450937847,0.560948327207752,0.244568992923501,0.181762616477535,0.129436526550003,0.152162626302967
CATTGCCGTTGTCATG-1,0.222184554885077,0.542872963138744,0.357689618592989,0.735403925214637,0.306397108172709,0.205842328628102,0.133128871249023,0.166353821371993
CATTGCCTCCTTCGAC-1,0.159965647388524,0.261260650439578,0.195730266647379,0.51173060999172,0.23386593507518,0.186421717870652,0.117192855854231,0.148455076746941
CATTGCCTCGAAGCCC-1,0.210906954143784,0.384681447329762,0.275700371281161,0.63878437468222,0.268200496885634,0.201967432419965,0.154453063924469,0.174587643276489
CATTGTTGTCGCGGTT-1,0.23557529324022,0.557088616177368,0.371847726505617,0.738018798030129,0.297083446172685,0.18704446904696,0.152997774971435,0.169515555733056
CATTGTTTCTTTGCAT-1,0.300065541166633,0.411903631884648,0.33490042914316,0.547263826140012,0.218770973401312,0.159816403727281,0.136977569306633,0.146018877218206
CATTTCATCGTCGACG-1,0.183549167175176,0.322168734603476,0.227650802835238,0.720847799875067,0.33936582321704,0.251164775348279,0.168055806121835,0.205619233994968
CCAAGCGAGGTTCATC-1,0.14713991909056,0.251316473433227,0.18566468971503,0.517570492612984,0.243332666109338,0.191207675984869,0.121438450899032,0.152901473701026
CCAAGCGCATGGAAGC-1,0.220715528736412,0.493253779917283,0.33092241670283,0.797085869517847,0.349762742997092,0.187332779776732,0.148186902399423,0.173243074137679
CCAAGCGGTTCTTGCC-1,0.207697697019007,0.408231066512984,0.280986305993539,0.789037872074611,0.335244733836499,0.181278254451518,0.156221059594684,0.173043385651717
CCAAGCGTCACCCTGT-1,0.223371076005153,0.437645490089724,0.307295433723902,0.652352659180383,0.251739688445643,0.172167635390719,0.0975043598532684,0.130090392321312
CCAATGAAGATTGAGT-1,0.18391077361177,0.329140958709065,0.234220550653358,0.632101921931519,0.29474031249632,0.221561029615278,0.125022550965181,0.167951329259688
CCAATGACAGTGCGCT-1,0.213517300607951,0.368465658688725,0.266358069337962,0.64572831471447,0.268918743891957,0.189846849340345,0.126934872812556,0.155257797835377
CCAATGACATCAGCAT-1,0.218195583881393,0.490180125206229,0.328499445489175,0.800688583174746,0.347337187533116,0.184668788633638,0.143917252991761,0.169202710438383
CCAATGACATTAGGAA-1,0.175469523357516,0.28591768933487,0.210683977048074,0.594142684893299,0.293327367565849,0.237741027770089,0.165590233928679,0.196986035118548
CCAATGATCCTGGTCT-1,0.193764549008972,0.313863086762944,0.230815130912773,0.66111248311228,0.324741843186662,0.245905987637236,0.157880810632028,0.19558155943395
CCAATTTAGAAACCAT-1,0.257689786878206,0.44388320112098,0.326637012392111,0.55072126908494,0.224257909547975,0.179986622382139,0.121318179084731,0.144254962258876
CCAATTTAGACATCCT-1,0.255587949465501,0.407180147806631,0.305517382708906,0.702645379665006,0.323022760187922,0.24712842513147,0.176883757291479,0.206038579815488
CCAATTTAGCATCAGG-1,0.193730648405542,0.235010283183041,0.204011765273157,0.315615148829844,0.163677895654017,0.146565642586955,0.119754645498827,0.128779104596829
CCAATTTAGCCTCTCT-1,0.458618663412209,0.490281827016521,0.456048989825932,0.581140956171826,0.206501901588386,0.136763077774702,0.129616934271453,0.131541461985969
CCAATTTAGCGCGTTC-1,0.236095102492824,0.45698013424639,0.322646945368629,0.686200735069803,0.268282918673245,0.172790386567026,0.138384749533947,0.154126229748259
CCAATTTAGTGGCCTC-1,0.232558139534884,0.388048907270549,0.285289792178986,0.672341909147697,0.273134029601196,0.185487591106191,0.135113356184978,0.158126655750363
CCAATTTCACCACATA-1,0.227857255859154,0.339367640744005,0.257238777183085,0.675813879163822,0.315357533940115,0.228007657532983,0.163052498646942,0.190582691002037
CCAATTTCAGCGCGTT-1,0.203810427825615,0.297635997920763,0.230935676744298,0.42978340136845,0.233277208020817,0.145839099547929,0.155427265620302,0.155390923492685
CCAATTTGTATGGAGC-1,0.230049494881009,0.52988903202477,0.355519793625536,0.789168615715386,0.336492835191748,0.183711597010794,0.14716459197787,0.170926687700521
CCAATTTGTATTGACC-1,0.188363052862341,0.284459963387348,0.220369834611119,0.489373447419266,0.216227672526463,0.176607620629209,0.118551927355824,0.143622615386663
CCAATTTGTCTAGTGT-1,0.205166451962845,0.325095486699663,0.241845074497324,0.658918895361506,0.302723451353483,0.212900175292924,0.138492994166817,0.171519096875541
CCACAAAAGTCACACT-1,0.280561393992813,0.509774673989197,0.374367134384493,0.697691648386769,0.269660539980454,0.205530953039948,0.170148535690661,0.181949492125617
CCACAAACATCCTGTC-1,0.208014102651027,0.301342463895857,0.232978928588649,0.549762482385926,0.25596674869597,0.203224467201771,0.13189007156173,0.161308358960022
CCACAAAGTATTGACC-1,0.303692905733722,0.388308811896852,0.321628333092242,0.664569926057208,0.309399616149961,0.237141341452163,0.171170846112214,0.199269140141379
CCACAAATCCATCAGA-1,0.248525323750763,0.409835695075372,0.303667004194995,0.70247105481064,0.30278232405892,0.204308515545715,0.164916711768597,0.182761558635196
CCACAAATCCGGACGT-1,0.344543132867765,0.469082649671164,0.384312165485317,0.583261908566614,0.20493588762378,0.145493126672202,0.124216729809369,0.132659717507355
CCACAAATCCTACACC-1,0.259147512825728,0.546828033538997,0.380605381165919,0.73796068974534,0.306208715515313,0.195163299197343,0.148704071200914,0.171532409441272
CCACACTAGTAGCAAT-1,0.178633579677718,0.307557574524827,0.223522108105502,0.565030434214158,0.264832978134677,0.20137927853123,0.129244091647122,0.160502948733309
CCACACTAGTTTGCTG-1,0.238230840508961,0.542872963138744,0.368050532812575,0.761886776007089,0.293456887517809,0.17374757818987,0.172529917613807,0.177270125271244
CCACACTCACCACATA-1,0.149230456302122,0.253203607024205,0.187961087805584,0.505716402516089,0.240954208809712,0.19356029153981,0.113428348066631,0.14910739246775
CCACACTCACCAGCGT-1,0.345401948154677,0.519199041742943,0.411772505906746,0.69953658642881,0.273875825689694,0.193064397084602,0.155102531721691,0.171033188226367
CCACACTGTAGGATAT-1,0.201200081361448,0.425644676475241,0.287031679444525,0.786176039048767,0.358993983209504,0.217005720084879,0.152179926634193,0.18450550474593
CCACACTGTGGGTATG-1,0.221461342011888,0.395597441634461,0.285241573846376,0.657466188241789,0.278526769419162,0.20229034043731,0.159239882133622,0.17721687500832
CCACCATAGAAGGATG-1,0.23740592582548,0.445578231292517,0.316083224842085,0.726193762075628,0.282883349621449,0.174335732078605,0.130446809790126,0.151423778904908
CCACCATCACCAGCTG-1,0.288652338011617,0.489976721585644,0.366597955542697,0.597164315702311,0.242755713596063,0.163149275763447,0.111600216489266,0.133764660463011
CCACGAGCAGTCGAGA-1,0.200544669695121,0.374556467105114,0.264700564154492,0.660807414617139,0.317206136890815,0.242296337300489,0.157339587467677,0.194629710984198
CCACGAGCATGGCACC-1,0.431419079259611,0.466720907632156,0.429926708134433,0.618998503711667,0.229085471393752,0.162215148998985,0.141608034157195,0.150325492232118
CCACGAGGTGAGCTCC-1,0.199742355413926,0.434910841412977,0.293679782053137,0.623211354358848,0.244863356450682,0.172282959682628,0.0930422755427266,0.127174940426268
CCACGTTAGGCGTTGA-1,0.233597758040093,0.436583271182227,0.311797820531366,0.581228118599009,0.231110692460761,0.163829689085709,0.0936436346142282,0.122655324360664
CCACGTTCACTAGTAC-1,0.210918254344927,0.438323502158338,0.300520757992189,0.74706916338597,0.306267588220749,0.186963742042624,0.144711046966143,0.167658452813611
CCACGTTCAGAACGCA-1,0.32754763034782,0.443691097701539,0.362993635180095,0.723273820764996,0.279150820096787,0.183365624135068,0.18124962415058,0.180937737130077
CCACGTTGTCCCTGAG-1,0.404196894704726,0.507107826519312,0.435941945127537,0.528320525298895,0.187803930341815,0.129843620260172,0.121546695531902,0.122848356563761
CCACGTTGTCGAGCAA-1,0.165819151580898,0.27202974212941,0.205150923381069,0.464691953455264,0.202439684913281,0.173839837623397,0.10551446268567,0.137146052158633
CCACTTGAGCATGGGT-1,0.252356091938436,0.501062218907497,0.351409180770529,0.723084968839432,0.305007712324412,0.211297167635391,0.170737867580732,0.186881797728876
CCACTTGAGTGATTCC-1,0.238886252175289,0.500497208850318,0.343531510680361,0.735215073289074,0.322610651249868,0.21401882092444,0.161236394251007,0.18585007388474
CCACTTGCAACGCCCA-1,0.142088729179379,0.243734038465885,0.17938425189257,0.488864999927365,0.218111599100425,0.182650613525233,0.113512538336641,0.145932345540956
CCACTTGCAGAACATA-1,0.397597577236875,0.369505277193934,0.361667631033319,0.70200618853233,0.288770620165079,0.200410554479196,0.187696193397077,0.190469534193325
CCACTTGGTGATCGTT-1,0.240253576513662,0.461918322146134,0.325702782197792,0.715109606752183,0.298154929411626,0.201586862256666,0.163677912081304,0.180298733974999
CCACTTGGTTCCGCTT-1,0.460234592175741,0.497683458765566,0.460129466223058,0.618504583290963,0.217416901176277,0.145377802380293,0.130879788321607,0.13558848196813
CCACTTGTCAGGAGAC-1,0.370171989061405,0.516080186227315,0.42118713534886,0.694437584438601,0.254930589080291,0.153450502813913,0.131300739671658,0.14315001930322
CCACTTGTCCTACAAG-1,0.177616561574796,0.304280516193188,0.218471237764598,0.591164635297878,0.295588079454603,0.230014300212197,0.12814961813699,0.173709013938256
CCACTTGTCTAGTACG-1,0.181594232377336,0.321694126155446,0.231038140701095,0.589494022110202,0.27148559384898,0.201632991973429,0.130146130254375,0.161914080700773
CCATAAGCAATAGTAG-1,0.175220918932357,0.309263904897507,0.222515550412267,0.55766520911719,0.247995384379894,0.189362487314328,0.104925130795598,0.142883767988604
CCATAAGCACTCTGCT-1,0.183063258526002,0.275871810518227,0.209629201022229,0.533651960428258,0.24573467249114,0.191807362302795,0.13215466955319,0.157281307826457
CCATAAGCATAGATCC-1,0.170474834452053,0.284482563789635,0.208960171657264,0.532533375946076,0.268035653310412,0.21298090229726,0.141511816705755,0.170380872505558
CCATAAGCATGACTTG-1,0.183718670192329,0.332915225891021,0.238451709339891,0.538344204424946,0.229238540427887,0.190619522096134,0.114222142041013,0.147410040337074
CCATAAGGTAGAAACT-1,0.228829073157502,0.362781657513504,0.273482327981098,0.53940468062234,0.231499252316641,0.185395331672664,0.112129412472187,0.142790580028489
CCATAAGGTCCGGACT-1,0.199199945759035,0.439284019255543,0.292727469984088,0.803419672559815,0.342003320420587,0.190342743795553,0.144494557700403,0.171465846612618
CCATAAGTCATTTGCT-1,0.234524374533867,0.351131150134472,0.267491200154299,0.623487368711594,0.27354613853925,0.20320140234339,0.143135486198809,0.167744984490861
CCATAAGTCGAAGGAC-1,0.251632879065247,0.41888715619138,0.309175948695694,0.769382744744832,0.338470958094408,0.221215056739552,0.180251368091888,0.201758589933038
CCATCACAGCGCTTCG-1,0.412649445160124,0.431961488914503,0.403322243116833,0.67119427052312,0.273440167669465,0.229437678752652,0.200192434902881,0.212175672617384
CCATCACAGCTGTACT-1,0.226410830112776,0.515210070739259,0.345140797531221,0.784069613725177,0.339507117710087,0.182454562228988,0.146755667809249,0.169921588987846
CCATCACAGCTTCTAG-1,0.461387212692386,0.458076253757317,0.44096267901056,0.596830193064776,0.201062063606071,0.14051111726174,0.132888327620422,0.130882489982294
CCATCACAGTATTCCG-1,0.279905982326485,0.417022623002689,0.322592699744443,0.708209247933524,0.298873176417949,0.196270412399668,0.159071501593602,0.177183593593993
CCATCACCAGTCCCGA-1,0.341582480168147,0.417361629036997,0.355815130912773,0.698519691445008,0.285791661270002,0.186675431312852,0.160226111010885,0.173109948480371
CCATCACGTAGGAAAG-1,0.201991095441499,0.350826044703596,0.253748975360432,0.607914348388221,0.247995384379894,0.18900498200941,0.111624270852126,0.145399842911724
CCATCACTCCACAGGC-1,0.194544262887879,0.347085678125071,0.2486800231448,0.608669756090475,0.267494024420398,0.19329504566842,0.124890251969451,0.155038140500819
CCATCACTCTCTGCCA-1,0.314970506475015,0.491468348136597,0.38324533487632,0.685183840086,0.299485452554487,0.249423378540456,0.164760358410007,0.207023709679567
CCCAACTCAACAGAGC-1,0.486812665265442,0.482281284606866,0.467922754231159,0.510641079651931,0.17647682181587,0.116581326690654,0.110938721510614,0.109628978793083
CCCAACTCATCCGTGG-1,0.159106832101611,0.247824711279861,0.187641641352042,0.527027615962346,0.257097104640347,0.205577082756712,0.139840038486981,0.167092668770052
CCCAACTTCTCACGAA-1,0.235857798268809,0.581338847831491,0.384366411109504,0.760259744033006,0.312001789730245,0.168188947319863,0.141439653617175,0.158179906013286
CCCATTGAGACTTCGT-1,0.156247881212286,0.287070309851515,0.20460243984763,0.577901419294856,0.263196316923548,0.19851923609189,0.137170004209514,0.163937590691854
CCCATTGAGGGTGAAA-1,0.16377381517391,0.269340294257238,0.198936785765948,0.580908523032671,0.306291137302924,0.239263308423286,0.150411930963979,0.18770052052132
CCCATTGAGTGTTGTC-1,0.200465568287116,0.422650123172192,0.286175804040696,0.767116521638073,0.337858681957871,0.218032106282867,0.13955138613266,0.177323375534167
CCCATTGAGTTTCGAC-1,0.200714172712274,0.377664022419599,0.263977289165341,0.714644740473873,0.333290160016013,0.245098717593874,0.176919838835769,0.20590545415818
CCCATTGCACAACGTT-1,0.198827039121296,0.33332203313219,0.244786392786537,0.554948646803318,0.249290583899493,0.19225712704124,0.133970773949125,0.15597667638484
CCCATTGGTCAAGTTC-1,0.377178113770425,0.548025854860216,0.443114422103284,0.598413643825268,0.218582580743916,0.141122336008857,0.120055325034578,0.128333133644847
CCCATTGGTCGATTCA-1,0.323355255723552,0.46203132415757,0.370166112155842,0.686258843354591,0.320385262984375,0.217086447089215,0.154416982380179,0.181962804691348
CCCATTGTCTAGAGCT-1,0.149659863945578,0.262673175582525,0.191511162543999,0.52268402167439,0.251904532020864,0.197700433619338,0.116230681339828,0.152781660609449
CCCGAAGAGTACAGAT-1,0.168712003073655,0.322858046873234,0.229748300303775,0.526126937548121,0.21714608673127,0.183354091705877,0.112947260809429,0.143549396275144
CCCGAAGAGTGGTGGT-1,0.395348837209302,0.458867267837368,0.406637253483775,0.603265685605125,0.243803647752829,0.181278254451518,0.145168079860485,0.158958691108537
CCCGAAGCAAATCAGA-1,0.202104097452935,0.281386308676294,0.218507401514056,0.588041314990485,0.30153422270367,0.236680044284528,0.166756870527392,0.194716242661448
CCCGAAGCATACAGCT-1,0.237756232060931,0.434232829344362,0.309109648488355,0.718421778985139,0.334149701515383,0.236818433434819,0.171808286728005,0.199315734121437
CCCGAAGCATCCTTGC-1,0.303986710963455,0.387156191380207,0.32233955349824,0.640731002222642,0.270202168870468,0.196132023249377,0.149846653436767,0.170567248425789
CCCGAAGCATCTCGTC-1,0.231733224851402,0.564784053156146,0.37598244852693,0.781701701120037,0.322304513181599,0.168650244487499,0.156906608936196,0.169182741589787
CCCGAAGTCTGGCCGA-1,0.186634122087373,0.34310800732253,0.240163460147548,0.668085477286924,0.301699066278892,0.206395885229265,0.156100787780384,0.178761132633092
CCCGGAAAGTAGAATC-1,0.215980744457251,0.53231857527064,0.3500711220406,0.796780801022706,0.341826702304278,0.179502260356121,0.142377773768717,0.165781381045569
CCCGGAACAAATTGCC-1,0.154100842995005,0.270312111555586,0.194886445826703,0.572148699100774,0.260052514453249,0.188543684841775,0.139226652234049,0.160569511561963
CCCGGAACACGCAGTC-1,0.175107916920921,0.278742061608697,0.212986402430204,0.477054491044061,0.206242861684466,0.171487222068457,0.110601960430573,0.137751773899384
CCCGGAACAGTGGCTC-1,0.275611905891925,0.428368024950844,0.326673176141569,0.713642372561268,0.291054881136008,0.176250115324292,0.122340489506284,0.149127361316346
CCCTAACCACACACTA-1,0.409451488236491,0.438730309399507,0.404497564974203,0.666080741461714,0.25128048134324,0.181912538057016,0.154453063924469,0.165954444400069
CCCTAACCATGATAGA-1,0.204070332451918,0.372884037335865,0.260825015670958,0.761843194793498,0.344511297672173,0.239044192268659,0.16598713091587,0.200427333359958
CCCTAACGTCTGTCAA-1,0.23513458539562,0.346983976314778,0.265447948309947,0.702383892383457,0.336634129684796,0.246032844358336,0.163208852005533,0.199881518164996
CCCTAACGTTGCGAAG-1,0.211325061586096,0.408716975162158,0.288056319012489,0.689803448726702,0.298425743856633,0.260067810683642,0.175921582777076,0.214891436026465
CCCTAACTCGTGGCGT-1,0.198578434696138,0.337152801319863,0.243779835093302,0.65560672312855,0.335433126493895,0.27229218562598,0.156642010944735,0.210398445092323
CCCTCAATCCCTATTA-1,0.197934323230954,0.271656835491672,0.220020251699696,0.43832531923239,0.226636366847602,0.135263861979887,0.160214083829455,0.15455888813451
CCCTCAATCTCCATAT-1,0.219449906208331,0.452041946346645,0.30874801099378,0.770908087220535,0.335833460890862,0.187217455484823,0.156966744843346,0.175932212415299
CCCTCTCAGAGTGAAG-1,0.201256582367166,0.33546907134947,0.246028014851246,0.58220143236922,0.254377185649189,0.187551895931359,0.121955619700523,0.15078477574983
CCCTCTCAGCCAGACA-1,0.171186747124099,0.342802901891654,0.236245720622981,0.627351569650043,0.239258674893146,0.171106651905157,0.0971074628660773,0.130276768241543
CCCTCTCCACCGGCTA-1,0.257203878229032,0.5062490112324,0.359720815854188,0.712494733936691,0.259334267446926,0.170518498016422,0.179265139214625,0.171033188226367
CCCTCTCCACGGGTAA-1,0.268323276154316,0.399337808212986,0.308910747866339,0.742943475165972,0.322669523955304,0.230948426976658,0.186048469541163,0.206717520667758
CCCTCTCCAGACCTGC-1,0.233914163672113,0.3734377471919,0.280281112879117,0.60843732295132,0.264679909100543,0.200410554479196,0.148800288652354,0.168557051000439
CCCTCTCCAGAGGACT-1,0.188713359097792,0.302743688837661,0.224950576209075,0.566018275055566,0.282742055128401,0.222183780791586,0.122196163329124,0.165561723711011
CCCTCTCGTTGGCTAT-1,0.497468754943838,0.458855967636224,0.461093832875259,0.557127707482894,0.17634730186391,0.11314466279177,0.128895303385652,0.114394877324707
CCCTCTCTCACTGAAC-1,0.201369584378602,0.371663615612358,0.265086310815372,0.607260630184349,0.260558819720001,0.201321616385275,0.153069938060016,0.173296324400602
CCCTCTCTCCATCAGA-1,0.228026758876308,0.396953465771691,0.29067819084816,0.588186585702457,0.24745375548988,0.182512224374942,0.121378314991882,0.148901047698923
CCCTCTCTCGCATTAG-1,0.183922073812914,0.323050150292675,0.232309899223685,0.591077472870695,0.297354260617692,0.229091705876926,0.123879968729328,0.171392627501098
CCCTCTCTCGTTACCC-1,0.149298257508984,0.254469229552286,0.187261921982738,0.564347661867891,0.287887529583534,0.235123166343759,0.161188285525287,0.193824300757485
CCCTCTCTCTGAGATC-1,0.272911157818609,0.391088661378173,0.308494864747577,0.570623356625071,0.257473889955139,0.204931266722022,0.139154489145469,0.165488504599491
CCCTGATAGCAACCAG-1,0.245090062603114,0.452799059823265,0.325407444910555,0.630445835815041,0.248336846071424,0.170264784574223,0.0998135786878345,0.129478014297696
CCCTGATAGGTACAAT-1,0.467579722919068,0.427486609261645,0.428570567529775,0.583959207984078,0.194739135042212,0.138308423286281,0.133754284683384,0.130995646791006
CCCTGATCAACGTAAA-1,0.204578841503379,0.421350600040681,0.288478229422827,0.74393131600738,0.301157437388878,0.179421533351785,0.134969030007818,0.158818909168364
CCCTGATCAGTATGAA-1,0.315795421158497,0.436199064343345,0.351734654515647,0.681000043581214,0.28184719000577,0.184299750899529,0.137578928378135,0.159617663112212
CCCTGATGTCCGACGT-1,0.243858340678464,0.504090672813976,0.349769757461787,0.728953905603091,0.297813467720096,0.198576898237845,0.167743099404655,0.181210644727558
CCCTGATTCATCCCGT-1,0.425429972653513,0.558523741722603,0.473986209556874,0.639975594520389,0.2082445336693,0.133222622013101,0.115015936015395,0.122289228803067
CCCTTAGCAAATACGA-1,0.20998033765001,0.430707166587565,0.298308741983702,0.720542731379927,0.290054045143591,0.22770781437402,0.182404233567863,0.203209659597694
CCCTTAGCAAATCAAG-1,0.228343164508328,0.449341198273329,0.312298085732195,0.728837689033514,0.331182517161394,0.233520158686226,0.178170665704492,0.203222972163425
CCCTTAGGTCCGACGT-1,0.351526657174498,0.5091531629263,0.408632286995516,0.597295059343086,0.216816399580826,0.143071316542116,0.122448734139154,0.130150298867101
CCCTTAGGTTGGCCGT-1,0.31533211291161,0.416502813750085,0.342199479242008,0.562328398971483,0.244992876402642,0.202359535012455,0.137735281736725,0.165788037328434
CCCTTAGTCGACGATT-1,0.207742897823581,0.454008181345628,0.306584213317903,0.661010793613899,0.259322492905839,0.180286465541102,0.0974321967646882,0.133285408096702
CCGAACGAGGATTTCC-1,0.284290460370195,0.450640721404841,0.343652056511886,0.548571262547758,0.205701232794452,0.163091613617492,0.12083709182753,0.136813238015363
CCGAACGAGGGCTTCC-1,0.319682690351888,0.451928944335209,0.36533825160326,0.698897395296134,0.276242508448233,0.223117907556048,0.185916170545433,0.203675599398272
CCGAACGCAGTTGTTG-1,0.229100277984948,0.337107600515289,0.259619557355707,0.57335444601014,0.268082751474761,0.207053233693145,0.119201395153046,0.157041681643303
CCGAACGGTCCACAGC-1,0.174429904852306,0.284426062783918,0.20932180915184,0.601929195054985,0.290501477704906,0.2200156841037,0.147561488965061,0.1788942582904
CCGAACGGTCGAGTTT-1,0.207449092593848,0.466042895563541,0.310423598051979,0.782239202754333,0.354967090157661,0.228768797859581,0.161885862048229,0.196966066269952
CCGAACGGTTTGGGAG-1,0.443306890862657,0.561631297037087,0.484467669607985,0.594767348954777,0.195645774705931,0.118461112648768,0.117878405195742,0.115985728929537
CCGAACGTCCATACAG-1,0.236558410739711,0.426819897394174,0.308012681421476,0.672036840652556,0.280657961355956,0.190342743795553,0.107703409705935,0.143389645486375
CCGATCTCAGTCTACA-1,0.209155422966529,0.40559811964653,0.280407686002218,0.776007089210744,0.337799809252434,0.189454746747855,0.162679656022611,0.178954164836189
CCGATCTGTCCCGTGA-1,0.245903677085452,0.379189549573982,0.289352186701384,0.57278789023345,0.248996220372311,0.194817326321616,0.133513741054784,0.159391349494788
CCGATCTTCAATCTCT-1,0.234456573327005,0.56189120166339,0.375403828535609,0.704315992852681,0.305843704741608,0.190227419503644,0.127283661074027,0.159071847917249
CCGATGGAGACGGTTG-1,0.184159378036929,0.28010938594707,0.217344134239838,0.494225489199123,0.220525380023314,0.175200664267921,0.112285765830778,0.139748658759003
CCGATGGAGCTCCCTT-1,0.231394218817095,0.385528962415531,0.285169246347461,0.602045411624562,0.259004580296483,0.200687332779777,0.144422394611823,0.166027663511589
CCGATGGAGGACACTG-1,0.225303410400705,0.404343797319592,0.290979555426973,0.722285979923588,0.289653710746624,0.191103884122151,0.113572674243791,0.150551805849541
CCGATGGCAACAACAA-1,0.283070038646688,0.523075010735191,0.380695790539563,0.704955183985357,0.278927103816129,0.194851923609189,0.159167719045042,0.175299865543086
CCGATGGCACAGCTTA-1,0.212375980292449,0.446222342757701,0.302202372341964,0.809346717608263,0.354460784890909,0.189500876464618,0.152167899452763,0.176651090964762
CCGATGGCACGGTAGA-1,0.199166045155604,0.32372816236129,0.235968465210473,0.680302744163749,0.334726654028659,0.256954054802104,0.167105658788863,0.206131767775603
CCGATGGCATTGGGAG-1,0.315106108888738,0.450968427238005,0.360347654178119,0.564100701657539,0.213719695274877,0.15719854230095,0.120271814300319,0.134803040590013
CCGATGGGTGGCAACA-1,0.320959613081113,0.3493231179515,0.312906842181397,0.626567107805395,0.287840431419185,0.226416182304641,0.168657165193337,0.192745982933291
CCGATGGGTTCTCACC-1,0.225811919452166,0.419395665242841,0.295903852644776,0.793875386783271,0.356238740595085,0.216094658178799,0.174261831739732,0.197531850313511
CCGATGGGTTGTGGAG-1,0.166711867471241,0.295568061111488,0.214661989488403,0.490201490477505,0.210152009325437,0.186883015038288,0.0993565457934933,0.137778399030845
CCGATGGTCAAACTGC-1,0.221111035776437,0.509085361719439,0.339505279907421,0.797042288304255,0.345111799267624,0.184415075191438,0.144073606350352,0.169528868298787
CCGATGGTCCTAAGTG-1,0.202002395642642,0.427147603227337,0.288960412748927,0.766738817786946,0.321704011586148,0.182431497370606,0.13958746767695,0.163471650891276
CCGATGGTCTGGTCAA-1,0.145580491332746,0.259237914434877,0.187665750518347,0.521071516771504,0.236326814162418,0.182927391825814,0.117277046124241,0.14783604244046
CCGCAAGGTAGCTGTT-1,0.196680000904016,0.313478879924063,0.23350933024736,0.657843892092915,0.306420657254883,0.21871251960513,0.133465632329064,0.171552378289868
CCGCAAGGTCACGTGC-1,0.211573666011255,0.464200962777137,0.311508510535706,0.817263971410724,0.359182375866901,0.188831995571547,0.14332792110169,0.171585659704195
CCGCAAGTCTTCGCTG-1,0.360126110244762,0.53860148710647,0.429824244177636,0.642648575620669,0.212730633823547,0.13542531598856,0.109699921823321,0.118495147569791
CCGGACAAGGTGAGCT-1,0.159524939543924,0.291635591113522,0.209502627899127,0.538010081787411,0.246476468579637,0.204481501983578,0.138998135786878,0.167678421662207
CCGGACACAGCTGGTC-1,0.18908626573553,0.400953736976518,0.270070880948937,0.772796606476168,0.314439119735308,0.177645539256389,0.120993445186121,0.150172397726214
CCGGGTAAGAGTTGAT-1,0.210929554546071,0.544274188080548,0.353048604079271,0.779130409518137,0.317476951335822,0.169757357689824,0.127824884238379,0.149153986447808
CCGGGTAAGCGCATCC-1,0.194838068117613,0.309614211132958,0.232243599016346,0.530339788195302,0.260900281411532,0.209475043823231,0.127536231884058,0.161155264454118
CCGGGTACAACAAGTA-1,0.158157615205551,0.249711844870839,0.184525531607117,0.605212313145547,0.338941939737899,0.293096687886336,0.167454447050334,0.224802641213041
CCGGGTACATGACTAC-1,0.214195312676566,0.455635410310304,0.310013742224794,0.630445835815041,0.242461350068881,0.166101577636313,0.0920440194840339,0.123580547678954
CCGGGTAGTCCTGGTG-1,0.273995977128393,0.434006825321491,0.327510969670669,0.728881270247105,0.300992593813656,0.190746378817234,0.133309278970473,0.162919179413448
CCGGGTAGTGTAGTGG-1,0.209652631816846,0.448346780572694,0.302895510873234,0.736014062204919,0.300180150478635,0.196996955438694,0.144001443261772,0.168490488171785
CCGGGTATCGGCTGAC-1,0.278425655976676,0.619917734535675,0.42766044650176,0.719714688321688,0.270013776213072,0.160692868345788,0.136424318960852,0.149074111053423
CCGGTAGCACTGTCGG-1,0.233642958844667,0.506870522295297,0.345249288779594,0.756075947528219,0.301699066278892,0.173286281022235,0.135558361897889,0.155623893392974
CCGGTAGGTAACAGTA-1,0.310371324609578,0.406920243180329,0.333351415208062,0.717768060781266,0.310459324847814,0.227373373927484,0.175512658608455,0.196979378835683
CCGGTAGGTAGATGTA-1,0.255169842023188,0.455160801862273,0.33226047543276,0.713250141638944,0.26245452083505,0.177161177230372,0.184412772866679,0.174407923639123
CCGGTAGGTTGCAACT-1,0.201606888602617,0.430695866386422,0.292118713534886,0.7680026729811,0.338129496402878,0.209567303256758,0.120452222021769,0.163484963457007
CCGGTGACAAGATCCT-1,0.324666079056207,0.50151422695324,0.391954771204012,0.605953193776603,0.242802811760412,0.173839837623397,0.119008960250165,0.143183300717547
CCGTAGGAGATCCGAG-1,0.397733179650598,0.444120505344995,0.400248324412942,0.531618170460653,0.211823994159828,0.154188578282129,0.133790366227675,0.140354380499754
CCGTAGGAGGTTCTAC-1,0.161265170520035,0.280809998417972,0.20263754279377,0.54434388482938,0.281058295752923,0.222933388688993,0.129304227554273,0.169801775896268
CCGTAGGAGTGTTGAA-1,0.232693741948607,0.434323230953511,0.308832393075847,0.654328340863199,0.297271838830082,0.213061629301596,0.134692404834927,0.169415711490075
CCGTAGGAGTTCCAGT-1,0.179571496372635,0.310653829638168,0.224100728096822,0.649374609584962,0.320903342792215,0.242319402158871,0.158013109627759,0.193691175100177
CCGTAGGCAACTTGCA-1,0.180430311659548,0.302687187831943,0.221502965427456,0.570725046123451,0.269083587467178,0.202140418857828,0.128233808407,0.16060279297629
CCGTAGGGTGCCTACG-1,0.393393902411463,0.47070987863584,0.41042841988524,0.645684733500879,0.247806991722498,0.182812067533905,0.149545973901016,0.163225368425257
CCGTAGGGTGCCTTCT-1,0.227009740773386,0.497344452731259,0.338571049713101,0.751921205165827,0.297165867960296,0.172997970292462,0.141018702267124,0.159724163638058
CCGTGAGAGGATGAGA-1,0.193956652428413,0.358125974642349,0.254671150971599,0.583915626770487,0.260276230733907,0.200456684195959,0.127079198989717,0.158792284036902
CCGTGAGCACACAGCC-1,0.206522476100075,0.428074219721111,0.29014778918945,0.782108459113558,0.355237904602668,0.225332133960697,0.151855192735582,0.188525899596629
CCGTGAGGTCAAAGTA-1,0.433362713856307,0.475817569552738,0.437063021360721,0.601464328776675,0.196199178137032,0.133164959867146,0.119874917313128,0.121736757325239
CCGTGAGTCAGTAGGG-1,0.198352430673266,0.38565326462811,0.267244081199672,0.739340761509072,0.343157225447138,0.23866362210536,0.151602621925552,0.192240105435521
CCGTGAGTCGCTAAAC-1,0.221868149253057,0.32312925170068,0.249427407300256,0.572700727806267,0.292797513216922,0.228987914014208,0.143171567743099,0.179213759867939
CCGTTCAAGGGACAGG-1,0.220105317874658,0.345356747350103,0.258010270504846,0.69830178537705,0.331724146051408,0.2415236645447,0.153334536051476,0.192965640267849
CCGTTCACAGAGGCTA-1,0.227066241779104,0.389212827988338,0.282246009932976,0.665354387901855,0.304336563482438,0.225539717686133,0.152011546094173,0.184665255534699
CCGTTCACATAGCTGT-1,0.248491423147332,0.395574841232174,0.296060562225758,0.608597120734489,0.286262642913492,0.215656425869545,0.127199470804017,0.166200726866089
CCGTTCAGTACGCTTA-1,0.283510746491288,0.510938594706986,0.373010993779835,0.69706698432529,0.264291349244663,0.173413137743334,0.143111431835949,0.158699096076787
CCGTTCAGTTGCGGCT-1,0.252593396162452,0.418141342915904,0.311225227831622,0.731554251347386,0.316688057082975,0.24166205369499,0.187371459498467,0.211989296697152
CCGTTCATCCACCTCA-1,0.190543991683052,0.34689357470563,0.247492646704277,0.597803506834987,0.287416547940044,0.203282129347726,0.11715677430994,0.155131328460934
CCGTTCATCGAACCAT-1,0.195527380387371,0.399902818270165,0.273729446935725,0.673402385345091,0.287699136926138,0.206211366362211,0.154296710565879,0.175792430475125
CCGTTCATCTTGGGCG-1,0.434899541211834,0.447465364883495,0.423001350113313,0.520403271496434,0.17475773881713,0.128182950456684,0.112514282277948,0.115699508766325
CCTAACCAGACTACCT-1,0.324394874228761,0.346407666056456,0.313943536332514,0.656870578322704,0.24930235844058,0.191715102869268,0.198087678152625,0.196027530385931
CCTAACCAGTTGAAGT-1,0.147026917079124,0.275996112730807,0.202215632383432,0.454159826837311,0.193750073590882,0.125703478180644,0.185134403752481,0.162380020501351
CCTAACCGTCCAAATC-1,0.255090740615183,0.419034058806247,0.313117797386566,0.529700597062626,0.219112435092842,0.182385367653843,0.120175596848878,0.14456780755355
CCTAACCGTGTCCGGT-1,0.183684769588899,0.286697403213777,0.214589661989488,0.541612795444311,0.283071742278845,0.227615554940493,0.151241806482651,0.181649959396675
CCTAACCTCTGACAGT-1,0.208782516328791,0.408988179989604,0.281335888904962,0.78749800252771,0.343286745399098,0.196443398837531,0.153707378675807,0.178315161681111
CCTAAGAAGTTGGAGC-1,0.200544669695121,0.309512509322666,0.229356526351319,0.657625986024957,0.349491928552085,0.267690746378817,0.171796259546575,0.214591903297523
CCTAAGAGTCCATACA-1,0.191007299929939,0.317614753542613,0.230121992381503,0.625143454828072,0.324141341591211,0.250046129716764,0.159937458656564,0.198789887775071
CCTACGTAGCACACCC-1,0.222806065947974,0.566738987953986,0.3720044360866,0.750032685910194,0.29010114330794,0.162549589445521,0.119213422334476,0.140274505105369
CCTACGTCACGGCTAC-1,0.284561665197641,0.511763509390467,0.375439992285067,0.702354838241062,0.277690777001966,0.194828858750807,0.15866257742498,0.174847238308239
CCTACGTCAGCAAGAC-1,0.260074129319502,0.425350871245508,0.31989247311828,0.576216279035984,0.219736485770467,0.158063474490267,0.112778880269409,0.1320739646152
CCTACGTCAGTCTCTC-1,0.285296178271973,0.371720116618076,0.302594146294421,0.696820024114938,0.296223904673315,0.224340345050281,0.16614348427446,0.190383002516075
CCTACGTGTACAACGG-1,0.195685583203381,0.315027007480733,0.231948261729109,0.595028836236326,0.302582156860436,0.23396992342467,0.164495760418546,0.191514570603192
CCTACGTGTTTCTATC-1,0.244626754356228,0.394196216692657,0.294167992670813,0.686694655490507,0.323481967290325,0.236656979426146,0.16229478621685,0.194030645526312
CCTATCGCATGCTGCG-1,0.175966732207833,0.314371595814405,0.227626693668933,0.515347850719816,0.222786091912068,0.191138481409724,0.112297793012208,0.14666453665615
CCTCAACAGCAACAGC-1,0.212601984315321,0.447352362872059,0.309429094941897,0.585499077530979,0.249726241919721,0.189097241442938,0.107330567081604,0.142085014044757
CCTCAACAGCAGGCAT-1,0.507028725111307,0.498440572242186,0.485142726264526,0.591469703793018,0.188910737204017,0.132461481686502,0.136472427686572,0.128519509565078
CCTCAACCAAGGAGTC-1,0.372940538341582,0.461070807060366,0.398355754857997,0.583596031204149,0.210905579955021,0.150913368391918,0.104516206626977,0.122102852882836
CCTCAACCACCTGCTT-1,0.241360996225733,0.574310122720184,0.383516562997252,0.753025262576812,0.306055646481178,0.168315804040963,0.144037524806062,0.159810695315308
CCTCAACCACTGCGAC-1,0.207946301444166,0.444968020430764,0.29942379092531,0.805889274663335,0.352859447303041,0.192949072792693,0.150291659149678,0.177057124219551
CCTCAACGTATCACGT-1,0.184600085881529,0.301941374556467,0.221677756883167,0.561921640977962,0.286651202769372,0.230048897499769,0.125227013049492,0.171845254735945
CCTCAACTCGACGACC-1,0.429204239835469,0.415112889009424,0.400163942330874,0.674099684762555,0.25360006593743,0.196143555678568,0.178459318058813,0.181223957293289
CCTCACATCAGACAAA-1,0.328756751870183,0.377132912965851,0.328674236944886,0.662507081947209,0.277208020817389,0.213753575053049,0.168344458476156,0.186249450856664
CCTCAGTAGTCATACC-1,0.18299545731914,0.286426198386331,0.21215463619268,0.657785783808126,0.350575186332113,0.265315065965495,0.164796439954297,0.20926022072234
CCTCAGTCACTACACA-1,0.183198860939725,0.310134020385563,0.225137422247939,0.619521478274765,0.278691612994384,0.195209428914106,0.127043117445427,0.157753903909901
CCTCAGTCATAGGTAA-1,0.2285691685312,0.410231202115398,0.294547712040118,0.778680070311025,0.349998233818837,0.216948057938924,0.176198207949967,0.198763262643609
CCTCAGTCATTGCTTT-1,0.222975568965128,0.494010893393902,0.333465933748011,0.779391896799686,0.335503773740418,0.188462957837439,0.153587106861507,0.173981921535738
CCTCAGTGTATCGTTG-1,0.439645625692137,0.440436639772188,0.419740585370558,0.53219925330854,0.206513676129473,0.140407325399022,0.140621805279933,0.139196187281175
CCTCAGTGTTCCTAAG-1,0.207889800438448,0.488937103080435,0.323062828487391,0.767959091767509,0.316134653651874,0.185891226127872,0.124192675446509,0.155930082404782
CCTCAGTGTTGTTGAC-1,0.212477682102741,0.457488643297851,0.309989633058489,0.715763324956056,0.317983256602574,0.224651720638435,0.148138793673703,0.182515276169176
CCTCAGTTCAGTGTGT-1,0.183639568784324,0.322914547878952,0.227735184917306,0.667969260717347,0.343333843563447,0.262455023526156,0.172133020626616,0.212535111892115
CCTCAGTTCATACAGC-1,0.227167943589396,0.514904965308382,0.346490910844303,0.779203044874123,0.340472630079243,0.193087461942984,0.156966744843346,0.177862534446264
CCTCAGTTCCAAGAGG-1,0.24214071010464,0.44678735281488,0.317993876271759,0.762831035634906,0.324624097775789,0.187667220223268,0.157351614649107,0.176211776295645
CCTCAGTTCGAGTGAG-1,0.173989197007707,0.277634641896626,0.208013886879792,0.503973153972428,0.241154376008195,0.212162099824707,0.118082867280053,0.158759002622575
CCTCAGTTCGTACACA-1,0.207697697019007,0.388636517730016,0.275236269829789,0.620683643970539,0.253517644149819,0.185556785681336,0.103096999218233,0.137478866301902
CCTCATGAGTAGATCA-1,0.145015481275567,0.256898772798156,0.185158397222624,0.526969507677557,0.251433550377374,0.19213027032014,0.123651452282158,0.154592169548837
CCTCATGCACCCTATC-1,0.147026917079124,0.252288290731575,0.18453758619027,0.529046878858753,0.261453684842633,0.205507888181567,0.133285224607613,0.165788037328434
CCTCATGGTCTAGATC-1,0.365414604379958,0.426333988745,0.378839384734076,0.624344465912227,0.273922923854043,0.243207399206569,0.176619159300018,0.206837333759335
CCTCATGTCAAGGCTT-1,0.206126969060049,0.430040454720094,0.290967500843821,0.795255458547002,0.347313638450941,0.19982240059046,0.15098923567262,0.179127228190689
CCTCATGTCAGACATC-1,0.467161615476755,0.466223698781838,0.447134625584647,0.608262998096954,0.212789506528983,0.146323461573946,0.140573696554213,0.142158233156276
CCTCCAAAGCTAGTTC-1,0.348848509503469,0.458313557981332,0.380888663870003,0.641588099423275,0.274111316511439,0.203766491373743,0.151446268566961,0.173981921535738
CCTCCAATCACCTTAT-1,0.176972450109612,0.262616674576807,0.204132311104682,0.50555660473292,0.249007994913398,0.210547559737983,0.153154128330026,0.177336688099897
CCTCCTCAGTGATAGT-1,0.222907767758266,0.305839943951002,0.242285066782391,0.542106715865014,0.247489079113142,0.199222714272534,0.140537615009922,0.164283717400855
CCTCCTCCACCCTTGT-1,0.260209731733225,0.431125274029878,0.319976855200347,0.770428693871029,0.324859588597534,0.213188486022696,0.181430031872031,0.198490355046128
CCTCCTCGTATACAGA-1,0.264662010983795,0.627511469704161,0.423959689473938,0.73631913070006,0.279386310918532,0.163495248639173,0.136737025678032,0.150977807952927
CCTCCTCGTTCCAGGC-1,0.430741067190996,0.455816213528601,0.422754231158687,0.63364179147842,0.243132498910855,0.174727834671095,0.150195441698238,0.158412875913575
CCTCCTCGTTGCCGCA-1,0.287296313874387,0.615499355888535,0.429251651477892,0.572947688016619,0.209798773092819,0.121251960512962,0.0984063984605208,0.10445704700667
CCTCTAGCAACGCATT-1,0.310145320586706,0.428616629376003,0.346671729591591,0.694582855150573,0.266740453790814,0.190492665375035,0.182464369475014,0.183447155770332
CCTCTAGCAGCGACCT-1,0.148733247451805,0.247372703234118,0.184983605766913,0.479625782645961,0.217299155765404,0.187136728480487,0.112261711467917,0.144587776402146
CCTCTAGGTCAGACTT-1,0.211584966212399,0.456776730625805,0.307464197888037,0.75164519081308,0.304077523578519,0.188116984961712,0.145011726501894,0.165568379993876
CCTCTAGTCGTGCACG-1,0.451872443329491,0.471952900761634,0.442903466898115,0.556909801414937,0.197918261135772,0.145216348371621,0.131024114498767,0.131701212774738
CCTCTCCCAGAGTTGG-1,0.255508848057495,0.413463059642462,0.309236221611457,0.657059430248268,0.262289677259829,0.180932281575791,0.135197546454988,0.154159511162586
CCTCTCCCATTCGATG-1,0.210771351730061,0.453985580943341,0.305336563961618,0.788485843369118,0.359912397414311,0.213626718331949,0.153996031030128,0.185590478852989
CCTCTCCGTATACCTG-1,0.214161412073135,0.372827536330147,0.271029220309562,0.538925287272833,0.225435363656701,0.187863271519513,0.122496842864875,0.149892833845867
CCTCTCCGTTTCCCAC-1,0.381562591814134,0.374748570524555,0.355742803413858,0.681000043581214,0.266022206784491,0.19981086816127,0.197931324794035,0.195787904202777
CCTCTCCTCGAGTGAG-1,0.237903134675797,0.412818948177278,0.299261054052751,0.685924720717056,0.287416547940044,0.212415813266907,0.163689939262734,0.181749803639655
CCTGCATAGAATCGTA-1,0.205347255181142,0.432955906615138,0.293257871642799,0.733776893240554,0.298131380329452,0.193006734938647,0.133068735341873,0.161594579123234
CCTGCATAGACCAGCA-1,0.218613691323706,0.459940786946008,0.315920487969526,0.726774844923515,0.288911914658126,0.181151397730418,0.129713151722894,0.15387994728224
CCTGCATCAGTTGTCA-1,0.174509006260311,0.309885415960404,0.216904141954771,0.715167715036971,0.355791308033769,0.267044930344128,0.172602080702387,0.217813544204375
CCTGCATTCCTGATAG-1,0.203335819377585,0.334779759079712,0.249059742514104,0.539462788907128,0.229085471393752,0.1897776547652,0.112826988995129,0.145652781660609
CCTGTTGAGTCTGCGC-1,0.207562094605284,0.418050941306755,0.291889676454988,0.721617734648518,0.322375160428122,0.222068456499677,0.140657886824223,0.178355099378303
CCTGTTGCACTGCGTG-1,0.205505457997152,0.403191176802947,0.279630165388881,0.659659775992562,0.300274346807333,0.2198888273826,0.129051656744242,0.169295898398498
CCTGTTGGTCGAGTGA-1,0.233021447781771,0.481942278572559,0.332218284391726,0.722910643985066,0.298001860377492,0.201390810960421,0.159336099585062,0.177915784709187
CCTGTTGTCTGTCTCG-1,0.215189730377201,0.424853662395191,0.294499493707508,0.696616645118178,0.295293715927422,0.203881815665652,0.15831378916351,0.177902472143456
CCTTCAGAGTTCGCAT-1,0.144653874838972,0.256491965556987,0.186327691788418,0.542063134651423,0.264279574703576,0.201632991973429,0.124986469420891,0.159278192686076
CCTTCAGGTAATTAGG-1,0.256797070987864,0.590209505729202,0.400103669415112,0.61054374827491,0.225812148971494,0.135067810683642,0.0919478020325937,0.108770318303447
CCTTCAGGTGCGTGCT-1,0.257599385269058,0.419734671277149,0.312894787598245,0.67613347473016,0.305949675611393,0.224155826183227,0.153599134042937,0.18375334478214
CCTTGTGAGAGCTTTC-1,0.459974687549438,0.468495039211698,0.446863397463716,0.562982117175356,0.229050147770491,0.17166020850632,0.17360033676108,0.175133458471451
CCTTGTGCACCAGCCA-1,0.226851537957376,0.522973308924899,0.349148946429432,0.77654459084504,0.330605564648118,0.180251868253529,0.14355643754886,0.166327196240531
CCTTGTGCACGGTCTG-1,0.183786471399191,0.314439397021267,0.226083707025411,0.675450702383892,0.338553379882019,0.265268936248731,0.161597209693908,0.2085945924358
CCTTGTGCATAATGCC-1,0.187481637173142,0.298980721856849,0.225710014947683,0.512297165768409,0.226824759504998,0.182523756804133,0.123459017379277,0.147063913628074
CCTTGTGGTATCAAGA-1,0.348667706285172,0.404049992089859,0.354477072182844,0.591251797725061,0.232205724781877,0.169365255097334,0.13968368512839,0.151596842259409
CCTTGTGTCCTGCCAT-1,0.217494971410491,0.465658688724659,0.317252519407879,0.754812092334065,0.309905921416713,0.185879693698681,0.146394852366348,0.168809989749324
CCTTGTGTCTCGACGG-1,0.17762786177594,0.286143693357742,0.21162423453397,0.54511381960283,0.286191995666969,0.231006089122613,0.132611702447531,0.174920457419759
CCTTGTGTCTTTGGAG-1,0.255915655298664,0.440753045404208,0.32758932446116,0.717768060781266,0.317194362349727,0.243980071962358,0.174370076372602,0.204028382390138
CCTTTGGAGTCACACT-1,0.194001853232988,0.373200442967885,0.260620087757365,0.602335953048506,0.261018026822405,0.195290155918443,0.122256299236274,0.154319261951356
CCTTTGGGTATAGGGC-1,0.263916197708319,0.48049585282618,0.348287043734028,0.684936879875648,0.321762884291585,0.278185256942522,0.183077755727945,0.226240398311967
CCTTTGGGTGCGAGTA-1,0.225766718647592,0.529335322168735,0.351800954722986,0.743800572366605,0.321362549894618,0.207306947135345,0.15457333573877,0.180704767229788
CGAAGGACAAGTGATA-1,0.220116618075802,0.535561732998847,0.35242176575534,0.763702659906736,0.321550942552014,0.20646507980441,0.137170004209514,0.170640467537308
CGAAGGAGTTTCGTTT-1,0.190464890275047,0.328960155490768,0.239325666618448,0.55005302380987,0.261948215568298,0.200364424762432,0.104720668711288,0.146944100536496
CGAAGGATCGGAAGGT-1,0.350170633037268,0.489626415350193,0.399338203384927,0.636053285297151,0.220560703646575,0.150959498108682,0.11338023934091,0.1299772355126
CGAAGTTAGAAGCGCT-1,0.212319479286731,0.535358329378263,0.349227301219924,0.797521681653762,0.341155553462304,0.182212381215979,0.149533946719586,0.17309663591464
CGAAGTTAGCAAATGT-1,0.335604673763193,0.361617736795715,0.325594290949419,0.543559422984732,0.244992876402642,0.206707260817419,0.14356846473029,0.17133272095531
CGAAGTTAGTAGAGTT-1,0.210748751327774,0.38044387190092,0.269227060128261,0.724377878175981,0.349927586572313,0.252306485838177,0.167959588670395,0.206025267249757
CGAAGTTCACGCGCAT-1,0.236411508124845,0.411225619816033,0.296542745551859,0.732745471185554,0.321103509990698,0.214445520804502,0.147753923867942,0.180738048644115
CGAAGTTCAGCGTTTA-1,0.184261079847221,0.332033810201822,0.239319639326872,0.541772593227479,0.239447067550542,0.193802472552819,0.123723615370738,0.154146198596856
CGAAGTTGTGAAGCGT-1,0.17690464890275,0.312936470269171,0.224450311008245,0.612621119456106,0.31043577576564,0.235388412215149,0.135642552167899,0.180165608317691
CGAAGTTGTGTCTCCT-1,0.165977354396908,0.279634777499039,0.205114759631612,0.541249618664381,0.259946543583464,0.225066888089307,0.126874736905406,0.167871453865303
CGAAGTTTCCAATCCC-1,0.394184916491514,0.451250932266594,0.400724480447466,0.592762613129567,0.232865099082763,0.159343574130455,0.141596006975765,0.150831369729888
CGAAGTTTCCAATCTT-1,0.234490473930436,0.358137274843492,0.273373836732726,0.547467205136772,0.239505940255979,0.187990128240613,0.11327199470804,0.144907277979685
CGAAGTTTCTACACTT-1,0.175921531403259,0.306167649784166,0.223166497902503,0.509130264247425,0.243014753499982,0.202002029707538,0.103229298213964,0.147296883528362
CGAATTGAGAGTTGTA-1,0.210590548511764,0.361866341220874,0.260535705675298,0.620451210831384,0.293386240271285,0.22263354553003,0.162595465752601,0.185244352143989
CGAATTGAGTCGAAAT-1,0.458596063009922,0.422378918344747,0.420879743478471,0.535627642111074,0.209598605894335,0.13829689085709,0.1360033676108,0.137126083310036
CGAATTGCACAGCCAC-1,0.232377336316586,0.437566388681719,0.31129152803896,0.637593154844052,0.237245228367224,0.163945013377618,0.115364724276866,0.137558741696287
CGAATTGCACCCTAAA-1,0.207064885754966,0.296099170565236,0.227855730748831,0.652730363031509,0.320032026751757,0.2586031921764,0.176186180768537,0.210085599797649
CGAATTGCATCGGAAG-1,0.200861075327141,0.381426989400411,0.265851776845557,0.667228380086291,0.30364186555829,0.22458252606329,0.158963256960731,0.186236138290933
CGAATTGGTGTGCTTA-1,0.226331728704771,0.484010215381834,0.329156420270987,0.767508752560396,0.336669453308057,0.215644893440354,0.146575260087798,0.180471797329499
CGAATTGTCATACGAC-1,0.23835514272154,0.379867561642597,0.28578403008824,0.566163545767538,0.241248572336893,0.18925869545161,0.122785495219195,0.151250715550408
CGAATTGTCCAGTTCC-1,0.164858634483694,0.256864872194725,0.196525869135445,0.48122376047765,0.220796194468321,0.186352523295507,0.110337362439112,0.143509458577952
CGAATTGTCCTTACCG-1,0.465805591339526,0.411643727258345,0.419541684748541,0.504684980461089,0.1786668864581,0.138885044745825,0.126622166095376,0.126302967370901
CGAATTGTCTTCCCAG-1,0.443092187040929,0.402660067349199,0.401948020637446,0.681958830280227,0.257674057153622,0.176699880062736,0.170858139395033,0.17183859845308
CGACAGCAGCAACAGC-1,0.24094288878342,0.500124302212579,0.347859106032113,0.735462033499426,0.276242508448233,0.175984869452902,0.18127367851344,0.174720768933797
CGACAGCCAATGTTGC-1,0.177062851718761,0.29443804099713,0.215234582188148,0.629152926478493,0.319702339601314,0.260529107851278,0.161380720428168,0.205539358600583
CGACAGCCAGGAACCA-1,0.150620381042783,0.254107623115691,0.186833984280824,0.549559103389166,0.263949887553133,0.198334717224836,0.12449335498226,0.158319687953459
CGACAGCGTACGAGCA-1,0.378500237304224,0.473241123692002,0.403918944982882,0.649708732222497,0.253941527628961,0.182812067533905,0.147453244332191,0.162140394318197
CGACAGCGTATCAAGA-1,0.210816552534635,0.478608719235202,0.319012488548146,0.772491537981028,0.326307857151268,0.179075560476059,0.141692224427205,0.163984184671912
CGACAGCTCACCATAG-1,0.216579655117861,0.525707957601645,0.347334731664979,0.733980272237314,0.320232193950241,0.186663898883661,0.110241144987672,0.149639895096982
CGAGAAGAGGCACAAC-1,0.171446651750401,0.306077248175018,0.218808766092869,0.607493063323503,0.301286957340838,0.225147615093643,0.151939383005593,0.182462025906253
CGAGAAGCACCTAAAC-1,0.257520283861053,0.435069044228987,0.323334056608322,0.742042796751747,0.323693909029896,0.227338776639911,0.180107041914727,0.203629005418214
CGAGAAGGTGCGGATA-1,0.470879381652993,0.530747847311682,0.484937798350933,0.575025059197815,0.190582722038409,0.129186271796291,0.109928438270491,0.116910952247827
CGAGGAAAGGGTCACA-1,0.210375844690035,0.36153863538771,0.260746660880467,0.694481165652193,0.317300333219513,0.222010794353723,0.146948102712129,0.180784642624173
CGAGGAAAGGTTCAGG-1,0.415259791624291,0.501661129568106,0.440347895269782,0.611023141624417,0.225682629019534,0.159159055263401,0.114955800108245,0.133025813064952
CGAGGAACATCAGCAT-1,0.349029312721766,0.418299545731914,0.364488403491007,0.523076252596714,0.199813962250821,0.152181935602915,0.17357628239822,0.165235565850606
CGAGGAACATTGTAGC-1,0.218161683277962,0.41781363708274,0.291401465837311,0.761930357220681,0.33235997127012,0.19512870190977,0.155788081063203,0.17763622082884
CGAGGAATCGATGCAT-1,0.168983207901101,0.315445114923046,0.221973094170404,0.579935209262461,0.245958388771798,0.186710028600424,0.106416501292922,0.14271736091697
CGAGGCTAGAGATCGC-1,0.256367663344408,0.411395122833186,0.307566661844833,0.625433996252016,0.293327367565849,0.222252975366731,0.144217932527512,0.178687913521573
CGAGGCTAGTTAGAAC-1,0.173152982123082,0.302246479987344,0.220689281064661,0.510815404506297,0.220619576352012,0.189350954885137,0.110036682903362,0.144767496039512
CGAGGCTCAGAGTTGG-1,0.23453567473501,0.416073406106629,0.302190317758812,0.558754739456978,0.216262996149725,0.171429559922502,0.112839016176559,0.137312459230267
CGAGGCTGTCGACTTA-1,0.149162655095261,0.243745338667028,0.181240657698057,0.542702325784099,0.278420798549377,0.218735584463511,0.128750977208491,0.170647123820174
CGAGGCTGTTCTTGTT-1,0.165954753994621,0.27266255339345,0.202052895510873,0.529584380493049,0.262266128177654,0.206326690654119,0.116014192074087,0.15455888813451
CGAGGCTTCGAGAATA-1,0.260695640382399,0.472438809410808,0.342784126524905,0.697851446169938,0.282329946190347,0.191161546268106,0.153707378675807,0.170880093720463
CGAGTGCAGCCTTGAT-1,0.154643252649897,0.276222116753678,0.199328559718405,0.562401034327469,0.267352729927351,0.195866777377987,0.126550003006795,0.158006842658786
CGAGTGCAGTAAACTG-1,0.257271679435894,0.674023097611137,0.44458508124789,0.687057832270436,0.228614489750262,0.140453455115786,0.112562391003668,0.12384679899357
CGAGTGCGTGCGGTAA-1,0.178317174045698,0.312416661016566,0.226957664303968,0.520955300201926,0.22105523437224,0.189270227880801,0.104516206626977,0.14197851351891
CGAGTGCGTGTATACC-1,0.204070332451918,0.337469206951884,0.247155118376007,0.628179612708282,0.307951347596227,0.242169480579389,0.141788441878646,0.185543884872932
CGAGTGCGTGTTGATC-1,0.244005243293331,0.510927294505842,0.352054100969188,0.722009965570841,0.300533386711253,0.200814189500876,0.1396476035841,0.168330737383016
CGAGTTAAGTTGTAGA-1,0.267193256039958,0.419723371076005,0.318500168764164,0.658904368290309,0.306102744645527,0.229218562598026,0.152444524625654,0.186449139342625
CGAGTTACAAGGATGC-1,0.334824959884286,0.503785567383099,0.397445633829982,0.697473742318811,0.242614419103015,0.153162192084141,0.113765109146671,0.132133871160989
CGAGTTACAGGTTACT-1,0.353357289759758,0.471919000158203,0.391677515791504,0.55329256068684,0.218453060791956,0.161857643694068,0.130410728245836,0.138244338831423
CGAGTTAGTCAACCTA-1,0.320688408253667,0.422130313919588,0.348413616857129,0.576506820459927,0.248548787810995,0.192556970200203,0.133417523603344,0.157674028515516
CGATCGGAGGTGCCAA-1,0.216410152100707,0.412751146970416,0.290238198563094,0.685677760506704,0.271544466554416,0.187240520343205,0.10550243550424,0.145366561497397
CGATCGGAGGTTAGTA-1,0.242604018351527,0.453556173299885,0.32224311683302,0.705797754114793,0.280716834061392,0.181993265061353,0.131396957123098,0.154492325305856
CGATCGGAGTTGTAGA-1,0.188555156281782,0.417791036680453,0.278063069579054,0.770544910440606,0.338624027128543,0.206522741950364,0.130350592338685,0.168790020900728
CGATCGGCAACCACAT-1,0.228636969738061,0.340599362668655,0.260788851921501,0.724043755538446,0.318312943753017,0.217340160531414,0.16586685910157,0.189471091763516
CGATCGGGTCGTGCCA-1,0.186882726512532,0.276809727213144,0.21143136120353,0.59141159550823,0.291902648094291,0.246597933388689,0.159636779120813,0.195228776442084
CGATCGGTCGGACCAC-1,0.211630167016973,0.390252446493548,0.274253821302859,0.789517265424118,0.363586054233536,0.219958021957745,0.165806723194419,0.194350147103851
CGATCGGTCTAGAGCT-1,0.190306687459037,0.338237620629647,0.242098220743527,0.591905515928934,0.293103651285191,0.224951563797398,0.11700042095135,0.165921162985742
CGATGCGAGACCGCCT-1,0.254729134178588,0.349944629014396,0.279075654563865,0.559611836657611,0.251645492116945,0.198484638804318,0.137326357568104,0.163245337273853
CGATGCGAGCAGCCTC-1,0.244954460189391,0.430605464777273,0.313606008004243,0.545288144457196,0.219147758716104,0.179306209059876,0.119165313608756,0.143090112757432
CGATGCGGTCTACGTA-1,0.262413270956223,0.566332180712817,0.393274748059212,0.669901361186571,0.275382966948863,0.206568871667128,0.150435985326839,0.173535950583756
CGATGCGGTGCGTTTA-1,0.20158428820033,0.361911542025448,0.259155455904335,0.534799599052835,0.221537990556818,0.181555032752099,0.105069456972758,0.138603778106154
CGATGCGTCAGGAGAC-1,0.232015729879992,0.440120234140168,0.311900284488162,0.566105437482749,0.223516113459478,0.179040963188486,0.119971134764568,0.144953871959743
CGATGGCAGAAGTCCG-1,0.189583474585848,0.349424819761792,0.245286657987367,0.665906416607348,0.290984233889484,0.225136082664452,0.156473630404715,0.184126096622602
CGATGGCAGCTAAACA-1,0.359086491739553,0.43428933035008,0.374451516466561,0.701221726687682,0.284131450976698,0.188947319863456,0.166756870527392,0.176671059813358
CGATGGCAGCTGCGAA-1,0.252073586909847,0.501909733993265,0.351776845556681,0.719874486104856,0.282129778991864,0.183227234984777,0.140321125744182,0.160063634064193
CGATGGCAGCTGTGCC-1,0.183051958324858,0.287499717494971,0.212974347847051,0.603614335313857,0.288688198377468,0.21467616938832,0.149473810812436,0.176717653793416
CGATGGCAGTATAACG-1,0.203494022193595,0.342859402897372,0.248517286272241,0.683992620247832,0.297083446172685,0.205277239597749,0.13973179385411,0.168836614880786
CGATGGCCAATAGGAT-1,0.256480665355843,0.389619635229507,0.29784464053233,0.687232157124802,0.298755431007077,0.20385875080727,0.13201034337603,0.164909407990202
CGATGGCCATAGATCC-1,0.195312676565643,0.311569145930798,0.229971310092097,0.6198556009123,0.313779745434422,0.240900913368392,0.16219856876541,0.195228776442084
CGATGGCGTGTCCTAA-1,0.245090062603114,0.427204104233055,0.3096822411881,0.735432979357032,0.307233100589904,0.202693975458991,0.143664682181731,0.172470945325293
CGATGGCTCCTAGCGG-1,0.275419802472484,0.528035799037223,0.378748975360432,0.651350291267778,0.260476397932391,0.173205554017898,0.122593060316315,0.146784349747727
CGCAGGTAGCCTTTGA-1,0.148608945239225,0.252288290731575,0.184911278267997,0.525996193907346,0.243356215191513,0.186110342282498,0.115376751458296,0.148708015495827
CGCAGGTGTATCGAAA-1,0.291658191515809,0.486349357018555,0.366362891171223,0.616325522611386,0.226012316169977,0.138112371990036,0.0936797161585183,0.110933610234701
CGCAGGTGTGCCCTTT-1,0.454200284765069,0.49406739439962,0.455765707121848,0.510858985719889,0.193903142625016,0.139311744625888,0.13597931324794,0.130988990508141
CGCAGGTGTGCCTGAC-1,0.209550930006554,0.454674893213099,0.306156275615989,0.751950259308221,0.343227872693662,0.234016053141434,0.182572614107884,0.204088288935927
CGCAGGTTCGGCCCAA-1,0.20890681854137,0.372149524261532,0.265230965813202,0.674375699115301,0.323175829222056,0.252756250576621,0.151253833664081,0.196580001863759
CGCAGGTTCGTGTTCC-1,0.199550251994486,0.363538770990124,0.26104802545928,0.731292764065837,0.356062122478776,0.246321155088108,0.164784412772867,0.199302421555706
CGCATAAAGTGCACCC-1,0.259825524894343,0.354498610075259,0.281824099522638,0.671048999811148,0.290901812101873,0.205657809761048,0.157808647543448,0.17863466325865
CGCATAACAGGTTCAT-1,0.340836666892671,0.467930029154519,0.381159891990935,0.681871667853044,0.278644514830034,0.200721930067349,0.15841000661495,0.17678421662207
CGCATAACATGTCAGT-1,0.281295907067146,0.436368567360499,0.334243454361348,0.714150820053169,0.300863073861696,0.1983808469416,0.141644115701485,0.168936459123767
CGCATAAGTTTCCATT-1,0.181198725337311,0.281510610888874,0.21555402864169,0.494065691415954,0.217110763108008,0.174981548113295,0.110313308076252,0.138896654552232
CGCATAATCCAGCAAT-1,0.390704454539291,0.516712997491355,0.432771589758426,0.546334093583393,0.182140376078842,0.127294953408986,0.125154849960912,0.122881637978088
CGCATAATCGTGGTAT-1,0.231834926661695,0.396309354306507,0.290406962727229,0.531501953891076,0.216533810594732,0.183607805148076,0.121474532443322,0.147303539811228
CGCATGGAGACTACCT-1,0.156067077993988,0.286313196374895,0.203366845074497,0.554512834667403,0.249337682063842,0.185602915398099,0.128726922845631,0.152701785215065
CGCATGGCACAGCTTA-1,0.338893032295975,0.400818134562795,0.349607020589228,0.666661824309601,0.254542029224411,0.197262201310084,0.197510373443983,0.197751507648069
CGCATGGTCACTTGTT-1,0.21057924831062,0.378737541528239,0.267852837648874,0.75200836759301,0.32027929211459,0.196627917704585,0.152540742077094,0.17510683333999
CGCATGGTCCCGAATA-1,0.228998576174656,0.404874906773341,0.290672163556584,0.688830134956491,0.304960614160063,0.212623396992342,0.150327740693968,0.177989003820706
CGCATGGTCTCAGGCG-1,0.307840079553416,0.460110289963161,0.359570133564781,0.6322036114299,0.267800162488667,0.186283328720362,0.150171387335378,0.164829532595817
CGCCAGAAGTAGTGCG-1,0.173503288358533,0.293488824101069,0.214318433868557,0.564623676220637,0.288193667651803,0.232874342651536,0.118684226351555,0.170374216222693
CGCCAGACAGATCCTA-1,0.247915112889009,0.433193210839153,0.315136940064613,0.660589508549181,0.261218194020888,0.172940308146508,0.127764748331229,0.149287112105116
CGCCAGAGTCTACGAT-1,0.241688702058897,0.412807647976134,0.30270866483437,0.653340500021791,0.259263620200403,0.179905895377802,0.119297612604486,0.14582584501511
CGCCAGAGTGTGCCTG-1,0.179006486315456,0.347322982349086,0.242279039490814,0.640367825442713,0.274017120182741,0.201955899990774,0.116603523964159,0.154532263003049
CGCCAGATCCTTGACC-1,0.23286324496576,0.549201075779149,0.368376006557693,0.780278048142714,0.317476951335822,0.175685026293939,0.170629622947862,0.175918899849568
CGCCATTAGTACAGAT-1,0.25889890840057,0.552760639139377,0.384414629442114,0.686796344988887,0.290301310506423,0.211896853953317,0.152781285705695,0.178261911418188
CGCCATTGTCTGTAAC-1,0.150349176215337,0.251949284697268,0.186080572833791,0.550779377369728,0.281576375560763,0.215148998985146,0.140056527752721,0.173036729368851
CGCCATTTCTAGATCG-1,0.241496598639456,0.379053947160259,0.287230580066541,0.556967909699725,0.237186355661788,0.191818894731986,0.118155030368633,0.149726426774232
CGCGTGAAGAAATGGG-1,0.415497095848306,0.532827084322101,0.455144896089493,0.604660284440054,0.214744080349468,0.140476519974167,0.114041734319562,0.125031617343611
CGCGTGAAGGCACTCC-1,0.371437611589486,0.497819061179289,0.412670572351608,0.654212124293621,0.242061015671914,0.163264600055356,0.1432918395574,0.154518950437318
CGCGTGAAGTCCTACA-1,0.148586344836938,0.247587407055846,0.183832393075847,0.495169748826939,0.25974637638498,0.215229725989482,0.116747850141319,0.161900768135043
CGCGTGACATGATGCT-1,0.185854408208466,0.332225913621262,0.237185978108877,0.645365137934541,0.3247065195634,0.2629047882646,0.155018341451681,0.203928538147157
CGCGTGAGTCCCGTGA-1,0.230128596289014,0.455262503672565,0.316824581705965,0.726135653790839,0.295552755831341,0.201021773226312,0.145348487581935,0.171865223584541
CGCGTGAGTCGCATGC-1,0.486665762650575,0.474924853662395,0.463221466801678,0.569403082644508,0.203652462645268,0.134629578374389,0.128642732575621,0.129032043345714
CGCGTGAGTCTTGCGG-1,0.362487852283771,0.490756435464551,0.408499686580838,0.642663102691866,0.272486429841397,0.231951748316265,0.171688014913705,0.198849794320859
CGCGTGATCACCCTCA-1,0.216952561755599,0.528894614324135,0.348226770818265,0.753185060359981,0.292927033168882,0.167600793431128,0.124060376450779,0.145453093174648
CGCGTGATCCACGTAA-1,0.29077677582661,0.615408954279386,0.434513477023965,0.63791275041039,0.257273722756656,0.166885782821293,0.133850502134825,0.14717041415392
CGCGTGATCCTTCACG-1,0.155445566931091,0.261384952652157,0.19091446067795,0.542804015282479,0.251209834096716,0.191657440723314,0.134908894100668,0.158972003674268
CGGAACCCACTCCGGA-1,0.424480755757452,0.531640563202025,0.459671392063262,0.507808300768482,0.181987307044708,0.124723221699419,0.122124000240544,0.120485376146545
CGGAACCCAGCACACC-1,0.190611792889913,0.351831762605374,0.250174791455711,0.61928904513561,0.262795982526581,0.193837069840391,0.150279631968248,0.168137705179919
CGGAACCTCCTTCTTC-1,0.22017311908152,0.345842655999277,0.258932446116013,0.643854322530035,0.302605705942611,0.223752191161546,0.14704432016357,0.180059107791845
CGGAACCTCGAGAGAC-1,0.223133771781138,0.404761904761905,0.286820724239356,0.742042796751747,0.357216027505328,0.240993172801919,0.161921943592519,0.199289108989976
CGGAACCTCTCTGACC-1,0.366465523086311,0.561699098243949,0.44503712811611,0.597759925621395,0.228508518880477,0.152124273456961,0.125275121775212,0.134110787172012
CGGAATTAGTTGGGAC-1,0.210228942075169,0.460110289963161,0.31198466657023,0.701657538823598,0.31770066761648,0.237648768336562,0.159456371399363,0.194942556278872
CGGAATTGTGATGTAA-1,0.217076863968179,0.531312857368861,0.350185640580549,0.737423188111045,0.321444971682229,0.21924301134791,0.147477298695051,0.181190675878962
CGGAATTGTTAAAGTG-1,0.200928876534002,0.336305286234095,0.244147499879454,0.661127010183477,0.294822734283931,0.225113017806071,0.16245113957544,0.186888454011742
CGGAATTTCGATAACC-1,0.221935950459918,0.58142924944064,0.378489801822653,0.762801981492511,0.301286957340838,0.163933480948427,0.122136027421974,0.142990268514451
CGGACACGTGTTGATC-1,0.266910751011368,0.549969489456912,0.387554848353344,0.659746938419745,0.276148312119535,0.211251037918627,0.163040471465512,0.177716096223225
CGGAGAAAGTCTAACC-1,0.180113906027527,0.338441024250232,0.240103187231786,0.560599677499019,0.247818766263585,0.192038010886613,0.117637861567142,0.150132460029021
CGGAGAACACGTGTGC-1,0.173017379709359,0.349775125997243,0.242369448864458,0.594781876025974,0.255931425072708,0.193871667127964,0.115869865896927,0.150957839104331
CGGAGAATCCGTGGCA-1,0.462133025967862,0.48854159604041,0.45990042914316,0.573833839359647,0.181669394435352,0.116062367377064,0.111383727223525,0.110753890597335
CGGAGAATCGACGAGA-1,0.219642009627771,0.423226433430515,0.298543806355176,0.620916077109694,0.24719471558596,0.176157855890765,0.121101689818991,0.146032189783937
CGGAGAATCGGCTTCT-1,0.265362623454697,0.590661513774945,0.405419740585371,0.608175835669771,0.219795358475903,0.13178106836424,0.0981658548319201,0.110574170959969
CGGCAGTAGCAACTCT-1,0.371844418830655,0.486880466472303,0.409759390520276,0.590336592239639,0.207137726807098,0.140303533536304,0.111335618497805,0.122741856037914
CGGCAGTCAATAACGA-1,0.216455352905282,0.494779307071666,0.329349293601427,0.807095021572701,0.354307715856775,0.188808930713165,0.148956642010945,0.174361329659065
CGGCAGTGTCCGATCG-1,0.211132958166655,0.574208420909892,0.368538743430252,0.787817598094048,0.336339766157614,0.179144755051204,0.137795417643875,0.160975544816753
CGGCAGTTCGCTTAAG-1,0.257068275815309,0.425463873256944,0.315046530690969,0.72757383383936,0.295611628536778,0.17947919549774,0.130037885621505,0.154492325305856
CGGCAGTTCGTGACTA-1,0.222986869166271,0.566546884534545,0.370413231110468,0.735156965004286,0.307480365952737,0.197965679490728,0.131204522220218,0.162246894844043
CGGGACTAGCCGTTGC-1,0.246412186136913,0.587779962483332,0.39453445199865,0.694902450716911,0.24018886363904,0.150325214503183,0.111419808767815,0.128313164796251
CGGGACTAGGCTAAAT-1,0.237982236083802,0.363007661536375,0.274482858382757,0.659630721850168,0.298555263808593,0.217812990128241,0.151157616212641,0.180531703875288
CGGGACTGTCCACGCA-1,0.162406490835537,0.259802924492056,0.194524808332128,0.514519807661577,0.266045755866665,0.233854599132761,0.133754284683384,0.175592741989164
CGGGACTTCACGGACC-1,0.196453996881144,0.301014758062694,0.224022373306331,0.643142496041373,0.315581250220773,0.231006089122613,0.161994106681099,0.191248319288576
CGGGCATAGGTAGCCA-1,0.372330327479829,0.477987208172305,0.403225806451613,0.648226970960385,0.246240977757892,0.158939939108774,0.136676889770882,0.14617197172411
CGGGCATGTGCAACAG-1,0.164982936696273,0.287646620109838,0.208261005834418,0.592907883841539,0.305690635707473,0.230959959405849,0.154982259907391,0.186728703222972
CGGGCATTCTCTTCAA-1,0.207290889777838,0.312823468257735,0.237312551231978,0.653267864665805,0.328474372711324,0.249642494695083,0.153899813578688,0.1958411544657
CGGGTCATCCAAACCA-1,0.165118539109996,0.260684340181255,0.194898500409856,0.555268242369656,0.295152421434375,0.229725989482425,0.144133742257502,0.178887602007535
CGGGTGTGTAGAATGT-1,0.315196510497887,0.475275159897846,0.372775929408361,0.658817205863126,0.278668063912209,0.20581926376972,0.130951951410187,0.163824433883142
CGGGTGTGTGCCTAAT-1,0.467444120505345,0.516068886026171,0.474402092675635,0.523512064732629,0.184848520528912,0.121782452255743,0.120392086114619,0.114947348802535
CGGTCAGCACCAACAT-1,0.251565077858386,0.457341740682984,0.329976131925358,0.739892790214565,0.322363385887035,0.215667958298736,0.170028263876361,0.192073698363886
CGGTCAGGTCTCACAA-1,0.205595859606301,0.322767645264086,0.244527219248758,0.526112410476924,0.240365481755349,0.203316726635298,0.106296229478622,0.149606613682655
CGTAAGTCAAATCCCA-1,0.191741813004271,0.322699844057224,0.235450118134915,0.610180571494981,0.263137444218112,0.196397269120768,0.131060196043057,0.160283291398751
CGTAAGTGTCAACGCC-1,0.212963590751915,0.293330621285059,0.232876464631853,0.425120211514157,0.229521129413981,0.148560752836978,0.156846473029046,0.156469241316879
CGTAAGTGTCTGTGGC-1,0.418435148145637,0.51202341401677,0.446556005593327,0.543472260557549,0.19027658397014,0.125565089030353,0.116314871609838,0.114554628113476
CGTAAGTTCGCCACTT-1,0.22642213031392,0.456302122177775,0.314841602777376,0.734750207010765,0.307103580637945,0.202866961896854,0.148547717842324,0.175472928897586
CGTAAGTTCGTCAAAC-1,0.229111578186092,0.362566953691776,0.272059887169102,0.711187297528945,0.361961167563494,0.253748039487038,0.185723735642552,0.212748112943808
CGTAAGTTCTTAGCTT-1,0.263068682622551,0.446640450200014,0.329017792564733,0.744991792204774,0.295800021194174,0.165917058769259,0.122087918696254,0.145386530345994
CGTAATGAGAGGCTGT-1,0.195504779985084,0.39022984609126,0.270547036983461,0.664148640992489,0.322222091393988,0.24087784851001,0.150676528955439,0.191494601754596
CGTAATGAGGCAGGGA-1,0.194917169525618,0.365324202770809,0.255165388880852,0.74212995917893,0.341402818825136,0.229310822031553,0.14727283661074,0.185530572307201
CGTAATGCATGGGTTT-1,0.257791488688499,0.374567767306258,0.292823906649308,0.532213780379738,0.233359629808428,0.186087277424117,0.116050273618378,0.144780808605242
CGTAATGTCATGAGAA-1,0.215008927158903,0.550331095893507,0.358418920873716,0.781774336476023,0.319926055881972,0.169100009225943,0.130194238980095,0.1511175898931
CGTAATGTCTTGGTCC-1,0.170260130630325,0.267758266097137,0.205325714836781,0.486192018827084,0.215061992958824,0.176330842328628,0.108364904684587,0.138131182022711
CGTAGTAAGCCAGTAG-1,0.190713494700206,0.372884037335865,0.255081006798785,0.766477330505397,0.338529830799845,0.222587415813267,0.152901557519995,0.188865370022764
CGTAGTAAGTGATTCC-1,0.210590548511764,0.401258842407395,0.281540816818554,0.609091041155193,0.272380458971612,0.20359350493588,0.110181009080522,0.151323934661927
CGTAGTAGTTGTTGTG-1,0.220862431351278,0.524012927430108,0.346659675008438,0.765750976945538,0.331335586195528,0.208921487222068,0.160731252630946,0.184984757112238
CGTAGTATCCCATGGG-1,0.184995592921554,0.34036205844464,0.240211678480158,0.636460043290672,0.305937901070306,0.235895839099548,0.160851524445246,0.192526325598733
CGTCAAAAGGATTTAG-1,0.247440504440979,0.499581892557688,0.348841554559043,0.696456847335009,0.283884185613866,0.190331211366362,0.117950568284323,0.150079209766098
CGTCAAAAGTGTACAA-1,0.20202499604493,0.415519696250593,0.284096388446888,0.701701120037189,0.299155765404043,0.214399391087739,0.12816164531842,0.167086012487187
CGTCAAACACAGTCCG-1,0.430684566185278,0.440606142789342,0.41814335310285,0.538881706059241,0.177301039691978,0.127952301872866,0.10937518792471,0.113576154532263
CGTCAAAGTGCGACAA-1,0.276583723190273,0.488428594028974,0.360992574376778,0.653907055798481,0.31348538190724,0.297824983854599,0.172096939082326,0.23207795838492
CGTCAAAGTTGTACGT-1,0.188159649241757,0.380556873912356,0.261090216500313,0.684094309746212,0.300580484875602,0.222449026662976,0.132599675266101,0.17335623094639
CGTCAAATCACCGACG-1,0.163468709743033,0.285307478473117,0.206344327113168,0.524834028211572,0.269319078288924,0.221607159332042,0.144013470443202,0.175512866594779
CGTCAAATCCTGTTGC-1,0.200601170700838,0.342407394851628,0.249915617917932,0.603788660168224,0.282906898703623,0.220096411108036,0.124866197606591,0.167072699921456
CGTCAAATCTCACGAA-1,0.153920039776708,0.256898772798156,0.191691981291287,0.495285965396516,0.224634694862768,0.18677922317557,0.109904383907631,0.143329738940586
CGTCCATAGGTATAGT-1,0.115951363934278,0.278391755373246,0.181017647909735,0.485058907273705,0.187474243191372,0.147730417935234,0.137554874015275,0.159351411797596
CGTCCATCACCCTGAG-1,0.193448143376952,0.307580174927114,0.231291286947297,0.527565117596641,0.227943340908288,0.185764369406772,0.11330807625233,0.144215024561684
CGTCCATGTCACGACC-1,0.189764277804145,0.292347503785567,0.217705771734413,0.614959977918852,0.313497156448327,0.238778946397269,0.16598713091587,0.195648122262604
CGTCCATGTCCTGAAT-1,0.190340588062468,0.306630958031053,0.233503302955784,0.464561209814489,0.178089933944825,0.114563151582249,0.168248241024716,0.147057257345208
CGTCCATGTGCAATGG-1,0.245304766424842,0.442798381811196,0.318494141472588,0.724973488095065,0.307103580637945,0.207699049727835,0.168548920560467,0.184884912869257
CGTCCATGTTAAGAAC-1,0.255531448459783,0.526736275905711,0.367164520950865,0.656362130830803,0.271308975732671,0.166401420795276,0.111491971856395,0.138151150871307
CGTCCATTCATTGCGA-1,0.459149772865957,0.437204782245124,0.427835237957471,0.545462469311562,0.205030083952478,0.133049635575238,0.13955138613266,0.135681669928245
CGTCCATTCGCATGAT-1,0.181108323728162,0.322202635206907,0.234919716476204,0.509653238810523,0.216074603492329,0.174243472645078,0.107150159360154,0.137152708441498
CGTCCATTCTTGCAGA-1,0.238468144732976,0.38792460505797,0.290557645016635,0.568618620799861,0.239164478564448,0.184968631792601,0.122556978772025,0.148940985396115
CGTGAATAGGGTCAAC-1,0.241168892806292,0.316654236445409,0.259884758185062,0.528465796010866,0.262430971752876,0.177691668973153,0.16213843285826,0.173562575715218
CGTGAATAGTACCATC-1,0.186001310823333,0.291635591113522,0.217410434447177,0.534334732774525,0.268459536789554,0.215402712427346,0.144302122797522,0.172976822823063
CGTGAATCAACAGCTT-1,0.199877957827649,0.463647252921102,0.306156275615989,0.76409489082906,0.295493883125905,0.16436018082849,0.118900715617295,0.140507475005658
CGTGAATCAACCAACT-1,0.433023707821999,0.412197437114381,0.401230772939872,0.690253787933815,0.257827126187757,0.181185995017991,0.180215286547598,0.175825711889452
CGTGAATCAAGCGCTC-1,0.219619409225484,0.579982823694262,0.376229567481557,0.781600011621657,0.321056411826349,0.170322446720177,0.132527512177521,0.153899916130836
CGTGAATCAGAACTTC-1,0.184566185278098,0.395382737812733,0.265942186219201,0.761276639016808,0.33235997127012,0.209809484269767,0.128029346322689,0.167931360411092
CGTGAATCATCGATGT-1,0.227902456663729,0.362510452686058,0.271408939678866,0.629646846899197,0.298932049123385,0.243622566657441,0.142678453304468,0.187128080194896
CGTGAATTCACGATAC-1,0.174249101634009,0.298992022057993,0.217549062153431,0.543762801981493,0.281293786574668,0.228307500691946,0.115100126285405,0.166353821371993
CGTGATAAGTGTTCAC-1,0.158248016814699,0.282166022555201,0.203077535078837,0.500138007176373,0.207797101107984,0.181670357044008,0.0951590594744122,0.133584940825645
CGTGATATCAGACCGC-1,0.463579451714241,0.459669582118562,0.446043685809345,0.538997922628819,0.179243838971376,0.122474398007196,0.111792651392146,0.112384679899357
CGTGATATCTCAACCC-1,0.464472167604583,0.481298167107374,0.454307102560393,0.587474759213795,0.199919933120607,0.127687056001476,0.12463768115942,0.121443880879162
CGTGATATCTCAACGA-1,0.223856984654327,0.483750310755531,0.329475866724529,0.741418132690268,0.291196175629055,0.177680136543962,0.133116844067593,0.155364298361223
CGTGCTTAGACTAGAT-1,0.231925328270843,0.546828033538997,0.364241284536381,0.759097578337231,0.305926126529219,0.182765937817142,0.143604546274581,0.164842845161548
CGTGCTTAGGCCATAG-1,0.187820643207449,0.368397857481863,0.254418004725397,0.653166175167424,0.289500641712489,0.224144293754036,0.153286427325756,0.183493749750389
CGTGCTTGTGCATTAC-1,0.186803625104527,0.296844983840712,0.225155504122667,0.506195795865595,0.226294905156072,0.182108589353261,0.12060857538036,0.147030632213747
CGTGCTTTCACTTGGA-1,0.223291974597148,0.369132370556196,0.27238536091422,0.602437642546886,0.287675587843964,0.221388043177415,0.121137771363281,0.165808006177031
CGTGCTTTCTACACTT-1,0.344690035482632,0.460788302031776,0.380960991368918,0.660894577044322,0.244086236738923,0.165190515730233,0.123687533826448,0.144301556238934
CGTGCTTTCTAGATCG-1,0.191809614211133,0.336056681808936,0.24156179179324,0.620698171041736,0.298237351199237,0.228930251868254,0.129280173191413,0.173875421009891
CGTGTCTAGAGTCCGA-1,0.339740547381743,0.502045336406988,0.40311731520324,0.658468556154394,0.281529277396413,0.22522834209798,0.155138613265981,0.189677436532343
CGTGTCTGTAGGAGGG-1,0.449386399077904,0.554534770718919,0.483925213366122,0.566657466188242,0.189723180539038,0.115497278346711,0.115737566901197,0.112577712102454
CGTGTCTTCATTCCTA-1,0.175119217122065,0.298562614414537,0.216650995708568,0.53750163429551,0.279645350822452,0.22692360918904,0.118515845811534,0.167039418507129
CGTGTCTTCATTTGCT-1,0.42390444549913,0.456110018758334,0.423947634890785,0.588811249763935,0.242272957411485,0.21519512870191,0.161428829153888,0.185457353195681
CGTGTCTTCCTGCTAC-1,0.204138133658779,0.346441566659887,0.251163267274218,0.622964394148496,0.29658891544702,0.220350124550235,0.128510433579891,0.169189397872652
CGTGTCTTCGACTCCT-1,0.157230998711777,0.260526137365245,0.194271662085925,0.501561660153696,0.232476539226884,0.1853492019559,0.111155210776355,0.14432152508753
CGTGTCTTCGAGATGG-1,0.205900965037178,0.301647569326734,0.230254592796181,0.581939945087671,0.300262572266246,0.24648260909678,0.152360334355644,0.191414726360211
CGTTAGAAGAAGTCTA-1,0.210488846701471,0.355018419327864,0.259354356526351,0.624911021688917,0.302205371545644,0.23083310268475,0.128895303385652,0.174787331762451
CGTTAGAAGGTACAGC-1,0.219156100978597,0.583045178204172,0.377682144751435,0.777939189679969,0.317747765780829,0.168604114770735,0.129665042997174,0.150691587789715
CGTTAGAAGTCCGCGT-1,0.179944403010374,0.333548037155061,0.236968995612132,0.575228438194576,0.255472217970305,0.184657256204447,0.121835347886223,0.148821172304538
CGTTAGACAAGCAGGT-1,0.184249779646078,0.271961940922548,0.206452818361541,0.609149149439981,0.312425673209387,0.245513885044746,0.16603523964159,0.198829825472263
CGTTAGACAAGTGGTG-1,0.353583293782629,0.446098040545122,0.378839384734076,0.54588375437628,0.216792850498652,0.16241120029523,0.122725359312045,0.138397433337327
CGTTAGACACTTCCTG-1,0.236445408728275,0.374454765294822,0.282679974926467,0.558885483097753,0.25716775188687,0.204712150567396,0.129737206085754,0.160283291398751
CGTTAGAGTAGTCTGT-1,0.191594910389405,0.332700522069293,0.24082043492936,0.589130845330273,0.279492281788317,0.210720546175846,0.127945156052679,0.163258649839584
CGTTAGAGTATGCTTG-1,0.111024476235677,0.331638303161796,0.214372679492743,0.4166654560774,0.186897290678096,0.104022511301781,0.140573696554213,0.137738461333653
CGTTAGAGTTAGGACG-1,0.167491581350148,0.28500237304224,0.207760740633589,0.56080305649578,0.297931213130968,0.23031414337116,0.151855192735582,0.182981215969754
CGTTAGATCGAGTGAG-1,0.207788098628156,0.52364002079237,0.340614301557452,0.775295262722083,0.333396130885799,0.191253805701633,0.133621985687654,0.163571495134257
CGTTAGATCGTGCTCT-1,0.190024182430447,0.336926797296992,0.257714933217609,0.547467205136772,0.26443264373771,0.182212381215979,0.139948283119851,0.160542886430502
CGTTCTGGTCTACATG-1,0.166248559224354,0.268232874545167,0.198725830560779,0.596379853857664,0.317159038726466,0.249700156841037,0.157544049551988,0.196233875154759
CGTTCTGGTTATTCCT-1,0.33272312247158,0.437261283250842,0.362264332899368,0.653296918808199,0.288617551130945,0.213868899344958,0.151590594744122,0.179666387102786
CGTTCTGGTTCGAAGG-1,0.261983863312767,0.367719845413248,0.289985052316891,0.578671354068306,0.268235820508896,0.210293846295784,0.135077274640688,0.167219138144495
CGTTCTGGTTTACACG-1,0.235688295251655,0.36245395168034,0.273566710063166,0.683673024681494,0.312743585818743,0.225251406956361,0.13599134042937,0.176691028661954
CGTTCTGTCCACACAA-1,0.264763712794088,0.444877618821615,0.329156420270987,0.692214942545433,0.289406445383791,0.233393301965126,0.16984785615491,0.194423366215371
CGTTCTGTCTCGAGTA-1,0.182599950279115,0.303093995073112,0.224082646222094,0.521173206269884,0.22844964617504,0.195532336931451,0.108870046304648,0.146511442150246
CGTTGGGAGACTAGAT-1,0.425486473659231,0.531810066219179,0.460322339553498,0.589552130394991,0.201309328968903,0.133372543592582,0.111431835949245,0.119220682402119
CGTTGGGCACTTGAGT-1,0.142450335615974,0.247734309670712,0.181982014561936,0.55663378706219,0.271379622979194,0.206661131100655,0.126249323471045,0.163711277074431
CGTTGGGGTCACCACG-1,0.40256966574005,0.405383415824802,0.383209171126862,0.542963813065648,0.217204959436706,0.155249561767691,0.140597750917073,0.146571348696034
CGTTGGGGTGAGAGGG-1,0.177243654937058,0.362747756910073,0.247124981918125,0.681348693289946,0.285214708756726,0.194713534458898,0.119141259245896,0.15413954231399
CTAACCCCAATCTCGA-1,0.172960878703641,0.283070038646688,0.209665364771686,0.554396618097825,0.274652945401453,0.213419134606514,0.130723434963016,0.166813104889705
CTAACCCCAGATACCT-1,0.464155761972563,0.467647524125929,0.448026664737933,0.604355215944913,0.196976297848791,0.131181382046314,0.124733898610861,0.122934888241011
CTAACCCCAGCGGTTC-1,0.517085904129093,0.445160123850205,0.463769950335117,0.516292110347633,0.185602091158497,0.126280099640188,0.136989596488063,0.127061783617557
CTAACCCTCGCAGTCG-1,0.393597306032047,0.521786787804823,0.437713968850957,0.563229077385708,0.201450623461951,0.130500968724052,0.122629141860605,0.119626715656909
CTAACTTAGACGGTCA-1,0.209776934029426,0.329186159513639,0.246847726505617,0.58400278919767,0.259475561939973,0.198265522649691,0.137987852546756,0.162759428624679
CTAACTTAGTAAAGCT-1,0.257395981648473,0.439058015232671,0.322297362457206,0.725162340020628,0.309599783348444,0.1983808469416,0.15855433279211,0.178335130529707
CTAACTTCAATAAGGT-1,0.207968901846453,0.350882545709314,0.253128164328078,0.722111655069221,0.345712300863074,0.250207583725436,0.160598953635216,0.201505651184153
CTAAGTGAGCAATAGT-1,0.181492530567044,0.293093317061044,0.220984618351897,0.469602103519909,0.227884468202852,0.190930897684288,0.152348307174214,0.179726293648575
CTAAGTGCAGTGCGCT-1,0.209019820552806,0.520701968495039,0.339963354067216,0.787527056670105,0.327567733047604,0.17270965956269,0.129123819832822,0.151976250382736
CTAAGTGGTTCTTAGG-1,0.269204691843515,0.574457025335051,0.401387482520854,0.660168223484463,0.270920415876791,0.203558907648307,0.152444524625654,0.170720342931693
CTAAGTGTCGCAGTCG-1,0.168316496033629,0.274696589599295,0.204349293601427,0.478579833519764,0.243933167704789,0.207133960697481,0.112345901737928,0.154538919285914
CTACAGAAGGGCAATC-1,0.215325332790924,0.418005740502181,0.293860600800424,0.682394642416142,0.301392928210623,0.229207030168835,0.1621143784954,0.190502815607652
CTACAGACACAGTCGC-1,0.216161547675549,0.364646190702195,0.264375090409374,0.707555529729651,0.323505516372499,0.227938462957837,0.171206927656504,0.196027530385931
CTACAGAGTGAGCGAT-1,0.187967545822316,0.365866612425701,0.254749505762091,0.635777270944405,0.312084211517856,0.234027585570625,0.138348667989657,0.180797955189904
CTACAGAGTGCAACGA-1,0.213076592763351,0.383110719370805,0.271228120931578,0.760201635748217,0.336092500794782,0.206222898791401,0.164640086595706,0.187361050095185
CTACATTAGATGAACT-1,0.226569032928786,0.489411711528465,0.331724046482473,0.769862138094339,0.326484475267576,0.180148076390811,0.146948102712129,0.167458764327649
CTACATTCAATTGGTC-1,0.195662982801094,0.352611476484281,0.249783017503255,0.697342998678037,0.327626605753041,0.246113571362672,0.17344398340249,0.203855319035638
CTACATTCAGCGTAGA-1,0.229563586231835,0.443363391868375,0.31306355176238,0.589929834246118,0.225706178101708,0.147084601900544,0.081496181369896,0.108950037940812
CTACATTCATACTTTC-1,0.197143309150903,0.287239812868669,0.219568204831477,0.573790258146055,0.286191995666969,0.217859119845004,0.155812135426063,0.179173822170747
CTACATTGTCTTGTCC-1,0.224534996722942,0.495479919542568,0.333797434784705,0.784084140796374,0.340001648435752,0.182235446074361,0.149509892356726,0.170993250529174
CTACCCAAGCGGATCA-1,0.274685289398151,0.343729518385427,0.284681035729784,0.559335822304865,0.268965842056306,0.219808100378264,0.138084069998196,0.174321391961873
CTACCCACAGATCATC-1,0.21468122132574,0.375098876760006,0.270691691981291,0.721632261719715,0.316652733459713,0.212646461850724,0.162619520115461,0.184884912869257
CTACCCAGTAGTGGCA-1,0.155106560896784,0.27708093204059,0.202902743623126,0.477112599328849,0.204606200473337,0.181947135344589,0.111648325214986,0.143828960155491
CTACCCAGTCGCCACA-1,0.193640246796393,0.342249192035618,0.246112396933314,0.593794035184566,0.278267729515242,0.204988928867977,0.133152925611883,0.164436811906759
CTACCCATCTAGGCAT-1,0.18936877076412,0.328327344226727,0.236028738126236,0.611153885265192,0.304065749037431,0.237498846757081,0.138384749533947,0.181756459922521
CTACCTGAGCGCCGTT-1,0.227992858272877,0.358363278866364,0.269884034910073,0.581111902029432,0.266528512051243,0.199568687148261,0.120368031751759,0.153853322150778
CTACCTGAGGCATGGT-1,0.215280131986349,0.37391235563993,0.268003519938281,0.727530252625768,0.351281658797348,0.258188024725528,0.16972758434061,0.211117323641785
CTACCTGAGTGCTACT-1,0.23680701516487,0.355673830994192,0.271143738849511,0.598907564245972,0.287287027988084,0.219600516652828,0.127872992964099,0.168550394717574
CTACCTGTCCTACGAA-1,0.476111374782471,0.478608719235202,0.458297169583876,0.592965992126327,0.204700396802035,0.136128794169204,0.136604726682302,0.135681669928245
CTACCTGTCGCAGTCG-1,0.218331186295116,0.328135240807286,0.250397801244033,0.585092319537458,0.260888506870445,0.203570440077498,0.149642191352457,0.171818629604484
CTACGGGAGCGGGTTA-1,0.187199132144552,0.428503627364567,0.282722165967501,0.758356697706175,0.302535058696087,0.172490543408063,0.120548439473209,0.146411597907265
CTACGGGGTGAGTAGC-1,0.190995999728795,0.337096300314146,0.240784271179903,0.686825399131281,0.31335586195528,0.221226589168742,0.141259245895724,0.177676158526033
CTACGGGGTGTAACGG-1,0.205889664836034,0.486349357018555,0.320899030811515,0.755494864680332,0.305172555899634,0.174635575237568,0.133453605147634,0.15473195148901
CTACGGGTCTGCCCTA-1,0.22323547359143,0.455838813930888,0.315112830898308,0.631186716446097,0.233630444253435,0.174600977949995,0.11710866558422,0.142144920590545
CTACTATAGTACTGTC-1,0.217675774628788,0.377132912965851,0.272451661121558,0.737408661039848,0.30931719436235,0.199591752006643,0.129568825545733,0.162466552178601
CTACTATCAACCAGAG-1,0.187504237575429,0.285578683300563,0.216988524036839,0.665136481833898,0.367247936511674,0.299231940215887,0.191316375007517,0.240957439727359
CTACTATCACGGGTAA-1,0.228840373358646,0.389890840056953,0.283276676792517,0.78081554977701,0.356497780499005,0.222679675246794,0.16601118527873,0.195521652888161
CTACTATGTATGCTAC-1,0.221653445431329,0.416751418175244,0.292793770191427,0.753925940991037,0.324612323234702,0.193721745548482,0.156341331408984,0.175446303766125
CTAGACAAGCGCCTTG-1,0.162960200691572,0.246061879901462,0.194048652297604,0.508839722823482,0.216993017697135,0.149702463326875,0.18479764267244,0.173050041934582
CTAGACAAGTCGTTAC-1,0.253260108029923,0.425373471647795,0.314938039442596,0.690181152577829,0.308551849191678,0.233543223544607,0.14324373083168,0.183859845307986
CTAGACACAGGGATAC-1,0.412050534499514,0.431577282075621,0.400652152948551,0.554338509813037,0.220336987365917,0.170818341175385,0.137097841120933,0.149699801642771
CTAGACAGTATCAGGG-1,0.219438606007187,0.330022374398264,0.250825738945947,0.596002150006537,0.294716763414146,0.223648399298828,0.142846833844489,0.177989003820706
CTAGACAGTTCTGACA-1,0.442775781408909,0.541234433972925,0.473244852692994,0.610354896349347,0.208303406374737,0.128609650336747,0.119694509591677,0.122615386663472
CTAGACATCTCTGAGA-1,0.243745338667028,0.636427328406446,0.418396499349052,0.766811453142932,0.313214567462233,0.162918627179629,0.144434421793253,0.157647403384054
CTAGACATCTTGCAGA-1,0.263260786041992,0.505717901778652,0.359817252519408,0.699856181995148,0.266705130167552,0.165421164314051,0.130422755427266,0.148155544017999
CTAGGTAAGCCAAGTG-1,0.188860261712658,0.409948697086808,0.27301219923815,0.781774336476023,0.340425531914894,0.194851923609189,0.131541283300259,0.164696406938509
CTAGGTAAGTGGGAAA-1,0.195685583203381,0.327299025922661,0.237650079560249,0.598006885831747,0.282212200779475,0.216602085063198,0.155102531721691,0.179373510656709
CTAGGTAGTCGGCACT-1,0.217766176237937,0.405993626686555,0.286308404455374,0.694771707076136,0.294069163654347,0.201921302703201,0.132298995730351,0.16479625118149
CTAGGTAGTGTTAACC-1,0.427012000813614,0.455375505684001,0.421277544722504,0.515231634150239,0.20209822322175,0.145862164406311,0.130927897047327,0.132420091324201
CTATAGGAGAGTGTGC-1,0.238468144732976,0.51663389608335,0.355109937798351,0.725089704664643,0.327944518362397,0.203581972506689,0.129580852727163,0.165781381045569
CTATAGGAGGTCGAGT-1,0.178249372838837,0.33089248988632,0.237710352476011,0.526882345250374,0.213248713631386,0.173032567580035,0.10196644416381,0.133791285594473
CTATAGGCACATACTG-1,0.224840102153818,0.445092322643343,0.309832923477506,0.769440853029621,0.337823358334609,0.205092720730695,0.164916711768597,0.185237695861123
CTATAGGCACCAGTAT-1,0.175537324564377,0.277668542500057,0.208164569169198,0.551796272353531,0.288970787363563,0.229656794907279,0.140020446208431,0.178434974772688
CTATAGGCATCAGTGT-1,0.21909959997288,0.572920197979524,0.372191282125464,0.790229091912779,0.330299426579849,0.174047421348833,0.139815984124121,0.160829106593714
CTATCCGAGGCGAACT-1,0.26088774380184,0.373019639749588,0.290648054390279,0.603381902174703,0.269177783795877,0.198057938924255,0.143821035540321,0.16696619939561
CTATCCGCAAATGGAT-1,0.266481343367912,0.418141342915904,0.316408698587203,0.717375829858942,0.306102744645527,0.201367746102039,0.16237897648686,0.180931080847212
CTATCCGGTATTGGCT-1,0.436312066354781,0.488089587994666,0.442553883986692,0.50082077952264,0.175994065631292,0.116246886244118,0.125623910036683,0.11923399496785
CTATCCGTCGTGCATA-1,0.467579722919068,0.473681831536601,0.451890158638314,0.588230166916048,0.203852629843752,0.136543961620076,0.134030909856275,0.131821025866315
CTATCTAAGAGCAGAA-1,0.241790403869189,0.39493072976699,0.296024398476301,0.604761973938434,0.238187191654205,0.181901005627825,0.106801371098683,0.140174660862388
CTATCTACACGTACTA-1,0.185447600967297,0.329479964743372,0.239271420994262,0.56671557447303,0.252540357239577,0.195589999077406,0.141259245895724,0.16429037368372
CTATCTAGTGTTGAGG-1,0.117454290686374,0.329852871381111,0.216042239259366,0.403794470996702,0.179761918779216,0.086573945935972,0.131481147393108,0.122735199755049
CTCAACCCATTCACCC-1,0.236705313354578,0.574005017289308,0.38554776025845,0.689658178014731,0.32582510096669,0.245075652735492,0.144807264417584,0.191175100177057
CTCAACCGTCCACGCA-1,0.188690758695505,0.320552805839944,0.231520324027195,0.632668477708209,0.276854784584771,0.197319863456038,0.137915689458175,0.165009252233183
CTCAACCGTTAGGCTT-1,0.304246615589758,0.627421068095012,0.445814648729447,0.727326873629008,0.296659562693544,0.186629301596088,0.151518431655542,0.168077798634131
CTCAAGAAGTCTTGGT-1,0.211765769430696,0.340147354622912,0.252639953710401,0.605575489925476,0.291278597416666,0.22718885506043,0.123567262012147,0.170174527736731
CTCAAGACATACCAGT-1,0.274075078536398,0.492496666440663,0.357990983171802,0.747243488240336,0.294080938195434,0.163795091798136,0.128510433579891,0.148135575169402
CTCAAGACATCATTGG-1,0.218410287703121,0.424751960584898,0.295602488065963,0.770399639728634,0.337340602150031,0.203605037365071,0.165554152384389,0.186735359505838
CTCAAGATCCGCTTAC-1,0.2435306348453,0.423260334033946,0.307843917257341,0.723825849470488,0.32754418396543,0.246920841406034,0.178988514041734,0.20926022072234
CTCAATTAGTGCCAGA-1,0.283985354939318,0.366951431735485,0.301913062346304,0.683934511963043,0.290254212342074,0.201748316265338,0.155896325696073,0.176025400375414
CTCAATTGTCTACACA-1,0.168757203878229,0.295929667548082,0.212691065142967,0.57402269128521,0.289100307315522,0.221826275486669,0.137542846833844,0.172863666014351
CTCAATTGTTAATGAG-1,0.197301511966913,0.393020995773725,0.268805149717923,0.728866743175908,0.315298661234678,0.221411108035797,0.160923687533826,0.188858713739899
CTCAATTGTTTGGAGG-1,0.445612131895948,0.450019210341944,0.428269202950962,0.638871537109403,0.224870185684513,0.149148906725713,0.132575620903241,0.140920164543312
CTCAATTTCGCCGAGT-1,0.229665288042127,0.385348159197234,0.281203288490284,0.672545288144457,0.324800715892098,0.239401697573577,0.162499248301161,0.19550834032243
CTCAATTTCGTGCACG-1,0.193052636336927,0.309908016362691,0.231188822990501,0.526170518761713,0.240436129001872,0.203166805055817,0.121029526730411,0.155650518524435
CTCACTGAGCTACTGT-1,0.227269645399688,0.442335073564309,0.309718404937557,0.768220579049058,0.343781276124763,0.246321155088108,0.18497805039389,0.215250875301197
CTCACTGCACATTGTG-1,0.176215336632992,0.323027549890388,0.228006413038237,0.649301974228976,0.298284449363586,0.222425961804595,0.126092970112454,0.169136147609729
CTCACTGGTTGACTGT-1,0.245225665016837,0.484179718398987,0.339818699069386,0.68935310951959,0.286427486488714,0.194436756158317,0.119682482410247,0.152668503800738
CTCAGAAAGCGCCTTG-1,0.178712681085723,0.331174994914909,0.235040262307729,0.565684152418031,0.23154635048099,0.176711412491927,0.102435504239581,0.134636633518378
CTCAGAAAGGATCACG-1,0.184803489502113,0.288448934391032,0.21383022325088,0.615235992271598,0.293127200367366,0.224040501891318,0.158241626074929,0.18543072806422
CTCAGAACAACACGTT-1,0.174271702036296,0.281397608877438,0.206790346689811,0.617400525879977,0.327920969280222,0.261105729310822,0.164315352697095,0.206031923532622
CTCAGAAGTTAGCTAC-1,0.472563111623387,0.464404366397722,0.449551569506726,0.599401484666676,0.217263832142142,0.146369591290709,0.132840218894702,0.140148035730926
CTCAGAAGTTTATGCG-1,0.209336226184826,0.320202499604493,0.240645643473649,0.64665804727109,0.310753688374996,0.242746102038933,0.173997233748271,0.201771902498769
CTCAGGGAGCCAAGCA-1,0.159208533911904,0.263181684633987,0.194994937075076,0.524601595072417,0.256673221161205,0.201725251406956,0.117998677010043,0.154811826883395
CTCAGGGAGTAACGAT-1,0.176565642868443,0.271204827445929,0.208369497082791,0.496869416157009,0.224340331335586,0.180194206107575,0.112057249383607,0.142005138650372
CTCAGGGCAGAGTGAC-1,0.147185119895134,0.258797206590277,0.188262452384397,0.483998431076311,0.219347925914587,0.188324568687148,0.104227554272656,0.141672324507102
CTCAGGGGTGATATAG-1,0.369166271159627,0.515187470336972,0.421807946381214,0.580603454537531,0.205147829363351,0.129797490543408,0.115629322268326,0.115779384160709
CTCAGGGTCACCCTGT-1,0.228207562094605,0.522656903292879,0.35031221370365,0.798160872786438,0.345712300863074,0.184219023895193,0.144494557700403,0.169921588987846
CTCAGTCAGAATTGTG-1,0.436436368567361,0.478450516419192,0.440582959641256,0.596670395281607,0.190523849332972,0.12735261555494,0.110229117806242,0.115766071594978
CTCAGTCAGACTTCCA-1,0.214590819716591,0.429046037019459,0.296801919089638,0.727515725554571,0.278691612994384,0.175881077590184,0.112045222202177,0.14330977009199
CTCAGTCGTTGCTCCT-1,0.231258616403372,0.467421520103058,0.324003085973287,0.770980722576521,0.332065607742938,0.205150382876649,0.171134764567924,0.190176657747248
CTCAGTCTCAAGAGGC-1,0.32189752977603,0.474755350645241,0.375349582911423,0.589072737045484,0.204900564000518,0.148180182673678,0.123122256299236,0.132479997869989
CTCAGTCTCGCCAGAC-1,0.225020905372116,0.525481953578774,0.351861227638748,0.777401688045673,0.310494648471076,0.175800350585847,0.170521378314992,0.176411464781607
CTCAGTCTCTTTACAC-1,0.222580061925102,0.513560241372296,0.342344134239838,0.798001075003269,0.349692095750568,0.185280007380755,0.147633652053641,0.172391069930908
CTCATCGAGGTTAAAC-1,0.223823084050896,0.51464506068208,0.343248227976277,0.792742275229891,0.347454932943988,0.186352523295507,0.148150820855133,0.172051599504773
CTCATCGAGTATGGAT-1,0.215845142043528,0.520204759644722,0.343856984425479,0.751616136670686,0.294810959742844,0.167220223267829,0.121763184797643,0.14406193005578
CTCATCGCAGGAATAT-1,0.260334033945804,0.405044409790494,0.307211051641834,0.712683585862254,0.294316429017179,0.180148076390811,0.122208190510554,0.15001930322031
CTCATCGCATGTGGCC-1,0.240931588582277,0.617296087870364,0.406564925984859,0.700262939988669,0.241790201226907,0.146957745179445,0.111407781586385,0.126495999573998
CTCATCGGTCACCACG-1,0.244197346712771,0.567823807263769,0.381756593856984,0.750424916832517,0.295187745057636,0.171510286926838,0.141632088520055,0.158266437690536
CTCATCGGTTGGCCGT-1,0.186611521685086,0.323389156326983,0.233141665461208,0.612650173598501,0.294799185201757,0.225643509548851,0.122929821396356,0.168883208860844
CTCATCGTCCTAAGTG-1,0.28165751350374,0.412129635907519,0.327740006750567,0.692607173467757,0.325542511980596,0.229725989482425,0.167213903421733,0.193072140793695
CTCATGCAGATGTTAG-1,0.449861007525934,0.440560941984767,0.425273639037562,0.617821810944695,0.234843221985423,0.165824799335732,0.140621805279933,0.149000891941904
CTCATGCCAAGTGGCA-1,0.218014780663096,0.441679661897982,0.302817156082743,0.797289248514607,0.346041988013517,0.187759479656795,0.146779722172109,0.17209819348483
CTCATGCCATGTAACC-1,0.340226456030917,0.495366917531132,0.396535512801967,0.585513604602176,0.219030013305231,0.140834025279085,0.107270431174454,0.118981056218965
CTCATGCGTCCTGTCT-1,0.297138789070445,0.447567066693787,0.349070591638941,0.527637752952627,0.214508589527723,0.173920564627733,0.127103253352577,0.14355605255801
CTCATGCGTTAAACAG-1,0.235496191832215,0.334146947815671,0.262681421476445,0.541699957871493,0.248160227955115,0.202440262016791,0.124337001623669,0.158026811507382
CTCATGCTCATACGGT-1,0.188238750649762,0.314857504463579,0.228494623655914,0.672312855005302,0.309081703540604,0.220972875726543,0.146358770822058,0.179965919831729
CTCATGCTCCATAAGC-1,0.161818880376071,0.292471805998147,0.208381551665943,0.589770036462949,0.260794310541747,0.187056001476151,0.135606470623609,0.157920310981535
CTCATTAAGAGCATAT-1,0.184057676226637,0.39114516238389,0.262398138772361,0.768525647544199,0.333549199919933,0.202924624042808,0.12824583558843,0.165774724762704
CTCATTAAGAGTCACG-1,0.356736049901688,0.517504011571406,0.415828873137567,0.619361680491596,0.240648070741443,0.170530030445613,0.120536412291779,0.141079915332082
CTCATTAAGATTGAGT-1,0.194657264899315,0.310032318575271,0.229802545927962,0.601420747563084,0.279339212754183,0.209705692407049,0.138132178723916,0.16965533767323
CTCATTACAGCTCTGG-1,0.255983456505526,0.404965308382489,0.305933265827668,0.677193950927554,0.272156742690954,0.186859950179906,0.138937999879728,0.160423073338925
CTCATTACATGCAGCC-1,0.444900219223902,0.472303206997085,0.439311201118665,0.506951203567849,0.19397378987154,0.140072884952486,0.138829755246858,0.134556758123993
CTCATTAGTGATTGGG-1,0.234196668700703,0.399326508011843,0.293559236221611,0.669988523613754,0.296965700761813,0.210305378724975,0.121751157616213,0.160795825179387
CTCATTAGTTGTGGCC-1,0.192216421452302,0.302144778177052,0.223353343941366,0.660298967125238,0.318148100177796,0.238951932835132,0.170401106500692,0.199415578364418
CTCATTATCAAGGCTT-1,0.217223766583045,0.35131195335277,0.25932422006847,0.731162020425062,0.341508789694922,0.258291816588246,0.170954356846473,0.211050760813132
CTCCAACAGCATCTTG-1,0.183040658123715,0.296483377404118,0.21677756883167,0.609178203582376,0.301086790142354,0.241442937540364,0.15089301822118,0.189750655643862
CTCCAACAGTGGATAT-1,0.222500960517097,0.580355730332,0.378622402237331,0.791260513967779,0.341708956893405,0.177587877110435,0.160538817728065,0.174534393013565
CTCCAACTCGAACGCC-1,0.224523696521798,0.382489208307908,0.277056511885819,0.713816697415634,0.320373488443288,0.246159701079435,0.180552047627638,0.207942276714991
CTCCAACTCGCCTATC-1,0.147377223314575,0.282482428187222,0.197779545783307,0.496753199587431,0.198189075580779,0.15732539902205,0.138637320343977,0.158645845813864
CTCCAACTCGGACTGC-1,0.165186340316858,0.255079440414039,0.193608660012537,0.524325580719671,0.263137444218112,0.215241258418673,0.157026880750496,0.180837892887096
CTCCACACACACGCCA-1,0.50763893597306,0.419282663231406,0.445754375813684,0.550038496738673,0.19332619011174,0.135609834855614,0.155535510253172,0.139895096982041
CTCCACATCGCATGAT-1,0.253892919293963,0.34995592921554,0.279190173103814,0.558711158243387,0.239364645762931,0.190677184242089,0.13973179385411,0.160449698470386
CTCCACATCGGTCGAC-1,0.385054353967501,0.499107284109657,0.421530690968706,0.524790446997981,0.20342874636461,0.151167081834118,0.132359131637501,0.134550101841128
CTCCATGAGCGATGAC-1,0.189696476597283,0.392207381291387,0.267527363903756,0.683934511963043,0.28687491905003,0.194921118184334,0.123988213362199,0.157194776149207
CTCCATGCAATTCTCT-1,0.470257870590096,0.464867674644609,0.449316505135252,0.604079201592167,0.197694544855114,0.131192914475505,0.131180467857358,0.1257837773074
CTCCATGCACACGGTC-1,0.405869324473976,0.420514385156056,0.392497227445875,0.568763891511832,0.225035029259735,0.160935049358797,0.140838294545673,0.148907703981788
CTCCATGCAGGACGAT-1,0.205109950957127,0.344362329649468,0.250940257485896,0.585121373679852,0.286733624556983,0.218885506042993,0.121294124721871,0.164383561643836
CTCCATGCATGTGCCG-1,0.189662575993853,0.301726670734739,0.226409180770529,0.521303949910659,0.235031614642819,0.197711966048528,0.112309820193638,0.149313737236578
CTCCATGGTCCACGCA-1,0.16775148597645,0.274877392817592,0.203794782776412,0.552943910978108,0.267164337269955,0.227488698219393,0.125491611040953,0.168809989749324
CTCCATGGTGGCTTGC-1,0.217370669197912,0.541742943024386,0.355290756545639,0.808649418190799,0.351552473242355,0.181255189593136,0.152985747790005,0.175133458471451
CTCCATGTCACCTTGC-1,0.335830677786065,0.513526340768866,0.402255412507835,0.566294289408312,0.18928752251881,0.140315065965495,0.123014011666366,0.127627567661115
CTCCATGTCCTCTAGC-1,0.194951070129048,0.433419214862025,0.288598775254352,0.746909365602801,0.30114566284779,0.184334348187102,0.127536231884058,0.156256240265186
CTCCATGTCTTAATCC-1,0.208793816529934,0.410412005333695,0.282565456386518,0.783561166233276,0.340849415394035,0.189846849340345,0.163413314089843,0.180332015389326
CTCCCAACAATGACCT-1,0.207347390783556,0.398738897552376,0.275772698780076,0.781745282333629,0.33480907581627,0.183942245594612,0.159131637500752,0.175992118961087
CTCCCAACAGACAATA-1,0.238219540307817,0.364115081248446,0.27600776315155,0.673155425134739,0.324376832412957,0.239194113848141,0.161043959348127,0.193977395263389
CTCCCAATCACCGACG-1,0.258446900354826,0.42040138314462,0.316487053377694,0.604761973938434,0.243262018862815,0.175650429006366,0.0996812796921041,0.131002303073871
CTCCCAATCTACGGGC-1,0.254265825931702,0.525843560015368,0.364705385987753,0.741200226622311,0.304866417831365,0.196766306854876,0.16212640567683,0.178628006975784
CTCCCTCAGATTGATG-1,0.172022962008724,0.283725450313016,0.20946646414967,0.566178072838735,0.258262784207985,0.195947504382323,0.124024294906489,0.156455928751148
CTCCCTCAGCCGTTAT-1,0.223484078016589,0.612188396953466,0.394208978253532,0.766361113935819,0.30905815445843,0.160220038748962,0.127175416441157,0.143935460681337
CTCCCTCCAATTCTCT-1,0.17141275114697,0.338667028273103,0.235691209797965,0.621061347821666,0.318195198342145,0.235284620352431,0.137109868302363,0.18123726985902
CTCCCTCCACTGGATT-1,0.218579790720275,0.451567337898615,0.314419692367038,0.705318360765286,0.310188510402807,0.23618414982932,0.159191773407902,0.19399070782912
CTCCCTCCATGGAGAC-1,0.20221709946437,0.404547200940177,0.276640628767057,0.793817278498482,0.341626535105794,0.195301688347634,0.146551205724938,0.174541049296431
CTCCCTCGTTCACGAT-1,0.18649851967365,0.290980179447194,0.217621389652346,0.61414646193181,0.316805802493848,0.244868069010056,0.150111251428228,0.189990281827017
CTCCCTCTCTCAATCT-1,0.192261622256876,0.32814654100843,0.236950913737403,0.677716925490652,0.30866959460255,0.216417566196144,0.140910457634253,0.175080208208528
CTCCGATAGGAACGTC-1,0.141614120731349,0.240230976111375,0.178160711702589,0.525037407208333,0.263667298567038,0.210536027308792,0.132419267544651,0.167598546267822
CTCCGATAGGTAAAGG-1,0.183549167175176,0.310326123805004,0.22801846762139,0.53389892063861,0.238163642572031,0.200525878771104,0.107438811714475,0.148262044543845
CTCCGATGTACGTTCA-1,0.427034601215902,0.518916536714354,0.453342735908192,0.625332306753635,0.21847660987413,0.151293938555217,0.140321125744182,0.142324640227911
CTCCGATGTTCGCGTG-1,0.419406965443985,0.442922684023776,0.411404841120594,0.55632871856705,0.204370709651591,0.151351600701172,0.130831679595887,0.137605335676345
CTCCGATTCAAGCTGT-1,0.342011887811603,0.469749361538635,0.383432180915184,0.588070369132879,0.215780239965147,0.16319540548021,0.140032473389861,0.148375201352557
CTCCGATTCCGATGCG-1,0.192159920446584,0.358397179469795,0.253887603066686,0.563708470735215,0.248254424283814,0.195532336931451,0.121534668350472,0.153766790473528
CTCCTCCAGGTGGGTT-1,0.308698894840328,0.413451759441318,0.33878200491827,0.576506820459927,0.231628772268601,0.171971584094474,0.131541283300259,0.147789448460402
CTCCTCCCACATATCG-1,0.233383054218365,0.309128302483784,0.246305270263754,0.591077472870695,0.294434174428052,0.230671648676077,0.163617776174154,0.190589347284902
CTCCTCCCACCCTGTT-1,0.188679458494361,0.406276131715145,0.275362842952891,0.562662521609018,0.229273864051149,0.164867607712889,0.0863671898490589,0.119453652302408
CTCCTCCCAGAACCGA-1,0.190962099125364,0.405869324473976,0.275899271903178,0.723026860554644,0.311236444559573,0.206119106928683,0.106320283841482,0.152229189131621
CTCCTCCCAGAGTCTT-1,0.239699866657626,0.299466630506023,0.24896933314046,0.496201170881938,0.240965983350799,0.155307223913645,0.167286066510313,0.164982627101721
CTCCTCCCAGTGTATC-1,0.438176599543472,0.458912468641942,0.428196875452047,0.660909104115519,0.238611075133347,0.153219854230095,0.139815984124121,0.147596416257305
CTCCTCCGTCCAGTTA-1,0.331672203765227,0.360261712658485,0.325564154491538,0.530615802548048,0.225906345300192,0.158098071777839,0.139226652234049,0.14440805676478
CTCCTCCGTGTCCGTG-1,0.275012995231315,0.413632562659615,0.320157673947635,0.735447506428229,0.31374442181116,0.238110065504198,0.187227133321306,0.210857728610035
CTCCTCCGTTTGGCTA-1,0.238660248152417,0.413011051596718,0.3020155263031,0.615933291689063,0.258192136961462,0.195151766768152,0.140068554934151,0.161854174154985
CTCCTCCTCCCGTTGT-1,0.218444188306552,0.394083214681221,0.284030088239549,0.610805235556459,0.254530254683324,0.186248731432789,0.1243490288051,0.152601940972084
CTCCTTTGTTTCGTGA-1,0.190408389269329,0.322937148281239,0.234208496070206,0.58667577029795,0.271379622979194,0.211493218931636,0.148475554753743,0.173043385651717
CTCCTTTTCGTTATCT-1,0.225868420457884,0.472156304382218,0.32267708182651,0.728619782965556,0.325189275747978,0.225528185256943,0.161549100968188,0.191661008826231
CTCCTTTTCTTCTCAA-1,0.269792302302981,0.46676610843673,0.344712859829307,0.737800891962171,0.302358440579778,0.195762985515269,0.179529737206086,0.185457353195681
CTCGAGGGTCGAGTTT-1,0.446561348792008,0.528600809094402,0.470815854187762,0.581228118599009,0.207714679320373,0.138769720453916,0.120331950207469,0.124419239319994
CTCGAGGGTGAACCGA-1,0.495796325174588,0.445329626867358,0.451733449057332,0.580240277757601,0.194291702480896,0.130281852569425,0.13595525888508,0.130216861695755
CTCGAGGTCCGATAAC-1,0.173119081519651,0.329468664542229,0.231894016104923,0.620916077109694,0.272227389937477,0.209613432973522,0.107943953334536,0.153853322150778
CTCGAGGTCGGCTCTT-1,0.20417203426221,0.310857233258752,0.234600270022663,0.603062306608365,0.318018580225836,0.252525601992804,0.163341151001263,0.200820054049017
CTCTCAGAGGACTTCT-1,0.140970009266165,0.331728704770945,0.225679878489802,0.425788456789227,0.193420386440438,0.103088384537319,0.154212520295869,0.142697392068373
CTCTCAGAGGCTTCCG-1,0.178464076660565,0.332836124483016,0.235305463137085,0.60015689236893,0.268035653310412,0.195220961343297,0.121654940164772,0.154672044943222
CTCTCAGAGTTAGAAC-1,0.17412479942143,0.277386037471467,0.208164569169198,0.54768511120473,0.281635248266199,0.218804779038657,0.122220217691984,0.163777839903085
CTCTCAGCAACCCGCA-1,0.175413022351798,0.282324225371212,0.208508124789045,0.61975391141392,0.308481201945154,0.239943721745548,0.159805159660833,0.194749524075775
CTCTCAGCACCAATTG-1,0.415316292630009,0.444064004339277,0.411428950286899,0.650071909002426,0.264032309340743,0.214376326229357,0.197498346262553,0.205466139489064
CTCTCAGCATGCGGTC-1,0.214251813682284,0.516125387031889,0.339848835527267,0.816450455423682,0.361655029495225,0.188451425408248,0.149906789343917,0.175665961100683
CTCTCAGGTAATCAAG-1,0.190069383235022,0.351368454358488,0.247317855248566,0.698694016299374,0.298190253034888,0.203824153519697,0.121691021709062,0.159444599757711
CTCTCAGGTCTAGGCC-1,0.416762718376387,0.494022193595046,0.435574280341386,0.519429957726223,0.185260629466967,0.129497647384445,0.121979674063383,0.123061357615453
CTCTCAGGTGATACTC-1,0.25236739213958,0.550591000519809,0.37833309224167,0.657277336316225,0.260346877980431,0.158155733923794,0.103000781766793,0.127927100390058
CTCTCGACAGATGCGA-1,0.21468122132574,0.321343819919995,0.245015429866435,0.628310356349057,0.311660328038715,0.237002952301873,0.145805520476276,0.184751787211949
CTCTCGAGTCAAACGG-1,0.188057947431464,0.333491536149343,0.240332224311683,0.516219474991647,0.225635530855185,0.188370698403912,0.103902820374045,0.141485948586871
CTCTCGAGTCTGTAGT-1,0.303173096481117,0.42999525391552,0.348925936641111,0.580661562822319,0.242791037219324,0.20398560752837,0.168067833303265,0.185503947175739
CTCTCGATCCGCACGA-1,0.22538251180871,0.39524713539901,0.285157191764309,0.733573514243793,0.320797371922429,0.212681059138297,0.164760358410007,0.186655484111453
CTCTCGATCGAAGCCC-1,0.445069722241056,0.51297263091283,0.459773856020059,0.650652991850313,0.222244463022054,0.150267552357229,0.139852065668411,0.142291358813584
CTCTGGTCAAACCACT-1,0.208714715121929,0.34386512079915,0.253640484112059,0.573993637142816,0.242685066349539,0.186237199003598,0.111624270852126,0.144361462784723
CTCTGGTGTATGGGAC-1,0.279566976292178,0.423576739665966,0.32675153093206,0.595362958873861,0.267976780604976,0.207041701263954,0.130398701064406,0.163877684146065
CTGAATGAGTTTGGCT-1,0.239281759215314,0.34124347413384,0.269046241380973,0.730827897787527,0.369897208256308,0.254612971676354,0.182777076192194,0.212628299852231
CTGAATGCACATACTG-1,0.239688566456483,0.365990914638281,0.276725010849125,0.685997356073042,0.310989179196741,0.219023895193284,0.144903481869024,0.178281880266784
CTGAATGGTTCCGCTT-1,0.267181955838814,0.568829525165548,0.397041805294373,0.659732411348548,0.288911914658126,0.201160162376603,0.13959949485838,0.16831076853442
CTGAATGTCTATTGTC-1,0.201652089407191,0.444821117815897,0.296850137422248,0.804102444906083,0.341237975249915,0.186744625887997,0.140705995549943,0.167305669821745
CTGAGCGGTACGCTAT-1,0.214003209257125,0.401292743010826,0.284536380731954,0.687246684195999,0.292997680415406,0.199845465448842,0.152673041072825,0.173329605814929
CTGAGCGGTGCATTAC-1,0.199889258028793,0.395789545053902,0.273699310477844,0.658134433516859,0.268577282200426,0.18808238767414,0.120307895844609,0.15078477574983
CTGAGCGTCTGCTAGA-1,0.194939769927905,0.322530341040071,0.238186508510536,0.57392100178683,0.269884256261112,0.211723867515453,0.12087317337182,0.160509605016175
CTGAGGCAGGGCAAGG-1,0.220353922299817,0.40288607137207,0.289743960653841,0.665339860830658,0.32148029530549,0.302645539256389,0.173215466955319,0.236298041721581
CTGAGGCCACGTAGAG-1,0.202262300268945,0.373234343571316,0.262114856068277,0.711637636736058,0.324035370721426,0.228964849155826,0.15459739010163,0.187267862135069
CTGAGGCTCACAAGAA-1,0.217833977444799,0.470811580446132,0.318656878345147,0.714543050975493,0.283059967737757,0.186813820463142,0.128642732575621,0.155337673229762
CTGATCCCACCCAACG-1,0.446267543562275,0.484270120008136,0.446097931433531,0.61862079986054,0.224057742349492,0.155168834763355,0.138216368993926,0.147190383002516
CTGATCCCACTACACA-1,0.473817433950324,0.443272990259227,0.439407637783885,0.520955300201926,0.195033498569393,0.140176676815204,0.141199109988574,0.13635395449765
CTGATCCCAGACCTGC-1,0.251847582886975,0.419350464438267,0.309459231399778,0.710417362755495,0.290054045143591,0.180966878863364,0.124938360695171,0.151796530745371
CTGATCCCAGTTTGGT-1,0.181097023527019,0.289556354103103,0.213432422006847,0.609134622368784,0.326873035123456,0.260575237568041,0.162872090925492,0.205120012780063
CTGATCCTCCTTTAGT-1,0.187651140190295,0.385788867041833,0.263573460629731,0.655025640280663,0.283860636531691,0.194309899437217,0.152191953815623,0.169695275370422
CTGATCCTCGATTGGT-1,0.157038895292336,0.268334576355459,0.194494671874247,0.559393930589654,0.259134100248443,0.187113663622105,0.126862709723976,0.154871733429184
CTGCAGGAGCAACAGC-1,0.229563586231835,0.478360114810044,0.328782728193259,0.74043029184886,0.33863580166963,0.241500599686318,0.170365024956401,0.200141113196746
CTGCAGGGTATCTTCT-1,0.143241349696025,0.299500531109454,0.207664303968369,0.473175763034415,0.215179738369697,0.140349663253068,0.165481989295809,0.159650944526539
CTGCATCCAATGTTGC-1,0.228184961692318,0.313354577711483,0.246938135879261,0.576245333178378,0.280775706766829,0.212773318571824,0.151518431655542,0.175619367120625
CTGCATCGTACTGCCG-1,0.199832757023075,0.304472619612629,0.229639809055403,0.644813109229048,0.322905014777049,0.239251775994095,0.144626856696133,0.188066616078917
CTGCATCTCTGTCCGT-1,0.211257260379235,0.430164756932673,0.293324171850137,0.798480468352775,0.351681993194315,0.205346434172894,0.159925431475134,0.185264320992585
CTGCCATCAATACCCA-1,0.195064072140484,0.309004000271205,0.229892955301606,0.59578424393858,0.266504962969068,0.201725251406956,0.13599134042937,0.163904309277527
CTGCCATTCGTAGCCG-1,0.200273464867675,0.344836938097498,0.246474034427889,0.683513226898325,0.333360807262537,0.252848510010149,0.172770461242408,0.205925423006776
CTGCCTACAACGAGGT-1,0.47803240897688,0.506802721088435,0.474179082887314,0.586225431090838,0.201462398003038,0.13126210905065,0.127175416441157,0.125883621550381
CTGCCTATCGCGTGAC-1,0.19135760616539,0.423938346102561,0.282149573267756,0.766259424437439,0.309705754218229,0.173009502721653,0.123134283480666,0.148528295858461
CTGCGAGCAACCGGAA-1,0.17766176237937,0.342362194047054,0.23866266454506,0.629036709908915,0.280045685219419,0.204539164129532,0.122208190510554,0.158905440845614
CTGCGAGCACGGATCC-1,0.43353221687346,0.508429950053111,0.454011765273157,0.5833345439226,0.190841761942328,0.128736507057847,0.105911359672861,0.113762530452494
CTGCGAGGTAAGGAGA-1,0.141105611679888,0.248954731394219,0.182174887892377,0.518020831820097,0.250774176076487,0.196847033859212,0.118924769980155,0.15405301063674
CTGCGAGGTACGATCT-1,0.160349854227405,0.264187402535765,0.194350016876416,0.503145110914189,0.26396166209422,0.220926746009779,0.14347224727885,0.174867207156835
CTGCGAGGTAGTGTGG-1,0.247395303636405,0.605250073451307,0.403870726650272,0.679561863532693,0.23954126387924,0.159447365993173,0.12093330927897,0.13660023696367
CTGCTCACAGCACAGA-1,0.292630008814157,0.464506068208014,0.354639809055403,0.677745979633046,0.270979288582228,0.183504013285358,0.12461362679656,0.151982906665602
CTGGACGAGTTGCATC-1,0.177232354735914,0.322293036816055,0.229669945513284,0.61357990615512,0.264573938230757,0.191772765015223,0.149076913825245,0.166853042586898
CTGGACGCAGAGTAAT-1,0.428989536013741,0.514034849820327,0.45318602632721,0.570042273777184,0.196705483403784,0.133926100193745,0.110229117806242,0.11855505411558
CTGGACGGTCCACACG-1,0.233360453816078,0.547483445205325,0.365422633685327,0.739122855441115,0.298755431007077,0.190423470799889,0.153021829334296,0.17166553509858
CTGGACGGTCGGTAAG-1,0.361470834180848,0.33209031120754,0.326341675104875,0.487179859668492,0.223268848096645,0.195728388227696,0.144506584881833,0.165648255388261
CTGGACGGTGGTGATG-1,0.192792731710624,0.375166677966868,0.260487487342688,0.683367956186353,0.330629113730292,0.251706799520251,0.145071862409044,0.194722898944314
CTGGACGGTTACAGCT-1,0.198860939724727,0.330632585260018,0.242062056994069,0.574632828275491,0.286462810111976,0.22262201310084,0.119465993144507,0.165348722659318
CTGGACGTCCTCTAGC-1,0.165999954799195,0.278888964223563,0.205934471285983,0.513604602176155,0.242061015671914,0.211896853953317,0.110325335257682,0.155104703329473
CTGGACGTCGTGCATA-1,0.234546974936154,0.397439374420865,0.289575196489705,0.657567877740169,0.309117027163866,0.237764092628471,0.150676528955439,0.188239679433417
CTGGCAGGTCATGGCC-1,0.453307568874726,0.445928537527968,0.429800135011331,0.579470342984151,0.217711264703458,0.147211458621644,0.136568645138012,0.142697392068373
CTGGCAGGTCGATTAC-1,0.460788302031776,0.491298845119443,0.459749746853754,0.556750003631768,0.18387123361867,0.119568225851093,0.110734259426303,0.112118428584741
CTGGCAGTCCTTCAGC-1,0.253361809840215,0.445985038533686,0.325648536573605,0.719729215392885,0.306444206337058,0.20464295599225,0.164110890612785,0.180831236604231
CTGGCAGTCTCCGCAT-1,0.330508283047438,0.494835808077384,0.38923646270312,0.725249502447812,0.288040598617669,0.177207306947135,0.156557820674725,0.166420384200647
CTGGTCTAGAACGTGC-1,0.23971116685877,0.378149931068773,0.28420487969526,0.590438281738019,0.24672373394247,0.184922502075837,0.129472608094293,0.153573758270431
CTGGTCTCATGAAGCG-1,0.264537708771216,0.666418062241508,0.445266165196008,0.741548876331043,0.299509001636661,0.169976473844451,0.137157977028083,0.155317704381165
CTGGTCTGTGCTGCAC-1,0.257791488688499,0.427486609261645,0.316963209412219,0.631491784941238,0.251174510473454,0.176215518036719,0.134572133020627,0.152648534952141
CTGGTCTTCCAATCCC-1,0.226715935543653,0.317727755554049,0.247480592121124,0.632944492060956,0.292397178819955,0.214180274933112,0.166624571531662,0.185390790367027
CTGGTCTTCCGTATAG-1,0.299127624471716,0.397767080254029,0.325437581368436,0.600883245928788,0.244145109444359,0.173378540455762,0.131733718203139,0.149080767336289
CTGTACCAGAAATGGG-1,0.168779804280516,0.29857391461568,0.213155166594339,0.62443162833941,0.279162594637874,0.194252237291263,0.13945516868122,0.165242222133472
CTGTACCCAATCGAAA-1,0.182848554704274,0.319547087938165,0.22586069723709,0.679358484535933,0.321162382696134,0.251014853768798,0.167538637320344,0.204773886071062
CTGTACCTCATTTGCT-1,0.168158293217619,0.295500259904626,0.211353006413038,0.605255894359138,0.273416618587291,0.19004290063659,0.145300378856215,0.165854600157088
CTGTAGAAGGCTCAAG-1,0.249960449295997,0.400377426718196,0.298995853223396,0.698069352237895,0.302864745846531,0.214387858658548,0.165674424198689,0.185856730167605
CTGTAGAAGTGGAATT-1,0.2035731236016,0.333706239971071,0.244912965909639,0.608669756090475,0.300792426615173,0.232251591475228,0.137759336099585,0.178288536549649
CTGTAGACAAATCGGG-1,0.408705674961014,0.583338983433905,0.478054631370847,0.53019451748333,0.179926762354437,0.120929052495618,0.12454146370798,0.119466964868139
CTGTAGAGTGCCGTAC-1,0.315592017537912,0.388693018735733,0.33024736004629,0.608030564957799,0.272121419067692,0.214526247808838,0.142810752300198,0.172284569405061
CTGTAGATCCATCGTC-1,0.362668655502068,0.373449047393044,0.347256376874488,0.628063396138704,0.290112917849027,0.227350309069102,0.173083167959589,0.193311766976849
CTGTAGATCCTTCTTC-1,0.449205595859606,0.417384229439284,0.41430999566035,0.586980838793091,0.218782747942399,0.163518313497555,0.149449756449576,0.152076094625717
CTGTATTAGATACGAT-1,0.444708115804461,0.411937532488078,0.408481604706109,0.66825980214129,0.254165243909619,0.203132207768244,0.193433158939203,0.195222120159218
CTGTATTAGTGAGCCA-1,0.320270300811354,0.366205618460009,0.324075413472202,0.694771707076136,0.330605564648118,0.233462496540271,0.172253292440916,0.199741736224823
CTGTATTCACGTATAC-1,0.181650733383054,0.325140687504238,0.231954289020686,0.57592573761204,0.262301451800916,0.211839191807362,0.129713151722894,0.16403077865197
CTGTATTGTGAGTTGG-1,0.158044613194115,0.278572558591543,0.20057620907469,0.547191190784026,0.264173603833791,0.20398560752837,0.117770160562872,0.156196333719398
CTGTATTGTGTCCGTG-1,0.421836508689855,0.472111103577644,0.427497709629201,0.552115867919869,0.206195763520117,0.149829320047975,0.126056888568164,0.131581399683161
CTGTCGTAGAAAGTCT-1,0.500259904626302,0.456720229620087,0.460262066637736,0.514636024231155,0.184648353330429,0.128840298920565,0.136616753863732,0.128552790979405
CTGTCGTAGGTTGTTC-1,0.220116618075802,0.46967026013063,0.321580114759632,0.730363031509217,0.285214708756726,0.17283651628379,0.122027782789103,0.147350133791286
CTGTCGTAGTGCTAGG-1,0.18387687300834,0.335536872556332,0.23827691788418,0.633133343986519,0.293480436599984,0.217051849801642,0.12813759095556,0.167864797582438
CTGTCGTCACTGATTG-1,0.206420774289782,0.472924718059981,0.31325642509282,0.799686215262141,0.347937689128566,0.193098994372175,0.142943051295929,0.172683946376985
CTGTCGTCACTGGCCA-1,0.199968359436798,0.322134834000045,0.239036356622788,0.682075046849805,0.345547457287852,0.281794907279269,0.18880269408864,0.231026265692187
CTGTCGTGTGAACGGT-1,0.215065428164621,0.390388048907271,0.277267467090988,0.724130917965629,0.303736061886988,0.197100747301412,0.134969030007818,0.163724589640161
CTGTCGTTCATCGGGC-1,0.279939882929916,0.431758085293918,0.331350354404745,0.617705594375118,0.275147476127118,0.215575698865209,0.125828372120993,0.165821318742761
CTGTGAAAGGTTTACC-1,0.201256582367166,0.323106651298393,0.237867062056994,0.673997995264175,0.330970575421823,0.248996678660393,0.160707198268086,0.199056139089687
CTGTGAACAAATGGCG-1,0.184848690306687,0.300811354442109,0.220791745021457,0.596801138922382,0.301604869950194,0.241708183411754,0.135197546454988,0.184166034319794
CTGTGAACACATAGCT-1,0.362566953691776,0.469206951883744,0.396083465933748,0.592559234132807,0.248195551578377,0.182327705507888,0.136761080040892,0.156981775097515
CTGTGAACAGCCTTCT-1,0.171401450945827,0.268752683797772,0.202330150923381,0.554846957304938,0.269130685631528,0.227361841498293,0.16212640567683,0.190988724256826
CTGTGAAGTTCGATTG-1,0.167288177729564,0.292155400366127,0.211636289117122,0.591004837514709,0.304454308893311,0.230625518959314,0.152408443081364,0.184884912869257
CTGTGAATCGGACAAG-1,0.252480394151016,0.465771690736095,0.333544288538502,0.718421778985139,0.289983397897067,0.188324568687148,0.149040832280955,0.166427040483512
CTGTGAATCTCAACCC-1,0.178113770425114,0.289816258729405,0.213890496166643,0.577610877870912,0.28687491905003,0.216913460651352,0.138072042816766,0.171479159178348
CTGTGGGAGCTAGAGC-1,0.218026080864239,0.411078717201166,0.289334104826655,0.693493324810785,0.282600760635354,0.19290294307593,0.124168621083649,0.154871733429184
CTGTGGGAGGTCCAGA-1,0.418593350961647,0.495174814111691,0.439112300496649,0.582927785929079,0.239105605859012,0.15563013193099,0.131072223224487,0.142131608024815
CTGTGGGCACTACCCT-1,0.257576784866771,0.540985829547766,0.376536959351946,0.694190624228249,0.276324930235844,0.185683642402436,0.153322508870046,0.167711703076534
CTGTGGGCAGGTGTTT-1,0.1640563202025,0.292969014848464,0.21078644100487,0.503043421415808,0.213013222809641,0.187817141802749,0.0985868061819713,0.137146052158633
CTGTGGGGTCTAACTG-1,0.16803399100504,0.300867855447827,0.21584333863735,0.535743858680651,0.228096409942423,0.189696927760864,0.101377112273739,0.140254536256773
CTGTGGGGTGGAATGC-1,0.232162632494858,0.542059348656406,0.363361299966247,0.800601420747563,0.339742608531832,0.180021219669711,0.157279451560527,0.1764514024788
CTGTGGGTCCTACACC-1,0.234852080367031,0.363075462743237,0.274681759004774,0.662971948225518,0.296388748248537,0.212738721284251,0.159396235492212,0.181563427719424
CTGTGGGTCTGACAGT-1,0.257056975614166,0.457906750740163,0.331482954819422,0.65663814518355,0.277926267823712,0.199787803302888,0.148295147032293,0.171445877764021
CTTACCGAGACCAAGC-1,0.304709923836644,0.576705765362623,0.420102222865133,0.631927597077153,0.259687503679544,0.167646923147892,0.129568825545733,0.145000465939801
CTTACCGAGGGAACAA-1,0.152338011616607,0.271012724026488,0.192246492116303,0.554716213664163,0.254600901929847,0.186502444874988,0.127500150339768,0.154698670074683
CTTACCGCAGCGCGTT-1,0.205934865640608,0.442018667932289,0.296729591590723,0.787221988174964,0.341073131674693,0.200041516745087,0.146647423176379,0.177283437836974
CTTACCGGTCGTGTTA-1,0.235191086401338,0.399563812235858,0.291799267081344,0.635007336170955,0.293974967325648,0.221814743057478,0.127680558061218,0.169369117510018
CTTACCGGTGTTAGCT-1,0.216636156123579,0.45514950166113,0.3096822411881,0.789502738352921,0.347984787292915,0.192476243195867,0.160382464369475,0.180564985289615
CTTACCGTCGAGCCAC-1,0.186521120075937,0.304303116595475,0.223835527267467,0.57849702921394,0.299991757821239,0.229656794907279,0.157255397197667,0.185277633558316
CTTACCGTCTATACGG-1,0.180181707234389,0.305478337514408,0.220231206904865,0.641733370135247,0.326001719082999,0.262362764092628,0.149762463166757,0.20111958677796
CTTAGGAAGAGAATCT-1,0.221698646235903,0.564320744909259,0.369177636337335,0.753475601783924,0.283813538367342,0.16293015960882,0.119213422334476,0.140194629710984
CTTAGGAAGATGTAGT-1,0.159253734716478,0.279691278504757,0.203143835286176,0.566207126981129,0.275229897914729,0.212231294399852,0.132599675266101,0.166686635515263
CTTAGGAAGATTGACA-1,0.333966144597374,0.471274888693019,0.379888133468345,0.657379025814605,0.249926409118205,0.166620536949903,0.129965722532924,0.146684505504746
CTTAGGAGTTGGGTTT-1,0.188973263724094,0.351617058783646,0.24685978108877,0.679605444746285,0.309081703540604,0.226001014853769,0.128053400685549,0.1724310076281
CTTAGGATCAGAATAG-1,0.252898501593328,0.468336836395688,0.335714113505955,0.710068713046763,0.274723592647977,0.180344127687056,0.121462505261892,0.148974266810442
CTTCAATAGCAGATAT-1,0.227925057066016,0.398772798155807,0.288882057958436,0.726222816218022,0.316099330028612,0.208690838638251,0.162860063744062,0.183893126722313
CTTCAATAGCATTTGC-1,0.234433972924718,0.37252243089927,0.277677322918173,0.709996077690777,0.316899998822546,0.211723867515453,0.163353178182693,0.185710291944566
CTTCAATAGCGCCGTT-1,0.215653038624087,0.393687707641196,0.28228820097401,0.549137818324448,0.213849215226837,0.174185810499124,0.105273919057069,0.13474979032709
CTTCAATAGTGGATAT-1,0.163005401496147,0.252887201392185,0.196718742465886,0.497334282435318,0.214331971411414,0.143705600147615,0.186986589692706,0.171339377238175
CTTCAATAGTGTACAA-1,0.264808913598662,0.578830203177617,0.399802304836299,0.730203233726048,0.30793957305514,0.223579204723683,0.155788081063203,0.189697405380939
CTTCAATCAGTACTAC-1,0.199990959839085,0.368669062309309,0.26231978398187,0.655548614843761,0.281682346430548,0.19864609281299,0.156966744843346,0.174181610021699
CTTCAATGTTGAGAGC-1,0.202092797251791,0.439385721065835,0.295650706398573,0.615628223193922,0.237151032038526,0.15889380939201,0.0843586505502436,0.116311886789941
CTTCAATTCGCATGAT-1,0.207313490180125,0.453239767667865,0.303437967115097,0.80154568037538,0.357027634847932,0.198530768521081,0.153791568945818,0.180584954138211
CTTCCGAAGCCAAGCA-1,0.49618053201347,0.43552105227473,0.448008582863205,0.548948966398884,0.184954491398698,0.12148260909678,0.13577485116363,0.122808418866568
CTTCCGAAGTATGCAA-1,0.22064772752955,0.385483761610957,0.277418149380394,0.670961837383965,0.319054739841515,0.235941968816311,0.153334536051476,0.189091683640188
CTTCCGAGTACTGCCG-1,0.368872465929894,0.499073383506226,0.41220044360866,0.556038177143106,0.186285014541558,0.136509364332503,0.123615370737868,0.126349561350959
CTTCCGATCGCCCAGA-1,0.388557416322011,0.534330011074197,0.440763778388543,0.584525763760768,0.206289959848815,0.133972229910508,0.123904023092188,0.126828813717268
CTTCCTTAGAAGCGGG-1,0.256684068976428,0.314281194205257,0.262151019817735,0.604471432514491,0.281270237492494,0.231444321431866,0.172505863250947,0.194769492924371
CTTCCTTAGCGGGTAT-1,0.276617623793704,0.535776436820575,0.383046434254304,0.701817336606767,0.269495696405233,0.176711412491927,0.115942028985507,0.14339630176924
CTTCCTTCAGTCACGC-1,0.220150518679232,0.476495581621353,0.321845315588987,0.793497682932144,0.34615973342439,0.184784112925547,0.153767514582957,0.175053583077066
CTTCCTTTCACAGAGG-1,0.153456731529821,0.255022939408321,0.190848160470611,0.491828522451589,0.240424354460785,0.197492849893902,0.118347465271514,0.153433976330258
CTTCGGTAGAAGATCT-1,0.156406084028296,0.261633557077316,0.193578523554655,0.522989090169531,0.243827196835003,0.190780976104807,0.118118948824343,0.150558462132407
CTTCGGTGTGTTAGCT-1,0.226060523877325,0.360352114267634,0.270088962823666,0.537646905007481,0.233347855267341,0.190204354645262,0.110409525527693,0.145040403636993
CTTCGGTTCCTTCTTC-1,0.262198567134495,0.57088616177368,0.395739910313901,0.671949678225373,0.276148312119535,0.202324937724882,0.149040832280955,0.170806874608943
CTTCGGTTCTCAGAAC-1,0.212003073654711,0.560840282957037,0.362288442065673,0.789284832284963,0.333714043495155,0.173828305194206,0.133826447771965,0.155737050201685
CTTCTAAAGGAAGTGA-1,0.18128912694646,0.297839401541347,0.218796711509716,0.627061028226099,0.314297825242261,0.244994925731156,0.144037524806062,0.188432711636514
CTTCTAAGTCCGTTTC-1,0.177910366804529,0.320191199403349,0.226945609720816,0.692970350247687,0.334844399439532,0.255927668604115,0.157495940826267,0.201958278419
CTTCTAAGTCGAATTC-1,0.196623499898298,0.328078739801568,0.237089541443657,0.689759867513111,0.329039550683512,0.25182212381216,0.165265500030068,0.203575755155291
CTTCTAAGTGACTATC-1,0.182306145049382,0.337695210974755,0.239988668691837,0.578337231430771,0.246782606647906,0.192983670080266,0.116387034698418,0.149646551379847
CTTCTAAGTGTATTGC-1,0.253870318891676,0.449748005514498,0.330271469212595,0.612330578032163,0.251044990521494,0.18340022142264,0.109687894641891,0.140660569511562
CTTCTAATCAAACCCA-1,0.222828666350261,0.348373901055439,0.260650224215247,0.6373461946337,0.317618245828869,0.244556693421902,0.155800108244633,0.194043958092043
CTTCTAATCCTGTTAT-1,0.52105227473049,0.44770266910751,0.466602777375958,0.460232142597731,0.148606483062323,0.10206199833933,0.118684226351555,0.106666932917981
CTTCTCTAGCATTGAA-1,0.189594774786991,0.290968879246051,0.22015887940595,0.542251986576986,0.268753900316735,0.213396069748132,0.139383005592639,0.168723458072074
CTTCTCTTCATGAAAG-1,0.251949284697268,0.495163513910548,0.34928154684411,0.715748797884858,0.317170813267553,0.240520343205093,0.16975163870347,0.198576886723378
CTTCTCTTCCTTGACC-1,0.187131330937691,0.283804551721021,0.214547470948455,0.609919084213432,0.298802529171426,0.220788356859489,0.146467015454928,0.179726293648575
CTTGAGAAGTAATTGG-1,0.15720839830949,0.26713675503424,0.19808091036212,0.502084634716795,0.229285638592236,0.183538610572931,0.111395754404955,0.143163331868951
CTTGAGAGTTCAGCTA-1,0.53629624607318,0.436764074400524,0.468881093591784,0.47381495416709,0.158108537719742,0.102004336193376,0.123302664020687,0.10840422274585
CTTGAGATCACCATGA-1,0.426616493773589,0.458607363211065,0.423242441776363,0.585658875314148,0.218017402771727,0.161846111264877,0.142918996933069,0.147736198197479
CTTGAGATCGGACAAG-1,0.202284900671232,0.424706759780324,0.287742899850523,0.747577610877871,0.345877144438296,0.241938831995572,0.152673041072825,0.195082338219045
CTTGAGATCGTGTCAA-1,0.170587836463489,0.328214342215291,0.22972419113747,0.589000101689498,0.268341791378681,0.19851923609189,0.129665042997174,0.159584381697885
CTTGATTAGAAACTCA-1,0.190950798924221,0.378466336700793,0.258854091325522,0.758080683353429,0.333867112529289,0.218631792600793,0.143075350291659,0.180298733974999
CTTGATTAGCCGTCGT-1,0.153581033742401,0.266345740954189,0.195428902068566,0.505178900881793,0.228520293421564,0.188428360549866,0.110722232244873,0.145020434788397
CTTGATTAGCTCTTCC-1,0.161366872330327,0.253192306823061,0.191113361299966,0.509943780234467,0.23709215933309,0.19108081926377,0.129147874195682,0.156675586085706
CTTGATTGTCCCGGTA-1,0.14729812190657,0.258254796935385,0.186327691788418,0.540552319246917,0.246346948627677,0.181555032752099,0.125996752661014,0.151596842259409
CTTGATTTCAAAGCCT-1,0.308314688001446,0.42390444549913,0.344755050870341,0.572439240524718,0.22711912303218,0.162353538149276,0.137699200192435,0.147682947934555
CTTGATTTCAAGCCCG-1,0.210839152936922,0.516385291658191,0.338227494093254,0.804509202899603,0.342156389454721,0.18000968724052,0.141944795237236,0.165069158778971
CTTGATTTCGAGCTGC-1,0.172226365629308,0.24368883766131,0.195784512271566,0.403605619071139,0.203511168152221,0.18131285173909,0.12831799867701,0.151104277327369
CTTGATTTCTGTTGGA-1,0.210353244287748,0.522170994643705,0.340963884468875,0.766477330505397,0.307586336822522,0.177668604114771,0.127981237596969,0.153680258796278
CTTTCAAAGTGCACCC-1,0.226117024883043,0.45183854272606,0.315257485896138,0.722111655069221,0.293468662058896,0.185683642402436,0.147922304407962,0.166393759069185
CTTTCAACAAGTGGCA-1,0.170395733044048,0.338554026261667,0.235878055836829,0.582157851155628,0.250126576316688,0.189350954885137,0.113957544049552,0.147476603165728
CTTTCAATCATGGAGG-1,0.160948764888015,0.261972563111623,0.195935194560972,0.511628920493339,0.232229273864051,0.187125196051296,0.115172289373985,0.146511442150246
CTTTCAATCGCCAACG-1,0.186408118064502,0.310326123805004,0.22663219055885,0.573659514505281,0.284319843634094,0.221434172894178,0.150183414516808,0.17788250329486
CTTTCAATCGGCCAAC-1,0.254661332971727,0.352769679300292,0.278081151453783,0.715966703952816,0.337623191136125,0.257657532982747,0.177629442540141,0.212069172091537
CTTTCGGAGGGCCAAT-1,0.236942617578593,0.547133138969874,0.367176575534018,0.725743422868515,0.291490539156236,0.204988928867977,0.136376210235131,0.16731232610461
GAAACCTAGGGCCCTT-1,0.299534431712884,0.388161909281985,0.320013018949805,0.583261908566614,0.2569558101473,0.190584924808562,0.142510072764448,0.164110654046354
GAAACCTCATCTTAGG-1,0.200567270097408,0.34326621013854,0.246269106514297,0.712610950506268,0.315887388289041,0.216348371620998,0.1471766191593,0.180305390257864
GAAACCTTCAGTGCGC-1,0.451533437295184,0.420028476506882,0.415208062105212,0.659122274358267,0.239164478564448,0.16840806347449,0.161561128149618,0.16219364458112
GAAATGAAGGCTAGCA-1,0.147219020498565,0.326508011842611,0.22634288056319,0.443409794151401,0.200037678531479,0.107101669895747,0.165024956401467,0.14935367493377
GAACACTAGACCACGA-1,0.206884082536669,0.425429972653513,0.291986113120208,0.763005360489272,0.328862932567203,0.204873604576068,0.160141920740874,0.182435400774791
GAACACTCATCGTGCG-1,0.19855583429385,0.303399100503989,0.22845243261488,0.597004517919142,0.272957411484887,0.2114124919273,0.151398159841241,0.175898931000972
GAACACTGTCCGGTCA-1,0.203979930842769,0.376545302506385,0.269522397415497,0.583320016851403,0.241613583110598,0.185649045114863,0.120945336460401,0.150205679140541
GAACACTGTTCGGTCG-1,0.184645286686103,0.325005085090515,0.234744925020493,0.56697706175458,0.258945707591047,0.188393763262294,0.125599855673823,0.151110933610235
GAACGTTAGCGCATCC-1,0.190656993694488,0.369132370556196,0.256352765321375,0.737931635602946,0.307103580637945,0.205369499031276,0.124733898610861,0.163112211616545
GAACGTTAGTTGGGAC-1,0.204375437882794,0.388048907270549,0.272638507160422,0.650711100135102,0.283165938607543,0.204170126395424,0.123134283480666,0.159025253937191
GAACGTTCACTTCAAG-1,0.223936086062332,0.37160711460664,0.270595255316071,0.737553931751819,0.341744280516667,0.24073945935972,0.163846292621324,0.19910938935261
GAACGTTGTCGTGGTC-1,0.211031256356363,0.3613804325717,0.259685857563045,0.695251100425643,0.328003391067833,0.257588338407602,0.171435444103674,0.209453252925436
GAACGTTGTCTGTAAC-1,0.208646913915068,0.369505277193934,0.263525242297121,0.679779769600651,0.30411284720178,0.21403035335363,0.15854230561068,0.182062648934329
GAACGTTGTCTTCATT-1,0.485614843944222,0.460426695595182,0.454873667968562,0.48245856152941,0.172838488619906,0.116120029523019,0.12442119189368,0.112957120225781
GAACGTTGTGCGTTTA-1,0.297895902547065,0.402434063326327,0.327583297169584,0.671266905879106,0.29366882925738,0.230175754220869,0.16617956581875,0.191953885272309
GAACTGTAGCATGGGT-1,0.222806065947974,0.448267679164689,0.310923863252809,0.754056684631811,0.33235997127012,0.21180459451979,0.164772385591437,0.188406086505052
GAACTGTCAACTGAAA-1,0.250265554726874,0.3613804325717,0.278870726650272,0.672516234002063,0.319372652450871,0.249803948703755,0.170316916230681,0.204341227684812
GAAGAATCAACTACGT-1,0.369234072366488,0.437701991095442,0.380334153044988,0.694408530296207,0.273369520422941,0.198392379370791,0.162992362739792,0.177576314283052
GAAGAATCAGATCACT-1,0.264808913598662,0.440097633737881,0.327360287381262,0.675043944390371,0.261135772233277,0.174427991512132,0.135113356184978,0.151763249331044
GAAGCCCAGACTAAGT-1,0.204239835469071,0.352272470449974,0.257244804474661,0.541423943518747,0.232818000918414,0.192845280929975,0.122412652594864,0.151816499593967
GAAGCCCCACAGAGAC-1,0.368081451849843,0.483852012565824,0.404370991851102,0.530819181544809,0.190217711264703,0.138146969277609,0.125251067412352,0.12786719384427
GAAGCCCGTCGTCATA-1,0.243767939069315,0.528951115329853,0.361896668113217,0.710577160538664,0.293186073072802,0.200249100470523,0.127872992964099,0.160289947681617
GAAGCCCGTCTGATAC-1,0.165694849368319,0.283951454335887,0.211051641834225,0.458241933843718,0.203852629843752,0.176538426054064,0.109711949004751,0.139961659810695
GAAGCCCGTGCCGTAC-1,0.219212601984315,0.476597283431645,0.322188871208834,0.75478303819167,0.340154717469887,0.231305932281576,0.161849780503939,0.195694716242661
GAAGCGAGTGGGATTG-1,0.201844192826632,0.407293149818067,0.282354501181349,0.650943533274257,0.29869655830164,0.218078235999631,0.137206085753804,0.172384413648042
GAAGCGATCTTCCCAG-1,0.284855470427374,0.502621646665311,0.370286657987367,0.63667794935863,0.233430277054952,0.157821293477258,0.119117204883036,0.135621763382457
GAAGGACGTAGCTGCC-1,0.340350758243497,0.475196058489841,0.387054583152515,0.59598762293534,0.212259652180056,0.154765199741674,0.118106921642913,0.13123527297416
GAAGGACTCGGCATAT-1,0.172237665830452,0.312631364838294,0.222539659578572,0.606359951770124,0.301510673621496,0.227534827936156,0.156233086776114,0.1853575089527
GAAGGGTAGCGTGAGT-1,0.453228467466721,0.468495039211698,0.442517720237234,0.504815724101864,0.178878828197671,0.125957191622843,0.12813759095556,0.11856836668131
GAAGGGTCAGCGTAGA-1,0.214500418107442,0.409654891857075,0.288592747962775,0.574284178566759,0.221114107077677,0.173643786327152,0.108461122136027,0.136566955549343
GAAGGGTTCCACGAAT-1,0.252728998576175,0.542850362736457,0.376338058729929,0.680636866801284,0.283578047545597,0.214756896392656,0.158109327079199,0.18031204654073
GAAGGGTTCCCTAGGG-1,0.20325671796958,0.319705290754175,0.23866266454506,0.662303702950448,0.31017673586172,0.223210166989575,0.141235191532864,0.177423219777148
GAAGGGTTCTTTGCTA-1,0.239858069473637,0.537030759147513,0.363879647041805,0.72577247701091,0.288370285768112,0.188451425408248,0.142798725118768,0.165488504599491
GAAGTAAAGTAAACGT-1,0.235982100481389,0.358645783894953,0.273711365060996,0.67633685372692,0.292185237080385,0.205404096318849,0.156557820674725,0.177403250928551
GAAGTAAAGTCACTGT-1,0.243101227201844,0.502440843447013,0.347340758956555,0.72407280968084,0.289488867171402,0.191899621736323,0.1472968909736,0.167964641825419
GAATAGAAGACCACGA-1,0.420796890184645,0.421554003661265,0.4020866483437,0.570536194197888,0.231204888789459,0.177668604114771,0.145817547657706,0.157028369077572
GAATAGAAGACTGGGT-1,0.184227179243791,0.34490473930436,0.242182602825594,0.621322835103215,0.300768877532998,0.229080173447735,0.156786337121895,0.186761984637299
GAATAGACATAGCACT-1,0.157117996700341,0.270662417791037,0.198478711606153,0.490390342403068,0.209775224010644,0.182108589353261,0.103385651572554,0.137425616038979
GAATAGAGTCGTTGGC-1,0.189696476597283,0.372985739146157,0.26143377212016,0.674128738904949,0.303170883914799,0.232539902205,0.150484094052559,0.18577685477322
GAATAGAGTGATGGCA-1,0.200013560241372,0.379912762447172,0.266966825787164,0.618025189941456,0.24818377703729,0.18756342836055,0.10925491611041,0.143456208315029
GAATAGAGTGCGACAA-1,0.150111871991321,0.285070174249102,0.200660591156758,0.586908203437105,0.271544466554416,0.197942614632346,0.129280173191413,0.159990414952674
GAATAGAGTGGTCTGC-1,0.181797635997921,0.306009446968156,0.221436665220117,0.638958699536586,0.325730904637992,0.263250761140327,0.149281375909556,0.201212774738075
GAATAGATCGGTGAAG-1,0.188656858092074,0.339785748186318,0.245190221322147,0.477679155105539,0.202522106700891,0.178222160715933,0.114270250766733,0.141306228949505
GAATAGATCTGGGAGA-1,0.412728546568129,0.520430763667593,0.449039249722745,0.59511599866351,0.219194856880453,0.151547651997417,0.123062120392086,0.131880932412104
GAATAGATCTTGAACG-1,0.19000158202816,0.332666621465862,0.235853946670524,0.662826677513547,0.303853807297861,0.231109880985331,0.168741355463347,0.193318423259715
GAATCACAGAGGACTC-1,0.351515356973354,0.503830768187674,0.405395631419066,0.638392143759897,0.253882654923524,0.181808746194298,0.144241986890372,0.159990414952674
GAATCACAGCATTGAA-1,0.306585757226479,0.425203968630642,0.34300110902165,0.554178712029868,0.221019910748979,0.169930344127687,0.122785495219195,0.143010237363047
GAATCACCACGACGCT-1,0.239473862634755,0.389506633218071,0.290286416895704,0.650420558711158,0.308281034746671,0.229356951748316,0.153442780684347,0.185657041681643
GAATCACGTCCTCCAT-1,0.32754763034782,0.424356453544873,0.354706109262742,0.610921452126037,0.266398992099283,0.210132392287111,0.135197546454988,0.168463863040324
GAATCACGTTAGGGAC-1,0.438018396727462,0.438888512215517,0.418294035392256,0.630881647950957,0.231393281446856,0.164037272811145,0.145613085573396,0.153280881824354
GAATCACTCAAATGAG-1,0.270967523221913,0.704205934865641,0.468356719224649,0.706320728677891,0.265245087072731,0.150036903773411,0.146539178543508,0.147509884580055
GAATCACTCTCGCTCA-1,0.227100142382534,0.414107171107646,0.296844110130672,0.704083559713526,0.308092642089275,0.20803349017437,0.163244933549823,0.182481994754849
GAATCGTAGACGATAT-1,0.174949714104911,0.317705155151762,0.224836057669126,0.634745848889405,0.268883420268695,0.19095396254267,0.127079198989717,0.155916769839051
GAATCGTTCTTGGAAC-1,0.136438628607589,0.301557167717585,0.207833068132504,0.443816552144922,0.204453131439202,0.112706430482517,0.144951590594744,0.140800351451735
GACACGCAGCTGTTCA-1,0.17336768594481,0.273476167875788,0.204674767346545,0.555457094295219,0.275677330476045,0.227546360365347,0.158133381442059,0.188612431273879
GACACGCAGGGCAAGG-1,0.36034081406649,0.510802992293263,0.413821785042673,0.637840115054404,0.230109856468344,0.163091613617492,0.147597570509351,0.154019729222413
GACACGCCATGCAGGA-1,0.433735620494045,0.493219879313852,0.445061237282415,0.535075613405581,0.188345559231829,0.11939523941323,0.111792651392146,0.109143070143909
GACACGCTCGCCCAGA-1,0.218455488507695,0.34585395620042,0.255291962003954,0.661243226753054,0.315934486453391,0.233266445244026,0.167093631607433,0.194696273812852
GACAGCCAGAAGGTAG-1,0.428684430582864,0.545698013424639,0.468392882974107,0.571669305751268,0.195327862096575,0.122693514161823,0.116122436706958,0.114920723671073
GACAGCCCAGTAGTTC-1,0.120844351029448,0.318439668226094,0.211648343700275,0.40287926551128,0.193644102721096,0.0895954423839838,0.13193818028745,0.124732084614668
GACATCAAGGGCCAAT-1,0.177887766402242,0.290833276832328,0.212672983268239,0.625869808387931,0.323835203522943,0.262685672109973,0.155186721991701,0.204407790513466
GACATCAAGGTCCTGC-1,0.289725857120257,0.364578389495333,0.306096002700227,0.686040937286634,0.313296989249844,0.265441922686595,0.187323350772746,0.222799100070557
GACATCACAACGTTAC-1,0.159773543969083,0.321841028770312,0.226776845556681,0.438659441869925,0.209021653381059,0.113179260079343,0.149173131276685,0.14012806688233
GACATCACAAGCACCC-1,0.208296607679617,0.416435012543223,0.285024591349631,0.797027761233058,0.349680321209481,0.19773503090691,0.156197005231824,0.18090445571575
GACATCACACTACGGC-1,0.255723551879223,0.456053517752616,0.329487921307681,0.740720833272804,0.303736061886988,0.184737983208783,0.131252630945938,0.159304817817538
GACATCACAGACCCGT-1,0.347458584762809,0.404140393699008,0.353729688027388,0.568545985443875,0.239152704023361,0.170564627733186,0.138853809609718,0.152468815314776
GACATCACAGCATTGT-1,0.269215992044658,0.442640178995186,0.330144896089493,0.685823031218676,0.275642006852783,0.178498939016514,0.137542846833844,0.155910113556186
GACATCATCCGGTTCT-1,0.267792166700567,0.484213619002418,0.351547808476783,0.700597062626204,0.290348408670772,0.203166805055817,0.128089482229839,0.161814236457792
GACCAATCAAGAGAGA-1,0.181718534589916,0.357662666395462,0.248348522108106,0.625128927756875,0.277196246276301,0.203247532060153,0.128799085934211,0.162399989349947
GACCAATGTCAACATC-1,0.220184419282663,0.324236671412751,0.246739235257245,0.655156383921438,0.308481201945154,0.233174185810499,0.1696433940706,0.195049056804718
GACCAATTCAGAGCAG-1,0.236874816371731,0.501423825344091,0.345821881479338,0.707526475587257,0.274688269024715,0.172502075837254,0.138697456251128,0.154964921389299
GACCAATTCCGAGCTG-1,0.227540850227134,0.330496982846295,0.259486956941029,0.588389964699217,0.260723663295223,0.202520989021127,0.15836189788923,0.173555919432352
GACCCAGAGCACTCGC-1,0.240230976111375,0.438176599543472,0.312864651140364,0.696326103694234,0.291054881136008,0.202670910600609,0.152889530338565,0.173382856077852
GACCCAGAGCCAGTAG-1,0.195843786019391,0.350803444301309,0.251784078306572,0.563025698388948,0.248678307762955,0.196789371713258,0.126032834205304,0.156356084508167
GACCCAGAGCTTCGTA-1,0.194973670531335,0.340554161864081,0.245624186315637,0.612751863096881,0.281187815704883,0.204804410000923,0.136568645138012,0.166001038380127
GACCCAGGTCTGTGCG-1,0.251406875042376,0.496802043076367,0.348931963932687,0.693042985603672,0.286250868372405,0.191161546268106,0.123038066029226,0.154172823728317
GACCCAGTCGTTCTCG-1,0.176949849707325,0.312134155987977,0.225396595785718,0.586864622223514,0.269684089062629,0.207341544422917,0.139888147212701,0.168330737383016
GACCCTTCACTGCACG-1,0.351391054760775,0.506508915858702,0.406721635565842,0.563563200023243,0.185036913186309,0.138642863732817,0.123795778459318,0.127687474206904
GACCCTTCAGTGTATC-1,0.155999276787127,0.260435735756096,0.19386180625874,0.516539070557985,0.257791802564495,0.205277239597749,0.125804317758133,0.160529573864771
GACCCTTGTGAGAGGG-1,0.217517571812778,0.530838248920831,0.349402092675635,0.808852797187559,0.353789636048935,0.183688532152413,0.153899813578688,0.177057124219551
GACCCTTGTGCAATGG-1,0.224286392297783,0.489852419373065,0.331549255026761,0.723825849470488,0.303630091017203,0.203478180643971,0.153947922304408,0.177037155370955
GACCGTGAGAACGCGT-1,0.197391913576062,0.355707731597622,0.256617966150731,0.540973604311635,0.229262089510061,0.188589814558539,0.120368031751759,0.149460175459616
GACCGTGAGCGCATCC-1,0.476857188057947,0.431532081271047,0.434832923477506,0.605546435783082,0.200873670948675,0.14559691853492,0.145468759396235,0.140627288097235
GACCGTGCAAGGTCTT-1,0.260187131330938,0.345797455194702,0.278949081440764,0.739907317285762,0.3284037254648,0.251487683365624,0.189007156172951,0.215823315627621
GACCGTGGTAATGTGA-1,0.335808077383777,0.468766244039144,0.379827860552582,0.557156761625289,0.197011621472053,0.141987268198173,0.119658428047387,0.128239945684732
GACCGTGGTCGTTGCG-1,0.281804416118607,0.368013650642981,0.303510294614012,0.723825849470488,0.353589468850452,0.247151489989851,0.180167177821877,0.208401560232704
GACCGTGTCCATTCGC-1,0.242118109702353,0.373110041358736,0.28336708616616,0.608306579310545,0.246547115826161,0.175938739736138,0.118600036081544,0.144128492884434
GACCTTCAGAATCCCT-1,0.172079463014442,0.291974597147829,0.213667486378321,0.570390923485916,0.284755501654323,0.217905249561768,0.135462144446449,0.16965533767323
GACCTTCAGACCAGCA-1,0.220139218478089,0.371494112595204,0.269835816577463,0.768888824324128,0.354967090157661,0.233600885690562,0.164038727524205,0.197864664456781
GACCTTCCACGAAGAC-1,0.267340158654824,0.368239654665853,0.294336756834949,0.695803129131136,0.295741148488738,0.204273918258142,0.155306993806002,0.176923998562243
GACCTTCGTAGCGCTC-1,0.247011096797523,0.39142766741248,0.293071025603935,0.733515405959005,0.317771314863003,0.199649414152597,0.160346382825185,0.180431859632307
GACGCTGAGCGCACAA-1,0.197866522024092,0.408649173955296,0.278647716861951,0.683266266687973,0.283142389525368,0.197377525601993,0.121835347886223,0.156076520627821
GACGTTACAGAGAAAG-1,0.412841548579565,0.428887834203449,0.399289985052317,0.563984485087961,0.219760034852642,0.150648122520528,0.140044500571291,0.144647682947935
GACGTTAGTATCAAGA-1,0.33758220896332,0.367516441792664,0.329970104633782,0.703487949794442,0.312166633305467,0.252917704585294,0.193048289133442,0.217533980324028
GACGTTAGTGTACGCC-1,0.344102425023165,0.470416073406107,0.386705000241092,0.611342737190755,0.218782747942399,0.154765199741674,0.115617295086896,0.132400122475605
GACGTTATCAGGTGTT-1,0.250344656134879,0.356171039844509,0.276899802304836,0.622107296947862,0.301840360771939,0.237037549589446,0.166263756088761,0.195428464928046
GACGTTATCATTTCCA-1,0.208454810495627,0.45347707189188,0.306849414147259,0.661141537254674,0.244474796594803,0.173044100009226,0.115364724276866,0.141352822929563
GACGTTATCGAGCCTG-1,0.21487332474518,0.438029696928605,0.3006955494479,0.737684675392594,0.296694886316806,0.185856628840299,0.138468939803957,0.160110228044251
GACTATGAGACCAGAC-1,0.399835017063304,0.435261147648428,0.398319591108539,0.564841582288595,0.216733977793216,0.166470615370422,0.187203078958446,0.179899357003075
GACTATGAGACTTAAG-1,0.202703008113544,0.387721201437386,0.271939341337577,0.68498046108924,0.284837923441934,0.18235077036627,0.141728305971496,0.160815794027983
GACTATGAGCACCCAC-1,0.218116482473388,0.372703234117567,0.269558561164955,0.679837877885439,0.331665273345971,0.264749976935142,0.178651752961693,0.216302567993929
GACTATGAGCACGGAT-1,0.45271995841526,0.439250118652112,0.427985920246878,0.506980257710243,0.165338105947321,0.117780699326506,0.11307955980516,0.111206517832182
GACTATGCAAGTCATC-1,0.260424435554953,0.533900603430741,0.373137566902936,0.732556619259991,0.296706660857893,0.180344127687056,0.14726080942931,0.163305243819641
GACTATGCAGCCTTCT-1,0.276866228218862,0.529403123375596,0.378562129321568,0.736086697560905,0.281058295752923,0.165351969738906,0.130555054422996,0.149659863945578
GACTATGCATGTACGT-1,0.183085858928289,0.290177865166,0.218139736727904,0.526141464619318,0.255213178066385,0.213569056185995,0.142185338865837,0.170680405234501
GACTATGTCCGACAGC-1,0.322530341040071,0.358837887314394,0.318271131684266,0.670932783241571,0.310930306491304,0.240935510655965,0.166949305430272,0.199934768427919
GACTCAAAGGAAGAAC-1,0.179503695165774,0.305523538318982,0.222159940209268,0.545665848308323,0.2747942398945,0.222206845649968,0.113813217872392,0.162153706883928
GACTCAACAATGCAAA-1,0.215201030578344,0.363278866363821,0.26821447514345,0.544561790897337,0.226553945059991,0.178291355291079,0.125311203319502,0.147210351851112
GACTCAACACCCTAGG-1,0.24337243202929,0.410355504327977,0.299447900091615,0.745921524761393,0.329074874306774,0.233554755973798,0.170713813217872,0.199834924184938
GACTCAAGTCGGTGTC-1,0.243315931023572,0.394591723732682,0.294180047253966,0.642023911559191,0.260499947014565,0.180332595257865,0.130146130254375,0.152848223438103
GACTCAAGTGTTCCTC-1,0.345266345740954,0.53127895676543,0.417908288731376,0.635530310734053,0.24237892828127,0.153312113663622,0.114991881652535,0.131761119320527
GACTCAATCTGGCTGG-1,0.19684950392117,0.338294121635365,0.243743671343845,0.671528393160655,0.308033769383838,0.226554571454931,0.130194238980095,0.173822170746968
GACTCTCAGAGTCTGG-1,0.183650868985468,0.333615838361923,0.23679420415642,0.6172843093104,0.270390561527864,0.202728572746563,0.144326177160382,0.169022990801017
GACTCTCAGCATCAAA-1,0.28898004384478,0.419497367053134,0.32936134818458,0.731467088920203,0.314968974084235,0.209405849248086,0.153526970954357,0.180325359106461
GACTCTCAGTATGGCG-1,0.266289239948471,0.48781838316722,0.353000385746661,0.622731961009341,0.237680886387453,0.182316173078697,0.125443502315232,0.149659863945578
GACTCTCCACTTCCTG-1,0.226795036951658,0.398998802178679,0.289394377742418,0.539259409910368,0.216168799821027,0.180816957283882,0.117637861567142,0.143702490781048
GACTCTCGTGCGTTTA-1,0.226184826089904,0.523097611137478,0.353976806982015,0.725438354373375,0.344687915788482,0.233116523664545,0.150604365866859,0.18911830877165
GACTGATCAGCACGAA-1,0.402343661717179,0.47086808145185,0.416594339167752,0.636416462077081,0.228025762695899,0.161557800535105,0.13208250646461,0.143169988151817
GACTGATTCGGTCGGT-1,0.374251361674238,0.465545686713223,0.398789719851488,0.617008294957654,0.251845659315428,0.186848417750715,0.149533946719586,0.16429037368372
GACTTCCCAGAGCGTA-1,0.465184080276629,0.552952742558818,0.492755195525339,0.586036579165275,0.189122678943588,0.118784020666113,0.109230861747549,0.112284835656376
GACTTCCGTTCCGGTG-1,0.240773385766267,0.552387732501639,0.372311827956989,0.784331101006726,0.334903272144968,0.182431497370606,0.146815803716399,0.170540623294328
GACTTCCGTTCCTAAG-1,0.225337311004136,0.370985603543743,0.27257823424466,0.701657538823598,0.333855337988202,0.242780699326506,0.160057730470864,0.195974280123008
GACTTCCTCCGTACGG-1,0.218308585892829,0.303692905733722,0.237891171223299,0.612548484100121,0.29280928775801,0.218989297905711,0.168127969210416,0.187381018943781
GACTTCCTCGCCAACG-1,0.406016227088842,0.423983546907135,0.395962920102223,0.588230166916048,0.225470687279963,0.168488790478826,0.197390101629683,0.185976543259182
GAGAAATAGAAGCGCT-1,0.212330779487875,0.457375641286415,0.310104151598438,0.686346005781774,0.284202098223222,0.200952578651167,0.137278248842384,0.165435254336568
GAGAAATAGAGATCGC-1,0.175729427983818,0.281668813704884,0.209858238102126,0.54007292589741,0.28021052879464,0.22106513516007,0.139840038486981,0.172351132233715
GAGAAATCACATAACC-1,0.279487874884173,0.520306461455014,0.379098558271855,0.702630852593809,0.270814445007006,0.201067902943076,0.168476757471886,0.178707882370169
GAGAAATTCGTGCTCT-1,0.292618708613013,0.419282663231406,0.33230869376537,0.549515522175574,0.235384850875437,0.184807177783928,0.125539719766673,0.149832927300079
GAGACTTAGTGCACCC-1,0.181153524532737,0.308834497254051,0.226529726602054,0.589305170184639,0.265880912291443,0.217997508995295,0.163196824824102,0.186588921282799
GAGACTTGTATACAGA-1,0.149592062738717,0.259497819061179,0.187653695935195,0.581097374958235,0.275877497674528,0.20737614171049,0.130663299055866,0.166566822423686
GAGACTTTCTAAGGAA-1,0.19378714941126,0.401360544217687,0.270872510728579,0.77340674346645,0.356933438519234,0.238040870929052,0.156389440134704,0.196566689298028
GAGAGGTCATCCTATT-1,0.342757701087079,0.479343232309535,0.388489078547664,0.550241875735433,0.188522177348138,0.142829135529108,0.123182392206386,0.128566103545136
GAGAGGTGTCGGTAAG-1,0.167683684769589,0.317072343887721,0.224661266213414,0.552813167337333,0.234725476574551,0.188001660669803,0.114679174935354,0.14683760001065
GAGAGGTTCCAAATGC-1,0.193538544986101,0.349503921169797,0.250421910410338,0.557374667693246,0.22883820603092,0.187367377064305,0.112790907450839,0.144847371433896
GAGATGGAGACAGCTG-1,0.233812461861821,0.386907586955048,0.285307874053715,0.654313813792001,0.297778144096834,0.215518036719255,0.127740693968369,0.167125950184379
GAGATGGAGCGCCTTG-1,0.188747259701223,0.308529391823174,0.225010849124837,0.606999142902799,0.309776401464753,0.247543592582342,0.155968488784653,0.197478600050588
GAGATGGCACTACGGC-1,0.426028883314123,0.532623680701516,0.460165629972516,0.537109403373186,0.192030990592142,0.12239367100286,0.123952131817908,0.1193205266451
GAGATGGGTGGAGAAA-1,0.21559653761837,0.451126630054015,0.307952408505714,0.727980591832881,0.334667781323223,0.23879047882646,0.15860244151783,0.195534965453892
GAGATGGTCATGGATC-1,0.278323954166384,0.589576694465161,0.413791648584792,0.6548367883551,0.268070976933674,0.19161131100655,0.143760899633171,0.163085586485083
GAGATGGTCGCCACTT-1,0.225077406377834,0.438267001152621,0.305029172091229,0.734633990441187,0.302358440579778,0.201575329827475,0.146430933910638,0.1724310076281
GAGCCTGGTAATCAGA-1,0.436063461929622,0.44969150450878,0.424333381551666,0.540261777822973,0.182293445112977,0.136809207491466,0.115557159179746,0.12073831489543
GAGCTGCAGAATTGCA-1,0.222263656293082,0.432752502994553,0.301159650899272,0.761872248935892,0.332053833201851,0.198023341636682,0.161488965061038,0.18148355232504
GAGCTGCCAACCAACT-1,0.386952787759622,0.403315479015527,0.376102994358455,0.564957798858172,0.206996432314051,0.157244672017714,0.191605027361838,0.178940852270458
GAGCTGCCAACGGCCT-1,0.23453567473501,0.392275182498248,0.287182361733931,0.687987564827055,0.298154929411626,0.206176769074638,0.150532202778279,0.174148328607373
GAGCTGCCATAACAGA-1,0.184600085881529,0.291499988699799,0.221870630213607,0.511338379069396,0.22844964617504,0.179559922502076,0.115930001804077,0.144587776402146
GAGCTGCGTATTTCCT-1,0.23270504214975,0.598515153569734,0.391960798495588,0.730275869082034,0.286863144508943,0.171902389519328,0.121390342173312,0.1448274025853
GAGCTGCGTGAGGAAA-1,0.191933916423712,0.371098605555179,0.258022325087998,0.680230108807763,0.316782253411673,0.232447642771473,0.13208250646461,0.178015628952168
GAGGCAACAAGCCATT-1,0.276956629828011,0.499141184713088,0.364928395776074,0.72083327280387,0.304254141694827,0.204446904696005,0.162968308376932,0.181623334265213
GAGGCAACACTGTCGG-1,0.415056388003706,0.463771555133681,0.418812382467814,0.545186454958816,0.204512004144638,0.14533167266353,0.136905406218053,0.138823435440712
GAGGCAAGTATTAAGG-1,0.185040793726128,0.367211336361787,0.253851439317228,0.620465737902581,0.265351057942517,0.195659193652551,0.121763184797643,0.154532263003049
GAGGCAAGTTGCGTAT-1,0.217924379053947,0.426593893371302,0.297278075124162,0.728300187399218,0.290913586642961,0.183734661869176,0.127235552348307,0.153587070836162
GAGGCCTAGCGTTAGG-1,0.34474653648835,0.476122674983615,0.387669366893293,0.647195548905385,0.261112223151103,0.188013193098994,0.140573696554213,0.161494734880253
GAGGCCTAGTTGCATC-1,0.306551856623048,0.395766944651615,0.328318626741887,0.679997675668608,0.325766228261254,0.232562967063382,0.171098683023633,0.196413594792124
GAGGCCTGTCACAGAG-1,0.229778290053563,0.450098311749949,0.312924924056126,0.774670598660604,0.321821756997021,0.174750899529477,0.137999879728186,0.159118441897307
GAGGCCTGTCGTCAGC-1,0.244332949126494,0.527222184554885,0.360468200009644,0.736958321832735,0.303665414640464,0.188578282129348,0.14703229298214,0.16881664603219
GAGGCCTGTCTACGTA-1,0.225371211607567,0.515289172147264,0.344363276917884,0.771779711492366,0.323670359947721,0.178971768613341,0.142004931144386,0.16411731032922
GAGGGATAGATGCTTC-1,0.266142337333605,0.68391077361177,0.454759149428613,0.682757819196072,0.226447974190206,0.140026755235723,0.111816705755006,0.12318117070703
GAGGGTAAGATGTAGT-1,0.401191041200533,0.49880217867878,0.430499300834177,0.561050016706132,0.202651626652851,0.142379370790663,0.112851043357989,0.122828387715164
GAGGGTAAGCTGTCCG-1,0.162745496869844,0.289974461545416,0.206302136072135,0.60216162819414,0.284885021606283,0.225251406956361,0.163425341271273,0.18962418626942
GAGGGTAGTCTCACAA-1,0.232625940741745,0.368115352453274,0.276230772939872,0.681973357351424,0.293868996455863,0.205669342190239,0.132419267544651,0.165155690456222
GAGGGTATCACTTTGT-1,0.147874432164893,0.259283115239451,0.189654756738512,0.523003617240728,0.250150125398863,0.19368714826091,0.119165313608756,0.152382283637525
GAGGGTATCCGATCTC-1,0.164316224828802,0.270718918796755,0.199503351174116,0.539099612127199,0.244451247512628,0.190227419503644,0.13585904143364,0.158233156276209
GAGGGTATCGCTGATA-1,0.21332519718851,0.324281872217325,0.244858720285453,0.594331536818862,0.268271144132157,0.204043269674324,0.141066810992844,0.167026105941398
GAGTCATAGGAACGCT-1,0.216873460347594,0.502723348475603,0.334960702058923,0.795458837543763,0.343298519940185,0.183042716117723,0.144470503337543,0.168916490275171
GAGTCATAGGTCCAGA-1,0.266458742965625,0.622844486631862,0.422633685327161,0.740110696282522,0.296612464529195,0.180713165421164,0.165012929220037,0.170201152868192
GAGTCATCAAGGATGC-1,0.183051958324858,0.319264582909576,0.231369641737789,0.56136961227247,0.240000470981643,0.194021588707445,0.113957544049552,0.148708015495827
GAGTCATCACCTCGTT-1,0.207697697019007,0.474066038375483,0.316505135252423,0.672269273791711,0.257768253482321,0.16944598210167,0.0940766131457093,0.127860537561404
GAGTCATGTTGCCAAT-1,0.361549935588853,0.483230501502927,0.401086117942042,0.540988131382832,0.201933379646528,0.142275578927945,0.122941848577786,0.128572759828002
GAGTCTAAGGTTGCCC-1,0.24747440504441,0.369539177797365,0.282631756593857,0.727893429405698,0.31705306785668,0.204043269674324,0.163918455709904,0.183700094519217
GAGTCTAAGTCACACT-1,0.186634122087373,0.2935227247045,0.218181927768938,0.656202333047634,0.351081491598865,0.262893255835409,0.158722713332131,0.205492764620525
GAGTCTACAACGTTAC-1,0.286776504621782,0.595904807105566,0.424707073629394,0.407862050931912,0.153080808675482,0.0910254636036535,0.117685970292862,0.0977408575954844
GAGTCTACACCTTCGT-1,0.379381652993423,0.514272154044342,0.426798543806355,0.546087133373041,0.193231993783042,0.133510932742873,0.120199651211739,0.123920018105089
GAGTCTATCTACTGAG-1,0.223212873189143,0.29794110335164,0.238632528087179,0.550270929877827,0.265539450599913,0.204204723682997,0.143063323110229,0.167605202550688
GAGTGAGAGATAACGT-1,0.207223088570977,0.319660089949601,0.239313612035296,0.632174557287505,0.310070764991934,0.235030906910232,0.157532022370557,0.190336408536017
GAGTGAGAGCGCCTTG-1,0.186769724501096,0.326519312043754,0.235438063551762,0.577349390589363,0.263726171272475,0.204689085709014,0.107234349630164,0.1509445265386
GAGTGAGGTCGAAACG-1,0.217223766583045,0.432345695753384,0.299104344471768,0.702311257027471,0.320703175593731,0.23475412860965,0.150063142702508,0.189011808245803
GAGTGAGGTTGTCAGT-1,0.190690894297918,0.385834067846408,0.262006364819905,0.769048622107297,0.35329510532327,0.235676722944921,0.149221240002405,0.191414726360211
GAGTGTTGTGCTCGTG-1,0.170034126607454,0.305907745157864,0.221575292926371,0.484608568066592,0.203099059214167,0.181139865301227,0.102615911961032,0.136606893246535
GAGTGTTTCATGCCGG-1,0.370770899722015,0.458742965624788,0.393479675972805,0.561790897337188,0.216722203252128,0.165455761601624,0.130098021528655,0.14222479598493
GAGTGTTTCCTCTCTT-1,0.206172169864624,0.495717223766583,0.327752061333719,0.726847480279501,0.290277761424248,0.171025924900821,0.0953274400144326,0.131821025866315
GAGTTACAGGCTAGCA-1,0.274877392817592,0.516712997491355,0.371926081296109,0.679198686752764,0.276230733907146,0.190100562782545,0.1243490288051,0.154758576620472
GAGTTACAGGGAGGGT-1,0.229631387438696,0.344294528442606,0.261325280871787,0.597396748841466,0.299979983280152,0.238536765384261,0.150640447411149,0.18778705219857
GAGTTACGTGATAGAT-1,0.155253463511651,0.278629059597261,0.199768552003472,0.535395208971919,0.249055093077747,0.192810683642402,0.115893920259787,0.150165741443348
GAGTTACGTTGCCATA-1,0.470280470992384,0.48734377471919,0.460683977048074,0.603134941964351,0.202757597522637,0.131031460466833,0.124324974442239,0.123613829093281
GAGTTACTCCTCACCA-1,0.471387890704455,0.463376048093656,0.448876512850186,0.627860017141944,0.220513605482226,0.13972691207676,0.134620241746347,0.138284276528615
GAGTTACTCTAGGAAA-1,0.217076863968179,0.294788347232581,0.235938328752592,0.564899690573384,0.266398992099283,0.214964480118092,0.161440856335318,0.183713407084947
GAGTTGTAGGCAATGC-1,0.233337853413791,0.38656858092074,0.286501277785814,0.600505542077662,0.260017190829987,0.203881815665652,0.147874195682242,0.169109522478267
GAGTTGTAGGTCCCGT-1,0.297522995909327,0.403677085452121,0.331609527942524,0.622470473727792,0.271638662883114,0.211308700064582,0.173275602862469,0.188099897493244
GAGTTGTAGTCGGCAA-1,0.220726828937555,0.35775306800461,0.263386614590867,0.689571015587547,0.340531502784679,0.266502906172156,0.193962354922124,0.223517978620019
GAGTTGTCAACCGTGC-1,0.456268221574344,0.445691233303953,0.432494334345918,0.531865130671005,0.177983963075039,0.137962450410554,0.121859402249083,0.124206238268301
GAGTTTGGTACGGTTT-1,0.217720975433363,0.340915768300676,0.255237716379768,0.604921771721603,0.256331759469675,0.182212381215979,0.124012267725059,0.150751494335503
GAGTTTGTCCGGACGT-1,0.171186747124099,0.282934436232965,0.207302666473793,0.617095457384837,0.317265009596251,0.254070947504382,0.144674965421853,0.194875993450218
GAGTTTGTCGGTAAGG-1,0.473998237168622,0.456810631229236,0.44738777183085,0.571625724537676,0.185260629466967,0.122935695174832,0.124000240543629,0.117969301223425
GATAGAAAGACTCTAC-1,0.224964404366398,0.394942029968133,0.28386735136699,0.730464721007598,0.32002025221067,0.203685764369407,0.159877322749414,0.181044237655923
GATAGAAAGCGTGAAC-1,0.215698239428662,0.506994824507876,0.336129996624717,0.791972340456441,0.342168163995808,0.183965310452994,0.148680016838054,0.172078224636234
GATAGAAAGGGCTGAT-1,0.356250141252514,0.426898998802179,0.372800038574666,0.565161177854933,0.212565790248325,0.159032198542301,0.104287690179806,0.125291212375361
GATAGAAGTCATGACT-1,0.19489456912333,0.401665649648564,0.274259848594436,0.772578700408211,0.371698713042659,0.243887812528831,0.160767334175236,0.200480583622882
GATAGAATCACTACTT-1,0.184396682260944,0.339593644766877,0.240555234100005,0.665107427691503,0.284802599818672,0.190146692499308,0.124312947260809,0.154964921389299
GATAGAATCCGTATGA-1,0.225845820055597,0.329197459714783,0.253351174116399,0.719336984470561,0.336021853548258,0.27190008303349,0.187142943051296,0.225980803280216
GATAGCTAGAAGCCTG-1,0.235914299274527,0.441148552444234,0.311942475529196,0.767537806702791,0.329592954114613,0.204089399391088,0.164363461422816,0.186522358454145
GATAGCTAGCGTTGTT-1,0.220613826926119,0.606086288335932,0.390152611022711,0.779450005084475,0.319148936170213,0.169123074084325,0.131204522220218,0.152475471597641
GATAGCTAGTATGAGT-1,0.427520509865076,0.41626550952607,0.401230772939872,0.505280590380173,0.205395094726183,0.155214964480118,0.127223525166877,0.134270537960781
GATAGCTCAAACCGGA-1,0.384670147128619,0.43902411462924,0.390243020396355,0.714383253192324,0.266175275818625,0.175004612971676,0.182632750015034,0.175153427320047
GATAGCTCACAAGCCC-1,0.20221709946437,0.307907880760278,0.231815661314432,0.575664250330491,0.296659562693544,0.241512132115509,0.15831378916351,0.19281920204481
GATAGCTCAGTTCACA-1,0.222026352069067,0.477354396908265,0.323213510776797,0.764981042172088,0.319396201533045,0.1811744625888,0.144314149978952,0.166040976077319
GATAGCTTCTATACGG-1,0.187402535765137,0.326089904400298,0.236709822074353,0.535061086334384,0.232040881206655,0.195059507334625,0.105273919057069,0.144820746302435
GATCACAAGGGTTGCA-1,0.445883336723394,0.460686600221484,0.433314046000289,0.594026468323721,0.215250385616221,0.154603745733001,0.141632088520055,0.14322323841474
GATCACACAACAAGAT-1,0.167084774108979,0.28604199154745,0.209442354983365,0.529598907564246,0.247041646551826,0.208079619891134,0.112213602742197,0.153686915079143
GATCACACAGGACGAT-1,0.305410536307546,0.38382263204285,0.321827233714258,0.599110943242733,0.239753205618811,0.176526893624873,0.128799085934211,0.148721328061557
GATCACACATTCTCCG-1,0.238931452979863,0.341672881777296,0.2662977964222,0.542498946787338,0.251292255884327,0.199211181843343,0.127620422154068,0.156609023257052
GATCACACATTGTACG-1,0.235202386602482,0.586887246592989,0.386915955446261,0.767058413353284,0.316876449740371,0.17114124919273,0.140393288832762,0.160203416004367
GATCACATCAACCCGG-1,0.245135263407689,0.471523493118177,0.333682916244756,0.775992562139547,0.340625699113377,0.208598579204724,0.168043778940405,0.18979724962392
GATCACATCAGACCGC-1,0.227122742784822,0.436199064343345,0.304993008341772,0.758414805990964,0.326755289712583,0.191495986714642,0.157940946539179,0.176750935207743
GATCAGTCAGCGGTTC-1,0.215065428164621,0.390591452527855,0.278237861034765,0.696820024114938,0.310989179196741,0.228330565550328,0.132924409164712,0.176211776295645
GATCAGTCATATACCG-1,0.195007571134766,0.376816507333831,0.263037031679445,0.709836279907608,0.313897490845294,0.213073161730787,0.161356666065308,0.184492192180199
GATCAGTCATTAAAGG-1,0.185244197346713,0.371042104549461,0.265948213510777,0.48055551520258,0.211953514111788,0.130293384998616,0.158806903602141,0.14910739246775
GATCAGTTCTAAGGAA-1,0.194951070129048,0.318123262594074,0.235148753556102,0.576652091171899,0.262171931848956,0.201909770274011,0.134548078657767,0.162852616584794
GATCATGAGACAGCGT-1,0.237078219992316,0.465184080276629,0.326299484063841,0.66605168731932,0.281964935416642,0.200445151766768,0.127379878525468,0.161055420211137
GATCATGAGACCCTTA-1,0.32798833819242,0.523877325016385,0.405690968706302,0.684152418031001,0.294775636119582,0.232101669895747,0.159263936496482,0.193777706777427
GATCATGAGCCGCTTG-1,0.228456166519764,0.54222885167356,0.360010125849848,0.745703618693435,0.30768053315122,0.189189500876465,0.152709122617115,0.171472502895483
GATCATGAGCCTTTGA-1,0.184916491513549,0.36551630619025,0.25289912724818,0.637288086348911,0.279857292562022,0.20320140234339,0.132551566540381,0.164070716349162
GATCATGAGCGTTCAT-1,0.276753226207426,0.411779329672068,0.318747287718791,0.697778810813952,0.298543489267506,0.217847587415813,0.172445727343797,0.190702504093614
GATCATGAGGCTAGCA-1,0.149343458313558,0.259034510814293,0.191028979217899,0.520359690282842,0.258203911502549,0.206257496078974,0.127704612424078,0.162160363166793
GATCATGCAAGACCTT-1,0.23421926910299,0.380794178136371,0.284843772602343,0.555747635719163,0.237292326531573,0.189397084601901,0.127355824162607,0.152848223438103
GATCATGCAATTTCCT-1,0.197019006938323,0.293127217664474,0.224649211630262,0.547162136641632,0.25214002284261,0.203143740197435,0.141860604967226,0.16697951196134
GATCATGCATCCAATG-1,0.204996948945691,0.38744999660994,0.269094459713583,0.781498322123277,0.333761141659504,0.186698496171234,0.156197005231824,0.174907144854028
GATCATGTCTCGCGTT-1,0.181243926141885,0.326892218681493,0.234973962100391,0.533957028923399,0.232111528453179,0.193837069840391,0.101473329725179,0.142684079502643
GATCATGTCTGAGGTT-1,0.161671977761204,0.269950505118991,0.199183904720575,0.557243924052472,0.285697464941304,0.223729126303164,0.153009802152865,0.182575182714965
GATCCCTAGAAGCGAA-1,0.482134381991999,0.435995660722761,0.440679396306476,0.487630198875605,0.160934427580685,0.113259987083679,0.119020987431595,0.11168577019849
GATCCCTGTGTCTTAG-1,0.285262277668543,0.456177819965195,0.347985679155215,0.718552522625913,0.295034676023502,0.240105175754221,0.186469420891214,0.211749670513998
GATCGTACAACAGATA-1,0.185775306800461,0.386297376093294,0.263513187713969,0.755799933175472,0.355049511945272,0.227488698219393,0.129604907090023,0.175965493829626
GATCGTACACCAGTTA-1,0.45606481795376,0.457036635252107,0.438768744876802,0.576230806107181,0.186803094349398,0.126245502352616,0.118010704191473,0.117150578430981
GATCGTACAGGCTACC-1,0.266628245982779,0.660191651411395,0.442505665654082,0.681784505425861,0.228214155353295,0.141329919734293,0.112634554092248,0.124126362873917
GATCGTACATCGAGCC-1,0.156632088051167,0.295590661513775,0.208321278750181,0.568182808663945,0.2514100012952,0.184207491466002,0.123855914366468,0.149919458977329
GATCGTAGTACAGAGC-1,0.183797771600334,0.318722173254684,0.230338974878249,0.558958118453739,0.27096751404114,0.207848971307316,0.114005652775272,0.155504080301396
GATCGTAGTCTGCATA-1,0.256017357108957,0.406818541370036,0.306108057283379,0.617923500443076,0.289347572678355,0.222183780791586,0.145047808046184,0.178248598852457
GATCGTATCAGCATTG-1,0.168542500056501,0.287827423328135,0.207628140218911,0.624141086915467,0.32212789506529,0.259698772949534,0.148198929580853,0.198277353994435
GATCGTATCTAAGGAA-1,0.245056161999684,0.543370171989061,0.374566035006509,0.671426703662275,0.319796535930012,0.253113755881539,0.153743460220097,0.198809856623667
GATGACTAGTCATCGT-1,0.426785996790743,0.496169231812326,0.441535271710304,0.675116579746357,0.2489137985847,0.162791770458529,0.140309098562752,0.152648534952141
GATGACTCACCTATCC-1,0.222580061925102,0.395755644450471,0.284777472395005,0.68652033063614,0.275547810524085,0.185533720822954,0.127981237596969,0.153380726067335
GATGACTTCCTACCAC-1,0.224082988677198,0.370929102538025,0.270794155938088,0.744352601072098,0.352341367495202,0.243138204631424,0.164158999338505,0.200340801682708
GATGACTTCCTAGCTC-1,0.151535697335413,0.277340836666893,0.196314913930276,0.566671993259439,0.254553803765498,0.185983485561399,0.133561849780504,0.15614973973934
GATGAGGAGCCTCATA-1,0.20373132641761,0.304619522227496,0.233406866290564,0.627438732077226,0.300592259416689,0.24087784851001,0.169066089361958,0.200433989642824
GATGAGGAGGACTTCT-1,0.212601984315321,0.465647388523516,0.315040503399392,0.748812411929631,0.297778144096834,0.180067349386475,0.135077274640688,0.157035025360438
GATGAGGAGTCACGAG-1,0.328722851266753,0.506271611634687,0.39546868219297,0.654865842497494,0.261218194020888,0.183019651259341,0.123831860003608,0.149666520228444
GATGAGGCACGCGCAT-1,0.217958279657378,0.40029832531019,0.2843977530257,0.725859639438093,0.322751945742915,0.22575883384076,0.187311323591316,0.203442629497983
GATGAGGGTCGGTAAG-1,0.202420503084955,0.39294189436572,0.275296542745552,0.632290773857083,0.271450270225718,0.195209428914106,0.111612243670696,0.147489915731459
GATGATCAGGCGTCCT-1,0.198646235902999,0.354826315908423,0.252031197261199,0.627758327643564,0.295458559502643,0.221780145769905,0.158891093872151,0.183553656296178
GATGATCAGTAACGAT-1,0.193911451623839,0.395021131376138,0.268389266599161,0.756845882301669,0.339130332395295,0.217870652274195,0.140032473389861,0.177350000665628
GATGATCAGTCATGGG-1,0.437385585463421,0.420966393201799,0.411953324654033,0.529787759489809,0.175417113118016,0.127675523572285,0.108641529857478,0.112837307134204
GATGATCCATCGGATT-1,0.190984699527652,0.369968585440821,0.258649163411929,0.633191452271308,0.287027988084164,0.219081557339238,0.142281556317277,0.175446303766125
GATGATCTCTGTGCTC-1,0.207901100639591,0.422141614120731,0.28842398379864,0.767247265278847,0.319337328827609,0.186640834025279,0.146719586264959,0.168983053103825
GATGCTAAGCAAGGAA-1,0.214647320722309,0.34840780165887,0.260119822556536,0.551462149715996,0.229344511297672,0.184772580496356,0.11689217631848,0.146345035078611
GATGCTACACGATAGG-1,0.252186588921283,0.52686057811829,0.364464294324702,0.729462353094993,0.301746164443241,0.203951010240797,0.163906428528474,0.181689897093867
GATGCTAGTCAATGGG-1,0.295782764933216,0.672158564422447,0.464294324702252,0.655112802707846,0.213460655370957,0.13424900821109,0.114979854471105,0.121537068839277
GATGGAGAGATAGGGA-1,0.178949985309739,0.294144235767397,0.218700274844496,0.496956578584192,0.238858340496179,0.203662699511025,0.104600396896987,0.148787890890211
GATGGAGCAAATACAG-1,0.181616832779623,0.313908287567519,0.229211871353489,0.495460290250883,0.209786998551731,0.185107020942891,0.107102050634434,0.141266291252313
GATGGAGCACAGTGTT-1,0.192419825072886,0.333186430718467,0.241284536380732,0.586530499585978,0.261159321315452,0.215425777285727,0.119754645498827,0.161567953991773
GATGGAGCAGAGACTG-1,0.190250186453319,0.329197459714783,0.236932831862674,0.617589377805541,0.297201191583558,0.230902297259895,0.126141078838174,0.173542606866621
GATGGAGCATCTTTCA-1,0.205787963025742,0.498519673650191,0.327040840927721,0.776007089210744,0.310106088615196,0.166747393671003,0.124084430813639,0.145559593700494
GATGGAGCATGGGAAC-1,0.221653445431329,0.313512780527493,0.242960123438931,0.656899632465099,0.315663672008383,0.246055909216717,0.174538456912623,0.203549130023829
GATGGAGCATTGCAAC-1,0.239168757203878,0.435306348453002,0.314323255701818,0.661475659892209,0.316688057082975,0.299520250945659,0.172505863250947,0.233249464169229
GATGGAGGTAAGATAC-1,0.203595724003887,0.412186136913237,0.283403249915618,0.742914421023577,0.32371745811207,0.220949810868161,0.12819772686271,0.170973281680578
GATGGAGGTCGAACAG-1,0.420909892196081,0.462121725766719,0.422061092627417,0.566991588825777,0.201509496167387,0.151109419688163,0.136352155872271,0.138603778106154
GATGGAGGTCGAATGG-1,0.196397495875427,0.334700657671707,0.244623655913978,0.671702718015021,0.338541605340932,0.275140695636129,0.184460881592399,0.225062236244791
GATGGAGGTCTCTCAC-1,0.176034533414695,0.282053020543766,0.210527267467091,0.591251797725061,0.303948003626559,0.235653658086539,0.138769619339708,0.180079076640441
GATGGAGGTGGATGAC-1,0.335661174768911,0.482552489434312,0.387066637735667,0.616601536964133,0.251068539603669,0.186156471999262,0.122472788502015,0.149906146411598
GATGGAGGTGTTCCAA-1,0.207878500237304,0.482473388026307,0.31855441438835,0.78863111408109,0.345853595356121,0.198300119937264,0.144085633531782,0.174554361862162
GATGTTGAGCTAAATG-1,0.158654824055868,0.275125997242751,0.199081440763778,0.572700727806267,0.278797583864169,0.224859304363871,0.156774309940465,0.186642171545722
GATGTTGGTCGAATGG-1,0.31564851854363,0.477478699120844,0.373806596267901,0.567412873890495,0.200296718435399,0.146611772303718,0.120428167658909,0.129531264560619
GATGTTGGTCGAGTGA-1,0.196227992858273,0.412965850792144,0.278237861034765,0.763208739486032,0.344770337576093,0.215864009594981,0.144350231523243,0.17896747740192
GATGTTGGTCGCACAC-1,0.271916740117974,0.430209957737248,0.326860022180433,0.658686462222351,0.245852417902012,0.166758926100194,0.120079379397438,0.140440912177004
GATGTTGTCTTGAGCA-1,0.223732682441747,0.367437340384659,0.269335551376633,0.653442189520171,0.317582922205607,0.243933942245595,0.161320584521017,0.19802441524555
GATTCGACACCCGTAG-1,0.18864555789093,0.386771984541325,0.264507690824051,0.668782776704389,0.27814998410437,0.191922686594704,0.117685970292862,0.152615253537814
GATTCGACAGTGCGCT-1,0.221483942414175,0.393246999796596,0.286019094459714,0.723825849470488,0.320373488443288,0.262166712796383,0.200300679535751,0.226260367160563
GATTCGACATCGTCCT-1,0.144473071620675,0.2526837977716,0.185423598051979,0.46970379301829,0.205548163760317,0.186698496171234,0.112081303746467,0.14491393426255
GATTCGACATGGGTTT-1,0.258209596130811,0.52547065337763,0.368309706350354,0.719642052965702,0.256814515654252,0.155157302334164,0.106500691562932,0.128812386011156
GATTCGATCCGATGTA-1,0.164259723823084,0.268571880579474,0.198092964945272,0.484913636561733,0.249596721967761,0.214307131654212,0.133513741054784,0.167585233702091
GATTCGATCTAAACGC-1,0.183379664158022,0.335864578389495,0.235884083128405,0.628949547481732,0.278279504056329,0.209486576252422,0.155920380058933,0.178202004872399
GATTCTTAGGCTAAAT-1,0.176769046489027,0.276188216150247,0.205795843579729,0.565408138065285,0.301769713525415,0.255178060706707,0.143604546274581,0.193271829279657
GATTCTTAGGGTATAT-1,0.209200623771103,0.44328429046037,0.301147596316119,0.739936371428156,0.336940267753064,0.252779315435003,0.179914607011847,0.211743014231133
GATTGGTAGTCATGGG-1,0.225314710601849,0.330011074197121,0.257624523843966,0.706858230312187,0.36412768312355,0.258303349017437,0.185579409465392,0.215530439181543
GATTGGTAGTTCCGGC-1,0.256107758718105,0.46278843763419,0.333122378128164,0.77407498874152,0.328062263773269,0.177161177230372,0.140260989837032,0.162892554281987
GATTGGTCACAAAGCG-1,0.213076592763351,0.33180780617895,0.248722214185833,0.611197466478783,0.287487195186568,0.219796567949073,0.146599314450658,0.177749377637552
GATTGGTCACGCCACA-1,0.161355572129184,0.301229461884422,0.215288827812334,0.512950883972282,0.21357840078183,0.178337485007842,0.10202658007096,0.135062635621763
GATTGGTCACGTAGTT-1,0.412468641941827,0.465929893552105,0.418776218718357,0.596510597498438,0.225435363656701,0.141745087185165,0.136833243129473,0.141113196746409
GATTGGTTCAACTACG-1,0.368465658688725,0.506655818473569,0.415865036887024,0.550750323227334,0.185507894829799,0.134491189224098,0.123843887185038,0.125317837506823
GATTGGTTCCGATGTA-1,0.180226908038963,0.300449748005514,0.218784656926563,0.559757107369583,0.280752157684654,0.219381400498201,0.152191953815623,0.178335130529707
GATTTCTAGCCTGAAG-1,0.245575971252288,0.508170045426809,0.352168619509137,0.749190115780757,0.330087484840278,0.225747301411569,0.160743279812376,0.192087010929616
GATTTCTCAAGCTGCC-1,0.18084841910186,0.291805094130676,0.21490910844303,0.589900780103723,0.292938807709969,0.228295968262755,0.15860244151783,0.187074829931973
GATTTCTCAAGGCTTT-1,0.457816349131015,0.477580400931137,0.448641448478712,0.579194328631405,0.20136820167434,0.13542531598856,0.130591135967286,0.128612697525194
GATTTCTCACCTGCAG-1,0.272798155807173,0.498090266006735,0.363349245383095,0.713395412350916,0.260299779816082,0.170806808746194,0.180840699981959,0.17251753930535
GATTTCTGTAAGTTGA-1,0.293500124302213,0.489230908310168,0.368852162592218,0.734212705376469,0.312378575045038,0.208725435925823,0.170713813217872,0.18929137212615
GATTTCTGTCTCGACG-1,0.191323705561959,0.33427125002825,0.239193066203771,0.654502665717565,0.337364151232206,0.267517759940954,0.168188105117566,0.212295485708961
GATTTCTGTGTCATGT-1,0.186374217461071,0.303613804325717,0.224824003085973,0.547656057062336,0.257367919085354,0.207053233693145,0.134139154489145,0.16446343703822
GATTTCTTCGAACGCC-1,0.216896060749881,0.347582886975388,0.255780172621631,0.72350625390415,0.35097552072908,0.260459913276132,0.172986950508148,0.212089140940133
GCAACATAGCTCTGTA-1,0.22888557416322,0.559213053992361,0.371751289840397,0.778287839388701,0.321927727866806,0.177149644801181,0.160069757652294,0.174913801136893
GCAACATAGTTATGGA-1,0.19287183311863,0.306280651795602,0.230043637591012,0.532068509667766,0.260888506870445,0.208298736045761,0.126177160382464,0.159957133538347
GCAACATCACTAGGCC-1,0.252469093949872,0.477614301534567,0.343139736727904,0.678152737626567,0.299191089027305,0.202601716025464,0.134307535029166,0.165169003021952
GCAACATCATTGGATC-1,0.25921531403259,0.552274730490203,0.382076040310526,0.742638406670831,0.314238952536825,0.208310268474952,0.174213723014012,0.187081486214838
GCAACATGTACCTAAC-1,0.199651953804778,0.328869753881619,0.240513043058971,0.574778098987463,0.275229897914729,0.214964480118092,0.145841602020566,0.17301010423739
GCAACCGAGGTCCGAA-1,0.483580807738378,0.483004497480055,0.46668113216645,0.590031523744498,0.186332112705907,0.121009779499954,0.12466173552228,0.118368678195349
GCAACCGCACCAAATC-1,0.208816416932221,0.322315637218342,0.241971647620425,0.621075874892863,0.313426509201804,0.239932189316358,0.159107583137892,0.193371673522638
GCAACCGCACTCCGGA-1,0.249836147083418,0.379483354803716,0.290081488982111,0.634019495329547,0.261606753876768,0.189500876464618,0.137073786758073,0.158685783511056
GCAACCGCAGAGACTG-1,0.18160553257848,0.307930481162565,0.219851487535561,0.653006377384256,0.309882372334538,0.242388596734016,0.171627879006555,0.200553802734401
GCAACCGCATCAGCTA-1,0.214466517504012,0.477569100729993,0.321387241429191,0.710795066606621,0.284390490880618,0.185176215518037,0.102940645859643,0.140773726320274
GCAACCGGTATCTCGA-1,0.208002802449884,0.354317806856962,0.257226722599933,0.632494152853843,0.309599783348444,0.234338961158778,0.144254014071802,0.18258183899783
GCAACCGGTATGGGAC-1,0.383958234456573,0.494632404456799,0.419879213076812,0.603933930880195,0.210540569181316,0.145135621367285,0.114414576943893,0.127627567661115
GCAACCGTCTGTGTGA-1,0.46780572694194,0.488089587994666,0.460147548097787,0.52381713322777,0.181610521729916,0.130697020020297,0.121029526730411,0.119347151776562
GCACATACAGGCTACC-1,0.232038330282279,0.396173751892784,0.290750518347076,0.686331478710577,0.295482108584818,0.205853861057293,0.16212640567683,0.179899357003075
GCACATAGTCATCGCG-1,0.321999231586322,0.544579293511425,0.41200757027822,0.72320118540901,0.292043942587338,0.18470338592121,0.151229779301221,0.167105981335783
GCACATAGTGCGCTCA-1,0.178339774447985,0.35560602978733,0.24621486089011,0.646367505847146,0.321233029942658,0.232701356213673,0.132515484996091,0.178228630003861
GCACATAGTTCAGCTA-1,0.243146428006419,0.434594435780957,0.314492019865953,0.767189156994058,0.338965488820073,0.223429283144201,0.178711888868844,0.202337686542327
GCACATATCCGCTGTT-1,0.22932628200782,0.329197459714783,0.254466223058007,0.563868268518384,0.282000259039904,0.233693145124089,0.146731613446389,0.182721620938003
GCACGGTAGCCAAGTG-1,0.203460121590164,0.40014012249418,0.276417618978736,0.715908595668027,0.338989037902248,0.252940769443676,0.161464910698178,0.203203003314829
GCACGGTGTGTAACGG-1,0.174565507266029,0.311851650959387,0.222660205410097,0.605793395993434,0.301581320868019,0.238329181658825,0.13202237055746,0.179992544963191
GCACGTGAGCGTGAAC-1,0.265170520035257,0.403236377607521,0.311327691788418,0.578758516495489,0.234584182081503,0.174301134791032,0.112442119189368,0.13895656109802
GCACGTGCAACGTATC-1,0.224851402354962,0.528103600244084,0.351318771396885,0.782965556314192,0.334585359535612,0.182039394778116,0.150171387335378,0.171206251580867
GCACGTGCAGCCGTTG-1,0.169435215946844,0.25264989716817,0.197212980375139,0.46172843093104,0.205489291054881,0.174335732078605,0.109796139274761,0.139256093826963
GCACGTGCAGGCTACC-1,0.357086356137139,0.464765972834316,0.391225468923285,0.621787701381525,0.2495613983445,0.17622705046591,0.114414576943893,0.140367693065485
GCACGTGCATGAAGGC-1,0.296257373381246,0.604346057359821,0.431180384782294,0.661083428969885,0.29182022630668,0.191357597564351,0.135462144446449,0.16102213879681
GCACGTGTCAGGTAAA-1,0.266910751011368,0.718229484484824,0.473745117893823,0.688307160393393,0.244698512875461,0.143175108404834,0.138288532082506,0.138976529946617
GCACGTGTCATTCTTG-1,0.352114267633964,0.351119849933329,0.329596412556054,0.691735549195927,0.283271909477328,0.234627271888551,0.209477418966865,0.219883648175513
GCACTAAAGTATGGCG-1,0.128528487807083,0.315388613917328,0.213577077004677,0.400293446838183,0.187945224834862,0.093378079158594,0.13946719586265,0.131082178468256
GCACTAAGTGCCTAAT-1,0.215856442244672,0.402015955884015,0.282276146390858,0.701425105684443,0.301369379128448,0.204677553279823,0.153971976667268,0.176830810602127
GCAGCCAAGTGACCTT-1,0.441024250231654,0.496948945691233,0.451438111770095,0.622717433938144,0.233924807780617,0.165386567026478,0.123170365024956,0.140148035730926
GCAGCCACACATTACG-1,0.221054534770719,0.512577123872805,0.341542504460196,0.801385882592211,0.348750132463587,0.184080634744903,0.143027241565939,0.16890317770944
GCAGCCAGTTTCGGCG-1,0.237846633670079,0.553043144167966,0.370371040069434,0.744367128143295,0.303288629325672,0.180724697850355,0.152035600457033,0.167858141299573
GCAGCTGAGGGATCGT-1,0.198815738920153,0.391009559970167,0.267726264525773,0.744062059648154,0.32728514406151,0.223106375126857,0.157399723374827,0.190183314030113
GCAGCTGCATTCCTAT-1,0.178294573643411,0.29200849775126,0.213408312840542,0.63878437468222,0.315404632104464,0.247624319586678,0.160598953635216,0.198683387249225
GCAGCTGGTTCCACGG-1,0.352374172260266,0.601046398625896,0.456681855441439,0.677440911137905,0.249219936652969,0.166032383061168,0.138829755246858,0.149220549276462
GCAGCTGTCCCTCGAT-1,0.374590367708545,0.478394015413474,0.40488933892666,0.653166175167424,0.245675799785703,0.170287849432604,0.155607673341752,0.162073831489543
GCAGGCTAGGTGCTGA-1,0.22064772752955,0.509096661920582,0.341747432373789,0.700742333338176,0.305478693967903,0.23539994464434,0.159660833483673,0.194889306015948
GCAGGCTCAGCCCACA-1,0.209053721156237,0.314880104865867,0.238849510583924,0.579049057919433,0.272639498875531,0.210386105729311,0.144795237236154,0.170314309676904
GCAGGCTGTCTGCGCA-1,0.368375257079576,0.392670689538274,0.358955349824003,0.629719482255182,0.269672314521542,0.223256296706338,0.175139815984124,0.194436678781101
GCAGGCTTCCGATAGT-1,0.362069744841458,0.403315479015527,0.36292130768118,0.518398535671223,0.186108396425249,0.139438601346988,0.182957483913645,0.166733229495321
GCAGGCTTCTCTCGAC-1,0.415655298664316,0.372251226071824,0.372323882540142,0.653616514374537,0.255531090675741,0.206142171787065,0.180383667087618,0.187640613975532
GCAGTTACAACGATTC-1,0.209607431012272,0.414118471308789,0.286724287574136,0.712901491930212,0.279680674445713,0.181728019189962,0.111949004750737,0.145712688206398
GCAGTTACAATTGCAC-1,0.204364137681651,0.424333853142586,0.287091952360287,0.79603992039165,0.343946119699985,0.197446720177138,0.149016777918095,0.177369969514224
GCAGTTAGTCGTTGCG-1,0.431430379460754,0.510452686057812,0.453077535078837,0.59238490927844,0.227154446655442,0.157348463880432,0.132756028624692,0.141798793881545
GCAGTTAGTCTCTCCA-1,0.220681628132981,0.394410920514385,0.282215873475095,0.781367578482502,0.35329510532327,0.21689039579297,0.177148355282939,0.198190822317185
GCAGTTATCAGGTGTT-1,0.497954663593012,0.470325671796958,0.466198948840349,0.597454857126255,0.211070423530243,0.134433527078144,0.127283661074027,0.13064286379914
GCATCGGCACAGCATT-1,0.218511989513413,0.377087712161276,0.27159578571773,0.673387858273893,0.325130403042541,0.250253713442199,0.166504299717361,0.203063221374656
GCATCGGCACTACACA-1,0.422424119149321,0.43154338147219,0.406516707652249,0.660938158257914,0.237315875613748,0.160888919642033,0.142486018401588,0.150285554534926
GCATCGGGTGTTGAGG-1,0.228105860284313,0.411010915994305,0.29716958387579,0.677150369713962,0.312178407846554,0.257888181566565,0.169595285344879,0.208095371220895
GCATCGGTCGCACTCT-1,0.223032069970845,0.484292720410423,0.329035874439462,0.771460115926028,0.318548434574762,0.179248546913922,0.140441397558482,0.163198743293795
GCATCTCAGTACAGAT-1,0.190182385246457,0.379065247361403,0.260523651092145,0.78148379505208,0.381400934898562,0.252929237014485,0.175079680076974,0.211842858474114
GCATCTCGTACCACGC-1,0.324586977648202,0.419621669265713,0.350040985582719,0.681537545215509,0.255307374395083,0.170910600608912,0.178194720067352,0.174927113702624
GCATCTCGTCGAATTC-1,0.270187809343006,0.359120392342984,0.288942330874198,0.657480715312986,0.285744563105653,0.215933204170126,0.167117685970293,0.18652901473701
GCATGATAGTCTTCGA-1,0.191979117228287,0.331660903564083,0.23954867640677,0.594941673809143,0.283165938607543,0.217213303810315,0.153779541764388,0.178408349641226
GCATGATCACCGGTCA-1,0.23087440956449,0.387314394196217,0.288857948792131,0.71599575809521,0.328568569040022,0.246228895654581,0.182187744302123,0.20800218326078
GCATGATCAGGAACCA-1,0.185538002576446,0.378251632879065,0.258817927576064,0.640033702805177,0.281858964546857,0.204008672386752,0.129905586625774,0.162872585433391
GCATGATGTTGTACGT-1,0.182916355911135,0.300054240965489,0.219742996287188,0.642881008759824,0.327202722273899,0.26486530122705,0.156642010944735,0.206091830078411
GCATGATTCCTGTTGC-1,0.282923136031821,0.332960426695595,0.286977433820338,0.626785013873353,0.30574950841291,0.224363409908663,0.189079319261531,0.202504093613962
GCATTAGAGGCTAGCA-1,0.343187108730535,0.410920514385156,0.353964752398862,0.730435666865203,0.303229756620236,0.216302241904235,0.182356124842143,0.198077665508473
GCATTAGCAGCCATTA-1,0.196340994869709,0.424130449522002,0.287857418390472,0.608364687595334,0.253541193231994,0.187574960789741,0.101088459919418,0.137844961859499
GCATTAGCAGGCTATT-1,0.180306009446968,0.30999841797184,0.229410771975505,0.518863401949533,0.226188934286286,0.18313497555125,0.11715677430994,0.145952314389552
GCATTAGTCCGTGTCT-1,0.418107442312473,0.422808325988203,0.402146921259463,0.526170518761713,0.197258886834886,0.155837715656426,0.126525948643935,0.135055979338898
GCATTAGTCTTTCAGT-1,0.20190069383235,0.409191583610188,0.278503061864121,0.787788543951654,0.347172343957894,0.20907140880155,0.152155872271333,0.183893126722313
GCCAACGAGAGGTTTA-1,0.239157457002735,0.558286437498588,0.373788514393172,0.747156325813153,0.296942151679638,0.179386936064213,0.144350231523243,0.163950903257585
GCCAACGAGAGTAACT-1,0.21013854046602,0.379709358826587,0.267491200154299,0.760681029097724,0.349350634059038,0.238974997693514,0.168464730290456,0.201964934701865
GCCAACGAGTCGGGAT-1,0.204985648744548,0.392535087124551,0.274458749216452,0.669451021979459,0.28885304195269,0.206384352800074,0.1243490288051,0.160489636167579
GCCAACGAGTTTGAGA-1,0.201233981964879,0.325784798969422,0.238988138290178,0.679692607173468,0.328992452519163,0.24843158963004,0.16216248722112,0.199515422607399
GCCAACGCAGTCAGTT-1,0.177096752322191,0.30251768481479,0.217657553401803,0.669015209843543,0.328768736238505,0.257046314235631,0.153875759215828,0.201232743586671
GCCAACGGTACTGCGC-1,0.365245101362804,0.415271091825434,0.368424224890303,0.606083937417377,0.262560491704836,0.201529200110711,0.161825726141079,0.177769346486148
GCCAACGGTCCAAAGG-1,0.274199380748977,0.545155603769747,0.387994840638411,0.723099495910629,0.284225647305396,0.200560476058677,0.165481989295809,0.178647975824381
GCCAACGTCAGATTGC-1,0.348814608900038,0.456562026804077,0.380081006798785,0.606374478841321,0.239635460207938,0.178971768613341,0.139118407601179,0.15557064313005
GCCAGCAAGATAACGT-1,0.24624268311976,0.413316157027595,0.306276821447514,0.608306579310545,0.249243485735143,0.186052680136544,0.127247579529737,0.152475471597641
GCCAGCAAGCACTCTA-1,0.214127511469704,0.30605464777273,0.236571194368099,0.582375757223586,0.283295458559503,0.213557523756804,0.152071682001323,0.176464715044531
GCCAGCAAGGGCAGAG-1,0.24655908875178,0.495468619341424,0.346436665220117,0.707555529729651,0.28356627300451,0.186029615278162,0.153226291418606,0.167738328207996
GCCAGCACAAGTGCTT-1,0.27537460166791,0.445894636924537,0.335075220598872,0.681900721995438,0.288641100213119,0.191841959590368,0.155294966624572,0.172450976476696
GCCAGCACAGACTCTA-1,0.227009740773386,0.575801749271137,0.376741887265538,0.736290076557665,0.288676423836381,0.175777285727466,0.124794034518011,0.1486747340815
GCCAGCACAGATAAAC-1,0.207742897823581,0.45486699663254,0.307186942475529,0.7515435013147,0.300474514005817,0.177045852938463,0.136231884057971,0.158772315188306
GCCAGCACAGGTATGG-1,0.186419418265645,0.315569417135625,0.228922561357828,0.621889390879905,0.276207184824971,0.207664452440262,0.142690480485898,0.170374216222693
GCCAGCAGTCTACGTA-1,0.199098243948742,0.460257192578028,0.304257678769468,0.773087147900112,0.331665273345971,0.19512870190977,0.127897047326959,0.162486521027198
GCCAGCAGTTGCATGT-1,0.158779126268448,0.255983456505526,0.191366507546169,0.542281040719381,0.260511721555652,0.20007611403266,0.126995008719707,0.159524475152096
GCCAGCATCTAAGCGT-1,0.218263385088255,0.398286889506633,0.283547904913448,0.662681406801575,0.293492211141071,0.212773318571824,0.123050093210656,0.162999054807833
GCCAGCATCTGCAGCG-1,0.207482993197279,0.315546816733338,0.23959689473938,0.570623356625071,0.275418290572125,0.20750299843159,0.131132359131638,0.163884340428931
GCCAGGTCACAAATAG-1,0.207064885754966,0.452358351978665,0.303124547953132,0.811424088789459,0.352659280104558,0.188889657717502,0.140405316014192,0.169382430075748
GCCAGGTCACATCCCT-1,0.276109114742242,0.532069970845481,0.382033849269492,0.716969071865421,0.282942222326885,0.19720453916413,0.15838595225209,0.177170281028263
GCCAGGTCATACAGAA-1,0.203708726015323,0.316371731416819,0.239633058488837,0.541176983308395,0.242614419103015,0.197169941876557,0.128690841301341,0.156775430328687
GCCAGGTGTCGAAACG-1,0.200635071304269,0.315987524577937,0.234835334394137,0.598253846042099,0.280292950582251,0.212784851001015,0.145492813759096,0.173549263149487
GCCAGGTTCATCTCTA-1,0.258446900354826,0.383020317761656,0.29559043348281,0.688132835539027,0.294893381530455,0.202440262016791,0.155559564616032,0.176571215570377
GCCAGTGAGATCACTC-1,0.26335118765114,0.541110131760345,0.379134722021312,0.744207330360126,0.31507494495402,0.198819079250853,0.163172770461242,0.181104144201712
GCCAGTGCACCCTAGG-1,0.164033719800212,0.266357041155333,0.196863397463716,0.560439879715851,0.305349174015943,0.252052772395978,0.153478862228637,0.196027530385931
GCCAGTGGTCAGGTAG-1,0.189978981625873,0.384907451352634,0.265502193934134,0.594171739035693,0.25570770879205,0.189950641203063,0.100438992122196,0.138124525739846
GCCAGTGGTTAAACAG-1,0.360419915474495,0.422571021764187,0.37053980423357,0.598471752110057,0.251916306561952,0.192049543315804,0.153767514582957,0.168829958597921
GCCAGTGGTTAGGGTG-1,0.269396795262956,0.445420028476507,0.333459906456435,0.677019626073187,0.274994407092984,0.190054433065781,0.113007396716579,0.148481701878403
GCCAGTGTCCTTCTTC-1,0.181266526544172,0.331242796121771,0.233587685037851,0.624562371980185,0.291937971717552,0.222991050834948,0.148836370196644,0.18073139236125
GCCAGTGTCGGATTAC-1,0.422571021764187,0.491366646326305,0.440378031727663,0.580385548469573,0.187109232417667,0.122462865578005,0.10184617234951,0.108757005737716
GCCATGGCAACAGCTT-1,0.205833163830316,0.356724749700545,0.257811369882829,0.724624838386333,0.37216969468615,0.256758003505858,0.180840699981959,0.212408642517672
GCCATGGCACGAAGAC-1,0.219981015662079,0.447160259452618,0.306692704566276,0.800078446184465,0.352105876673457,0.203639634652643,0.170822057850743,0.190982067973961
GCCATGGGTAGGATAT-1,0.184159378036929,0.350927746513888,0.244641737788707,0.646803317983061,0.303276854784585,0.229091705876926,0.158229598893499,0.187840302461493
GCCATGGGTTACGATC-1,0.254921237598029,0.387416096006509,0.298839143642413,0.562996644246553,0.235549694450659,0.179963557523757,0.127584340609778,0.149826271017213
GCCATGGGTTGCCAAT-1,0.190012882229304,0.313230275498904,0.230351029461401,0.569824367709226,0.285980053927398,0.218216625149922,0.129568825545733,0.166739885778186
GCCATGGGTTTCGGCG-1,0.181176124935024,0.29491264944516,0.21687400549689,0.558246291965077,0.289441769007053,0.224836239505489,0.156557820674725,0.182488651037714
GCCATGGTCCATAGAC-1,0.190125884240739,0.299444030103736,0.22272047832586,0.594128157822101,0.290842939396437,0.21833194944183,0.149088941006675,0.177842565597668
GCCATTCAGCTGTCCG-1,0.168327796234773,0.312032454177684,0.21977313274507,0.603846768453012,0.271756408293987,0.21010932742873,0.151855192735582,0.1764514024788
GCCATTCAGGAGAATG-1,0.223190272786856,0.375471783397745,0.275941462944211,0.54310908377762,0.23154635048099,0.184415075191438,0.107029887545854,0.141519230001198
GCCATTCCAAGTTTGC-1,0.248299319727891,0.348893710308044,0.274585322339554,0.6208870229673,0.283872411072778,0.21012085985792,0.158121354260629,0.178508193884207
GCCATTCGTAACATGA-1,0.2526837977716,0.433916423712342,0.31958508124789,0.759838458968287,0.332336422187945,0.222737337392748,0.179950688556137,0.202244498582212
GCCATTCGTAGACAAT-1,0.17627183763871,0.265712929690148,0.205832007329187,0.482400453244621,0.214591011315334,0.179444598210167,0.111179265139215,0.140787038886004
GCCATTCGTTGCACGC-1,0.166598865459805,0.319829592966755,0.227319301798544,0.503450179409329,0.204241189699631,0.179456130639358,0.10550243550424,0.137545429130556
GCCATTCGTTGCTCAA-1,0.172418469048749,0.277566840689764,0.20676021023193,0.57232302395514,0.296800857186591,0.22954147061537,0.13980395694269,0.177423219777148
GCCCAGAAGCCATTTG-1,0.236852215969444,0.337118900716433,0.266315878296928,0.573615933291689,0.206678519704695,0.125253713442199,0.167574718864634,0.153194350147104
GCCCAGAAGCGATGCA-1,0.199764955816214,0.377494519402445,0.263627706253918,0.68251085898572,0.328003391067833,0.268221238121598,0.174009260929701,0.216761851511642
GCCCAGAAGCTCCCTT-1,0.192623228693471,0.420491784753769,0.280690968706302,0.78559495620088,0.348243827196835,0.204458437125196,0.134103072944855,0.170507341880001
GCCCAGAAGCTTTGTG-1,0.271600334485954,0.495728523967727,0.359805197936255,0.668129058500516,0.270308139740254,0.18729818248916,0.11704852967707,0.148927672830385
GCCCAGAAGGTTCAGG-1,0.21925780278889,0.510701290482971,0.342133179034669,0.691401426558392,0.309882372334538,0.223913645170219,0.142955078477359,0.179726293648575
GCCCAGACAAGTTGGG-1,0.188272651253192,0.349176215336633,0.247118954626549,0.598907564245972,0.245075298190253,0.19304133222622,0.107703409705935,0.144401400481915
GCCCAGAGTATACAGA-1,0.0984586525640156,0.316812439261419,0.197942282655866,0.412699565640571,0.185237080384792,0.120225574314974,0.137566901196705,0.145526312286167
GCCCAGATCTTCGGTC-1,0.320202499604493,0.398727597351233,0.334894401851584,0.747258015311533,0.313497156448327,0.21702878494326,0.186168741355463,0.201485682335557
GCCCGAAAGTAAGACT-1,0.347198680136506,0.47635997920763,0.389103862288442,0.613841393436669,0.242225859247136,0.176596088200018,0.130098021528655,0.149866208714406
GCCCGAACACTACTTT-1,0.269950505118991,0.475862770357312,0.347792805824775,0.697865973241135,0.309046379917343,0.219450595073346,0.15465752600878,0.183467124618928
GCCCGAAGTTGGGCCT-1,0.290347368183154,0.457115736660113,0.349607020589228,0.722750846201897,0.308434103780805,0.23305886151859,0.187936737025678,0.208208528029607
GCCCGAATCATGCCGG-1,0.176656044477592,0.299297127488869,0.217675635276532,0.631055972805323,0.322057247818766,0.261590091336839,0.155451319983162,0.20314309676904
GCCGATGAGATACTGA-1,0.187425136167424,0.288471534793319,0.217030715077873,0.588317329343231,0.278868231110692,0.211274102777009,0.14355643754886,0.171871879867407
GCCGATGAGGAAGAAC-1,0.337311004135874,0.477207494293398,0.385282559429095,0.538678327062481,0.213260488172473,0.164014207952763,0.129388417824283,0.140168004579523
GCCGATGAGGAGGCAG-1,0.451725540714625,0.437487287273713,0.427503736920777,0.550837485654517,0.177866217664167,0.120271704031737,0.113873353779542,0.112184991413395
GCCGATGCAAGATGGC-1,0.181176124935024,0.293714828123941,0.215331018853368,0.652948269099467,0.338965488820073,0.266525971030538,0.161140176799567,0.208741030658839
GCCGATGGTCACCACG-1,0.183198860939725,0.33395484439623,0.23566710063166,0.64418844516757,0.281470404690977,0.206245963649783,0.145420650670515,0.171718785361503
GCCGATGGTGAAAGTT-1,0.456505525798359,0.438029696928605,0.427268672549303,0.548120923340645,0.207585159368414,0.136313313036258,0.137759336099585,0.137292490381671
GCCGATGTCGTCTACC-1,0.227744253847718,0.406536036341447,0.290648054390279,0.756526286735331,0.329851994018533,0.196893163575976,0.157628239821998,0.179133884473555
GCCGTGAAGTCAGGGT-1,0.237112120595747,0.421282798833819,0.304209460436858,0.65730639045862,0.295635177618952,0.218297352154258,0.130122075891515,0.169129491326863
GCCGTGAAGTGAGGCT-1,0.23115691459308,0.419813772685154,0.304763971261874,0.717143396719787,0.320314615737852,0.244383706984039,0.177064165012929,0.205166606760121
GCCGTGAAGTTTCGAC-1,0.211291160982665,0.411621126856058,0.286657987366797,0.705405523192469,0.335433126493895,0.246309622658917,0.163569667448433,0.200720209806036
GCCGTGACAGCGCTTG-1,0.195956788030827,0.335480371550614,0.242755195525339,0.622092769876665,0.274370356415359,0.202405664729219,0.136063503517951,0.165149034173356
GCCTGTTAGTCTCCTC-1,0.183300562750017,0.321038714489118,0.228458459906456,0.633670845620814,0.293833672832601,0.213234615739459,0.149918816525347,0.178608038127188
GCCTGTTAGTTGCGCC-1,0.195154473749633,0.320123398196488,0.235444090843339,0.590743350233159,0.257356144544266,0.18586816126949,0.126357568103915,0.153347444653008
GCCTGTTCACAGAAGC-1,0.208974619748232,0.336305286234095,0.250892039153286,0.707875125295989,0.31619352635731,0.253079158593966,0.18886282999579,0.216715257531584
GCCTGTTCAGTAGTTC-1,0.436210364544489,0.459319275883111,0.42790153816481,0.665833781251362,0.242002142966478,0.152850816495987,0.137699200192435,0.147656322803094
GCCTGTTCAGTCAGCC-1,0.235993400682532,0.54923497638258,0.368659289261777,0.71064979589465,0.252928917095456,0.156091429098625,0.110698177882013,0.131055553336795
GCCTGTTGTTACACTG-1,0.212262978281013,0.360080909440188,0.263193741260427,0.699173409648881,0.336952042294152,0.281587323553833,0.198929580852727,0.235718945112291
GCGAGAAAGCAAGTGC-1,0.289658055913395,0.368533459895586,0.305378755002652,0.528770864506007,0.234866771067598,0.187736414798413,0.120307895844609,0.147103851325266
GCGAGAAAGCGATTCT-1,0.192826632314055,0.356216240649084,0.251139158107913,0.696907186542121,0.336716551472406,0.258614724605591,0.141680197245775,0.197212348735972
GCGAGAACAGCGTATT-1,0.226512531923068,0.40105543878681,0.29000313419162,0.544213141188605,0.216981243156048,0.177484085247717,0.114667147753924,0.140440912177004
GCGAGAATCCTACAAG-1,0.227540850227134,0.411994033493796,0.296404117845605,0.676278745442131,0.276183635742797,0.189201033305655,0.141692224427205,0.163145493030872
GCGATCGAGTTACGGG-1,0.19943724998305,0.3022351797862,0.227319301798544,0.572569984165492,0.296047286557006,0.235976566103884,0.164146972157075,0.191148475045596
GCGATCGCAAATGAAC-1,0.19792302302981,0.31091373426447,0.229766382178504,0.665427023257841,0.29955609980101,0.234119845004152,0.175248060616994,0.198383854520282
GCGATCGGTAGAGGAA-1,0.191945216624856,0.379675458223156,0.262946622305801,0.680157473451777,0.329239717881996,0.251891318387305,0.151446268566961,0.197278911564626
GCGATCGGTCGAAGCA-1,0.436809275205099,0.481795375957692,0.440402140893968,0.521318476981856,0.190559172956234,0.134283605498662,0.129075711107102,0.123407484324454
GCGATCGGTCGTGCCA-1,0.243666237259023,0.441103351639659,0.317909494189691,0.683978093176635,0.295305490468509,0.207283882276963,0.121799266341933,0.159963789821212
GCGATCGGTCGTTGGC-1,0.203878229032477,0.318417067823807,0.237499397270842,0.674550023969667,0.344511297672173,0.259214410923517,0.1621143784954,0.205446170640468
GCGATCGTCCGTTTCG-1,0.217201166180758,0.419610369064569,0.291714884999277,0.698926449438529,0.29216168799821,0.206430482516837,0.158097299897769,0.179653074537056
GCGGAAAAGGTAGGCT-1,0.274097678938685,0.485852148168237,0.35781619171609,0.650130017287215,0.249196387570794,0.18795553095304,0.161236394251007,0.168856583729382
GCGGAAAAGGTCTACT-1,0.494779307071666,0.456765430424662,0.456971165437099,0.497915365283205,0.180998245593378,0.128724974628656,0.136460400505142,0.127734068186962
GCGGAAACAAGCTGTT-1,0.185165095938708,0.31732094831288,0.233382757124259,0.564202391155919,0.290996008430571,0.222449026662976,0.137855553551025,0.17344276262364
GCGGAAAGTTGAGTCT-1,0.223484078016589,0.408615273351866,0.290720381889194,0.661432078678618,0.309493812478659,0.251902850816496,0.166335919177341,0.20246415591677
GCGGATCAGTATGAGT-1,0.443996203132416,0.484722128053879,0.445416847485414,0.590670714877174,0.211670925125693,0.146058215702556,0.132347104456071,0.135907983545669
GCGGATCCAAGACCGA-1,0.463918457748548,0.458946369245373,0.442945657939148,0.59511599866351,0.196104981808334,0.133833840760218,0.13221480546034,0.127361316346499
GCGGATCGTCTTCTAT-1,0.152417113024612,0.253203607024205,0.187316167606924,0.552203030347052,0.283495625757986,0.235388412215149,0.160322328462325,0.193810988191754
GCGGATCTCCGCTAGG-1,0.24078468596741,0.424808461590616,0.307464197888037,0.732164388337667,0.312437447750474,0.200318295045668,0.168344458476156,0.182788183766657
GCGGATCTCCTCGCAT-1,0.174475105656881,0.299760435735756,0.218091518395294,0.626320147595043,0.284060803730175,0.201229356951748,0.15484996091166,0.173735639069718
GCGGATCTCGCTGATA-1,0.197753520012656,0.373516848599905,0.261843627947346,0.662042215668899,0.28812302040528,0.200041516745087,0.134644296109207,0.163937590691854
GCGTGCAAGGACGGAG-1,0.434323230953511,0.492033358193776,0.444741790828873,0.522640440460799,0.188263137444218,0.133257219300673,0.125467556678092,0.1214172557477
GCGTGCACATATAGCC-1,0.32786403597984,0.481354668113092,0.38202179468634,0.647921902465244,0.251563070329334,0.17622705046591,0.117734079018582,0.144261618541742
GCGTGCAGTGCACAAG-1,0.321558523741723,0.504463579451714,0.39065287622354,0.671484811947063,0.276054115790837,0.196224282682904,0.152167899452763,0.170653780103039
GCGTGCATCCGAGGCT-1,0.186136913237056,0.353978800822655,0.244629683205555,0.72510423173584,0.313697323646811,0.20946351139404,0.149173131276685,0.178614694410054
GCGTGCATCTAAACGC-1,0.416785318778674,0.4812529663028,0.431861468730411,0.569940584278804,0.218441286250868,0.159747209152136,0.134957002826388,0.14138610434389
GCGTTTCCACCATAAC-1,0.191063800935657,0.325807399371709,0.237601861227639,0.628833330912155,0.314921875919886,0.232516837346619,0.156750255577605,0.188332867393533
GCGTTTCGTGGGTCAA-1,0.251813682283545,0.699787556218501,0.45519914171368,0.701090983046908,0.242520222774317,0.142713811237199,0.12826988995129,0.133105688459337
GCGTTTCTCGCTCTAC-1,0.21973241123692,0.387992406264832,0.277900332706495,0.679213213823961,0.28919450364422,0.21467616938832,0.165061037945757,0.184339097674295
GCTACAAGTTGTCATG-1,0.186408118064502,0.380986281555812,0.262832103765852,0.693028458532475,0.322716622119653,0.221307316173079,0.121450478080462,0.167032762224263
GCTACAATCTCTCTTC-1,0.301026058263837,0.471907699957059,0.363602391629297,0.710519052253875,0.29942657984905,0.202520989021127,0.164327379878525,0.179879388154479
GCTACCTAGACTCTAC-1,0.192397224670599,0.305794743146428,0.23046554800135,0.519124889231082,0.228343675305255,0.185372266814282,0.130338565157255,0.151803187028236
GCTACCTAGGTTTGAA-1,0.333898343390512,0.497762560173571,0.392792564733112,0.67587198744861,0.270991063123315,0.186698496171234,0.145492813759096,0.164103997763489
GCTACCTAGTCACGAG-1,0.240004972088503,0.590627613171514,0.396559621968272,0.664569926057208,0.30574950841291,0.227258049635575,0.128654759757051,0.175985462678222
GCTACCTCAACTGAAA-1,0.245914977286596,0.44280968201234,0.318247022517961,0.706335255749088,0.314368472488785,0.231006089122613,0.156257141138974,0.189391216369131
GCTACCTCAAGAATGT-1,0.478156711189459,0.499943498994282,0.471635565842133,0.511120473001438,0.17905544631398,0.117884491189224,0.11679595886704,0.112863932265666
GCTACCTGTCTGTCAA-1,0.229676588243271,0.565529866431623,0.373264140026038,0.772026671702718,0.327461762177819,0.177772395977489,0.138408803896807,0.162293488824101
GCTACCTGTTCAATCG-1,0.358758785906389,0.451149230456302,0.381889194271662,0.670438862820867,0.26838888954303,0.198542300950272,0.156906608936196,0.173981921535738
GCTACCTTCCCTCTTT-1,0.415564897055168,0.455872714534319,0.418306089975409,0.561151706204512,0.183859459077582,0.131423563059323,0.104913103614168,0.113802468149686
GCTACCTTCGGTATGT-1,0.202872511130698,0.31397608877438,0.236299966247167,0.584801778113515,0.292821062299097,0.225378263677461,0.13949125022551,0.17595883754676
GCTCAAAAGCACTCTA-1,0.207324790381269,0.456200420367483,0.308163363710883,0.680273690021355,0.270425885151126,0.18352707814374,0.103746467015455,0.139063061623867
GCTCAAACAAGTCCAT-1,0.290708974619748,0.481784075756548,0.364385939534211,0.69279602539332,0.285297130544337,0.204227788541378,0.17743700763726,0.187587363712608
GCTCAAACAATAACCC-1,0.230365900513029,0.638879472054603,0.411742369448864,0.736972848903932,0.276289606612582,0.159262847126119,0.125527692585243,0.141605761678448
GCTCAAACACCCAATA-1,0.212703686125613,0.354882816914141,0.260433241718501,0.634992809099757,0.278373700385028,0.204723682996586,0.152564796439954,0.173143229894698
GCTCAAACACTATCGA-1,0.235507492033358,0.353255587949465,0.270908674478037,0.645684733500879,0.294410625345877,0.214756896392656,0.129159901377112,0.167352263801803
GCTCAAAGTTCTCCCA-1,0.237010418785454,0.433735620494045,0.307916244756256,0.745514766767872,0.33665767876697,0.228987914014208,0.163040471465512,0.194090552072101
GCTCAAATCGTGGTAT-1,0.451341333875743,0.443611996293534,0.429179323978977,0.503740720833273,0.168046250397391,0.124054340806347,0.115256479643995,0.115306788077266
GCTGAATAGGTGGGTT-1,0.374341763283386,0.505085090514611,0.419975649742032,0.603890349666604,0.207220148594709,0.134583448657625,0.109050454026099,0.118401959609676
GCTGAATCATCGGCCA-1,0.356159739643366,0.484586525640156,0.399603404214282,0.567674361172044,0.205453967431619,0.135748224005905,0.112045222202177,0.116691294913269
GCTGAATGTTCAACGT-1,0.197538816190928,0.312868669062309,0.233388784415835,0.585019684181472,0.261771597451989,0.203305194206108,0.141391544891455,0.167924704128227
GCTGAATTCGCTCCTA-1,0.191730512803128,0.329852871381111,0.238698828294518,0.639103970248558,0.302629255024785,0.224570993634099,0.148114739310843,0.181243926141885
GCTGCAGGTCAGGAGT-1,0.216477953307569,0.578954505390196,0.3741622064709,0.784999346281796,0.325754453720166,0.169584371251961,0.131721691021709,0.152555346992026
GCTGCAGGTCTGTAAC-1,0.246943295590662,0.431136574231021,0.314136409662954,0.664395601202841,0.27010797254177,0.190631054525325,0.109194780203259,0.146671192939015
GCTGCAGTCAAGAATG-1,0.427859515899383,0.428062919519967,0.409476107816192,0.531603643389456,0.185237080384792,0.144962634929422,0.115172289373985,0.124971710797822
GCTGCAGTCGTCCTTG-1,0.197030307139467,0.349503921169797,0.252025169969622,0.515217107079042,0.21615702527994,0.188682073992066,0.11715677430994,0.147276914679766
GCTGGGTAGACTTCGT-1,0.176441340655864,0.342373494248198,0.237945416847485,0.635617473161236,0.253235055163725,0.177703201402343,0.103361597209694,0.137146052158633
GCTGGGTAGTATGTAG-1,0.286776504621782,0.374884172938278,0.305565601041516,0.724842744454291,0.322010149654417,0.241973429283144,0.183919658428047,0.20775590079476
GCTGGGTAGTGTTCAC-1,0.298020204759645,0.364273284064456,0.312008775736535,0.603062306608365,0.267211435434304,0.213396069748132,0.180082987551867,0.192912390004926
GCTGGGTTCAGGACGA-1,0.199877957827649,0.441860465116279,0.296036453059453,0.766811453142932,0.329381012375043,0.201736783836147,0.127103253352577,0.163764527337354
GCTTCACAGGGTAATT-1,0.250841864985197,0.697019006938324,0.45386108298375,0.6923892673998,0.246959224764215,0.140707168557985,0.129400445005713,0.132373497344143
GCTTCACCACCTAAAC-1,0.27111442583678,0.573801613668723,0.399302039635469,0.628470154132225,0.241495837699726,0.14545852938463,0.103397678753984,0.121610287950797
GCTTCACGTTTACGAC-1,0.15537776572423,0.277600741293195,0.197357635372969,0.548222612839026,0.254683323717458,0.191542116431405,0.131601419207409,0.157960248678728
GCTTCACTCAAGCGTT-1,0.297308292087599,0.460110289963161,0.35419378947876,0.63724450513532,0.262984375183977,0.183227234984777,0.12463768115942,0.150658306375388
GCTTCACTCGGCATTA-1,0.168983207901101,0.287059009650372,0.208254978542842,0.600752502288014,0.302464411449564,0.239113386843805,0.140561669372782,0.184092815208275
GCTTCACTCTACGGGC-1,0.481908377969128,0.415090288607137,0.429800135011331,0.546697270363322,0.181104216463163,0.140061352523296,0.135389981357869,0.131534805703103
GCTTGGGCATGGCACC-1,0.342237891834475,0.434153727936357,0.365416606393751,0.710736958321833,0.292020393505163,0.206257496078974,0.182572614107884,0.190928817711037
GCTTGGGCATTGTACG-1,0.392998395371438,0.494202996813343,0.423121895944838,0.620596481543356,0.232429441062535,0.16592859119845,0.142870888207349,0.150152428877618
GCTTGGGGTAATCAAG-1,0.475410762311569,0.413350057631026,0.425942668402527,0.552115867919869,0.207302570382319,0.150348279361565,0.152348307174214,0.146365003927207
GCTTGGGGTCTCGGGT-1,0.209042420955093,0.460392794991751,0.310321134095183,0.671078053953542,0.256590799373594,0.169780422548206,0.0936195802513681,0.127188252991999
GCTTGGGGTTCCACAA-1,0.317253147106018,0.426526092164441,0.350330295578379,0.625898862530325,0.256673221161205,0.17778392840668,0.156461603223285,0.160389791924598
GCTTGGGTCCATTGCC-1,0.214014509458268,0.394422220715529,0.279612083514152,0.675087525603963,0.289359347219442,0.197389058031184,0.150087197065368,0.171066469640694
GCTTTCGAGCTACTAC-1,0.130257418582051,0.295138653468032,0.200726891364097,0.407992794572686,0.217157861272357,0.111357136267183,0.141030729448554,0.137505491433364
GCTTTCGCAAGACAAT-1,0.429882251904084,0.456234320970913,0.422977240947008,0.60586603134942,0.220419409153528,0.160462219761971,0.138745564976848,0.145286686103013
GCTTTCGCAATAGTCC-1,0.178520577666282,0.304427418808055,0.220170933989103,0.655330708775804,0.325460090192985,0.249573300119937,0.162703710385471,0.199029513958225
GCTTTCGGTCTGATCA-1,0.218896196352295,0.337943815399914,0.258842036742369,0.427299272193733,0.222986259110551,0.138642863732817,0.160695171086656,0.152934755115353
GCTTTCGTCCATAGGT-1,0.272685153795738,0.469839763147784,0.349619075172381,0.739616775861819,0.289029660068999,0.208621644063105,0.165878886283,0.189557623440766
GCTTTCGTCGTCAAAC-1,0.280843899021403,0.375177978168011,0.304703698346111,0.570623356625071,0.258321656913422,0.201978964849156,0.122641169042035,0.157394464635169
GCTTTCGTCTCCGTGT-1,0.164881234885981,0.30422401518747,0.216162785090892,0.520417798567631,0.213519528076393,0.181324384168281,0.0995008719706537,0.135575169402399
GGAACCCGTGAGAGGG-1,0.292392704590142,0.487411575926051,0.366139881382902,0.697459215247614,0.296812631727678,0.21442245594612,0.157375669011967,0.181856304165502
GGAACCCTCACCTTAT-1,0.174384704047732,0.27644812077655,0.205223250879985,0.546682743292125,0.287781558713749,0.243022880339515,0.145805520476276,0.187001610820453
GGAAGTGGTCATCACA-1,0.219054399168305,0.426718195583881,0.300171175080766,0.650536775280736,0.272757244286404,0.19734292831442,0.115364724276866,0.1511175898931
GGAAGTGTCCAAGCAT-1,0.167581982959297,0.291477388297512,0.213112975553305,0.53132762903671,0.242908782630197,0.200306762616478,0.13214264237176,0.162147050601062
GGAATCTAGATGTAGT-1,0.19183221461342,0.435848758107894,0.288737402960606,0.77998750671877,0.33270143296165,0.188255374112003,0.124769980155151,0.158659158379594
GGAATCTAGGTCGCCT-1,0.179763599792076,0.333005627500169,0.234473696899561,0.623313043857228,0.298237351199237,0.223729126303164,0.15456130855734,0.183214185870043
GGAATCTCAACTGTGT-1,0.345718353786697,0.520916672316767,0.412158252567626,0.661330389180237,0.254777520046156,0.171129716763539,0.122569005953455,0.142544297562469
GGAATCTGTTGGTGTT-1,0.273995977128393,0.391789273849075,0.307313515598631,0.762467858854976,0.326661093383885,0.228745733001199,0.187575921582777,0.208321684838319
GGAATCTTCGCTACAA-1,0.152100707392592,0.265972834316451,0.192469501904624,0.543820910266281,0.250409165302782,0.189108773872128,0.116759877322749,0.150159085160483
GGAATCTTCTGTCGTC-1,0.214477817705155,0.391811874251362,0.278442788948358,0.666603716024812,0.273004509649236,0.190089030353354,0.114991881652535,0.150212335423406
GGAATGGAGATCCGAG-1,0.224761000745813,0.437668090492011,0.306391339987463,0.658294231300028,0.298037184000754,0.211781529661408,0.124337001623669,0.163604776548584
GGAATGGGTCCTCAGG-1,0.156677288855742,0.284188758559902,0.200847437195622,0.55282769440853,0.250597557960179,0.183307961989113,0.128859221841361,0.15220256400016
GGAATGGGTCGTCATA-1,0.170825140687504,0.307557574524827,0.219749023578765,0.599880878016183,0.287652038761789,0.216775071501061,0.133369414877623,0.169122835043998
GGAATGGGTTTCAGAC-1,0.191538409383687,0.365177300155943,0.255231689088191,0.730333977366823,0.363020876261348,0.253817234062183,0.152853448794275,0.200260926288324
GGACGTCAGCCTATTG-1,0.251700680272109,0.481558071733677,0.3432422006847,0.737379606897453,0.310400452142378,0.203420518498016,0.156918636117626,0.18006576407471
GGACGTCAGCGAGTAC-1,0.177752163988519,0.30589644495672,0.220785717729881,0.661301335037843,0.331488655229662,0.267437032936618,0.155643754886042,0.206937178002316
GGACGTCAGTTCCATG-1,0.354769814902705,0.444572513390738,0.378176382660688,0.562197655330709,0.229014824147229,0.181670357044008,0.142979132840219,0.154971577672165
GGACGTCCATGACGTT-1,0.284143557755328,0.40515741180193,0.319078788755485,0.688670337173322,0.29757797689835,0.229253159885598,0.171952612905166,0.19441005364964
GGACGTCCATGCAGCC-1,0.220659027730694,0.529425723777883,0.351668354308308,0.777605067042434,0.304937065077889,0.170057200848787,0.170112454146371,0.173629138543872
GGACGTCGTGAGCGAT-1,0.207595995208715,0.499728795172554,0.328680264236463,0.765838139372721,0.346171507965477,0.228780330288772,0.153286427325756,0.189244778146092
GGACGTCTCCATTCAT-1,0.209426627793975,0.415316292630009,0.285084864265394,0.786393945116725,0.343098352741702,0.190411938370698,0.157604185459138,0.179007415099112
GGAGAACCACTCACTC-1,0.304755124641219,0.452527854995819,0.355628284873909,0.732513038046399,0.300109503232112,0.230763908109604,0.179457574117506,0.203163065617636
GGAGAACCAGCCTACG-1,0.214330915090289,0.523221913350058,0.342976999855345,0.792989235440243,0.344205159603904,0.186583171879325,0.140790185819953,0.168024548371208
GGAGAACCATCCGGCA-1,0.144970280470992,0.241123692001718,0.179938762717585,0.530281679910513,0.264420869196623,0.215391179998155,0.140429370377052,0.174095078344449
GGAGAACTCAGCCCAG-1,0.175390421949511,0.283149140054693,0.210714113505955,0.567906794311199,0.290054045143591,0.222402896946213,0.140609778098503,0.174574330710758
GGAGAACTCATGCCAA-1,0.42728320564106,0.438662508192646,0.412471671729592,0.647863794180455,0.249679143755372,0.179006365900913,0.153611161224367,0.16193404954937
GGAGAACTCTGCTAGA-1,0.282279024566637,0.456528126200646,0.344170403587444,0.705768699972399,0.298472842020982,0.207283882276963,0.146803776534969,0.175000332814143
GGAGAACTCTTCCACG-1,0.184441883065519,0.310213121793568,0.225691933072954,0.686854453273675,0.365293362691189,0.256158317187932,0.159901377112274,0.202950064565944
GGAGATGGTGAGAACC-1,0.21332519718851,0.445137523447917,0.303142629827861,0.753402966427938,0.345724075404161,0.23409678014577,0.15086896385832,0.190189970312978
GGAGATGGTGCACATT-1,0.18391077361177,0.273871674915813,0.212648874101934,0.472304138762584,0.232370568357098,0.192983670080266,0.163076553009802,0.185317571255508
GGAGATGTCGTTCTGC-1,0.207403891789274,0.338384523244514,0.246775399006702,0.629196507692084,0.304336563482438,0.228745733001199,0.134524024294906,0.176557903004646
GGAGCAAAGGTTGAGC-1,0.202522204895247,0.444278708161005,0.297470948454602,0.760463123029766,0.31043577576564,0.174243472645078,0.133814420590535,0.155124672178069
GGAGCAACACAGCTTA-1,0.194871968721043,0.31703844328429,0.233232074834852,0.633133343986519,0.29216168799821,0.2067303256758,0.137109868302363,0.167292357256014
GGAGCAATCACCGGGT-1,0.14590819716591,0.289816258729405,0.20112469260813,0.501329227014542,0.2014977216263,0.163887351231663,0.142377773768717,0.161288390111426
GGAGCAATCCGTAGTA-1,0.411937532488078,0.474868352656677,0.4222178022084,0.676467597367695,0.246217428675717,0.15236645446997,0.138829755246858,0.147390071488478
GGAGGATAGCCTCACG-1,0.207946301444166,0.447917372929238,0.303196875452047,0.669247642982698,0.252446160910879,0.164994464433988,0.0884478922364544,0.122009664922721
GGAGGATAGGTTGCCC-1,0.233710760051529,0.553992361064027,0.369159554462607,0.745354968984703,0.29843751839772,0.183711597010794,0.148030549040832,0.166486947029301
GGAGGATGTTGCCGCA-1,0.214138811670848,0.537075959952087,0.350625632865615,0.807225765213475,0.34345158897432,0.180205738536765,0.142786697937338,0.166347165089128
GGAGGTACAGTGTACT-1,0.175865030397541,0.297522995909327,0.215783065721587,0.576347022676758,0.30080420115626,0.226992803764185,0.144434421793253,0.177949066123514
GGAGGTACATACAGCT-1,0.186543720478225,0.359832305015029,0.249795072086407,0.643970539099612,0.279562929034841,0.196835501430021,0.119008960250165,0.154452387608664
GGAGGTAGTATAGGGC-1,0.25634506294212,0.690430989671616,0.453204108201938,0.727457617269782,0.277113824488691,0.151686041147707,0.144302122797522,0.148714671778692
GGAGGTAGTTTGGGTT-1,0.23131511740909,0.495977128392885,0.337425864313612,0.739689411217804,0.321244804483745,0.218009041424486,0.161224367069577,0.188053303513186
GGAGGTATCTACGGTA-1,0.180814518498429,0.317433950324316,0.230851294662231,0.514127576739254,0.217299155765404,0.191657440723314,0.101569547176619,0.141758856184352
GGAGGTATCTTCGTGC-1,0.18510859493299,0.325818699572852,0.234979989391967,0.586457864229993,0.258274558749073,0.200791124642495,0.128823140297071,0.160363166793136
GGATCTAAGCTCTATG-1,0.175718127782675,0.282810134020386,0.209731664979025,0.596815665993579,0.298472842020982,0.227534827936156,0.160454627458055,0.187361050095185
GGATCTACAGTTGGTT-1,0.204420638687369,0.345266345740954,0.250723274989151,0.682220317561776,0.314827679591188,0.223521542577729,0.146539178543508,0.180618235552538
GGATCTAGTCCACAGC-1,0.176011933012408,0.337989016204488,0.23571531896427,0.624417101268213,0.286780722721332,0.208125749607897,0.134812676649227,0.167072699921456
GGATCTAGTCTAGGTT-1,0.171243248129817,0.287398015684679,0.211618207242394,0.503900518616442,0.250774176076487,0.205496355752376,0.109170725840399,0.151769905613909
GGATCTAGTGTAGTGG-1,0.155728071959681,0.266955951815942,0.196073822267226,0.514389064020803,0.255766581497486,0.199637881723406,0.120055325034578,0.154086292051067
GGATCTATCACTTCTA-1,0.249576242457116,0.415790901078039,0.30879622932639,0.618126879439836,0.286462810111976,0.213084694159978,0.123651452282158,0.162679553230294
GGATGTTAGATGCTAA-1,0.224195990688634,0.335559472958619,0.255255798254496,0.659136801429464,0.325212824830152,0.244798874434911,0.155535510253172,0.194503241609755
GGATGTTAGCTGAAAT-1,0.227925057066016,0.472450109611951,0.324045277014321,0.724116390894432,0.335362479247371,0.230521727096596,0.168897708821938,0.195881092162893
GGATGTTAGTCGAGGT-1,0.232456437724591,0.411643727258345,0.29829668740055,0.605241367287941,0.23571453802588,0.175742688439893,0.105129592879909,0.135701638776841
GGATGTTCAGCCGTCA-1,0.360137410445906,0.468641941826564,0.391936689329283,0.689541961445153,0.278185307727631,0.193837069840391,0.156136869324674,0.17250422673962
GGATGTTCATTGCCGG-1,0.204149433859923,0.335288268131173,0.244961184242249,0.677963885701004,0.341391044284049,0.257184703385921,0.164399542967106,0.205006855971351
GGATGTTGTATCGTAC-1,0.415530996451737,0.472314507198228,0.423254496359516,0.581939945087671,0.221749932296389,0.148433896115878,0.136255938420831,0.143156675586086
GGATGTTGTTTGTGGT-1,0.195516080186227,0.233337853413791,0.204252856936207,0.311416825253861,0.160899103957423,0.144847310637513,0.119237476697336,0.127907131541462
GGATGTTTCGTGCTCT-1,0.161638077157773,0.281521911090017,0.202535078836974,0.571698359893662,0.292632669641701,0.232770550788818,0.126670274821096,0.174055140647257
GGATGTTTCGTGGGAA-1,0.231462020023956,0.387495197414514,0.286001012584985,0.687203102982408,0.315675446549471,0.283559368945475,0.190318118948824,0.235166473634464
GGCACGTAGATAACAC-1,0.22904377697923,0.548534363911678,0.364150875162737,0.743655301654633,0.308952183588645,0.191253805701633,0.134800649467797,0.162087144055274
GGCACGTAGCATCGAG-1,0.205460257192578,0.506780120686148,0.330813925454458,0.790882810116652,0.338694674375066,0.182558354091706,0.133068735341873,0.160316572813078
GGCACGTAGGTTCACT-1,0.166406762040364,0.286787804822926,0.209171126862433,0.514432645234394,0.233077040822334,0.186606236737706,0.108124361055987,0.142331296510777
GGCACGTAGTATTAGG-1,0.206138269261193,0.34323230953511,0.251145185399489,0.652410767465171,0.325872199131039,0.261889934495802,0.148295147032293,0.200520521320074
GGCACGTCACATAGCT-1,0.202081497050648,0.350803444301309,0.252519407878876,0.575620669116899,0.278350151302853,0.2157140880155,0.144085633531782,0.172384413648042
GGCACGTCACTACAGT-1,0.234626076344159,0.537403665785251,0.361179420415642,0.757194532010401,0.316511438966666,0.180909216717409,0.146082145649167,0.165435254336568
GGCACGTGTAAGTCAA-1,0.23636630732027,0.448165977354397,0.318584550846232,0.576928105524645,0.227943340908288,0.181912538057016,0.121883456611943,0.146910819122169
GGCACGTGTCCAAGAG-1,0.167864487987886,0.293036816055326,0.21687400549689,0.471577785202725,0.202769372063724,0.175362118276594,0.106596909014372,0.137365709493191
GGCACGTGTCTGATCA-1,0.22367618143603,0.394207516893801,0.282915039297941,0.686912561558464,0.327520634883255,0.247163022419042,0.172157074989476,0.203868631601369
GGCACGTTCGATGCTA-1,0.222591362126246,0.525617555992497,0.349335792468296,0.797216613158621,0.344252257768253,0.184276686041148,0.149473810812436,0.173522638018025
GGCACGTTCGCTGATA-1,0.339751847582887,0.439600424887563,0.367508076570712,0.529671542920232,0.209092300627583,0.165605683181105,0.1284743520356,0.14105329020062
GGCACGTTCTGCACCT-1,0.341424277352137,0.399993219879314,0.346846521047302,0.620000871624272,0.264409094655536,0.194805793892425,0.160250165373745,0.17368904508966
GGCAGTCAGACTTAAG-1,0.246592989355211,0.529753429611047,0.363602391629297,0.738149541670904,0.290348408670772,0.18300811883015,0.14721270070359,0.164350280229509
GGCAGTCCAGCTCCTT-1,0.251305173232084,0.503921169796822,0.352349438256425,0.761131368304836,0.335962980842822,0.203397453639635,0.146334716459198,0.174820613176778
GGCAGTCCAGTAGTGG-1,0.312371460211992,0.436809275205099,0.351047543275953,0.677426384066708,0.294810959742844,0.224398007196236,0.150676528955439,0.182721620938003
GGCAGTCGTAATGATG-1,0.147716229348882,0.253870318891676,0.18722575823328,0.474817322079696,0.20777355202581,0.185925823415444,0.107174213723014,0.14145932345541
GGCAGTCGTACAACGG-1,0.195323976766786,0.404987908784776,0.274175466512368,0.750889783110827,0.316005133699914,0.192603099916967,0.136592699500872,0.164516687301144
GGCGTCACAAATGATG-1,0.163242705720162,0.252830700386467,0.190305704228748,0.56203785754754,0.300839524779522,0.238087000645816,0.144626856696133,0.183939720702371
GGCGTCATCAAGTGTC-1,0.248480122946188,0.509944177006351,0.3543866628092,0.666676351380798,0.274499876367319,0.189016514438601,0.113909435323832,0.147243633265439
GGCTGTGAGTGGTGGT-1,0.204544940899948,0.391676271837639,0.272041805294373,0.743451922657873,0.34233300757103,0.242077221145862,0.152432497444224,0.194789461772967
GGCTGTGCAAGACCTT-1,0.21089565394264,0.353323389156327,0.262476493562853,0.514781294943127,0.211564954255908,0.169411384814097,0.118804498165855,0.139722033627541
GGCTGTGCACAACATC-1,0.259418717653174,0.441487558478541,0.326498384685858,0.669639873905022,0.268942292974131,0.18613340714088,0.15103734439834,0.166034319794454
GGCTTGGCACTTGTCC-1,0.224817501751531,0.481591972337108,0.329053956314191,0.75648270552174,0.310753688374996,0.185233877663991,0.146454988273498,0.168230893140035
GGCTTGGCAGTCGGTC-1,0.205098650755983,0.422650123172192,0.288092482761946,0.754797565262867,0.310624168423036,0.192303256758003,0.146491069817788,0.170021433230827
GGCTTGGGTGCACGCT-1,0.171333649738965,0.276470721178837,0.206832537730845,0.558246291965077,0.283083516819932,0.223060245410093,0.138553130073967,0.175492897746183
GGCTTGGTCAGCTCTC-1,0.221257938391303,0.58982529889032,0.382769178841796,0.76713104870927,0.309741077841491,0.165847864194114,0.125744181850983,0.146511442150246
GGCTTGGTCCAACTAG-1,0.259644721676046,0.585034013605442,0.400115723998264,0.707381204875285,0.281741219135984,0.179536857643694,0.145685248661976,0.161647829386158
GGCTTGGTCCGCGGAT-1,0.242750920966393,0.341209573530409,0.266261632672742,0.580792306463094,0.267305631763002,0.202094289141065,0.144374285886103,0.1682375494229
GGCTTGGTCCGGCTTT-1,0.367267837367505,0.463895857346261,0.393033656396162,0.712930546072606,0.275229897914729,0.156010702094289,0.130434782608696,0.143449552032163
GGCTTGGTCGAGTGAG-1,0.459646981716275,0.53295138653468,0.480097883215198,0.605953193776603,0.189275747977723,0.120225574314974,0.112971315172289,0.114228470253072
GGCTTGGTCGGTGCAC-1,0.168418197843922,0.274323682961557,0.203228217368243,0.56728213024972,0.294186909065219,0.226093274287296,0.130374646701545,0.171133032469348
GGCTTTCCAACTACGT-1,0.193323841164373,0.343978122810586,0.244593519456097,0.68631695163938,0.307374395082952,0.208517852200387,0.158193517349209,0.17973294993144
GGCTTTCCAAGGGCAT-1,0.295262955680611,0.443250389856939,0.344538068373596,0.674840565393611,0.294587243462186,0.210547559737983,0.146418906729208,0.175286552977355
GGCTTTCCAGAACTTC-1,0.189425271769838,0.290143964562569,0.219670668788273,0.587053474149077,0.292102815292774,0.220661500138389,0.145589031210536,0.177529720302994
GGCTTTCGTGGATTTC-1,0.259000610210862,0.392241281894818,0.300038574666088,0.720542731379927,0.303677189181552,0.197377525601993,0.156798364303326,0.176458058761665
GGCTTTCGTTGTGTAC-1,0.220218319886094,0.387144891179063,0.28087178745359,0.567717942385636,0.236279715998069,0.186721561029615,0.0989716759877323,0.138876685703636
GGCTTTCTCAATCCAG-1,0.147863131963749,0.259452618256605,0.186255364289503,0.51877623952235,0.258851511262349,0.207802841590553,0.108882073486079,0.155550674281454
GGCTTTCTCGAGTCCG-1,0.207901100639591,0.378669740321378,0.27207796904383,0.578366285573166,0.245805319737663,0.185130085801273,0.126513921462505,0.152655191235007
GGGAAGTCAATGCAAA-1,0.230490202725609,0.434492733970665,0.30692776893775,0.701860917820358,0.316735155247324,0.239851462312021,0.144434421793253,0.188672337819668
GGGAAGTCAGGCACAA-1,0.18283725450313,0.360747621307659,0.246413761512127,0.758632712058922,0.336681227849145,0.223290893993911,0.13956341331409,0.179872731871614
GGGAAGTTCCGCATAA-1,0.247700409067281,0.421554003661265,0.308971020782101,0.687624388047126,0.287652038761789,0.206868714826091,0.17351614649107,0.186043106087836
GGGACAAAGTAGGCCA-1,0.227586051031708,0.377065111758989,0.279943584550846,0.587314961430626,0.255790130579661,0.200641203063013,0.14331589392026,0.165202284436279
GGGACAAGTATCGTGT-1,0.148416841819784,0.278730761407553,0.20028689907903,0.498975841480599,0.212294975803318,0.188209244395239,0.112165494016477,0.14591237669236
GGGACAAGTGCCTAAT-1,0.26458290957579,0.486665762650575,0.351589999517817,0.667649665151009,0.277290442604999,0.202278808008119,0.134066991400565,0.164523343584009
GGGACAATCACCTCTG-1,0.289974461545416,0.363199764955816,0.301039105067747,0.696558536833389,0.305007712324412,0.235423009502722,0.178916350953154,0.201106274212229
GGGACAATCCAACACA-1,0.212974890953059,0.327615431554682,0.247299773373837,0.656914159536296,0.303418149277632,0.217317095673033,0.136231884057971,0.172218006576407
GGGACAATCGTTCCCA-1,0.218229484484824,0.440165434944742,0.305209990838517,0.601217368566323,0.234678378410201,0.163391456776455,0.0911058993324914,0.121497131142085
GGGACCTAGACGCAGT-1,0.16926571292969,0.359922706624178,0.243966681132166,0.6424887778375,0.282247524402736,0.1981271334994,0.132936436346142,0.161980643529427
GGGACCTAGGTTGGTG-1,0.178125070626257,0.335661174768911,0.235419981677034,0.685823031218676,0.292950582251057,0.210928129901282,0.119020987431595,0.160902325705233
GGGACCTCAAACTGCT-1,0.312043754378828,0.439713426898999,0.351825063889291,0.724232607464009,0.296612464529195,0.198415444229172,0.176667268025738,0.186282732270991
GGGACCTCAGTATTCG-1,0.134901801252062,0.247892512486722,0.174128453638073,0.488995743568139,0.193761848131969,0.151801365439616,0.129821396355764,0.155856863293263
GGGACCTCATACCATG-1,0.184148077835785,0.318191063800936,0.229217898645065,0.640643839795459,0.306008548316829,0.232966602085063,0.12813759095556,0.175672617383548
GGGACCTGTATCTTCT-1,0.177367957149637,0.268763983998915,0.203457254448141,0.630750904310182,0.349998233818837,0.270343205092721,0.163581694629863,0.211556638310902
GGGACCTTCTGCTGAA-1,0.172949578502497,0.281521911090017,0.207718549592555,0.568749364440635,0.273169353224458,0.214791493680229,0.139395032774069,0.172138131182023
GGGACCTTCTGGCCGA-1,0.216602255520148,0.358826587113251,0.264929601234389,0.695861237415925,0.304230592612653,0.236760771288864,0.185844007456852,0.207695994248972
GGGACTCAGCAAATGT-1,0.198205528058399,0.297624697719619,0.230115965089927,0.544401993114168,0.278962427439391,0.21663668235077,0.125311203319502,0.165009252233183
GGGACTCAGCTTCATG-1,0.374273962076525,0.441092051438516,0.385143931722841,0.660255385911646,0.268836322104346,0.20555401789833,0.167081604426003,0.18282812146385
GGGACTCCAATATCCG-1,0.237213822406039,0.473150722082853,0.333170596460774,0.752952627220826,0.313308763790931,0.229195497739644,0.176089963317097,0.203955163278619
GGGACTCCACTCAAGT-1,0.230218997898163,0.328417745835876,0.253971985148754,0.632014759504336,0.319196034334562,0.247635852015869,0.168705273919057,0.201738621084442
GGGACTCCATCGCTAA-1,0.291466088096368,0.565891472868217,0.406173152032403,0.678675712189665,0.247901188051196,0.158040409631885,0.127957183234109,0.142690735785508
GGGACTCTCGCAGAGA-1,0.176452640857007,0.317275747508306,0.228247504701287,0.550169240379447,0.238446231558125,0.193122059230556,0.112021167839317,0.147276914679766
GGGACTCTCGCCTTTG-1,0.224930503762967,0.535143625556535,0.355821158204349,0.70581228118599,0.294563694380012,0.175119937263585,0.106981778820134,0.140853601714658
GGGAGATAGGTCGTGA-1,0.188193549845187,0.354781115103849,0.247932638989344,0.660284440054041,0.305066585029848,0.225136082664452,0.155535510253172,0.185077945072354
GGGAGATCAATTGCCA-1,0.226953239767668,0.413643862860759,0.295710979314335,0.688147362610224,0.268659703988037,0.180044284528093,0.104901076432738,0.141366135495294
GGGAGATGTGGTACAG-1,0.220851131150134,0.542206251271273,0.357635372968803,0.774409111379055,0.318701503608897,0.177564812252053,0.144674965421853,0.16572147449978
GGGAGATTCAAATGCC-1,0.219483806811761,0.503683865572807,0.336220405998361,0.798582157851156,0.3450411520211,0.184034505028139,0.146587287269228,0.170627154971578
GGGAGATTCATCGCCT-1,0.19549347978394,0.371708816416932,0.262024446694633,0.614378895070965,0.237268777449399,0.18131285173909,0.113897408142402,0.142870455422874
GGGAGATTCGTACCTC-1,0.288482834994463,0.436628471986801,0.339354597618014,0.579208855702602,0.229085471393752,0.172755789279454,0.117481508208551,0.141006696220563
GGGAGATTCTGCGGAC-1,0.197437114380636,0.357312360160011,0.25436375910121,0.593227479407877,0.283837087449517,0.219208414060338,0.111672379577846,0.160030352649866
GGGAGTAAGGTTAGTA-1,0.229394083214681,0.352521074875133,0.26752133661218,0.624562371980185,0.318254071047581,0.242204077866962,0.1548259065488,0.191920603857982
GGGAGTACACTTGTCC-1,0.313105973286325,0.567925509074061,0.41877019142678,0.707105190522539,0.254895265457029,0.158178798782175,0.116435143424139,0.135821451868419
GGGAGTAGTAACCCTA-1,0.355323524758741,0.450595520600267,0.381238246781426,0.636590786931447,0.264938949004463,0.195797582802842,0.150075169883938,0.169642025107499
GGGAGTAGTATCGATC-1,0.165095938707709,0.258220896331955,0.191716090457592,0.592820721414356,0.328333078218276,0.269997232216994,0.167069577244573,0.211683107685344
GGGAGTAGTTAGGAGC-1,0.190058083033878,0.350091531629263,0.249879454168475,0.499934628179613,0.208150337340602,0.180470984408156,0.114546875939624,0.142743986048431
GGGAGTATCTCGGGAC-1,0.28850543539675,0.418615951363934,0.329295047977241,0.637099234423348,0.292715091429312,0.220500046129717,0.157471886463407,0.183493749750389
GGGATCCAGCGACCCT-1,0.201087079350012,0.377765724229891,0.262054583152515,0.73842555602365,0.34293350916648,0.24230786972968,0.167610800408924,0.202983345980271
GGGATCCAGCGAGGAG-1,0.164259723823084,0.280018984337921,0.204867640676985,0.517948196464111,0.246688410319208,0.194621275025371,0.113813217872392,0.148801203455942
GGGATCCAGTGTACCT-1,0.211223359775804,0.423181232625941,0.291208592506871,0.742987056379563,0.304807545125929,0.198346249654027,0.12816164531842,0.161128639322657
GGGATCCCAACACTAC-1,0.210647049517481,0.346972676113635,0.256931385312696,0.562924008890568,0.249384780228191,0.189154903588892,0.106596909014372,0.140980071089101
GGGATCCCACGGAAGT-1,0.17838497525256,0.306088548376161,0.22296156998891,0.584482182547177,0.292856385922359,0.223187102131193,0.152997774971435,0.18115073818177
GGGATCCGTCGCGGTT-1,0.185673604990169,0.322462539833209,0.231671006316602,0.607246103113151,0.29315074944954,0.218989297905711,0.125118768416622,0.165648255388261
GGGATCCGTCTAATCG-1,0.223156372183425,0.492813072072683,0.331862674188727,0.792582477446722,0.340708120900988,0.183826921302703,0.13977990257983,0.166420384200647
GGGATCCTCGTCTAAG-1,0.32325355391326,0.527854995818926,0.402978687496986,0.673257114633119,0.260276230733907,0.172997970292462,0.126008779842444,0.148348576221095
GGGATCCTCTACGGTA-1,0.204827445928538,0.451635139105476,0.301852789430542,0.797710533579325,0.366200002354908,0.218643325029984,0.149894762162487,0.185111226486681
GGGATCCTCTAGCCAA-1,0.285962890139444,0.569948245078762,0.406739717440571,0.710693377108241,0.275441839654299,0.191841959590368,0.155655782067472,0.173030073085986
GGGATGAAGACGGTTG-1,0.406660338554026,0.490880737677131,0.428998505231689,0.523061725525517,0.198130202875343,0.143578743426515,0.129677070178604,0.129491326863426
GGGATGACAATCTGCA-1,0.42223201572988,0.485377539720207,0.437388495105839,0.590351119310836,0.187262301451801,0.123627640926285,0.106921642912983,0.112591024668184
GGGATGAGTAAGATAC-1,0.470924582457568,0.41550839604945,0.424182699262259,0.545157400816421,0.200826572784326,0.139000369037734,0.138877863972578,0.132426747607066
GGGATGATCAGCCCAG-1,0.214048410061699,0.454810495626822,0.308283909542408,0.769411798887226,0.345688751780899,0.223164037272811,0.154260629021589,0.187640613975532
GGGCCATAGAAGGCTC-1,0.25785928989536,0.477128392885393,0.342476734654516,0.71388933277162,0.278420798549377,0.172951840575699,0.138180287449636,0.15539757977555
GGGCCATTCACGGGCT-1,0.429520645467489,0.417226026623274,0.40563069579054,0.594128157822101,0.246064359641583,0.212323553833379,0.164567923507126,0.185217727012527
GGGCCATTCCGACGGT-1,0.225179108188126,0.401213641602821,0.289093013163605,0.681072678937199,0.338058849156354,0.303060706707261,0.193781947200674,0.247167751640774
GGGCGTTAGGCAATGC-1,0.158824327073022,0.280165886952788,0.202860552582092,0.541787120298677,0.255213178066385,0.191057754405388,0.119441938781647,0.150984464235792
GGGCGTTCAGGTGAGT-1,0.200872375528284,0.404445499129885,0.276363373354549,0.784447317576303,0.330746859141165,0.191484454285451,0.144686992603283,0.170746968063155
GGGCGTTGTAACCAGG-1,0.390015142269532,0.375031075553145,0.364633058488837,0.551244243648038,0.253093760670678,0.19356029153981,0.149137049732395,0.16546187946803
GGGCGTTGTAAGCTCT-1,0.290008362148846,0.441159852645377,0.346183518973914,0.595726135653791,0.248160227955115,0.171291170772211,0.111155210776355,0.141006696220563
GGGCGTTTCAAAGAAC-1,0.20158428820033,0.353639794788347,0.252597762669367,0.666080741461714,0.322540004003344,0.242849893901651,0.151999518912743,0.192612857275983
GGGCTACCAACCACGC-1,0.200476868488259,0.436458968969648,0.29515646848932,0.715647108386478,0.2766428428452,0.178418212012178,0.0925130795598052,0.132180465141047
GGGCTACCAGGTTTAC-1,0.221212737586729,0.336248785228377,0.252718308500892,0.691677440911138,0.346571842362444,0.273087923240151,0.172674243790968,0.218166327196241
GGGCTACGTCCACTTC-1,0.21973241123692,0.50549189775578,0.338715704710931,0.753737089065474,0.299614972506447,0.174831626533813,0.144350231523243,0.16228017625837
GGGCTACTCCATAGAC-1,0.175571225167808,0.307015164869935,0.222774723950046,0.528059038017345,0.25334102603351,0.203547375219116,0.104011065006916,0.148262044543845
GGGCTACTCTGCACCT-1,0.208500011300201,0.359222094153276,0.259625584647283,0.671906097011782,0.304736897879405,0.213003967155642,0.159961513019424,0.181816366468309
GGGCTCAAGCGTCAGA-1,0.225461613216715,0.588017266707347,0.383612999662472,0.75097694553801,0.280139881548117,0.162307408432512,0.118263275001503,0.139522345141579
GGGCTCAAGGTCGTCC-1,0.284019255542749,0.66516373991457,0.454222720478326,0.713133925069367,0.272427557135961,0.159066795829874,0.145240242949065,0.151756593048178
GGGCTCAAGTAATCCC-1,0.182430447261961,0.315546816733338,0.225384541202565,0.657466188241789,0.291996844422989,0.205830796198911,0.145131998316195,0.172863666014351
GGGCTCAAGTCACACT-1,0.159050331095894,0.283465545686713,0.204536139640291,0.504554236820315,0.209810547633906,0.179606052218839,0.101629683083769,0.135335543219245
GGGCTCACAAACTGCT-1,0.253825118087102,0.558467240716885,0.382974106755388,0.755945203887444,0.317841962109527,0.191749700156841,0.159408262673642,0.176464715044531
GGGCTCACAAATGCGG-1,0.500802314281194,0.413802065676769,0.437798350933025,0.465970335720615,0.170507129484628,0.128505858474029,0.129244091647122,0.12360051652755
GGGCTCACAAGCGAAC-1,0.213890207245689,0.420231880127466,0.301280196730797,0.565132123712538,0.153799055681805,0.116085432235446,0.0562872090925492,0.0960634743134044
GGGCTCAGTAACGTTC-1,0.202364002079237,0.453217167265577,0.302919620039539,0.738076906314918,0.339000812443335,0.238087000645816,0.148800288652354,0.190962099125364
GGGCTCAGTCCTCATC-1,0.225992722670464,0.390455850114132,0.284235016153141,0.71712886964859,0.311954691565896,0.210720546175846,0.165061037945757,0.184572067574584
GGGCTCATCGTCAACA-1,0.152812620064637,0.252988903202477,0.188907372583056,0.517686709182562,0.23722167928505,0.186179536857644,0.114907691382525,0.147236976982574
GGGTAGAAGACGTCGA-1,0.352475874070558,0.403462381630393,0.357352090264719,0.616557955750541,0.274617621778191,0.212519605129625,0.145721330206266,0.173569231998083
GGGTAGAAGTCTAGAA-1,0.175085316518634,0.318044161186069,0.226107816191716,0.612388686316952,0.304230592612653,0.228422824983855,0.152516687714234,0.184112784056871
GGGTAGAAGTGAGGTC-1,0.201493886591181,0.338870431893688,0.249300834177154,0.722242398709996,0.333148865522966,0.240520343205093,0.195357507968008,0.214591903297523
GGGTAGACAGACCGCT-1,0.334022645603092,0.503367459940787,0.396131684266358,0.673634818484245,0.277690777001966,0.204689085709014,0.140585723735643,0.168750083203536
GGGTAGACAGCTTTCC-1,0.182441747463105,0.285465681289127,0.215355128019673,0.500704562953063,0.2322763720284,0.202520989021127,0.123398881472127,0.156256240265186
GGGTAGACAGGCCCTA-1,0.167581982959297,0.28317174045698,0.207332802931675,0.55149120385839,0.266646257462115,0.20985561398653,0.112598472547958,0.154898358560645
GGGTAGACAGTAGATA-1,0.236479309331706,0.550579700318666,0.370256521529486,0.773697284890393,0.317594696746694,0.178256758003506,0.159083528775032,0.173436106340775
GGGTAGAGTCTACGAT-1,0.190702194499062,0.342622098673356,0.242122329909832,0.697183200894868,0.339389372299215,0.257542208690839,0.159239882133622,0.204188133178908
GGGTATTAGCCATGCC-1,0.276515921983411,0.463477749903948,0.344580259414629,0.666167903888897,0.267776613406493,0.176942061075745,0.139948283119851,0.156522491579802
GGGTATTCACATACGT-1,0.158372319027279,0.259463918457749,0.194048652297604,0.511498176852565,0.237445395565708,0.187263585201587,0.117252991761381,0.148794547173077
GGGTATTGTTAAGTCC-1,0.229461884421543,0.328282143422153,0.253146246202806,0.645466827432921,0.316405468096881,0.241385275394409,0.161068013710987,0.194050614374908
GGGTATTTCGAAACAA-1,0.188724659298936,0.314269894004113,0.229555426973335,0.707904179438383,0.38287275253447,0.257265430390257,0.165421853388658,0.207037022245297
GGGTCACAGTTAACAG-1,0.404852306371053,0.436752774199381,0.39963956796374,0.663451341575025,0.260064288994336,0.177507150106098,0.146899993986409,0.1617742987606
GGGTCACCAAATTGCC-1,0.248593124957624,0.476337378805343,0.337552437436713,0.690704127140927,0.271049935828751,0.189939108773872,0.126598111732515,0.155930082404782
GGGTCACGTGAATGAT-1,0.261430153456732,0.681153524532737,0.450961955735571,0.717506573499717,0.264350221950099,0.147188393763262,0.131348848397378,0.138071275476923
GGGTCACGTTGCGAAG-1,0.188148349040613,0.285861188329152,0.217386325280872,0.544605372110929,0.260335103439343,0.216221514899899,0.14721270070359,0.177403250928551
GGGTCACTCCGTGTGG-1,0.228942075168938,0.457793748728727,0.319699599787839,0.732367767334428,0.28747542064548,0.175731156010702,0.128811113115641,0.15153693571362
GGGTCTGAGCAGCACA-1,0.201539087395756,0.370985603543743,0.260385023385891,0.664787832125165,0.286521682817412,0.210697481317465,0.164411570148536,0.182675026957946
GGGTCTGCAAGATGTA-1,0.211912672045562,0.488756299862138,0.325130189498047,0.7515435013147,0.296518268200497,0.175500507426884,0.133513741054784,0.153493882876047
GGGTCTGTCATAGACC-1,0.278843763418989,0.481162564693652,0.354917064467911,0.651742522190101,0.269048263843917,0.179986622382139,0.148523663479464,0.162872585433391
GGGTCTGTCTAGCATG-1,0.357979072027482,0.466257599385269,0.390164665605863,0.603251158533928,0.235078712807168,0.175523572285266,0.130001804077215,0.147989136946364
GGGTGAACAAGAGATT-1,0.203844328429046,0.377155513368138,0.267256135782825,0.563214550314511,0.262701786197883,0.201321616385275,0.104973239521318,0.146990694516554
GGGTGAACAAGATGGC-1,0.161671977761204,0.290912378240333,0.208013886879792,0.516669814198759,0.213707920733789,0.186733093458806,0.0980936917433399,0.136939707389805
GGGTGAATCCGGGACT-1,0.203595724003887,0.328960155490768,0.245148030281113,0.588665979051963,0.298920274582298,0.228307500691946,0.14706837452643,0.180604922986807
GGGTGTCCACTGTGAT-1,0.184645286686103,0.351537957375641,0.245961714643908,0.690457166930575,0.307562787740348,0.20881769535935,0.160635035179506,0.180857861735692
GGGTGTCGTCTTTCTA-1,0.246220082717472,0.409993897891382,0.302214426925117,0.644275607594753,0.276136537578448,0.19929190884768,0.133116844067593,0.161208514717041
GGGTGTCGTGCTCGTG-1,0.24261531855267,0.499581892557688,0.346780220839963,0.650449612853553,0.236020676094149,0.168777101208599,0.114883637019664,0.138637059520481
GGGTGTCTCATTTCGT-1,0.201911994033494,0.313603182136642,0.235148753556102,0.578990949634644,0.25974637638498,0.200802657071686,0.134608214564917,0.162386676784217
GGGTTATAGCACGATG-1,0.215234931181775,0.359007390331548,0.26157842711799,0.687798712901492,0.317818413027352,0.230521727096596,0.135101329003548,0.179366854373843
GGGTTATAGGCCTGAA-1,0.39846769272493,0.5283409044681,0.443837697092435,0.56537908392289,0.198577635436659,0.127640926284713,0.119201395153046,0.116917608530692
GGGTTATCAACGACTT-1,0.186668022690804,0.294415440594843,0.217832344857515,0.610514694132516,0.287310577070259,0.218793246609466,0.156714174033315,0.181669928245271
GGGTTATCACATAGCT-1,0.295251655479468,0.372725834519854,0.308675683494865,0.67453549689847,0.288688198377468,0.225678106836424,0.173937097841121,0.193504799179946
GGGTTATCAGGTAGTG-1,0.23835514272154,0.437046579429114,0.312738078017262,0.65159725147813,0.271026386746577,0.190607989666943,0.108882073486079,0.146278472249957
GGGTTATCATGGTACT-1,0.195832485818248,0.395620042036748,0.272222624041661,0.69068960006973,0.303665414640464,0.217374757818987,0.13193818028745,0.171865223584541
GGGTTATTCAAAGGTA-1,0.260390534951522,0.345469749361539,0.277201166883649,0.705739645830004,0.321056411826349,0.244164590829412,0.180672319441939,0.206344768827296
GGGTTATTCCAACTAG-1,0.213652903021674,0.312450561619997,0.244159554462607,0.460086871885759,0.217723039244545,0.118980071962358,0.171146791749354,0.152235845414487
GGGTTTAAGAGCAGCT-1,0.188894162316089,0.284855470427374,0.221255846472829,0.487775469587576,0.248701856845129,0.195682258510933,0.166877142341692,0.187400987792377
GGGTTTAAGCGAATGC-1,0.203437521187877,0.314744502452144,0.237981580596943,0.532678646658047,0.263196316923548,0.212035243103607,0.128089482229839,0.162380020501351
GGGTTTACACAGTACT-1,0.233484756028657,0.269826202906412,0.242520131153865,0.369307203974607,0.176641665391091,0.139749976935142,0.132900354801852,0.1320739646152
GGGTTTACATCAGCAT-1,0.522713404298596,0.440572242185911,0.463257630551136,0.47381495416709,0.16650378551496,0.117872958760033,0.131036141680197,0.119926248385851
GGGTTTATCGACGACC-1,0.181808936199064,0.328609849255317,0.232617291094074,0.656696253468338,0.311625004415453,0.238963465264323,0.127560286246918,0.178860976876073
GGGTTTATCTTCACAT-1,0.353684995592922,0.492406264831514,0.400676262114856,0.559437511803245,0.185472571206537,0.142540824799336,0.125443502315232,0.129697671632254
GGTAACTAGACGTCCC-1,0.216398851899564,0.419158361018826,0.290949418969092,0.701526795182823,0.330358299285285,0.241650521265799,0.16237897648686,0.197225661301703
GGTAACTAGTGCGACA-1,0.236264605509978,0.389145026781477,0.286471141327933,0.666865203306361,0.293080102203017,0.217397822677369,0.158097299897769,0.181929523277021
GGTAACTCACCGCTAG-1,0.193583745790675,0.304325716997763,0.228392159699118,0.573238229440562,0.256543701209245,0.197792693052865,0.132936436346142,0.161521360011715
GGTAACTCAGGATCTT-1,0.322846746672091,0.653501932334396,0.4685978108877,0.71882853697866,0.269790059932414,0.151386197988744,0.125022550965181,0.139928378396368
GGTAACTGTTGTGTTG-1,0.256051257712387,0.402999073383506,0.308549110371763,0.64125397678574,0.292785738675835,0.215471907002491,0.134211317577726,0.169768494481942
GGTAACTTCTCCAATT-1,0.302461183809072,0.365979614437137,0.310700853464487,0.568647674942255,0.266834650119512,0.200226035612141,0.144614829514703,0.167012793375667
GGTAACTTCTTACACT-1,0.154824055868194,0.278934165028138,0.198098992236848,0.537821229861848,0.251080314144756,0.198784481963281,0.104540260989837,0.148188825432326
GGTAATCAGCTGGCTC-1,0.249248536623952,0.448267679164689,0.324617869714065,0.671005418597557,0.259699278220631,0.172225297536673,0.139178543508329,0.153660289947682
GGTAATCCACGACGAA-1,0.458403959590481,0.447793070716659,0.436978639278654,0.526737074538402,0.179491104334209,0.127098902112741,0.111576162126406,0.114295033081726
GGTAATCGTCCTTTGC-1,0.210963455149502,0.373686351617059,0.269528424707074,0.570173017417958,0.255566414299003,0.194944183042716,0.105177701605629,0.143130050454624
GGTAATCGTTTCGACA-1,0.260548737767532,0.430198657536104,0.318891942716621,0.751499920101108,0.30944671431431,0.176769074637882,0.142666426123038,0.16210711290387
GGTAGAGAGAATCTAG-1,0.178012068614821,0.275566705087351,0.206705964607744,0.563795633162398,0.301157437388878,0.250934126764462,0.157447832100547,0.196167312326105
GGTAGAGAGCCAAGGT-1,0.408423169932425,0.512192917033923,0.441740199623897,0.611952874181036,0.203570040857658,0.135482978134514,0.112381983282218,0.121264161241796
GGTAGAGAGTTCCATG-1,0.209019820552806,0.333525436752774,0.248149621486089,0.575794993971265,0.263985211176394,0.202970753759572,0.118335438090084,0.154791858034799
GGTAGAGCAGCACACC-1,0.220218319886094,0.581497050647502,0.377639953710401,0.791638217818906,0.332030284119676,0.172848048712981,0.144566720788983,0.163511588588469
GGTAGAGGTGAGTAGC-1,0.218093882071101,0.400919836373087,0.28322243116833,0.700814968694162,0.302570382319349,0.208990681797214,0.144278068434662,0.173828827029833
GGTCACGAGAGAGGTA-1,0.157705607159807,0.291624290912378,0.205880225661797,0.543196246204803,0.241754877603645,0.189535473752191,0.10583919658428,0.143609302820933
GGTCACGAGGTTGAGC-1,0.336474789251249,0.42911383822632,0.360606827715898,0.659180382643055,0.245534505292656,0.16241120029523,0.118744362258705,0.139242781261232
GGTCACGCACGTAACT-1,0.19609239044455,0.401925554274866,0.276339264188244,0.576143643679998,0.241366317747766,0.178994833471722,0.0933910638041975,0.129131887588695
GGTCACGGTAGAGCTG-1,0.250988767600063,0.56558636743734,0.384866676310333,0.706742013742609,0.280740383143567,0.18691761232586,0.120043297853148,0.150212335423406
GGTCACGGTGTTTACG-1,0.1549031572762,0.293195018871336,0.205639133998746,0.576666618243096,0.255483992511392,0.184242088753575,0.127872992964099,0.152136001171506
GGTCACGTCACCATAG-1,0.252141388116708,0.653716636156124,0.431120111866532,0.725322137803797,0.27539474148995,0.166286096503367,0.140044500571291,0.152761691760853
GGTCACGTCCCTTGGT-1,0.344565733270052,0.374499966099397,0.338486667631033,0.548440518906983,0.232335244733836,0.160185441461389,0.142558181490168,0.146391629058668
GGTCACGTCGTAATGC-1,0.197098108346329,0.333129929712749,0.241115772216597,0.643926957886021,0.287192831659386,0.211320232493772,0.14709242888929,0.175219990148701
GGTCACGTCGTGGGTC-1,0.437091780233688,0.53677085452121,0.469086021505376,0.490782573325392,0.175287593166056,0.121194298367008,0.121811293523363,0.118515116418387
GGTCACGTCTGCAGCG-1,0.453386670282731,0.498248468822745,0.45764622209364,0.523424902305446,0.186567603527653,0.129451517667682,0.124842143243731,0.119866341840063
GGTCACGTCTTGGGCG-1,0.155287364115081,0.302766289239948,0.211063696417378,0.595072417449918,0.271897702787034,0.197711966048528,0.129171928558542,0.15975078876952
GGTCTGGAGATAGTCA-1,0.145083282482428,0.248762627974778,0.184555668064998,0.504496128535526,0.233077040822334,0.189881446627918,0.115076071922545,0.148075668623614
GGTCTGGAGTTGGCGA-1,0.441668361696838,0.438063597532036,0.422519166787213,0.543385098130366,0.221373146981596,0.160796660208506,0.138986108605448,0.143336395223451
GGTCTGGGTTATGACC-1,0.437249983049698,0.507718037381065,0.455054486715849,0.565611517062045,0.20420586607637,0.132519143832457,0.119249503878766,0.12040550075216
GGTCTGGGTTTGGCTA-1,0.242061608696635,0.514023549619183,0.352150537634409,0.745224225343928,0.314450894276396,0.20528877202694,0.160250165373745,0.18198942982281
GGTCTGGTCAAGCCAT-1,0.256039957511244,0.589599294867449,0.400399006702348,0.734459665586821,0.29955609980101,0.199095857551435,0.181514222142041,0.185943261844855
GGTCTGGTCACGGGAA-1,0.294132935566253,0.60721630845029,0.429757943970297,0.728692418321542,0.300745328450824,0.191680505581696,0.155739972337483,0.172663977528389
GGTCTGGTCATAAGGA-1,0.264537708771216,0.614550138992474,0.417191041033801,0.709908915263594,0.258133264256026,0.163599040501891,0.129111792651392,0.143822303872625
GGTCTGGTCCGATAGT-1,0.253542613058512,0.406581237146021,0.305589710207821,0.650522248209539,0.271638662883114,0.189835316911154,0.148523663479464,0.166753198343917
GGTGAAGCAGCCGGTT-1,0.167152575315841,0.31703844328429,0.224215246636771,0.564478405508665,0.249113965783184,0.195970569240705,0.11701244813278,0.152415565051852
GGTGAAGCAGGATTCT-1,0.264447307162067,0.378816642936244,0.298176141569025,0.631143135232506,0.300403866759293,0.229725989482425,0.1395273317698,0.17914054075642
GGTGAAGCATGGCCAC-1,0.496768142472936,0.525967862227948,0.494249963836251,0.561079070848526,0.198648282683182,0.125403635021681,0.12819772686271,0.122874981695222
GGTGAAGCATTGTCGA-1,0.234422672723574,0.460788302031776,0.321363132262886,0.714470415619507,0.316358369932532,0.224109696466464,0.148475554753743,0.183061091364139
GGTGAAGGTACCATAC-1,0.277600741293195,0.640348498203268,0.439154491537683,0.629995496607929,0.262313226342003,0.148837531137559,0.12086114619039,0.132965906519163
GGTGAAGGTCCACTCT-1,0.243621036454449,0.620290641173413,0.409313370943633,0.72474105495591,0.272498204382484,0.161384814097241,0.117758133381442,0.137665242222133
GGTGAAGGTTCACCGG-1,0.147806630958031,0.252107487513278,0.185453734509861,0.536484739311707,0.269024714761742,0.21403035335363,0.137939743821036,0.172058255787638
GGTGAAGTCGTCGGGT-1,0.234897281171605,0.412310439125816,0.304878489801823,0.703952816072752,0.311836946155024,0.257161638527539,0.191184076011787,0.218945112291492
GGTGATTAGTCGAAAT-1,0.241146292404005,0.428492327163424,0.309893196393269,0.722591048418728,0.355591140835286,0.24960789740751,0.177737687173011,0.207749244511895
GGTGATTCAAGGTCAG-1,0.179831400998938,0.391382466607906,0.261554317951685,0.753330331071953,0.307032933391421,0.189247163022419,0.117385290757111,0.153493882876047
GGTGATTCACTACAGT-1,0.245745474269442,0.354792415304992,0.275296542745552,0.742449554745268,0.330205230251151,0.219600516652828,0.155343075350292,0.186189544310875
GGTGATTGTTTGGAGG-1,0.241078491197143,0.358046873234344,0.274048893389267,0.618373839650188,0.304995937783325,0.234154442291724,0.156978772024776,0.189511029460708
GGTGATTTCAAAGACA-1,0.228670870341492,0.35011413203155,0.263585515212884,0.679808823743045,0.307044707932508,0.247105360273088,0.17750917072584,0.204900355445505
GGTGATTTCGACACCG-1,0.279566976292178,0.470054466969512,0.349064564347365,0.72093496230225,0.295223068680898,0.199199649414153,0.146106200012027,0.171978380393253
GGTGGCTAGTGATAGT-1,0.327581530951251,0.507503333559337,0.395884565311731,0.60416636401935,0.216804625039739,0.13178106836424,0.10205063443382,0.11217833513053
GGTGGCTAGTGTACAA-1,0.225472913417859,0.374228761271951,0.278557307488307,0.549835117741912,0.256343534010762,0.198011809207491,0.118419628360094,0.152189251434429
GGTGGCTCAATTTCTC-1,0.229405383415825,0.568580920740389,0.373957278557307,0.763150631201243,0.310247383108243,0.179571454931267,0.139082326056889,0.162546427572986
GGTGGCTCATGCGTGC-1,0.250141252514295,0.482755893054896,0.340740874680554,0.717506573499717,0.319714114142401,0.229068641018544,0.160586926453786,0.192679420104637
GGTGGCTCATGGAACG-1,0.234320970913282,0.477049291477388,0.331555282318337,0.766375641007017,0.328486147252411,0.204366177691669,0.165794696012989,0.186755328354434
GGTGGCTGTTTGATCG-1,0.302596786222795,0.41109001740231,0.334550846231737,0.560367244359865,0.238928987742703,0.192799151213212,0.140754104275663,0.159544444000692
GGTGGCTTCCCAAGTA-1,0.231043912581644,0.319660089949601,0.256605911567578,0.567441928032889,0.276960755454556,0.2155872312944,0.13214264237176,0.168676864092016
GGTGGCTTCTGTAAGC-1,0.163344407530454,0.292245801975275,0.21138314287092,0.523032671383122,0.22896772598288,0.178602730879232,0.107246376811594,0.139209499846906
GGTGTCGAGAAACCCG-1,0.37268063371528,0.407993762288969,0.36891243550798,0.588593343695977,0.24323846978064,0.197262201310084,0.141800469060076,0.164549968715471
GGTGTCGAGAACTCCT-1,0.272764255203743,0.445725133907384,0.334032499156179,0.68394903903424,0.297625075062699,0.2111587784851,0.152228035359913,0.177536376585859
GGTGTCGGTGATTAGA-1,0.375765588627478,0.48781838316722,0.410916630502917,0.565190231997327,0.221172979783113,0.166978042254821,0.127452041614048,0.141066602766351
GGTGTCGTCACCGGTG-1,0.19640879607657,0.430096955725812,0.287923718597811,0.731263709923442,0.302005204347161,0.197331395885229,0.148114739310843,0.169022990801017
GGTGTCGTCCTACCGT-1,0.226727235744796,0.532646281103804,0.357376199431024,0.765286110667228,0.309576234266269,0.218378079158594,0.172638162246677,0.192852483459137
GGTGTTACAAACGTGG-1,0.274560987185572,0.355820733609058,0.290153816481026,0.664584453128405,0.315946260994478,0.253632715195129,0.17722051837152,0.20976609822011
GGTGTTACACTGCGAC-1,0.185481501570728,0.273058060433476,0.206748155648778,0.623022502433284,0.318501336410413,0.256239044192269,0.174021288111131,0.208960687993397
GGTGTTACACTTCCTG-1,0.364205482857595,0.46247203200217,0.391773952456724,0.641573572352078,0.247406657325531,0.177057385367654,0.149774490348187,0.162067175206678
GGTGTTACAGGTCAAG-1,0.219935814857504,0.589723597080028,0.381822894064323,0.77854932667025,0.322681298496391,0.170760679029431,0.134944975644958,0.155370954644089
GGTGTTAGTAATGTGA-1,0.201889393631207,0.312721766447443,0.234455615024832,0.596205529003298,0.293657054716292,0.222610480671649,0.152300198448494,0.180871174301423
GGTGTTAGTACCAATC-1,0.171039844509232,0.288324632178453,0.21241380973046,0.534421895201708,0.246017261477234,0.185787434265154,0.115460941728306,0.146298441098553
GGTGTTAGTTCCAAAC-1,0.255915655298664,0.538624087508758,0.372347991706447,0.742885366881183,0.312013564271333,0.186548574591752,0.152973720608575,0.169721900501884
GGTGTTATCCGTAGTA-1,0.484507424232151,0.432176192736231,0.439594483822749,0.58791057134971,0.201379976215427,0.144016975735769,0.147705815142221,0.139901753264907
GGTGTTATCTTCTCAA-1,0.267475761068547,0.458618663412209,0.341705241332755,0.637084707352151,0.249102191242096,0.197227604022511,0.167249984966023,0.176211776295645
GGTTAACAGATGATTG-1,0.201459985987751,0.310506927023301,0.23420246877863,0.618373839650188,0.295964864769396,0.215391179998155,0.138096097179626,0.17141925263256
GGTTAACAGGGTTAGC-1,0.19334644156666,0.334056546206522,0.240308115145378,0.666298647529671,0.314168305290301,0.231259802564812,0.154272656203019,0.186515702171279
GGTTAACAGTAAACGT-1,0.244671955160802,0.665028137500848,0.433531028497035,0.711477838952889,0.253388124197859,0.148191715102869,0.122881712670636,0.132619779810163
GGTTAACCATCTTAGG-1,0.207369991185843,0.337661310371325,0.247763874825209,0.667707773435798,0.332053833201851,0.251983577820832,0.159432317036502,0.199901487013592
GGTTAACGTCGAATGG-1,0.482055280583994,0.462743236829616,0.454759149428613,0.57258451123669,0.184389313426509,0.120536949903128,0.127872992964099,0.118315427932425
GGTTAACGTGCTTCAA-1,0.242852622776685,0.430820168599001,0.312991224263465,0.676772665862835,0.293103651285191,0.205023526155549,0.159263936496482,0.179539917728344
GGTTCTCAGGACTTCT-1,0.171152846520668,0.277465138879472,0.206121317324847,0.543457733486352,0.291796677224505,0.228019189962174,0.152252089722773,0.181576740285155
GGTTCTCCAAGGTCTT-1,0.266944651614799,0.46521798088006,0.340493755725927,0.736783996978369,0.325766228261254,0.20998247070763,0.153815623308678,0.180318702823595
GGTTCTCCAATGGGTG-1,0.441114651840803,0.53872578931905,0.472828969574232,0.59238490927844,0.209775224010644,0.136186456315158,0.118600036081544,0.122908263109549
GGTTCTCCAGCGATTT-1,0.23453567473501,0.529979433633919,0.358244129418005,0.701788282464372,0.297342486076605,0.177668604114771,0.11324794034518,0.14599890836961
GGTTCTCGTCAGACTT-1,0.187922345017741,0.342203991231044,0.24376778051015,0.61337652715836,0.278538543960249,0.20894455208045,0.137723254555295,0.168111080048458
GGTTGTAAGCGATGCA-1,0.252536895156734,0.390681854137004,0.296102753266792,0.639583363598065,0.268589056741514,0.189696927760864,0.133549822599074,0.158293062821998
GGTTGTAAGGACACTG-1,0.434922141614121,0.555653490632133,0.477638748252085,0.487208913810887,0.169718235231782,0.115531875634284,0.12462565397799,0.116784482873384
GGTTGTACAATTCGTG-1,0.397473275024295,0.490168825005085,0.423369014899465,0.524558013858826,0.194468320597205,0.136417104898976,0.128065427866979,0.126788876020075
GGTTGTATCTCAACCC-1,0.194227857255859,0.321942730580604,0.238771155793433,0.540043871755015,0.231522801398815,0.180886151859028,0.112995369535149,0.142857142857143
GTAACACAGACGCTCC-1,0.18296155671571,0.360612018893936,0.249867399585322,0.64979589464968,0.271308975732671,0.191507519143832,0.116459197786999,0.150811400881292
GTAACACAGCCAGAGT-1,0.190137184441883,0.394817727755554,0.266092868508607,0.782573325391868,0.348679485217064,0.220038748962081,0.138444885441097,0.178628006975784
GTAACACCATGTGGCC-1,0.303534702917712,0.330383980834859,0.294300593085491,0.606999142902799,0.288535129343334,0.230625518959314,0.164411570148536,0.192952327702118
GTAACACCATTGCTGA-1,0.144597373833254,0.255486247655208,0.183723901827475,0.524136728794108,0.23722167928505,0.183988375311376,0.114101870226712,0.147243633265439
GTAACACGTCGTCTCT-1,0.204612742106809,0.384387642100029,0.272198514875356,0.620073506980258,0.281340884739017,0.203374388781253,0.119838835768838,0.15573039391882
GTAACACGTGACATCT-1,0.194928469726761,0.358464980676656,0.252543517045181,0.699696384211979,0.305372723098117,0.202336470154073,0.154982259907391,0.175932212415299
GTAACCAAGAGAGCAA-1,0.285646484507424,0.400942436775375,0.319331935001688,0.652904687885875,0.297059897090511,0.232597564350955,0.151566540381262,0.185623760267316
GTAACCAAGATCGGTG-1,0.377641422017312,0.497819061179289,0.417365832489513,0.546871595217688,0.199119264326673,0.138273825998708,0.123242528113537,0.125996778359093
GTAACCACAATACGCT-1,0.385788867041833,0.473207223088571,0.410344037803173,0.644086755669189,0.267894358817365,0.216659747209152,0.171050574297913,0.189384560086265
GTAACCACAGTAGTTC-1,0.179119488326892,0.30498112866409,0.22085201793722,0.564841582288595,0.284790825277585,0.222967985976566,0.122124000240544,0.166553509857955
GTAACCAGTAACAAGT-1,0.457375641286415,0.440583542387054,0.431945850812479,0.540697589958888,0.176052938336728,0.117227142725344,0.112165494016477,0.109708854187468
GTAACCAGTACACGTT-1,0.234140167694985,0.453149366058716,0.319904527701432,0.687740604616703,0.262348549965265,0.16657440723314,0.116038246436948,0.139835190436253
GTAACCAGTATCATGC-1,0.157230998711777,0.28512667525482,0.203433145281836,0.528117146302134,0.268365340460856,0.222575883384076,0.118143003187203,0.16570816193405
GTAACCAGTGAGCCAA-1,0.136065721969851,0.277566840689764,0.192873330440233,0.457748013423014,0.203075510131993,0.123270135621367,0.155836189788923,0.151896374988352
GTAACCATCATTTGCT-1,0.23724772300947,0.417452030646145,0.300870340903612,0.721225503726194,0.335256508377586,0.233001199372636,0.163786156714174,0.194749524075775
GTAACCATCGTTCTGC-1,0.361131828146541,0.516972902117658,0.420921934519504,0.558071967110711,0.221714608673127,0.154580680874619,0.117722051837152,0.129158512720157
GTAAGTCAGATTCGCT-1,0.239044454991299,0.5154021741587,0.355013501133131,0.73395121809492,0.279197918261136,0.182512224374942,0.182211798664983,0.178821039178881
GTAAGTCAGCATGTTC-1,0.176317038443284,0.2906185730106,0.21416775157915,0.575707831544082,0.28932402359618,0.224374942337854,0.154946178363101,0.182967903404023
GTAAGTCAGGCCTTGC-1,0.209437927995118,0.419452166248559,0.289346159409808,0.697749756671557,0.324506352364917,0.2411430943814,0.155860244151783,0.19465633611566
GTAAGTCAGTACGAGC-1,0.407180147806631,0.397654078242593,0.38005689763248,0.697008876040501,0.277478835262396,0.206234431220592,0.183667087618017,0.190729129225076
GTAAGTCTCGGTCAGC-1,0.215720839830949,0.350803444301309,0.26177130044843,0.566425033049087,0.240907110645363,0.171418027493311,0.112538336640808,0.138151150871307
GTAAGTCTCTGCTTTA-1,0.206533776301218,0.406569936944878,0.286199913207001,0.562270290686695,0.23386593507518,0.173862902481779,0.0978772024775994,0.130363299918793
GTAATCGAGGGTACGT-1,0.206567676904649,0.478755621850069,0.317632238777183,0.748826939000828,0.299143990862956,0.184022972598948,0.141968849600096,0.160895669422368
GTAATCGAGTGCAACG-1,0.211358962189527,0.394569123330395,0.2762488548146,0.756046893385825,0.35230604387194,0.241638988836609,0.163569667448433,0.200713553523171
GTAATCGCATCATCTT-1,0.183210161140868,0.318744773656971,0.232587154636193,0.518456643956012,0.22625958153281,0.195589999077406,0.100162366949305,0.142930361968662
GTAATCGGTACCCGCA-1,0.255215042827762,0.429791850294935,0.315932542552679,0.652991850313058,0.272980960567062,0.199245779130916,0.136400264597991,0.165069158778971
GTAATCGGTCGTCAGC-1,0.236682712952291,0.383641828824553,0.286302377163798,0.644043174455598,0.252045826513912,0.168477258049636,0.12072884719466,0.142903736837201
GTAATCGTCACACGAT-1,0.202375302280381,0.394275318100662,0.27281932590771,0.699129828435289,0.318148100177796,0.23175569702002,0.142065067051536,0.182781527483792
GTAATGCAGTTGCATC-1,0.23358645783895,0.408095464099261,0.29475263995371,0.728053227188866,0.320079124916106,0.206834117538518,0.162354922124,0.18383987645939
GTAATGCCAAATCGGG-1,0.165175040115714,0.327287725721518,0.229609672597522,0.538721908276072,0.22540004003344,0.183273364701541,0.111323591316375,0.142750642331297
GTAATGCCACGCAGTC-1,0.251666779668678,0.576762266368341,0.392635855152129,0.744163749146535,0.296530042741584,0.195117169480579,0.163798183895604,0.178188692306668
GTAATGCGTTGAATCC-1,0.186464619070219,0.283872352927882,0.21682578716428,0.561543937126836,0.291737804519069,0.226681428176031,0.126104997293884,0.169808432179134
GTAATGCTCAACCGAT-1,0.183221461342012,0.323976766786449,0.232755918800328,0.58477272397112,0.273722756655559,0.208725435925823,0.135402008539299,0.166992824527071
GTAATGCTCGTTAGTG-1,0.184227179243791,0.28743191628811,0.217603307777617,0.560265554861484,0.292220560703647,0.2240635667497,0.136797161585183,0.173715670221122
GTAATGCTCTACCTTA-1,0.176237937035279,0.292098899360409,0.215258691354453,0.535642169182271,0.253435222362208,0.196547190700249,0.115833784352637,0.151410466339178
GTACAACCAGCTGTTA-1,0.217009062761317,0.471071485072434,0.317204301075269,0.80154568037538,0.350528088167764,0.187724882369222,0.145180107041915,0.171878536150272
GTACAACGTCGCATCG-1,0.160214251813682,0.269340294257238,0.198249674526255,0.558638522887401,0.287181057118299,0.223094842697666,0.141596006975765,0.176557903004646
GTACAACGTCTAATCG-1,0.261260650439578,0.488179989603815,0.349805921211245,0.699769019567965,0.272757244286404,0.181301319309899,0.145697275843406,0.16269952207889
GTACAACGTGAACCGA-1,0.210906954143784,0.514023549619183,0.338287767009017,0.749930996411813,0.282459466142307,0.162999354183965,0.116435143424139,0.138863373137905
GTACAACTCAAACTGC-1,0.36734693877551,0.483659909146383,0.404521674140508,0.525168150849107,0.206513676129473,0.157544515176677,0.131048168861627,0.137112770744306
GTACAACTCGATGCAT-1,0.197968223834384,0.389630935430651,0.270209508655191,0.641036070717783,0.25497768724464,0.183100378263677,0.111756569847856,0.143469520880759
GTACAGTAGCTCATAC-1,0.208093204059032,0.377878726241327,0.27032402719514,0.647050278193413,0.272356909889437,0.201471537964757,0.160562872090925,0.177456501191475
GTACAGTCAAACGTGG-1,0.159660541957647,0.328090040002712,0.228862288442066,0.512050205558057,0.207090628642749,0.184980164221792,0.112273738649348,0.144581120119281
GTACAGTCATAGAGGC-1,0.216048545664113,0.532510678690081,0.350016876416414,0.781774336476023,0.325342344782112,0.180101946674047,0.144398340248963,0.167318982387476
GTACAGTGTACTGGGA-1,0.283058738445544,0.375697787420616,0.304106996480062,0.671208797594317,0.280716834061392,0.199003598117908,0.159263936496482,0.17720356244259
GTACAGTTCTCGTTTA-1,0.206545076502362,0.345130743327231,0.249831235835865,0.750468498046109,0.354189970445902,0.251983577820832,0.171976667268026,0.208394903949838
GTAGAAACATAGAATG-1,0.213743304630822,0.31839446742152,0.242803413857949,0.58086494181908,0.270284590658079,0.200249100470523,0.142377773768717,0.165981069531531
GTAGAAAGTACTCGCG-1,0.215641738422944,0.59178023368816,0.380291962003954,0.766128680796665,0.334137926974296,0.212139034966325,0.150520175596849,0.180931080847212
GTAGAAATCCACAAGT-1,0.348340000452008,0.497920762989581,0.401562273976566,0.60987550299984,0.234760800197812,0.170806808746194,0.118118948824343,0.139489063727252
GTAGAGGAGGTTATAG-1,0.211720568626122,0.490858137274844,0.326841940305704,0.751950259308221,0.298708332842727,0.18300811883015,0.140273017018462,0.161055420211137
GTAGAGGCAGCAGTGA-1,0.14287974325943,0.245056161999684,0.181457640194802,0.50679140578468,0.241095503302759,0.193606421256573,0.117722051837152,0.151443747753505
GTAGAGGGTAAGGCCA-1,0.201403484982033,0.397043867380839,0.275151887747722,0.724377878175981,0.314027010797254,0.222183780791586,0.129220037284262,0.171492471744079
GTAGAGGGTCTGTCAA-1,0.212895789545054,0.405191312405361,0.284168715945803,0.686505803564943,0.273699207573385,0.188566749700157,0.108677611401768,0.146817631162054
GTAGAGGTCACTCCGT-1,0.205279453974281,0.344916039505503,0.252603789960943,0.540959077240438,0.260923830493706,0.20841406033767,0.114835528293944,0.15447235645726
GTAGAGGTCCACAGGC-1,0.189911180419011,0.299285827287726,0.222708423742707,0.603381902174703,0.276195410283884,0.211124181197527,0.146707559083529,0.173003447954524
GTAGAGGTCGCTATTT-1,0.226320428503627,0.383913033651999,0.278870726650272,0.676612868079666,0.327508860342168,0.257380754682166,0.170280834686391,0.208328341121184
GTAGATCAGCGTGTCC-1,0.204940447939973,0.33853142585938,0.250524374367134,0.589450440896611,0.241684230357122,0.19290294307593,0.112802934632269,0.147396727771343
GTAGATCCAGCGTGCT-1,0.208635613713924,0.400671231947929,0.282348473889773,0.559132443308105,0.217558195669324,0.170726081741858,0.110818449696314,0.136520361569285
GTAGATCGTCGTTGGC-1,0.235032883585328,0.373946256243361,0.281118906408216,0.65200400947165,0.29525839230416,0.232643694067718,0.137771363281015,0.180511735026692
GTAGCTAAGGAACATT-1,0.191007299929939,0.278030148936651,0.215059790732436,0.528436741868472,0.264126505669442,0.215794815019836,0.130037885621505,0.166912949132686
GTAGCTAGTTCGTTCC-1,0.259350916446313,0.491897755780053,0.35218067409229,0.690747708354519,0.250750626994313,0.160773595350125,0.103301461302544,0.130296737090139
GTAGGAGGTGAGTCAG-1,0.177639161977083,0.320168599001062,0.231188822990501,0.504307276609963,0.212742408364634,0.184265153611957,0.100595345480787,0.138037994062596
GTAGGAGGTTCTAACG-1,0.190295387257893,0.396501457725948,0.270287863445682,0.659674303063759,0.264197152915965,0.184403542762247,0.114089843045282,0.146185284289841
GTAGGTTCAATTAGGA-1,0.182159242434515,0.346667570682758,0.242616567819085,0.616427212109767,0.278903554733954,0.212058307961989,0.139840038486981,0.170227777999654
GTAGTACAGAAGAGCA-1,0.366262119465727,0.522351797862002,0.423802979892955,0.592559234132807,0.204582651391162,0.133522465172064,0.111058993324914,0.119194057270658
GTAGTACAGACCCGCT-1,0.189041064930956,0.317693854950618,0.234937798350933,0.514955619797493,0.218323540839996,0.171706338223083,0.118636117625834,0.141046633917755
GTAGTACAGGTCGAGT-1,0.193922751824982,0.387935905259114,0.26442933603356,0.766026991298284,0.339177430559644,0.226519974167359,0.141319381802874,0.182042680085733
GTAGTACGTGCGGTAA-1,0.207200488168689,0.385562863018962,0.270094990115242,0.750744512398855,0.325636708309294,0.201275486668512,0.153671297131517,0.178268567701053
GTAGTACTCGTTAGAC-1,0.176565642868443,0.327479829140959,0.234624379188968,0.536746226593257,0.238246064359642,0.197319863456038,0.127175416441157,0.158599251833806
GTAGTACTCTCATGCC-1,0.485049833887043,0.437103080434832,0.442939630647572,0.553597629181981,0.180574362114237,0.116604391549036,0.126225269108184,0.115646258503401
GTATTGGCATGAGTAA-1,0.224693199538952,0.33089248988632,0.252561598919909,0.590583552449991,0.301381153669536,0.240335824338039,0.148619880930904,0.187940146704474
GTATTGGTCACAAGAA-1,0.164237123420797,0.291070581056343,0.209785910603211,0.51136743321179,0.212848379234419,0.189558538610573,0.0963016417102652,0.137092801895709
GTATTTCAGAATCGAT-1,0.478552218229484,0.464517368409158,0.453143835286176,0.578816624780278,0.195257214850051,0.131815665651813,0.13195020746888,0.126183154279324
GTATTTCAGAGTCAAT-1,0.209946437046579,0.456901032838385,0.308211582043493,0.729811002803725,0.285332454167599,0.179998154811329,0.124024294906489,0.15036542992931
GTATTTCGTAGCTTAC-1,0.463590751915384,0.503197956923633,0.464432952408506,0.581416970524573,0.200014129449305,0.13477949995387,0.131204522220218,0.129358201206118
GTATTTCGTTCCGTTC-1,0.172181164824734,0.315750220353922,0.223739090602247,0.642169182271162,0.288240765816152,0.215679490727927,0.117421372301401,0.161168577019849
GTATTTCGTTCGGTCG-1,0.258865007797139,0.48229258480801,0.345508462317373,0.705928497755568,0.280705059520305,0.189927576344681,0.157916892176318,0.172876978580082
GTATTTCGTTTCCCAC-1,0.417610233462156,0.446922955228603,0.411549496118424,0.552203030347052,0.218358864463258,0.151628379001753,0.137206085753804,0.144008679792856
GTATTTCTCCCATGGG-1,0.201335683775171,0.359662801997876,0.253990067023482,0.709037290991763,0.333631621707544,0.245606144478273,0.163557640267003,0.199888174447861
GTATTTCTCTGAATCG-1,0.431147874432165,0.502158338418424,0.44808091036212,0.556183447855078,0.192972953879123,0.127594796567949,0.116375007516988,0.119313870362235
GTCAAACAGACCGTTT-1,0.244920559585961,0.364397586277036,0.279810984136169,0.60874239144646,0.298449292938808,0.23514623120214,0.15480185218594,0.187886896441551
GTCAAACAGAGCAGCT-1,0.20783329943273,0.445804235315389,0.305161772505907,0.622978921219693,0.259793474549329,0.19291447550512,0.110181009080522,0.145612843963417
GTCAAACAGAGTTGTA-1,0.273928175921531,0.448380681176125,0.336503688702445,0.683556808111917,0.293527534764333,0.210651351600701,0.141138974081424,0.171998349241849
GTCAAACAGCCAAGGT-1,0.238547246140981,0.585791127082062,0.388181686677275,0.734735679939567,0.282400593436871,0.165951656056832,0.119321666967346,0.141312885232371
GTCAAACAGCTCACTA-1,0.189809478608719,0.405778922864827,0.27679733834804,0.607464009181109,0.265692519634047,0.199776270873697,0.115052017559685,0.151849781008294
GTCAAACAGTAAACTG-1,0.335197866522024,0.420130178317174,0.355230483629876,0.665325333759461,0.271909477328121,0.187056001476151,0.15080882795117,0.165861256439954
GTCAAGTAGGCTTCCG-1,0.183763870996904,0.279273171062445,0.213203384926949,0.514984673939887,0.245887741525274,0.20385875080727,0.127620422154068,0.159318130383269
GTCAAGTAGTATCCTG-1,0.181718534589916,0.315219110900174,0.229609672597522,0.524223891221291,0.222738993747719,0.190734846388043,0.101533465632329,0.140986727371966
GTCAAGTCAAGCGGAT-1,0.17062173706692,0.336994598503853,0.232888519215006,0.622949867077298,0.236326814162418,0.169457514530861,0.0986830236334115,0.130150298867101
GTCAAGTCACCTGCAG-1,0.167367279137569,0.321230817908559,0.22502290370799,0.588564289553583,0.300191925019722,0.225920287849433,0.123290636839257,0.170181184019596
GTCAAGTCAGGGTCTC-1,0.320631907247949,0.417327728433566,0.344670668788273,0.607362319682729,0.262642913492447,0.185948888273826,0.148451500390883,0.163438369476949
GTCACGGAGACTTCCA-1,0.477083192080819,0.488315592017538,0.467452625488211,0.557011490913317,0.180350645833579,0.118564904511486,0.111383727223525,0.111053423326278
GTCACGGAGGTCACCC-1,0.4321422921328,0.452640857007255,0.421759728048604,0.633220506413702,0.233818836910831,0.153323646092813,0.140790185819953,0.14524674840582
GTCACGGGTGATGGCA-1,0.211562365810111,0.514746762492372,0.338721732002507,0.757368856864768,0.298896725500124,0.166724328812621,0.122099945877684,0.144288243673203
GTCACTCAGACTGAGC-1,0.260582638370963,0.438786810405225,0.324563624089879,0.656899632465099,0.281541051937501,0.200929513792785,0.117565698478562,0.155144641026665
GTCACTCAGATAGCTA-1,0.419712070874862,0.48033765001017,0.429022614397994,0.665180063047489,0.233842385993006,0.153000738075468,0.139094353238319,0.146524754715976
GTCACTCAGCTAAGTA-1,0.375505684001175,0.459782584129998,0.396469212594628,0.630809012594971,0.260558819720001,0.193998523849064,0.153274400144326,0.169941557836442
GTCACTCAGCTAGCCC-1,0.225292110199562,0.391574570027346,0.284699117604513,0.524993825994741,0.217393352094102,0.184657256204447,0.116038246436948,0.144268274824607
GTCACTCAGGTCATTC-1,0.272526950979727,0.479783940154135,0.350710014947683,0.718857591121054,0.275559585065172,0.165478826460006,0.12449335498226,0.144241649693145
GTCACTCTCAGAGTTC-1,0.196555698691437,0.462110425565575,0.303841795650706,0.787875706378837,0.326967231452154,0.178429744441369,0.128546515124181,0.154771889186203
GTCAGCGAGGGTCTTT-1,0.149976269577598,0.252480394151016,0.186201118665317,0.515681973357351,0.259087002084094,0.203847218378079,0.118756389440135,0.156495866448341
GTCAGCGGTGTGAGCA-1,0.155196962505933,0.286742604018351,0.207537730845267,0.479814634571524,0.200438012928446,0.176192453178337,0.0952673041072825,0.131594712248892
GTCAGCGTCCCTCATG-1,0.147942233371754,0.245530770447714,0.183440619123391,0.492511294797856,0.245534505292656,0.198023341636682,0.115256479643995,0.152169282585833
GTCATCCCACCCATAA-1,0.234580875539585,0.568128912694646,0.376482713727759,0.763441172625187,0.314662836015966,0.169907279269305,0.140573696554213,0.15883887801696
GTCATCCCAGAATGTA-1,0.188532555879495,0.332451917644134,0.234552051690053,0.691691967982335,0.310117863156283,0.224940031368207,0.161525046605328,0.1895509671579
GTCATCCGTTAAGACA-1,0.216364951296133,0.349108414129772,0.258811900284488,0.619536005345962,0.265150890744033,0.191207675984869,0.132828191713272,0.158692439793921
GTCATCCGTTCGATTG-1,0.222738264741112,0.29355662530793,0.239102656830127,0.531182358324738,0.187921675752688,0.12252052772396,0.16605929400445,0.151936312685544
GTCATCCTCACCTTGC-1,0.21121205957466,0.362826858318078,0.263247986884614,0.72026671702718,0.372322763720284,0.255766214595442,0.180515966083348,0.212002609262883
GTCATGAGTTGCATTG-1,0.50807964381766,0.47134268989988,0.472455277496504,0.467757165477868,0.163913386475762,0.107459175200664,0.119923026038848,0.106387369037635
GTCATTTAGGTAGTCG-1,0.228490067123195,0.39480642755441,0.287363180481219,0.679823350814242,0.275076828880594,0.187782544515177,0.118203139094353,0.149766364471425
GTCATTTCAAGGAGTC-1,0.198442832282415,0.432571699776256,0.290804763971262,0.710388308613101,0.293068327661929,0.209867146415721,0.140621805279933,0.173056698217447
GTCATTTCACGTCTCT-1,0.205008249146835,0.410321603724546,0.280184676213897,0.795139241977425,0.357757656395342,0.216048528462035,0.161621264056768,0.19080900461946
GTCATTTCAGACGGAT-1,0.148518543630077,0.273058060433476,0.196314913930276,0.542920231852056,0.26237209904744,0.201713718977765,0.124060376450779,0.158778971471172
GTCATTTTCAAGGTGG-1,0.371641015210071,0.372951838542726,0.352023964511307,0.533753649926638,0.224681793027117,0.151859027585571,0.136568645138012,0.14062063181437
GTCATTTTCAGTCCGG-1,0.388195809885416,0.527380387370895,0.436924393654467,0.553219925330854,0.18473077511804,0.127906172156103,0.124782007336581,0.123174514424165
GTCATTTTCCCAAGCG-1,0.22279476574683,0.381494790607273,0.27713486667631,0.676496651510089,0.302181822463469,0.209636497831903,0.157688375729148,0.17971963736571
GTCCACTAGGATTTGA-1,0.244310348724207,0.46035889438832,0.326582766767925,0.713279195781338,0.29934415806144,0.202232678291355,0.158037163990619,0.177223531291186
GTCCACTAGTAGACCG-1,0.182373946256243,0.288912242637919,0.215288827812334,0.55776689861557,0.282659633340791,0.222252975366731,0.151999518912743,0.178854320593208
GTCCACTAGTTCACTG-1,0.33319773091961,0.54465839491943,0.417944452480833,0.607028197045194,0.222986259110551,0.138216163852754,0.103481869023994,0.117097328168058
GTCCACTCACCGGCTA-1,0.22080593034556,0.409959997287952,0.287700708809489,0.748434708078504,0.33235997127012,0.239528554294677,0.172193156533766,0.203728849661195
GTCCACTGTTCTCAGA-1,0.227936357267159,0.34689357470563,0.265598630599354,0.533085404651568,0.227177995737616,0.185429928960236,0.119718563954537,0.146844256293515
GTCCACTTCCGTGTAA-1,0.224761000745813,0.333751440775646,0.254134722021312,0.687333846623182,0.348338023525533,0.28297121505674,0.171784232365145,0.223131914213826
GTCCCATAGCAAACAT-1,0.222048952471354,0.443521594684385,0.30565601041516,0.77427836773828,0.326107689952784,0.175638896577175,0.149954898069637,0.166640041535205
GTCCCATCAGAGAAAG-1,0.272086243135128,0.608866137817253,0.417968561647138,0.594433226317242,0.218370639004345,0.128355936894547,0.0945456732214806,0.106646964069385
GTCCCATTCATTCGTT-1,0.212488982303885,0.379720659027731,0.269082405130431,0.731452561849006,0.351458276913657,0.252721653289049,0.167033495700283,0.206737489516354
GTCCTCAAGATTACCC-1,0.211664067620404,0.526849277917147,0.343850957133902,0.800456150035591,0.343204323611487,0.183054248546914,0.14326778519454,0.167445451761918
GTCCTCAAGCGTGTTT-1,0.176961149908468,0.282132121951771,0.213932687207676,0.507125528422215,0.227048475785656,0.184357413045484,0.120103433760298,0.147223664416843
GTCCTCAAGCGTTAGG-1,0.203776527222185,0.44722806065948,0.302762910458556,0.713656899632465,0.31150725900458,0.241835040132854,0.1659991580973,0.19978833020488
GTCCTCAGTCAACCTA-1,0.271340429859652,0.351504056772211,0.287176334442355,0.573267283582957,0.259652180056282,0.193860134698773,0.136400264597991,0.160629418107752
GTCCTCATCATAGACC-1,0.258209596130811,0.432221393540805,0.318952215632383,0.737074538402313,0.330158132086802,0.229472276040225,0.167598773227494,0.195128932199103
GTCGAATAGAATAACC-1,0.295590661513775,0.522261396252853,0.388790443126477,0.585658875314148,0.229909689269861,0.174624042808377,0.127127307715437,0.146191940572707
GTCGAATAGATTGAGT-1,0.21073745112663,0.36567450900626,0.266020541009692,0.495198802969333,0.204688622260947,0.180251868253529,0.11697636658849,0.142750642331297
GTCGAATAGTGACACG-1,0.346385065654169,0.509379166949172,0.405341385794879,0.6347749030318,0.244415923889366,0.165478826460006,0.123976186180769,0.142517672431008
GTCGAATCACCTTCCA-1,0.160225552014826,0.265046217822677,0.19944910554993,0.471301770849979,0.212448044837452,0.178372082295415,0.110878585603464,0.140613975531504
GTCGAATCACTACCCT-1,0.351910864013379,0.510023278414356,0.410012536766479,0.594055522466116,0.215650720013187,0.140764830703939,0.107655300980215,0.118894524541715
GTCGAATGTCACATTG-1,0.262130765927634,0.50517549212376,0.360588745841169,0.702398419454654,0.315239788529242,0.252018175108405,0.170461242407842,0.207309929842779
GTCGAATTCAAGCGTT-1,0.195629082197663,0.417237326824417,0.281468489319639,0.753737089065474,0.328050489232182,0.22040778669619,0.13583498707078,0.175113489622855
GTCGAATTCACGACTA-1,0.436006960923904,0.497016746898095,0.449539514923574,0.567630779958453,0.188027646622473,0.127571731709567,0.10570689758855,0.113156808711743
GTCGCGAAGGTCGTCC-1,0.193470743779239,0.418028340904468,0.279949611842423,0.778694597382222,0.349115143237292,0.212946305009687,0.138937999879728,0.175705898797875
GTCGCGAAGTGCGACA-1,0.2035731236016,0.407168847605487,0.281456434736487,0.657902000377704,0.252069375596086,0.177253436663899,0.112069276565037,0.14103997763489
GTCGCGATCACTCACC-1,0.225337311004136,0.369109770153909,0.272300978832152,0.651887792902073,0.309352517985612,0.234189039579297,0.157159179746226,0.19005684465567
GTCGCGATCTGAGTCA-1,0.364691391506769,0.422198115126449,0.371938135879261,0.597251478129494,0.263902789388784,0.206926376972045,0.154296710565879,0.175492897746183
GTCGTAAAGTACGTCT-1,0.179130788528036,0.294291138382263,0.218826847967597,0.530136409198541,0.244627865628937,0.197158409447366,0.12436105598653,0.155996645233436
GTCGTAACACCATATG-1,0.352667977489999,0.472359708002802,0.390435893726795,0.655475979487775,0.266081079489927,0.191576713718978,0.145528895303386,0.165368691507914
GTCGTAACAGGAATCG-1,0.464065360363414,0.483388704318937,0.457007329186557,0.554178712029868,0.189581886045991,0.133222622013101,0.116194599795538,0.11973987246562
GTCGTAACAGGGTCTC-1,0.230015594277578,0.406038827491129,0.294565793914846,0.684326742885367,0.299167539945131,0.211504751360827,0.124276865716519,0.162766084907544
GTCGTAAGTGTTCGAT-1,0.199990959839085,0.422910027798495,0.289478759824485,0.656550982756366,0.311778073449587,0.231709567303257,0.148860424559504,0.185756885924624
GTCGTAAGTTCAACGT-1,0.177797364793093,0.314473297624698,0.225595496407734,0.595871406365763,0.301286957340838,0.232851277793154,0.123795778459318,0.173802201898372
GTCGTAATCGCCCAGA-1,0.262458471760797,0.455838813930888,0.334502627899127,0.694670017577756,0.311495484463493,0.232712888642864,0.151362078296951,0.188000053250263
GTCGTAATCTTCCACG-1,0.232343435713156,0.556727009740773,0.369165581754183,0.759083051266034,0.308657820061463,0.175500507426884,0.139864092849841,0.160882356856637
GTCGTTCAGGGCTGAT-1,0.172147264221303,0.302348181797636,0.217000578619991,0.62289175879251,0.316370144473619,0.24921579481502,0.150616393048289,0.193857582171812
GTCGTTCAGTGGAAGA-1,0.241914706081768,0.425045765814631,0.308681710786441,0.584990630039078,0.267223209975391,0.199995387028324,0.115569186361176,0.151683373936659
GTCGTTCCACAATGAA-1,0.226004022871607,0.364973896535358,0.276393509812431,0.622339730087017,0.297201191583558,0.209648030261094,0.183113837272235,0.195554934302488
GTCGTTCCACATGAAA-1,0.345390647953534,0.483739010554388,0.39285886494045,0.605444746284702,0.238387358852689,0.18340022142264,0.136809188766613,0.154305949385625
GTCGTTCCAGGGATAC-1,0.250163852916582,0.4446403145976,0.322671054534934,0.688568647674942,0.319101838005864,0.24621736322539,0.172217210896626,0.201578870295672
GTCGTTCCATCGTTCC-1,0.208330508283047,0.488044387190092,0.3221466801678,0.799221348983831,0.340590375490115,0.185095488513701,0.138649347525407,0.165248878416337
GTCGTTCGTATGAAAC-1,0.239586864646191,0.422695323976767,0.305668064998312,0.669421967837064,0.303724287345901,0.249538702832365,0.157748511636298,0.197139129624453
GTCTACCAGAGAACCC-1,0.235078084389902,0.490892037878274,0.337419837022036,0.726615047140346,0.304301239859177,0.195197896484916,0.155463347164592,0.174035171798661
GTCTACCAGCAGCCCT-1,0.217506271611635,0.336406988044387,0.251802160181301,0.668884466202769,0.332607236632952,0.24948104068641,0.163401286908413,0.199934768427919
GTCTACCCATAACGGG-1,0.305523538318982,0.466958211856171,0.363029798929553,0.577378444731758,0.233595120630173,0.178106836424024,0.127800829875519,0.148781234607346
GTCTACCGTTCCTTGC-1,0.209494429000836,0.383833932243994,0.270462654901393,0.740154277496114,0.323211152845318,0.203489713073162,0.159624751939383,0.181044237655923
GTCTACCTCACTGAAC-1,0.271464732072231,0.496598639455782,0.359057813780799,0.706219039179511,0.301440026374972,0.208587046775533,0.153575079680077,0.17821531743813
GTCTACCTCACTGCTC-1,0.153897439374421,0.354137003638665,0.234148223154443,0.564928744715778,0.252505033616315,0.201494602823139,0.100523182392206,0.145173529294301
GTCTACCTCTGCATAG-1,0.173028679910502,0.276256017357109,0.206386518154202,0.573325391867746,0.300439190382555,0.234984777193468,0.137975825365326,0.179127228190689
GTCTAGAAGCACACCC-1,0.485886048771668,0.4379505955206,0.442807030232895,0.594767348954777,0.200438012928446,0.140199741673586,0.141932768055806,0.138490621297443
GTCTAGAAGCTACTAC-1,0.285137975455963,0.43687707641196,0.336244515164666,0.633932332902364,0.28205913174534,0.213603653473568,0.142004931144386,0.173615825978141
GTCTAGAAGTCTGTAC-1,0.39206047867652,0.486823965466585,0.419764694536863,0.57448755756352,0.202533881241979,0.136878402066611,0.117589752841422,0.123713673336262
GTCTAGACAGTTAAAG-1,0.195222274956494,0.462279928582729,0.30340180336564,0.777358106832082,0.31507494495402,0.171291170772211,0.123928077455048,0.147962511814902
GTCTAGAGTATCACCA-1,0.190250186453319,0.354227405247813,0.249493707507594,0.638290454261516,0.263243415087897,0.188785865854784,0.112959287990859,0.147629697671632
GTCTAGAGTGGGCTCT-1,0.169118810314824,0.314066490383529,0.221798302714692,0.599779188517803,0.297990085836405,0.224305747762709,0.152745204161405,0.181856304165502
GTCTAGAGTGTAAATG-1,0.212703686125613,0.497638257960992,0.329072038188919,0.799497363336578,0.348090758162701,0.18847449026663,0.143809008358891,0.170480716748539
GTCTAGAGTTGCCTAA-1,0.202409202883811,0.399733315253011,0.275206133371908,0.777183781977715,0.322151444147464,0.184184426607621,0.131565337663119,0.159957133538347
GTCTAGATCACCTCTG-1,0.291963296946686,0.380907180147807,0.311164954915859,0.736667780408792,0.325401217487548,0.235561398653012,0.182488423837874,0.204913668011236
GTCTAGATCCGACAGC-1,0.201200081361448,0.320462404230795,0.236529003327065,0.634339090895884,0.32569558101473,0.252710120859858,0.166708761801672,0.204214758310369
GTCTCACTCTTCTGTA-1,0.172305467037313,0.288392433385314,0.210436858093447,0.565408138065285,0.283248360395154,0.222333702371067,0.15848216970353,0.183054435081273
GTCTGTCAGAATCGTA-1,0.141885325558795,0.239598164847334,0.1778533198322,0.525545854700234,0.263985211176394,0.212404280837716,0.136568645138012,0.170633811254443
GTCTGTCAGACATAAC-1,0.244050444097905,0.389879539855809,0.290690245431313,0.721312666153377,0.30574950841291,0.192303256758003,0.12826988995129,0.159770757618116
GTCTGTCAGGTTGCCC-1,0.207336090582412,0.339853549393179,0.247209364000193,0.710809593677819,0.339907452107054,0.258810775901836,0.173973179385411,0.211057417095997
GTCTGTCCACAATGTC-1,0.186826225506814,0.333853142585938,0.241260427214427,0.553626683324375,0.247618599065101,0.197642771473383,0.121378314991882,0.154119573465394
GTCTGTCTCCATTGGA-1,0.280753497412254,0.549720885031754,0.392009016828198,0.697706175457966,0.263714396731387,0.17349386474767,0.141571952612905,0.157208088714938
GTCTGTCTCGAGCTGC-1,0.176215336632992,0.298619115420254,0.216512368002314,0.645031015297006,0.311801622531762,0.232413045483901,0.13965963076553,0.17955988657694
GTCTTTAAGACACACG-1,0.180724116889281,0.320643207449093,0.230917594869569,0.585019684181472,0.275300545161252,0.210512962450411,0.11715677430994,0.158872159431287
GTCTTTAAGCATGTTC-1,0.226309128302484,0.393834610256063,0.284476107816192,0.755422229324346,0.330016837593755,0.205219577451794,0.167322148054603,0.18652901473701
GTCTTTAAGCGGATCA-1,0.20874861572536,0.36838655728072,0.261934037320989,0.739529613434635,0.340790542688599,0.240543408063474,0.159937458656564,0.19818416603432
GTCTTTACACAAATAG-1,0.200555969896264,0.314902705268154,0.23523313563817,0.627380623792437,0.308916859965383,0.225597379832088,0.151145589031211,0.18275490235233
GTCTTTATCGCCGTGA-1,0.30860849323118,0.540477320496305,0.402653213751868,0.632377936284266,0.254377185649189,0.164844542854507,0.120452222021769,0.140334411651158
GTGACGCCACTCTAGA-1,0.192442425475173,0.363617872398129,0.251482713727759,0.748623560004068,0.324847814056447,0.210536027308792,0.152252089722773,0.182069305217194
GTGAGCCAGTGCAGGT-1,0.132325355391326,0.294268537979976,0.200395390327402,0.444862501271119,0.200390914764097,0.112579573761417,0.15108545312406,0.144374775350453
GTGAGCCCAATAGAGT-1,0.424051348113996,0.507141727122743,0.446085876850379,0.538024608858608,0.189782053244475,0.124112002952302,0.12074087437609,0.115206943834285
GTGAGCCCATCCTATT-1,0.341684181978439,0.386229574886433,0.339324461160133,0.698461583160219,0.291243273793404,0.225989482424578,0.178868242227434,0.197292224130357
GTGAGCCCATCTAGAC-1,0.181311727348747,0.338893032295975,0.237179950817301,0.657814837950521,0.286592330063936,0.208736968355014,0.144205905346082,0.172271256839331
GTGAGCCGTGCAACAG-1,0.270877121612765,0.429192939634325,0.325021698249675,0.68317910426079,0.268636154905863,0.18743657163945,0.132647783991822,0.157054994209034
GTGAGCCTCCCATTTA-1,0.271340429859652,0.442515876782607,0.332158011475963,0.759083051266034,0.314627512392704,0.210674416459083,0.18120151542486,0.195847810748566
GTGAGGAAGTAGGAAG-1,0.220342622098673,0.424695459579181,0.298332851150007,0.656681726397141,0.290795841232088,0.219831165236645,0.152913584701425,0.180837892887096
GTGAGGAAGTCACTGT-1,0.194476461681018,0.374805071530273,0.259016828198081,0.695991981056699,0.303170883914799,0.197250668880893,0.151999518912743,0.173176511309025
GTGAGGATCGCGTGCA-1,0.2194160056049,0.524363233665559,0.348293071025604,0.708601478855848,0.287510744268742,0.169480579389243,0.0996692525106741,0.133125657307933
GTGAGTTCAAGTACCT-1,0.145930797568197,0.277261735258888,0.198267756400984,0.491901157807574,0.20540686926727,0.186087277424117,0.110854531240604,0.144667651796531
GTGAGTTCAATGGCCC-1,0.396987366375121,0.476981490270527,0.416045855634312,0.581315281026192,0.214744080349468,0.148226312390442,0.133068735341873,0.139296031524156
GTGAGTTGTCCCTGAG-1,0.31489140506701,0.435566253079305,0.352397656589035,0.63240699042666,0.284131450976698,0.218043638712058,0.157483913644837,0.18240877564333
GTGAGTTTCGTTGCCT-1,0.216410152100707,0.511684407982462,0.342675635276532,0.730101544227668,0.305396272180292,0.224559461204908,0.160081784833724,0.189471091763516
GTGATGTAGCCTTGAT-1,0.217913078852804,0.488473794833548,0.329620521722359,0.729985327658091,0.29770749685031,0.189420149460282,0.160514763365205,0.174095078344449
GTGATGTCACCTGCAG-1,0.212511582706172,0.476608583632789,0.319705627079416,0.732207969551259,0.281128942999447,0.171521819356029,0.116579469601299,0.143363020354913
GTGATGTTCAGCCTCT-1,0.190905598119647,0.343673017379709,0.243773807801726,0.64696311576623,0.285356003249773,0.20712242826829,0.155511455890312,0.176704341227685
GTGATGTTCGGTGTTA-1,0.381878997446155,0.530420141478518,0.435978108876995,0.670104740183332,0.245287239929824,0.171717870652274,0.136869324673763,0.150578430981003
GTGCACGAGACAACAT-1,0.249418039641106,0.416672316767238,0.306704759149429,0.682801400409663,0.298060733082928,0.208379463050097,0.159131637500752,0.179959263548864
GTGCACGGTATGTCAC-1,0.215540036612652,0.413542161050467,0.291455711461498,0.654793207141508,0.266881748283861,0.180459451978965,0.145131998316195,0.159957133538347
GTGCACGGTCGAGATG-1,0.227687752842001,0.542036748254119,0.361209556873523,0.715589000101689,0.254730421881807,0.156379739828397,0.111119129232064,0.131534805703103
GTGCACGGTGGCAGAT-1,0.219043098967162,0.345718353786697,0.261572399826414,0.534741490768046,0.231946684877957,0.19720453916413,0.104107282458356,0.145978939521014
GTGCACGTCGTCGATA-1,0.357131556941714,0.486631862047144,0.401037899609431,0.651786103403693,0.26520976344947,0.189454746747855,0.130266402068675,0.1554841114528
GTGCAGCAGCTTAAGA-1,0.21682825954302,0.336056681808936,0.251940787887555,0.642575940264683,0.298166703952713,0.224386474767045,0.169258524264839,0.190615972416364
GTGCAGCCAAATTAGG-1,0.325728297963704,0.511492304563021,0.395944838227494,0.677992939843398,0.274240836463399,0.19277608635483,0.141030729448554,0.164130622894951
GTGCAGCGTGACAGGT-1,0.291748593124958,0.476280877799625,0.361221611456676,0.678544968548891,0.322057247818766,0.289256388965772,0.191520837091828,0.236058415538427
GTGCAGCTCATTACCT-1,0.193052636336927,0.423633240671684,0.28897246733208,0.554599997094586,0.25003237998799,0.206545806808746,0.153635215587227,0.17880772661315
GTGCGTGGTTGCAAGG-1,0.288268131172735,0.491716952561756,0.366007280968224,0.662608771445589,0.250362067138433,0.172421348832918,0.14343616573456,0.15674214891436
GTGCGTGTCGTAGTGT-1,0.197290211765769,0.349549121974371,0.254176913062346,0.519197524587068,0.212777731987896,0.165847864194114,0.114149978952432,0.135994515222919
GTGCGTGTCTGTCCCA-1,0.174542906863742,0.303014893665107,0.221991176045132,0.528872554004387,0.243615255095433,0.201194759664176,0.127728666786938,0.160356510510271
GTGCTGGCATGTGACT-1,0.178814382896016,0.290912378240333,0.21658469550123,0.548774641544518,0.274770690812326,0.221042070301688,0.1510613987612,0.178621350692919
GTGCTGGGTACGTAGG-1,0.201945894636925,0.494293398422492,0.325033752832827,0.740023533855339,0.31236680050395,0.185037826367746,0.104083228095496,0.145060372485589
GTGCTGGGTATGAGCG-1,0.259396117250887,0.593972472710014,0.405486040792709,0.678007466914595,0.281246688410319,0.187401974351877,0.133008599434722,0.15891209712848
GTGCTGGTCAGGGTAG-1,0.207742897823581,0.368510859493299,0.263862770625392,0.66008106105728,0.308905085424296,0.230037365070578,0.163196824824102,0.19096875540823
GTGCTGGTCATCTGTT-1,0.201516486993468,0.439114516238389,0.294342784126525,0.786931446751021,0.353459948898492,0.21180459451979,0.13575079680077,0.174274797981815
GTGCTGGTCCACGTAA-1,0.216037245462969,0.53355029719529,0.349335792468296,0.789052399145808,0.336127824418043,0.181335916597472,0.140116663659871,0.164529999866874
GTGCTTCAGAGGCGGA-1,0.388037607069406,0.476088774380184,0.410814166546121,0.511948516059677,0.193655877262184,0.137085985792047,0.130458836971556,0.129411451469042
GTGCTTCAGATAGGGA-1,0.232219133500576,0.423644540872828,0.303588649404504,0.659529032351788,0.299038019993171,0.218009041424486,0.126610138913946,0.167385545216129
GTGCTTCAGATTGAGT-1,0.331152394512622,0.504870386692883,0.396511403635662,0.669886834115374,0.255048334491163,0.168788633637789,0.139984364664141,0.152575315840622
GTGCTTCAGGAACTAT-1,0.268278075349741,0.393834610256063,0.307301461015478,0.66491857576594,0.276007017626488,0.1938255374112,0.147393108425041,0.168084454916996
GTGCTTCCACAGCTGC-1,0.190577892286483,0.355526928379325,0.2516755870582,0.573630460362886,0.252081150137173,0.18078235999631,0.123519153286427,0.147563134842978
GTGCTTCCAGAGGCTA-1,0.184871290708975,0.28607589215088,0.214674044071556,0.574807153129858,0.290948910266222,0.223763723590737,0.156052679054664,0.183027809949812
GTGCTTCGTCCGCAGT-1,0.34111917192126,0.486304156213981,0.391990934953469,0.65236718625158,0.259557983727584,0.191357597564351,0.131745745384569,0.157374495786573
GTGCTTCGTCCTGTTC-1,0.263102583225981,0.575993852690578,0.398578764646319,0.672806775426006,0.276784137338247,0.1981271334994,0.142028985507246,0.167099325052917
GTGCTTCTCGTTCTCG-1,0.494236897416774,0.439928130720727,0.448997058681711,0.564594622078243,0.185142884056094,0.127202693975459,0.136207829695111,0.125630682801496
GTGGAAGAGGAATTAC-1,0.207821999231586,0.304122313377178,0.235546554800135,0.430001307436408,0.228402548010691,0.143313497555125,0.156666065307595,0.15429929310276
GTGGAAGCACGTGTGC-1,0.186588921282799,0.322722444459511,0.233876995033512,0.611400845475544,0.29684795535094,0.218412676446167,0.149185158458115,0.177829253031937
GTGGAAGCATCAGCAT-1,0.225450313015572,0.370171989061405,0.271565649259849,0.691227101704025,0.302440862367389,0.204608358704678,0.147465271513621,0.172737196639908
GTGGAAGGTGGCGCTT-1,0.211245960178091,0.408513571541573,0.285585129466223,0.668390545782065,0.311519033545668,0.225205277239598,0.135161464910698,0.175952181263895
GTGGAAGTCAAGCCAT-1,0.188679458494361,0.369912084435103,0.267382708905926,0.653776312157706,0.294728537955233,0.224743980071962,0.176919838835769,0.195528309171027
GTGGAGAAGACCCGCT-1,0.225574615228151,0.376421000293805,0.274386421717537,0.690079463079449,0.337163984033722,0.252237291263032,0.174237777376872,0.207602806288856
GTGGAGAAGGGTTAGC-1,0.40165434944742,0.462618934617036,0.412302907565456,0.592065313712102,0.21972471122938,0.163979610665191,0.128522460761321,0.142371234207969
GTGGAGACAGCTGCCA-1,0.215404434198929,0.516486993468484,0.341319494671874,0.783081772883769,0.332819178372523,0.178279822861888,0.140525587828492,0.162965773393506
GTGGAGAGTATTCCTT-1,0.287578818902976,0.500565010057179,0.370642268190366,0.618257623080611,0.216828174121914,0.149356490451149,0.1170605568585,0.130083736038447
GTGGAGAGTGTTCAGT-1,0.353244287748322,0.50760503536963,0.40920487969526,0.581605822450136,0.214061156966407,0.142955992250208,0.116266762884118,0.12744784802375
GTGGCGTAGTCACGCC-1,0.335514272154044,0.428616629376003,0.363180481218959,0.572424713453521,0.242390702822358,0.180228803395147,0.125972698298154,0.146844256293515
GTGGCGTAGTCGAAAT-1,0.197945623432097,0.381573892015278,0.265821640387675,0.686898034487267,0.29194974625864,0.206984039118,0.121691021709062,0.160496292450444
GTGGCGTCACCTGCAG-1,0.159524939543924,0.274041177932967,0.201769612806789,0.519371849441434,0.235585018073921,0.180793892425501,0.115845811534067,0.144301556238934
GTGGCGTCACGACGTC-1,0.322168734603476,0.460404095192894,0.369051063214234,0.598064994116536,0.245887741525274,0.189270227880801,0.123242528113537,0.151157527590292
GTGGCGTGTACTCAAC-1,0.209076321558524,0.354916717517572,0.26157842711799,0.537269201156355,0.225023254718647,0.192683826921303,0.101521438450899,0.142577578976796
GTGGCGTGTCATATGC-1,0.334429452844261,0.426220986733564,0.360546554800135,0.625027238258495,0.250432714384957,0.190250484362026,0.129388417824283,0.156143083456475
GTGGCGTGTTGGGATG-1,0.209245824575677,0.395823445657333,0.279660301846762,0.645655679358485,0.311307091806097,0.230498662238214,0.146082145649167,0.182202430874502
GTGGCGTTCCTGGCTT-1,0.229314981806676,0.314846204262436,0.248481122522783,0.562154074117117,0.272922087861626,0.206176769074638,0.147838114137952,0.170806874608943
GTGGCGTTCTGACCCT-1,0.468133432775103,0.523131511740909,0.480375138627706,0.586414283016401,0.192560844941068,0.122232216994188,0.112718744362259,0.115932478666613
GTGGGAAAGAAGCGGG-1,0.184249779646078,0.338068117612494,0.243345870099812,0.541743539085085,0.220560703646575,0.175154534551158,0.107462866077335,0.137398990907518
GTGGGAAAGGGCAAGG-1,0.206228670870341,0.375822089633195,0.266129032258065,0.620959658323285,0.292538473313003,0.215102869268383,0.137242167298094,0.170600529840116
GTGGGAACATGACACT-1,0.17261057246819,0.28910434605736,0.216325521963451,0.484899109490536,0.207808875649072,0.175096872405203,0.107727464068795,0.137984743799673
GTGGGAAGTATCGCTA-1,0.312755667050873,0.324225371211608,0.297669849076619,0.529686069991429,0.252752298979147,0.172352154257773,0.160394491550905,0.168463863040324
GTGGGAATCCGCTGTT-1,0.211460663999819,0.320032996587339,0.243351897391388,0.576768307741476,0.29413981090087,0.225678106836424,0.13957544049552,0.175146771037182
GTGGGAATCCGTGGCA-1,0.192397224670599,0.311343141907926,0.228289695742321,0.580661562822319,0.284449363586054,0.222322169941877,0.154284683384449,0.179899357003075
GTGGGAATCGCGCCAA-1,0.161852780979501,0.262503672565372,0.195320410820194,0.513502912677775,0.24620565413463,0.221514899898515,0.122051837151963,0.164084028914893
GTGGTTACATACGCAT-1,0.466110696770403,0.503898569394535,0.467585225902888,0.52715835960312,0.178690435540275,0.120156379739828,0.117962595465753,0.112397992465088
GTGGTTAGTCATTGCA-1,0.404920107577915,0.374929373742853,0.369014899464777,0.669451021979459,0.262489844458312,0.18508395608451,0.181802874496362,0.179107259342093
GTGGTTATCGACATTG-1,0.278979365832712,0.459217574072818,0.346599402092676,0.603541699957872,0.225835698053668,0.144893440354276,0.0880028865235432,0.11167245763276
GTGGTTATCGCTTACC-1,0.377844825637896,0.426379189549574,0.380002652008294,0.717114342577393,0.286933791755466,0.192533905341821,0.181875037584942,0.185597135135855
GTGGTTATCGTTAGTG-1,0.457160937464687,0.493468483739011,0.458327306041757,0.538024608858608,0.179137868101591,0.122416735861242,0.111095074869204,0.113908968675533
GTGTAACAGTTATGGA-1,0.288641037810473,0.42573507808439,0.335219875596702,0.555645946220782,0.24190794663778,0.186629301596088,0.108737747308918,0.141452667172544
GTGTAACCAGATACTC-1,0.163626912559044,0.362521752887201,0.243038478229423,0.595130525734707,0.264526840066408,0.208702371067442,0.10925491611041,0.153194350147104
GTGTAACCAGCTTTCC-1,0.24747440504441,0.445883336723394,0.320555475191668,0.699972398564725,0.292632669641701,0.201794445982102,0.157748511636298,0.175273240411625
GTGTAACCAGGCCCTA-1,0.272086243135128,0.604809365606708,0.416347220213125,0.726687682496332,0.282294622567085,0.166251499215795,0.141259245895724,0.154279324254163
GTGTAACGTGCGTTTA-1,0.230015594277578,0.382477908106764,0.280877814745166,0.635355985879687,0.309175899869303,0.235619060798967,0.170244753142101,0.196832940612644
GTGTAACTCGGAGTGA-1,0.171311049336678,0.274368883766131,0.204879695260138,0.552885802693319,0.280846354013352,0.226185533720823,0.12846232485417,0.170181184019596
GTGTAACTCTCTATAC-1,0.141749723145072,0.244581553551653,0.17883576835913,0.499004895622993,0.254918814539203,0.207814374019744,0.110241144987672,0.15590345727332
GTGTAACTCTGCGATA-1,0.180034804619522,0.304890727054942,0.22025531607117,0.654124961866438,0.326143013576046,0.241027770089492,0.142425882494437,0.18836614880786
GTGTCCTAGCACGGAT-1,0.209630031414559,0.42497796460777,0.290979555426973,0.726295451574008,0.306644373535541,0.20972875726543,0.148812315833784,0.176983905108031
GTGTCCTAGCTTGTTG-1,0.200047460844803,0.431995389517933,0.289569169198129,0.782907448029403,0.353200908994572,0.212738721284251,0.143905225810331,0.178860976876073
GTGTCCTCAACGGGTA-1,0.192668429498045,0.316077926187086,0.232086889435363,0.615250519342795,0.289088532774435,0.22040778669619,0.155860244151783,0.182488651037714
GTGTCCTCAAGCTACT-1,0.279318371867019,0.441408457070536,0.334731664979025,0.686331478710577,0.313285214708757,0.231894086170311,0.173035059233869,0.195834498182835
GTGTCCTTCCAGTGTA-1,0.187549438380003,0.325909101182001,0.230736776122282,0.699899763208739,0.309799950546927,0.213142356305932,0.152624932347104,0.181110800484577
GTGTGATAGTGAATAC-1,0.254593531764865,0.427362307049065,0.314721056945851,0.689803448726702,0.304053974496344,0.217593873973614,0.146298634914908,0.178681257238708
GTGTGATCAGACCATT-1,0.191380206567677,0.345729653987841,0.245075702782198,0.679503755247905,0.329675375902224,0.254486114955254,0.157652294184858,0.200973148554921
GTGTGATCATAGAATG-1,0.19060049268877,0.370036386647682,0.255285934712378,0.74423638450252,0.323682134488808,0.213580588615186,0.135209573636418,0.172357788516581
GTGTGATGTGTAAATG-1,0.190408389269329,0.409428887834203,0.274211630261826,0.762511440068568,0.315216239447068,0.181001476150936,0.123916050273618,0.153760134190663
GTGTGATTCAGGCGAA-1,0.202646507107827,0.332395416638416,0.242315203240272,0.61862079986054,0.301440026374972,0.230071962358151,0.159696915027963,0.188399430222187
GTGTGGCAGATGCTGG-1,0.206262571473772,0.377890026442471,0.265960268093929,0.670395281607275,0.312696487654394,0.23070624596365,0.140621805279933,0.179233728716536
GTGTGGCCAACAGCTT-1,0.228162361290031,0.415203290618573,0.297983268238584,0.637796533840812,0.261324164890673,0.188428360549866,0.13575079680077,0.157267995260727
GTGTGGCCATCATCCC-1,0.154405948425882,0.258311297941103,0.191474998794542,0.529555326350654,0.262631138951359,0.2068571823969,0.135089301822118,0.16605428864305
GTGTGGCTCAGCATTG-1,0.341311275340701,0.505763102583226,0.401948020637446,0.684428432383747,0.251174510473454,0.158490174370329,0.13590715015936,0.145932345540956
GTGTTAGAGGCGATAC-1,0.212274278482157,0.32205573259204,0.244804474661266,0.552464517628601,0.235690988943706,0.186859950179906,0.115412833002586,0.146038846066802
GTGTTAGCAGGTCAGA-1,0.207505593599566,0.417904038691889,0.288906167124741,0.716039339308802,0.323022760187922,0.270954423839838,0.172842624330988,0.219091550514531
GTGTTAGCATGAAGGC-1,0.20660157750808,0.358702284900671,0.258305607792083,0.672748667141218,0.3265551225141,0.260333056555033,0.149413674905286,0.200147769479612
GTGTTAGGTGCTTATG-1,0.256525866160418,0.435261147648428,0.319753845412026,0.692243996687828,0.286462810111976,0.20476981271335,0.162619520115461,0.178441631055553
GTGTTAGTCCAACACA-1,0.46872104323457,0.402185458901168,0.41617845604899,0.502215378357569,0.19926055881972,0.141352984592675,0.146635395994949,0.138683653500539
GTGTTCCAGTCGGGAT-1,0.188137048839469,0.334598955861414,0.23880731954289,0.638595522756657,0.315993359158827,0.243518774794723,0.148920560466655,0.190456221627594
GTGTTCCCACTTCATT-1,0.154948358080774,0.281149004452279,0.198587202854525,0.571117277045775,0.277961591446973,0.215898606882554,0.113644837332371,0.16118188958558
GTGTTCCCAGTCACGC-1,0.331559201753791,0.488824101068999,0.386837600655769,0.668448654066854,0.265409930647953,0.18470338592121,0.142257501954417,0.161914080700773
GTGTTCCCATGACAGG-1,0.228264063100323,0.501932334395552,0.339457061574811,0.751049580893996,0.326378504397791,0.22522834209798,0.146839858079259,0.183693438236351
GTGTTCCCATGACTCA-1,0.228704770944923,0.421327999638394,0.30035802111963,0.630649214811802,0.285897632139787,0.205323369314512,0.126646220458236,0.161574610274638
GTGTTCCCATTAAAGG-1,0.236061201889394,0.563529730829209,0.377079415593809,0.681217949649171,0.235914705224364,0.148676077128886,0.107450838895905,0.125118149020861
GTGTTCCGTGCCTGCA-1,0.238773250163853,0.39934910841413,0.292618978735715,0.615294100556387,0.285721014023478,0.219727373373927,0.15484996091166,0.180079076640441
GTTACAGCACAGTGTT-1,0.146925215268832,0.249429339842249,0.184881141810116,0.541482051803536,0.269401500076535,0.215264323277055,0.132840218894702,0.169615399976037
GTTACAGCATGTCGTA-1,0.171469252152688,0.284358261577056,0.210237957471431,0.499498816043697,0.250526910713655,0.207410738998063,0.10927897047327,0.152675160083603
GTTACAGGTGGGTCAA-1,0.226908038963094,0.39632065450765,0.287857418390472,0.608277525168151,0.243921393163701,0.16892702278808,0.126778519453966,0.144641026665069
GTTACCCAGACAACTA-1,0.199290347368183,0.461974823151852,0.305637928540431,0.78595813298081,0.33532715562411,0.185037826367746,0.127740693968369,0.158692439793921
GTTACCCCAACCTATG-1,0.183707369991186,0.331886907586955,0.235504363759101,0.567761523599227,0.27518279975038,0.213349940031368,0.144987672139034,0.172457632759562
GTTACCCGTGGGTCAA-1,0.31564851854363,0.385009153162926,0.327137277592941,0.543864491479873,0.239764980159898,0.194702002029708,0.126562030188225,0.15598998895057
GTTACCCGTGTCTTCC-1,0.338474924853662,0.438899812416661,0.36886421717537,0.59418626610689,0.221596863262254,0.169388319955715,0.110409525527693,0.137305802947402
GTTACCCGTTGCATAC-1,0.220218319886094,0.473116821479422,0.320820676021023,0.765140839955257,0.331900764167717,0.192972137651075,0.153322508870046,0.17368904508966
GTTACCCTCATGCGGC-1,0.476054873776753,0.405213912807648,0.421253435556198,0.60216162819414,0.226954279456958,0.174451056370514,0.171423416922244,0.166939574264148
GTTACCCTCGTTCCTG-1,0.26988270391213,0.475365561506995,0.347678287284826,0.695701439632756,0.286439261029801,0.193075929513793,0.158061218353479,0.173662419958199
GTTACGAAGCCGATAG-1,0.384432842904604,0.64136551630619,0.494858720285453,0.662202013452068,0.233548022465824,0.144720453916413,0.131709663840279,0.137838305576634
GTTACGAAGTCATGAA-1,0.30696996406536,0.511627906976744,0.3874644389797,0.617603904876738,0.256355308551849,0.179894362948611,0.127788802694089,0.150678275223984
GTTACGAAGTTGCCTA-1,0.233247451804642,0.415971704296336,0.30084020444573,0.60529947557273,0.257238399133394,0.199672479010979,0.142618317397318,0.164629844109855
GTTACGACATGGGAAC-1,0.218568490519131,0.32631590842317,0.248860841892087,0.608248471025757,0.312955527558313,0.248754497647384,0.155270912261711,0.194962525127468
GTTACGACATGGGTTT-1,0.342870703098515,0.393687707641196,0.34482135107768,0.574342286851548,0.260040739912162,0.189408617031091,0.150532202778279,0.165055846213241
GTTACGAGTATCGTAC-1,0.171367550342396,0.288968743643637,0.210714113505955,0.59778897976379,0.270861543171355,0.188497555125012,0.142317637861567,0.16228017625837
GTTACGAGTTCCATTT-1,0.247677808664994,0.479964743372432,0.341319494671874,0.713744062059648,0.26666980654429,0.184138296890857,0.183089782909375,0.178441631055553
GTTACGATCACTGCTC-1,0.392738490745135,0.462178226772437,0.406589035151164,0.706901811525778,0.257933097057542,0.193594888827383,0.187383486679897,0.18971071794667
GTTAGACCAATGACCT-1,0.255045539810609,0.400524329333062,0.303058247745793,0.688161889681421,0.291419891909713,0.201852108128056,0.128823140297071,0.162040550075216
GTTAGACCAGGCACTC-1,0.182950256514566,0.280855199222546,0.212697092434544,0.533056350509174,0.266222373982974,0.220638435280007,0.145589031210536,0.175146771037182
GTTAGACGTAGCGCCT-1,0.203900829434764,0.424808461590616,0.287176334442355,0.791739907317286,0.359841750167787,0.222137651074822,0.161200312706717,0.193704487665908
GTTAGACTCGCGATCG-1,0.259735123285194,0.398219088299772,0.302172235884083,0.681029097723608,0.313461832825066,0.23827151951287,0.165157255397198,0.196892847158433
GTTAGTGAGGCGTCCT-1,0.151264492507967,0.272413948968292,0.197140652876224,0.485872423260746,0.203334550035912,0.183100378263677,0.097360033676108,0.135315574370648
GTTAGTGCACTCCGGA-1,0.225405112210997,0.55018419327864,0.362625970393944,0.77180876563476,0.322763720284002,0.175892610019374,0.136869324673763,0.159817351598174
GTTATGGAGAAACCCG-1,0.187379935362849,0.298178407575655,0.221695838757896,0.597527492482241,0.290513252245994,0.220465448842144,0.146695531902099,0.178934195987593
GTTATGGAGAAGATCT-1,0.193199538951793,0.300178543178069,0.224944548917498,0.593663291543792,0.282141553532951,0.213569056185995,0.148367310120873,0.175206677582971
GTTATGGAGGCAGGTT-1,0.20492914773883,0.333785341379077,0.244762283620232,0.613652541511106,0.290525026787081,0.218135898145585,0.152504660532804,0.179240384999401
GTTATGGCAACTGCCG-1,0.167887088390173,0.283646348905011,0.209279618110806,0.543559422984732,0.247112293798349,0.19277608635483,0.127367851344038,0.15614973973934
GTTATGGCAGTCGGTC-1,0.181085723325875,0.292302302980993,0.220219152321713,0.48369336258117,0.207396766711017,0.170472368299659,0.116495279331289,0.139222812412636
GTTATGGTCTTAGCTT-1,0.214297014486858,0.413621262458472,0.291648584791938,0.550561471301771,0.225706178101708,0.167139496263493,0.0904804858981298,0.122315853934529
GTTCATTCAGTTTCGA-1,0.20934752638597,0.444866318620471,0.301159650899272,0.780771968563418,0.331794793297931,0.183734661869176,0.141644115701485,0.166200726866089
GTTCATTCATACTGTG-1,0.260198431532081,0.390693154338147,0.29923091759487,0.714877173613028,0.308151514794711,0.20137927853123,0.15853027842925,0.179366854373843
GTTCATTGTACGGTTT-1,0.442572377788325,0.510057179017786,0.459315781860263,0.580777779391897,0.191819048852571,0.131873327797767,0.107017860364424,0.115320100642997
GTTCATTTCCATCGTC-1,0.27966867810247,0.40698804438719,0.317150055451082,0.712175138370353,0.324247312460997,0.231894086170311,0.169390823260569,0.195947654991547
GTTCCGTCACGTTGGC-1,0.18845345447149,0.322462539833209,0.23365398524519,0.551462149715996,0.274299709168835,0.218343481871021,0.112586445366528,0.159564412849288
GTTCCGTCATCCTAAG-1,0.169209211923972,0.331547901552648,0.229284198852404,0.672443598646077,0.29486983244828,0.215840944736599,0.130518972878706,0.16848383188892
GTTCCGTCATCTCATT-1,0.167322078332994,0.260932944606414,0.195597666232702,0.598370062611677,0.327049653239765,0.276743703293662,0.160165975103734,0.21312086478427
GTTCCGTGTATACCCA-1,0.407733857662666,0.514509458268357,0.440854187762187,0.526925926463966,0.183211859317783,0.118807085524495,0.123531180467857,0.11830877164956
GTTCCGTGTGAGACGT-1,0.345763554591272,0.418740253576514,0.3633733545494,0.566671993259439,0.220219241955045,0.174612510379186,0.111636298033556,0.137884899556692
GTTCCGTTCTTCGATT-1,0.174531606662599,0.275114697041607,0.206356381696321,0.561456774699653,0.288488031178985,0.221780145769905,0.130699380600156,0.169861682442057
GTTCGCTGTCTACAAC-1,0.143049246276584,0.237270323411757,0.177111962968321,0.507793773697285,0.259522660104322,0.21637143647938,0.144446448974683,0.176185151164184
GTTCGCTGTGCGGTAA-1,0.214816823739463,0.494598503853369,0.330850089203915,0.737975216816538,0.284331618175182,0.173989759202878,0.126441758373925,0.149087423619154
GTTCGCTGTGTTCAGT-1,0.233213551201211,0.51906343932922,0.351180143690631,0.768888824324128,0.327084976863027,0.182212381215979,0.144470503337543,0.165468535750895
GTTCGCTTCAAGAAAC-1,0.190792596108211,0.337130200917576,0.240940980760885,0.672240219649316,0.325424766569723,0.247151489989851,0.150640447411149,0.193384986088369
GTTCTATAGAGTGTTA-1,0.154722354057902,0.277792844712636,0.199605815130913,0.504510655606723,0.22084329263267,0.185464526247809,0.104335798905526,0.13995500352783
GTTCTATCAACCACAT-1,0.475015255271544,0.451024928243723,0.443753315010367,0.573296337725351,0.195928363692025,0.134744902666298,0.137879607913885,0.132546560698643
GTTCTATCAACCCTCT-1,0.212647185119895,0.375968992248062,0.270450600318241,0.712029867658381,0.306974060685985,0.232978134514254,0.184268446689518,0.205546014883448
GTTCTATCAGATACCT-1,0.157875110176961,0.26824417474631,0.196314913930276,0.567688888243241,0.306632598994454,0.247808838453732,0.152372361537074,0.193218579016734
GTTCTATCATGTGGCC-1,0.222274956494226,0.39906660338554,0.285157191764309,0.71970016125049,0.311048051902177,0.206165236645447,0.154477118287329,0.180178920883422
GTTGAACAGCGAAACC-1,0.197843921621805,0.397224670599137,0.275543661700178,0.660516873193196,0.272227389937477,0.185303072239136,0.150423958145409,0.165089127627568
GTTGAACCAGTAGGAC-1,0.309207403891789,0.623985806947364,0.447972419113747,0.625448523323213,0.263266964170071,0.165767137189778,0.133369414877623,0.143489489729356
GTTGAACCATAGATCC-1,0.154722354057902,0.255158541822044,0.191450889628237,0.484710257564972,0.228579166127,0.188278438970385,0.115112153466835,0.14741669661994
GTTGAACGTGGCGTAA-1,0.205957466042896,0.365764910615409,0.262922513139496,0.642503304908697,0.302664578648047,0.2198888273826,0.122941848577786,0.166154132886031
GTTGAACGTTCCCAAA-1,0.355402626166746,0.493886591181323,0.402171030425768,0.683033833548818,0.276077664873012,0.19121920841406,0.147525407420771,0.167385545216129
GTTGAACTCCGTATGA-1,0.256695369177571,0.522645603091735,0.364614976614109,0.723564362188939,0.296212130132228,0.204239320970569,0.156004570328943,0.178048910366495
GTTGCGGAGAGTCACG-1,0.252299590932719,0.403066874590368,0.302720719417523,0.678864564115229,0.277007853618905,0.194667404742135,0.136508509230862,0.161208514717041
GTTGCGGAGCTAGAGC-1,0.195425678577079,0.285861188329152,0.220942427310864,0.43235469297035,0.237798631798326,0.148779868991604,0.153587106861507,0.156069864344955
GTTGCGGCATACAGCT-1,0.428605329174859,0.465749090333808,0.427021553594677,0.646701628484681,0.233029942657985,0.165513423747578,0.154958205544531,0.156096489476417
GTTGCGGTCAGCTGAT-1,0.316552534635117,0.469455556308902,0.369635710497131,0.629516103258422,0.258910383967785,0.186283328720362,0.132948463527572,0.156429303619687
GTTGCTCAGGAAACGA-1,0.261012046014419,0.313456279521775,0.265616712474083,0.687479117335154,0.317559373123433,0.266352984592675,0.180780564074809,0.21975717880107
GTTGCTCAGGATAATC-1,0.267057653626235,0.490394829027957,0.355586093832875,0.72139982858056,0.304854643290278,0.210305378724975,0.165638342654399,0.183966345833833
GTTGCTCGTCACTCGG-1,0.187312134155988,0.308653694035754,0.224661266213414,0.628048869067507,0.305408046721379,0.233416366823508,0.165313608755788,0.194370115952448
GTTGCTCGTGCATGTT-1,0.286109792754311,0.426853797997604,0.331428709195236,0.651190493484609,0.299061569075345,0.221549497186087,0.156425521678995,0.184791724909142
GTTGCTCTCCAATCTT-1,0.184057676226637,0.287635319908694,0.213088866387,0.61862079986054,0.303006040339578,0.225182212381216,0.1585904143364,0.186142950330817
GTTGCTCTCGTTCTGC-1,0.226004022871607,0.39310009718173,0.284819663436038,0.675043944390371,0.280022136137244,0.192718424208875,0.143135486198809,0.165348722659318
GTTGTAGAGCTGTTCA-1,0.222749564942256,0.376387099690374,0.274205602970249,0.6121417261066,0.300745328450824,0.227211919918812,0.133453605147634,0.173109948480371
GTTGTAGAGTCACTCA-1,0.185944809817615,0.337921214997627,0.241688364916341,0.578279123145983,0.23932932213967,0.17479702924624,0.102940645859643,0.134410319900955
GTTGTAGGTCCCGCAA-1,0.189572174384704,0.413700363866477,0.277526640628767,0.753664453709488,0.29723651520682,0.182639081096042,0.115232425281135,0.14944020661102
GTTGTCCCAGTCCCGA-1,0.221630845029042,0.352735778696861,0.261463908578041,0.658134433516859,0.321586266175276,0.244845004151675,0.161982079499669,0.198836481755129
GTTGTCCGTAGAATAC-1,0.172825276289918,0.289804958528262,0.211015478084768,0.598733239391606,0.308693143684725,0.244937263585202,0.144723074147574,0.188412742787918
GTTGTCCGTATCGGTT-1,0.223506678418876,0.4691956516826,0.322634890785477,0.735113383790694,0.291266822875578,0.174243472645078,0.140621805279933,0.158905440845614
GTTGTCCTCCGCACTT-1,0.222546161321672,0.471591294325039,0.324286368677371,0.640309717157924,0.256378857634024,0.184184426607621,0.105382163689939,0.139668783364618
GTTGTCCTCGTACACA-1,0.205516758198296,0.378986145953398,0.270058826365784,0.70534741490768,0.328686314450894,0.244545160992712,0.186529556798364,0.2105182581839
GTTGTGAAGCCAAGCA-1,0.291771193527245,0.553416050805704,0.399609431505859,0.687769658759098,0.265727843257309,0.163656702647846,0.114655120572494,0.138330870508673
GTTGTGACAACCACAT-1,0.430435961760119,0.455319004678283,0.425412266743816,0.559161497450499,0.187709734013117,0.133706984039118,0.111010884599194,0.118548397832714
GTTGTGAGTAGAAACT-1,0.206194770266911,0.46446086740344,0.309236221611457,0.759882040181879,0.310836110162606,0.179559922502076,0.137013650850923,0.158965347391403
GTTGTGAGTATGCTTG-1,0.162745496869844,0.308868397857482,0.214577607406336,0.648604674811511,0.279551154493754,0.183596272718886,0.129809369174334,0.155217860138184
GTTGTGAGTGACTGTT-1,0.187911044816598,0.41857075055936,0.277821977916004,0.750018158838996,0.299932885115803,0.176549958483255,0.11708461122136,0.146824287444919
GTTGTGATCCACAGCG-1,0.188385653264628,0.33578547698149,0.241483437002748,0.549747955314729,0.232994619034723,0.197492849893902,0.102712129412472,0.14490062169682
GTTGTGATCTCAGGCG-1,0.184939091915836,0.306597057427622,0.224173055595737,0.581939945087671,0.297636849603787,0.226969738905803,0.13955138613266,0.175393053503202
GTTTACTAGAGTATAC-1,0.196747802110878,0.416435012543223,0.282842711799026,0.69259264639656,0.272745469745317,0.185487591106191,0.1168200132299,0.149134017599212
GTTTACTAGGCTATCT-1,0.217800076841368,0.327728433566117,0.248095375861903,0.625187036041664,0.297095220713773,0.222783467109512,0.147922304407962,0.180019170094652
GTTTACTGTCTACATG-1,0.21957420842091,0.327570230750107,0.249240561261392,0.632668477708209,0.300980819272569,0.218793246609466,0.16243911239401,0.185137851618142
GTTTACTGTGTTCGTA-1,0.211822270436414,0.486733563857437,0.322713245575968,0.777997297964757,0.338023525533092,0.197608174185811,0.146563232906368,0.174920457419759
GTTTGGAAGCATGTTC-1,0.470144868578661,0.444199606753,0.438117797386566,0.544227668259802,0.201945154187616,0.136520896761694,0.139154489145469,0.132679686355951
GTTTGGACAAGATGGC-1,0.187425136167424,0.358137274843492,0.246003905684941,0.740619143774424,0.31976121230675,0.210847402896946,0.153442780684347,0.182308931400349
GTTTGGACAAGGTCAG-1,0.230038194679865,0.440402739168757,0.313382998215922,0.669654400976219,0.303312178407847,0.235549866223821,0.156629983763305,0.190196626595844
GTTTGGAGTGACTAAA-1,0.371968721043235,0.471297489095306,0.399488885674333,0.646570884843907,0.25987589633694,0.185787434265154,0.145420650670515,0.16252645872439
GTTTGGAGTTCCGGTG-1,0.283341243474134,0.50426017583113,0.371064178600704,0.716475151444717,0.295482108584818,0.200087646461851,0.162018161043959,0.177110374482474
TAACACGAGGAAGTCC-1,0.175300020340362,0.30510543087667,0.219604368580934,0.591193689440272,0.305455144885728,0.237441184611126,0.157411750556257,0.189757311926728
TAACACGGTATGCGGA-1,0.206296472077203,0.314122991389247,0.236770094990115,0.597353167627874,0.306879864357287,0.249757818986991,0.142678453304468,0.190136720050055
TAACACGGTTCTCCTG-1,0.235541392636789,0.384444143105747,0.284018033656396,0.709734590409228,0.311142248230875,0.212115970107944,0.167586746046064,0.186668796677184
TAACACGGTTGGGATG-1,0.23377856125839,0.412208737315524,0.299267081344327,0.612839025524064,0.261995313732647,0.201448473106375,0.145949846653437,0.167172544164437
TAACACGTCATGGTAC-1,0.230897009966777,0.38195809885416,0.2800822122571,0.714906227755422,0.338612252587455,0.246897776547652,0.169246497083408,0.204620791565158
TAACACGTCGCTTGAA-1,0.180057405021809,0.294268537979976,0.221032836684507,0.52134753112425,0.235490821745222,0.179859765661039,0.115905947441217,0.143143363020355
TAACACGTCTAACGCA-1,0.228636969738061,0.314315094808688,0.247872366073581,0.627889071284338,0.28171767005381,0.209913276132485,0.156257141138974,0.177909128426322
TAACCAGAGGTATCTC-1,0.204657942911384,0.318439668226094,0.238240754134722,0.646352978775949,0.29242072790213,0.2068571823969,0.14728486379217,0.173396168643583
TAACCAGAGTCCGTCG-1,0.210070739259159,0.482462087825163,0.319163170837552,0.776980402980955,0.335751039103251,0.195244026201679,0.141620061338625,0.172331163385119
TAACCAGGTACCCGCA-1,0.194645964698172,0.314394196216693,0.23003158300786,0.677382802853117,0.328945354354814,0.251141710489898,0.164195080882795,0.201865090458884
TAACCAGGTCACCTTC-1,0.227473049020273,0.326395009831175,0.252314479965283,0.568894635152607,0.271108808534187,0.215125934126764,0.14354441036743,0.171485815461214
TAACCAGTCGCGTAGC-1,0.18864555789093,0.345774854792415,0.246058151309128,0.542557055072127,0.233595120630173,0.191692038010887,0.108148415418847,0.145519656003302
TAACCAGTCTGTCGTC-1,0.241259294415441,0.378590638913373,0.285573074883071,0.632261719714688,0.262007088273735,0.189362487314328,0.124096457995069,0.152908129983892
TAACGACCATATGGCT-1,0.196612199697155,0.30696996406536,0.229272144269251,0.602844400540407,0.278244180433068,0.212254359258234,0.153514943772927,0.177869190729129
TAACGACGTAGCCAGA-1,0.442097769340294,0.439329220060117,0.422404648247264,0.642517831979895,0.252540357239577,0.200156841036996,0.198087678152625,0.196719783803933
TAACGACGTCCGAAAG-1,0.241406197030307,0.366996632540059,0.278822508317662,0.590118686171681,0.286203770208056,0.218528000738075,0.13595525888508,0.171292783258117
TAACGACTCGTTGTAG-1,0.20190069383235,0.361459533979705,0.258233280293167,0.665528712756221,0.276925431831294,0.194771196604853,0.119237476697336,0.15330085067295
TAACTTCCATAGAATG-1,0.241349696024589,0.483094899089204,0.338986932831863,0.724988015166262,0.288758845623992,0.198300119937264,0.187551867219917,0.187434269206704
TAACTTCTCTAATTCC-1,0.390388048907271,0.385698465432685,0.366278509089156,0.545506050525154,0.240706943446879,0.181209059876372,0.149473810812436,0.159950477255481
TAAGCACAGCAGCGAT-1,0.48595384997853,0.447374963274346,0.448858430975457,0.594781876025974,0.19556335291832,0.127433342559277,0.128787058752781,0.125158086718053
TAAGCACCACCACTGG-1,0.227258345198545,0.408626573553009,0.293492936014273,0.711826488661621,0.303006040339578,0.200283697758096,0.155391184076012,0.174620924690816
TAAGCACGTGTGAATA-1,0.271894139715687,0.502655547268741,0.363144317469502,0.698795705797754,0.289265150890744,0.203720361656979,0.12831799867701,0.162140394318197
TAAGCACGTTCCATTT-1,0.357041155332565,0.518487129070897,0.41562997251555,0.675741243807836,0.2569558101473,0.166147707353077,0.144963617776174,0.155297735532569
TAAGCACTCCTCAGGG-1,0.181040522521301,0.301805772142744,0.223064033945706,0.522131992968898,0.226918955833696,0.191276870560015,0.12071682001323,0.150997776801523
TAAGCCACAAGAGTGC-1,0.249610143060546,0.441250254254526,0.322671054534934,0.569519299214085,0.214897149383603,0.156495064120306,0.11309158698659,0.130842552285102
TAAGCCACAGTGGTGA-1,0.204205934865641,0.326395009831175,0.240133323689667,0.680099365166989,0.321621589798538,0.232885875080727,0.152444524625654,0.189317997257611
TAAGCCATCAATCTCT-1,0.262966980812258,0.478269713200895,0.347069530835624,0.754434388482938,0.325530737439508,0.213292277885414,0.17738889891154,0.196719783803933
TAAGCCATCATTCGGA-1,0.273363165864352,0.413745564671051,0.320645884565312,0.589653819893371,0.249914634577117,0.185545253252145,0.11310361416802,0.145339936365936
TAAGCGTCATTCTTCA-1,0.157615205550659,0.289228648269939,0.203818891942717,0.608771445588855,0.265527676058826,0.184057569886521,0.123591316375008,0.152562003274891
TAAGCGTGTATCTCGA-1,0.224003887269193,0.389687436436369,0.283355031583008,0.583625085346543,0.258439402324294,0.191876556877941,0.111131156413494,0.144541182422088
TAAGTCGCAATTGTGC-1,0.207302189978982,0.526295568061111,0.341675104874873,0.783546639162079,0.334561810453438,0.181243657163945,0.132936436346142,0.159131754463038
TAAGTCGCACTCTCGT-1,0.263577191674012,0.597475535064524,0.407993394088432,0.720513677237532,0.29353930930542,0.196524125841867,0.142377773768717,0.166500259595032
TAAGTCGCAGATACTC-1,0.190397089068185,0.354521210477546,0.248722214185833,0.660676670976364,0.308021994842751,0.232240059046037,0.159913404293704,0.190742441790806
TAAGTCGGTATGATCC-1,0.377664022419599,0.378466336700793,0.359738897728917,0.585949416738091,0.257403242708615,0.188174647107667,0.167009441337423,0.168217580574304
TAAGTCGGTGCCGTTG-1,0.19868013650643,0.299783036138043,0.229507208640725,0.520098203001293,0.24053032533057,0.199418765568779,0.130771543688737,0.158845534299826
TAAGTCGGTGTACATC-1,0.28165751350374,0.483919813772685,0.357900573798158,0.704272411639089,0.292232335244734,0.20528877202694,0.14324373083168,0.171519096875541
TAAGTCGTCATAGACC-1,0.19274753090605,0.34247519605849,0.24657047109311,0.602815346398013,0.280481343239647,0.211054986622382,0.138853809609718,0.169136147609729
TAATCTCAGTAGGTTA-1,0.16576265057518,0.295432458697765,0.213342012633203,0.543849964408676,0.236515206819814,0.183065780976105,0.111359672860665,0.14315001930322
TAATCTCGTTGTCCCT-1,0.17109634551495,0.293929531945669,0.215192391147114,0.510350538227988,0.22170283413204,0.181209059876372,0.107799627157376,0.139229468695502
TAATCTCTCCCGAAAT-1,0.188182249644044,0.298246208782516,0.220858045228796,0.658860787076717,0.330994124503997,0.249919272995664,0.15113356184978,0.195395183513719
TAATTCCAGTTACGGG-1,0.190171085045314,0.328948855289624,0.236999132070013,0.635021863242152,0.276160086660622,0.205184980164222,0.139900174394131,0.168550394717574
TAATTCCCAACCGACC-1,0.47285691685312,0.452392252582096,0.443530305222045,0.621962026235891,0.217475773881713,0.144016975735769,0.135438090083589,0.139249437544098
TAATTCCTCGCACTCT-1,0.197346712771487,0.293940832146812,0.2229133516563,0.582913258857882,0.290136466931201,0.217328628102223,0.155980515966083,0.180884486867154
TACAACGAGCCTATTG-1,0.494519402445364,0.423237733631659,0.440058585274121,0.5781919607188,0.189687856915777,0.133903035335363,0.13973179385411,0.132952593953433
TACAACGAGCTTTCCC-1,0.18311975953172,0.321185617103984,0.231164713824196,0.63050394409983,0.281741219135984,0.196674047421349,0.126453785555355,0.157753903909901
TACAACGAGTACGTCT-1,0.233044048184058,0.437939295319457,0.308723901827475,0.777459796330462,0.336327991616527,0.199753206015315,0.164423597329966,0.185444040629951
TACAACGAGTTGAATG-1,0.277386037471467,0.417384229439284,0.322249144124596,0.708804857852608,0.292208786162559,0.179248546913922,0.125587828492393,0.15195628153414
TACAACGCAAATGCTC-1,0.335615973964337,0.537799172825276,0.41598558271855,0.581402443453375,0.198577635436659,0.136197988744349,0.119465993144507,0.124505770997244
TACAACGGTAGCCCTG-1,0.236750514159152,0.551472416209009,0.369328318626742,0.639394511672502,0.235149360053692,0.142955992250208,0.0903481869023994,0.112184991413395
TACAACGGTAGTGCGA-1,0.19764051800122,0.355142721540443,0.253959930565601,0.607434955038715,0.25669677024338,0.193767875265246,0.125575801310963,0.156029926647763
TACAACGTCAGAACCT-1,0.475557664926436,0.442255972156304,0.440100776315155,0.589987942530906,0.199201686114284,0.143613340714088,0.14354441036743,0.13735239692746
TACACCCAGAGCTGAC-1,0.213901507446833,0.379833661039166,0.269450069916582,0.737234336185482,0.351528924160181,0.266087738721284,0.185988333634013,0.222393066815767
TACACCCAGAGTCCGA-1,0.180486812665265,0.300641851424955,0.220008197116544,0.581010212531052,0.276442675646717,0.205196512593413,0.131264658127368,0.16327861868818
TACACCCAGTATCCTG-1,0.232083531086853,0.454607092006238,0.317258546699455,0.741839417754986,0.320785597381342,0.203097610480672,0.160562872090925,0.181669928245271
TACACCCGTCGAATTC-1,0.215460935204647,0.436436368567361,0.29990597425141,0.762453331783779,0.313767970893334,0.182004797490543,0.13967165794696,0.16278605375614
TACACCCTCACCATAG-1,0.270187809343006,0.393744208646914,0.306192439365447,0.694205151299446,0.300721779368649,0.202186548574592,0.159552588850803,0.17964641825419
TACACCCTCGCAGATT-1,0.213664203222817,0.333853142585938,0.253321037658518,0.522335371965658,0.223056906357075,0.181059138296891,0.132335077274641,0.150738181769772
TACACCCTCGCCGAAC-1,0.178870883901733,0.304619522227496,0.223901827474806,0.567238549036129,0.25940491469345,0.213511394040041,0.159408262673642,0.182022711237137
TACACCCTCGTGTTCC-1,0.280335389969941,0.48519673650191,0.357635372968803,0.699463951072824,0.28085812855444,0.183100378263677,0.152913584701425,0.169309210964229
TACACCCTCTTACGGA-1,0.24154179944403,0.457443442493276,0.323569120979797,0.751470865958714,0.295470334043731,0.171521819356029,0.132659811173252,0.153467257744585
TACAGGTAGGTGGGTT-1,0.307049065473365,0.45546590729315,0.361776122281691,0.611095776980403,0.251092088685843,0.180597841129255,0.122520897227735,0.153207662712835
TACAGGTCATATGCGT-1,0.373143941962167,0.489988021786788,0.411929215487728,0.556081758356698,0.199590245970163,0.125807270043362,0.105995549942871,0.111146611286393
TACATTCCAGATACTC-1,0.2435306348453,0.44830157976812,0.322056270794156,0.63240699042666,0.235302429087826,0.164613894270689,0.116194599795538,0.137738461333653
TACATTCGTTGGCCTG-1,0.175526024363234,0.282041720342622,0.209225372486619,0.573194648226971,0.265598323305349,0.205715471907002,0.136087557880811,0.165608317691069
TACATTCTCGGTCAGC-1,0.205471557393722,0.377528420005876,0.268395293890737,0.653936109940875,0.318866347184118,0.24869683550143,0.153490889410067,0.195069025653314
TACATTCTCTCTCCGA-1,0.115725359911406,0.32129861911542,0.209924538309465,0.404753257695716,0.180350645833579,0.0926054064028047,0.130410728245836,0.125624026518631
TACCCACCAACCGGAA-1,0.211675367821547,0.400162722896468,0.283861324075413,0.684893298662057,0.310871433785868,0.28610803579666,0.176366588489987,0.229215756752799
TACCCACCAGAGGCTA-1,0.19883833932244,0.370635297308292,0.259951058392401,0.680404433662129,0.324200214296648,0.238940400405941,0.151734920921282,0.190842286033787
TACCCACGTGAATAAC-1,0.277476439080616,0.533267792166701,0.383179034668981,0.721806586574081,0.290890037560786,0.205219577451794,0.167478501413194,0.181363739233462
TACCCACGTGCCTATA-1,0.161299071123466,0.315479015526476,0.221744057090506,0.495489344393277,0.216804625039739,0.180482516837347,0.140212881111312,0.171106407337886
TACCCACTCGCAGTCG-1,0.19135760616539,0.339819648789748,0.246998408795024,0.541147929166001,0.229332736756585,0.174208875357505,0.108653557038908,0.137631960807806
TACCCACTCTCAACCC-1,0.469500757113477,0.431396478857324,0.4316866772747,0.511280270784607,0.174851935145828,0.13960005535566,0.128835167478501,0.128905573971271
TACCCGTCAGGTGTGA-1,0.219076999570592,0.515910683210161,0.34261536236077,0.808562255763616,0.350422117297978,0.183515545714549,0.145336460400505,0.170261059413981
TACCCGTCATGGCCCA-1,0.174362103645445,0.284313060772482,0.212437918896765,0.509943780234467,0.2637026221903,0.215702555586309,0.140934511997113,0.170567248425789
TACCCGTCATTATGCG-1,0.208782516328791,0.433351413655163,0.295771252230098,0.784912183854613,0.361961167563494,0.240197435187748,0.175669011967046,0.211769639362594
TACCCGTCATTGGCAT-1,0.282120821750627,0.697278911564626,0.470454216693187,0.722954225198658,0.279786645315499,0.15459221330381,0.142221420410127,0.14868804664723
TACCCGTGTCCCAAAT-1,0.20707618595611,0.30955771012724,0.234895607309899,0.596583232854424,0.304360112564613,0.245398560752837,0.143183594924529,0.186455795625491
TACCCGTTCCTAAGTG-1,0.447510565688069,0.408163265306122,0.40783668450745,0.516263056205238,0.210517020099142,0.153427437955531,0.148235011125143,0.145839157580841
TACCCGTTCGAGAACG-1,0.277792844712636,0.44113725224309,0.333526206663774,0.725162340020628,0.300839524779522,0.201275486668512,0.16613145709303,0.182688339523676
TACCGAAAGGTACAGC-1,0.226727235744796,0.308111284380862,0.241983702203578,0.614001191219838,0.306891638898374,0.245548482332318,0.171471525647964,0.201086305363633
TACCGAACAGTGAGCA-1,0.334372951838543,0.456155219562908,0.37392111480785,0.546217877013815,0.209045202463234,0.157014023433896,0.121570749894762,0.133777973028742
TACCGAAGTGTTGCCG-1,0.234558275137297,0.420695188374353,0.303654949611842,0.610456585847727,0.245440308963958,0.186698496171234,0.122292380780564,0.149812958451482
TACCGAATCATTGGTG-1,0.243745338667028,0.539731507220829,0.372366073581176,0.734256286590061,0.327438213095645,0.236691576713719,0.15088099103975,0.189850499886843
TACCGAATCCGTACGG-1,0.175424322552941,0.302845390647954,0.219049857755919,0.64105059778898,0.30020369956081,0.216463695912907,0.124168621083649,0.165521786013818
TACCGAATCCTAGCTC-1,0.21379980563654,0.453171966461003,0.30644558561165,0.812571727414036,0.355861955280293,0.187482701356214,0.149233267183835,0.174101734627315
TACCGGGGTACTGTTG-1,0.213392998395371,0.475930571564174,0.318301268142148,0.811438615860656,0.359900622873223,0.194356029153981,0.154970232725961,0.180837892887096
TACCGGGGTTGTAAAG-1,0.250988767600063,0.362657355300924,0.281486571194368,0.588985574618301,0.282082680827515,0.220350124550235,0.13567863371219,0.172703915225581
TACCGGGTCTACGGGC-1,0.14897055167582,0.257780188487355,0.187695886976228,0.526054302192135,0.239211576728797,0.18078235999631,0.123218473750677,0.14985955243154
TACCTCGAGGAACTAT-1,0.181854137003639,0.344136325626596,0.24156179179324,0.614771125993289,0.283613371168859,0.211862256665744,0.140862348908533,0.170866781154732
TACCTCGCACGTCTCT-1,0.158632223653581,0.243756638868172,0.192342928781523,0.495387654894897,0.209433762319114,0.145135621367285,0.186024415178303,0.171206251580867
TACCTCGGTAAGGCCA-1,0.258062693515945,0.416966121996972,0.311803847822942,0.619768438485117,0.283260134936241,0.214272534366639,0.152612905165674,0.178221973720995
TACCTCGGTCTAGTGT-1,0.4292381404389,0.441713562501413,0.417070495202276,0.65560672312855,0.269307303747836,0.225251406956361,0.199290396295628,0.209000625690589
TACCTCGTCCGGCAGT-1,0.213619002418243,0.316349131014532,0.241718501374222,0.594244374391679,0.308269260205583,0.243391918073623,0.159083528775032,0.193877551020408
TACCTCGTCTTCACGC-1,0.211856171039844,0.430515063168124,0.2963800086793,0.714339671978732,0.308551849191678,0.205634744902666,0.148391364483733,0.175046926794201
TACCTGCAGACTTCCA-1,0.255881754695234,0.693967952629557,0.45450600318241,0.682278425846565,0.231864263090346,0.135805886151859,0.125443502315232,0.126975251940306
TACCTGCAGCTCGGCT-1,0.164463127443669,0.26152055506588,0.196857370172139,0.508113369263623,0.240035794604905,0.186767690746379,0.11306753262373,0.145832501297975
TACCTGCCAGACTCTA-1,0.479524035527832,0.439962031324158,0.441083224842085,0.578555137498729,0.188074744786822,0.136636221053603,0.134367670936316,0.129251700680272
TACCTGCGTTGCGTAT-1,0.19470246570389,0.321050014690262,0.235612855007474,0.644217499309964,0.312225506010903,0.22952993818618,0.152456551807084,0.184671911817565
TACCTGCTCAGGACAG-1,0.20294031233756,0.373200442967885,0.264435363325136,0.669378386623473,0.28369579295647,0.198334717224836,0.119249503878766,0.155018171652223
TACGCTCCACTTGACA-1,0.245587271453432,0.55472687413836,0.376814214764453,0.764007728401877,0.320291066655677,0.189293292739183,0.157062962294786,0.175313178108817
TACGCTCGTCGATTTG-1,0.211313761384953,0.442109069541438,0.300460485076426,0.787033136249401,0.337081562246111,0.184299750899529,0.144049551987492,0.167924704128227
TACGGGCAGGCGTTAG-1,0.222862566953692,0.526521572083983,0.349438256425093,0.760041837965048,0.31757114766452,0.198726819817326,0.129797341992904,0.162965773393506
TACGGGCAGTACAGCG-1,0.214771622934888,0.52392252582096,0.343905202758089,0.805918328805729,0.346666038691142,0.185383799243473,0.143123459017379,0.169282585832768
TACGGGCCATCGAAGG-1,0.2252243089927,0.354182204443239,0.265484112059405,0.621439051672792,0.291549411861673,0.214630039671556,0.146166335919177,0.175266584128759
TACGGTAAGCGGTATG-1,0.498078965805591,0.496869844283228,0.481044167992671,0.492990688147363,0.172591223257074,0.113340714088015,0.113837272235252,0.106839996272482
TACGGTAAGGCCTAAG-1,0.379765859832305,0.472551811422243,0.406004387868268,0.641849586704824,0.231569899563165,0.162964756896393,0.122689277767755,0.140054847770811
TACGGTACACTGCACG-1,0.341751983185301,0.477456098718557,0.386940064612566,0.618068771155047,0.247536177277491,0.177703201402343,0.130855733958747,0.151370528641985
TACGGTAGTGATACAA-1,0.172079463014442,0.328496847243881,0.229868846135301,0.593038627482313,0.243309117027164,0.17792231755697,0.101076432737988,0.13542873117936
TACGTCCAGGATTACA-1,0.249994349899428,0.396987366375121,0.29666931867496,0.714470415619507,0.323894076228379,0.241754313128517,0.176282398219977,0.203655630549676
TACGTCCCACGCTATA-1,0.386218274685289,0.479173729292381,0.413381792757606,0.577712567369293,0.20282824476916,0.136048067164868,0.117337182031391,0.121876539265413
TACGTCCGTTGCATAC-1,0.212477682102741,0.35664564829254,0.259607502772554,0.678021993985793,0.311118699148701,0.221803210628287,0.146310662096338,0.180318702823595
TACGTCCTCGTAGCCG-1,0.195708183605668,0.289465952493954,0.222153912917691,0.554396618097825,0.269083587467178,0.206626533813082,0.137951771002466,0.166087570057377
TACGTCCTCTCGCGTT-1,0.217822677243655,0.559823264854114,0.365085105357057,0.772506065052225,0.313108596592448,0.166724328812621,0.126393649648205,0.147290227245497
TACTGCCCAGCAGACA-1,0.254650032770583,0.583384184238479,0.395908674478037,0.737060011331116,0.289877427027282,0.176238582895101,0.146346743640628,0.16135495294008
TACTGCCTCTTTGCAT-1,0.454369787782223,0.494801907473953,0.455271469212595,0.616732280604907,0.215580072766664,0.13817003413599,0.131649527933129,0.132353528495547
TACTTACAGTTCCGTA-1,0.182396546658531,0.357154157344001,0.246841699214041,0.648837107950666,0.277902718741537,0.19421764000369,0.14733297251789,0.166753198343917
TACTTACCAATTGCTG-1,0.411768029470925,0.47345582751373,0.423326823858431,0.611182939407586,0.206478352506211,0.136105729310822,0.112357928919358,0.121896508114009
TACTTACCATGGTGGA-1,0.236388907722557,0.382398806698759,0.284879936351801,0.631578947368421,0.269837158096763,0.194932650613525,0.148018521859402,0.168304112251554
TACTTACGTAGGTCAG-1,0.190261486654462,0.309693312540963,0.2307066396644,0.536252306172553,0.253105535211765,0.206776455392564,0.107210295267304,0.15153693571362
TACTTACGTTTGGAGG-1,0.360713720704229,0.48519673650191,0.400851053570568,0.542571582143324,0.183211859317783,0.138850447458253,0.12461362679656,0.1277074430555
TACTTACTCGAAGTGG-1,0.247248401021538,0.46708251406875,0.332447321471624,0.698548745587402,0.298060733082928,0.225458990681797,0.178086475434482,0.195601528282546
TACTTACTCGTCTCAC-1,0.228535267927769,0.341107871720117,0.26335045084141,0.728794107819922,0.37032109173545,0.255362579573761,0.184496963136689,0.214052744385425
TACTTACTCTTTCCGG-1,0.174701109679752,0.317072343887721,0.22713245575968,0.563795633162398,0.26060591788435,0.199753206015315,0.12848637921703,0.159724163638058
TACTTCAAGCGCCCAT-1,0.165819151580898,0.265362623454697,0.196893533921597,0.573223702369365,0.291914422635378,0.230959959405849,0.149618136989597,0.18342053063887
TACTTCACATCGGAGA-1,0.249666644066264,0.474506746220083,0.336256569747818,0.704461263564653,0.296518268200497,0.206442014946028,0.147513380239341,0.174567674427892
TACTTCACATTAGGCT-1,0.221551743621036,0.341763283386444,0.257510005304017,0.668332437497276,0.306361784549447,0.222114586216441,0.145156052679055,0.179519948879748
TACTTCAGTGGACCTC-1,0.217980880059665,0.457838949533302,0.313443271131684,0.716969071865421,0.276831235502596,0.17856813359166,0.11691623068134,0.14624519083563
TACTTCATCGGTGAAG-1,0.199618053201347,0.38641037810473,0.269046241380973,0.690515275215364,0.283813538367342,0.195751453086078,0.113729027602381,0.151836468442563
TACTTGTAGACCTCAT-1,0.172486270255611,0.325581395348837,0.228175177202372,0.605924139634208,0.271038161287664,0.203143740197435,0.129689097360034,0.162067175206678
TACTTGTAGCGATGCA-1,0.211720568626122,0.555969896264153,0.359353151068036,0.791725380246089,0.340331335586196,0.178891041609005,0.139262733778339,0.162253551126909
TACTTGTAGGTAAGTT-1,0.328417745835876,0.550195493479784,0.417371859781089,0.669465549050656,0.230121631009431,0.147119199188117,0.11701244813278,0.130236830544351
TACTTGTCACGCAAAG-1,0.288313331977309,0.502881551291613,0.372661410868412,0.726164707933234,0.305078359570936,0.198346249654027,0.160322328462325,0.178628006975784
TACTTGTCATGGTACT-1,0.224772300946957,0.450855425226569,0.310495925550894,0.734851896509145,0.342285909406681,0.228007657532983,0.160550844909495,0.192353262244232
TACTTGTCATTCGGGC-1,0.182825954301987,0.312676565642868,0.22811490428661,0.544285776544591,0.2421669865417,0.200018451886705,0.110986830236334,0.149846239865809
TACTTGTGTTAAGCAA-1,0.228196261893462,0.497830361380433,0.336642316408699,0.772331740197859,0.327732576622826,0.177449487960144,0.146863912442119,0.16647363446357
TACTTGTTCAAGTAAG-1,0.174260401835153,0.29778290053563,0.216699214041178,0.584031843340064,0.279880841644197,0.218770181751084,0.116014192074087,0.161581266557504
TACTTGTTCATCCCGT-1,0.204601441905666,0.32798833819242,0.242942041564203,0.624925548760115,0.291667157272545,0.217766860411477,0.160827470082386,0.184305816259968
TAGACCAAGGTGGCTA-1,0.203968630641625,0.448640585802427,0.299110371763344,0.792727748158694,0.349374183141212,0.204446904696005,0.149004750736665,0.180698110946923
TAGACCAAGTCTCCTC-1,0.204533640698804,0.50227134042986,0.328143835286176,0.793279776864186,0.338659350751804,0.181243657163945,0.131517228937399,0.158772315188306
TAGACCACACTCATAG-1,0.230795308156485,0.363753474811852,0.27174044071556,0.658468556154394,0.289995172438154,0.202324937724882,0.130927897047327,0.164423499341028
TAGACCAGTTCTAACG-1,0.247384003435261,0.434074626528352,0.315215294855104,0.7638915118323,0.320915117333302,0.206292093366547,0.174634674364063,0.191115193631269
TAGACTGAGAGAGCAA-1,0.179142088729179,0.295816665536647,0.216379767587637,0.564260499440708,0.288629325672032,0.234396623304733,0.124132539539359,0.174061796930122
TAGACTGAGATTGCGG-1,0.178791782493728,0.304721224037788,0.22241308645547,0.582027107514854,0.295941315687221,0.225701171694806,0.155824162607493,0.183387249224543
TAGACTGAGCAGTCTT-1,0.23835514272154,0.5091531629263,0.349914412459617,0.597876142190973,0.22084329263267,0.168892425500507,0.112369956100788,0.135575169402399
TAGACTGAGGTTCTTG-1,0.2868330056275,0.466246299184125,0.354187762187184,0.627424205006029,0.246570664908335,0.178475874158133,0.150616393048289,0.161980643529427
TAGACTGAGTTGTAGA-1,0.202646507107827,0.441781363708274,0.295946043685809,0.793366939291369,0.360618869879546,0.213430667035704,0.148439473209453,0.18191621071129
TAGACTGGTCGTACAT-1,0.213087892964495,0.481298167107374,0.323213510776797,0.704533898920639,0.267258533598653,0.166931912538057,0.088676408683625,0.12468549063461
TAGACTGGTTCTTAGG-1,0.208613013311637,0.32281284606866,0.244491055499301,0.556575678777402,0.266622708379941,0.207422271427253,0.137747308918155,0.166819761172571
TAGACTGTCGGCCTTT-1,0.144744276448121,0.257621985671345,0.186381937412604,0.510336011156791,0.231110692460761,0.185314604668327,0.11697636658849,0.148315294806768
TAGACTGTCTTCCAGC-1,0.209810834632856,0.513820145998599,0.336238487873089,0.74506442756076,0.297460231487478,0.186364055724698,0.131866017198869,0.158412875913575
TAGAGTCAGATCGGTG-1,0.335299568332316,0.411417723235474,0.355296783837215,0.653224283452213,0.293292043942587,0.210962727188855,0.170810030669313,0.183966345833833
TAGAGTCAGGTGCAGT-1,0.202929012136416,0.45060682080141,0.299918028834563,0.801211557737844,0.345111799267624,0.192787618784021,0.144662938240423,0.173376199794986
TAGAGTCCAGAGCTAG-1,0.193143037946075,0.371595814405496,0.257395486764068,0.695483533564798,0.31976121230675,0.236564719992619,0.136436346142282,0.181610021699482
TAGAGTCGTTCTGACA-1,0.350407937261283,0.46035889438832,0.385125849848112,0.584830832255909,0.260947379575881,0.183838453731894,0.136292019965121,0.155757019050282
TAGATCGCAAGAGGTC-1,0.234829479964743,0.422345017741316,0.30541491875211,0.634121184827927,0.292927033168882,0.21403035335363,0.142666426123038,0.172450976476696
TAGATCGCACCGCTGA-1,0.379822360838023,0.478258412999751,0.408475577414533,0.552144922062263,0.200320267517574,0.139046498754498,0.121678994527632,0.126402811613882
TAGATCGGTAACCAGG-1,0.189470472574412,0.341469478156711,0.239470321616279,0.72700727806267,0.323752781735332,0.220488513700526,0.152865475975705,0.186096356350759
TAGATCGGTAGCACAG-1,0.214432616900581,0.375392681989739,0.271095520516901,0.630053604892718,0.311683877120889,0.241016237660301,0.140212881111312,0.186149606613683
TAGCACAAGGCATCGA-1,0.205629760209732,0.416841819784392,0.288544529630165,0.56213954704592,0.226459748731293,0.161096503367469,0.0861867821276084,0.117403517179866
TAGCACACATAGTCAC-1,0.205968766244039,0.311682147942233,0.234775061478374,0.63677963885701,0.300768877532998,0.216382968908571,0.160647062360936,0.183274092415831
TAGCACAGTGGACCAA-1,0.178577078672,0.293432323095351,0.212498191812527,0.684748027950085,0.355108384650708,0.280168834763355,0.172818569968128,0.22192712701519
TAGCACATCAGCCTTC-1,0.170633037268063,0.282290324767781,0.206718019190896,0.602568386187661,0.315239788529242,0.243795553095304,0.156798364303326,0.192805889479079
TAGGAGGAGAGTGGCT-1,0.166937871494113,0.318462268628382,0.224456338299822,0.575664250330491,0.255389796182694,0.193802472552819,0.11690420349991,0.151197465287485
TAGGAGGAGGTAAACT-1,0.178780482292585,0.305331434899541,0.217970972563769,0.656391184973198,0.306314686385098,0.235826644524403,0.167249984966023,0.195674747394065
TAGGAGGGTACAGAAT-1,0.248785228377065,0.53781047302642,0.369545301123487,0.68384734953586,0.292715091429312,0.17622705046591,0.117252991761381,0.147110507608131
TAGGAGGTCCAGCAAT-1,0.264628110380365,0.426932899405609,0.321073822267226,0.653471243662565,0.254836392751593,0.173782175477443,0.12848637921703,0.147656322803094
TAGGAGGTCTCAACGA-1,0.180633715280132,0.28225642416435,0.214179806162303,0.5092610078882,0.246029036018321,0.204262385828951,0.123795778459318,0.1575808405554
TAGGGTTAGAGAGTGA-1,0.231880127466269,0.35727845955658,0.272783162158253,0.558725685314584,0.244627865628937,0.185683642402436,0.103554032112574,0.138018025214
TAGGGTTCACCGCTAG-1,0.202985513142134,0.397970483874613,0.275543661700178,0.712334936153522,0.333902436152551,0.244256850262939,0.152997774971435,0.195435121210911
TAGGGTTCACCGTACG-1,0.21575474043438,0.571055664790833,0.36950913737403,0.773087147900112,0.312343251421776,0.166655134237476,0.126634193276806,0.146904162839304
TAGGGTTGTCTACACA-1,0.196069790042263,0.321728026758876,0.240259896812768,0.523236050379883,0.236809570346996,0.200410554479196,0.133321306151903,0.159664257092269
TAGGGTTGTCTTTATC-1,0.480608854837616,0.446696951205731,0.444609190414195,0.598529860394846,0.208162111881689,0.144063105452533,0.137578928378135,0.138723591197732
TAGGTACCACACTTAG-1,0.197900422627523,0.46430266458743,0.305529437292058,0.794950390051862,0.334232123302994,0.182073992065689,0.131036141680197,0.158466126176498
TAGGTACGTCAAGGCA-1,0.22017311908152,0.377969127850476,0.276803365639616,0.531458372677485,0.212012386817224,0.163887351231663,0.115713512538337,0.135768201605495
TAGGTACGTGCTCTTC-1,0.177108052523335,0.303331299297127,0.220785717729881,0.591368014294638,0.293951418243474,0.219358335639819,0.128750977208491,0.167938016693957
TAGGTACTCATTTGCT-1,0.186905326914819,0.318959477478699,0.232828246299243,0.566686520330636,0.263078571512675,0.203420518498016,0.12837813458416,0.160056977781328
TAGGTACTCGAACGGA-1,0.184261079847221,0.359470698578435,0.250427937701914,0.642939117044613,0.316016908241001,0.232816680505582,0.134054964219135,0.179060665362035
TAGGTTGAGGATTTCC-1,0.247169299613533,0.369821682825954,0.282004918269926,0.622717433938144,0.305843704741608,0.234696466463696,0.158217571712069,0.190682535245018
TAGGTTGGTACAACGG-1,0.345142043528375,0.460121590164305,0.379779642219972,0.609163676511179,0.243203146157379,0.181681889473199,0.136388237416561,0.155563986847185
TAGGTTGGTCGTAATC-1,0.4350464438267,0.432153592333944,0.415431071893534,0.648677310167497,0.257674057153622,0.201321616385275,0.201659751037344,0.200014643822304
TAGGTTGGTGGCCCAT-1,0.416039505503198,0.507333830542184,0.44484425478567,0.54778680070311,0.198342144614914,0.142125657348464,0.108773828853208,0.118634929509964
TAGGTTGTCAAGTAAG-1,0.274538386783285,0.565134359391597,0.400115723998264,0.645452300361724,0.29379834920934,0.208252606328997,0.146683504720669,0.171512440592675
TAGGTTGTCTAGCCTC-1,0.41475128257283,0.452991163242706,0.414490814407638,0.571727414036056,0.208444700867784,0.160554479195498,0.117902459558602,0.134383694769493
TAGGTTGTCTGTACAG-1,0.20496304834226,0.450245214364816,0.301268142147645,0.791536528320525,0.360618869879546,0.21637143647938,0.148752179926634,0.183373936658812
TAGTGCAAGAAACTCA-1,0.30649535561733,0.583655389065925,0.423549833646752,0.699812600781556,0.27208609544443,0.181347449026663,0.149052859462385,0.162013924943754
TAGTGCAAGACAGTCG-1,0.302777589441092,0.507842339593645,0.382178504267322,0.625695483533565,0.226589268683253,0.135875080727004,0.0976967947561489,0.112011928058895
TAGTGCACAAGACGAC-1,0.219054399168305,0.530239338260221,0.349130864554704,0.789996658773625,0.340284237421846,0.181762616477535,0.142233447591557,0.165748099631242
TAGTGCACACGTACAT-1,0.284878070829661,0.436199064343345,0.334870292685279,0.724101863823235,0.29929705989709,0.192949072792693,0.160093812015154,0.176464715044531
TAGTGCAGTCGAAGCA-1,0.206420774289782,0.372861436933577,0.263103331886783,0.708877493208594,0.325648482850381,0.250599686317926,0.170677731673582,0.206191674321392
TAGTGCAGTGGCATCC-1,0.253938120098538,0.575361041426537,0.391418342253725,0.655112802707846,0.2322763720284,0.162376603007658,0.123182392206386,0.137705179919326
TAGTGCATCCAAGCCG-1,0.196431396478857,0.324372273826474,0.237125705193114,0.656856051251507,0.325271697535589,0.259594981086816,0.159312045222202,0.203928538147157
TATACCTCAGGACGAT-1,0.26259407417452,0.406581237146021,0.307590771011138,0.73204817176809,0.324506352364917,0.234454285450687,0.172902760238138,0.200007987539438
TATACCTCAGGTTCGC-1,0.428718331186295,0.473421926910299,0.430812719996143,0.626189403954269,0.233442051596039,0.167312482701356,0.145168079860485,0.152322377091737
TATATCCTCAAATGCC-1,0.335480371550614,0.502327841435578,0.396631949467187,0.690457166930575,0.266775777414075,0.178487406587324,0.15465752600878,0.166120851471704
TATATCCTCAAGTGGG-1,0.192295522860307,0.391303365199901,0.267298326823858,0.726077545506051,0.302122949758033,0.193352707814374,0.132467376270371,0.1616012354061
TATCAGGAGACCGTTT-1,0.192318123262594,0.341910186001311,0.246323352138483,0.619536005345962,0.296730209940068,0.218101300858013,0.149750435985327,0.177842565597668
TATCAGGAGCGTCTGC-1,0.197064207742898,0.395450539019595,0.271631949467187,0.685779450005084,0.310812561080432,0.226658363317649,0.156497684767575,0.187168017892088
TATCAGGAGCTGTTAC-1,0.204070332451918,0.40117974099939,0.280208785380202,0.639365457530107,0.258957482132134,0.180874619429837,0.126237296289615,0.150565118415272
TATCAGGCAGGAGGTT-1,0.339322439939431,0.435848758107894,0.365808380346208,0.614015718291035,0.259758150926068,0.200191438324569,0.136520536412292,0.163757871054488
TATCAGGTCCTTATAC-1,0.355108820937013,0.4995592921554,0.409934181975987,0.663872626639743,0.273287098635331,0.230729310822032,0.167394311143184,0.197358786959011
TATCAGGTCTGGCTGG-1,0.16497163649513,0.276335118765114,0.200980037610299,0.603904876737801,0.306126293727702,0.246644063105453,0.164002645979915,0.199848236750669
TATCCTAAGTCCTGCG-1,0.289872759735123,0.610222161954483,0.429980953758619,0.621627903598356,0.256767417489903,0.152089676169388,0.122749413674905,0.130962365376679
TATCCTACAGCTGTCG-1,0.203301918774154,0.267487061269691,0.218899175466512,0.439327687144995,0.232488313767971,0.151801365439616,0.160105839196584,0.161341640374349
TATCCTAGTCCACAGC-1,0.48153547133139,0.4171808258187,0.430981484160278,0.584990630039078,0.211423659762861,0.160785127779315,0.161200312706717,0.154831795731991
TATCCTATCAGTGTGT-1,0.438425203968631,0.471557393721608,0.437002748444959,0.532300942806921,0.182269896030802,0.127940769443676,0.114366468218173,0.117277047805424
TATCCTATCGCAGATT-1,0.164802133477976,0.284832870025086,0.203939437774242,0.60540116507111,0.293621731093031,0.220765292001107,0.156690119670455,0.184126096622602
TATCGCCAGAAGGTAG-1,0.249734445273126,0.426345288946143,0.313147933844448,0.718886645263448,0.290160016013376,0.196420333979149,0.129821396355764,0.160050321498462
TATCTGTAGCCTCGTG-1,0.205415056388004,0.441464958076254,0.298121895944838,0.756613449162514,0.321715786127236,0.206718793246609,0.130615190330146,0.166347165089128
TATCTGTGTCGCAACC-1,0.17368409157683,0.28898004384478,0.210225902888278,0.62186033673751,0.315157366741631,0.248443122059231,0.148439473209453,0.192579575861656
TATCTGTTCATGAGTC-1,0.331276696725202,0.372228625669537,0.327426587588601,0.723782268256897,0.306244039138575,0.229299289602362,0.188020927295688,0.203928538147157
TATCTGTTCGTCTAAG-1,0.211166858770086,0.439668226094424,0.302714692125946,0.697517323532403,0.309764626923666,0.265822492849894,0.172157074989476,0.216928258583277
TATCTTGAGATCACCT-1,0.303625104526861,0.418186543720478,0.337269154732629,0.64125397678574,0.284649530784538,0.213338407602177,0.14342413855313,0.175113489622855
TATCTTGAGTGCGCTC-1,0.183741270594617,0.333446335344769,0.234618351897391,0.700161250490289,0.32483603951536,0.235203893348095,0.139310842504059,0.183487093467524
TATCTTGCAACTTCTT-1,0.189877279815581,0.274481885777567,0.209147017696128,0.616078562401034,0.31606400640535,0.247462865578005,0.172060857538036,0.203369410386464
TATCTTGGTCGCACAC-1,0.189176667344679,0.299760435735756,0.222997733738367,0.591280851867455,0.284131450976698,0.215633361011163,0.149100968188105,0.176411464781607
TATCTTGGTGAGCTCC-1,0.458550862205347,0.472710014238253,0.447592699744443,0.53312898586516,0.180103380470746,0.130662422732724,0.119490047507367,0.120332281640641
TATGTTCCATAGGTAA-1,0.361210929554546,0.41809614211133,0.36857490717971,0.709734590409228,0.29216168799821,0.198392379370791,0.168212159480426,0.183287404981562
TATGTTCTCCCGATCT-1,0.217720975433363,0.564874454765295,0.366766719706833,0.791594636605314,0.334161476056471,0.174970015684104,0.140429370377052,0.161734361063408
TATTCCACACTACTTT-1,0.184972992519267,0.291590390308948,0.218447128598293,0.589755509391751,0.304560279763096,0.232240059046037,0.151867219917012,0.184572067574584
TATTCCACATTGAAAG-1,0.218161683277962,0.413225755418446,0.291823376247649,0.761509072155963,0.342839312837782,0.259456591936525,0.192675446509111,0.225202018184965
TATTCCAGTAGGGTAC-1,0.179401993355482,0.296020069157231,0.217543034861854,0.539462788907128,0.27724334444065,0.224213488329182,0.119345721330206,0.165867912722819
TATTCCAGTCGCATTA-1,0.214274414084571,0.586649942368974,0.37677202372342,0.782951029242994,0.329063099765687,0.172156102961528,0.132671838354682,0.153753477907797
TATTCCAGTGGGTATG-1,0.222116753678215,0.351481456369923,0.260481460051111,0.686157153856211,0.309693979677142,0.214364793800166,0.140417343195622,0.174827269459643
TATTGCTAGCTACTGT-1,0.4446403145976,0.45148823649061,0.428058247745793,0.640614785653065,0.229733071153552,0.149852384906357,0.137975825365326,0.143176644434682
TATTGCTAGGTGCATG-1,0.16683616968382,0.303625104526861,0.215873475095231,0.593866670540552,0.27320467684772,0.214606974813175,0.151566540381262,0.178321817963976
TATTGCTAGTCGCCCA-1,0.178000768413678,0.303715506136009,0.219212594628478,0.619870127983497,0.312260829634165,0.234108312574961,0.134355643754886,0.179746262497171
TATTGCTCACTCTCGT-1,0.293534024905643,0.406852441973467,0.326432084478519,0.670119267254529,0.270920415876791,0.18677922317557,0.145829574839136,0.164157248026412
TATTGCTGTACAAACA-1,0.21288448934391,0.363821276018713,0.266792034331453,0.722213344567602,0.313638450941375,0.24505258787711,0.190426363581695,0.214611872146119
TATTGCTGTATGTCTG-1,0.146800913056252,0.246615589757498,0.182144751434495,0.555268242369656,0.277255118981738,0.21337300488975,0.1360033676108,0.170946656549117
TATTGCTGTGAGGCAT-1,0.429724049088074,0.432097091328226,0.413912194416317,0.484811947063353,0.173921746399934,0.129889749976935,0.115232425281135,0.114354939627514
TATTGCTTCGAATGCT-1,0.17579722919068,0.287217212466382,0.211997926611698,0.592530179990412,0.290348408670772,0.223210166989575,0.147970413133682,0.180045795226114
TATTGGGAGCATCTTG-1,0.236388907722557,0.452505254593532,0.318560441679927,0.663073637723898,0.285085188804766,0.201529200110711,0.133140898430453,0.163338525233968
TATTGGGAGGTCTACT-1,0.197075507944041,0.365844012023414,0.258383962582574,0.679808823743045,0.292938807709969,0.210812805609374,0.127752721149799,0.164596562695528
TATTGGGCAGGTGACA-1,0.17308518091622,0.317241846904875,0.225270022662616,0.592544707061609,0.270319914281341,0.201875172986438,0.125768236213843,0.159790726466712
TATTGGGGTAGTTACC-1,0.478281013402039,0.424763260786042,0.433295964125561,0.599169051527522,0.23365399333561,0.172282959682628,0.135125383366408,0.151849781008294
TATTGGGTCTTCGGAA-1,0.203268018170723,0.410468506339413,0.280009884758185,0.751717826169066,0.32246935675682,0.206234431220592,0.139912201575561,0.172297881970792
TATTTCGAGTCACGAG-1,0.215720839830949,0.326779216670057,0.248734268768986,0.616499847465752,0.294881606989368,0.216555955346434,0.162944254014072,0.183826563893659
TATTTCGCACAGCGCT-1,0.483479105928086,0.443498994282098,0.445013018949805,0.581809201446896,0.193231993783042,0.137270504659101,0.139936255938421,0.132859405993317
TATTTCGCAGTCAACT-1,0.21057924831062,0.48260899044003,0.320525338733787,0.820256548077342,0.3616785785774,0.189374019743519,0.147741896686512,0.174474486467777
TATTTCGGTGCCGGTT-1,0.179153388930323,0.296957985852148,0.216560586334925,0.552333773987826,0.281387982903366,0.22197619706615,0.150075169883938,0.178022285235033
TATTTCGGTTGTGTAC-1,0.224342893303501,0.342893303500802,0.258896282366556,0.643447564536514,0.317806638486265,0.2501268567211,0.161212339888147,0.199116045635475
TATTTCGTCGTTCAGA-1,0.229608787036409,0.436978778222252,0.307590771011138,0.692941296105292,0.317936158438225,0.27411430943814,0.187179024595586,0.227019183407218
TATTTCGTCTCGCTTG-1,0.172893077496779,0.296234772978959,0.212353536814697,0.626479945378212,0.306844540734025,0.241027770089492,0.158698658969271,0.195235432724949
TCAAGACCAGTAGAGC-1,0.237688430854069,0.44726196126291,0.31630020733883,0.681305112076354,0.310565295717599,0.237418119752745,0.159420289855072,0.193078797076561
TCAAGACCATTCAGCA-1,0.21376590503311,0.467387619499627,0.316041033801051,0.688307160393393,0.253117309752852,0.169353722668143,0.112177521197907,0.138856716855039
TCAAGACGTGCTCTCT-1,0.191775713607702,0.296472077202974,0.22531221370365,0.507779246626088,0.246264526840066,0.209371251960513,0.110866558422034,0.154352543365683
TCAAGCAAGCATCCCG-1,0.227439148416842,0.462133025967862,0.32061574810743,0.71980185074887,0.293233171237151,0.195082572193007,0.1622346503097,0.177642877111706
TCAAGCAAGTCTAGCT-1,0.212974890953059,0.403066874590368,0.283276676792517,0.703400787367259,0.307868925808617,0.214191807362303,0.122268326417704,0.164283717400855
TCAAGCACAAAGGAGA-1,0.203448821389021,0.439724727100142,0.298579970104634,0.687421009050365,0.320856244627866,0.235238490635667,0.153262372962896,0.190928817711037
TCAAGCACAAGTGGAC-1,0.180520713268696,0.295771464732072,0.217036742369449,0.578773043566687,0.255648836086614,0.176769074637882,0.12449335498226,0.149446862893886
TCAAGCACATATCTCT-1,0.299444030103736,0.493524984744728,0.374553980423357,0.643738105960457,0.250208998104299,0.180632438416828,0.148920560466655,0.162559740138717
TCAAGCACATCCGGTG-1,0.168463398648496,0.267803466901711,0.204325184435122,0.489329866205674,0.213813891603575,0.175523572285266,0.116435143424139,0.141698949638564
TCAAGCATCCTTTGAT-1,0.164271024024228,0.273498768278075,0.201504411977434,0.487078170170112,0.250526910713655,0.209682627548667,0.121005472367551,0.159497850020634
TCAAGCATCGGACTTA-1,0.191470608176826,0.400038420683888,0.270914701769613,0.707584583872046,0.30114566284779,0.206315158224928,0.152083709182753,0.175552804291971
TCAAGCATCTAGGCCG-1,0.183006757520284,0.311004135873619,0.225541250783548,0.590525444165202,0.275842174051266,0.21206984039118,0.145781466113416,0.172890291145813
TCAAGTGCAGAACATA-1,0.334203448821389,0.373550749203336,0.330404069627272,0.626392782951029,0.265904461373618,0.199545622289879,0.164387515785676,0.178221973720995
TCAAGTGCAGTAGAAT-1,0.208025402852171,0.395631342237892,0.277014320844785,0.722024492642038,0.32087979371004,0.210466832733647,0.161609236875338,0.184106127774006
TCAAGTGTCGGCTGAC-1,0.200103961850521,0.365844012023414,0.258992719031776,0.703633220506414,0.340331335586196,0.261359442753021,0.144494557700403,0.200360770531304
TCAAGTGTCTTCCTAA-1,0.209404027391688,0.433261012046014,0.294867158493659,0.767770239841945,0.321939502407894,0.18417289417843,0.143748872451741,0.166593447555147
TCAATCTAGAATTTGG-1,0.196860804122313,0.429317241846905,0.290575726891364,0.719758269535279,0.306255813679662,0.20398560752837,0.117818269288592,0.157980217527324
TCAATCTAGGAGAGTA-1,0.214782923136032,0.41598300449748,0.291720912290853,0.679198686752764,0.307362620541864,0.236749238859673,0.159336099585062,0.191760853069212
TCAATCTTCCATACTT-1,0.239790268266775,0.551574118019301,0.371251024639568,0.754521550910121,0.310918531950217,0.179410000922594,0.152600877984244,0.168417269060266
TCAATTCCATGACAGG-1,0.358001672429769,0.466212398580695,0.389748782487102,0.624562371980185,0.241060179679497,0.169238398376234,0.143688736544591,0.155970020101974
TCAATTCCATGACCCG-1,0.297319592288743,0.552738038737089,0.402068566468971,0.706335255749088,0.279256790966572,0.186871482609097,0.151398159841241,0.166200726866089
TCAATTCGTCGCACAC-1,0.197233710760052,0.408807376771307,0.27782800520758,0.775542222932435,0.320550106559597,0.183088845834487,0.123627397919298,0.154625450963164
TCAATTCGTTCCTAGA-1,0.239677266255339,0.369708680814519,0.278551280196731,0.641602626494472,0.291843775388854,0.209797951840576,0.153635215587227,0.176491340175992
TCAATTCGTTGCATAC-1,0.225100006780121,0.487739281759215,0.330006268383239,0.770123625375888,0.325660257391468,0.177080450226036,0.146058091286307,0.165488504599491
TCAATTCTCCGCGAGT-1,0.354204804845526,0.549879087847764,0.430788610829837,0.588128477417668,0.200237845729963,0.133822308331027,0.122172108966264,0.124738740897533
TCAATTCTCTGGTCAA-1,0.215042827762334,0.339503243157728,0.251374222479387,0.628673533128986,0.323481967290325,0.244279915121321,0.145913765109147,0.190143376332921
TCACAAGAGGCTTAAA-1,0.407134947002057,0.458110154360748,0.414316022951926,0.594200793178087,0.206125116273593,0.152966140787896,0.121618858620482,0.13240677875847
TCACAAGAGGTCGTAG-1,0.165615747960314,0.299184125477434,0.213884468875066,0.511817772418903,0.213272262713561,0.183665467294031,0.0978411209333093,0.135415418613629
TCACAAGAGTGGACGT-1,0.197335412570344,0.330067575202839,0.238819374126043,0.609439690863925,0.296176806508966,0.224524863917336,0.161416801972458,0.18534419638697
TCACAAGCAACGGCCT-1,0.200115262051665,0.361843740818587,0.257690824051304,0.610267733922164,0.260829634165008,0.195509272073069,0.115448914546876,0.150711556638311
TCACAAGCAAGGCTTT-1,0.177435758356499,0.294404140393699,0.216783596123246,0.546711797434519,0.25789777343428,0.189858381769536,0.121799266341933,0.15087130742708
TCACAAGCACCCTAAA-1,0.233688159649242,0.426300088141569,0.3066866772747,0.627090082368494,0.259051678460832,0.185037826367746,0.137326357568104,0.158652502096729
TCACAAGCAGCGTGCT-1,0.207912400840735,0.388252310891134,0.271119629683206,0.725525516800558,0.317076616938855,0.216336839191807,0.160514763365205,0.186961673123261
TCACAAGGTGAAGCTG-1,0.363730874409564,0.342068388817321,0.331633637108829,0.554120603745079,0.253494095067645,0.210628286742319,0.16216248722112,0.182175805743041
TCACAAGTCGGTTCAA-1,0.181775035595634,0.41582480168147,0.275929408361059,0.600883245928788,0.249490751097976,0.186813820463142,0.0952191953815623,0.135315574370648
TCACAAGTCGTGGTAT-1,0.152722218455489,0.256876172395869,0.189184627995564,0.544213141188605,0.288028824076582,0.235780514807639,0.151771002465572,0.187547426015416
TCACAAGTCTATACGG-1,0.211257260379235,0.452629556806111,0.305740392497227,0.751761407382658,0.346548293280269,0.236460928129901,0.16227073185399,0.197864664456781
TCACACCAGAGCTTTC-1,0.213404298596515,0.389190227586051,0.273807801726216,0.741476240975057,0.341355720660787,0.25365578005351,0.181814901677792,0.214591903297523
TCACACCAGCACTAGG-1,0.228523967726626,0.345786154993559,0.263260041467766,0.670380754536078,0.298578812890768,0.209844081557339,0.15833784352637,0.180551672723884
TCACACCCAAGCTGCC-1,0.251881483490406,0.402863470969783,0.302624282752302,0.748158693725758,0.325813326425603,0.217386290248178,0.172842624330988,0.196240531437624
TCACACCCAGCTGCCA-1,0.171706556376704,0.290290867177436,0.211377115579343,0.533477635573892,0.272356909889437,0.217490082110896,0.144133742257502,0.173422793775044
TCACACCGTCACTAGT-1,0.17762786177594,0.300257644586074,0.216813732581127,0.647602306898906,0.301734389902154,0.219588984223637,0.155631727704612,0.183433843204601
TCACACCTCCTTCAGC-1,0.257678486677063,0.518995638122359,0.365308115145378,0.726774844923515,0.290913586642961,0.191103884122151,0.151145589031211,0.171159657600809
TCACACCTCTCGGTCT-1,0.189199267746966,0.32401066738988,0.2337022035778,0.582375757223586,0.293927869161299,0.219946489528554,0.140573696554213,0.173496012886564
TCACATTAGACTGAGC-1,0.40117974099939,0.494700205663661,0.426569506726457,0.692084198904659,0.252457935451966,0.148214779961251,0.132695892717542,0.141931919538853
TCACATTAGGACTGGT-1,0.149117454290686,0.28484417022623,0.203125753411447,0.501169429231373,0.20850357357322,0.185291539809946,0.111010884599194,0.144727558342319
TCACATTAGTGCTCAT-1,0.282312925170068,0.355662530793048,0.293125271228121,0.636750584714616,0.302240695168906,0.243426515361196,0.173143303866739,0.202038153813384
TCACATTCATATCGGT-1,0.30800958257057,0.468517639613985,0.365392497227446,0.737742783677383,0.295352588632858,0.197331395885229,0.182091526850683,0.189171559034573
TCACATTCATCATTTC-1,0.424797161389473,0.436910977015391,0.409656926563479,0.695585223063178,0.248525238728821,0.172594335270781,0.183883576883757,0.174654206105143
TCACATTGTGCGTGCT-1,0.408355368725563,0.407982462087825,0.387826076474276,0.558144602466697,0.223939996938619,0.16592859119845,0.144374285886103,0.152488784163372
TCACATTGTTAGAGTA-1,0.270526815377314,0.525888760819943,0.37411398813829,0.709284251202115,0.27083799408918,0.176688347633546,0.141211137170004,0.158759002622575
TCACATTTCACTCTTA-1,0.216907360951025,0.443103487242073,0.302961811080573,0.785914551767218,0.338482732635496,0.192533905341821,0.163918455709904,0.181516833739367
TCACATTTCCACGTCT-1,0.268549280177187,0.521820688408254,0.374481652924442,0.644348242950739,0.255731257874224,0.210651351600701,0.167791208130375,0.178328474246842
TCACGCTCAAGACCTT-1,0.226501231721925,0.378353334689357,0.276423646270312,0.699042666008106,0.305019486865499,0.207814374019744,0.141427626435745,0.172337819667985
TCACGCTCAAGGACAC-1,0.184961692318123,0.319015978484417,0.230797049038044,0.595638973226608,0.283943058319302,0.211516283790018,0.136412291779421,0.168710145506343
TCACGCTCATCCGGTG-1,0.214918525549755,0.375223178972586,0.273156854235981,0.743059691735549,0.333525650837759,0.262535750530492,0.191063804197486,0.224130356643636
TCACGCTGTACCAGAG-1,0.461545415508396,0.455194702465704,0.441101306716814,0.576535874602321,0.234925643773034,0.203063013193099,0.168296349750436,0.183407218073139
TCACGCTGTGTTAGCT-1,0.176418740253577,0.299963839356341,0.214830753652539,0.668681087206008,0.315192690364893,0.229760586769997,0.155956461603223,0.189031777094399
TCACGGGTCAGGACGA-1,0.197425814179492,0.316439532623681,0.233551521288394,0.608292052239348,0.283684018415382,0.211758464803026,0.145023753683324,0.173362887229256
TCACTATAGCCGCTTG-1,0.249293737428526,0.519492846972676,0.359274796277545,0.729331609454218,0.310011892286498,0.210259249008211,0.146022009742017,0.175892274718106
TCACTATAGGCTTTCA-1,0.30984021515583,0.521707686396818,0.393564058054872,0.615250519342795,0.228543842503738,0.142171787065227,0.100691562932227,0.117636487080155
TCACTATAGTTCCGTA-1,0.184102877031211,0.335344769136891,0.236583248951251,0.711768380376832,0.351093266139952,0.266376049451056,0.164904684587167,0.210884353741497
TCACTATCAAATGCTC-1,0.264797613397518,0.408151965104979,0.31203288490284,0.635617473161236,0.251256932261065,0.17322861887628,0.123374827109267,0.144514557290627
TCACTATTCACCTCAC-1,0.22064772752955,0.442086469139151,0.310339215969912,0.612054563679417,0.269790059932414,0.203039948334717,0.120524385110349,0.156089833193551
TCACTCGAGACCATGG-1,0.340689764277804,0.478608719235202,0.387090746901972,0.546305039440998,0.187603763143331,0.142586954516099,0.122641169042035,0.12828653966479
TCACTCGAGTCATGGG-1,0.434537934775239,0.482337785612584,0.439413665075462,0.59531937766027,0.212754182905721,0.150601992803764,0.128618678212761,0.137232583835883
TCACTCGCAGGCTCTG-1,0.254909937396886,0.466958211856171,0.336991899320122,0.756192164097796,0.326343180774529,0.217178706522742,0.176005773047086,0.193930801283331
TCACTCGCATCCTGTC-1,0.279815580717337,0.395382737812733,0.314570374656444,0.584496709618374,0.239046733153575,0.172479010978873,0.141704251608636,0.15312778731845
TCACTCGGTTTCCAAG-1,0.172689673876195,0.270583316383032,0.205789816288153,0.500108953033979,0.257579860824924,0.211262570347818,0.126574057369655,0.163917621843258
TCACTCGTCACTGCTC-1,0.213969308653694,0.469376454900897,0.318982352090265,0.693304472885222,0.285120512428028,0.196789371713258,0.114847555475374,0.152675160083603
TCACTCGTCGCTGACG-1,0.200996677740864,0.434933441815264,0.293281980809104,0.774104042883914,0.339083234230946,0.205992250207584,0.124216729809369,0.164476749603951
TCACTCGTCTTCGTAT-1,0.432650801184261,0.495977128392885,0.444916582284585,0.606112991559772,0.220313438283743,0.151812897868807,0.129797341992904,0.13827762024575
TCAGCAAGTCCTATAG-1,0.213076592763351,0.563168124392614,0.364174984329042,0.788224356087569,0.330393622908547,0.172086908386383,0.132611702447531,0.154059666919605
TCAGCAAGTGGCACTC-1,0.212195177074152,0.449928808732795,0.30707242393558,0.759969202609062,0.343239647234749,0.255039671556417,0.187780383667088,0.219717241103878
TCAGCCTGTTCTAACG-1,0.201606888602617,0.366397721879449,0.25735932301461,0.731510670133794,0.325024432172756,0.215287388135437,0.156341331408984,0.18527097727545
TCAGCCTTCACCTACC-1,0.218704092932854,0.466359301195561,0.316426780461932,0.78966253613609,0.351740865899752,0.197123812159793,0.164183053701365,0.183720063367813
TCAGCCTTCACCTCGT-1,0.185481501570728,0.322959748683527,0.233497275664208,0.585295698534218,0.258686667687127,0.197792693052865,0.129159901377112,0.159903883275424
TCAGGGCAGAGCAGAA-1,0.46780572694194,0.527470788980044,0.482135107767973,0.594622078242805,0.20342874636461,0.136497831903312,0.10930302483613,0.119773153879947
TCAGGGCAGGACAGCT-1,0.205256853571994,0.290663773815174,0.224998794541685,0.590307538097244,0.29302122949758,0.222437494233785,0.167707017860364,0.188525899596629
TCAGGGCAGTCAAGCG-1,0.195210974755351,0.389371030804348,0.266044650175997,0.782660487819051,0.341391044284049,0.21050143002122,0.144518612063263,0.179766231345767
TCAGGGCGTTAAACCC-1,0.283555947295862,0.450945826835718,0.341452095086552,0.725118758807037,0.314427345194221,0.216855798505397,0.168681219556197,0.190702504093614
TCAGGGCGTTCTCCTG-1,0.184023775623206,0.332757023075011,0.237505424562419,0.582317648938797,0.269036489302829,0.201713718977765,0.123928077455048,0.158139968316094
TCAGGTAAGTGCCAGA-1,0.185063394128415,0.322146134201189,0.231490187569314,0.644871217513837,0.317453402253647,0.244879601439247,0.144662938240423,0.188825432325572
TCAGGTACAATCTCTT-1,0.200725472913418,0.310427825615296,0.23149621486089,0.687987564827055,0.322952112941398,0.250472829596826,0.176595104937158,0.208181902898146
TCAGGTACAGACCCGT-1,0.197267611363482,0.312088955183402,0.233310429625344,0.61965222191554,0.306208715515313,0.225505120398561,0.149774490348187,0.18148355232504
TCAGGTACAGGCATTT-1,0.279024566637286,0.415090288607137,0.325280871787454,0.587968679634499,0.244757385580897,0.185579850539718,0.121739130434783,0.150119147463291
TCAGGTAGTCGCACGT-1,0.223969986665763,0.540002712048274,0.357822219007667,0.811845373854177,0.350186626476233,0.180447919549774,0.152985747790005,0.175759149060798
TCAGGTAGTGTAGTGG-1,0.406264831514001,0.491694352159468,0.428660976903419,0.514316428664817,0.188510402807051,0.124273456960974,0.124144566720789,0.121989696074124
TCAGGTAGTTCTAACG-1,0.285058874047958,0.479716138947273,0.358195911085395,0.65514185685024,0.265044919874248,0.183273364701541,0.114318359492453,0.145060372485589
TCAGGTATCCACGAAT-1,0.197098108346329,0.383720930232558,0.264103862288442,0.765663814518355,0.35931189581886,0.242526985884307,0.162715737566901,0.199888174447861
TCAGGTATCTCGTTTA-1,0.315094808687595,0.385167355978936,0.328626018612276,0.693551433095574,0.288546903884421,0.203824153519697,0.159336099585062,0.179147197039285
TCAGGTATCTTCTAAC-1,0.187165231541121,0.289624155309964,0.216204976131925,0.552449990557404,0.287051537166339,0.243518774794723,0.137446629382404,0.183487093467524
TCAGTCCAGATGGTCG-1,0.194205256853572,0.431577282075621,0.287730845267371,0.766433749291805,0.330099259381366,0.200156841036996,0.127199470804017,0.164024122369104
TCAGTCCGTCTCGGGT-1,0.181142224331593,0.320428503627365,0.228151068036067,0.707918706509581,0.350210175558408,0.260286926838269,0.163028444284082,0.206624332707643
TCAGTCCGTTGTGGCC-1,0.363776075214139,0.38167559382557,0.34983003037755,0.546813486932899,0.234372240341933,0.197158409447366,0.145119971134765,0.167252419558822
TCAGTCCTCAATCCGA-1,0.428221122335978,0.45152213709404,0.418848546217272,0.678283481267342,0.247500853654229,0.180355660116247,0.165506043658669,0.168716801789209
TCAGTCCTCGACACCG-1,0.273204963048342,0.424051348113996,0.325347171994792,0.578947368421053,0.231393281446856,0.173124827013562,0.119429911600216,0.142244764833526
TCAGTCCTCGTTAGTG-1,0.354521210477546,0.515074468325536,0.412857418390472,0.642459723695106,0.234101425896926,0.163495248639173,0.145781466113416,0.153653633664816
TCAGTCCTCTCGTGAA-1,0.43520464664271,0.55548398761498,0.477711075751001,0.487426819878844,0.170354060450494,0.116258418673309,0.12452943652655,0.11713726586525
TCAGTGAAGAGAGCCT-1,0.288923542839063,0.409349786426198,0.325859491778774,0.668840884989177,0.291867324471029,0.225401328535843,0.158951229779301,0.185803479904682
TCAGTGAAGTTGTACC-1,0.226704635342509,0.347198680136506,0.261909928154684,0.677295640425934,0.303076687586101,0.211989113386844,0.13951530458837,0.172783790619966
TCAGTGAGTTAATGAG-1,0.340034352611476,0.451431735484892,0.373161676069241,0.642023911559191,0.276737039173898,0.213557523756804,0.150315713512538,0.177350000665628
TCAGTTTCAGTCAGCC-1,0.232806743960043,0.284798969421656,0.248234003568157,0.366053140026439,0.171931848956187,0.134537318940862,0.12825786276986,0.128393040190636
TCATACTGTGGACCTC-1,0.272798155807173,0.438165299342328,0.332085683977048,0.737336025683862,0.320926891874389,0.22327936156472,0.180251368091888,0.199921455862188
TCATACTTCGAAACAA-1,0.194148755847854,0.285533482495988,0.217404407155601,0.59598762293534,0.294151585441957,0.22119199188117,0.161416801972458,0.184825006323469
TCATATCCACCAATTG-1,0.110391664971636,0.301331163694714,0.191902936496456,0.440489852840769,0.192019216051054,0.134710305378725,0.142281556317277,0.155737050201685
TCATATCCACGACAAG-1,0.181334327751034,0.313388478314914,0.226059597859106,0.604224472304139,0.291879099012116,0.222668142817603,0.121570749894762,0.166819761172571
TCATATCGTGGAAGTC-1,0.200996677740864,0.378760141930526,0.265899995178167,0.616383630896175,0.277561257050006,0.203651167081834,0.123326718383547,0.158845534299826
TCATATCTCACTCGAA-1,0.252514294754447,0.410321603724546,0.305222045421669,0.697967662739515,0.291184401087968,0.189085709013747,0.13216669673462,0.158366281933517
TCATCATAGCCTAACT-1,0.148823649060953,0.252774199380749,0.185652635131877,0.560410825573456,0.276430901105629,0.207722114586216,0.133597931324794,0.167239106993091
TCATCATAGGCATCTT-1,0.170113228015459,0.279600876895609,0.205741597955543,0.507212690849398,0.258345205995596,0.211793062090599,0.138661374706837,0.168610301263362
TCATCATAGTATCTGC-1,0.25236739213958,0.392693289940561,0.299827619460919,0.676482124438892,0.293386240271285,0.210582157025556,0.164988874857177,0.182648401826484
TCATCATCACCCTATC-1,0.158993830090176,0.26366759328316,0.193891942716621,0.537937446431425,0.268271144132157,0.216440631054525,0.145733357387696,0.177696127374629
TCATCATTCCCTCGTA-1,0.294652744818858,0.499706194770267,0.376627368725589,0.714978863111408,0.253953302170048,0.183953778023803,0.153779541764388,0.17192513013033
TCATCCGAGAGAGTGA-1,0.210183741270595,0.440515741180193,0.299719128212546,0.720615366735912,0.315086719495108,0.218920103330566,0.145240242949065,0.178994102533381
TCATCCGAGATAGTGT-1,0.203234117567293,0.31123013989649,0.235612855007474,0.606882926333222,0.297295387912256,0.220638435280007,0.146274580552048,0.178581412995727
TCATCCGGTAGAATGT-1,0.2127262865279,0.437769792302303,0.298748734268769,0.758138791638218,0.347137020334632,0.236345603837992,0.159961513019424,0.197498568899184
TCATCCGTCAGGGATG-1,0.317264447307162,0.448493683187561,0.358569603163123,0.619565059488357,0.260464623391303,0.176250115324292,0.148114739310843,0.160196759721501
TCATCCGTCATCCTAT-1,0.417395529640428,0.458076253757317,0.416919812912869,0.614959977918852,0.235620341697182,0.173909032198542,0.146683504720669,0.156202990002263
TCATGAGAGCCTCATA-1,0.240389178927385,0.385449861007526,0.286519359660543,0.738599880878016,0.320196870326979,0.200145308607805,0.161705454326779,0.181170707030366
TCATGAGAGTCTCTGA-1,0.335118765114019,0.393653807037765,0.3419222238295,0.611705913970684,0.247135842880524,0.175085339976013,0.136809188766613,0.152009531797063
TCATGAGAGTTTCAGC-1,0.150597780640495,0.269747101498407,0.191143497757848,0.550575998372968,0.246123232347019,0.185291539809946,0.118984905887305,0.15001930322031
TCATGAGCAAGCAATA-1,0.220692928334124,0.356860352114268,0.264061671247408,0.661170591397068,0.301687291737805,0.21754774425685,0.130531000060136,0.170087996059481
TCATGAGTCTGCGGGT-1,0.232931046172622,0.375403982190883,0.280769323496793,0.707642692156834,0.347937689128566,0.25156841036996,0.176583077755728,0.206278205998642
TCATGCCAGAATACAC-1,0.256367663344408,0.402739168757204,0.30266044650176,0.73785900024696,0.313308763790931,0.205311836885322,0.155018341451681,0.17973294993144
TCATGCCAGACATGCG-1,0.235756096458517,0.449928808732795,0.316336371088288,0.728096808402458,0.332442393057731,0.232574499492573,0.169607312526309,0.198330604257359
TCATGCCAGTCCGCCA-1,0.403564083440685,0.43807489773318,0.401616519600752,0.578874733065067,0.22711912303218,0.17296337300489,0.191196103193217,0.184998069677969
TCATGCCCAACCCTCT-1,0.232874545166904,0.342305693041336,0.267262163074401,0.718596103839505,0.33553909736368,0.279257772857275,0.187612003127067,0.230187574051147
TCATGGAAGTTTGTCG-1,0.257678486677063,0.382726512531923,0.295186604947201,0.561050016706132,0.244557218382414,0.18900498200941,0.121558722713332,0.149679832794174
TCATGGACAAATCCCA-1,0.233371754017222,0.394162316089226,0.28724866194127,0.750221537835757,0.325778002802341,0.198196328074546,0.161080040892417,0.181516833739367
TCATGGAGTCCAGCGT-1,0.371946120640947,0.522487400275725,0.426539370268576,0.625187036041664,0.215968632622544,0.138400682719808,0.114113897408142,0.123826830144974
TCATGGAGTCCCGCAA-1,0.228874273962077,0.366499423689742,0.271396885095713,0.649781367578482,0.287828656878098,0.209013746655596,0.152697095435685,0.174913801136893
TCATGGAGTGAGACCA-1,0.284437362985061,0.453929079937623,0.34673802979893,0.607420427967517,0.230451318159875,0.149344958021958,0.0911660352396416,0.115972416363806
TCATGGAGTTGTTTGG-1,0.384252039686306,0.449047393043596,0.395498818650851,0.559510147159231,0.221585088721167,0.160289233324107,0.135125383366408,0.146205253138437
TCATGTTAGACGATAT-1,0.199764955816214,0.315004407078446,0.231924152562804,0.694132515943461,0.330652662812467,0.26472691207676,0.175512658608455,0.214898092309331
TCATGTTAGTTTAGGA-1,0.170836440888648,0.306348453002463,0.217084960702059,0.597411275912663,0.278915329275041,0.216521358058862,0.155944434421793,0.181243926141885
TCATGTTGTGTTGACT-1,0.197516215788641,0.362713856306642,0.256515502193934,0.679997675668608,0.298755431007077,0.216382968908571,0.12440916471225,0.165834631308492
TCATTACAGCAACAAT-1,0.373799353628495,0.427554410468506,0.379845942427311,0.593140316980693,0.224163713219277,0.15850170679952,0.130651271874436,0.141572480264121
TCATTACCAAGTGGTG-1,0.172746174881913,0.312168056591407,0.224191137470466,0.538881706059241,0.243191371616291,0.191242273272442,0.113500511155211,0.147569791125844
TCATTACCAATAGAGT-1,0.27461748819129,0.464087960765702,0.347841024157385,0.657625986024957,0.287816882337011,0.207191622843436,0.13225088700463,0.167099325052917
TCATTACCACAATCTG-1,0.204499740095374,0.4138359662802,0.284976373017021,0.657364498743408,0.287899304124622,0.206165236645447,0.138781646521138,0.168457206757458
TCATTACCACACAGAG-1,0.216941261554456,0.560783781951319,0.365145378272819,0.797245667301015,0.340013422976839,0.176376972045392,0.148956642010945,0.169242648135575
TCATTACCATACTGTG-1,0.325411892331683,0.468031730964811,0.374909590626356,0.70895012856458,0.2951288723522,0.199130454839007,0.161248421432437,0.178774445198823
TCATTACTCCATCAGA-1,0.243451533437295,0.395676543042466,0.293535127055306,0.782297311039121,0.352788800056518,0.225931820278623,0.180058933189007,0.204540916170774
TCATTACTCTATACTC-1,0.248378421135896,0.331864307184668,0.264170162495781,0.634498888679053,0.299756266999494,0.223117907556048,0.168296349750436,0.191035318236884
TCATTACTCTCGTCAC-1,0.195097972743915,0.396117250887066,0.272108105501712,0.735578250069004,0.323505516372499,0.220626902850816,0.127656503698358,0.170607186122981
TCATTCAAGGAGTCTG-1,0.211449363798676,0.325773498768278,0.24499132070013,0.666298647529671,0.335315381083022,0.253713442199465,0.16207829695111,0.202151310622096
TCATTCAAGTGGAAGA-1,0.206239971071485,0.455319004678283,0.305294372920584,0.780263521071517,0.351046167975603,0.220096411108036,0.134331589392026,0.176531277873185
TCATTCACAACAGAGC-1,0.151219291703392,0.263215585237417,0.189950094025749,0.522974563098334,0.259157649330617,0.201886705415629,0.111022911780624,0.152941411398219
TCATTCACAGCTCATA-1,0.353967500621511,0.394908129364703,0.353277641159169,0.708572424713453,0.288028824076582,0.19591290709475,0.161188285525287,0.17729009411984
TCATTCAGTACGGCAA-1,0.245123963206545,0.384218139082876,0.292239259366411,0.554033441317896,0.23094584888554,0.178637328166805,0.12462565397799,0.147603072540171
TCATTCAGTGTCGCTG-1,0.174396004248876,0.345266345740954,0.238524036838806,0.62803434199631,0.261748048369815,0.187332779776732,0.131601419207409,0.155171266158127
TCATTGTAGCCTCAGC-1,0.194442561077587,0.346046059619861,0.249957808958966,0.592239638566469,0.259699278220631,0.204631423563059,0.15476577064165,0.175472928897586
TCATTGTGTATCGTTG-1,0.16544624494316,0.28086649942369,0.204825449635952,0.594099103679707,0.299673845211883,0.236045760679029,0.155306993806002,0.190263189424498
TCATTGTGTCTTCCGT-1,0.183289262548873,0.30008814156892,0.220164906697526,0.637113761494545,0.325742679179079,0.262628009964019,0.156750255577605,0.20464741669662
TCATTGTTCAAACTGC-1,0.217992180260809,0.552037426266188,0.362047350402623,0.787105771605387,0.321032862744175,0.161638527539441,0.160009621745144,0.169788463330538
TCATTTGAGAACAAGG-1,0.185289398151287,0.329321761927362,0.233213992960123,0.689905138225082,0.350186626476233,0.262697204539164,0.16602321246016,0.209213626742282
TCATTTGAGACCAGAC-1,0.185786607001605,0.287601419305264,0.212859829307103,0.654110434795241,0.324365057871869,0.241166159239782,0.163208852005533,0.197451974919126
TCATTTGTCACGGGAA-1,0.376443600696092,0.363098063145524,0.346888712088336,0.687203102982408,0.27995148889072,0.213384537318941,0.180684346623369,0.192206824021194
TCATTTGTCAGACCGC-1,0.260153230727507,0.363742174610708,0.286603741742611,0.71532751282014,0.331665273345971,0.253967155641664,0.182753021829334,0.213014364258424
TCCACCAAGAGTGGCT-1,0.172893077496779,0.311444843718218,0.222214185833454,0.591324433081047,0.289818554321845,0.223233231847956,0.128666786938481,0.171652222532849
TCCACCACACGTCGTG-1,0.264006599317468,0.407383551427215,0.309356767442982,0.613202202303993,0.267753064324318,0.190838638250761,0.145697275843406,0.16429037368372
TCCACCATCCATTGTT-1,0.266266639546184,0.377890026442471,0.296482472636096,0.764806717317722,0.330146357545715,0.231778761878402,0.189596488063022,0.211084042227458
TCCACGTCATGACGTT-1,0.461036906456935,0.452753859018691,0.437388495105839,0.62613129566948,0.220949263502455,0.145412399667866,0.139106380419749,0.141951888387449
TCCACGTGTCGCTCGA-1,0.223732682441747,0.431837186701923,0.304420415642027,0.683934511963043,0.290972459348397,0.206315158224928,0.122424679776294,0.159684225940866
TCCACGTGTGGAACAC-1,0.233518656632088,0.43532894885529,0.308000626838324,0.709545738483664,0.325872199131039,0.243576436940677,0.171748150820855,0.202783657494309
TCCACGTGTTGGAGGT-1,0.21196917305128,0.435057744027844,0.300165147789189,0.683658497610297,0.309387841608873,0.244960328443583,0.163906428528474,0.20054049016867
TCCACGTTCCACCTCA-1,0.392591588130269,0.393755508848057,0.373444958773326,0.658207068872845,0.263490680450729,0.207710582157026,0.208659570629623,0.206890584022259
TCCACGTTCTGGCCGA-1,0.161118267905169,0.267972969918865,0.20023868074642,0.494457922338277,0.220596027269837,0.181681889473199,0.110926694329184,0.141579136546987
TCCAGAAAGTGCGCTC-1,0.178091170022826,0.291963296946686,0.21574690197213,0.554570942952191,0.284743727113236,0.232378448196328,0.118094894461483,0.169249304418441
TCCAGAACAATTCTTC-1,0.234140167694985,0.530284539064795,0.357834273590819,0.782195621540741,0.33248949122208,0.182500691945751,0.149233267183835,0.170627154971578
TCCAGAACATTAAGCC-1,0.178554478269713,0.295082152462314,0.218621920054005,0.531836076528611,0.250515136172568,0.205911523203248,0.124036322087919,0.158386250782113
TCCAGAAGTCTGATCA-1,0.240038872691934,0.564241643501254,0.380762090746902,0.764458067608989,0.302970716716316,0.178879509179814,0.173852907571111,0.179686355951383
TCCAGAAGTGGAAATT-1,0.217438470404773,0.351639659185933,0.262428275230243,0.562720629893807,0.253941527628961,0.203016883476335,0.137061759576643,0.164163904309278
TCCAGAAGTGGACCTC-1,0.166858770086108,0.26685425000565,0.198117074111577,0.570739573194648,0.306067421022266,0.246886244118461,0.151843165554152,0.191627727411904
TCCAGAATCGTGCAGC-1,0.270153908739576,0.506655818473569,0.363457736631467,0.714572105117887,0.272451106218135,0.17544284528093,0.139226652234049,0.155337673229762
TCCATCGAGTATGTAG-1,0.421847808890998,0.367742445815536,0.372787983991514,0.683992620247832,0.274499876367319,0.212288956545807,0.191629081724698,0.196360344529201
TCCATCGCAAGTGGGT-1,0.262085565123059,0.442436775374602,0.328360817782921,0.539564478405509,0.218146922723687,0.177195774517944,0.120392086114619,0.142244764833526
TCCATCGCACCCAATA-1,0.423169932424797,0.544805297534296,0.465915666136265,0.496012318956375,0.175558407611063,0.121620998247071,0.123194419387816,0.119220682402119
TCCATCGGTATGTCTG-1,0.398546794132936,0.379144348769408,0.371124451516467,0.568502404230283,0.2532586042459,0.181624227327244,0.16592699500872,0.165188971870549
TCCATCGTCCGTAGGC-1,0.207098786358397,0.381268786584401,0.267587636819519,0.744919156848788,0.319466848779569,0.202659378171418,0.152252089722773,0.177589626848783
TCCATCGTCTTACCGC-1,0.436481569371935,0.402128957895451,0.400091614831959,0.615163356915612,0.265822039586007,0.198115601070209,0.15456130855734,0.172730540357043
TCCATGCAGATGTAGT-1,0.14944516012385,0.260673039980112,0.190353922561358,0.529148568357134,0.242061015671914,0.184069102315712,0.125948643935294,0.152162626302967
TCCATGCCAGAAGTGC-1,0.426978100210184,0.542726060523877,0.465764983846859,0.587823408922527,0.211176394400028,0.131042992896024,0.127115280534007,0.127407910326557
TCCATGCTCGAGTTGT-1,0.22980089045585,0.548523063710534,0.364958532233955,0.778738178595813,0.328839383485029,0.18861287941692,0.148042576222262,0.171565690855599
TCCCACAAGAGCCTGA-1,0.24412954550591,0.397055167581983,0.29407758329717,0.635806325086799,0.291243273793404,0.225113017806071,0.157868783450598,0.186049762370702
TCCCACACACAGTATC-1,0.2781205505458,0.420751689380071,0.327438642171754,0.620727225184131,0.253682487725041,0.192995202509457,0.143147513380239,0.164942689404529
TCCCACACACGCGCTA-1,0.195267475761069,0.402400162722896,0.273880129225131,0.760274271104203,0.305937901070306,0.179606052218839,0.119502074688797,0.15003261578604
TCCCACACAGGTGTGA-1,0.19119940334938,0.320010396185052,0.232792082549785,0.59094672922992,0.296306326460926,0.229806716486761,0.12469781706657,0.171632253684253
TCCCACATCATTCGGA-1,0.186634122087373,0.305478337514408,0.226469453686292,0.531748914101428,0.24276748813715,0.201471537964757,0.130230320524385,0.159777413900981
TCCCACATCCTTTAGT-1,0.195595181594232,0.337356204940448,0.240157432855972,0.725888693580487,0.363115072590046,0.270124088938094,0.174382103554032,0.218672204694011
TCCCACATCGAATGCT-1,0.242694419960675,0.417689334870161,0.305288345629008,0.719191713758589,0.327944518362397,0.248812159793339,0.193445186120633,0.214591903297523
TCCCAGTAGGACAACC-1,0.26136235224987,0.476337378805343,0.342766044650176,0.719976175603237,0.308740241849074,0.212231294399852,0.152480606169944,0.18057164157248
TCCCAGTAGTCTACCA-1,0.239665966054196,0.368375257079576,0.279166063937509,0.673707453840231,0.300980819272569,0.215102869268383,0.13577485116363,0.171119719903617
TCCCAGTCAAACTAGA-1,0.203810427825615,0.406366533324293,0.277677322918173,0.753620872495896,0.353883832377633,0.250611218747117,0.168993926273378,0.20782911990628
TCCCAGTGTAACTGCT-1,0.199923158632224,0.344396230252899,0.24719730941704,0.67176082629981,0.293586407469769,0.201978964849156,0.15487401527452,0.175938868698164
TCCCAGTGTAAGTCAA-1,0.219495107012905,0.354826315908423,0.261885818988379,0.689425744875576,0.336622355143708,0.24805101946674,0.16207829695111,0.19961526685038
TCCCAGTGTAGGTAGC-1,0.19609239044455,0.339480642755441,0.244051063214234,0.62412655984427,0.306208715515313,0.230902297259895,0.151650730651272,0.184079502642544
TCCCAGTTCATTACCT-1,0.225518114222433,0.389145026781477,0.28504267322436,0.534480003486497,0.210882030872847,0.162468862441185,0.115208370918275,0.134516820426801
TCCCAGTTCCTTCACG-1,0.184520984473524,0.320970913282256,0.22919378947876,0.670003050684951,0.325401217487548,0.246436479380017,0.150147332972518,0.193611299705792
TCCCATGAGGGATGTC-1,0.143670757339481,0.241733902863471,0.178214957326776,0.519880296933335,0.272839666074015,0.216602085063198,0.119297612604486,0.165515129730953
TCCCATGAGTAGCATA-1,0.196205392455986,0.347831491400547,0.247812093157819,0.647398927902146,0.311189346395224,0.244902666297629,0.144037524806062,0.189298028409015
TCCCATGGTCCAGTTA-1,0.151388794720546,0.233710760051529,0.184206085153575,0.465461888228714,0.200284943894312,0.137351231663438,0.189043237717241,0.168703489223478
TCCCATGTCCGATCGG-1,0.196307094266278,0.28759011910412,0.220032306282849,0.584351438906402,0.288358511227025,0.245225574314974,0.15855433279211,0.194137146052159
TCCCATGTCGGTCAGC-1,0.187425136167424,0.390862657355301,0.268425430348619,0.55756351961881,0.234278044013235,0.174773964387859,0.0923206446569246,0.127427879175153
TCCGAAAAGGCGTTGA-1,0.192815332112912,0.335525572355188,0.243550798013405,0.523483010590235,0.231817164925997,0.19356029153981,0.106596909014372,0.145226779557224
TCCGAAAAGTGATTCC-1,0.179854001401225,0.275306800461048,0.209550846231737,0.50118395630257,0.242991204417808,0.209129070947504,0.125022550965181,0.160056977781328
TCCGAAACACATATCG-1,0.2218794494542,0.476439080615635,0.324382805342591,0.75858913084533,0.326837711500194,0.200029984315896,0.15862649588069,0.179293635262324
TCCGAAACAGAACTTC-1,0.240197075507944,0.337842113589622,0.263627706253918,0.58904368290309,0.274170189216875,0.202255743149737,0.145973901016297,0.168603644980497
TCCGAAAGTAGGCTGA-1,0.477648202137998,0.446041539539404,0.443066203770674,0.591498757935413,0.196858552437919,0.139761509364333,0.138877863972578,0.133351970925356
TCCGAAAGTTCAACGT-1,0.200499468890546,0.29491264944516,0.229651863638555,0.490797100396589,0.211141070776766,0.178533536304087,0.126586084551085,0.146478160735919
TCCGAAATCATCGCTC-1,0.221709946437047,0.450030510543088,0.310327161386759,0.731438034777808,0.277938042364799,0.166908847679675,0.113981598412412,0.139529001424445
TCCGAAATCATGACAC-1,0.229913892467286,0.469478156711189,0.324431023675201,0.7402269128521,0.317135489644291,0.19994925731156,0.158903121053581,0.17922707243367
TCCGAAATCCAAGAGG-1,0.222139354080503,0.423825344091125,0.296880273880129,0.731743103272949,0.303818483674599,0.19668557985054,0.148968669192375,0.17175206677583
TCCGAAATCGTGACTA-1,0.461240310077519,0.407191448007775,0.415955446260668,0.556386826851838,0.210387500147182,0.161811513977304,0.151710866558422,0.152568659557757
TCCGATCAGGCCACCT-1,0.444945420028476,0.50441837864714,0.458357442499638,0.577872365152462,0.188828315416407,0.122901097887259,0.108809910397498,0.113096902165954
TCCGATCAGTCTAGCT-1,0.227088842181391,0.544002983253102,0.361444621244997,0.689585542658745,0.275229897914729,0.162837900175293,0.0992242467977629,0.129078637325772
TCCGATCGTGCCTGCA-1,0.187459036770855,0.29778290053563,0.220490380442644,0.628615424844197,0.32879228532068,0.244752744718147,0.148355282939443,0.191953885272309
TCCGATCGTGTCATGT-1,0.21089565394264,0.342057088616177,0.251687641641352,0.68451559481093,0.32629608261018,0.243507242365532,0.159287990859342,0.196606626995221
TCCGATCGTTATCCAG-1,0.192126019843153,0.290562072004882,0.219688750663002,0.592864302627947,0.284567108996927,0.217051849801642,0.148692044019484,0.176637778399031
TCCGGGAAGATTGATG-1,0.191448007774538,0.306145049381879,0.224625102463957,0.68328079375917,0.333101767358617,0.25951425408248,0.17341992903963,0.211130636207516
TCCGGGAAGCTTAAGA-1,0.170802540285217,0.326869618279205,0.226927527846087,0.634586051106236,0.271544466554416,0.192291724328813,0.142053039870106,0.163098899050814
TCCGGGAAGGAACGAA-1,0.230411101317603,0.403722286256695,0.295415642027099,0.700524427270218,0.313791519975509,0.244856536580865,0.168284322569006,0.200893273160536
TCCGGGACAAAGCACG-1,0.184995592921554,0.34414762582774,0.240856598678818,0.716823801153449,0.316417242637968,0.21897776547652,0.137759336099585,0.175073551925663
TCCGGGACAGACACCC-1,0.172034262209867,0.31962618934617,0.226065625150682,0.562081438761131,0.235997127011975,0.188462957837439,0.10547838114138,0.141832075295872
TCCGGGAGTGAATATG-1,0.228896874364364,0.429328542048048,0.303480158156131,0.670932783241571,0.303794934592424,0.2282383061168,0.159095555956462,0.188632400122476
TCCGTGTCAGACGGAT-1,0.353345989558614,0.47958053653355,0.395697719272868,0.644478986591513,0.220431183694616,0.144432143186641,0.111479944674965,0.125890277833247
TCCGTGTGTCATAAAG-1,0.210884353741497,0.455748412321739,0.307681180384782,0.768438485117016,0.344028541487596,0.225701171694806,0.140309098562752,0.181097487918847
TCCGTGTTCAACCTTT-1,0.223789183447465,0.509379166949172,0.342446598196634,0.689759867513111,0.2581568133382,0.160289233324107,0.0902519694509592,0.120798221441218
TCCGTGTTCGACGCGT-1,0.267283657649106,0.443498994282098,0.329548194223444,0.677135842642765,0.298190253034888,0.218274287295876,0.149425702086716,0.181030925090193
TCCTAATAGAAATCCA-1,0.180362510452686,0.309896716161548,0.222630068952216,0.646875953339047,0.311589680792191,0.232678291355291,0.132828191713272,0.178088848063687
TCCTAATAGCTTAAGA-1,0.290358668384297,0.402321061314891,0.321670524133275,0.738716097447594,0.317841962109527,0.23123673770643,0.186108605448313,0.205865516460988
TCCTAATTCACCATAG-1,0.225495513820146,0.419305263633693,0.299122426346497,0.684631811380508,0.279763096233324,0.188820463142356,0.147669733597931,0.16647363446357
TCCTAATTCACGGGCT-1,0.177311456143919,0.308834497254051,0.224468392882974,0.552101340848671,0.244710287416548,0.196051296245041,0.115797702808347,0.150225647989137
TCCTAATTCTGTCAGA-1,0.217020362962461,0.33777431238276,0.25436375910121,0.604558594941674,0.26705836640017,0.197642771473383,0.140754104275663,0.165701505651184
TCCTCCCAGGCCGCTT-1,0.181051822722444,0.305568739123556,0.220827908770915,0.662695933872772,0.340766993606424,0.26968585662884,0.163473449996993,0.211563294593767
TCCTCCCAGGCTGAAC-1,0.254005921305399,0.41307885280358,0.31114687304113,0.576535874602321,0.237704435469628,0.177634006827198,0.12087317337182,0.14549303087184
TCCTCCCAGTCGCGAA-1,0.232738942753181,0.525120347142179,0.353735715318964,0.746284701541322,0.333007571029919,0.216013931174463,0.156942690480486,0.185231039578258
TCCTCCCAGTTCCATG-1,0.211076457160937,0.353696295794065,0.261041998167703,0.544401993114168,0.240200638180127,0.198438509087554,0.133381442059053,0.159178348443095
TCCTCCCCAACGTATC-1,0.454505390195945,0.491863855176622,0.456796373981388,0.565132123712538,0.184330440721073,0.120156379739828,0.112574418185098,0.112338085919299
TCCTCCCCACTGGCCA-1,0.198578434696138,0.360713720704229,0.256617966150731,0.757034734227232,0.35824041257992,0.245513885044746,0.167682963497504,0.205120012780063
TCCTCCCCAGCAGACA-1,0.429159039030895,0.471037584469004,0.430342591253194,0.513473858535381,0.194727360501124,0.141053141433712,0.135365926995009,0.13340522118828
TCCTCCCGTTCACCGG-1,0.235959500079101,0.376613103713246,0.280154539756015,0.691038249778462,0.3357981372676,0.240797121505674,0.160502736183775,0.195821185617104
TCCTCCCGTTGAGAGC-1,0.228241462698036,0.355312224557597,0.266189305173827,0.69552711477839,0.326708191548234,0.248131746471077,0.180467857357628,0.208721061810243
TCCTCCCGTTTACTGG-1,0.2011096797523,0.402592266142337,0.279708520179372,0.768540174615396,0.349291761353601,0.252929237014485,0.192687473690541,0.221720782246362
TCCTCCCTCCAAGAGG-1,0.209132822564242,0.363798675616426,0.262627175852259,0.673387858273893,0.2988260782536,0.206684195959037,0.154525227013049,0.178182036023803
TCCTCCCTCCCGGTAG-1,0.406682938956313,0.511594006373313,0.439684893196393,0.684588230166916,0.247430206407705,0.158490174370329,0.13950327740694,0.150132460029021
TCCTCGAAGAAGGTAG-1,0.331197595317197,0.496576039053495,0.391930662037707,0.556837166058951,0.202369037666757,0.142010333056555,0.118575981718684,0.127554348549596
TCCTCGACAGACATCT-1,0.230953510972495,0.444979320631907,0.314311201118665,0.70972006333803,0.281635248266199,0.177172709659563,0.125924589572434,0.15045196160656
TCCTCGACATAGATCC-1,0.161457273939476,0.277487739281759,0.202794252374753,0.557476357191627,0.290654546739041,0.232228526616847,0.141259245895724,0.179539917728344
TCCTCGATCCCTCGAT-1,0.241044590593713,0.539109996157932,0.366356863879647,0.697096038467685,0.296612464529195,0.17713811237199,0.114739310842504,0.145939001823821
TCCTCTTAGCGACCCT-1,0.203968630641625,0.378138630867629,0.263694006461257,0.738745151589988,0.339271626888342,0.241904234707999,0.167057550063143,0.201718652235845
TCCTCTTAGCTGTTCA-1,0.324993784889371,0.449499401089339,0.364168957037466,0.679053416040792,0.29822557665815,0.217882184703386,0.152841421612845,0.182481994754849
TCCTCTTAGTTACGTC-1,0.216523154112143,0.332101611408683,0.251145185399489,0.686491276493746,0.36670630762166,0.253229080173448,0.160887605989536,0.202124685490635
TCCTCTTCACCAGCTG-1,0.173616290369969,0.281985219336904,0.207881286465114,0.602684602757238,0.297165867960296,0.227327244210721,0.151470322929821,0.183320686395889
TCCTCTTCATGATAGA-1,0.39190227586051,0.367776346418966,0.361625439992285,0.570463558841902,0.261465459383721,0.205784666482148,0.158915148235011,0.17536642837174
TCCTCTTGTATACCTG-1,0.176249237236423,0.27966867810247,0.207302666473793,0.591179162369075,0.285238257838901,0.215944736599317,0.148415418846593,0.176684372379089
TCCTCTTGTCCGGACT-1,0.201120979953443,0.380183967274618,0.274681759004774,0.683266266687973,0.316381919014706,0.251360826644524,0.18483372421673,0.212834644621058
TCCTCTTTCAATCCGA-1,0.184577485479242,0.37511017696115,0.262138965234582,0.558638522887401,0.224893734766687,0.200952578651167,0.163196824824102,0.174254829133219
TCCTCTTTCTTTGATC-1,0.215698239428662,0.473082920875992,0.320507256859058,0.772055725845112,0.34800833637509,0.238617492388597,0.179830416741837,0.210484976769573
TCCTGCAAGGGCCTCT-1,0.183865572807196,0.331457499943499,0.236173393124066,0.665993579034531,0.330040386675929,0.249769351416182,0.148920560466655,0.194310209406659
TCCTGCAAGTATGGAT-1,0.213867606843402,0.461861821140416,0.312358358647958,0.757470546363148,0.312260829634165,0.186744625887997,0.146683504720669,0.166873011435494
TCCTGCACAAGAGGTC-1,0.205222952968563,0.367087034149208,0.262946622305801,0.643999593242007,0.272509978923571,0.194229172432881,0.113777136328102,0.150045928351771
TCCTGCACACAAAGTA-1,0.172859176893349,0.282844034623816,0.209231399778196,0.532417159376498,0.262313226342003,0.216267644616662,0.11680798604847,0.159557756566423
TCCTGCACAGTCTGGC-1,0.176554342667299,0.323965466585305,0.229278171560827,0.61244679460174,0.32126835356592,0.241950364424762,0.136965542125203,0.18359359399337
TCCTGCAGTGACACAG-1,0.175729427983818,0.307308970099668,0.221798302714692,0.581228118599009,0.28184719000577,0.21767460097795,0.142570208671598,0.174640893539412
TCCTGCATCGGATACT-1,0.345729653987841,0.418683752570796,0.361040792709388,0.622267094731031,0.273864051148606,0.218539533167266,0.141547898250045,0.174541049296431
TCCTTCTAGGCTGGAT-1,0.238490745135263,0.476732885845368,0.333447851873282,0.672269273791711,0.2532586042459,0.167439339422456,0.0929460580912863,0.125690589347285
TCCTTCTAGTAGGTTA-1,0.152857820869211,0.250593260560038,0.186912339071315,0.526722547467205,0.246276301381154,0.192568502629394,0.137278248842384,0.160276635115886
TCCTTCTAGTCTTCCC-1,0.34326621013854,0.457680746717292,0.379152803896041,0.553016546334094,0.224493400369721,0.176042531598856,0.137578928378135,0.149060798487693
TCCTTCTCAATAACCC-1,0.285906389133727,0.416310710330644,0.326088528858672,0.764675973676947,0.318265845588668,0.219150751914383,0.185831980275422,0.203296191274944
TCCTTTCAGCACTCGC-1,0.21057924831062,0.355187922345018,0.257238777183085,0.655650304342142,0.299438354390138,0.217916781990959,0.155270912261711,0.181909554428425
TCCTTTCCATCTAACG-1,0.238987953985581,0.395473139421882,0.29510825015671,0.581039266673446,0.242367153740183,0.179894362948611,0.12062060256179,0.146944100536496
TCCTTTCGTGTCATGT-1,0.207731597622438,0.407055845594052,0.280431795168523,0.767189156994058,0.357133605717717,0.234558077313405,0.157640267003428,0.194682961247121
TCCTTTCTCAGACCTA-1,0.14805523538319,0.249723145071982,0.185429625343556,0.52181239740256,0.268165173262372,0.212738721284251,0.136724998496602,0.169941557836442
TCGAACACATCCGTGG-1,0.154394648224738,0.283318643071847,0.204270938810936,0.504946467742638,0.214414393199025,0.181393578743427,0.110806422514884,0.142883767988604
TCGAACAGTCCTTAAG-1,0.2959861685538,0.465489185707506,0.358081392545446,0.570390923485916,0.215756690882973,0.159631884860227,0.119622346503097,0.135828108151284
TCGAACAGTGGAATGC-1,0.214353515492576,0.317806856962054,0.243454361348185,0.566773682757819,0.258356980536684,0.207191622843436,0.138853809609718,0.167239106993091
TCGAACAGTTGGTGTT-1,0.222670463534251,0.519752751598978,0.345894208978254,0.807225765213475,0.350280822804931,0.187794076944368,0.146394852366348,0.173076667066044
TCGAACATCCTACACC-1,0.368815964924176,0.484055416186408,0.404364964559526,0.580211223615207,0.200014129449305,0.150971030537873,0.134584160202057,0.139568939121637
TCGAAGTAGGCATCTT-1,0.237055619590029,0.42665039437702,0.305631901248855,0.715196769179366,0.33184189146228,0.236437863271519,0.166612544350232,0.197145785907318
TCGAAGTAGGCTTTCA-1,0.456324722580062,0.424944064004339,0.421156998890978,0.593372750119848,0.21417890237728,0.161061906079897,0.151470322929821,0.150505211869484
TCGAAGTCAAAGGTTA-1,0.186374217461071,0.313580581734355,0.229591590722793,0.590394700524427,0.290560350410343,0.22028092997509,0.153370617595766,0.180305390257864
TCGAAGTCACCCTTAC-1,0.446900354826316,0.449635003503062,0.428859877525435,0.562647994537821,0.211235267105465,0.153727281114494,0.136568645138012,0.139981628659292
TCGAAGTCATGCACTA-1,0.337480507153027,0.435498451872443,0.362909253098028,0.604224472304139,0.264150054751616,0.202394132300028,0.148222983943713,0.171266158126656
TCGAAGTTCCCAAGTA-1,0.216421452301851,0.382206703279318,0.275658180240127,0.621918445022299,0.27518279975038,0.202878494326045,0.10935113356185,0.151097621044504
TCGAAGTTCCGTTTCG-1,0.46159061631297,0.467749225936222,0.4454710931096,0.619318099278005,0.225129225588433,0.154995848325491,0.137494738108124,0.146850912576381
TCGAAGTTCTAGAGCT-1,0.227009740773386,0.393506904422899,0.286483195911085,0.622775542222932,0.248336846071424,0.183584740289695,0.119622346503097,0.148029074643556
TCGAAGTTCTATTTCG-1,0.190815196510498,0.323784663367008,0.234582188147934,0.645379665005738,0.302452636908477,0.216060060891226,0.157267424379097,0.181663271962405
TCGACCTAGATTCGCT-1,0.231699324247972,0.5403982190883,0.362161868942572,0.769876665165536,0.329675375902224,0.188635944275302,0.15110950748692,0.171825285887349
TCGACCTAGTAGAATC-1,0.207211788369833,0.444256107758718,0.303841795650706,0.722823481557883,0.320832695545691,0.238617492388597,0.159660833483673,0.196553376732298
TCGACCTTCAAAGGAT-1,0.192770131308337,0.400411327321626,0.272716861950914,0.699667330069585,0.295093548728938,0.20528877202694,0.144386313067533,0.17075362434602
TCGACCTTCACGGGAA-1,0.205674961014306,0.379076547562547,0.271017165726409,0.529410055638683,0.210340401982833,0.171129716763539,0.110878585603464,0.136453798740631
TCGACCTTCATAGCAC-1,0.217574072818496,0.318111962392931,0.246703071507787,0.593532547903017,0.294128036359783,0.222437494233785,0.131589392025979,0.17084015602327
TCGACCTTCGCCGAGT-1,0.181616832779623,0.283465545686713,0.212347509523121,0.580661562822319,0.291419891909713,0.226831349755513,0.145649167117686,0.179613136839863
TCGACGGAGTAAATGC-1,0.44603023933826,0.438967613623522,0.424658855296784,0.549370251463602,0.182905721249514,0.129670633822308,0.118155030368633,0.119007681350427
TCGACGGCATTAAAGG-1,0.206669378714941,0.418909756593667,0.286115531124934,0.73966035707541,0.321692237045061,0.210339976012547,0.155956461603223,0.182921309423965
TCGACGGGTATGAAGT-1,0.326259407417452,0.497287951725541,0.390405757268914,0.656870578322704,0.242190535623874,0.17087600332134,0.115857838715497,0.141279603818044
TCGACGGGTTGTTTGG-1,0.329050557099916,0.465477885506362,0.374264670427697,0.637825587983207,0.272980960567062,0.204054802103515,0.149762463166757,0.173316293249198
TCGACGGTCGAGTCCG-1,0.246299184125477,0.372093023255814,0.292233232074835,0.542600636285718,0.23115779062511,0.173678383614725,0.170509351133562,0.171206251580867
TCGATTTAGATCCGAG-1,0.193595045991819,0.287974325943002,0.2177600173586,0.57896189549225,0.307374395082952,0.255720084878679,0.146358770822058,0.194729555227179
TCGATTTCAGATCACT-1,0.230162496892445,0.356702149298257,0.271029220309562,0.564594622078243,0.246570664908335,0.197296798597657,0.135317818269289,0.160349854227405
TCGATTTGTAAGAACT-1,0.217438470404773,0.432390896557959,0.301816625681084,0.612926187951247,0.246688410319208,0.176261647753483,0.0987551867219917,0.131421648894391
TCGATTTGTGCTTATG-1,0.294969150450878,0.524148529843831,0.386277062539177,0.698141987593881,0.286980889919815,0.195082572193007,0.151614649106982,0.169908276422115
TCGCACTCAAGTATAG-1,0.230128596289014,0.543844780437092,0.362396933314046,0.746270174470125,0.332795629290348,0.216878863363779,0.160033676108004,0.186961673123261
TCGCACTGTAAGTCAA-1,0.205833163830316,0.375460483196601,0.26766599161001,0.535656696253468,0.222409306597275,0.179490727926931,0.104107282458356,0.137452241170441
TCGCACTGTTGGGTTT-1,0.324982484688227,0.4596017809117,0.368852162592218,0.656231387190029,0.255036559950076,0.177760863548298,0.134788622286367,0.154345887082817
TCGCACTTCCGTAATG-1,0.430673265984135,0.492248062015504,0.444253580211196,0.603512645815477,0.194715585960037,0.131688808930713,0.117986649828613,0.120818190289815
TCGCACTTCTCAACCC-1,0.225676317038443,0.311964652970823,0.24592555089445,0.579208855702602,0.253882654923524,0.199107389980626,0.143111431835949,0.166573478706551
TCGCAGGCACCGGTCA-1,0.426277487739282,0.459579180509413,0.42377887072665,0.574545665848308,0.207561610286239,0.150509733370237,0.12445727343797,0.135189104996206
TCGCAGGCAGGACTAG-1,0.223766583045178,0.393563405428617,0.286230049664883,0.611851184682656,0.250091252693426,0.185937355844635,0.125299176138072,0.151949625251275
TCGCAGGGTCACCTTC-1,0.373189142766741,0.463873256943974,0.397367279039491,0.563069279602539,0.2248819602256,0.176077128886429,0.139286788141199,0.151177496438889
TCGCAGGGTTGTGTAC-1,0.184215879042647,0.34840780165887,0.246817590047736,0.536630010023679,0.217723039244545,0.180886151859028,0.103337542846834,0.137565397979153
TCGCTCAAGGTTGCCC-1,0.201482586390038,0.300924356453545,0.232520854428854,0.512645815477142,0.233889484157355,0.195036442476243,0.123266582476397,0.152808285740911
TCGCTCACACAGCTGC-1,0.216003344859539,0.353865798811219,0.258510535705675,0.716809274082252,0.35811089262796,0.272672755789279,0.172289373985207,0.219051612817338
TCGCTCAGTCAGACTT-1,0.295997468754944,0.606131489140507,0.432458170596461,0.612475848744135,0.254282989320491,0.172905710858935,0.140742077094233,0.151177496438889
TCGCTCAGTGTATTGC-1,0.211765769430696,0.299037222862567,0.232978928588649,0.65694321367869,0.33085283001095,0.263146969277609,0.167514582957484,0.210365163677996
TCGCTTGGTATCGTAC-1,0.187752842000588,0.31321897529776,0.227897921789865,0.627424205006029,0.285179385133464,0.213419134606514,0.142630344578748,0.173868764727026
TCGCTTGGTTTACCTT-1,0.249406739439962,0.451036228444866,0.324431023675201,0.724348824033587,0.324553450529266,0.220926746009779,0.156148896506104,0.185716948227432
TCGGATAAGATGACCG-1,0.176124935023843,0.299421429701449,0.219767105453493,0.512515071836367,0.223881124233183,0.19459821016699,0.102267123699561,0.142983612231585
TCGGATAAGCGCCATC-1,0.155140461500215,0.272154044341989,0.197279280582477,0.499716722111655,0.217652391998022,0.185914290986253,0.101689818990919,0.139016467643809
TCGGATAAGTCGTTAC-1,0.202872511130698,0.320620607046805,0.23856622787984,0.640149919374755,0.339212754182906,0.271727096595627,0.165734560105839,0.213001051692693
TCGGATACACGACGTC-1,0.21225167807987,0.402230659705743,0.283855296783837,0.554077022531487,0.222162041234443,0.183077313405296,0.119393830055926,0.146285128532822
TCGGATACACGGTGAA-1,0.183198860939725,0.346701471286189,0.243870244466946,0.585281171463021,0.280622637732694,0.21012085985792,0.121654940164772,0.160243353701559
TCGGATAGTCGTGGTC-1,0.144732976246977,0.248660926164486,0.182934326630985,0.504278222467568,0.25214002284261,0.199995387028324,0.11307955980516,0.152482127880506
TCGGATAGTCTACGAT-1,0.229439284019256,0.38808280787398,0.284566517189836,0.619419788776385,0.261642077500029,0.188243841682812,0.13570268807505,0.158952034825672
TCGGATATCATAGAGA-1,0.288607137207042,0.442787081610053,0.343923284632817,0.673925359908189,0.266881748283861,0.210351508441738,0.180443802994768,0.190982067973961
TCGGGACAGCCTAACT-1,0.436312066354781,0.417621533663299,0.407631756593857,0.594462280459637,0.249231711194056,0.18873973613802,0.146551205724938,0.162899210564852
TCGGGACCATAACAGA-1,0.250197753520013,0.443555495287816,0.322526399537104,0.639699580167642,0.24078936523449,0.16071593320417,0.123928077455048,0.139482407444387
TCGGGACTCAGCGCAC-1,0.1848260899044,0.326734015865482,0.233973431698732,0.621802228452722,0.304454308893311,0.228411292554664,0.156016597510373,0.186435826776895
TCGGGACTCCAACTGA-1,0.305715641738423,0.494914909485389,0.378797193693042,0.681552072286706,0.27023749249373,0.19121920841406,0.161849780503939,0.170700374083097
TCGGGACTCGTGTCAA-1,0.339763147784031,0.433769521097476,0.367598485944356,0.646280343419963,0.286262642913492,0.204815942430113,0.152504660532804,0.174154984890238
TCGGGCAAGCGGTAAC-1,0.172192465025877,0.295647162519493,0.217223588408313,0.492482240655461,0.218088050018251,0.191657440723314,0.0972397618618077,0.139642158233156
TCGGGCACAAAGAACT-1,0.269419395665243,0.57593735168486,0.401242827523024,0.641079651931374,0.271297201191584,0.172144570532337,0.124794034518011,0.144601088967877
TCGGGCACAGTAGTGG-1,0.380839378940945,0.423339435441951,0.381081537200444,0.617197146883217,0.274181963757963,0.202359535012455,0.157315533104817,0.17561271083776
TCGGGCAGTGGAACAC-1,0.24611838090718,0.507017424910163,0.351831091180867,0.694800761218531,0.262124833684607,0.171360365347357,0.108809910397498,0.138364151923
TCGGGCATCGGTCGAC-1,0.245293466223699,0.549607883020318,0.373782487101596,0.666850676235164,0.259357816529101,0.154626810591383,0.100078176679295,0.124818616291918
TCGGGTGAGCTCCCTT-1,0.186747124098809,0.387698601035098,0.2624644389797,0.697444688176417,0.301428251833885,0.210939662330473,0.152432497444224,0.177123687048205
TCGGGTGAGTAGAATC-1,0.407394851628359,0.519458946369245,0.444627272288924,0.605996774990194,0.206337058013164,0.134145216348372,0.114570930302484,0.121763382456701
TCGGGTGAGTGCAACG-1,0.210963455149502,0.357899970619477,0.263169632094122,0.564318607725496,0.227201544819791,0.182500691945751,0.105237837512779,0.138317557942942
TCGGGTGGTTTCCAAG-1,0.176204036431848,0.282764933215811,0.209309754568687,0.550852012725714,0.291937971717552,0.244706615001384,0.130867761140177,0.181669928245271
TCGGTCTAGACCAAGC-1,0.235100684792189,0.494485501841933,0.338769950335117,0.746444499324491,0.328344852759364,0.211377894639727,0.148716098382344,0.179133884473555
TCGGTCTCAGACCCGT-1,0.205663660813162,0.514339955251203,0.334858238102126,0.790984499615033,0.334797301275183,0.179040963188486,0.13201034337603,0.157394464635169
TCGGTCTGTAAGGCTG-1,0.199674554207065,0.336791194883269,0.24573267756401,0.60529947557273,0.259369591070188,0.193744810406864,0.126598111732515,0.15681536802588
TCGGTCTGTATGTCAC-1,0.233258752005786,0.381867697245011,0.284259125319446,0.536310414457341,0.222362208432926,0.184161361749239,0.115809729989777,0.143769053609702
TCGGTCTGTGGGTCAA-1,0.170124528216602,0.320575406242231,0.225342350161531,0.570027746705987,0.242002142966478,0.1897776547652,0.108978290937519,0.144854027716762
TCGGTCTGTTATTCTC-1,0.416480213347798,0.484823829864172,0.431487776652683,0.535845548179032,0.189993994984045,0.12903635021681,0.123218473750677,0.117789581586059
TCGGTCTTCAGCGTCG-1,0.210714850724343,0.349006712319479,0.256256328656155,0.596379853857664,0.286191995666969,0.214976012547283,0.12826988995129,0.165748099631242
TCGTAGAAGGACTATA-1,0.233665559246955,0.562072004881687,0.372902502531462,0.761436436799977,0.312990851181575,0.172282959682628,0.141018702267124,0.159997071235539
TCGTAGAAGGGCGAGA-1,0.246909394987231,0.48412321739327,0.340288827812334,0.697720702529163,0.299850463328192,0.220073346249654,0.137627037103855,0.174161641173103
TCGTAGATCCAACTGA-1,0.217257667186476,0.447770470314372,0.305469164376296,0.786103403692782,0.346454096951571,0.220926746009779,0.167983643033255,0.196946097421356
TCGTAGATCGATAACC-1,0.179435893958912,0.303489502113138,0.219742996287188,0.607841713032236,0.315416406645551,0.254474582526063,0.142762643574478,0.193438236351292
TCGTAGATCGCAATTG-1,0.242581417949239,0.38792460505797,0.291654612083514,0.527013088891149,0.215591847307751,0.181808746194298,0.118347465271514,0.143469520880759
TCGTAGATCTCGTGAA-1,0.238750649761566,0.412050534499514,0.298965716765514,0.659950317416506,0.310871433785868,0.23345096411108,0.149353538998136,0.186322669968183
TCGTAGATCTTTACAC-1,0.229699188645558,0.426898998802179,0.302075799218863,0.719322457399364,0.310094314074109,0.200537411200295,0.151530458836972,0.174654206105143
TCGTCCAGTACGTGTT-1,0.189978981625873,0.352035166225959,0.245768841313467,0.738338393596467,0.357286674751852,0.260448380846942,0.168789464189067,0.210910978872958
TCGTCCAGTGTCCGTG-1,0.167333378534138,0.280211087757362,0.205994744201746,0.528494850153261,0.26443264373771,0.209209797951841,0.125575801310963,0.161348296657215
TCGTCCAGTTGGAGAC-1,0.231394218817095,0.572829796370375,0.377489271420994,0.736914740619144,0.288735296541817,0.186121874711689,0.131204522220218,0.156529147862668
TCGTCCATCTAGTTCT-1,0.247135399010102,0.436764074400524,0.316547326293457,0.714252509551549,0.300403866759293,0.204700618138205,0.171988694449456,0.185796823621817
TCGTCCATCTCGCCTA-1,0.237485027233485,0.425938481704974,0.305077390423839,0.690965614422476,0.315157366741631,0.238767413968078,0.159203800589332,0.194696273812852
TCGTGCTGTGTCGCTG-1,0.143987162971501,0.302110877573621,0.210418776218718,0.466493310283714,0.209092300627583,0.122797306024541,0.163004389921222,0.150139116311887
TCGTGCTTCGAATCCA-1,0.231021312179357,0.38398083485886,0.284216934278413,0.680782137513256,0.313214567462233,0.246793984684934,0.155475374346022,0.195321964402199
TCGTGGGAGTACGAGC-1,0.247836011481004,0.444120505344995,0.321351077679734,0.668172639714107,0.289889201568369,0.207180090414245,0.123062120392086,0.16026997883302
TCGTGGGGTGTCTTGA-1,0.194917169525618,0.317287047709449,0.232960846713921,0.58961023867978,0.295811795735261,0.234535012455024,0.139298815322629,0.180351984237922
TCGTGGGTCACCGGGT-1,0.207245688973264,0.521504282776233,0.339246106369642,0.79593823089327,0.344829210281529,0.18352707814374,0.137350411930964,0.163684651942969
TCTAACTAGCTGACTT-1,0.226343028905915,0.387585599023663,0.280100294131829,0.747810044017026,0.325354119323199,0.203005351047145,0.157447832100547,0.180884486867154
TCTAACTCAAATCGGG-1,0.475365561506995,0.46704861346532,0.453499445489175,0.594578497029214,0.191359841750168,0.126487683365624,0.126117024475314,0.120938003381392
TCTAACTCATTCCTAT-1,0.423350735643094,0.465353583293783,0.423266550942668,0.659238490927844,0.237209904743963,0.161857643694068,0.146815803716399,0.152768348043718
TCTAACTGTAGACAAT-1,0.225043505774403,0.319241982507289,0.251615314142437,0.637898223339193,0.278774034781994,0.203143740197435,0.150291659149678,0.172597414699735
TCTAACTGTTTCCAAG-1,0.230173797093588,0.444007503333559,0.31001976951637,0.762889143919694,0.328933579813727,0.19994925731156,0.138937999879728,0.17250422673962
TCTAACTTCTTTGCTA-1,0.216613555721292,0.514690261486654,0.341952360287381,0.698839287011346,0.28132911019793,0.168523387766399,0.0972157074989476,0.131082178468256
TCTACATCAAGAAACT-1,0.423655841073971,0.416932221393541,0.399989150875163,0.61898397664047,0.216910595909524,0.15602223452348,0.140501533465632,0.142910393120066
TCTACATGTCAAATCC-1,0.198849639523584,0.339243338531426,0.244364482376199,0.680883827011636,0.326931907828892,0.242008026570717,0.15092909976547,0.19063594126496
TCTACATGTTTCTTAC-1,0.21483942414175,0.477049291477388,0.320000964366652,0.742420500602873,0.316217075439485,0.199937724882369,0.152324252811354,0.177103718199609
TCTACATTCACCTCGT-1,0.475422062512713,0.418966257599385,0.430571628333092,0.533666487499455,0.202204194091535,0.157648307039395,0.146960129893559,0.14800910579496
TCTACATTCACGGACC-1,0.193097837141501,0.344260627839176,0.247396210039057,0.525080988421924,0.228932402359618,0.190584924808562,0.105442299597089,0.143562708840875
TCTACCGCACCAGTAT-1,0.287635319908694,0.484450923226433,0.364590867447804,0.695120356784869,0.273557913080338,0.210489897592029,0.177581333814421,0.188379461373591
TCTACCGCATGGGAAC-1,0.218602391122562,0.578547698149027,0.374939727084237,0.7880645583044,0.326602220678449,0.171625611218747,0.134644296109207,0.156176364870802
TCTACCGGTCAAGCGA-1,0.250480258548602,0.658982529889032,0.433223636626645,0.726048491363656,0.282377044354696,0.173643786327152,0.144205905346082,0.157747247627035
TCTACCGTCCATTCGC-1,0.19211471964201,0.315637218342486,0.230857321953807,0.611182939407586,0.26138303759611,0.174485653658087,0.125599855673823,0.148987579376173
TCTATACCAGAACGCA-1,0.228975975772369,0.54270346012159,0.361299966247167,0.795357148045383,0.343274970858011,0.182362302795461,0.145973901016297,0.170141246322404
TCTATACCAGTGGCTC-1,0.424864962596334,0.494734106267092,0.440685423598052,0.606142045702166,0.217511097504975,0.152839284066796,0.122136027421974,0.135714951342572
TCTATACCATCCGTTC-1,0.282448527583791,0.539584604605962,0.38844688750663,0.741229280764705,0.313285214708757,0.199234246701725,0.160274219736605,0.177902472143456
TCTATACGTAGTCTTG-1,0.189854679413294,0.341921486202454,0.246654853175177,0.585179481964641,0.251845659315428,0.187136728480487,0.1357628239822,0.157880373284343
TCTATACGTCTTGCGG-1,0.492654869256673,0.426390489750718,0.441270070880949,0.561500355913244,0.190688692908194,0.133199557154719,0.145288351674785,0.133152282439395
TCTATACTCAAAGGTA-1,0.260876443600696,0.623070490654734,0.420313178070302,0.744861048563999,0.302346666038691,0.17544284528093,0.149305430272416,0.163038992505025
TCTATACTCCTCACGT-1,0.233281352408073,0.314156891992677,0.249011524181494,0.626015079099903,0.298555263808593,0.232113202324938,0.174346022009742,0.196573345580894
TCTATCAAGGTCATTC-1,0.163875516984202,0.276798427012001,0.204692849221274,0.511585339279748,0.226742337717387,0.17713811237199,0.119357748511636,0.146511442150246
TCTATCAGTTATCTGG-1,0.221868149253057,0.345729653987841,0.260047495057621,0.639234713889333,0.294916930612629,0.215691023157118,0.160875578808106,0.183140966758523
TCTATCATCATTGCTT-1,0.297986304156214,0.342486496259633,0.30030980278702,0.676206110086146,0.309164125328215,0.268797859581142,0.182356124842143,0.222053596389632
TCTATCATCCTTATAC-1,0.29702578705901,0.447894772526951,0.348733063310671,0.746807676104421,0.293292043942587,0.194459821016699,0.182151662757833,0.187807021047166
TCTATCATCGCGTGCA-1,0.209754333627139,0.469625059326056,0.31366025362843,0.786277728547148,0.347713972847908,0.217882184703386,0.14718864634073,0.181756459922521
TCTCACGCAGGCGATA-1,0.256367663344408,0.379698058625444,0.295813443271132,0.548861803971701,0.228414322551779,0.182685210812806,0.129977749714354,0.151410466339178
TCTCACGCATACGCAT-1,0.217065563767035,0.349967229416684,0.261656781908482,0.555892906431134,0.247889413510108,0.187321247347541,0.104973239521318,0.139668783364618
TCTCACGGTATGGTAA-1,0.218432888105408,0.327412027934097,0.250060272915763,0.6965004285486,0.334279221467343,0.241281483531691,0.148451500390883,0.190955442842499
TCTCACGGTCCTCCAT-1,0.229190679594097,0.337243202929012,0.257413568638796,0.654008745296861,0.31129531726501,0.225066888089307,0.166504299717361,0.191368132380154
TCTCACGGTGTACATC-1,0.280663095803105,0.425271769837503,0.328457254448141,0.736609672124003,0.313085047510273,0.228907187009872,0.184076011786638,0.203409348083656
TCTCAGCAGCCGTTAT-1,0.22538251180871,0.358724885302958,0.266749843290419,0.675595973095864,0.327214496814987,0.243945474674786,0.158253653256359,0.195388527230853
TCTCAGCAGTAGGGTC-1,0.151648699346848,0.290403869188872,0.204421621100342,0.560919273065357,0.259322492905839,0.19682396900083,0.123711588189308,0.156455928751148
TCTCAGCCAATGTGGG-1,0.213675503423961,0.390049042872963,0.277761705000241,0.697110565538882,0.310824335621519,0.280168834763355,0.1774129532744,0.225188705619234
TCTCAGCCATATCTGG-1,0.174610708070604,0.280357990372229,0.207682385843098,0.596467016284847,0.307715856774482,0.238928867976751,0.147802032593662,0.185896667864798
TCTCAGCCATCTTTCA-1,0.242208511311501,0.545856216240649,0.36905709050581,0.740604616703226,0.301734389902154,0.189062644155365,0.157375669011967,0.173482700320833
TCTCAGCGTCCACTCT-1,0.485592243541935,0.463398648495943,0.45891798061623,0.524456324360446,0.175899869302594,0.118541839653105,0.111612243670696,0.110421076454065
TCTCAGCGTCCCTGAG-1,0.217110764571609,0.337683910773612,0.254888133468345,0.614131934860613,0.282212200779475,0.214099547928776,0.147717842323651,0.175073551925663
TCTCAGCGTCTTTCAT-1,0.213494700205664,0.435622754085023,0.297874776990212,0.723883957755277,0.323988272557077,0.221549497186087,0.167755126586085,0.192013791818097
TCTCAGCTCCTACCAC-1,0.217687074829932,0.52837480507153,0.349540720381889,0.72901201388788,0.268836322104346,0.159908663160808,0.113921462505262,0.135235698976264
TCTCCGAAGACGTCGA-1,0.199742355413926,0.44328429046037,0.297772313033415,0.762438804712582,0.333266610933839,0.206361287941692,0.115881893078357,0.160023696367001
TCTCCGAAGTTGAAAC-1,0.207731597622438,0.438628607589215,0.297681903659771,0.72700727806267,0.288758845623992,0.184219023895193,0.131733718203139,0.155637205958704
TCTCCGATCTGCTCTG-1,0.247011096797523,0.668644201866793,0.436387964704181,0.726731263709923,0.275771526804743,0.163172340621829,0.141896686511516,0.152149313737237
TCTCTGGGTTGCCGCA-1,0.257079576016453,0.394196216692657,0.30246757317132,0.596713976495199,0.258686667687127,0.194356029153981,0.114643093391064,0.14985955243154
TCTCTGGTCAGTGGGA-1,0.485298438312202,0.439012814428097,0.443542359805198,0.576172697822392,0.18743891956811,0.136670818341175,0.1358830957965,0.130230174261485
TCTCTGGTCCACGTAA-1,0.274120279340972,0.37176531742265,0.297561357828246,0.748115112512166,0.328168234643055,0.238582895101024,0.18496602321246,0.209739473088648
TCTCTGGTCGATGCTA-1,0.26502361742039,0.677413157954212,0.450455663243165,0.680186527594172,0.225894570759105,0.138227696281945,0.1131757772566,0.123048045049722
TCTCTGGTCTTCTGGC-1,0.192770131308337,0.287624019707551,0.221394474179083,0.528160727515726,0.183105888447998,0.113467570809115,0.154380900835889,0.144048617490049
TCTGCCAAGAGGGTAA-1,0.32341175672927,0.4542341853685,0.367411639905492,0.672603396429246,0.28726347890591,0.224328812621091,0.171567743099405,0.193025546813637
TCTGCCAAGCTCGAAG-1,0.212183876873008,0.462200827174724,0.309808814311201,0.742565771314845,0.341873800468627,0.233889196420334,0.163810211077034,0.197645007122223
TCTGCCACAGTGGCTC-1,0.207980202047596,0.38502045336407,0.271818795506051,0.672676031785232,0.316405468096881,0.233612418119753,0.147417162787901,0.185237695861123
TCTGCCACATTGAAAG-1,0.207799398829299,0.386613781725315,0.274482858382757,0.632944492060956,0.26520976344947,0.191934219023895,0.15080882795117,0.167452108044783
TCTGCCAGTATACAGA-1,0.199301647569327,0.316202228399665,0.233889049616664,0.613739703938289,0.314721708721403,0.256769535935049,0.148571772205184,0.196466845055047
TCTGCCAGTGACCTGC-1,0.448651886003571,0.453703075914751,0.43159024060948,0.55699696384212,0.211977063193962,0.152078143740197,0.143003187203079,0.142996924797316
TCTGCCATCTACACAG-1,0.146360205211653,0.245191764413407,0.182385843097546,0.515812716998126,0.243415087896949,0.191680505581696,0.127343796981177,0.156675586085706
TCTGGCTAGACGAGCT-1,0.416954821795828,0.452041946346645,0.414442596075028,0.644595203161091,0.232971069952549,0.160000922594335,0.139022190149738,0.148614827535711
TCTGGCTAGAGTCTTC-1,0.465003277058332,0.46234772978959,0.444802063744636,0.575548033760913,0.197235337752711,0.132899713995756,0.129677070178604,0.126016747207689
TCTGGCTCACCCTTGT-1,0.161106967704025,0.26164485727846,0.194603163122619,0.530325261124105,0.264044083881831,0.229287757173171,0.12822178122557,0.170587217274385
TCTGGCTCAGGTCAGA-1,0.216692657129297,0.569564038239881,0.369732147162351,0.788224356087569,0.328062263773269,0.174577913091614,0.143688736544591,0.163970872106181
TCTGTCGAGCATTTCG-1,0.21575474043438,0.475116957081836,0.318729205844062,0.745122535845548,0.332206902235985,0.230867699972322,0.164555896325696,0.195807873051373
TCTGTCGAGCTCGTGC-1,0.183865572807196,0.284448663186205,0.213052702637543,0.567006115896974,0.29744845694639,0.252098902112741,0.138709483432558,0.189158246468842
TCTGTCGCATTGCCGG-1,0.442922684023776,0.50867855447827,0.457411157722166,0.489315339134477,0.1786668864581,0.119429836700803,0.119923026038848,0.116910952247827
TCTTAGTGTTCCGGTG-1,0.199369448776188,0.439069315433815,0.292612951444139,0.781367578482502,0.346041988013517,0.19877294953409,0.137566901196705,0.169422367772941
TCTTAGTTCGTGTGAT-1,0.21285058874048,0.384658846927475,0.274085057138724,0.739529613434635,0.343180774529313,0.261486299474121,0.189392025978712,0.222007002409574
TCTTGCGAGGATCACG-1,0.444222207155287,0.497875562185007,0.452293987173924,0.535685750395863,0.187486017732459,0.12448104068641,0.122520897227735,0.119620059374043
TCTTGCGTCAATGTCG-1,0.189233168350397,0.32066580785138,0.23243044505521,0.650841843775876,0.326237209904744,0.259848694529016,0.157495940826267,0.202730407231386
TCTTGCGTCATACGAC-1,0.185153795737564,0.413417858837887,0.273277400067506,0.793613899501721,0.336598806061534,0.187782544515177,0.130013831258645,0.161348296657215
TCTTTGAAGAGGTGCT-1,0.204759644721676,0.328643749858748,0.241163990549207,0.620029925766666,0.302947167634141,0.232078605037365,0.160490709002345,0.189757311926728
TCTTTGAAGATTACCC-1,0.229461884421543,0.362521752887201,0.269558561164955,0.688234525037407,0.313285214708757,0.224640188209244,0.14711648325215,0.182202430874502
TCTTTGAAGCCTATCA-1,0.201177480959161,0.297602097317332,0.22653575389363,0.655635777270944,0.341226200708827,0.274414152597103,0.166323891995911,0.214498715337407
TCTTTGACATATGGCT-1,0.281216805659141,0.39003774267182,0.310248806596268,0.59799235876055,0.258274558749073,0.182823599963096,0.140633832461363,0.158339656802055
TCTTTGAGTGCAGGAT-1,0.138596967026013,0.289917960539698,0.200696754906215,0.46800412568822,0.210375725606094,0.131665744072331,0.164591977869986,0.155697112504493
TCTTTGAGTTGTTGTG-1,0.204036431848487,0.365064298144507,0.261343362746516,0.601057570783154,0.290077594225765,0.218700987175939,0.119874917313128,0.163564838851392
TCTTTGATCAAGCTTG-1,0.467896128551088,0.411293421022894,0.419722503495829,0.637200923921728,0.223115779062511,0.159447365993173,0.158746767694991,0.156202990002263
TCTTTGATCTCACCCA-1,0.151422695323977,0.24488665898253,0.189347364868123,0.462512892775687,0.196976297848791,0.133810775901836,0.189283781345842,0.167531983439168
TGAACGTCACCGAATT-1,0.229394083214681,0.547924153049924,0.363451709339891,0.769586123741592,0.320915117333302,0.177437955530953,0.138841782428288,0.162147050601062
TGAACGTCAGCAGGAT-1,0.278583858792686,0.504565281262007,0.366573846376392,0.737408661039848,0.281223139328145,0.158559368945475,0.121077635456131,0.140853601714658
TGAACGTCATCATTTC-1,0.218139082875675,0.609781454109883,0.390441921018371,0.772099307058704,0.318030354766923,0.174773964387859,0.135197546454988,0.156262896548052
TGAACGTGTGGACTGA-1,0.319547087938165,0.460019888354013,0.366585900959545,0.651161439342214,0.269413274617622,0.188128517390903,0.150616393048289,0.1659677569658
TGAATCGAGACTCATC-1,0.275758808506791,0.481863177164554,0.356327450696755,0.742173540392521,0.313191018380059,0.207652920011071,0.179637981838956,0.194110520920697
TGAATCGAGGCCACCT-1,0.210285443080887,0.315479015526476,0.241248372631274,0.515594810930168,0.224469851287546,0.182396900083033,0.123711588189308,0.147962511814902
TGAATCGAGGGTACGT-1,0.392580287929125,0.525346351165051,0.439377501326004,0.534915815622412,0.185920003767853,0.130131930989944,0.123386854290697,0.123893392973628
TGAATCGGTTAAACCC-1,0.184588785680385,0.317648654146044,0.231827715897584,0.538562110492903,0.246040810559408,0.200099178891042,0.124180648265079,0.156489210165475
TGAATCGGTTGGGAAC-1,0.215359233394354,0.36734693877551,0.268244611601331,0.574966950913026,0.256531926668158,0.195174831626534,0.107462866077335,0.144680964362262
TGAATCGTCCGATTAG-1,0.215460935204647,0.4841571179967,0.325160325955928,0.745630983337449,0.29551743220808,0.180909216717409,0.139815984124121,0.159910539558289
TGAATCGTCTCATTAC-1,0.235552692837933,0.310405225213009,0.24980712666956,0.612316050960966,0.295882442981785,0.241200756527355,0.172517890432377,0.2002076760254
TGAATGCAGGCACTCC-1,0.487671480552354,0.413915067688205,0.432337624764936,0.548629370832546,0.186744221643961,0.138089307131654,0.142582235853028,0.134683227498436
TGAATGCCAACGCATT-1,0.208895518340226,0.475591565529866,0.31684869087227,0.737815419033369,0.333855337988202,0.239205646277332,0.152179926634193,0.193165328753811
TGAATGCTCCAATCTT-1,0.427509209663932,0.540296517278008,0.464993490525098,0.559452038874443,0.190182387641442,0.117550050742688,0.121354260629022,0.116677982347538
TGAATGCTCCCATGGG-1,0.186046511627907,0.294178136370827,0.217669607984956,0.578380812644363,0.298202027575975,0.247762708736968,0.137951771002466,0.188066616078917
TGAATGCTCGACACTA-1,0.230286799105024,0.413203155016159,0.294638121413762,0.766782399000537,0.324883137679709,0.185683642402436,0.145949846653437,0.168304112251554
TGAATGCTCGGTCGGT-1,0.163084502904152,0.282301624968924,0.207284584599065,0.504684980461089,0.219418573161111,0.181935602915398,0.110722232244873,0.141306228949505
TGACAGTAGGCCATAG-1,0.2189752977603,0.405383415824802,0.289840397319061,0.552508098842192,0.217028341320397,0.169515176676815,0.112021167839317,0.136493736437824
TGACAGTGTTCCACAA-1,0.156858092074039,0.249338938233101,0.185092097015285,0.591280851867455,0.330793957305514,0.286454008672387,0.164387515785676,0.219617396860897
TGACCCTAGACTCATC-1,0.212262978281013,0.355990236626212,0.257739042383914,0.71198628644479,0.28648635919415,0.231144478272903,0.193529376390643,0.209213626742282
TGACCCTAGCCTGTGC-1,0.246412186136913,0.359402897371573,0.282041082019384,0.448160146432878,0.221938324953785,0.141537503459729,0.167682963497504,0.157068306774765
TGACCCTCAGTCGTTA-1,0.281250706262571,0.411768029470925,0.320784512271566,0.714150820053169,0.298331547527935,0.193814004982009,0.155319020987432,0.174561018145027
TGACCCTGTAATTGGA-1,0.228218862295749,0.346260763441589,0.264007425623222,0.60370149774104,0.290018721520329,0.215921671740936,0.133489686691924,0.169189397872652
TGACCCTGTACTAGCT-1,0.199188645557891,0.413485660044749,0.283553932205024,0.57639060389035,0.237045061168741,0.173378540455762,0.0933309278970473,0.126908689111652
TGACCCTGTGTTTACG-1,0.213313896987366,0.371573214003209,0.267967356188823,0.687537225619943,0.311413062675882,0.213753575053049,0.162475193938301,0.184152721754064
TGACCCTTCAAACGTC-1,0.242265012317219,0.596176011933012,0.396487294469357,0.763659078693145,0.312731811277655,0.179317741489067,0.143809008358891,0.164503374735413
TGACCCTTCTGCTTTA-1,0.342000587610459,0.464878974845752,0.381997685520035,0.595900460508157,0.220631350893099,0.147718885506043,0.119369775693066,0.131028928205333
TGACGCGAGTCCTGTA-1,0.358159875245779,0.468427238004836,0.392274217657553,0.604122782805758,0.226954279456958,0.164694621275025,0.117457453845691,0.138803466592116
TGACGCGCACTAACCA-1,0.217031663163604,0.363403168576401,0.264423308741984,0.696093670555079,0.346147958883303,0.267529292370145,0.178170665704492,0.21724110387795
TGACGCGCACTGCGTG-1,0.357990372228626,0.434650936786675,0.374120015429866,0.650347923355172,0.282647858799703,0.223752191161546,0.1698839376992,0.19156116458325
TGACGCGGTCGCCTAG-1,0.254582231563722,0.435679255090741,0.320796566854718,0.701105510118105,0.270155070706119,0.181266722022327,0.114270250766733,0.143709147063914
TGACGCGGTGCCTTCT-1,0.194442561077587,0.405541618640812,0.278394570615748,0.609381582579136,0.226353777861508,0.170460835870468,0.108797883216068,0.135788170454092
TGACTCCTCCTTCTGG-1,0.271634235089385,0.432481298167107,0.326064419692367,0.735868791492947,0.307998445760577,0.191092351692961,0.158265680437789,0.176005431526818
TGACTCCTCTCATTTG-1,0.214410016498294,0.394998530973851,0.281498625777521,0.624881967546523,0.24302652804107,0.184092167174094,0.1169402850442,0.14582584501511
TGAGACTAGAGACAAG-1,0.190656993694488,0.314608900038421,0.233979458990308,0.515333323648619,0.244121560362185,0.20503505858474,0.111936977569307,0.152661847517872
TGAGACTAGATGCTGG-1,0.214613420118878,0.46067530002034,0.312738078017262,0.669015209843543,0.260794310541747,0.174577913091614,0.119033014613025,0.14423499341028
TGAGACTCACAGCTTA-1,0.21913350057631,0.358182475648067,0.263880852500121,0.595638973226608,0.265409930647953,0.198530768521081,0.148655962475194,0.169082897346806
TGAGACTCATATACCG-1,0.241959906886343,0.338836531290257,0.2641400260379,0.647137440620597,0.311048051902177,0.24843158963004,0.171784232365145,0.202943408283078
TGAGACTCATCTAACG-1,0.205189052365132,0.355018419327864,0.255231689088191,0.656856051251507,0.287051537166339,0.19473659931728,0.150063142702508,0.169901620139249
TGAGACTGTCACTCTC-1,0.211426763396388,0.435622754085023,0.297157529292637,0.773305053968069,0.327226271356074,0.183307961989113,0.149064886643815,0.168357362514477
TGAGACTTCGGAATGG-1,0.183345763554591,0.328293443623296,0.234190414195477,0.621540741171173,0.291466990074062,0.22536673124827,0.115629322268326,0.165475192033761
TGAGCATAGAGAAGGT-1,0.179763599792076,0.297918502949353,0.219893678576595,0.518369481528829,0.239764980159898,0.200756527354922,0.127103253352577,0.157893685850074
TGAGCATAGATGTAGT-1,0.191448007774538,0.390105543878681,0.268919668257872,0.666371282885657,0.320043801292845,0.234292831442015,0.146815803716399,0.185916636713394
TGAGCATAGGTCACAG-1,0.215619138020657,0.483953714376116,0.323454602439848,0.742652933742028,0.317253235055164,0.208575514346342,0.144771182873294,0.174960395116951
TGAGCATCAATTTCGG-1,0.17018102922232,0.292178000768414,0.218139736727904,0.488443714862647,0.209327791449328,0.177172709659563,0.112369956100788,0.141139821877871
TGAGCATCAATTTCTC-1,0.19075869550478,0.360894523922526,0.252103524760114,0.739674884146607,0.31228437871634,0.206845649967709,0.124914306332311,0.163604776548584
TGAGCATTCCTGGGTG-1,0.279566976292178,0.598390851357154,0.416449684169921,0.719075497189012,0.270472983315475,0.17635390718701,0.129063683925672,0.150385398777906
TGAGCATTCTAGTACG-1,0.193052636336927,0.298562614414537,0.227891894498288,0.507721138341299,0.22415193867819,0.179767506227512,0.111455890312105,0.141419385758217
TGAGCGCCAGAGCTAG-1,0.175763328587249,0.311806450154813,0.225673851198226,0.528029983874951,0.22316287722686,0.188509087554202,0.107980034878826,0.143243207263336
TGAGCGCCATCGCTCT-1,0.196962505932606,0.335062264108301,0.243020396354694,0.705056873483737,0.336433962486312,0.24439523941323,0.189019183354381,0.211436825219325
TGAGCGCTCGTCACCT-1,0.184543584875811,0.335197866522024,0.239952504942379,0.549224980751631,0.232594284637756,0.191634375864932,0.102351313969571,0.141745543618622
TGAGGAGAGAGGGTGG-1,0.24457025335051,0.429204239835469,0.316065142967356,0.63354010198004,0.319831859553274,0.303671925454378,0.162547357026881,0.231838332201765
TGAGGAGAGCGGCTCT-1,0.443013085632924,0.511853910999616,0.459502627899127,0.545593212952337,0.188993158991628,0.122163022419042,0.115809729989777,0.11579269672644
TGAGGAGAGGCTGGAT-1,0.218240784685967,0.33224851402355,0.252441053088384,0.616761334747302,0.281682346430548,0.213073161730787,0.148607853749474,0.175839024455183
TGAGGAGGTCTCAGAT-1,0.485784346961376,0.519628449386399,0.485082453348763,0.561543937126836,0.206702068786869,0.133384076021773,0.135606470623609,0.131920870109296
TGAGGGAAGGCACCAA-1,0.163378308133885,0.292754311026736,0.210075220598872,0.572744309019859,0.284260970928658,0.219404465356583,0.136893379036623,0.172071568353369
TGAGGGAAGGGACTGT-1,0.22749564942256,0.432989807218569,0.307259269974444,0.574879788485843,0.229156118640276,0.16189224098164,0.0907931926153106,0.120212468549063
TGAGGGAAGTTGCGAG-1,0.378116030465342,0.493005175492124,0.416015719176431,0.585658875314148,0.202604528488502,0.137697204539164,0.117216910217091,0.12225594738874
TGAGGGACAGCGAGTA-1,0.149659863945578,0.254537030759148,0.18801533342977,0.542295567790578,0.271721084670725,0.210005535566012,0.12842624330988,0.164356936512374
TGAGGGAGTAGTATAG-1,0.178531877867426,0.312925170068027,0.229356526351319,0.50395862690123,0.216416065183859,0.175950272165329,0.106909615731553,0.137492178867633
TGAGGTTCAAAGCGTG-1,0.346204262435871,0.48841729382783,0.396674140508221,0.627482313290817,0.254683323717458,0.187021404188578,0.122172108966264,0.150165741443348
TGAGGTTGTACTTCCC-1,0.184294980450652,0.339638845571451,0.236685712908048,0.723317401978587,0.315628348385122,0.213684380477904,0.152023573275603,0.182275649986022
TGAGGTTGTTATTCCT-1,0.205641060410875,0.360645919497367,0.259071073822267,0.75488472769005,0.372546480000942,0.25547790386567,0.170545432677852,0.21043172650665
TGAGGTTGTTCCGCGA-1,0.234942481976179,0.420491784753769,0.305209990838517,0.720223135813589,0.31929023066326,0.240405018913184,0.170725840399302,0.200387395662766
TGAGTCAAGAAGCTGC-1,0.18709743033426,0.312134155987977,0.226794927431409,0.661228699681857,0.316546762589928,0.237625703478181,0.140068554934151,0.184771756060546
TGAGTCAAGAATACAC-1,0.227088842181391,0.396987366375121,0.288797675876368,0.582593663291544,0.243603480554345,0.19147292185626,0.126706356365386,0.153986447808086
TGAGTCAAGCAACTTC-1,0.154857956471625,0.26486541460438,0.191402671295627,0.531560062175865,0.253199731540463,0.195267091060061,0.131336821215948,0.160542886430502
TGAGTCACAGCCGTTG-1,0.218071281668814,0.555992496666441,0.362933362264333,0.769469907172015,0.307562787740348,0.166828120675339,0.126441758373925,0.147236976982574
TGATCAGAGATGCAGC-1,0.46446086740344,0.454324586977648,0.440215294855104,0.535206357046356,0.198754253552968,0.139058031183689,0.135594443442179,0.1338245670088
TGATCAGCACTTGAAC-1,0.228207562094605,0.521459081971659,0.348865663725348,0.773072620828915,0.324765392268836,0.177507150106098,0.141571952612905,0.16336515036543
TGATCAGGTAGCCCTG-1,0.196917305128031,0.350362736456709,0.251802160181301,0.556386826851838,0.244027364033487,0.198023341636682,0.107931926153106,0.148222106846653
TGATCAGGTGGCTTAT-1,0.182170542635659,0.318044161186069,0.231092386325281,0.551897961851911,0.23339495343169,0.188624411846111,0.118924769980155,0.149520082005405
TGATCAGGTGTAAACA-1,0.395292336203584,0.481750175153118,0.416949949370751,0.661199645539463,0.248595885975344,0.162814835316911,0.143111431835949,0.151051027064446
TGATCTTCAAATCAAG-1,0.153694035753836,0.27051551517617,0.193464005014707,0.597367694699072,0.276583970139764,0.197262201310084,0.131745745384569,0.16277274119041
TGATCTTGTGCTCCGA-1,0.331299297127489,0.468133432775103,0.376259703939438,0.639336403387713,0.258404078701033,0.189016514438601,0.142101148595827,0.162766084907544
TGATCTTTCCTTCTAA-1,0.434255429746649,0.413768165073338,0.403744153527171,0.537341836512341,0.219571642195245,0.159689547006181,0.145973901016297,0.147489915731459
TGATGCACACCAACAT-1,0.247824711279861,0.325886500779714,0.263073195428902,0.622761015151735,0.28661587914611,0.212300488974998,0.155475374346022,0.178281880266784
TGATGCACAGGGATAC-1,0.26502361742039,0.445487829683368,0.328885192150055,0.719642052965702,0.322116120524203,0.230786972967986,0.169499067893439,0.197944539851166
TGATGCAGTGACTATC-1,0.188668158293218,0.31198725337311,0.228084767828728,0.622107296947862,0.29302122949758,0.221699418765569,0.157339587467677,0.183673469387755
TGATGCAGTTTACACG-1,0.225845820055597,0.459048071055665,0.316716090457592,0.714020076412395,0.266340119393847,0.172455946120491,0.106296229478622,0.138144494588442
TGATGCATCGATACAC-1,0.18753813817886,0.269645399688114,0.212486137229375,0.425948254572396,0.234584182081503,0.145643048251684,0.155102531721691,0.156036582930628
TGATGCATCGTAATGC-1,0.230501502926752,0.457522543901281,0.320000964366652,0.730304923224429,0.319561045108267,0.211896853953317,0.162908172469782,0.186515702171279
TGATGGTCAGGGACTA-1,0.238083937894095,0.52212579383913,0.35714113505955,0.751630663741883,0.29413981090087,0.170449303441277,0.140176799567021,0.158026811507382
TGATGGTCATGGGCAA-1,0.185549302777589,0.330948990892038,0.236589276242828,0.619899182125892,0.267105464564519,0.199268843989298,0.133922665223405,0.162759428624679
TGATGGTGTAGACAAT-1,0.16437272583452,0.266707347390784,0.201546603018468,0.457660850995831,0.203770208056141,0.174808561675431,0.108413013410307,0.139089686755328
TGATGGTTCCACAGGC-1,0.196646100300585,0.321592424345153,0.236655576450166,0.630634687740605,0.28455533445584,0.20346664821478,0.132948463527572,0.163877684146065
TGATGGTTCTACTCAT-1,0.345616651976405,0.47604357357561,0.38859154250446,0.55416418495867,0.192278255954974,0.140003690377341,0.121125744181851,0.127747380752692
TGATTCTAGCAAATGT-1,0.39477252695098,0.45777114832644,0.405883842036742,0.597730871479001,0.232759128212978,0.176895931358981,0.142774670755908,0.156049895496359
TGATTCTGTATGCGTT-1,0.190329287861324,0.354860216511854,0.247191282125464,0.738338393596467,0.356615525909878,0.255812344312206,0.164531841962836,0.206997084548105
TGATTTCAGGATTTAG-1,0.231382918615951,0.564286844305829,0.372866338782005,0.756046893385825,0.302028753429335,0.180897684288218,0.145432677851945,0.164762969767163
TGATTTCGTAGGCAAC-1,0.225845820055597,0.54405948425882,0.361764067698539,0.751616136670686,0.297625075062699,0.172375219116155,0.135498225990739,0.156056551779224
TGATTTCTCTCTTCAA-1,0.178870883901733,0.284064456347323,0.213317903466898,0.501038685590598,0.2304277690777,0.199476427714734,0.109134644296109,0.148747953193019
TGCACGGAGCAATAAC-1,0.371369810382625,0.44511492304563,0.388181686677275,0.561878059764371,0.21477940397273,0.164590829412307,0.116459197786999,0.136693424923786
TGCACGGCAACCACGC-1,0.204431938888512,0.377404117793297,0.268823231592652,0.644929325798626,0.273169353224458,0.19734292831442,0.149413674905286,0.169648681390364
TGCACGGCAACCTATG-1,0.207030985151536,0.456901032838385,0.308344182458171,0.662289175879251,0.262949051560715,0.182489159516561,0.100896025016537,0.136633518377997
TGCACGGCACAGCCTG-1,0.320959613081113,0.453002463443849,0.364602922030956,0.728590728823162,0.277184471735214,0.177956914844543,0.180612183534789,0.175998775243953
TGCACGGGTTAGCGGA-1,0.447555766492644,0.418977557800529,0.415961473552245,0.512994465185874,0.186367436329169,0.14154903588892,0.128955439292802,0.127900475258597
TGCACGGGTTCCGTTC-1,0.155739372160824,0.266933351413655,0.194669463329958,0.544271249473394,0.248854925879264,0.18899344958022,0.117457453845691,0.150884619992811
TGCACGGGTTGCCATA-1,0.444414310574728,0.456528126200646,0.432855971840494,0.582913258857882,0.186567603527653,0.129682166251499,0.117240964579951,0.118421928458272
TGCACGGTCTCCACTG-1,0.435340249056433,0.411282120821751,0.401917884179565,0.675610500167061,0.240942434268624,0.172282959682628,0.186782127608395,0.174740737782393
TGCAGATAGAGGCCAT-1,0.263272086243135,0.521865889212828,0.369774338203385,0.672559815215654,0.28614489750262,0.188924255005074,0.135161464910698,0.159830664163904
TGCAGATCAAGCGCAA-1,0.26028883314123,0.381890297647298,0.295644679106996,0.661708093031364,0.28270673150514,0.235180828489713,0.173011004871008,0.1954950277567
TGCAGATCATGATGCT-1,0.173582389766538,0.280911700228264,0.208254978542842,0.561965222191554,0.275677330476045,0.216567487775625,0.144807264417584,0.174714112650931
TGCAGATTCATTTGTC-1,0.204556241101092,0.305828643749859,0.233828776700902,0.538344204424946,0.263643749484864,0.20946351139404,0.131288712490228,0.164676438089913
TGCAGATTCGCTAATG-1,0.213732004429679,0.364747892512487,0.265038092482762,0.648619201882708,0.30708003155577,0.229391549035889,0.131108304768777,0.175206677582971
TGCAGGCAGACGCCAA-1,0.156654688453454,0.29415553596854,0.207814986257775,0.578162906576405,0.254706872799633,0.187252052772396,0.130735462144446,0.154598825831703
TGCAGGCAGATGATTG-1,0.20218319886094,0.30769317693855,0.230736776122282,0.637012071996165,0.308445878321892,0.231075283697758,0.157880810632028,0.188299585979206
TGCAGGCAGATTGGGC-1,0.21196917305128,0.386738083937894,0.275513525242297,0.66044423783721,0.269954903507636,0.191357597564351,0.12834205303987,0.156802055460149
TGCAGGCAGGGCTGAT-1,0.175175718127783,0.276086514339955,0.208441824581706,0.496651510089051,0.234760800197812,0.200641203063013,0.116314871609838,0.1530412556412
TGCAGGCCAGAAGCGT-1,0.245790675074016,0.264989716816959,0.240145378272819,0.496985632726586,0.260547045178914,0.218574130454839,0.147405135606471,0.178754476350227
TGCAGGCGTGTTCGTA-1,0.175639026374669,0.319637489547314,0.226421235353681,0.64192222206081,0.316405468096881,0.23813313036258,0.134692404834927,0.181723178508194
TGCAGGCTCGTGTGGC-1,0.16819219382105,0.294867448640586,0.212118472443223,0.536339468599736,0.267611769831271,0.211735399944644,0.119562210595947,0.159930508406885
TGCAGTAAGATGTTAG-1,0.480721856849052,0.438481704974349,0.441209797965186,0.527884713162979,0.192819884844988,0.132103976381585,0.136700944133742,0.128739166899637
TGCAGTACATGGCACC-1,0.217381969399055,0.445804235315389,0.306270794155938,0.767174629922861,0.363962839548329,0.243276593781714,0.170196644416381,0.203782099924118
TGCAGTAGTAGTATAG-1,0.226117024883043,0.408581372748435,0.294824967452625,0.688394322820576,0.311695651661976,0.242999815481133,0.163184797642672,0.197392068373338
TGCAGTATCCCATGGG-1,0.177910366804529,0.301715370533595,0.221973094170404,0.504844778244258,0.23378351328757,0.201137097518221,0.10173792771664,0.146145346592649
TGCAGTATCGCAATTG-1,0.33455375505684,0.634845300246344,0.465771011138435,0.708645060069439,0.276819460961509,0.179271611772304,0.144927536231884,0.16017013459004
TGCATCCAGCCTTGAT-1,0.460596198612335,0.453364069880444,0.436852066155552,0.61718261981202,0.213048546432903,0.151236276409263,0.148006494677972,0.146864225142112
TGCATCCCAACCGCTG-1,0.258932809004,0.409440188035347,0.31095399971069,0.569795313566832,0.251327579507589,0.195613063935787,0.125708100306693,0.153820040736451
TGCATCCCACCAACAT-1,0.238863651773002,0.390715754740434,0.288345629008149,0.731815738628935,0.309540910643008,0.192937540363502,0.134018882674845,0.162979085959237
TGCATCCCAGATGCGA-1,0.163638212760187,0.275894410920514,0.201028255942909,0.544881386463675,0.283389654888201,0.225977949995387,0.145312406037645,0.178514850167073
TGCATCCCAGGTATGG-1,0.223619680430312,0.39982371686216,0.292287477699021,0.711652163807255,0.336351540698701,0.236783836147246,0.163052498646942,0.195954311274412
TGCATCCGTGGATACG-1,0.17352588876082,0.266232738942753,0.206157481074304,0.475035228147653,0.208268082751475,0.173978226773688,0.10957965000902,0.138517246428904
TGCATCCTCACTCACC-1,0.167468980947861,0.279420073677311,0.20769444042625,0.473844008309485,0.245581603457005,0.177991512132116,0.159215827770762,0.17594552498103
TGCATCCTCCCGAGAC-1,0.206273871674916,0.410852713178295,0.281866290563672,0.72577247701091,0.31262584040787,0.215610296152782,0.157183234109087,0.185397446649893
TGCATCCTCGTTGTGA-1,0.383585327818835,0.503683865572807,0.423833116350837,0.555936487644726,0.196670159780523,0.129359258234154,0.116134463888388,0.115599664523344
TGCATGAAGATACGAT-1,0.144416570614957,0.245756774470586,0.181481749361107,0.55102633758008,0.27122655394506,0.208886889934496,0.127175416441157,0.164703063221375
TGCATGATCTGCAGCG-1,0.178204172034262,0.31290256966574,0.22825955928444,0.498554556415881,0.213001448268554,0.195117169480579,0.0998616874135546,0.140807007734601
TGCCGAGAGCCGGATA-1,0.456968834045246,0.446798653016024,0.434151839529389,0.513502912677775,0.16598570570712,0.119256850262939,0.113644837332371,0.111952021513106
TGCCGAGCACTACCGG-1,0.161513774945194,0.274210680950121,0.200250735329572,0.578453448000349,0.26791790789954,0.200329827474859,0.150195441698238,0.171545722007002
TGCCGAGCACTAGGCC-1,0.234241869505277,0.403552783239542,0.293981146631949,0.774031407527928,0.348385121689882,0.221215056739552,0.177653496903001,0.201006429969248
TGCCGAGGTCGCTTGG-1,0.335073564309445,0.352215969444256,0.321911615796326,0.665964524892137,0.259769925467155,0.20489666943445,0.202826387636057,0.20363566170108
TGCCGAGGTTCAGTAC-1,0.157072795895767,0.280098085745926,0.202655624668499,0.535148248761567,0.240506776248396,0.188486022695821,0.125299176138072,0.152222532848756
TGCCGAGTCGCATTAG-1,0.141433317513052,0.241067190996,0.177310863590337,0.510612025509537,0.265904461373618,0.211573945935972,0.114799446749654,0.160695980936406
TGCGACGCACTACAGT-1,0.19836373087441,0.348893710308044,0.254773614928396,0.553844589392333,0.240177089097952,0.188105452532521,0.128077455048409,0.153653633664816
TGCGACGCAGGAATAT-1,0.243643636856736,0.295568061111488,0.248547422730122,0.596278164359283,0.281835415464682,0.233531691115417,0.175272114979854,0.197112504492991
TGCGACGGTGCGTTTA-1,0.241903405880625,0.441431057472823,0.316878827330151,0.696006508127896,0.278303053138504,0.180989943721746,0.141247218714294,0.158532689005152
TGCGACGTCTGAATGC-1,0.494598503853369,0.528182701652089,0.493749698635421,0.617981608727864,0.202345488584582,0.131066057754405,0.130482891334416,0.128233289401866
TGCGATACACAATGTC-1,0.190261486654462,0.405247813411079,0.275296542745552,0.737060011331116,0.320868019168953,0.207226220131008,0.108497203680318,0.154711982640414
TGCGATATCCACCTGT-1,0.214195312676566,0.48889190227586,0.325401417618979,0.805773058093758,0.348714808840325,0.186998339330197,0.13955138613266,0.16773167192513
TGCGATATCCATGATG-1,0.270662417791037,0.370635297308292,0.295240850571387,0.70694539273937,0.301169211929965,0.20411246424947,0.163593721811294,0.182448713340522
TGCGATATCCGGCTTT-1,0.221981151264492,0.510599588672678,0.340216500313419,0.79176896145968,0.343157225447138,0.183573207860504,0.142546154308738,0.167172544164437
TGCGATATCGGTCATA-1,0.148563744434651,0.318157163197505,0.226041515984377,0.439109781077037,0.174310306255814,0.0976220131008396,0.155090504540261,0.138643715803347
TGCGGCAAGCGCTTCG-1,0.25571225167808,0.403564083440685,0.305782583538261,0.657669567238549,0.271980124574645,0.194886520896762,0.120187624030308,0.153693571362009
TGCGGCAGTAGAGTTA-1,0.164666531064253,0.291974597147829,0.210521240175515,0.543661112483112,0.260841408706096,0.221422640464988,0.133525768236214,0.170101308625211
TGCGGCAGTGGGATTG-1,0.182927656112279,0.316789838859132,0.229018998023048,0.5545273617386,0.279633576281364,0.221503367469324,0.115448914546876,0.162799366321871
TGCGGCAGTTGCGGCT-1,0.442753181006622,0.525097746739892,0.465963884468875,0.485886950331944,0.174522247995384,0.120779130916136,0.12068073846894,0.117896082111905
TGCGGGTAGTCATGAA-1,0.469964065360363,0.46064139941691,0.447020107044698,0.598094048258931,0.194327026104158,0.132380754682166,0.1321185880089,0.126316279936632
TGCGGGTCACTGGATT-1,0.251881483490406,0.345684453183267,0.273144799652828,0.65673983468193,0.302028753429335,0.234419688163115,0.172481808888087,0.197039285381472
TGCGGGTCATCGATGT-1,0.14976156575587,0.316744638054557,0.224408119967212,0.434301320510772,0.1719200744151,0.0958690838638251,0.155727945156053,0.136926394824074
TGCGGGTGTAGAATAC-1,0.308461590616313,0.435317648654146,0.351095761608564,0.593706872757383,0.231275536035983,0.168315804040963,0.117252991761381,0.140527443854254
TGCGGGTTCTGGTCAA-1,0.175503423960947,0.294573643410853,0.212968320555475,0.618228568938216,0.319337328827609,0.264254082479934,0.159215827770762,0.207855745037741
TGCTCCAAGTTCCGTA-1,0.333581937758492,0.528397405473817,0.408017503254737,0.724581257172741,0.271732859211812,0.157902020481594,0.132323050093211,0.147183726719651
TGCTCCAGTAATTGGA-1,0.234874680769318,0.368318756073858,0.276224745648295,0.639220186818136,0.267482249879311,0.192453178337485,0.134824703830657,0.159218286140288
TGCTCCAGTACGACAG-1,0.466031595362397,0.47257441182453,0.451004146776604,0.584336911835205,0.197423730410107,0.128863363778946,0.123711588189308,0.122156103145759
TGCTCCAGTAGGAGTC-1,0.273769973105521,0.440436639772188,0.333688943536332,0.680215581736566,0.296176806508966,0.212577267275579,0.122496842864875,0.163085586485083
TGCTCCAGTCCTCCAT-1,0.244830157976812,0.472755215042828,0.33269444042625,0.724130917965629,0.317370980466036,0.218205092720731,0.154465091105899,0.184438941917276
TGCTCCAGTCGCATGC-1,0.203301918774154,0.326236807015165,0.243659289261777,0.613739703938289,0.312178407846554,0.237533444044654,0.153238318600036,0.188446024202244
TGCTCCAGTCTGTAAC-1,0.219269102990033,0.367211336361787,0.267358599739621,0.712886964859015,0.307551013199261,0.200364424762432,0.140417343195622,0.168364018797343
TGCTCCAGTTGGGTTT-1,0.314642800641851,0.460788302031776,0.363596364337721,0.631114081090111,0.265786715962745,0.181128332872036,0.147802032593662,0.161754329912004
TGCTCCATCCATGATG-1,0.270233010147581,0.399450810224422,0.311827956989247,0.733355608175836,0.319996703128496,0.22340621828582,0.17356425521679,0.198204134882916
TGCTCGTCAACAGATA-1,0.148755847854092,0.253147106018487,0.184151839529389,0.514142103810451,0.236044225176324,0.184242088753575,0.121113717000421,0.150977807952927
TGCTCGTCAGACCGCT-1,0.381087983366104,0.46322914547879,0.400501470659145,0.595159579877101,0.230368896372264,0.169895746840114,0.135065247459258,0.148208794280922
TGCTCGTCATACATCG-1,0.194928469726761,0.31151264492508,0.229350499059743,0.652817525458692,0.326284308069093,0.25182212381216,0.164868603042877,0.202211217167885
TGCTCGTCATGGGCAA-1,0.167491581350148,0.269102990033223,0.200515936158928,0.543036448421634,0.281152492081621,0.220419319125381,0.134776595104937,0.170513998162866
TGCTCGTGTGGCTGCT-1,0.262571473772233,0.38760819942595,0.298839143642413,0.730668100004358,0.309199448951477,0.200964111080358,0.162535329845451,0.182002742388541
TGCTCGTTCTTCCCGA-1,0.273645670892942,0.362838158519222,0.296313708471961,0.645394192076935,0.301746164443241,0.239678475874158,0.16985988333634,0.196500126469374
TGCTGAAAGCGACTAG-1,0.209562230207698,0.315919723371076,0.240615507015767,0.578235541932391,0.262949051560715,0.209117538518313,0.13599134042937,0.167611858833553
TGCTGAACACGAAAGC-1,0.441374556467105,0.449883607928221,0.427154154009354,0.531807022386217,0.177512981431549,0.128113755881539,0.117890432377172,0.117356923199808
TGCTGAAGTAGCTTGT-1,0.225269509797274,0.404388998124167,0.291582284584599,0.551433095573601,0.22105523437224,0.17961758464803,0.119778699861687,0.144820746302435
TGCTGAAGTGTTCATG-1,0.172282866635026,0.291454787895225,0.212094363276918,0.610325842206953,0.317841962109527,0.25599686317926,0.155138613265981,0.199302421555706
TGCTGAATCGCCAATA-1,0.221766447442764,0.343164508328248,0.257636578427118,0.737989743887735,0.343757727042589,0.241373742965218,0.156678092489025,0.195747966505585
TGCTGAATCGTCTACC-1,0.234479173729292,0.55778922864827,0.373915087516274,0.748129639583364,0.297942987672055,0.179905895377802,0.140068554934151,0.163990840954777
TGCTGAATCTCCTACG-1,0.447160259452618,0.450652021605985,0.428998505231689,0.558638522887401,0.212389172132016,0.14051111726174,0.137254194479524,0.139821877870522
TGCTTCGAGCGTATGG-1,0.234772978959025,0.424435554952878,0.303208930035199,0.649476299083342,0.287039762625252,0.212796383430206,0.151518431655542,0.17721687500832
TGCTTCGCACACCTAA-1,0.214579519515447,0.318089361990643,0.243189160518829,0.696456847335009,0.332619011174039,0.255224190423471,0.16981177461062,0.208295059706857
TGCTTCGGTTGTCATG-1,0.210161140868307,0.485524442335074,0.330741597955543,0.712044394729579,0.315110268577282,0.23591890395793,0.160274219736605,0.196340375680605
TGCTTGCAGAGGCGTT-1,0.179255090740615,0.302596786222795,0.219881623993442,0.581358862239784,0.299061569075345,0.238202324937725,0.130122075891515,0.177902472143456
TGCTTGCAGTGGCCTC-1,0.188600357086356,0.278685560602979,0.210696031631226,0.610892397983642,0.304171719907217,0.227753944090783,0.166696734620242,0.189843843603978
TGGAACTAGACGGATC-1,0.170169729021177,0.285589983501706,0.210653840590192,0.49444339526708,0.248831376797089,0.205208045022604,0.105213783149919,0.149679832794174
TGGAACTCAAGAGTGC-1,0.465455285104075,0.476405180012204,0.453855055692174,0.590467335880413,0.188369108314003,0.11939523941323,0.1208250646461,0.115253537814343
TGGAACTCAAGCGATG-1,0.185210296743282,0.309026600673492,0.224552774965042,0.623850545491523,0.284178549141047,0.213465264323277,0.147705815142221,0.175665961100683
TGGAACTCAGAGTGAC-1,0.152733518656632,0.286652202409203,0.202143304884517,0.580051425832038,0.267164337269955,0.196627917704585,0.127560286246918,0.158399563347844
TGGAACTTCAAGTAAG-1,0.233507356430944,0.360521617284788,0.28017864892232,0.493411973212081,0.187674410389855,0.129636036534736,0.168356485657586,0.14993277154306
TGGAACTTCTGCATGA-1,0.189391371166407,0.373550749203336,0.25903491007281,0.637317140491306,0.267187886352129,0.195047974905434,0.111323591316375,0.148648108950038
TGGAGAGAGACGCTCC-1,0.379279951183131,0.486654462449432,0.412513862770625,0.638755320539826,0.224422753123197,0.149564074176585,0.119237476697336,0.133205532702318
TGGAGAGGTATACGGG-1,0.20114358035573,0.439894230117296,0.294788803703168,0.743974897220971,0.290136466931201,0.169065411938371,0.116543388057009,0.142337952793642
TGGAGAGGTCGTGATT-1,0.457850249734445,0.490078423395936,0.455819952746034,0.505861673228061,0.189275747977723,0.134398929790571,0.13190209874316,0.126243060825113
TGGAGAGTCATAGACC-1,0.227066241779104,0.419825072886297,0.29956844592314,0.566134491625144,0.220442958235703,0.176976658363318,0.116242708521258,0.141845387861603
TGGAGGAGTCTTGCGG-1,0.278210952154948,0.435758356498746,0.333423742706977,0.539172247483185,0.213307586336823,0.171890857090137,0.122328462324854,0.142045076347564
TGGAGGATCCATGATG-1,0.193222139354081,0.342362194047054,0.244756256328656,0.646280343419963,0.309293645280175,0.23736045760679,0.133273197426183,0.180711423512654
TGGATCAAGCCAAGTG-1,0.212138676068434,0.389291929396343,0.276333236896668,0.68174092421227,0.303571218311766,0.221987729495341,0.129628961452884,0.171153001317944
TGGATCAGTCATCAGT-1,0.200183063258526,0.324846882274504,0.242188630117171,0.554353036884234,0.258203911502549,0.203708829227789,0.107198268085874,0.149999334371713
TGGATGTCAGTCGCTG-1,0.237157321400321,0.452821660225552,0.322134625584647,0.676191583014948,0.32053833201851,0.296706338223083,0.171712069276565,0.2318316759189
TGGATGTTCGATTGGT-1,0.26776956629828,0.462223427577011,0.339228024494913,0.724101863823235,0.315698995631645,0.221803210628287,0.165049010764327,0.189790593341055
TGGCGTGAGGTACAGC-1,0.136156123579,0.238298641715823,0.175213366121799,0.514839403227915,0.247076970175087,0.194678937171326,0.117842323651452,0.152741722912257
TGGCGTGCAAGGGCAT-1,0.206262571473772,0.453307568874726,0.303070302328945,0.781832444760812,0.356109220643125,0.233739274840852,0.164243189608515,0.200380739379901
TGGCGTGCATGGGTTT-1,0.210929554546071,0.43230049494881,0.29431867496022,0.76039048767378,0.351587796865617,0.246920841406034,0.170641650129292,0.20749630576301
TGGCGTGCATTGCTGA-1,0.172102063416729,0.301884873550749,0.217790153816481,0.577785202725279,0.269460372781971,0.203685764369407,0.115148235011125,0.154059666919605
TGGCGTGGTGCAGATG-1,0.179266390941759,0.312540963229145,0.225613578282463,0.547830381916702,0.274970858010809,0.22040778669619,0.114847555475374,0.161907424417908
TGGCGTGGTGGGCTTC-1,0.432571699776256,0.519594548782968,0.457640194802064,0.497886311140811,0.180480165785539,0.122739643878587,0.121414396536172,0.119207369836389
TGGCGTGTCTCAACGA-1,0.408649173955296,0.502915451895044,0.435845508462317,0.520330636140448,0.188781217252058,0.121551803671925,0.123290636839257,0.120026092628832
TGGGAAGGTGGCTTGC-1,0.236535810337424,0.415180690216286,0.299604609672597,0.673169952205936,0.299108667239694,0.211308700064582,0.12829394431415,0.164989283384587
TGGGAAGGTTTACTGG-1,0.347356882952517,0.535912039234298,0.420723033897488,0.679126051396778,0.236479883196552,0.156610388412215,0.113584701425221,0.133738035331549
TGGGAAGTCAAGGAGC-1,0.187775442402875,0.316981942278573,0.229886928010029,0.596510597498438,0.293303818483675,0.226346987729495,0.1208250646461,0.168057829785535
TGGGAAGTCATATGGC-1,0.186803625104527,0.352408072863697,0.247269636915955,0.660807414617139,0.326578671596275,0.245929052495618,0.153779541764388,0.19491593114741
TGGGAAGTCATGGCCG-1,0.216771758537302,0.42286482699392,0.298573942813058,0.689498380231562,0.300144826855373,0.212265891687425,0.13190209874316,0.168430581625997
TGGGAAGTCGCTTACC-1,0.186509819874794,0.361956742830022,0.25397801244033,0.551360460217616,0.233877709616268,0.173090229725989,0.112117385290757,0.138756872612059
TGGGAGAAGACGGAAA-1,0.211867471240988,0.491016340090854,0.328788755484835,0.699246045004867,0.309988343204324,0.240416551342375,0.159648806302243,0.19743200607053
TGGGAGACAGTCGGAA-1,0.176057133816982,0.317467850927746,0.226047543275954,0.603745078954632,0.274594072696017,0.201367746102039,0.124878224788021,0.159577725415019
TGGGAGACATACTGAC-1,0.209822134834,0.417271227427848,0.286633878200492,0.783285151880529,0.325660257391468,0.18000968724052,0.140838294545673,0.163218712142391
TGGGAGACATAGCACT-1,0.164135421610505,0.280685696205392,0.20592241670283,0.465418307015123,0.226754112258475,0.176988190792509,0.149858680618197,0.172737196639908
TGGGATTAGGTCATAA-1,0.357425362171447,0.503084954912197,0.409662953855056,0.634324563824687,0.224469851287546,0.153104529938186,0.114041734319562,0.131774431886257
TGGGATTCACAAGCAG-1,0.255316744638055,0.462675435622754,0.335557403924972,0.727617415052951,0.317135489644291,0.2415236645447,0.189608515244452,0.210644727558342
TGGGATTGTTGGATCT-1,0.399428209822135,0.551630619025019,0.455783788996577,0.598181210686114,0.200543983798231,0.12239367100286,0.114955800108245,0.115612977089074
TGGGCGTCAGCAGTAG-1,0.256446764752413,0.427351006847922,0.318940161049231,0.709385940700495,0.302217146086731,0.221134329735215,0.13945516868122,0.176038712941145
TGGGCGTGTAGGTCAG-1,0.212974890953059,0.431407779058467,0.299502145715801,0.729288028240626,0.31413298166704,0.214779961251038,0.13196223465031,0.169948214119307
TGGGCGTGTTTGGGTT-1,0.238016136687233,0.366420322281737,0.276803365639616,0.597483911268649,0.290336634129685,0.23097149183504,0.144410367430393,0.180278765126403
TGGGCGTTCCTACGGG-1,0.247429204239835,0.568592220941533,0.383703409036116,0.734256286590061,0.292644444182788,0.189743057477627,0.135089301822118,0.16144148461733
TGGGCGTTCGTAGCTA-1,0.164982936696273,0.271317829457364,0.200564154491538,0.492758255008208,0.255342698018345,0.213926561490912,0.130615190330146,0.165601661408203
TGGGCTGCATTCACAG-1,0.205618460008588,0.297794200736773,0.229603645305945,0.58286967764429,0.288417383932461,0.216256112187471,0.147705815142221,0.175865649586645
TGGGCTGGTACCTGTA-1,0.238377743123828,0.425237869234072,0.305053281257534,0.782645960747854,0.346595391444618,0.21298090229726,0.170569487040712,0.193438236351292
TGGGCTGGTACGGATG-1,0.221269238592447,0.368409157683007,0.26840734847389,0.726222816218022,0.321079960908524,0.217224836239506,0.148114739310843,0.181130769333174
TGGGCTGTCGAACTCA-1,0.18952697358013,0.353492892173481,0.246986354211871,0.732164388337667,0.344417101343475,0.246528738813544,0.154994287088821,0.198177509751454
TGGGCTGTCTTGTGCC-1,0.437498587474857,0.456550726602934,0.428022083996335,0.651815157546087,0.236397461408942,0.166470615370422,0.14715256479644,0.155291079249704
TGGGTTAAGCCTGTGC-1,0.21667005672701,0.390105543878681,0.278153478952698,0.710272092043523,0.31223728055199,0.205081188301504,0.155848216970353,0.178308505398245
TGGGTTAAGCGAATGC-1,0.262266368341356,0.48276719325604,0.348980182265297,0.637738425556024,0.241295670501242,0.168823230925362,0.118996933068735,0.140354380499754
TGGGTTAAGCGATGGT-1,0.179526295568061,0.309128302483784,0.224384010800907,0.57108822290338,0.261300615808499,0.199511025002306,0.118960851524445,0.154445731325798
TGGGTTAAGTTCGCAT-1,0.211166858770086,0.334000045200805,0.248107430445055,0.649577988581722,0.330487819237245,0.251118645631516,0.164110890612785,0.201305962698191
TGGGTTACAGGGATAC-1,0.276866228218862,0.684735688295252,0.460816577462751,0.67510205267516,0.223233524473384,0.137870190977027,0.113608755788081,0.122941544523876
TGGGTTAGTGGAATGC-1,0.196985106334893,0.373256943973603,0.262187183567192,0.717884277350843,0.319113612546951,0.216313774333426,0.163545613085573,0.187174674174954
TGGTACAAGCATCAAA-1,0.177356656948494,0.366465523086311,0.251066830608998,0.685677760506704,0.3080690930071,0.216521358058862,0.116110409525528,0.161621204254696
TGGTACAAGCGGTATG-1,0.180622415078988,0.332824824281872,0.235673127923236,0.610427531705333,0.290277761424248,0.21401882092444,0.131324794034518,0.167079356204321
TGGTACAAGCTCATAC-1,0.366386421678306,0.504056772210545,0.415708327306042,0.654328340863199,0.228696911537873,0.152850816495987,0.109158698658969,0.127541035983865
TGGTACACAGCCGGTT-1,0.458675164417927,0.450098311749949,0.434857032643811,0.544983075962055,0.206843363279916,0.133960697481317,0.136292019965121,0.135541887988072
TGGTACATCGACGACC-1,0.205132551359414,0.324180170407033,0.239066493080669,0.687174048840013,0.32681416241802,0.240681797213765,0.161885862048229,0.196094093214585
TGGTAGTAGCATTGAA-1,0.213811105837684,0.556489705516758,0.360823810212643,0.783328733094121,0.32160981525745,0.169538241535197,0.130134103072945,0.150824713447023
TGGTAGTCAAGATGTA-1,0.211121657965512,0.494135195606482,0.328204108201938,0.741214753693508,0.289053209151173,0.178003044561306,0.132575620903241,0.152874848569565
TGGTAGTCATCCTTCG-1,0.182159242434515,0.321626324948584,0.231713197357635,0.579470342984151,0.273051607813585,0.212104437678753,0.110674123519153,0.15573039391882
TGGTAGTGTATGAAAC-1,0.153174226501232,0.270052206929283,0.193825642509282,0.521899559829743,0.252446160910879,0.197273733739275,0.108100306693126,0.148954297961846
TGGTAGTTCAAAGACA-1,0.452109747553506,0.442470675978032,0.42948068855779,0.658105379374464,0.261041575904579,0.211573945935972,0.192675446509111,0.197944539851166
TGGTAGTTCAGGAAGC-1,0.198420231880127,0.27799624833322,0.219110130671681,0.565640571204439,0.282329946190347,0.240635667497002,0.148800288652354,0.187081486214838
TGGTAGTTCCCAGTGG-1,0.217449770605917,0.34872420729089,0.257751096967067,0.612577538242515,0.301440026374972,0.231340529569148,0.133646040050514,0.17721687500832
TGGTAGTTCCTACACC-1,0.206590277306936,0.300099441770063,0.22821134095183,0.628165085637085,0.311083375525439,0.234811790755605,0.16604726682302,0.193884207303274
TGGTAGTTCGAGCCTG-1,0.173254683933374,0.306484055416186,0.222666232701673,0.518093467176083,0.225447138197789,0.192303256758003,0.112369956100788,0.147423352902805
TGGTGATAGCAGGCTA-1,0.379483354803716,0.370951702940312,0.352572448044747,0.659834100846928,0.265197988908382,0.208771565642587,0.176739431114318,0.187374362660916
TGGTGATAGTCCGCGT-1,0.21909959997288,0.324406174429905,0.250439992285067,0.549297616107617,0.249161063947533,0.204227788541378,0.137747308918155,0.164849501444413
TGGTGATCACCCTAGG-1,0.220466924311253,0.357956471625195,0.266110950383336,0.59655417871203,0.244922229156119,0.183607805148076,0.117529616934271,0.146438223038726
TGGTTAGAGGAGTACC-1,0.156157479603137,0.271724636698533,0.198261729109407,0.530528640120865,0.248737180468391,0.190838638250761,0.118058812917193,0.150225647989137
TGGTTAGAGTATTGCC-1,0.174893213099193,0.24580197527516,0.197960364530595,0.372009239217281,0.18593177830894,0.169261463234616,0.116110409525528,0.138876685703636
TGGTTAGCAGGATTCT-1,0.209697832621421,0.457206138269261,0.306572158734751,0.776486482560251,0.347996561834003,0.214088015499585,0.146936075530699,0.180871174301423
TGGTTAGTCTATTGTC-1,0.237055619590029,0.404615002147038,0.297061092627417,0.63544314830687,0.269613441816105,0.19213027032014,0.143929280173191,0.164975970818856
TGTAACGAGCCTATTG-1,0.470088367572943,0.464393066196578,0.449750470128743,0.50622485000799,0.166397814645174,0.115808653934865,0.114270250766733,0.111199861549316
TGTAACGAGGTGGTTG-1,0.182509548669966,0.330203177616562,0.235227108346593,0.645975274924822,0.298920274582298,0.22758095765292,0.134211317577726,0.176571215570377
TGTAACGAGGTTCTAC-1,0.25511334101747,0.408807376771307,0.305571628333092,0.691575751412758,0.296153257426792,0.214895285542947,0.165554152384389,0.185177789315335
TGTAACGAGTGCACTT-1,0.195403078174792,0.316755938255701,0.234093977530257,0.703023083516132,0.335809911808687,0.241096964664637,0.146671477539239,0.190416283930402
TGTAACGCAAAGTATG-1,0.180633715280132,0.312631364838294,0.227108346593375,0.556517570492613,0.274335032792097,0.21936986806901,0.110662096337723,0.159457912323442
TGTAACGCATGTAACC-1,0.216523154112143,0.455895314936606,0.311092627416944,0.720775164519081,0.270296365199166,0.169849617123351,0.107883817427386,0.137638617090672
TGTAACGGTTGCGAAG-1,0.230264198702737,0.594130675526024,0.389706591446068,0.714484942690704,0.251056765062582,0.152966140787896,0.109062481207529,0.128712541768175
TGTAACGTCCTGTAAG-1,0.220896331954709,0.359617601193301,0.265869858720285,0.676264218370934,0.32272839666074,0.262824061260264,0.158001082446329,0.20565917169216
TGTAAGCAGACCAGAC-1,0.207663796415576,0.426819897394174,0.290298471478856,0.754303644842163,0.348856103333373,0.241373742965218,0.167045522881713,0.201099617929364
TGTAAGCAGCCACTCG-1,0.199403349379619,0.304156213980609,0.230640339457062,0.539114139198396,0.251304030425414,0.19134606513516,0.116531360875579,0.150065897200367
TGTAAGCAGCCTGAGA-1,0.186317716455353,0.301195561280991,0.222051448960895,0.663567558144602,0.34822027811466,0.252260356121413,0.156509711949005,0.19902285767536
TGTAAGCAGTTGAAAC-1,0.200183063258526,0.324394874228761,0.239373884951058,0.594680186527594,0.298260900281412,0.232955069655872,0.132298995730351,0.176531277873185
TGTAAGCAGTTGTAAG-1,0.165694849368319,0.274843492214161,0.202625488210618,0.543603004198324,0.255637061545526,0.224478734200572,0.123146310662096,0.165974413248665
TGTAAGCAGTTGTCGT-1,0.289070445453929,0.551359414197573,0.397759052991948,0.635893487513982,0.238387358852689,0.147349847771935,0.100619399843647,0.120838159138411
TGTAAGCAGTTTGCTG-1,0.205177752163989,0.388252310891134,0.272264815082694,0.66892804741636,0.311919367942634,0.229253159885598,0.146382825184918,0.182036023802868
TGTAAGCCAGCACAAG-1,0.169604718963998,0.30621285058874,0.218772602343411,0.590075104958089,0.290642772197954,0.2198888273826,0.147405135606471,0.177456501191475
TGTACAGAGCTGGCTC-1,0.195233575157638,0.325671796957986,0.237017213944742,0.674971309034386,0.343522236220843,0.272534366638989,0.152228035359913,0.208734374375973
TGTACAGGTAACAAGT-1,0.464969376454901,0.550715302732389,0.492158493659289,0.593968360038932,0.192313579578236,0.126326229356952,0.109820193637621,0.115852603272229
TGTACAGGTGTTTCTT-1,0.190803896309354,0.366815829321762,0.251669559766623,0.729854584017316,0.319690565060227,0.21924301134791,0.155980515966083,0.187068173649107
TGTACAGGTTCTCACC-1,0.2156304382218,0.352893981512871,0.260131877139688,0.616601536964133,0.265574774223175,0.192637697204539,0.134884839737807,0.160349854227405
TGTACAGTCAACTGAC-1,0.220523425316971,0.430560263972699,0.299393654467428,0.720920435231053,0.30768053315122,0.211689270227881,0.152167899452763,0.178867633158939
TGTAGACAGATACATG-1,0.198352430673266,0.319829592966755,0.235853946670524,0.643767160102852,0.332583687550778,0.270965956269029,0.155210776354561,0.2087676557903
TGTAGACAGGAAAGGT-1,0.371415011187199,0.423497638257961,0.376386277062539,0.611255574763572,0.269695863603716,0.212208229541471,0.163377232545553,0.181563427719424
TGTAGACCACAATTCG-1,0.183187560738581,0.282810134020386,0.214414870533777,0.512456963551578,0.24951430018015,0.210662884029892,0.127500150339768,0.161681110800485
TGTAGACGTATACGGG-1,0.242931724184691,0.391540669423916,0.290834900429143,0.702790650376978,0.30952913610192,0.212969369868069,0.137194058572374,0.173509325452294
TGTAGACGTCCAGTTA-1,0.216477953307569,0.446448346780573,0.311894257196586,0.717564681784505,0.321539168010927,0.242077221145862,0.163677912081304,0.198483698763263
TGTAGACTCGTGTTCC-1,0.168067891608471,0.309173503288359,0.219025748589614,0.549907753097898,0.224328556794499,0.17947919549774,0.100511155210776,0.135209073844802
TGTCAGAAGATGTTGA-1,0.18375257079576,0.30466472303207,0.222099667293505,0.607914348388221,0.303759610969162,0.235169296060522,0.145083889590474,0.184219284582718
TGTCAGAAGGCTAACG-1,0.185571903179877,0.333875742988225,0.237885143931723,0.579964263404855,0.280822804931178,0.21285404557616,0.130458836971556,0.165688193085453
TGTCAGAAGTCCGCCA-1,0.19669130110516,0.375652586616042,0.261488017744346,0.698418001946628,0.302040527970422,0.212888642863733,0.14344819291599,0.174707456368066
TGTCAGACATCGGATT-1,0.267283657649106,0.421938210500147,0.319114952504942,0.694248732513038,0.304925290536801,0.211251037918627,0.141608034157195,0.174221547718892
TGTCAGATCCATCAGA-1,0.372330327479829,0.407191448007775,0.370268576112638,0.633728953905603,0.267611769831271,0.203097610480672,0.159648806302243,0.175639335969221
TGTCCACAGATTCGCT-1,0.224501096119511,0.376285397880082,0.276164472732533,0.657379025814605,0.316617409836452,0.256215979333887,0.157411750556257,0.2002076760254
TGTCCACCACATACTG-1,0.249033832802224,0.535493931791986,0.368237378851439,0.63868268518384,0.238128318948769,0.146427253436664,0.0925852426483854,0.115553070543286
TGTCCACCATGGAGAC-1,0.220885031753565,0.597950143512554,0.386415690245431,0.786466580472711,0.325471864734072,0.172271427253437,0.13599134042937,0.157713966212708
TGTCCACGTACAGCGA-1,0.427904716703957,0.499830496982846,0.44527821977916,0.525197204991502,0.185554992994148,0.124792416274564,0.120199651211739,0.11469441005365
TGTCCACTCATTATCC-1,0.222964268763984,0.356317942459376,0.267702155359468,0.563693943664018,0.250562234336917,0.189420149460282,0.106873534187263,0.141446010889679
TGTCCACTCGCCACTT-1,0.225111306981264,0.556896512757927,0.366429191378562,0.790170983627991,0.342121065831459,0.181485838176954,0.143929280173191,0.168184299159977
TGTCCCACAAACGTGG-1,0.200160462856239,0.40651343593916,0.276429673561888,0.763862457689905,0.358122667169047,0.257622935695175,0.165024956401467,0.211070729661728
TGTCCCACATGGCTAT-1,0.260300133342374,0.454810495626822,0.335647813298616,0.5596699449424,0.224199036842539,0.166136174923886,0.105129592879909,0.132386809909874
TGTCCCAGTACCTATG-1,0.227009740773386,0.380941080751237,0.281040551617725,0.554135130816276,0.233206560774294,0.185153150659655,0.10581514222142,0.141499261152602
TGTCCCAGTCACATTG-1,0.210082039460302,0.514893665107239,0.336738753073919,0.794993971265453,0.341897349550801,0.18495709936341,0.140862348908533,0.166773167192513
TGTCCCATCGGCTTGG-1,0.158089813998689,0.281612312699166,0.203963546940547,0.536659064166073,0.247465530030967,0.18782867423194,0.115821757171207,0.147410040337074
TGTCCCATCTGCGGAC-1,0.200623771103126,0.457081836056682,0.303233039201504,0.761450963871174,0.291572960943847,0.169284528092998,0.121450478080462,0.144667651796531
TGTCCCATCTTGTTAC-1,0.205448956991434,0.425588175469523,0.288297410675539,0.797652425294536,0.36043047722215,0.207445336285635,0.157099043839076,0.18527097727545
TGTCCTGCACATATGC-1,0.432684701787692,0.473195922887427,0.434718404937557,0.580254804828798,0.199967031284956,0.132230833102685,0.119790727043117,0.123959955802282
TGTCCTGGTAGATTGA-1,0.435035143625557,0.44066264379506,0.417124740826462,0.509144791318622,0.207302570382319,0.154661407878956,0.140176799567021,0.141938575821718
TGTCCTGGTTTACCAG-1,0.418243044726196,0.50381946798653,0.444036597714451,0.606461641268504,0.254989461785727,0.208333333333333,0.164351434241386,0.184299159977102
TGTCCTGTCCCGAGGT-1,0.363154564151242,0.419237462426831,0.369268045710979,0.598500806252451,0.238740595085307,0.167116431405111,0.138468939803957,0.150937870255734
TGTGAGTTCATGAGGG-1,0.387280493592786,0.538025176848148,0.442493611070929,0.644682365588274,0.233147688068858,0.160819725066888,0.135017138733538,0.145053716202724
TGTGAGTTCGCCAATA-1,0.190837796912785,0.357233258752006,0.249566035006509,0.718784955765068,0.335645068233466,0.243149737060614,0.150063142702508,0.193058828227964
TGTGATGAGCTAGCCC-1,0.20572016181888,0.37511017696115,0.270245672404648,0.545796591949097,0.217569970210411,0.164636959129071,0.112598472547958,0.134603352104051
TGTGATGAGGAAGTGA-1,0.354476009672972,0.478224512396321,0.395131153864699,0.601972776268576,0.230733907145969,0.164648491558262,0.121919538156233,0.13953565770731
TGTGATGCAATACAGA-1,0.257746287883924,0.541528239202658,0.375072327498915,0.725118758807037,0.29117262654688,0.200445151766768,0.139022190149738,0.167378888933264
TGTGATGCACATACTG-1,0.218839695346577,0.564716251949285,0.368345870099812,0.777343579760884,0.323941174392728,0.172386751545346,0.133465632329064,0.155118015895203
TGTGATGGTGATGAAT-1,0.253553913259656,0.418197843921622,0.312310140315348,0.658163487659253,0.288276089439414,0.202532521450318,0.117794214925732,0.154911671126376
TGTGCGGAGGCATCAG-1,0.217867878048229,0.403710986055552,0.286772505906746,0.710213983758734,0.302346666038691,0.208748500784205,0.124902279150881,0.162373364218486
TGTGCGGCATGTTCGA-1,0.199731055212783,0.397326372409429,0.274187521095521,0.753402966427938,0.353530596145015,0.236241811975274,0.155764026700343,0.193651237402985
TGTGCGGGTACGTGTT-1,0.207867200036161,0.47986304156214,0.319127007088095,0.741127591266325,0.289747907075322,0.17909862533444,0.133213061519033,0.153493882876047
TGTGCGGGTCCAAAGG-1,0.183402264560309,0.340667163875517,0.238240754134722,0.716489678515914,0.314839454132275,0.216821201217825,0.131204522220218,0.170527310728597
TGTGCGGTCACGGAGA-1,0.247124098808959,0.435939159717043,0.317047591494286,0.557578046690007,0.232370568357098,0.18626026386198,0.121137771363281,0.148042387209287
TGTGGCGAGGTTGTTC-1,0.172644473071621,0.309670712138676,0.221129273349728,0.630053604892718,0.289606612582275,0.218689454746748,0.115232425281135,0.161627860537561
TGTGGCGAGTAAGCAT-1,0.441871765317423,0.446708251406875,0.424092289888616,0.522219155396081,0.198083104710994,0.153404373097149,0.134030909856275,0.138317557942942
TGTGGCGCAAGTGATA-1,0.237948335480372,0.549935588853482,0.369346400501471,0.764269215683426,0.313096822051361,0.181924070486207,0.141391544891455,0.164942689404529
TGTGGCGCACTACCCT-1,0.218026080864239,0.324360973625331,0.246244997347992,0.601057570783154,0.28192961179338,0.21167773779869,0.148499609116604,0.174487799033508
TGTGGCGCACTTCAGA-1,0.428763531990869,0.495592921554004,0.442547856695115,0.506181268794398,0.182470063229286,0.116154626810591,0.124240784172229,0.118208927406579
TGTGGCGTCCACGTGG-1,0.422062512712726,0.446719551608019,0.414032740247842,0.612025509537022,0.226871857669347,0.158674693237384,0.140116663659871,0.148881078850327
TGTGGCGTCTGCGTCT-1,0.140427599611273,0.245056161999684,0.180529437292058,0.510263375800805,0.244262854855232,0.195140234338961,0.11690420349991,0.152102719757179
TGTGTGAAGGGCAGGA-1,0.199358148575045,0.416039505503198,0.282728193259077,0.700713279195781,0.289759681616409,0.195509272073069,0.131565337663119,0.16058948041056
TGTGTGAGTCGTTGCG-1,0.200544669695121,0.424706759780324,0.287314962148609,0.747417813094702,0.336433962486312,0.232159332041701,0.142774670755908,0.184492192180199
TGTGTGATCAAGGCTT-1,0.23469387755102,0.412073134901801,0.296163026182555,0.75735432979357,0.340990709887082,0.221630224190423,0.153647242768657,0.188306242262071
TGTGTGATCCGATTAG-1,0.233665559246955,0.403688385653265,0.292275423115869,0.685576071008324,0.291196175629055,0.207526063289971,0.159155691863612,0.17779597161761
TGTTACTCATACATCG-1,0.222862566953692,0.536364047280042,0.355899512994841,0.768293214405044,0.309882372334538,0.177334163668235,0.145901737927717,0.165441910619434
TGTTCATAGAACTTCC-1,0.145749994349899,0.245383867832847,0.182446116013308,0.528146200444528,0.250656430665615,0.194748131746471,0.117216910217091,0.152488784163372
TGTTCATAGCACTCGC-1,0.24170000226004,0.451318733473456,0.32037465644438,0.704998765198948,0.287687362385051,0.202198081003783,0.159636779120813,0.176770904056339
TGTTCATCACACACGC-1,0.25173458087554,0.511175898931001,0.356851825063889,0.690616964713744,0.278927103816129,0.186352523295507,0.12089722773468,0.151170840156023
TGTTCATGTATTCTCT-1,0.213675503423961,0.405360815422515,0.286278267997493,0.703052137658527,0.313249891085495,0.218908570901375,0.162763846292621,0.187953459270205
TGTTCATTCAACCGAT-1,0.224263791895496,0.446290143964563,0.308928829741068,0.745151589987943,0.3339495343169,0.227488698219393,0.148920560466655,0.185577166287259
TGTTCATTCGTAGGAG-1,0.259780324089769,0.429351142450336,0.32097135831043,0.563810160233595,0.216675105087779,0.170864470892149,0.115725539719767,0.138417402185923
TGTTCCGAGGAAAGTG-1,0.180588514475558,0.31031482360386,0.224299628718839,0.574473030492322,0.288264314898327,0.230037365070578,0.116146491069818,0.167811547319515
TGTTCCGAGTGCCTCG-1,0.198386331276697,0.295364657490903,0.222949515405757,0.626392782951029,0.315651897467296,0.240866316080819,0.167213903421733,0.197332161827549
TGTTCCGCACCTTCGT-1,0.240174475105657,0.582751372974439,0.387253483774531,0.734241759518863,0.283295458559503,0.184184426607621,0.133164952793313,0.156881930854534
TGTTCCGCAGCGGATA-1,0.334090446809953,0.550376296698081,0.421078644100487,0.63878437468222,0.242579095479754,0.147430574776271,0.111612243670696,0.127361316346499
TGTTCCGGTGAGTAAT-1,0.194408660474156,0.380703776527222,0.264971792275423,0.680215581736566,0.330805731846601,0.251556877940769,0.159023392867881,0.201665401972922
TGTTCCGGTGATCGTT-1,0.190781295907067,0.364634890501051,0.253917739524567,0.710867701962607,0.321362549894618,0.230533259525787,0.132323050093211,0.177842565597668
TGTTCCGGTGCCCTTT-1,0.2377223314575,0.515526476371279,0.351589999517817,0.726760317852318,0.305855479282695,0.209924808561675,0.130927897047327,0.166906292849821
TGTTCCGGTGCCGAAA-1,0.233281352408073,0.487727981558072,0.335533294758667,0.717535627642111,0.275594908688434,0.175465910139312,0.123519153286427,0.146877537707842
TGTTCCGTCGAGAAAT-1,0.21455691911316,0.348656406084028,0.256937412604272,0.70694539273937,0.31236680050395,0.214099547928776,0.140778158638523,0.174780675479585
TGTTCCGTCTTACTGT-1,0.200363866476823,0.302382082401067,0.227934085539322,0.664177695134884,0.305502243050077,0.243576436940677,0.166877142341692,0.200007987539438
TGTTCCGTCTTAGCTT-1,0.156846791872895,0.306823061450494,0.214535416365302,0.563999012159159,0.247759893558149,0.184934034505028,0.123134283480666,0.149799645885752
TGTTCTAAGAATTTGG-1,0.304337017198906,0.501966234998983,0.383992719031776,0.645118177724189,0.298531714726419,0.235042439339422,0.15866257742498,0.191887322443655
TGTTCTACAAGGGCAT-1,0.203437521187877,0.322948448482383,0.240681807223106,0.631331987158069,0.30905815445843,0.225816495986715,0.149245294365266,0.181696553376732
TGTTCTACAGTAGTTC-1,0.328892354283906,0.418197843921622,0.3509089155697,0.565146650783735,0.250621107042353,0.200756527354922,0.144278068434662,0.166466978180705
TGTTCTACATCGATAC-1,0.202081497050648,0.436210364544489,0.292311586865326,0.796519313741157,0.343616432549541,0.197112279730602,0.148186902399423,0.177350000665628
TGTTCTATCATGCCCT-1,0.179967003412661,0.270210409745293,0.212552437436713,0.517933669392914,0.216051054410154,0.150498200941046,0.176474833122858,0.168863240012248
TGTTGAGCAACTTCTT-1,0.212737586729044,0.579361312631365,0.372124981918125,0.788079085375597,0.333996632481249,0.174612510379186,0.133886583679115,0.155916769839051
TGTTGAGCATAGATCC-1,0.216692657129297,0.340588062467512,0.252838854332417,0.593808562255764,0.293044778579755,0.22966832733647,0.130879788321607,0.174780675479585
TGTTGAGGTTAGAGTA-1,0.276188216150247,0.491739552964043,0.359576160856358,0.709066345134157,0.309976568663236,0.232874342651536,0.161609236875338,0.193964082697658
TGTTGAGTCACACGAT-1,0.2747756910073,0.452493954392388,0.340740874680554,0.673533128985865,0.268742125775648,0.190861703109143,0.149173131276685,0.167412170347591
TGTTGAGTCTTTCTAG-1,0.206454674893213,0.40288607137207,0.277369931047784,0.750177956622165,0.361337116885869,0.244429836700803,0.160887605989536,0.200966492272056
TGTTGGAAGTGACACG-1,0.303286098492553,0.448606685198997,0.353464487198033,0.652715835960312,0.245970163312885,0.176630685487591,0.116254735702688,0.142943674534393
TGTTGGAAGTTCACTG-1,0.216862160146451,0.509107962121726,0.337220936400019,0.776777023984195,0.338459183553321,0.208460190054433,0.161753563052499,0.185277633558316
TGTTGGAGTGACTATC-1,0.196114990846837,0.35743666237259,0.250638892907083,0.699347734503247,0.30669147169989,0.222714272534367,0.165373744662938,0.189737343078131
TGTTTGTCAAAGCGTG-1,0.200103961850521,0.406863742174611,0.281106851825064,0.739602248790621,0.341991545879499,0.242930620905988,0.172084911900896,0.20322962844629
TGTTTGTTCATGCCCT-1,0.182193143037946,0.40818586570841,0.269938280534259,0.777401688045673,0.320432361148724,0.18013654396162,0.123639425100728,0.15296803652968
TGTTTGTTCCATCACC-1,0.204917847537686,0.357832169412616,0.254562659723227,0.718189345845984,0.340661022736639,0.253494326044838,0.171110710205063,0.208474779344223
TGTTTGTTCCATCTCG-1,0.232049630483423,0.314868804664723,0.255647572206953,0.503900518616442,0.254918814539203,0.166136174923886,0.162823982199771,0.168250861988631
TGTTTGTTCCGATAGT-1,0.153117725495514,0.255893054896377,0.191312261921983,0.506602553859116,0.229874365646599,0.185510655964572,0.113548619880931,0.14516021672857
TTAATCCAGGCTCTAT-1,0.241247994214297,0.385144755576649,0.287140170692897,0.756991153013641,0.345735849945248,0.227246517206384,0.160081784833724,0.192040416949559
TTAATCCCACAACCGC-1,0.214376115894863,0.394874228761272,0.277659241043445,0.786553742899894,0.35652132958118,0.214595442383984,0.162787900655481,0.190183314030113
TTAATCCCATCAGTGT-1,0.304868126652654,0.398354690713495,0.328324654033464,0.568531458372677,0.256708544784467,0.211400959498109,0.136664862589452,0.169415711490075
TTAATCCCATCGCTAA-1,0.462754537030759,0.442097769340294,0.433048845170934,0.587736246495344,0.209351340531503,0.147395977488698,0.140128690841301,0.143695834498183
TTAATCCGTAGCGTTT-1,0.22399258706805,0.489942820982213,0.332489512512657,0.748202274939349,0.299921110574715,0.182569886520897,0.148824343015214,0.167172544164437
TTAATCCGTATGGAAT-1,0.321660225552015,0.343288810540828,0.312008775736535,0.63194212414835,0.234525309376067,0.18131285173909,0.196488063022431,0.190036875807074
TTAATCCGTCTTTCTA-1,0.230411101317603,0.557179017786517,0.368556825304981,0.773697284890393,0.331029448127259,0.176180920749147,0.142137230140117,0.163158805596603
TTAATCCGTTACCTTT-1,0.262458471760797,0.56814021289579,0.391436424128454,0.762685764922934,0.312826007606354,0.168627179629117,0.141620061338625,0.15934475551473
TTACAGGCAAAGCTCT-1,0.268888286211495,0.433633918683753,0.325558127199961,0.623211354358848,0.263478905909642,0.197412122889565,0.138865836791148,0.164050747500566
TTACAGGCAAGGCCTC-1,0.216444052704138,0.399360408615273,0.281251506822894,0.721385301509363,0.32853324541676,0.254612971676354,0.178170665704492,0.212415298800538
TTACAGGCATGAAGCG-1,0.235496191832215,0.52686057811829,0.356243068614687,0.733704257884568,0.306573726289018,0.198242457791309,0.144518612063263,0.169562149713114
TTACAGGTCACAGTGT-1,0.204431938888512,0.354137003638665,0.256822894064323,0.616645118177724,0.299120441780782,0.220465448842144,0.12443321907511,0.16790473527963
TTACAGGTCCCAGTGG-1,0.29901462246028,0.502169638619567,0.380328125753411,0.711347095312114,0.250903696028447,0.180090414244857,0.149870707799627,0.168170986594246
TTACCATAGACGCTCC-1,0.45745474269442,0.457511243700138,0.438792854043107,0.563519618809652,0.196258050842468,0.135598302426423,0.126694329183956,0.125730527044477
TTACCATAGCACCGTC-1,0.224885302958393,0.526804077112573,0.351608081392545,0.717012653079013,0.313202792921146,0.185487591106191,0.117637861567142,0.152508753011968
TTACCATAGGTCTGGA-1,0.210285443080887,0.392670689538274,0.277562804378225,0.677905777416215,0.297318936994431,0.214514715379648,0.140068554934151,0.172810415751428
TTACCATAGTCAGGGT-1,0.159818744773657,0.275046895834746,0.20052799074208,0.565974693841975,0.297990085836405,0.237325860319218,0.144350231523243,0.184019596096756
TTACCATCACAACGTT-1,0.328881054082763,0.454753994621104,0.369424755291962,0.730392085651612,0.280987648506399,0.186283328720362,0.183450598352276,0.18149686489077
TTACCATCACACCTAA-1,0.36153863538771,0.464788573236604,0.391936689329283,0.721138341299011,0.27307515689576,0.190365808653935,0.178735943231704,0.183693438236351
TTACCATCAGAACCGA-1,0.167446380545574,0.281996519538048,0.206693910024591,0.518965091447913,0.258568922276254,0.21155088107759,0.140525587828492,0.16940905520721
TTACCATTCGAACCTA-1,0.271860239112256,0.503356159739643,0.362553642895029,0.706030187253948,0.271332524814845,0.177449487960144,0.147862168500812,0.162579708987313
TTACCATTCTGATGGT-1,0.175684227179244,0.28090040002712,0.209044553739332,0.51136743321179,0.258215686043636,0.213315342743796,0.136292019965121,0.167744984490861
TTACCGCAGTCCGCGT-1,0.166429362442651,0.279759079711619,0.204174502145716,0.538184406641777,0.277643678837617,0.224559461204908,0.120524385110349,0.166513572160763
TTACCGCCAATGCAAA-1,0.358758785906389,0.435249847447285,0.375723274989151,0.566584830832256,0.220030849297649,0.163656702647846,0.128678814119911,0.143449552032163
TTACCGCCAGCCCACA-1,0.210714850724343,0.310495626822157,0.236830367905878,0.658497610296788,0.305890802905957,0.217213303810315,0.163557640267003,0.185231039578258
TTACCGCCAGCCTTCT-1,0.202703008113544,0.326654914457477,0.244997347991706,0.512878248616296,0.217817235573244,0.169019282221607,0.110313308076252,0.135668357362514
TTACGCCAGTTCATGC-1,0.244457251339074,0.417022623002689,0.310363325136217,0.550111132094658,0.22823770443547,0.169768890119015,0.104191472728366,0.131361742348603
TTACGCCCACAGTCCG-1,0.193515944583814,0.300607950821525,0.222419113747047,0.646367505847146,0.355861955280293,0.269166897315251,0.170725840399302,0.214185870042733
TTACGCCCAGTTGTTG-1,0.230603204737044,0.330847289081746,0.256105646366749,0.585818673097317,0.294551919838924,0.240670264784574,0.140850321727103,0.184665255534699
TTACGCCGTCCACATA-1,0.351413655163062,0.419406965443985,0.363493900380925,0.701018347690922,0.27406421834709,0.184161361749239,0.183210054723676,0.181723178508194
TTACGCCTCCACGTGG-1,0.341311275340701,0.398897100368387,0.347804860407927,0.563214550314511,0.233218335315381,0.162814835316911,0.14335197546455,0.14877457832448
TTACGTTAGACTCTTG-1,0.417011322801546,0.468811444843718,0.423411205940499,0.618025189941456,0.219383249537849,0.16266491373743,0.134932948463528,0.145033747354128
TTACGTTAGTAAATGC-1,0.170587836463489,0.307794878748842,0.222485413954385,0.501677876723274,0.212836604693332,0.180367192545438,0.149798544711047,0.171512440592675
TTACGTTCATCATCTT-1,0.170260130630325,0.306777860645919,0.220032306282849,0.553336141900431,0.259298943823664,0.202151951287019,0.124156593902219,0.15824646884194
TTACGTTGTTATGGTC-1,0.223404976608584,0.443532894885529,0.307355706639664,0.716315353661548,0.294292879935005,0.207364609281299,0.145913765109147,0.17419492258743
TTACGTTTCACTGGTA-1,0.47162519492847,0.510836892896694,0.474896330584888,0.560367244359865,0.203416971823523,0.132242365531876,0.118058812917193,0.121024535058642
TTACGTTTCGAGAGAC-1,0.212138676068434,0.506079508215246,0.333562370413231,0.820227493934948,0.360877909783466,0.188912722575883,0.146779722172109,0.174088422061584
TTACGTTTCGAGTGAG-1,0.203776527222185,0.330225778018849,0.246437870678432,0.540363467321353,0.247806991722498,0.202175016145401,0.106789343917253,0.149233861842193
TTACTGTCACAGTGTT-1,0.25662756797071,0.528996316134427,0.369436809875115,0.66985777997298,0.272757244286404,0.166482147799613,0.107583137891635,0.13600782778865
TTACTGTTCCATCAGA-1,0.245609871855719,0.557540624223111,0.382714933217609,0.693086566817264,0.317735991239741,0.241685118553372,0.148210956762283,0.190516128173383
TTACTGTTCGGTTCAA-1,0.204612742106809,0.298008904558501,0.228705578861083,0.566134491625144,0.271991899115732,0.210605221883938,0.144951590594744,0.171479159178348
TTAGGCAAGACAGCTG-1,0.188351752661197,0.346260763441589,0.244822556535995,0.588113950346471,0.279174369178961,0.211354829781345,0.13577485116363,0.167631827682149
TTAGGCAAGATAGCAT-1,0.484258819806993,0.460223291974597,0.453849028400598,0.612519429957726,0.21649848697147,0.14533167266353,0.129436526550003,0.138184432285634
TTAGGCAAGCGTCTGC-1,0.213212195177074,0.434696137591249,0.302720719417523,0.681886194924241,0.300710004827562,0.215045207122428,0.131481147393108,0.169788463330538
TTAGGCAAGTTCTACG-1,0.228071959680882,0.589610595068592,0.389115916871595,0.70581228118599,0.336280893452178,0.23879047882646,0.140273017018462,0.186162919179413
TTAGGCATCCGTAATG-1,0.245666372861437,0.542002847650688,0.370033511741164,0.702543690166626,0.263314062334421,0.169549773964388,0.112634554092248,0.138310901660077
TTAGGCATCTACCAGA-1,0.280233688159649,0.472924718059981,0.351728627224071,0.708151139648735,0.30892863450647,0.212035243103607,0.149389620542426,0.177429876060013
TTAGGGTAGACTTCGT-1,0.188622957488643,0.30283409044681,0.226638217850427,0.53873643534727,0.273192902306633,0.214318664083403,0.130470864152986,0.164257092269393
TTAGGGTAGTCGTCTA-1,0.457997152349312,0.483761610956675,0.452227686966585,0.577814256867673,0.202369037666757,0.137005258787711,0.130158157435805,0.130689457779198
TTAGGGTCAGACTCTA-1,0.183933374014057,0.349492620968653,0.245497613192536,0.626160349811874,0.304783996043754,0.216775071501061,0.126165133201034,0.166447009332109
TTAGGGTGTCGGTGAA-1,0.187346034759419,0.380613374918074,0.261307198997059,0.599721080233014,0.24680615573008,0.179663714364794,0.116615551145589,0.144414713047646
TTAGTCTAGACAACAT-1,0.180972721314439,0.291149682464348,0.213565022421525,0.630634687740605,0.308434103780805,0.224225020758373,0.157099043839076,0.18569032309597
TTAGTCTAGACATCCT-1,0.207539494202997,0.29125138427464,0.227186701383866,0.6172843093104,0.334561810453438,0.259618045945198,0.155860244151783,0.20246415591677
TTAGTCTAGATGCTAA-1,0.244943159988248,0.397574976834588,0.295102222865133,0.772912823045746,0.34491163206914,0.226865947043085,0.178447290877383,0.203149753051906
TTAGTCTAGCACACCC-1,0.213573801613669,0.533572897597577,0.349588938714499,0.734735679939567,0.314745257803577,0.188716671279638,0.115232425281135,0.153400694915931
TTAGTCTAGGTCGTAG-1,0.211099057563225,0.395710443645897,0.276363373354549,0.696180832982262,0.300191925019722,0.220811421717871,0.15841000661495,0.184585380140314
TTAGTCTTCACCCTCA-1,0.248016814699302,0.588808280787398,0.39604730218429,0.74593605183259,0.312472771373736,0.190815573392379,0.154320764928739,0.172657321245524
TTATTGCAGCACTTTG-1,0.229766989852419,0.508622053472552,0.343965475673851,0.767029359210889,0.332442393057731,0.198023341636682,0.160250165373745,0.1808179240385
TTATTGCTCGCAACAT-1,0.243643636856736,0.397970483874613,0.294716476204253,0.744439763499281,0.322292738640512,0.201287019097703,0.165578206747249,0.184212628299852
TTATTGCTCGGTCTGG-1,0.390421949510701,0.488315592017538,0.417516514778919,0.69202609061987,0.258663118604952,0.164636959129071,0.141391544891455,0.152755035477988
TTCAATCGTGCATTAC-1,0.206172169864624,0.386229574886433,0.273391918607455,0.693173729244447,0.30759811136361,0.207664452440262,0.159925431475134,0.180558329006749
TTCAATCTCTTTCAGT-1,0.164926435690555,0.281714014509458,0.204722985679155,0.541220564521987,0.253694262266128,0.18795553095304,0.122737386493475,0.151636779956601
TTCACCGAGAAACTAC-1,0.162643795059552,0.263068682622551,0.194470562707942,0.513285006609817,0.275065054339507,0.223475412860965,0.149449756449576,0.178761132633092
TTCACCGAGGCGCTCT-1,0.468348136596831,0.475376861708138,0.4536199913207,0.59351802083182,0.200167198483439,0.133118830150383,0.128041373504119,0.125810402438862
TTCACCGTCAGCGTCG-1,0.200623771103126,0.435193346441567,0.294493466415931,0.764792190246524,0.332984021947745,0.195197896484916,0.105201755968489,0.149979365523117
TTCACCGTCCGTCAAA-1,0.415587497457455,0.474020837570909,0.424098317180192,0.661519241105801,0.239706107454462,0.173805240335824,0.15481387936737,0.160449698470386
TTCACGCAGATGGTAT-1,0.160315953623974,0.288335932379596,0.206705964607744,0.560309136075076,0.25029141989191,0.192061075744995,0.138336640808227,0.160649386956348
TTCACGCTCCCTCTTT-1,0.251587678260673,0.362487852283771,0.280570422874777,0.645960747853625,0.299096892698607,0.219485192360919,0.167670936316074,0.189411185217727
TTCACGCTCCTAGCCT-1,0.184803489502113,0.274572287386715,0.209719610395873,0.656550982756366,0.366117580567297,0.263654396162008,0.161380720428168,0.20699042826524
TTCACGCTCGGATACT-1,0.236976518182024,0.44770266910751,0.317385119822557,0.687188575911211,0.298048958541841,0.203881815665652,0.157640267003428,0.177596283131648
TTCAGGAAGACTCCGC-1,0.311252740298777,0.392885393360002,0.329270938810936,0.619637694844342,0.245393210799609,0.177622474398007,0.127440014432618,0.148661421515769
TTCAGGACACAAATGA-1,0.270922322417339,0.569304133613578,0.398759583393606,0.664482763630025,0.270284590658079,0.182546821662515,0.133261170244753,0.155650518524435
TTCAGGAGTTAGTCGT-1,0.206341672881777,0.409745293466224,0.281221370365013,0.753402966427938,0.352412014741725,0.241950364424762,0.159769078116543,0.198536949026186
TTCAGGAGTTTACCTT-1,0.179752299590933,0.285510882093701,0.214794589903081,0.51640832691721,0.241366317747766,0.195163299197343,0.126489867099645,0.155197891289588
TTCAGGATCGGAATGG-1,0.211562365810111,0.51492756571067,0.338191330343797,0.755233377398783,0.303276854784585,0.183480948426977,0.136376210235131,0.159963789821212
TTCATGTAGCGCTGAA-1,0.273713472099803,0.361278730761408,0.298495588022566,0.711928178160001,0.343227872693662,0.24361103422825,0.184665343676709,0.211097354793189
TTCATGTAGTTCCGTA-1,0.210884353741497,0.468574140619703,0.313461353006413,0.789851388061653,0.358652521517974,0.218931635759756,0.150616393048289,0.184738474646219
TTCATGTCATGGAACG-1,0.470257870590096,0.51174090898818,0.474619075172381,0.565567935848454,0.185708062028282,0.117503921025925,0.114318359492453,0.114414846173303
TTCATGTGTACCGCGT-1,0.253994621104256,0.459274075078536,0.331790346689811,0.656057062335663,0.260499947014565,0.176653750345973,0.137218112935234,0.155204547572454
TTCATGTGTGTCACAT-1,0.24993784889371,0.407677356656948,0.303100438786827,0.683600389325508,0.277408188015872,0.183976842882185,0.132467376270371,0.155550674281454
TTCATTGCACGGTCTG-1,0.201765091418627,0.284923271634235,0.222611987077487,0.621686011883144,0.307115355179032,0.245733001199373,0.170437188044982,0.201425775789768
TTCATTGCATCATTGG-1,0.204465839491943,0.339198137726852,0.248240030859733,0.682743292124875,0.301769713525415,0.204100931820279,0.133405496421914,0.165082471344702
TTCATTGTCGATACAC-1,0.221257938391303,0.498576174655909,0.334038526447755,0.802969333352703,0.3487383579225,0.185072423655319,0.141704251608636,0.168736770637805
TTCCAATCAGGCATGA-1,0.145083282482428,0.235484891631071,0.177021553594677,0.526504641399247,0.266351893934934,0.214929882830519,0.137386493475254,0.171492471744079
TTCCAATTCAGGAACG-1,0.197787420616087,0.363651773001559,0.255731954289021,0.693536906024376,0.321586266175276,0.236795368576437,0.164483733237116,0.194802774338698
TTCCACGAGTAGACAT-1,0.189628675390422,0.386817185345899,0.264206326245238,0.783256097738135,0.381083022289206,0.250553556601162,0.172962896145288,0.210105568646245
TTCCACGCAAGGTTGG-1,0.213867606843402,0.387834203448821,0.276803365639616,0.729505934308584,0.364410272109645,0.2544284528093,0.18094894461483,0.21044503907238
TTCCACGCAGCACAAG-1,0.230309399507311,0.425305670440934,0.304745889387145,0.644406351235527,0.245310789011998,0.172271427253437,0.112454146370798,0.1406339443801
TTCCACGCAGCAGTGA-1,0.199968359436798,0.320281601012498,0.241326727421766,0.517614073826576,0.229273864051149,0.191173078697297,0.111143183594925,0.144960528242608
TTCCACGGTAACAAGT-1,0.457420842090989,0.528329604266956,0.475836588070784,0.606941034618011,0.213272262713561,0.141975735768982,0.113668891695231,0.124359332774206
TTCCACGTCTACTATC-1,0.316292630008814,0.429373742852623,0.348600462895993,0.694437584438601,0.315392857563376,0.232632161638528,0.171110710205063,0.197199036170241
TTCCGGTAGTCACACT-1,0.232377336316586,0.325705697561417,0.25496046096726,0.644464459520316,0.336410413404138,0.249861610849709,0.164002645979915,0.199628579416111
TTCCGGTGTGGATGAC-1,0.270470314371596,0.517605713381698,0.375476156034524,0.68925142002121,0.318077452931272,0.257749792416275,0.16990799206206,0.20993916157461
TTCCGTGTCCTAACAG-1,0.173198182927656,0.277453838678328,0.209002362698298,0.512921829829888,0.23055728902966,0.182961989113387,0.118924769980155,0.147816073591863
TTCCTAAAGCTGACAG-1,0.170542635658915,0.292889913440459,0.209858238102126,0.618838705928498,0.316429017179055,0.249181197527447,0.166913223885982,0.202757032362847
TTCCTAAAGCTTACGT-1,0.200849775125997,0.369923384636247,0.259396547567385,0.671513866089458,0.2895830635001,0.207157025555863,0.150448012508269,0.175126802188586
TTCCTAACATCAGTCA-1,0.285680385110855,0.447250661061767,0.343603838179276,0.557999331754725,0.219960202051125,0.165859396623305,0.111912923206447,0.134556758123993
TTCCTCTAGGTGATCG-1,0.184690487490677,0.328406445634732,0.235992574376778,0.605372110928716,0.272003673656819,0.209498108681613,0.110962775873474,0.15564386224157
TTCCTCTGTACCATAC-1,0.186521120075937,0.344057224218591,0.241929456579391,0.646701628484681,0.280869903095527,0.200606605775441,0.123134283480666,0.158066749204574
TTCCTCTGTTAAGTCC-1,0.252728998576175,0.391834474653649,0.296434254303486,0.709603846768453,0.300309670430595,0.19330657809761,0.133706175957664,0.161614547971831
TTCCTCTTCTGGCCAG-1,0.457714647320722,0.423610640269397,0.420958098268962,0.560832110638174,0.214602785856421,0.144708921487222,0.136231884057971,0.13986847185058
TTCCTTCAGATGACAT-1,0.289398151287093,0.481863177164554,0.364283475577415,0.731103912140273,0.277784973330664,0.197123812159793,0.160623007998076,0.181523490022232
TTCCTTCAGCTGTACT-1,0.173797093588266,0.309365606707799,0.222310622498674,0.59521768816189,0.271085259452013,0.208148814466279,0.112273738649348,0.154685357508953
TTCCTTCCAGATCCAT-1,0.227992858272877,0.269046489027505,0.239759631611939,0.354169995787149,0.168740948321539,0.1334763354553,0.127860965782669,0.127414566609423
TTCCTTCCATATCTGG-1,0.279759079711619,0.418276945329627,0.329596412556054,0.553350668971629,0.251445324918461,0.17296337300489,0.176667268025738,0.172910259994409
TTCCTTCGTATCACGT-1,0.200635071304269,0.387201392184781,0.27198153237861,0.745180644130337,0.350115979229709,0.264934495802196,0.195886703950929,0.227505092056392
TTCCTTCGTCTCCCTA-1,0.201064478947725,0.371900919836373,0.259505038815758,0.703691328791202,0.306291137302924,0.216809668788634,0.159600697576523,0.18585007388474
TTCCTTCGTGGTAATA-1,0.430854069202432,0.442357673966597,0.416883649163412,0.577799729796476,0.209268918743892,0.145769904972783,0.13570268807505,0.138923279683693
TTCCTTCGTGTGCCTG-1,0.193527244784957,0.302461183809072,0.226174116399055,0.614945450847655,0.313438283742891,0.243772488236922,0.145745384569126,0.188133178907571
TTCCTTCTCTTCCCAG-1,0.22765385223857,0.520848871109906,0.350884806403395,0.784142249081163,0.327555958506517,0.18143970846019,0.153430753502917,0.172444320193831
TTCGATTAGCGGGTAT-1,0.1823626460551,0.345029041516939,0.241640146583731,0.63667794935863,0.319996703128496,0.245248639173355,0.151951410187023,0.192546294447329
TTCGATTAGTCTGGTT-1,0.175887630799828,0.335401270142609,0.23449177877429,0.599735607304211,0.264079407505093,0.1985077036627,0.125804317758133,0.157940279830132
TTCGATTCAAGTGGGT-1,0.183018057721427,0.354170904242096,0.246877862963499,0.611662332757093,0.273828727525345,0.205265707168558,0.129340309098563,0.16277274119041
TTCGATTGTATTCCTT-1,0.26776956629828,0.464268763983999,0.344218621920054,0.63554483780525,0.246382272250939,0.193364240243565,0.165445907751518,0.173842139595564
TTCGATTGTCGCACGT-1,0.235902999073383,0.343853820598007,0.265447948309947,0.631390095442858,0.303347502031108,0.231548113294584,0.148235011125143,0.184485535897333
TTCGATTTCACTCACC-1,0.149354758514702,0.261181549031573,0.187472877187907,0.544707061609309,0.260323328898256,0.193641018544146,0.130206266161525,0.159204973574557
TTCGCTGAGAGTCTGG-1,0.20341492078559,0.45685583203381,0.303443994406673,0.769847611023142,0.335444901034982,0.202348002583264,0.138877863972578,0.170320965959769
TTCGCTGAGTCGGCAA-1,0.198160327253825,0.322552941442358,0.236908722696369,0.623356625070819,0.278126435022195,0.207652920011071,0.144674965421853,0.171053157074963
TTCGCTGTCAAACCTG-1,0.249112934210229,0.587926865098199,0.394980471575293,0.736406293127243,0.299638521588621,0.189627733185718,0.148379337302303,0.167445451761918
TTCGCTGTCCATAAGC-1,0.260424435554953,0.544048184057676,0.378019673079705,0.723143077124221,0.291478764615149,0.20933665467294,0.149413674905286,0.176591184418973
TTCGCTGTCGAGAGCA-1,0.212183876873008,0.417452030646145,0.291624475625633,0.760143527463428,0.353436399816317,0.242746102038933,0.174646701545493,0.212002609262883
TTCGGTCAGCATAGGC-1,0.16592085339119,0.283872352927882,0.211503688702445,0.475805162921103,0.204865240377256,0.176054064028047,0.107823681520236,0.138151150871307
TTCGGTCAGCTAATGA-1,0.178351074649129,0.321592424345153,0.228591060321134,0.622949867077298,0.303712512804813,0.223602269582065,0.149558001082446,0.180964362261539
TTCGGTCCACTCCGAG-1,0.345006441114652,0.533425994982711,0.417872124981918,0.607173467757166,0.217263832142142,0.130062736414798,0.107402730170185,0.114315001930322
TTCGGTCGTCATACCA-1,0.212229077677583,0.522035392229982,0.341614831959111,0.797507154582565,0.340248913798585,0.181520435464526,0.142401828131577,0.165714818216915
TTCGGTCGTGGGACAT-1,0.183108459330576,0.361493434583136,0.250247118954627,0.630678268954196,0.288546903884421,0.208875357505305,0.114727283661074,0.155510736584262
TTCGGTCTCACTTTGT-1,0.192634528894614,0.38700928876534,0.264658373113458,0.778200676961518,0.327261594979336,0.190642586954516,0.127548259065488,0.160383135641732
TTCGGTCTCTGTACAG-1,0.393235699595453,0.504373177842566,0.429667534596654,0.613391054229557,0.22930918767441,0.158075006919458,0.11316375007517,0.130969021659544
TTCTAACCACCAACAT-1,0.474314642800642,0.449567202296201,0.44278292106659,0.593271060621468,0.198342144614914,0.140130547098441,0.137206085753804,0.134050880626223
TTCTAACTCAGGAGAC-1,0.183526566772889,0.291160982665491,0.213233521384831,0.665354387901855,0.328568569040022,0.253344404465357,0.170617595766432,0.206531144747527
TTCTAACTCCTCTAGC-1,0.201708590412909,0.344916039505503,0.252037224552775,0.614959977918852,0.267823711570842,0.209544238398376,0.159793132479403,0.180431859632307
TTCTAGTAGTCCCGAC-1,0.261328451646439,0.426876398399891,0.318204831476928,0.671601028516641,0.272568851629008,0.18638712058308,0.140609778098503,0.159511162586365
TTCTAGTTCACCTGGG-1,0.159558840147355,0.26458290957579,0.193988379381841,0.586254485233232,0.288770620165079,0.225124550235262,0.146479042636358,0.180604922986807
TTCTAGTTCGTGCTCT-1,0.185165095938708,0.333977444798517,0.237855007473842,0.61558464198033,0.284131450976698,0.206960974259618,0.144542666426123,0.17159231598706
TTCTAGTTCTCGCAGG-1,0.1857075055936,0.298088005966506,0.223986209556874,0.530179990412133,0.261277066726324,0.210270781437402,0.119983161945998,0.157700653646977
TTCTCTCAGCACCGTC-1,0.166644066264379,0.289341650281375,0.207182120642268,0.609192730653573,0.271462044766805,0.191507519143832,0.130374646701545,0.159071847917249
TTCTCTCAGTTCATCG-1,0.248468822745045,0.340249056433205,0.274904768793095,0.522495169748827,0.224740665732553,0.195866777377987,0.10942329665043,0.147782792177536
TTCTCTCCATGACGTT-1,0.171650055370986,0.301297263091283,0.218212064226819,0.564521986722257,0.262442746293963,0.205530953039948,0.132780082987552,0.163464994608411
TTCTCTCTCACCCATC-1,0.327321626324949,0.352645377087712,0.317011427744829,0.554919592660924,0.257791802564495,0.211216440631055,0.150387876601119,0.176757591490608
TTCTGTAAGCATAGGC-1,0.213652903021674,0.450844125025425,0.30776556246685,0.710896756105002,0.274264385545573,0.177495617676907,0.112309820193638,0.143296457526259
TTCTGTACAAAGCAAT-1,0.168339096435917,0.25754288426334,0.199298423260524,0.480991327338495,0.215179738369697,0.17974444136913,0.111660352396416,0.141399416909621
TTCTGTACAAATGCGG-1,0.231303817207946,0.541573440007232,0.361342157288201,0.760259744033006,0.315180915823806,0.193237383522465,0.148992723555235,0.171698816512907
TTCTGTACAAGGCGTA-1,0.360476416480213,0.395088932583,0.356912097979652,0.656783415895521,0.239588362043589,0.194817326321616,0.195273317697997,0.194969181410333
TTCTGTACATGGGAAC-1,0.209618731213416,0.453205867064434,0.304498770432518,0.811133547365516,0.359782877462351,0.19643186640834,0.154958205544531,0.181004299958731
TTCTGTAGTATCAGCT-1,0.169988925802879,0.287782222523561,0.212528328270408,0.493135958859334,0.229921463810948,0.200941046221976,0.100138312586445,0.145379874063128
TTCTGTAGTCCAGAAG-1,0.148925350871246,0.255034239609465,0.185290997637302,0.54568037537952,0.265704294175135,0.202913091613617,0.133982801130555,0.16528881611353
TTCTTCCAGAGAGTTT-1,0.181097023527019,0.332067710805252,0.236384348329235,0.63621308308032,0.323446643667063,0.23866362210536,0.135389981357869,0.18324746728437
TTCTTCCAGGAGATAG-1,0.211200759373517,0.478258412999751,0.318530305222045,0.810959222511149,0.354142872281553,0.188924255005074,0.141271273077154,0.170114621190942
TTCTTCCAGTCGAGGT-1,0.220105317874658,0.530002034036206,0.350342350161531,0.813515987041852,0.356297613300522,0.183331026847495,0.151987491731313,0.176185151164184
TTCTTCCCAAGTGCTT-1,0.336361787239813,0.395213234795579,0.345146824822798,0.610035300783009,0.267317406304089,0.212392748408525,0.145504840940526,0.172963510257332
TTCTTCCCATGTCTAG-1,0.223755282844035,0.419712070874862,0.29662110034235,0.633598210264829,0.28541487595521,0.207133960697481,0.132407240363221,0.165202284436279
TTCTTCCGTCCGTACG-1,0.185391099961579,0.338576626663955,0.241917401996239,0.54274590699769,0.224234360465801,0.18665236645447,0.103181189488243,0.139562282838772
TTCTTCCGTGACACGA-1,0.365810111419983,0.401315343413113,0.361432566661845,0.568923689295001,0.233371404349515,0.16840806347449,0.141379517710025,0.151896374988352
TTCTTCCGTGGTCTTA-1,0.202115397654078,0.334779759079712,0.244756256328656,0.664540871914813,0.32952230686809,0.259352800073808,0.160623007998076,0.204301289987619
TTCTTCCTCCCTCAAC-1,0.289646755712252,0.690566592085339,0.471069000433965,0.722968752269855,0.283424978511463,0.164913737429652,0.144458476156113,0.154885045994915
TTCTTGAAGGGTGAAA-1,0.219856713449499,0.392681989739417,0.279829066010897,0.717492046428519,0.313249891085495,0.217974444136913,0.148126766492273,0.180132326903364
TTCTTGACAACCGCTG-1,0.419644269668,0.346159061631297,0.361908722696369,0.632247192643491,0.250833048781924,0.188439892979057,0.180419748631908,0.1787211949359
TTGAACGAGATGTTCC-1,0.413033651999006,0.435871358510181,0.405015912049761,0.577378444731758,0.226153610663024,0.174278069932651,0.152384388718504,0.158865503148422
TTGAACGAGGTCATCT-1,0.236942617578593,0.641422017311908,0.416552148126718,0.734387030230835,0.282023808122078,0.172121505673955,0.133080762523303,0.151816499593967
TTGAACGCAAGTTCCA-1,0.166915271091825,0.324191470608177,0.226270553064275,0.595871406365763,0.304678025173969,0.221572562044469,0.126718383546816,0.169701931653288
TTGAACGGTAGCGCTC-1,0.206352973082921,0.398716297150089,0.27890689039973,0.65951450528059,0.290937135725135,0.2197619706615,0.140898430452823,0.176218432578511
TTGAACGTCCCGATCT-1,0.204318936877076,0.378534137907655,0.265345484353151,0.690297369147406,0.297118769795947,0.208633176492296,0.154453063924469,0.1785481315814
TTGACCCCATTCCTCG-1,0.210703550523199,0.446550048590865,0.303630840445537,0.716228191234365,0.306397108172709,0.213949626349294,0.12818569968128,0.16696619939561
TTGACCCGTAACACCT-1,0.223472777815445,0.526804077112573,0.352096292010222,0.755465810537937,0.301440026374972,0.17765707168558,0.141740333152926,0.163338525233968
TTGAGTGTCGGTGAAG-1,0.195888986823965,0.411813230275499,0.280437822460099,0.702020715603527,0.330758633682252,0.241281483531691,0.151422214204101,0.193404954936965
TTGATGGAGGTCGTGA-1,0.182306145049382,0.30450652021606,0.224745648295482,0.518471171027209,0.249879310953856,0.204689085709014,0.105249864694209,0.149593301116924
TTGATGGAGTTTGTCG-1,0.312800867855448,0.429791850294935,0.349932494334346,0.695134883856066,0.302028753429335,0.252121966971123,0.194323170365025,0.219723897386743
TTGATGGCATCTCCCA-1,0.227710353244288,0.488812800867855,0.331754182940354,0.768264160262649,0.323776330817506,0.175154534551158,0.150604365866859,0.166926261698417
TTGATGGGTGCAGATG-1,0.215381833796642,0.378364634890501,0.273524519022132,0.617080930313639,0.288181893110716,0.21206984039118,0.12084911900896,0.160449698470386
TTGATGGGTTATTCTC-1,0.218907496553439,0.574095418898456,0.372854284198852,0.793991603352848,0.332654334797301,0.173286281022235,0.140730049912803,0.161248452414234
TTGATGGTCGAACTCA-1,0.304122313377178,0.381506090808416,0.318928106466078,0.543297935703183,0.246240977757892,0.190146692499308,0.13195020746888,0.1553110480983
TTGATGGTCGTCAAAC-1,0.272583451985445,0.350667841887586,0.29141954771204,0.528828972790796,0.226954279456958,0.195670726081742,0.111732515484996,0.148388513918287
TTGCATTCAACGGGTA-1,0.351266752548195,0.487434176328339,0.398699310477844,0.652919214957073,0.223186426309035,0.142817603099917,0.112213602742197,0.125158086718053
TTGCATTCAATTTCTC-1,0.175175718127783,0.29690148484643,0.216512368002314,0.556183447855078,0.272404008053786,0.213384537318941,0.146262553370618,0.173316293249198
TTGCATTCAGGTCAAG-1,0.219969715460935,0.359335096164712,0.265683012681421,0.678762874616848,0.341767829598841,0.263193098994372,0.162655601659751,0.207622775137452
TTGCATTGTTCATCGA-1,0.22538251180871,0.504938187899745,0.339884999276725,0.736769469907172,0.312602291325696,0.214099547928776,0.138180287449636,0.172644008679793
TTGCATTTCACACCGG-1,0.293014215653039,0.623047890252446,0.43791889676455,0.71702718015021,0.280846354013352,0.188105452532521,0.15078477358831,0.168869896295113
TTGCCTGGTCCTCCTA-1,0.458946369245373,0.438922412818948,0.429751916678721,0.563548672952046,0.211164619858941,0.141987268198173,0.137013650850923,0.139828534153387
TTGCCTGGTGACGTCC-1,0.18113092413045,0.381799896038149,0.262138965234582,0.602786292255618,0.234160298602362,0.181912538057016,0.11701244813278,0.145626156529148
TTGCCTGGTTGCCTAA-1,0.204725744118245,0.315320812710466,0.236257775206133,0.607478536252306,0.3154635048099,0.246655595534643,0.159648806302243,0.195807873051373
TTGCCTGTCAAACTGC-1,0.168881506090808,0.288098628155581,0.209110853946671,0.571494980896901,0.26086495778827,0.195094104622198,0.139262733778339,0.162806022604737
TTGCGTCAGCACACAG-1,0.215393133997785,0.400818134562795,0.284427889483582,0.724043755538446,0.314109432584865,0.210074730141157,0.162018161043959,0.183074403929869
TTGCGTCAGGTTGTTC-1,0.346079960223292,0.419847673288585,0.365085105357057,0.602524804974069,0.264503290984234,0.191772765015223,0.152348307174214,0.165055846213241
TTGCGTCTCCGTGGGT-1,0.223755282844035,0.608075123737203,0.39360022180433,0.768583755828987,0.307821827644268,0.16592859119845,0.130362619520115,0.149619926248386
TTGCGTCTCTGGGCGT-1,0.436425068366217,0.499672294166836,0.451872076763586,0.578424393857954,0.187839253965077,0.124815481132946,0.104660532804137,0.11084707855745
TTGCTGCAGAAGGATG-1,0.397213370397993,0.460324993784889,0.406926563479435,0.671702718015021,0.24977334008407,0.164337115970108,0.144638883877563,0.153873290999374
TTGCTGCAGGCGAAGG-1,0.212387280493593,0.390026442470676,0.274983123583586,0.735723520780975,0.330558466483769,0.219312205923056,0.148992723555235,0.181796397619713
TTGCTGCGTCTGTAAC-1,0.382771713336497,0.508350848645106,0.424490091132649,0.533405000217906,0.184930942316523,0.128217547744257,0.124288892897949,0.122721887189318
TTGCTGCGTGGAAGTC-1,0.454132483558207,0.484812529663028,0.453131780703023,0.574574719990703,0.233277208020817,0.157117815296614,0.138360695171087,0.144840715151031
TTGCTGCGTTTACTTC-1,0.224071688476055,0.388320112097995,0.280021939341338,0.722765373273094,0.341202651626653,0.245387028323646,0.163413314089843,0.200174394611073
TTGCTGCTCAGCTTCC-1,0.171491852554975,0.321400320925712,0.227144510342832,0.627075555297297,0.276148312119535,0.193975458990682,0.153190209874316,0.170274371979712
TTGCTGCTCCTAACAG-1,0.329412163536511,0.381257486383258,0.33391798061623,0.534814126124032,0.219395024078937,0.158916874250392,0.137735281736725,0.144041961207183
TTGGATGAGAGCATAT-1,0.200318665672249,0.395348837209302,0.271505376344086,0.762235425715821,0.347784620094432,0.23031414337116,0.149858680618197,0.188605774991014
TTGGATGAGAGGTTTA-1,0.18498429272041,0.334621556263701,0.239699358696176,0.527957348518965,0.226071188875414,0.19030814650798,0.110710205063443,0.145812532449379
TTGGATGAGCGTCAAG-1,0.378082129861912,0.527222184554885,0.435881672211775,0.641762424277641,0.295164195975462,0.22666989574684,0.163846292621324,0.19054940958771
TTGGATGCAATCCAGT-1,0.192408524871743,0.333581937758492,0.238608418920874,0.716591368014295,0.336622355143708,0.243195866777378,0.15113356184978,0.193478174048484
TTGGATGCACCTGCGA-1,0.190250186453319,0.374646868714263,0.259926949226096,0.670032104827346,0.29474031249632,0.205081188301504,0.157676348547718,0.177136999613936
TTGGATGCAGCCTTCT-1,0.245553370850001,0.351967365019097,0.272222624041661,0.688742972529308,0.311954691565896,0.241442937540364,0.173804798845391,0.201039711383575
TTGGATGGTTCAATCG-1,0.191210703550523,0.309456008316948,0.228120931578186,0.561180760346906,0.274900210764285,0.215033674693237,0.141523843887185,0.170860124871867
TTGGATGTCCGTGTGG-1,0.201505186792325,0.459432277894547,0.305378755002652,0.77551316879004,0.335021017555841,0.198046406495064,0.131276685308798,0.164842845161548
TTGGATGTCTGAGTCA-1,0.249598842859403,0.412818948177278,0.307283379140749,0.559916905152752,0.223610309788176,0.17804917427807,0.121438450899032,0.145033747354128
TTGGGATAGTAAATGC-1,0.180938820711009,0.304280516193188,0.222630068952216,0.562023330476343,0.267435151714962,0.204885137005259,0.131445065848818,0.163212055859526
TTGGGATCAAGTTTGC-1,0.441442357673967,0.478066309580311,0.440601041515984,0.586196376948443,0.208621318984093,0.142194851923609,0.13205845210175,0.13618089114315
TTGGGATCAGCATGCC-1,0.187718941397157,0.354668113092413,0.249132070013019,0.648793526737075,0.27505327979842,0.20568087461943,0.109158698658969,0.153760134190663
TTGGGATCATGTTCGA-1,0.376285397880082,0.385608063823536,0.363427600173586,0.653848947513692,0.285567944989344,0.212681059138297,0.174129532744001,0.186455795625491
TTGGGATCATTCAGCA-1,0.176554342667299,0.326417610233462,0.230640339457062,0.626843122158142,0.300863073861696,0.221180459451979,0.154465091105899,0.182395463077599
TTGGGATGTAGCGATG-1,0.167209076321559,0.272741654801455,0.202040840927721,0.528305998227697,0.283342556723852,0.23409678014577,0.144338204341812,0.180804611472769
TTGGGATGTCAGGTAG-1,0.275758808506791,0.383551427215404,0.305806692704566,0.559858796867963,0.237904602668111,0.186686963742043,0.122677250586325,0.149586644834059
TTGGGATGTGAGTAAT-1,0.261328451646439,0.434944742016408,0.322237089541444,0.672763194212415,0.288264314898327,0.234304363871206,0.165012929220037,0.192652794973175
TTGGGCGCAAGGACAC-1,0.211788369832983,0.409779194069654,0.284656926563479,0.753591818353502,0.321915953325719,0.194955715471907,0.151614649106982,0.174580986993623
TTGGGCGCACAGACGA-1,0.27796234772979,0.403756186860126,0.315287622354019,0.732120807124076,0.315275112152504,0.225724236553188,0.180046906007577,0.199641891981842
TTGGGCGGTCTCTCCA-1,0.169243112527403,0.270481614572739,0.201612903225806,0.58647239130119,0.307609885904697,0.243288126210905,0.141319381802874,0.184844975172065
TTGGGCGGTGAACGGT-1,0.355142721540443,0.479038126878658,0.394835816577463,0.66852128942284,0.276101213955186,0.196996955438694,0.150628420229719,0.171212907863733
TTGGGCGTCGGATACT-1,0.1790177865166,0.346848373901055,0.241242345339698,0.635849906300391,0.296659562693544,0.226519974167359,0.149473810812436,0.182468682189118
TTGGGTAAGATGTTGA-1,0.216319750491559,0.528962415530996,0.347376922706013,0.808082862414109,0.351634895029966,0.18652550973337,0.144614829514703,0.17117297016654
TTGGGTAAGCCGGATA-1,0.221992451465636,0.42115849662124,0.300104874873427,0.630954283306942,0.265409930647953,0.200318295045668,0.121294124721871,0.155670487373031
TTGGGTAAGGTCTGGA-1,0.164734332271114,0.273024159830045,0.201450166353248,0.569432136786902,0.293551083846507,0.224813174647108,0.142558181490168,0.17746315747434
TTGGGTAAGTTGTACC-1,0.391687572038782,0.429531945668633,0.39120135975698,0.560483460929442,0.214661658561858,0.165628748039487,0.184641289313849,0.178235286286726
TTGGGTAGTCTGTCCT-1,0.215494835808077,0.383754830835989,0.276725010849125,0.657800310879324,0.288052373158756,0.209278992526986,0.116627578327019,0.160356510510271
TTGGGTAGTTCTCTAT-1,0.276854928017719,0.375833389834339,0.30560779208255,0.536092508389384,0.219936652968951,0.18847449026663,0.111275482590655,0.145812532449379
TTGGGTATCTGTCTCG-1,0.476326078604199,0.440142834542455,0.439323255701818,0.594970727951538,0.202133546845012,0.15015222806532,0.149233267183835,0.143436239466432
TTGGTTTAGAGGACTC-1,0.168870205889665,0.298449612403101,0.216048266550943,0.534872234408821,0.24607613418267,0.224617123350863,0.124866197606591,0.16689298028409
TTGGTTTGTGAGACGT-1,0.193267340158655,0.311365742310213,0.231375669029365,0.562008803405145,0.247406657325531,0.225931820278623,0.159047447230741,0.187174674174954
TTGGTTTTCCAAGAGG-1,0.475546364725292,0.417508531651863,0.428166738994166,0.574574719990703,0.239647234749026,0.17544284528093,0.141283300258584,0.153646977381951
TTGTGGAAGAAGCGCT-1,0.178690080683436,0.310823332655321,0.224492502049279,0.590263956883653,0.291867324471029,0.227338776639911,0.119008960250165,0.16797795439115
TTGTGGAAGGATTTCC-1,0.218670192329423,0.455590209505729,0.310544143883504,0.762104682075047,0.31963169235479,0.178014576990497,0.144999699320464,0.164330311380912
TTGTGGAAGGCAGGGA-1,0.343526114764843,0.405530318439668,0.353747769902117,0.587445705071401,0.277938042364799,0.209832549128148,0.149726381622467,0.174847238308239
TTGTGGAAGGTACTGG-1,0.203957330440482,0.488078287793523,0.320706157481074,0.782951029242994,0.318972318053904,0.173320878309807,0.127584340609778,0.151024401932985
TTGTGGAAGTCCTGCG-1,0.425814179492395,0.517639613985129,0.453336708616616,0.573499716722112,0.197612123067503,0.135356121413415,0.110120873173372,0.119187400987792
TTGTGGACACGTACAT-1,0.171435351549258,0.284753768617081,0.209327836443416,0.559815215654372,0.282777378751663,0.219796567949073,0.136292019965121,0.171698816512907
TTGTGGACAGTTGCGC-1,0.25451443035686,0.682147942233372,0.44733955349824,0.689193311736421,0.230498416324224,0.140315065965495,0.11325996752661,0.124485802148648
TTGTGGACATATCTGG-1,0.248423621940471,0.692205121251158,0.449334587009981,0.712451152723099,0.249938183659292,0.148341636682351,0.131685609477419,0.138490621297443
TTGTGGAGTAGGTACG-1,0.331276696725202,0.529956833231632,0.409180770528955,0.610935979197234,0.233854160534093,0.160208506319771,0.120560466654639,0.137658585939268
TTGTGGAGTGTTTACG-1,0.303851108549732,0.4720998033765,0.365115241814938,0.689280474163604,0.245569828915918,0.156033766952671,0.111395754404955,0.132280309384028
TTGTGGATCTATCGTT-1,0.321773227563451,0.514735462291229,0.396390857804137,0.568531458372677,0.207961944683206,0.144224559461205,0.118227193457213,0.128333133644847
TTGTGGATCTCGCTCA-1,0.163954618392207,0.266063235925599,0.196809151839529,0.600897772999985,0.328439049088062,0.279004059415075,0.160863551626676,0.21437890224583
TTGTGTTCATATCTGG-1,0.183221461342012,0.360069609239044,0.249746853753797,0.645437773290527,0.288134794946367,0.212369683550143,0.142293583498707,0.172111506050561
TTGTGTTGTAACAGTA-1,0.285578683300563,0.481591972337108,0.360594773132745,0.67330069584671,0.271014612205489,0.191011624688624,0.120235732756029,0.151283996964735
TTGTGTTGTCAACCTA-1,0.258446900354826,0.459579180509413,0.335430830801871,0.618882287142089,0.229415158544196,0.161834578835686,0.115412833002586,0.13558848196813
TTGTGTTTCACGAACT-1,0.235869098469953,0.537471466992112,0.362011186653166,0.793730116071299,0.341026033510344,0.183077313405296,0.145468759396235,0.170241090565385
TTGTTCAAGACATATG-1,0.178215472235406,0.243609736253305,0.198888567433338,0.416476604151837,0.214108255130756,0.192591567487776,0.134572133020627,0.159444599757711
TTGTTCAAGGCTTAAA-1,0.195222274956494,0.303817207946301,0.22746998408795,0.629516103258422,0.30858717281494,0.229333886889935,0.144723074147574,0.181010956241596
TTGTTCAAGTACCCTA-1,0.336926797296992,0.479286731303817,0.390670958098269,0.667213853015094,0.285779886728915,0.247728111449396,0.178651752961693,0.211257105581959
TTGTTCACACGGGTAA-1,0.245847176079734,0.522950708522612,0.360166835430831,0.740953266411959,0.288440933014636,0.173274748593044,0.141379517710025,0.158679127228191
TTGTTCACACTTCAAG-1,0.204160734061066,0.311603046534228,0.234564106273205,0.634135711899124,0.334031956104511,0.258003505858474,0.163256960731253,0.204015069824407
TTGTTCAGTGGCTACC-1,0.15660948764888,0.248491423147332,0.188913399874632,0.47998895942589,0.223904673315358,0.18456499677092,0.111467917493535,0.144268274824607
TTGTTCATCAAACGAA-1,0.179255090740615,0.305885144755577,0.221575292926371,0.55653209756381,0.275959919462139,0.216071593320417,0.145685248661976,0.173635794826737
TTGTTCATCCTTCTAA-1,0.213246095780505,0.536680452912062,0.349902357876465,0.808722053546784,0.346465871492659,0.181993265061353,0.144121715076072,0.168230893140035
TTGTTCATCTACCAGA-1,0.170689538273781,0.31593102357222,0.227976276580356,0.520998881415518,0.220690223598535,0.18013654396162,0.112935233627999,0.14247107845095
TTGTTGTAGATACTGA-1,0.208420909892196,0.438798110606369,0.30059911278268,0.783444949663698,0.348785456086849,0.238951932835132,0.183089782909375,0.213114208501404
TTGTTGTCAAGCCCAC-1,0.19000158202816,0.298223608380229,0.222841024157385,0.575184856980984,0.283519174840161,0.219000830334902,0.153538998135787,0.179107259342093
TTGTTGTGTGCCTTCT-1,0.31915158089814,0.466528804212715,0.369364482376199,0.644232026381161,0.273345971340767,0.205300304456131,0.134307535029166,0.165654911671126
TTGTTGTTCAGTCATG-1,0.20464664271024,0.431407779058467,0.291286947297362,0.805075758676293,0.345688751780899,0.189581603468955,0.141463707980035,0.169848369876326
TTGTTGTTCATTGAGC-1,0.209562230207698,0.465500485908649,0.311213173248469,0.810770370585586,0.354978864698748,0.190146692499308,0.142341692224427,0.171326064672444
TTGTTTGAGAGGTGCT-1,0.207482993197279,0.432424797161389,0.296211244515165,0.697909554454726,0.290077594225765,0.202013562136728,0.115593240724036,0.15422607399124
TTGTTTGAGATGACCG-1,0.212782787533618,0.339525843560015,0.252826799749265,0.658192541801647,0.332984021947745,0.264092628471261,0.153454807865777,0.203842006469907
TTGTTTGCAAGTGATA-1,0.301093859470699,0.425283070038647,0.338601186170982,0.67947470110551,0.313450058283978,0.236241811975274,0.183462625533706,0.202763688645713
TTGTTTGCATTGTCGA-1,0.162632494858408,0.288109928356725,0.208285115000723,0.559190551592893,0.264150054751616,0.195290155918443,0.127343796981177,0.156888587137399
TTGTTTGTCTGGAAGG-1,0.209279725179108,0.432865505005989,0.294861131202083,0.747563083806674,0.302570382319349,0.18352707814374,0.136304047146551,0.159404662060519
TTTACCACAGCGACCT-1,0.501762831378398,0.45638122358578,0.460816577462751,0.481659572613565,0.174863709686915,0.118299658640096,0.125070659690901,0.116238667678422
TTTACCACAGTCTTCC-1,0.195968088231971,0.345074242321513,0.251362167896234,0.675959149875794,0.335397802870633,0.270862164406311,0.182127608394973,0.222306535138517
TTTACCAGTGCATTTG-1,0.192939634325491,0.36491739552964,0.254972515550412,0.688350741606985,0.325401217487548,0.247312943998524,0.154465091105899,0.196273812851951
TTTACCATCTATCCAT-1,0.261170248830429,0.446109340746265,0.328601909445971,0.715966703952816,0.303088462127189,0.219415997785774,0.181838956040652,0.195974280123008
TTTACGTCACACTGGC-1,0.193640246796393,0.360058309037901,0.250590674574473,0.721821113645278,0.321821756997021,0.216694344496725,0.156654038126165,0.185464009478547
TTTACGTGTTAGAGTA-1,0.5004407078446,0.450832824824282,0.458236896668113,0.542934758923253,0.184966265939785,0.119925731156011,0.130146130254375,0.119054275330484
TTTACGTGTTGACTGT-1,0.169310913734264,0.273317965059778,0.203041371329379,0.567470982175284,0.295529206749167,0.231628840298921,0.12830597149558,0.173216449006217
TTTACGTTCGTCGGGT-1,0.205833163830316,0.329276561122788,0.245383094652587,0.557345613550852,0.267670642536707,0.206776455392564,0.122689277767755,0.15807340548744
TTTACTGGTCTGTGTA-1,0.168169593418763,0.277318236264605,0.205735570663966,0.55226113863184,0.275724428640394,0.214364793800166,0.134908894100668,0.169302554681364
TTTACTGTCGCAATGT-1,0.222986869166271,0.457635545912717,0.317059646077439,0.722503885991545,0.290207114177725,0.219808100378264,0.188345661194299,0.199562016587457
TTTACTGTCTGCGGGT-1,0.206025267249757,0.375166677966868,0.268353102849703,0.618882287142089,0.264197152915965,0.200606605775441,0.156016597510373,0.174301423113277
TTTAGTCCACGAGAAC-1,0.166723167672385,0.273193662847199,0.200732918655673,0.582622717433938,0.305702410248561,0.255408709290525,0.150399903782549,0.196054155517393
TTTAGTCCAGCTGTCG-1,0.182475648066536,0.298664316224829,0.218254255267853,0.617647486090329,0.300486288546904,0.226416182304641,0.154958205544531,0.185224383295393
TTTAGTCGTATGGTTC-1,0.203460121590164,0.478959025470653,0.316131443174695,0.768758080683353,0.297919438589881,0.167981363594428,0.121390342173312,0.144175086864491
TTTAGTCTCACCACAA-1,0.211686668022691,0.452697358012973,0.305113554173297,0.812905850051571,0.354978864698748,0.188047790386567,0.149497865175296,0.174587643276489
TTTAGTCTCACCGGTG-1,0.198149027052682,0.284572965398784,0.2185978108877,0.638072548193559,0.324765392268836,0.258430205738537,0.172553971976667,0.208747686941704
TTTAGTCTCATTTCCA-1,0.199821456821931,0.313264176102335,0.231930179854381,0.680172000522975,0.352588632858034,0.274737060614448,0.173119249503879,0.219857023044051
TTTATGCAGCTCCATA-1,0.179119488326892,0.303331299297127,0.220418052943729,0.542281040719381,0.276124763037361,0.223383153427438,0.117938541102893,0.164816220030086
TTTATGCGTTCCGGTG-1,0.234965082378466,0.37451126630054,0.278466898114663,0.727501198483374,0.342097516749285,0.247612787157487,0.170846112213603,0.2044011342306
TTTCACAAGAGCACTG-1,0.199787556218501,0.333706239971071,0.243966681132166,0.611502534973924,0.265268636154906,0.197504382323093,0.130927897047327,0.160702637219271
TTTCACAAGCATCAGG-1,0.199945759034511,0.43517074603928,0.290262307729399,0.787105771605387,0.350492764544502,0.213926561490912,0.148607853749474,0.18375334478214
TTTCACAAGTGATAAC-1,0.213144393970213,0.494926209686532,0.327987125705193,0.808736580617982,0.356120995184213,0.190123627640926,0.147802032593662,0.174241516567488
TTTCACACACGGTGAA-1,0.168994508102244,0.259068411417723,0.195880948936786,0.581968999230065,0.310671266587385,0.249780883845373,0.153466835047207,0.194469960195428
TTTCACAGTGATATAG-1,0.156315682419147,0.259565620268041,0.191258016297796,0.568589566657466,0.286203770208056,0.221860872774241,0.134836731012087,0.174427892487719
TTTCACAGTGTTGCCG-1,0.262899179605397,0.453251067869008,0.337407782438883,0.644406351235527,0.254695098258545,0.206142171787065,0.175705093511336,0.185191101881066
TTTCACAGTTGATCGT-1,0.262243767939069,0.62839288539336,0.42363421572882,0.735345816929849,0.290513252245994,0.169434449672479,0.144434421793253,0.156622335822783
TTTCACATCGACGCTG-1,0.315795421158497,0.475704567541302,0.37264935628526,0.583290962709008,0.215144414746435,0.160416090045207,0.128618678212761,0.140181317145253
TTTCAGTAGGACTATA-1,0.411903631884648,0.49068863425769,0.432452143304885,0.642096546915176,0.250974343274971,0.178037641848879,0.124926333513741,0.147776135894671
TTTCAGTAGTCCTACA-1,0.240117974099939,0.558794946550049,0.374451516466561,0.743045164664352,0.300886622943871,0.178118368853215,0.148150820855133,0.164969314535991
TTTCAGTCAGGCATGA-1,0.229507085226117,0.332576219856713,0.256268383239308,0.687943983613464,0.328191783725229,0.253332872036166,0.174033315292561,0.207236710731259
TTTCAGTGTGCAATGG-1,0.183244061744299,0.365109498949081,0.251187376440523,0.652425294536369,0.28885304195269,0.208748500784205,0.142269529135847,0.17141925263256
TTTCAGTTCACAGTGT-1,0.314631500440708,0.526193866250819,0.398717392352572,0.614015718291035,0.235808734354579,0.167093366546729,0.127259606711167,0.144228337127415
TTTCAGTTCCGTGGTG-1,0.182927656112279,0.332203313218975,0.236739958532234,0.577523715443729,0.270060874377421,0.213384537318941,0.153069938060016,0.17914054075642
TTTCATGCATTCTCTA-1,0.270978823423057,0.339853549393179,0.283017503254737,0.66558682104101,0.288711747459643,0.21258879970477,0.159312045222202,0.182548557583503
TTTCATGGTATGAGGC-1,0.472404908807377,0.462494632404457,0.44920801388688,0.599532228307451,0.199637344134512,0.133926100193745,0.132972517890432,0.128273227099059
TTTCATGGTCGCACAC-1,0.25833389834339,0.475930571564174,0.341753459665365,0.686999723985647,0.281187815704883,0.195532336931451,0.13970773949125,0.165714818216915
TTTCATGTCCCAAGTA-1,0.185515402174159,0.3060207471693,0.222871160615266,0.606258262271743,0.306444206337058,0.245871390349663,0.135522280353599,0.18652901473701
TTTCATGTCTCCGATC-1,0.253101905213913,0.342011887811603,0.272704807367761,0.658671935151154,0.324282636084259,0.245421625611219,0.157868783450598,0.196107405780316
TTTCATGTCTCTATAC-1,0.167310778131851,0.282866635026103,0.208110323545012,0.555282769440853,0.268695027611299,0.225954885137005,0.159384208310782,0.188772182062649
TTTCCTCGTATGAGCG-1,0.403790087463557,0.519357244558953,0.442270601282608,0.571524035039296,0.201650790660434,0.13490635667497,0.117962595465753,0.12149047485922
TTTCCTCGTTGCGGCT-1,0.206951883743531,0.374522566501684,0.267015044119774,0.626291093452649,0.275865723133441,0.201632991973429,0.111636298033556,0.152455502749045
TTTCCTCTCGGTTCAA-1,0.468924446855154,0.461104707663796,0.446103958725107,0.533622906285864,0.187026810630056,0.132392287111357,0.127824884238379,0.126928657960249
TTTCGATAGCCGTAAG-1,0.434956042217551,0.491344045924017,0.44350619605574,0.508491073114749,0.176582792685655,0.119349109696466,0.125347284863792,0.120352250489237
TTTCGATCAATGAGCG-1,0.330508283047438,0.353086084932312,0.31929577125223,0.693275418742827,0.297825242261183,0.246448011809208,0.187696193397077,0.210831103478573
TTTCGATTCCTCTAAT-1,0.179740999389789,0.282550229394083,0.213480640339457,0.528523904295655,0.27776142424849,0.21519512870191,0.122460761320585,0.162393333067082
TTTCGATTCGTCCTCA-1,0.448651886003571,0.450403417180826,0.432307488307054,0.516219474991647,0.183188310235609,0.134987083679306,0.120536412291779,0.12099790992718
TTTGACTAGTTGTCGT-1,0.224693199538952,0.406536036341447,0.293993201215102,0.660168223484463,0.320844470086778,0.303637328166805,0.171615851825125,0.236178228630004
TTTGACTGTCGTGGTC-1,0.204691843514815,0.337028499107284,0.24499132070013,0.701076455975711,0.323858752605117,0.253136820739921,0.171700042095135,0.207516274611606
TTTGATCAGGTATCTC-1,0.184837390105544,0.347153479331932,0.243852162592218,0.625027238258495,0.287557842433091,0.209947873420057,0.136712971315172,0.168290799685823
TTTGATCGTGATAGTA-1,0.242185910909214,0.366171717856578,0.286049230917595,0.536528320525299,0.221608637803342,0.163230002767783,0.179277166396055,0.170993250529174
TTTGATCTCGAAACAA-1,0.176859448098176,0.311444843718218,0.225782342446598,0.521710707904179,0.232547186473407,0.198104068641019,0.098887485717722,0.143156675586086
TTTGGAGAGCCTCTTC-1,0.219924514656361,0.323197052907542,0.249240561261392,0.546464837224167,0.240965983350799,0.194782729034044,0.12464970834085,0.153613695967624
TTTGGAGAGGAGTCTG-1,0.198013424638959,0.381212285578683,0.265405757268914,0.659819573775731,0.291643608190371,0.209648030261094,0.14352035600457,0.171958411544657
TTTGGAGCAACTAGAA-1,0.361900241824304,0.42453725676317,0.370015429866435,0.682496331914523,0.25802729338624,0.177991512132116,0.152179926634193,0.164057403783431
TTTGGAGCACTCCCTA-1,0.353696295794065,0.462664135421611,0.385095713390231,0.677528073565089,0.268718576693473,0.180078881815666,0.150580311503999,0.164802907464356
TTTGGAGTCAAAGCCT-1,0.250401157140597,0.34676927249305,0.275851053570568,0.711448784810494,0.367436329169071,0.248662238213857,0.17366047266823,0.206817364910739
TTTGTTGAGAAGGCTC-1,0.204737044319389,0.334734558275137,0.243966681132166,0.723390037334573,0.34774929647117,0.253621182765938,0.168560947741897,0.20657108244472
TTTGTTGAGCTGCGAA-1,0.314122991389247,0.481365968314236,0.374584116881238,0.684907825733254,0.293468662058896,0.220004151674509,0.157928919357748,0.184718505797622
TTTGTTGCAAGATGTA-1,0.205143851560558,0.353436391167763,0.253393365157433,0.677528073565089,0.308528300109503,0.223394685856629,0.154152384388719,0.184918194283584
TTTGTTGCAGGAGGAG-1,0.204737044319389,0.32511808710195,0.241194127007088,0.616659645248921,0.307527464117086,0.228445889842236,0.145601058391966,0.182255681137426
TTTGTTGCAGGCCCTA-1,0.24826541912446,0.499796596379416,0.348419644148705,0.744250911573718,0.312072436976769,0.206372820370883,0.167213903421733,0.186169575462279
TTTGTTGCATGAGTAA-1,0.214443917101724,0.384545844916039,0.273283427359082,0.695715966703953,0.308504751027329,0.222991050834948,0.156990799206206,0.185510603458605
TTTGTTGGTTCTCACC-1,0.222613962528533,0.317592153140326,0.247516755870582,0.574661882417886,0.262277902718742,0.198888273825999,0.135618497805039,0.161827549023523
TTTGTTGGTTGGGTTT-1,0.314089090785816,0.48245078762402,0.374336997926612,0.665528712756221,0.279362761836357,0.200399022050005,0.149052859462385,0.171985036676119
TTTGTTGTCTGACCCT-1,0.472755215042828,0.480077745383868,0.457332802931675,0.609483272077516,0.213613724405091,0.140949349570994,0.135077274640688,0.138650372086212
